2197	3254	0.0969114
833	3254	0.0969114
1055	3255	0.0124559
2382	3255	0.0124559
2643	3256	0.126005
163	3256	0.126005
3256	3257	0.0860699
165	3257	0.0860699
2657	3258	0.473822
2719	3258	0.473822
760	3259	0.110891
761	3259	0.110891
1086	3260	0.0410892
169	3260	0.0410892
475	3261	0.0128108
1295	3261	0.0128108
2996	3262	0.0703658
1803	3262	0.0703658
1220	3263	0.0700651
3262	3263	0.0700651
295	3264	0.131884
296	3264	0.131884
3264	3265	0.0396713
300	3265	0.0396713
298	3266	0.0567282
297	3266	0.0567282
2595	3267	0.0432627
883	3267	0.0432627
3267	3268	0.0349818
3266	3268	0.0349818
2627	3269	0.0339927
3268	3269	0.0339927
3161	3270	0.0600332
3159	3270	0.0600332
3163	3271	0.0554992
3270	3271	0.0554992
2465	3272	0.103938
2466	3272	0.103938
3165	3273	0.126088
1053	3273	0.126088
2083	3274	0.0563339
1052	3274	0.0563339
3273	3275	0.0476583
3274	3275	0.0476583
3069	3276	0.0286738
757	3276	0.0286738
2483	3277	0.0383157
2128	3277	0.0383157
3277	3278	0.0273608
1140	3278	0.0273608
1185	3279	0.0233777
1207	3279	0.0233777
1984	3280	0.0187472
3279	3280	0.0187472
3278	3281	0.0184376
3280	3281	0.0184376
3276	3282	0.0167542
3281	3282	0.0167542
3282	3283	0.0116388
3184	3283	0.0116388
1387	3284	0.153566
1392	3284	0.153566
1834	3285	0.0313
122	3285	0.0313
1305	3286	0.013402
773	3286	0.013402
2919	3287	0.0284733
283	3287	0.0284733
811	3288	0.0342607
1457	3288	0.0342607
1455	3289	0.0392814
1454	3289	0.0392814
1679	3290	0.0210187
1875	3290	0.0210187
1680	3291	0.0207054
3290	3291	0.0207054
3288	3292	0.0193544
1456	3292	0.0193544
3291	3293	0.0123783
3292	3293	0.0123783
3289	3294	0.0114392
3293	3294	0.0114392
2817	3295	0.0929711
2818	3295	0.0929711
1663	3296	0.0802332
2820	3296	0.0802332
3296	3297	0.0239068
3295	3297	0.0239068
3297	3298	0.0140295
1216	3298	0.0140295
1654	3299	0.123257
1620	3299	0.123257
51	3300	0.164311
1701	3300	0.164311
3300	3301	0.0862325
1577	3301	0.0862325
3301	3302	0.0798571
1702	3302	0.0798571
3302	3303	0.0718472
52	3303	0.0718472
2547	3304	0.058846
1636	3304	0.058846
3303	3305	0.0654917
1700	3305	0.0654917
3304	3306	0.0578444
3305	3306	0.0578444
3299	3307	0.0524662
3306	3307	0.0524662
3307	3308	0.0436056
1619	3308	0.0436056
3308	3309	0.043446
1813	3309	0.043446
2025	3310	0.041727
3309	3310	0.041727
2026	3311	0.040855
3310	3311	0.040855
3311	3312	0.0348083
1811	3312	0.0348083
2605	3313	0.0288007
3312	3313	0.0288007
2738	3314	0.0284113
3313	3314	0.0284113
332	3315	0.021298
1085	3315	0.021298
3314	3316	0.0209836
3315	3316	0.0209836
969	3317	0.0203646
3316	3317	0.0203646
280	3318	0.035387
863	3318	0.035387
3318	3319	0.0200942
862	3319	0.0200942
1693	3320	0.0359688
912	3320	0.0359688
3320	3321	0.0243668
846	3321	0.0243668
3321	3322	0.0232039
2044	3322	0.0232039
3322	3323	0.0223039
1339	3323	0.0223039
1862	3324	0.27451
1864	3324	0.27451
3324	3325	0.168797
2739	3325	0.168797
2138	3326	0.118562
2136	3326	0.118562
3326	3327	0.0844066
2139	3327	0.0844066
2137	3328	0.0130371
3327	3328	0.0130371
1170	3329	0.015789
2389	3329	0.015789
755	3330	0.0632358
3034	3330	0.0632358
3330	3331	0.0450125
2562	3331	0.0450125
788	3332	0.0550667
787	3332	0.0550667
3332	3333	0.0499934
789	3333	0.0499934
3333	3334	0.0371
1923	3334	0.0371
3334	3335	0.0351075
790	3335	0.0351075
785	3336	0.035092
3335	3336	0.035092
786	3337	0.0197676
3336	3337	0.0197676
2278	3338	0.0600788
2277	3338	0.0600788
3014	3339	0.0433619
935	3339	0.0433619
3339	3340	0.0312911
2283	3340	0.0312911
666	3341	0.029074
2909	3341	0.029074
1073	3342	0.0220811
3341	3342	0.0220811
1279	3343	0.0129773
3039	3343	0.0129773
220	3344	0.0471801
2940	3344	0.0471801
3344	3345	0.04278
920	3345	0.04278
2173	3346	0.021187
631	3346	0.021187
768	3347	0.0221935
2555	3347	0.0221935
3347	3348	0.0203791
2554	3348	0.0203791
1625	3349	0.0181351
1624	3349	0.0181351
3348	3350	0.01681
3349	3350	0.01681
26	3351	0.108315
2168	3351	0.108315
1530	3352	0.0280861
1532	3352	0.0280861
1634	3353	0.0233284
2205	3353	0.0233284
3353	3354	0.0199587
2204	3354	0.0199587
2243	3355	0.0235725
2406	3355	0.0235725
1363	3356	0.279765
1362	3356	0.279765
3356	3357	0.0938367
1361	3357	0.0938367
3056	3358	0.0684122
1123	3358	0.0684122
3032	3359	0.0681482
3358	3359	0.0681482
3359	3360	0.0345008
1062	3360	0.0345008
1650	3361	0.0701904
2566	3361	0.0701904
3361	3362	0.060806
2242	3362	0.060806
3362	3363	0.0237463
2109	3363	0.0237463
713	3364	0.10866
1596	3364	0.10866
290	3365	0.0504255
2886	3365	0.0504255
2071	3366	0.0971851
1171	3366	0.0971851
18	3367	0.174434
1107	3367	0.174434
3367	3368	0.0156125
1106	3368	0.0156125
1047	3369	0.0996522
2708	3369	0.0996522
1097	3370	0.0127735
3060	3370	0.0127735
2527	3371	0.15073
744	3371	0.15073
1360	3372	0.0146073
2592	3372	0.0146073
203	3373	0.0158025
202	3373	0.0158025
1458	3374	0.0164152
1463	3374	0.0164152
254	3375	0.177084
2675	3375	0.177084
3375	3376	0.119706
3	3376	0.119706
1172	3377	0.0244397
70	3377	0.0244397
2894	3378	0.0806966
2893	3378	0.0806966
3006	3379	0.0382295
725	3379	0.0382295
208	3380	0.0874839
2577	3380	0.0874839
2884	3381	0.0538233
2048	3381	0.0538233
3380	3382	0.0335176
2576	3382	0.0335176
953	3382	0.0335176
3381	3383	0.0326857
3382	3383	0.0326857
1383	3384	0.0339003
1382	3384	0.0339003
204	3385	0.0297136
2166	3385	0.0297136
3385	3386	0.0283098
227	3386	0.0283098
3379	3387	0.0303916
2087	3387	0.0303916
3387	3388	0.0280098
197	3388	0.0280098
3383	3389	0.0281235
2050	3389	0.0281235
772	3390	0.0278795
3389	3390	0.0278795
887	3391	0.0275104
3390	3391	0.0275104
3384	3392	0.028226
1395	3392	0.028226
3392	3393	0.0271086
1836	3393	0.0271086
3391	3394	0.0262141
3393	3394	0.0262141
3378	3395	0.0264385
3388	3395	0.0264385
1413	3396	0.025405
3394	3396	0.025405
3396	3397	0.0252688
1384	3397	0.0252688
3386	3398	0.023296
3395	3398	0.023296
3397	3399	0.0228293
3398	3399	0.0228293
1938	3400	0.0735546
1937	3400	0.0735546
2543	3401	0.0608245
2542	3401	0.0608245
3400	3402	0.0335353
2363	3402	0.0335353
3401	3403	0.0321151
3402	3403	0.0321151
3403	3404	0.0237639
154	3404	0.0237639
3404	3405	0.0232629
3122	3405	0.0232629
1094	3406	0.140117
1653	3406	0.140117
1824	3407	0.105528
1826	3407	0.105528
2540	3408	0.0738082
777	3408	0.0738082
3407	3409	0.0797137
1825	3409	0.0797137
2021	3410	0.0650987
3408	3410	0.0650987
3410	3411	0.0635507
3409	3411	0.0635507
1859	3412	0.119198
2073	3412	0.119198
2905	3413	0.106291
3412	3413	0.106291
340	3414	0.0997747
3413	3414	0.0997747
1258	3415	0.137341
1257	3415	0.137341
3415	3416	0.0898056
881	3416	0.0898056
3416	3417	0.0617101
880	3417	0.0617101
663	3418	0.0621483
664	3418	0.0621483
923	3419	0.170984
925	3419	0.170984
3419	3420	0.129123
924	3420	0.129123
3099	3421	0.0658402
3049	3421	0.0658402
1962	3422	0.0432257
317	3422	0.0432257
796	3423	0.0424788
3422	3423	0.0424788
3414	3424	0.0606388
2869	3424	0.0606388
4	3425	0.0584424
3424	3425	0.0584424
3057	3426	0.0376678
2080	3426	0.0376678
3425	3427	0.0371069
3426	3427	0.0371069
3411	3428	0.0579357
3418	3428	0.0579357
3428	3429	0.0563283
1823	3429	0.0563283
2628	3430	0.0599237
2089	3430	0.0599237
3429	3431	0.0551405
2842	3431	0.0551405
677	3432	0.0540546
3431	3432	0.0540546
3432	3433	0.0492815
1802	3433	0.0492815
3433	3434	0.0491274
3430	3434	0.0491274
3417	3435	0.0464812
1256	3435	0.0464812
1851	3436	0.0580122
974	3436	0.0580122
2016	3437	0.0549621
2017	3437	0.0549621
3423	3438	0.0368431
3427	3438	0.0368431
3438	3439	0.0334225
852	3439	0.0334225
1698	3440	0.0331438
3439	3440	0.0331438
3436	3441	0.0338773
2081	3441	0.0338773
3440	3442	0.0307345
3441	3442	0.0307345
3437	3443	0.0293552
3442	3443	0.0293552
3443	3444	0.0283774
1099	3444	0.0283774
3434	3445	0.0301251
2841	3445	0.0301251
1189	3446	0.0287563
3445	3446	0.0287563
2572	3447	0.0286794
3446	3447	0.0286794
3420	3448	0.0282879
3444	3448	0.0282879
932	3449	0.0280171
3448	3449	0.0280171
3421	3450	0.0278864
3449	3450	0.0278864
3447	3451	0.0269867
2088	3451	0.0269867
3451	3452	0.0263418
551	3452	0.0263418
68	3453	0.0256362
3450	3453	0.0256362
3435	3454	0.0243882
3452	3454	0.0243882
3406	3455	0.025575
53	3455	0.025575
3453	3456	0.0239171
3455	3456	0.0239171
3454	3457	0.0239039
3456	3457	0.0239039
2637	3458	0.0692117
29	3458	0.0692117
1736	3459	0.176651
1735	3459	0.176651
2946	3460	0.0977602
205	3460	0.0977602
3460	3461	0.0511289
2923	3461	0.0511289
10	3461	0.0511289
616	3462	0.0617333
602	3462	0.0617333
609	3463	0.0576312
3462	3463	0.0576312
3463	3464	0.0565721
606	3464	0.0565721
2468	3465	0.0930648
1602	3465	0.0930648
1831	3466	0.0928113
3465	3466	0.0928113
2827	3467	0.0837671
3466	3467	0.0837671
1158	3468	0.058629
1159	3468	0.058629
1400	3469	0.0539306
3468	3469	0.0539306
2190	3470	0.0319213
2270	3470	0.0319213
615	3471	0.0351281
608	3471	0.0351281
3464	3472	0.0332208
619	3472	0.0332208
6	3473	0.03021
3472	3473	0.03021
3473	3474	0.0301122
618	3474	0.0301122
1261	3475	0.0323555
3461	3475	0.0323555
3467	3476	0.0385535
3469	3476	0.0385535
3471	3477	0.0288064
1649	3477	0.0288064
3470	3478	0.0268812
3477	3478	0.0268812
3474	3479	0.026653
611	3479	0.026653
3479	3480	0.0263094
617	3480	0.0263094
3478	3481	0.026307
3480	3481	0.026307
3476	3482	0.0292493
2354	3482	0.0292493
840	3483	0.0278783
3482	3483	0.0278783
1431	3484	0.0262112
1427	3484	0.0262112
3475	3485	0.0253136
3484	3485	0.0253136
3485	3486	0.0237269
3481	3486	0.0237269
3483	3487	0.0228618
3486	3487	0.0228618
1022	3488	0.0227131
3487	3488	0.0227131
1732	3489	0.0341954
201	3489	0.0341954
601	3490	0.0266445
2022	3490	0.0266445
1838	3491	0.0356081
1841	3491	0.0356081
3491	3492	0.0348103
1839	3492	0.0348103
3492	3493	0.0270638
1837	3493	0.0270638
3493	3494	0.0229332
1842	3494	0.0229332
3126	3495	0.0256733
25	3495	0.0256733
2942	3496	0.0341846
2944	3496	0.0341846
3496	3497	0.0339355
2943	3497	0.0339355
3497	3498	0.0314244
2945	3498	0.0314244
3080	3499	0.0594685
35	3499	0.0594685
1061	3500	0.0602277
1941	3500	0.0602277
37	3501	0.0510421
3500	3501	0.0510421
2586	3502	0.0273711
2673	3502	0.0273711
2877	3503	0.122913
1918	3503	0.122913
3503	3504	0.031054
1917	3504	0.031054
3504	3505	0.0270252
59	3505	0.0270252
3505	3506	0.0269186
1919	3506	0.0269186
3506	3507	0.0263315
2290	3507	0.0263315
67	3508	0.0553372
1600	3508	0.0553372
1574	3509	0.0263871
432	3509	0.0263871
2539	3510	0.0330189
1126	3510	0.0330189
1412	3511	0.0284896
3510	3511	0.0284896
3508	3512	0.025288
3509	3512	0.025288
1854	3513	0.0256271
3511	3513	0.0256271
456	3514	0.0250847
3512	3514	0.0250847
3514	3515	0.0250274
3513	3515	0.0250274
2963	3516	0.0446409
2447	3516	0.0446409
3516	3517	0.043035
2448	3517	0.043035
801	3518	0.0517368
800	3518	0.0517368
2833	3519	0.0813958
1928	3519	0.0813958
3517	3520	0.0352336
783	3520	0.0352336
3520	3521	0.034533
1746	3521	0.034533
2581	3522	0.0418165
484	3522	0.0418165
3521	3523	0.0315569
3522	3523	0.0315569
3523	3524	0.0286123
2582	3524	0.0286123
3524	3525	0.0270144
2446	3525	0.0270144
3519	3526	0.0257198
3525	3526	0.0257198
3526	3527	0.0246513
2580	3527	0.0246513
984	3528	0.0242532
1298	3528	0.0242532
3518	3529	0.0241826
3527	3529	0.0241826
3529	3530	0.0238778
3528	3530	0.0238778
71	3531	0.0235239
3530	3531	0.0235239
1476	3532	0.0604056
1453	3532	0.0604056
3532	3533	0.0487111
1459	3533	0.0487111
74	3534	0.0248757
2525	3534	0.0248757
3533	3535	0.0247782
3534	3535	0.0247782
75	3536	0.21891
76	3536	0.21891
105	3537	0.0498844
1876	3537	0.0498844
102	3538	0.0385452
3537	3538	0.0385452
2393	3539	0.0379155
3538	3539	0.0379155
2035	3540	0.0328931
2034	3540	0.0328931
2118	3541	0.0404616
2856	3541	0.0404616
3541	3542	0.0263807
341	3542	0.0263807
3542	3543	0.0257188
2117	3543	0.0257188
3543	3544	0.0252202
342	3544	0.0252202
2421	3545	0.0416754
1292	3545	0.0416754
875	3546	0.0325332
988	3546	0.0325332
3546	3547	0.0306928
874	3547	0.0306928
3547	3548	0.0301215
989	3548	0.0301215
109	3549	0.0282961
3548	3549	0.0282961
108	3550	0.0253812
3549	3550	0.0253812
256	3551	0.0353512
1598	3551	0.0353512
235	3552	0.0342545
2890	3552	0.0342545
3552	3553	0.0303572
1484	3553	0.0303572
626	3554	0.0298762
627	3554	0.0298762
3553	3555	0.0284761
3554	3555	0.0284761
3555	3556	0.0230352
1483	3556	0.0230352
1572	3557	0.0389632
2989	3557	0.0389632
1662	3558	0.0380628
3557	3558	0.0380628
132	3559	0.0366277
3558	3559	0.0366277
1164	3560	0.0319737
134	3560	0.0319737
3560	3561	0.0234028
1267	3561	0.0234028
1932	3562	0.0311482
137	3562	0.0311482
2573	3563	0.0304098
3562	3563	0.0304098
503	3564	0.103652
502	3564	0.103652
2615	3565	0.0786218
2188	3565	0.0786218
3565	3566	0.0633068
3564	3566	0.0633068
3566	3567	0.0629487
504	3567	0.0629487
3567	3568	0.056004
145	3568	0.056004
3568	3569	0.0534644
2373	3569	0.0534644
3569	3570	0.049913
980	3570	0.049913
712	3571	0.0293442
3570	3571	0.0293442
143	3572	0.0392837
2340	3572	0.0392837
3572	3573	0.0337709
1118	3573	0.0337709
3573	3574	0.0332076
2372	3574	0.0332076
2333	3575	0.033658
2332	3575	0.033658
508	3576	0.0453161
507	3576	0.0453161
3576	3577	0.0340568
2404	3577	0.0340568
3577	3578	0.031005
511	3578	0.031005
3578	3579	0.025955
509	3579	0.025955
1921	3580	0.0423978
834	3580	0.0423978
153	3581	0.107569
976	3581	0.107569
162	3582	0.0332165
161	3582	0.0332165
175	3583	0.0297068
171	3583	0.0297068
3583	3584	0.0267151
177	3584	0.0267151
3584	3585	0.0243477
172	3585	0.0243477
1818	3586	0.0234967
3585	3586	0.0234967
2428	3587	0.0517576
2865	3587	0.0517576
3587	3588	0.0387986
2866	3588	0.0387986
3588	3589	0.0324282
628	3589	0.0324282
2867	3590	0.0245285
3589	3590	0.0245285
1466	3591	0.0328256
1467	3591	0.0328256
3591	3592	0.0233277
1468	3592	0.0233277
753	3593	0.0452022
752	3593	0.0452022
3593	3594	0.0249045
552	3594	0.0249045
2700	3595	0.0359921
1951	3595	0.0359921
2699	3595	0.0359921
1750	3596	0.0283106
3595	3596	0.0283106
2545	3597	0.0275074
3596	3597	0.0275074
3597	3598	0.0226128
1968	3598	0.0226128
325	3599	0.218156
897	3599	0.218156
209	3600	0.149741
3599	3600	0.149741
2821	3601	0.0295052
1033	3601	0.0295052
1856	3602	0.0355558
1855	3602	0.0355558
3601	3603	0.0267878
3602	3603	0.0267878
1863	3604	0.0254651
3603	3604	0.0254651
1562	3605	0.0243758
1945	3605	0.0243758
2152	3606	0.0238493
2341	3606	0.0238493
763	3607	0.0237345
3606	3607	0.0237345
3605	3608	0.0236345
1024	3608	0.0236345
3607	3609	0.0230263
3608	3609	0.0230263
1978	3610	0.0916097
2226	3610	0.0916097
3610	3611	0.0717656
1979	3611	0.0717656
3029	3612	0.063386
549	3612	0.063386
3611	3613	0.0606656
3612	3613	0.0606656
2899	3614	0.0589326
3613	3614	0.0589326
2879	3615	0.0752277
2881	3615	0.0752277
3614	3616	0.0497476
1926	3616	0.0497476
3616	3617	0.0463997
1980	3617	0.0463997
3615	3618	0.0411818
2880	3618	0.0411818
3617	3619	0.039609
3618	3619	0.039609
225	3620	0.0359195
3619	3620	0.0359195
2417	3620	0.0359195
571	3621	0.0353193
3620	3621	0.0353193
328	3622	0.0496254
2999	3622	0.0496254
3621	3623	0.0337371
2883	3623	0.0337371
3623	3624	0.0306384
2966	3624	0.0306384
2854	3625	0.0299778
909	3625	0.0299778
3624	3626	0.0276784
3625	3626	0.0276784
3622	3627	0.0272646
1817	3627	0.0272646
3626	3628	0.0255318
3627	3628	0.0255318
1772	3629	0.0253158
3628	3629	0.0253158
1368	3630	0.0336671
1364	3630	0.0336671
1365	3631	0.0334972
3630	3631	0.0334972
3631	3632	0.0316794
1371	3632	0.0316794
232	3633	0.0254202
3632	3633	0.0254202
238	3634	0.0525321
239	3634	0.0525321
3634	3635	0.041907
237	3635	0.041907
1190	3636	0.0369236
3635	3636	0.0369236
1208	3637	0.0338512
3636	3637	0.0338512
3637	3638	0.0256399
1001	3638	0.0256399
2920	3639	0.0298846
2843	3639	0.0298846
271	3640	0.324074
2141	3640	0.324074
2560	3641	0.0352857
1193	3641	0.0352857
310	3642	0.0270109
346	3642	0.0270109
3642	3643	0.0265657
309	3643	0.0265657
3641	3644	0.0234825
3643	3644	0.0234825
1169	3645	0.0295854
314	3645	0.0295854
1845	3646	0.0340426
936	3646	0.0340426
3646	3647	0.0323509
336	3647	0.0323509
3647	3648	0.0301038
3145	3648	0.0301038
1726	3649	0.0662541
2484	3649	0.0662541
500	3650	0.0529283
358	3650	0.0529283
3649	3651	0.0423869
2744	3651	0.0423869
3650	3652	0.0421612
3651	3652	0.0421612
818	3653	0.0598124
367	3653	0.0598124
3653	3654	0.0419
2533	3654	0.0419
1531	3655	0.0346713
3654	3655	0.0346713
369	3656	0.0467978
368	3656	0.0467978
957	3657	0.02791
1617	3657	0.02791
1754	3657	0.02791
3142	3658	0.0387743
381	3658	0.0387743
373	3659	0.038047
3658	3659	0.038047
3659	3660	0.0373663
376	3660	0.0373663
374	3661	0.0317535
3660	3661	0.0317535
3661	3662	0.0306841
684	3662	0.0306841
3662	3663	0.0301566
3140	3663	0.0301566
1391	3664	0.0230746
1380	3664	0.0230746
2395	3665	0.0431372
3066	3665	0.0431372
3665	3666	0.0278479
2998	3666	0.0278479
691	3667	0.0230946
379	3667	0.0230946
2762	3668	0.0422131
2583	3668	0.0422131
1119	3669	0.0545272
1999	3669	0.0545272
2717	3670	0.0474054
2716	3670	0.0474054
1759	3671	0.0462882
3669	3671	0.0462882
3671	3672	0.028444
1998	3672	0.028444
3672	3673	0.0230666
3670	3673	0.0230666
2623	3674	0.0530423
1259	3674	0.0530423
1046	3675	0.0524981
1315	3675	0.0524981
3674	3676	0.0480983
635	3676	0.0480983
3675	3677	0.0405724
3676	3677	0.0405724
3677	3678	0.0275182
2068	3678	0.0275182
545	3679	0.0521628
1595	3679	0.0521628
3679	3680	0.0312154
1124	3680	0.0312154
2975	3681	0.0440264
418	3681	0.0440264
734	3682	0.092851
585	3682	0.092851
3682	3683	0.0763017
898	3683	0.0763017
830	3684	0.0712201
3683	3684	0.0712201
2072	3685	0.474347
2492	3685	0.474347
3685	3686	0.0763817
415	3686	0.0763817
2589	3687	0.122732
2587	3687	0.122732
3686	3688	0.0673729
428	3688	0.0673729
3687	3689	0.068115
2588	3689	0.068115
3688	3690	0.0658621
3689	3690	0.0658621
3690	3691	0.0537259
2549	3691	0.0537259
3064	3692	0.0536901
3063	3692	0.0536901
3065	3693	0.0529582
3692	3693	0.0529582
3691	3694	0.0470158
3693	3694	0.0470158
437	3695	0.0420864
3694	3695	0.0420864
3695	3696	0.0415517
442	3696	0.0415517
2938	3697	0.0490174
2939	3697	0.0490174
3697	3698	0.0476185
433	3698	0.0476185
3698	3699	0.0363212
2929	3699	0.0363212
3699	3700	0.0350269
2930	3700	0.0350269
2007	3701	0.0347579
3700	3701	0.0347579
2937	3702	0.0338753
3701	3702	0.0338753
408	3703	0.0338465
409	3703	0.0338465
3703	3704	0.0325953
410	3704	0.0325953
430	3705	0.0296547
3704	3705	0.0296547
3702	3706	0.0293787
417	3706	0.0293787
3706	3707	0.0236575
1342	3707	0.0236575
2932	3707	0.0236575
3696	3708	0.0267571
1889	3708	0.0267571
3708	3709	0.0260124
1266	3709	0.0260124
3709	3710	0.0240566
2862	3710	0.0240566
3705	3711	0.0236005
3710	3711	0.0236005
3707	3712	0.0234361
3711	3712	0.0234361
1639	3713	0.16017
1638	3713	0.16017
3713	3714	0.105858
1614	3714	0.105858
2624	3715	0.0475748
3714	3715	0.0475748
446	3716	0.0457713
2849	3716	0.0457713
1737	3717	0.0426049
2529	3717	0.0426049
2831	3718	0.0352327
497	3718	0.0352327
3717	3719	0.0294108
3718	3719	0.0294108
1810	3720	0.0362146
2857	3720	0.0362146
447	3721	0.023575
718	3721	0.023575
3721	3722	0.0228012
1997	3722	0.0228012
672	3723	0.0248155
3162	3723	0.0248155
2405	3724	0.0357159
2408	3724	0.0357159
3724	3725	0.0284115
1302	3725	0.0284115
3068	3726	0.0284113
3725	3726	0.0284113
3726	3727	0.0263796
1011	3727	0.0263796
2565	3728	0.0260999
3727	3728	0.0260999
3728	3729	0.0241799
2318	3729	0.0241799
2319	3730	0.0239366
3729	3730	0.0239366
2069	3731	0.0236973
3730	3731	0.0236973
2198	3732	0.0229912
3731	3732	0.0229912
2690	3733	0.0241164
2691	3733	0.0241164
1633	3734	0.0629602
495	3734	0.0629602
1074	3735	0.0873483
520	3735	0.0873483
3735	3736	0.0246083
2871	3736	0.0246083
2491	3737	0.0546178
523	3737	0.0546178
2303	3738	0.114562
977	3738	0.114562
3738	3739	0.0315563
2309	3739	0.0315563
1846	3740	0.0299504
3739	3740	0.0299504
2316	3741	0.0392954
2312	3741	0.0392954
3741	3742	0.0374863
2322	3742	0.0374863
3742	3743	0.0354314
2314	3743	0.0354314
529	3744	0.0230144
3116	3744	0.0230144
1347	3745	0.0904499
1348	3745	0.0904499
3745	3746	0.0674727
829	3746	0.0674727
3746	3747	0.0605526
2042	3747	0.0605526
3747	3748	0.03878
2450	3748	0.03878
3748	3749	0.0319259
1981	3749	0.0319259
543	3750	0.0323596
542	3750	0.0323596
1351	3751	0.0304055
1350	3751	0.0304055
3749	3752	0.0287143
1352	3752	0.0287143
3752	3753	0.0269186
3750	3753	0.0269186
3751	3754	0.0258042
3753	3754	0.0258042
3754	3755	0.0236873
1828	3755	0.0236873
568	3756	0.0635761
561	3756	0.0635761
566	3757	0.0578205
3756	3757	0.0578205
3757	3758	0.0377791
563	3758	0.0377791
3758	3759	0.0327406
2872	3759	0.0327406
3759	3760	0.0318953
564	3760	0.0318953
1695	3761	0.0296837
3760	3761	0.0296837
2743	3762	0.0278918
3761	3762	0.0278918
2793	3763	0.0274496
3762	3763	0.0274496
2507	3764	0.0236455
2526	3764	0.0236455
3764	3765	0.0228176
577	3765	0.0228176
3765	3766	0.0227143
1607	3766	0.0227143
1345	3767	0.0998504
2815	3767	0.0998504
3767	3768	0.0987843
1346	3768	0.0987843
2175	3769	0.0372349
960	3769	0.0372349
1960	3770	0.0237111
1959	3770	0.0237111
3002	3771	0.0379449
3001	3771	0.0379449
642	3772	0.0237573
668	3772	0.0237573
843	3773	0.0555821
842	3773	0.0555821
1989	3774	0.0555786
3773	3774	0.0555786
2695	3775	0.056905
2692	3775	0.056905
674	3776	0.0813915
2860	3776	0.0813915
3776	3777	0.056349
673	3777	0.056349
1146	3778	0.03743
3777	3778	0.03743
701	3779	0.207709
703	3779	0.207709
704	3780	0.0738613
702	3780	0.0738613
2683	3781	0.0295888
710	3781	0.0295888
727	3782	0.0890445
1303	3782	0.0890445
991	3783	0.0240972
729	3783	0.0240972
3783	3784	0.0234298
884	3784	0.0234298
3784	3785	0.0227025
962	3785	0.0227025
776	3786	0.0520589
775	3786	0.0520589
3786	3787	0.0238763
1807	3787	0.0238763
815	3788	0.0268434
798	3788	0.0268434
824	3789	0.0673492
819	3789	0.0673492
3789	3790	0.0438925
2091	3790	0.0438925
3790	3791	0.0320807
820	3791	0.0320807
3791	3792	0.0294561
826	3792	0.0294561
3015	3793	0.0304603
855	3793	0.0304603
2570	3794	0.0231619
3793	3794	0.0231619
859	3795	0.0474408
861	3795	0.0474408
3795	3796	0.0383497
903	3796	0.0383497
945	3797	0.0320514
2099	3797	0.0320514
2203	3798	0.0284081
3797	3798	0.0284081
895	3799	0.0567276
894	3799	0.0567276
1965	3800	0.0428797
3799	3800	0.0428797
1042	3801	0.0379295
3800	3801	0.0379295
1437	3802	0.0295686
946	3802	0.0295686
3802	3803	0.0241103
2111	3803	0.0241103
2801	3804	0.0255166
2800	3804	0.0255166
3804	3805	0.0251438
1041	3805	0.0251438
2950	3806	0.0240507
3805	3806	0.0240507
3806	3807	0.0226852
1215	3807	0.0226852
2427	3808	0.134955
1896	3808	0.134955
3808	3809	0.0397511
2641	3809	0.0397511
1935	3810	0.0903406
1065	3810	0.0903406
1072	3811	0.0270526
2990	3811	0.0270526
1105	3812	0.0269595
1912	3812	0.0269595
1136	3813	0.0674138
1131	3813	0.0674138
1134	3814	0.0646169
3813	3814	0.0646169
3814	3815	0.0563005
1133	3815	0.0563005
3815	3816	0.0411443
1135	3816	0.0411443
1132	3816	0.0411443
1517	3817	0.0783846
1202	3817	0.0783846
3817	3818	0.0453818
1518	3818	0.0453818
3818	3819	0.0427564
1154	3819	0.0427564
3819	3820	0.0270141
1201	3820	0.0270141
3113	3821	0.0386117
2011	3821	0.0386117
3821	3822	0.0247154
2012	3822	0.0247154
1209	3823	0.0835673
1210	3823	0.0835673
1868	3824	0.0369065
1872	3824	0.0369065
3824	3825	0.0297355
1870	3825	0.0297355
3825	3826	0.0265607
2651	3826	0.0265607
3826	3827	0.0231533
2546	3827	0.0231533
2240	3828	0.0436962
3125	3828	0.0436962
1411	3829	0.0232587
1857	3829	0.0232587
1415	3830	0.0255043
1414	3830	0.0255043
2836	3831	0.0323092
2835	3831	0.0323092
1478	3832	0.0304338
3831	3832	0.0304338
2248	3833	0.0340053
2245	3833	0.0340053
2256	3834	0.0277013
3833	3834	0.0277013
3834	3835	0.0257875
2254	3835	0.0257875
1504	3836	0.0306643
1499	3836	0.0306643
3836	3837	0.0278467
1514	3837	0.0278467
1703	3838	0.0356588
2055	3838	0.0356588
1853	3839	0.0287563
1852	3839	0.0287563
2816	3840	0.0269358
1597	3840	0.0269358
2931	3841	0.0470793
1603	3841	0.0470793
3841	3842	0.0408145
1664	3842	0.0408145
3842	3843	0.0247162
2456	3843	0.0247162
2634	3844	0.0888413
2636	3844	0.0888413
2392	3845	0.0238824
1669	3845	0.0238824
2928	3846	0.0227308
1667	3846	0.0227308
1668	3847	0.0314864
1952	3847	0.0314864
3847	3848	0.0312721
1953	3848	0.0312721
2730	3849	0.0372597
2968	3849	0.0372597
3849	3850	0.0300402
2729	3850	0.0300402
2969	3851	0.0292473
3850	3851	0.0292473
1749	3852	0.0236242
1672	3852	0.0236242
3851	3853	0.023447
3852	3853	0.023447
1756	3854	0.0356412
1755	3854	0.0356412
1819	3855	0.0237608
2948	3855	0.0237608
1869	3856	0.0231366
2653	3856	0.0231366
2097	3857	0.106756
2098	3857	0.106756
2165	3858	0.0228762
2519	3858	0.0228762
3077	3859	0.149688
3076	3859	0.149688
3859	3860	0.126572
3075	3860	0.126572
2970	3861	0.0274921
2971	3861	0.0274921
3598	3862	0.0178605
825	3862	0.0178605
3594	3863	0.0170548
3862	3863	0.0170548
489	3864	0.0200966
491	3864	0.0200966
1744	3865	0.0194415
3864	3865	0.0194415
1516	3866	0.0208957
1933	3866	0.0208957
24	3867	0.0201437
3866	3867	0.0201437
1515	3868	0.018655
3867	3868	0.018655
3498	3869	0.0161189
1885	3869	0.0161189
548	3870	0.0180046
926	3870	0.0180046
3550	3871	0.0169675
110	3871	0.0169675
3551	3872	0.0160293
3871	3872	0.0160293
93	3873	0.0196825
94	3873	0.0196825
3164	3874	0.0187751
3873	3874	0.0187751
3160	3875	0.0214922
465	3875	0.0214922
653	3876	0.0195912
1029	3876	0.0195912
1179	3877	0.0194177
3876	3877	0.0194177
2515	3878	0.0161046
2709	3878	0.0161046
3531	3879	0.0224638
2264	3879	0.0224638
3879	3880	0.022153
2703	3880	0.022153
3405	3881	0.0199
769	3881	0.0199
1727	3882	0.0196521
3881	3882	0.0196521
3880	3883	0.0195389
3882	3883	0.0195389
1420	3884	0.0195522
1421	3884	0.0195522
3883	3885	0.0193616
3884	3885	0.0193616
333	3886	0.0192565
3885	3886	0.0192565
3684	3887	0.0196366
2036	3887	0.0196366
3678	3888	0.0204394
1580	3888	0.0204394
572	3889	0.0211161
3035	3889	0.0211161
2575	3890	0.0201682
3889	3890	0.0201682
2973	3891	0.0201473
3890	3891	0.0201473
3794	3892	0.0200461
3891	3892	0.0200461
2569	3893	0.0196864
3892	3893	0.0196864
2002	3894	0.0195163
3893	3894	0.0195163
3399	3895	0.0218585
3787	3895	0.0218585
3457	3896	0.0223541
793	3896	0.0223541
57	3897	0.0216195
3896	3897	0.0216195
3838	3898	0.0213528
3897	3898	0.0213528
3898	3899	0.0213349
2104	3899	0.0213349
2796	3900	0.0211151
3899	3900	0.0211151
2471	3901	0.0210694
1381	3901	0.0210694
3901	3902	0.0209452
3900	3902	0.0209452
3770	3903	0.0219402
3820	3903	0.0219402
1916	3904	0.0210422
3903	3904	0.0210422
1410	3905	0.0208796
3902	3905	0.0208796
3895	3906	0.0208508
3905	3906	0.0208508
3906	3907	0.0207757
1674	3907	0.0207757
3907	3908	0.0207697
3839	3908	0.0207697
3908	3909	0.02038
2541	3909	0.02038
3377	3910	0.0203716
3909	3910	0.0203716
3904	3911	0.0204814
3574	3911	0.0204814
3910	3912	0.019853
1591	3912	0.019853
3912	3913	0.0196143
2364	3913	0.0196143
2487	3914	0.0188753
3911	3914	0.0188753
2768	3915	0.0193543
3913	3915	0.0193543
3914	3916	0.0186946
3915	3916	0.0186946
2151	3917	0.0191362
3515	3917	0.0191362
3917	3918	0.0191241
258	3918	0.0191241
3712	3919	0.0222705
440	3919	0.0222705
3919	3920	0.0213574
1888	3920	0.0213574
3920	3921	0.0194982
1887	3921	0.0194982
3921	3922	0.019278
2972	3922	0.019278
3681	3923	0.019144
3922	3923	0.019144
2799	3924	0.0212792
2798	3924	0.0212792
56	3925	0.0225716
3488	3925	0.0225716
3925	3926	0.0218812
841	3926	0.0218812
605	3927	0.0204331
3926	3927	0.0204331
3927	3928	0.0201893
1832	3928	0.0201893
1397	3929	0.0215695
3664	3929	0.0215695
3929	3930	0.0211576
1388	3930	0.0211576
3930	3931	0.0204205
1353	3931	0.0204205
3666	3932	0.0203525
3931	3932	0.0203525
1293	3933	0.0202329
3932	3933	0.0202329
1684	3934	0.0223524
1677	3934	0.0223524
3934	3935	0.022302
1687	3935	0.022302
3928	3936	0.0196521
3933	3936	0.0196521
3936	3937	0.0196091
604	3937	0.0196091
3561	3938	0.0194735
3937	3938	0.0194735
3938	3939	0.0191009
2019	3939	0.0191009
3458	3940	0.0189865
3939	3940	0.0189865
3940	3941	0.0189756
3935	3941	0.0189756
2079	3941	0.0189756
3941	3942	0.0188941
1398	3942	0.0188941
3942	3943	0.0188609
603	3943	0.0188609
3489	3944	0.0193168
1690	3944	0.0193168
1691	3945	0.019163
3944	3945	0.019163
3494	3946	0.0205954
3495	3946	0.0205954
3946	3947	0.0191918
91	3947	0.0191918
3540	3948	0.0197398
3822	3948	0.0197398
3581	3949	0.0196738
3948	3949	0.0196738
1219	3950	0.019663
3544	3950	0.019663
3949	3951	0.0192592
3950	3951	0.0192592
3792	3952	0.0223863
823	3952	0.0223863
3952	3953	0.0220247
2135	3953	0.0220247
2323	3954	0.0209443
2302	3954	0.0209443
3740	3955	0.0208072
3954	3955	0.0208072
3955	3956	0.0200404
458	3956	0.0200404
3956	3957	0.0186469
3071	3957	0.0186469
2737	3958	0.0225124
2269	3958	0.0225124
126	3959	0.0219821
3958	3959	0.0219821
3959	3960	0.0209334
3858	3960	0.0209334
2520	3961	0.0207054
3960	3961	0.0207054
3961	3962	0.0202218
2418	3962	0.0202218
3586	3963	0.0195716
173	3963	0.0195716
3604	3964	0.0214388
3609	3964	0.0214388
2469	3965	0.0201311
3964	3965	0.0201311
2790	3966	0.0202306
2311	3966	0.0202306
2789	3967	0.0202176
3966	3967	0.0202176
1751	3968	0.0197431
3967	3968	0.0197431
2320	3969	0.0222996
3732	3969	0.0222996
3969	3970	0.0220525
2321	3970	0.0220525
3970	3971	0.0218373
2782	3971	0.0218373
2458	3972	0.021161
215	3972	0.021161
3971	3972	0.021161
1447	3972	0.021161
3861	3972	0.021161
1091	3973	0.0211433
3972	3973	0.0211433
726	3974	0.0209692
3973	3974	0.0209692
3974	3975	0.0192333
797	3975	0.0192333
2494	3976	0.0214832
3633	3976	0.0214832
1796	3977	0.0207506
3976	3977	0.0207506
3977	3978	0.0188825
1367	3978	0.0188825
270	3979	0.0223198
3734	3979	0.0223198
3979	3980	0.0206139
2030	3980	0.0206139
3657	3981	0.0219239
1616	3981	0.0219239
3981	3982	0.0216228
1704	3982	0.0216228
3667	3983	0.0219521
689	3983	0.0219521
396	3984	0.0216446
3983	3984	0.0216446
3663	3985	0.0214225
685	3985	0.0214225
3984	3985	0.0214225
3985	3986	0.0208162
688	3986	0.0208162
3982	3987	0.0204368
3986	3987	0.0204368
2731	3988	0.0202758
3987	3988	0.0202758
3988	3989	0.0197518
686	3989	0.0197518
2174	3990	0.0192879
3989	3990	0.0192879
3990	3991	0.0186749
680	3991	0.0186749
398	3991	0.0186749
3991	3992	0.0186363
377	3992	0.0186363
1503	3993	0.0202816
501	3993	0.0202816
3719	3994	0.0214134
2532	3994	0.0214134
1538	3995	0.0216054
3733	3995	0.0216054
2112	3996	0.0194719
3007	3996	0.0194719
1712	3997	0.0206372
3722	3997	0.0206372
3997	3998	0.0188418
2870	3998	0.0188418
3763	3999	0.0195572
569	3999	0.0195572
3999	4000	0.0192458
900	4000	0.0192458
3766	4001	0.0209518
2508	4001	0.0209518
2509	4001	0.0209518
2236	4002	0.0191422
4001	4002	0.0191422
3798	4003	0.0187397
888	4003	0.0187397
3809	4004	0.0225497
3846	4004	0.0225497
1289	4005	0.021672
1286	4005	0.021672
4005	4006	0.0205983
1290	4006	0.0205983
3827	4007	0.0224991
3848	4007	0.0224991
4007	4008	0.0223092
3856	4008	0.0223092
4008	4009	0.0201467
2774	4009	0.0201467
3837	4010	0.0218466
1496	4010	0.0218466
4010	4011	0.0198325
1506	4011	0.0198325
1610	4012	0.0189953
1613	4012	0.0189953
2934	4013	0.0205394
2927	4013	0.0205394
1647	4014	0.0204737
4013	4014	0.0204737
4014	4015	0.018879
1646	4015	0.018879
3853	4016	0.0221273
2004	4016	0.0221273
4016	4017	0.0206089
2754	4017	0.0206089
3134	4018	0.0203995
3132	4018	0.0203995
3886	4019	0.0182202
3816	4019	0.0182202
3782	4020	0.0182952
2984	4020	0.0182952
4019	4021	0.0180433
4020	4021	0.0180433
3807	4022	0.0178162
4021	4022	0.0178162
1681	4023	0.0176574
4022	4023	0.0176574
2262	4024	0.0176401
4023	4024	0.0176401
1102	4025	0.0173814
4024	4025	0.0173814
2751	4026	0.0186221
2742	4026	0.0186221
3673	4027	0.018127
3965	4027	0.018127
4027	4028	0.0179945
2470	4028	0.0179945
4000	4029	0.0185376
562	4029	0.0185376
4029	4030	0.0182907
565	4030	0.0182907
3978	4031	0.0181982
4030	4031	0.0181982
1563	4032	0.0184124
2075	4032	0.0184124
4031	4033	0.0177509
567	4033	0.0177509
4033	4034	0.0173093
4032	4034	0.0173093
4028	4035	0.0172132
4034	4035	0.0172132
3190	4036	0.0182459
4004	4036	0.0182459
3957	4037	0.0185024
671	4037	0.0185024
3953	4038	0.0183477
3803	4038	0.0183477
4038	4039	0.0179074
3962	4039	0.0179074
3091	4040	0.017866
4039	4040	0.017866
4037	4041	0.0178156
4040	4041	0.0178156
461	4041	0.0178156
1488	4042	0.0185211
3887	4042	0.0185211
4042	4043	0.0181833
2982	4043	0.0181833
3894	4044	0.0186115
1874	4044	0.0186115
3916	4045	0.0185656
1821	4045	0.0185656
2840	4046	0.0183242
3943	4046	0.0183242
1565	4047	0.0183089
4045	4047	0.0183089
3923	4047	0.0183089
4046	4047	0.0183089
4047	4048	0.0183077
212	4048	0.0183077
1183	4049	0.0182168
4048	4049	0.0182168
4044	4050	0.0179264
4049	4050	0.0179264
4050	4051	0.0178947
213	4051	0.0178947
4051	4052	0.017795
2214	4052	0.017795
733	4053	0.018564
19	4053	0.018564
3947	4054	0.018018
4053	4054	0.018018
3994	4055	0.018466
676	4055	0.018466
3998	4056	0.0185172
1129	4056	0.0185172
3720	4057	0.0179374
4056	4057	0.0179374
3070	4058	0.0185191
1044	4058	0.0185191
4011	4059	0.0184601
1507	4059	0.0184601
3888	4060	0.0177905
1739	4060	0.0177905
4052	4060	0.0177905
4002	4060	0.0177905
4060	4061	0.0177782
929	4061	0.0177782
3924	4062	0.0177595
4061	4062	0.0177595
3571	4063	0.0177249
4062	4063	0.0177249
4063	4064	0.0176868
82	4064	0.0176868
4064	4065	0.0175831
2839	4065	0.0175831
3963	4066	0.0175638
170	4066	0.0175638
22	4067	0.0176551
4054	4067	0.0176551
4067	4068	0.0176244
4059	4068	0.0176244
2326	4068	0.0176244
4065	4069	0.0175458
612	4069	0.0175458
607	4069	0.0175458
366	4070	0.0175209
4069	4070	0.0175209
4070	4071	0.0174311
4055	4071	0.0174311
4071	4072	0.0173942
4057	4072	0.0173942
4068	4073	0.0174759
1494	4073	0.0174759
4072	4074	0.0172756
1425	4074	0.0172756
4074	4075	0.0172749
1666	4075	0.0172749
3945	4076	0.0172614
4073	4076	0.0172614
3490	4077	0.0172532
4076	4077	0.0172532
4041	4078	0.0172025
4043	4078	0.0172025
4058	4078	0.0172025
4075	4078	0.0172025
4066	4078	0.0172025
4077	4078	0.0172025
2913	4079	0.0177632
3592	4079	0.0177632
4079	4080	0.0177463
1408	4080	0.0177463
3975	4081	0.0183954
2275	4081	0.0183954
2781	4082	0.0178376
4081	4082	0.0178376
2610	4083	0.0174895
4015	4083	0.0174895
3992	4084	0.0180006
3141	4084	0.0180006
2222	4085	0.0182658
1605	4085	0.0182658
4085	4086	0.0174735
3137	4086	0.0174735
4017	4087	0.0182459
2440	4087	0.0182459
2775	4088	0.0178772
2776	4088	0.0178772
649	4089	0.0169557
4086	4089	0.0169557
4035	4090	0.016778
2045	4090	0.016778
4078	4091	0.0171985
4082	4091	0.0171985
4025	4092	0.0171134
4091	4092	0.0171134
914	4093	0.0170748
4092	4093	0.0170748
3918	4094	0.0170675
4093	4094	0.0170675
4094	4095	0.0170641
462	4095	0.0170641
4095	4096	0.0170615
4018	4096	0.0170615
1745	4097	0.0170372
4096	4097	0.0170372
4097	4098	0.0169527
4003	4098	0.0169527
4098	4099	0.0169477
1495	4099	0.0169477
4099	4100	0.0169432
822	4100	0.0169432
983	4101	0.016938
4100	4101	0.016938
4101	4102	0.0168714
390	4102	0.0168714
4084	4103	0.0170189
372	4103	0.0170189
393	4103	0.0170189
4102	4104	0.0168655
2974	4104	0.0168655
4026	4105	0.016853
4104	4105	0.016853
1294	4106	0.016843
4105	4106	0.016843
3117	4107	0.0168315
4106	4107	0.0168315
4107	4108	0.0168182
2407	4108	0.0168182
3376	4109	0.0167913
4108	4109	0.0167913
1180	4110	0.0167903
4109	4110	0.0167903
3860	4111	0.0167463
4110	4111	0.0167463
4111	4112	0.0167406
4087	4112	0.0167406
4112	4113	0.0167366
4103	4113	0.0167366
1426	4113	0.0167366
1592	4114	0.016735
4113	4114	0.016735
4080	4115	0.016703
4114	4115	0.016703
4115	4116	0.0166624
1485	4116	0.0166624
3980	4117	0.0168014
2401	4117	0.0168014
1218	4118	0.0169683
999	4118	0.0169683
4006	4119	0.0169537
1287	4119	0.0169537
3968	4120	0.0166309
4116	4120	0.0166309
4117	4120	0.0166309
4120	4121	0.0165983
3843	4121	0.0165983
4121	4122	0.0165967
1128	4122	0.0165967
4036	4123	0.0165919
4122	4123	0.0165919
3993	4124	0.0165532
4123	4124	0.0165532
3775	4125	0.0164229
4124	4125	0.0164229
4009	4126	0.0163701
4125	4126	0.0163701
4088	4126	0.0163701
4126	4127	0.0163651
749	4127	0.0163651
4089	4128	0.0163622
4090	4128	0.0163622
4128	4129	0.0163612
4127	4129	0.0163612
4118	4129	0.0163612
4129	4130	0.0163219
439	4130	0.0163219
4119	4130	0.0163219
3995	4131	0.0162554
4130	4131	0.0162554
4131	4132	0.0160787
378	4132	0.0160787
4132	4133	0.0160624
3092	4133	0.0160624
4133	4134	0.0160451
2039	4134	0.0160451
657	4135	0.0160017
4134	4135	0.0160017
4135	4136	0.015949
2221	4136	0.015949
248	4137	0.0159263
3801	4137	0.0159263
4136	4137	0.0159263
3996	4138	0.0158845
4137	4138	0.0158845
3640	4139	0.0158767
4138	4139	0.0158767
4139	4140	0.0158598
4012	4140	0.0158598
3539	4141	0.015849
4140	4141	0.015849
4141	4142	0.0157737
1946	4142	0.0157737
3844	4143	0.0157275
4142	4143	0.0157275
4143	4144	0.0157243
1618	4144	0.0157243
4144	4145	0.0157226
3098	4145	0.0157226
4145	4146	0.0157064
698	4146	0.0157064
4146	4147	0.0156641
1694	4147	0.0156641
4083	4148	0.0156622
4147	4148	0.0156622
3951	4149	0.0155778
4148	4149	0.0155778
4149	4150	0.015574
1593	4150	0.015574
3823	4151	0.0193119
3832	4151	0.0193119
3737	4152	0.0182891
2994	4152	0.0182891
2263	4153	0.017251
4152	4153	0.017251
3629	4154	0.021936
3755	4154	0.021936
4154	4155	0.0212377
2218	4155	0.0212377
2334	4156	0.0225497
1970	4156	0.0225497
4156	4157	0.0212453
1141	4157	0.0212453
4155	4158	0.0189438
2882	4158	0.0189438
4158	4159	0.0178732
4157	4159	0.0178732
4159	4160	0.0174766
2177	4160	0.0174766
4160	4161	0.0161286
2410	4161	0.0161286
3507	4162	0.0220767
2293	4162	0.0220767
3502	4163	0.0204787
4162	4163	0.0204787
2100	4164	0.0190578
4163	4164	0.0190578
4164	4165	0.0178921
2123	4165	0.0178921
4165	4166	0.016938
1045	4166	0.016938
1269	4167	0.0168047
4166	4167	0.0168047
4167	4168	0.0159399
1519	4168	0.0159399
3152	4169	0.0177285
3153	4169	0.0177285
3556	4170	0.021114
625	4170	0.021114
3536	4171	0.0210414
4170	4171	0.0210414
2235	4172	0.0171349
4171	4172	0.0171349
4172	4173	0.0168751
118	4173	0.0168751
113	4174	0.0222526
1644	4174	0.0222526
3563	4175	0.0157335
940	4175	0.0157335
3579	4176	0.0185731
857	4176	0.0185731
4176	4177	0.0185038
2822	4177	0.0185038
4177	4178	0.0162334
2823	4178	0.0162334
3575	4179	0.0161254
4178	4179	0.0161254
4179	4180	0.0157321
890	4180	0.0157321
2704	4181	0.0196935
1906	4181	0.0196935
391	4182	0.0179173
557	4182	0.0179173
2134	4183	0.017231
4182	4183	0.017231
4181	4184	0.0166235
4183	4184	0.0166235
4184	4185	0.0156346
385	4185	0.0156346
3582	4186	0.0205453
2638	4186	0.0205453
3186	4187	0.0198297
1609	4187	0.0198297
1002	4188	0.0222866
3638	4188	0.0222866
242	4189	0.0191183
2387	4189	0.0191183
2008	4190	0.0184146
4189	4190	0.0184146
285	4191	0.0166776
284	4191	0.0166776
3644	4192	0.0218598
1194	4192	0.0218598
4192	4193	0.0209639
308	4193	0.0209639
2778	4194	0.0203469
4193	4194	0.0203469
4194	4195	0.020138
1334	4195	0.020138
2496	4196	0.0181705
4195	4196	0.0181705
4196	4197	0.0167504
307	4197	0.0167504
3645	4198	0.0221199
2339	4198	0.0221199
913	4199	0.0204814
3648	4199	0.0204814
4199	4200	0.018256
2164	4200	0.018256
1886	4201	0.0174735
4200	4201	0.0174735
4201	4202	0.0168783
339	4202	0.0168783
3012	4203	0.0173207
3652	4203	0.0173207
3857	4204	0.0159292
3655	4204	0.0159292
2258	4205	0.0224035
3835	4205	0.0224035
4205	4206	0.0223129
2252	4206	0.0223129
2255	4206	0.0223129
4206	4207	0.0218962
2247	4207	0.0218962
3656	4208	0.0184904
4207	4208	0.0184904
4208	4209	0.0183808
1490	4209	0.0183808
397	4210	0.0157882
395	4210	0.0157882
2331	4211	0.0188371
3149	4211	0.0188371
2398	4212	0.018236
947	4212	0.018236
4211	4213	0.0181941
2330	4213	0.0181941
4212	4213	0.0181941
4213	4214	0.0160505
780	4214	0.0160505
3785	4215	0.0198805
3042	4215	0.0198805
919	4216	0.0192798
992	4216	0.0192798
4215	4217	0.0166824
995	4217	0.0166824
4217	4218	0.0165759
4216	4218	0.0165759
4218	4219	0.0162341
994	4219	0.0162341
2693	4220	0.0194676
3744	4220	0.0194676
2403	4221	0.0194177
594	4221	0.0194177
1761	4222	0.0173749
4221	4222	0.0173749
4222	4223	0.01671
595	4223	0.01671
3769	4224	0.0170817
620	4224	0.0170817
3772	4225	0.0156545
667	4225	0.0156545
3779	4226	0.0166765
3780	4226	0.0166765
3796	4227	0.0225371
904	4227	0.0225371
4227	4228	0.0188323
860	4228	0.0188323
949	4229	0.0158336
948	4229	0.0158336
1031	4230	0.0175906
1030	4230	0.0175906
4230	4231	0.0167865
1069	4231	0.0167865
3811	4232	0.0215678
2189	4232	0.0215678
4232	4233	0.0193223
3004	4233	0.0193223
4233	4234	0.0159433
1319	4234	0.0159433
1089	4235	0.0219697
1088	4235	0.0219697
4235	4236	0.0173316
1087	4236	0.0173316
4236	4237	0.0170727
1090	4237	0.0170727
3829	4238	0.0218914
3830	4238	0.0218914
2271	4239	0.0179663
2208	4239	0.0179663
2325	4240	0.0213687
2324	4240	0.0213687
3018	4241	0.0215229
3021	4241	0.0215229
2806	4242	0.0177805
4241	4242	0.0177805
420	4243	0.0144168
1075	4243	0.0144168
5	4244	0.0142176
3855	4244	0.0142176
4244	4245	0.0139275
2949	4245	0.0139275
705	4246	0.0128326
4226	4246	0.0128326
3025	4247	0.0152863
4242	4247	0.0152863
1665	4248	0.015405
1581	4248	0.015405
2125	4249	0.0150963
4248	4249	0.0150963
4150	4250	0.0155665
1493	4250	0.0155665
4250	4251	0.0155573
380	4251	0.0155573
2276	4252	0.0155479
4251	4252	0.0155479
4161	4252	0.0155479
4168	4252	0.0155479
4252	4253	0.0154715
1386	4253	0.0154715
4253	4254	0.0154334
392	4254	0.0154334
4254	4255	0.0154054
1775	4255	0.0154054
1510	4256	0.0153812
4255	4256	0.0153812
4256	4257	0.0153596
4231	4257	0.0153596
1773	4258	0.015324
4257	4258	0.015324
4258	4259	0.0152928
399	4259	0.0152928
4259	4260	0.0152475
2145	4260	0.0152475
2926	4261	0.0152055
4260	4261	0.0152055
226	4262	0.0151944
4261	4262	0.0151944
2961	4263	0.0151903
4262	4263	0.0151903
4263	4264	0.0151861
528	4264	0.0151861
3869	4265	0.0151797
4264	4265	0.0151797
867	4266	0.0151666
4265	4266	0.0151666
4266	4267	0.0151594
2834	4267	0.0151594
4267	4268	0.0151521
2933	4268	0.0151521
4268	4269	0.0151425
1594	4269	0.0151425
4269	4270	0.0151241
4185	4270	0.0151241
848	4271	0.0151105
4270	4271	0.0151105
4271	4272	0.0150732
1093	4272	0.0150732
45	4273	0.0150322
4272	4273	0.0150322
4273	4274	0.0149817
2864	4274	0.0149817
849	4275	0.0149656
4274	4275	0.0149656
3854	4276	0.0149669
4223	4276	0.0149669
4275	4277	0.0148198
4276	4277	0.0148198
4277	4278	0.0148097
81	4278	0.0148097
4278	4279	0.0147758
1840	4279	0.0147758
3870	4280	0.0147681
4279	4280	0.0147681
4280	4281	0.0147632
1446	4281	0.0147632
3545	4282	0.0147581
4281	4282	0.0147581
4209	4283	0.0155268
2246	4283	0.0155268
3045	4284	0.0151299
4283	4284	0.0151299
4214	4285	0.0153282
1866	4285	0.0153282
4219	4286	0.0149744
730	4286	0.0149744
4220	4287	0.0151433
3108	4287	0.0151433
4228	4288	0.0150051
902	4288	0.0150051
2684	4289	0.0147798
3136	4289	0.0147798
3863	4290	0.014468
3865	4290	0.014468
2838	4291	0.0147563
4282	4291	0.0147563
1434	4292	0.0147512
4291	4292	0.0147512
4292	4293	0.0147493
1697	4293	0.0147493
3743	4294	0.0146808
4293	4294	0.0146808
4197	4295	0.0146593
305	4295	0.0146593
2435	4296	0.0146239
4294	4296	0.0146239
4153	4297	0.0145864
4296	4297	0.0145864
1599	4298	0.0145759
4297	4298	0.0145759
4298	4299	0.0145731
4295	4299	0.0145731
1100	4299	0.0145731
4299	4300	0.0145675
438	4300	0.0145675
4300	4301	0.0144544
4225	4301	0.0144544
3840	4302	0.0144349
4301	4302	0.0144349
1122	4302	0.0144349
4302	4303	0.0143978
590	4303	0.0143978
4303	4304	0.0143726
1127	4304	0.0143726
573	4305	0.0143677
4304	4305	0.0143677
4305	4306	0.0143631
483	4306	0.0143631
4306	4307	0.0143527
1491	4307	0.0143527
4284	4308	0.0146731
2251	4308	0.0146731
3771	4309	0.0143482
4307	4309	0.0143482
4309	4310	0.0143374
1338	4310	0.0143374
4310	4311	0.014336
576	4311	0.014336
4311	4312	0.0143347
4289	4312	0.0143347
692	4313	0.0143316
4312	4313	0.0143316
2557	4314	0.0143282
4313	4314	0.0143282
4314	4315	0.014314
1196	4315	0.014314
4249	4316	0.0142968
4315	4316	0.0142968
4316	4317	0.014289
622	4317	0.014289
4317	4318	0.0142881
306	4318	0.0142881
584	4319	0.0142528
4318	4319	0.0142528
4319	4320	0.0142457
4308	4320	0.0142457
4320	4321	0.0142449
157	4321	0.0142449
4321	4322	0.0142181
4288	4322	0.0142181
4322	4323	0.0142167
643	4323	0.0142167
4323	4324	0.0141774
4287	4324	0.0141774
4324	4325	0.01414
2442	4325	0.01414
4290	4326	0.0141321
4325	4326	0.0141321
4285	4326	0.0141321
4286	4326	0.0141321
1985	4326	0.0141321
416	4327	0.0141311
4326	4327	0.0141311
4173	4328	0.0154873
97	4328	0.0154873
4328	4329	0.0151607
98	4329	0.0151607
4329	4330	0.0149139
624	4330	0.0149139
424	4331	0.0143799
423	4331	0.0143799
4237	4332	0.0150343
1950	4332	0.0150343
1379	4333	0.0155251
1378	4333	0.0155251
4190	4334	0.0141284
4327	4334	0.0141284
716	4335	0.0140995
4334	4335	0.0140995
2052	4336	0.0140754
4335	4336	0.0140754
4336	4337	0.0140564
2250	4337	0.0140564
453	4338	0.014036
4337	4338	0.014036
4338	4339	0.0140295
303	4339	0.0140295
4339	4340	0.0140113
521	4340	0.0140113
4340	4341	0.0140084
1509	4341	0.0140084
2680	4342	0.0140039
4341	4342	0.0140039
4342	4343	0.0139275
2223	4343	0.0139275
4343	4344	0.013911
3252	4344	0.013911
2591	4345	0.0139037
4344	4345	0.0139037
4345	4346	0.0138958
3031	4346	0.0138958
4346	4347	0.0138417
1877	4347	0.0138417
3501	4348	0.0138227
4347	4348	0.0138227
4348	4349	0.0137748
1283	4349	0.0137748
4349	4350	0.0137716
3082	4350	0.0137716
3723	4351	0.0137662
4350	4351	0.0137662
978	4352	0.0137649
4351	4352	0.0137649
4352	4353	0.0137566
414	4353	0.0137566
1757	4354	0.0136603
4353	4354	0.0136603
4354	4355	0.0136443
2727	4355	0.0136443
1406	4356	0.0136377
4355	4356	0.0136377
386	4357	0.0136137
4356	4357	0.0136137
2313	4358	0.0135747
4357	4358	0.0135747
759	4359	0.0135673
4358	4359	0.0135673
4359	4360	0.0135661
1897	4360	0.0135661
4360	4361	0.0135522
1501	4361	0.0135522
4361	4362	0.0134804
1142	4362	0.0134804
4203	4363	0.0134242
4362	4363	0.0134242
4363	4364	0.0134227
3101	4364	0.0134227
4330	4365	0.0140769
120	4365	0.0140769
4202	4366	0.0137377
4240	4366	0.0137377
4331	4367	0.0139587
422	4367	0.0139587
1590	4368	0.0134116
4364	4368	0.0134116
4368	4369	0.0133992
375	4369	0.0133992
4210	4369	0.0133992
931	4370	0.013362
4369	4370	0.013362
4370	4371	0.0133131
1969	4371	0.0133131
4371	4372	0.0132903
2439	4372	0.0132903
4372	4373	0.0132845
4366	4373	0.0132845
4367	4373	0.0132845
3590	4374	0.0132841
4373	4374	0.0132841
1583	4375	0.0131801
4374	4375	0.0131801
3872	4376	0.0131542
4375	4376	0.0131542
4376	4377	0.0131514
3085	4377	0.0131514
1056	4377	0.0131514
2315	4378	0.0131441
4377	4378	0.0131441
4378	4379	0.0131322
505	4379	0.0131322
3668	4380	0.0131285
4379	4380	0.0131285
1081	4380	0.0131285
4380	4381	0.013098
696	4381	0.013098
4381	4382	0.0130903
2676	4382	0.0130903
4382	4383	0.0130355
1197	4383	0.0130355
4365	4384	0.0133626
119	4384	0.0133626
4383	4385	0.0130205
906	4385	0.0130205
335	4386	0.0130161
4385	4386	0.0130161
4386	4387	0.0129923
1326	4387	0.0129923
1327	4387	0.0129923
4387	4388	0.0129908
1844	4388	0.0129908
4388	4389	0.0129787
486	4389	0.0129787
4389	4390	0.0128891
2728	4390	0.0128891
4390	4391	0.0128841
1606	4391	0.0128841
4391	4392	0.0128803
1428	4392	0.0128803
4198	4393	0.0129412
4332	4393	0.0129412
4392	4394	0.0128735
4393	4394	0.0128735
3874	4395	0.0128715
4394	4395	0.0128715
3716	4396	0.0128573
4395	4396	0.0128573
4396	4397	0.0128309
2844	4397	0.0128309
4384	4397	0.0128309
2362	4398	0.0128298
4397	4398	0.0128298
4398	4399	0.0128108
4333	4399	0.0128108
3459	4400	0.0127788
4399	4400	0.0127788
4400	4401	0.0127776
2053	4401	0.0127776
4401	4402	0.0127758
579	4402	0.0127758
1835	4403	0.0129762
3151	4403	0.0129762
4174	4404	0.0135822
112	4404	0.0135822
1224	4405	0.0129664
3111	4405	0.0129664
813	4406	0.0133966
151	4406	0.0133966
4187	4407	0.0148809
1608	4407	0.0148809
2015	4408	0.0141834
3600	4408	0.0141834
4224	4409	0.0140808
956	4409	0.0140808
4409	4410	0.0132105
1013	4410	0.0132105
4408	4411	0.0130188
4410	4411	0.0130188
1611	4412	0.0128814
2444	4412	0.0128814
261	4413	0.0131196
2155	4413	0.0131196
656	4414	0.0135564
4191	4414	0.0135564
1540	4415	0.0130955
3147	4415	0.0130955
4234	4416	0.0142145
3003	4416	0.0142145
3778	4417	0.0131453
4416	4417	0.0131453
3130	4418	0.0132554
3129	4418	0.0132554
3812	4419	0.0154658
1104	4419	0.0154658
2391	4420	0.0130947
1740	4420	0.0130947
4246	4421	0.0121744
3810	4421	0.0121744
1436	4422	0.0123323
4243	4422	0.0123323
4247	4423	0.0126231
3022	4423	0.0126231
2163	4424	0.0125421
2308	4424	0.0125421
4402	4425	0.012772
311	4425	0.012772
4425	4426	0.0127259
460	4426	0.0127259
2317	4427	0.0127144
4426	4427	0.0127144
1930	4428	0.0126868
4427	4428	0.0126868
4428	4429	0.012682
2257	4429	0.012682
2307	4430	0.0126778
4429	4430	0.0126778
3715	4431	0.0126502
4430	4431	0.0126502
2200	4432	0.0126752
4239	4432	0.0126752
1849	4433	0.0126449
4431	4433	0.0126449
4433	4434	0.0126383
196	4434	0.0126383
1465	4435	0.0125084
4434	4435	0.0125084
4432	4436	0.0125402
2207	4436	0.0125402
3875	4437	0.0124955
4435	4437	0.0124955
211	4437	0.0124955
4437	4438	0.0124901
614	4438	0.0124901
4438	4439	0.0124857
4436	4439	0.0124857
4439	4440	0.0124835
2224	4440	0.0124835
2399	4441	0.0124782
4407	4441	0.0124782
4440	4442	0.0124672
1329	4442	0.0124672
4442	4443	0.0124522
1117	4443	0.0124522
4443	4444	0.0123942
905	4444	0.0123942
4444	4445	0.0123867
1798	4445	0.0123867
4445	4446	0.0123181
187	4446	0.0123181
4446	4447	0.0123066
4229	4447	0.0123066
4447	4448	0.0122997
4441	4448	0.0122997
4448	4449	0.0122972
2561	4449	0.0122972
4449	4450	0.0122965
4417	4450	0.0122965
1325	4451	0.0122884
4450	4451	0.0122884
4451	4452	0.0122876
2536	4452	0.0122876
4452	4453	0.012266
2868	4453	0.012266
2512	4454	0.0122457
4453	4454	0.0122457
4454	4455	0.01224
1513	4455	0.01224
4455	4456	0.0122348
750	4456	0.0122348
4456	4457	0.0122258
2962	4457	0.0122258
4424	4458	0.0122108
4457	4458	0.0122108
2230	4459	0.0124014
4414	4459	0.0124014
515	4460	0.0122719
4459	4460	0.0122719
434	4461	0.0126049
1372	4461	0.0126049
2310	4462	0.0122093
4458	4462	0.0122093
2579	4463	0.012206
4462	4463	0.012206
743	4464	0.0122032
4463	4464	0.0122032
4423	4465	0.0121936
4464	4465	0.0121936
3768	4466	0.0121763
4465	4466	0.0121763
3736	4467	0.0121605
4245	4467	0.0121605
4466	4467	0.0121605
4467	4468	0.0121319
514	4468	0.0121319
4468	4469	0.012125
2361	4469	0.012125
452	4470	0.0121183
4469	4470	0.0121183
4470	4471	0.0121148
1355	4471	0.0121148
3081	4471	0.0121148
4404	4472	0.0121041
4471	4472	0.0121041
1805	4472	0.0121041
3845	4473	0.0120963
4472	4473	0.0120963
4473	4474	0.0120921
2261	4474	0.0120921
4474	4475	0.0120802
659	4475	0.0120802
4475	4476	0.0120677
1848	4476	0.0120677
4460	4476	0.0120677
1016	4476	0.0120677
4461	4476	0.0120677
4415	4477	0.0120448
4476	4477	0.0120448
4238	4478	0.0120342
4477	4478	0.0120342
2306	4479	0.0120031
4478	4479	0.0120031
4479	4480	0.0119961
1332	4480	0.0119961
3639	4481	0.0119888
4480	4481	0.0119888
4481	4482	0.011987
2178	4482	0.011987
2305	4483	0.0119713
4482	4483	0.0119713
4483	4484	0.0119697
1536	4484	0.0119697
3788	4485	0.0119604
4484	4485	0.0119604
4485	4486	0.0119574
682	4486	0.0119574
2381	4487	0.0119428
4486	4487	0.0119428
4487	4488	0.0119332
4418	4488	0.0119332
1084	4488	0.0119332
4488	4489	0.0119304
4412	4489	0.0119304
210	4489	0.0119304
3868	4490	0.0119157
4489	4490	0.0119157
3877	4491	0.0119152
4490	4491	0.0119152
429	4491	0.0119152
4491	4492	0.0119117
199	4492	0.0119117
816	4493	0.0118991
4492	4493	0.0118991
4493	4494	0.0118874
1012	4494	0.0118874
4494	4495	0.0118317
1195	4495	0.0118317
4495	4496	0.0118285
459	4496	0.0118285
4422	4497	0.0118218
319	4497	0.0118218
4496	4497	0.0118218
4497	4498	0.0118015
3020	4498	0.0118015
4403	4499	0.0127462
21	4499	0.0127462
2144	4500	0.0124014
4499	4500	0.0124014
4180	4501	0.0117991
3017	4501	0.0117991
4186	4502	0.0125609
164	4502	0.0125609
4411	4503	0.0126799
2228	4503	0.0126799
4188	4504	0.0120181
240	4504	0.0120181
2170	4505	0.0126991
2040	4505	0.0126991
4498	4506	0.0117921
917	4506	0.0117921
128	4507	0.0117912
4506	4507	0.0117912
1508	4507	0.0117912
4507	4508	0.0117814
4501	4508	0.0117814
4406	4508	0.0117814
3535	4509	0.0117809
4508	4509	0.0117809
4509	4510	0.0117721
1942	4510	0.0117721
4510	4511	0.0117638
1043	4511	0.0117638
610	4512	0.0117604
4511	4512	0.0117604
4420	4513	0.0117553
4512	4513	0.0117553
4175	4514	0.0117372
4513	4514	0.0117372
4514	4515	0.0117361
1717	4515	0.0117361
4405	4516	0.0117315
4515	4516	0.0117315
1316	4517	0.011716
4516	4517	0.011716
2274	4517	0.011716
1576	4517	0.011716
4517	4518	0.0117082
683	4518	0.0117082
3112	4519	0.0116948
4518	4519	0.0116948
4519	4520	0.0116911
4502	4520	0.0116911
2760	4521	0.0116595
4520	4521	0.0116595
4521	4522	0.0116578
1708	4522	0.0116578
1660	4523	0.0116539
4522	4523	0.0116539
4523	4524	0.0115959
4503	4524	0.0115959
1358	4525	0.0115917
4524	4525	0.0115917
2771	4526	0.0115847
4525	4526	0.0115847
4526	4527	0.0115805
2663	4527	0.0115805
4527	4528	0.0115752
4500	4528	0.0115752
4151	4529	0.0115384
4528	4529	0.0115384
4529	4530	0.0115371
1429	4530	0.0115371
896	4531	0.0115335
4530	4531	0.0115335
4531	4532	0.0115192
613	4532	0.0115192
4532	4533	0.0115101
2140	4533	0.0115101
4533	4534	0.0115035
176	4534	0.0115035
3878	4535	0.0115006
4534	4535	0.0115006
4535	4536	0.0114912
1890	4536	0.0114912
2632	4537	0.011482
4536	4537	0.011482
873	4538	0.0114746
4537	4538	0.0114746
3580	4539	0.01146
4538	4539	0.01146
48	4540	0.0114552
4539	4540	0.0114552
4421	4541	0.0114517
4540	4541	0.0114517
4413	4542	0.01148
1878	4542	0.01148
3680	4543	0.0114451
3499	4543	0.0114451
4541	4543	0.0114451
4543	4544	0.0114326
2038	4544	0.0114326
4544	4545	0.0114222
4542	4545	0.0114222
3062	4545	0.0114222
4204	4546	0.0113965
4545	4546	0.0113965
4546	4547	0.0113935
1686	4547	0.0113935
236	4548	0.0113916
4547	4548	0.0113916
4169	4549	0.0113791
4548	4549	0.0113791
2873	4550	0.0113763
4549	4550	0.0113763
3781	4550	0.0113763
4505	4550	0.0113763
3774	4551	0.011368
4550	4551	0.011368
4551	4552	0.0113631
556	4552	0.0113631
4552	4553	0.011362
1568	4553	0.011362
1487	4554	0.0113518
3828	4554	0.0113518
4553	4554	0.0113518
4554	4555	0.0113504
3019	4555	0.0113504
4555	4556	0.01135
389	4556	0.01135
463	4556	0.01135
4556	4557	0.0113307
1188	4557	0.0113307
4557	4558	0.0113229
492	4558	0.0113229
4558	4559	0.0113116
4419	4559	0.0113116
218	4560	0.0112992
4559	4560	0.0112992
2876	4560	0.0112992
4560	4561	0.0112663
1032	4561	0.0112663
4561	4562	0.0112658
2375	4562	0.0112658
4562	4563	0.0112606
322	4563	0.0112606
1063	4564	0.0112468
4563	4564	0.0112468
2608	4565	0.0112311
4564	4565	0.0112311
2209	4566	0.0112305
4565	4566	0.0112305
1359	4567	0.0111999
4566	4567	0.0111999
1578	4568	0.0111836
4567	4568	0.0111836
1027	4569	0.0111827
4568	4569	0.0111827
748	4570	0.0111809
4569	4570	0.0111809
3559	4571	0.0111572
4570	4571	0.0111572
1304	4572	0.0111541
4571	4572	0.0111541
4572	4573	0.0111532
4504	4573	0.0111532
4573	4574	0.0111465
1892	4574	0.0111465
3251	4575	0.0111447
4574	4575	0.0111447
4575	4576	0.0111426
488	4576	0.0111426
1931	4577	0.0111374
4576	4577	0.0111374
4577	4578	0.011113
2791	4578	0.011113
2850	4579	0.0841796
13	4579	0.0841796
4579	4580	0.0552207
12	4580	0.0552207
2192	4581	0.0147599
327	4581	0.0147599
997	4582	0.0352191
27	4582	0.0352191
3084	4583	0.0176544
30	4583	0.0176544
43	4584	0.0242262
2498	4584	0.0242262
844	4585	0.0166493
464	4585	0.0166493
4585	4586	0.0126806
44	4586	0.0126806
4586	4587	0.0120856
845	4587	0.0120856
1092	4588	0.0236455
1925	4588	0.0236455
4588	4589	0.0120696
55	4589	0.0120696
2414	4590	0.103229
2413	4590	0.103229
4590	4591	0.0266648
2463	4591	0.0266648
64	4592	0.0891997
63	4592	0.0891997
539	4593	0.131851
540	4593	0.131851
4593	4594	0.114706
1156	4594	0.114706
1139	4595	0.090436
4594	4595	0.090436
4595	4596	0.0213663
2074	4596	0.0213663
2853	4597	0.0120689
80	4597	0.0120689
2342	4598	0.0159724
2459	4598	0.0159724
2953	4599	0.0255241
2954	4599	0.0255241
2788	4600	0.0273262
2749	4600	0.0273262
4599	4601	0.0246764
4600	4601	0.0246764
580	4602	0.0356009
100	4602	0.0356009
116	4603	0.0621893
115	4603	0.0621893
2051	4604	0.072069
1422	4604	0.072069
987	4605	0.011672
1486	4605	0.011672
1913	4606	0.0969999
2702	4606	0.0969999
2486	4607	0.0352571
2485	4607	0.0352571
150	4608	0.0220701
1763	4608	0.0220701
933	4609	0.0206074
4608	4609	0.0206074
4609	4610	0.0148469
149	4610	0.0148469
4610	4611	0.0129664
2951	4611	0.0129664
180	4612	0.0339042
159	4612	0.0339042
181	4613	0.0828253
2907	4613	0.0828253
4613	4614	0.0613556
182	4614	0.0613556
190	4615	0.012516
2765	4615	0.012516
192	4616	0.238168
193	4616	0.238168
3246	4617	0.041583
194	4617	0.041583
2814	4618	0.0303741
195	4618	0.0303741
207	4619	0.0288344
233	4619	0.0288344
4619	4620	0.0277105
1313	4620	0.0277105
216	4621	0.0692517
1676	4621	0.0692517
2416	4622	0.0110961
231	4622	0.0110961
2603	4623	0.0573522
234	4623	0.0573522
1521	4624	0.0892754
245	4624	0.0892754
246	4625	0.423251
247	4625	0.423251
2544	4626	0.0197672
4625	4626	0.0197672
1250	4627	0.017724
1249	4627	0.017724
4627	4628	0.0143271
1253	4628	0.0143271
1235	4629	0.0132997
1227	4629	0.0132997
4628	4630	0.0114661
4629	4630	0.0114661
2273	4631	0.0357199
2280	4631	0.0357199
2160	4632	0.0990521
2161	4632	0.0990521
4632	4633	0.0789914
2159	4633	0.0789914
2548	4634	0.0668955
4633	4634	0.0668955
1579	4635	0.13772
2991	4635	0.13772
3209	4636	0.0981197
4635	4636	0.0981197
4636	4637	0.015847
263	4637	0.015847
3074	4638	0.0855849
3073	4638	0.0855849
279	4639	0.0142773
4638	4639	0.0142773
2752	4640	0.0233783
2965	4640	0.0233783
4640	4641	0.0163247
2746	4641	0.0163247
286	4642	0.0121041
4641	4642	0.0121041
1374	4643	0.0111281
287	4643	0.0111281
301	4644	0.0316898
770	4644	0.0316898
1442	4645	0.0449511
1441	4645	0.0449511
313	4646	0.0764007
1278	4646	0.0764007
4646	4647	0.0340596
3055	4647	0.0340596
2531	4648	0.0471683
474	4648	0.0471683
1199	4649	0.173902
1198	4649	0.173902
1651	4650	0.0151425
1713	4650	0.0151425
555	4651	0.169853
554	4651	0.169853
4651	4652	0.0480968
553	4652	0.0480968
892	4653	0.0166108
891	4653	0.0166108
4652	4654	0.0161514
4653	4654	0.0161514
637	4655	0.143584
1005	4655	0.143584
721	4656	0.0143282
724	4656	0.0143282
1004	4657	0.0408771
1003	4657	0.0408771
2710	4658	0.0348317
1451	4658	0.0348317
4658	4659	0.0270099
889	4659	0.0270099
1858	4660	0.0160586
4659	4660	0.0160586
4660	4661	0.011557
1481	4661	0.011557
535	4662	0.056483
538	4662	0.056483
4662	4663	0.0418016
536	4663	0.0418016
4663	4664	0.0405956
534	4664	0.0405956
4664	4665	0.036167
537	4665	0.036167
4665	4666	0.0324344
533	4666	0.0324344
2143	4667	0.0233719
344	4667	0.0233719
2150	4668	0.0194744
347	4668	0.0194744
2613	4669	0.10585
357	4669	0.10585
364	4670	0.0130542
494	4670	0.0130542
814	4671	0.0200311
467	4671	0.0200311
4671	4672	0.0149754
466	4672	0.0149754
2284	4673	0.101715
893	4673	0.101715
4673	4674	0.080553
2659	4674	0.080553
1157	4675	0.0423834
1564	4675	0.0423834
4675	4676	0.0414185
2958	4676	0.0414185
4674	4677	0.0323157
4676	4677	0.0323157
1814	4678	0.0250247
4677	4678	0.0250247
1652	4679	0.119693
406	4679	0.119693
2049	4680	0.0131177
644	4680	0.0131177
2024	4681	0.0124901
413	4681	0.0124901
445	4682	0.0136331
1349	4682	0.0136331
1213	4683	0.015871
2187	4683	0.015871
4683	4684	0.0141816
1214	4684	0.0141816
2057	4685	0.165928
478	4685	0.165928
480	4686	0.0124136
2058	4686	0.0124136
1778	4687	0.0146105
1793	4687	0.0146105
4687	4688	0.0136779
1792	4688	0.0136779
4688	4689	0.0114403
1787	4689	0.0114403
4689	4690	0.0112305
1779	4690	0.0112305
4690	4691	0.0112048
1791	4691	0.0112048
2609	4692	0.0114698
530	4692	0.0114698
2115	4693	0.238696
2120	4693	0.238696
4693	4694	0.100054
531	4694	0.100054
574	4695	0.0669217
1685	4695	0.0669217
593	4696	0.050686
592	4696	0.050686
596	4697	0.0527894
1178	4697	0.0527894
2420	4698	0.0137748
2005	4698	0.0137748
1924	4699	0.0137475
4698	4699	0.0137475
1096	4700	0.014223
1882	4700	0.014223
2286	4701	0.011583
1883	4701	0.011583
4700	4702	0.0112685
4701	4702	0.0112685
2757	4703	0.022951
2662	4703	0.022951
4703	4704	0.0228921
639	4704	0.0228921
2359	4705	0.251383
2358	4705	0.251383
4705	4706	0.0208829
646	4706	0.0208829
4706	4707	0.017557
699	4707	0.017557
651	4708	0.0298624
650	4708	0.0298624
2611	4709	0.021889
4708	4709	0.021889
2124	4710	0.0131196
2212	4710	0.0131196
2295	4711	0.0491806
1940	4711	0.0491806
1809	4712	0.0292342
1808	4712	0.0292342
1789	4713	0.0111214
1777	4713	0.0111214
3009	4714	0.0114896
3010	4714	0.0114896
961	4715	0.0933376
717	4715	0.0933376
1955	4716	0.012229
728	4716	0.012229
782	4717	0.133116
2687	4717	0.133116
2810	4718	0.0204979
792	4718	0.0204979
927	4719	0.055083
795	4719	0.055083
837	4720	0.015277
838	4720	0.015277
799	4721	0.0113087
4720	4721	0.0113087
2061	4722	0.111265
2060	4722	0.111265
4722	4723	0.0555422
2063	4723	0.0555422
2064	4724	0.0304032
4723	4724	0.0304032
2812	4725	0.028918
4724	4725	0.028918
806	4726	0.0255668
1452	4726	0.0255668
2114	4727	0.0655671
810	4727	0.0655671
1909	4728	0.0282506
851	4728	0.0282506
1769	4729	0.240651
2451	4729	0.240651
1223	4730	0.0169811
1222	4730	0.0169811
1546	4731	0.0412945
1542	4731	0.0412945
4731	4732	0.0386741
1548	4732	0.0386741
4732	4733	0.0340121
1547	4733	0.0340121
4733	4734	0.0316061
1545	4734	0.0316061
1560	4735	0.0673183
1553	4735	0.0673183
4735	4736	0.0664583
1555	4736	0.0664583
4736	4737	0.06177
1559	4737	0.06177
4737	4738	0.0336069
1549	4738	0.0336069
4738	4739	0.0284789
1558	4739	0.0284789
4734	4740	0.0202601
1550	4740	0.0202601
4740	4741	0.0202451
1544	4741	0.0202451
4739	4742	0.0269419
1551	4742	0.0269419
4742	4743	0.0242573
1554	4743	0.0242573
4743	4744	0.0239134
1552	4744	0.0239134
4744	4745	0.0193358
1557	4745	0.0193358
4745	4746	0.0192299
1556	4746	0.0192299
4741	4747	0.0178278
4746	4747	0.0178278
4747	4748	0.0167044
1561	4748	0.0167044
4748	4749	0.0124864
1543	4749	0.0124864
3253	4750	0.0137239
2211	4750	0.0137239
1804	4751	0.0496499
922	4751	0.0496499
1800	4752	0.0247253
1801	4752	0.0247253
965	4753	0.0399986
1861	4753	0.0399986
1586	4754	0.0369403
2090	4754	0.0369403
4753	4755	0.0121188
4754	4755	0.0121188
951	4756	0.012026
950	4756	0.012026
967	4757	0.0190508
1936	4757	0.0190508
1078	4758	0.303945
1077	4758	0.303945
4758	4759	0.141973
981	4759	0.141973
1111	4760	0.196515
1112	4760	0.196515
1115	4761	0.0263724
2386	4761	0.0263724
1899	4762	0.0277091
1138	4762	0.0277091
1900	4763	0.0241935
4762	4763	0.0241935
1582	4764	0.0215265
4763	4764	0.0215265
2497	4765	0.0393421
2239	4765	0.0393421
1163	4766	0.0188027
1153	4766	0.0188027
2828	4767	0.0229761
2852	4767	0.0229761
2656	4768	0.0638393
2644	4768	0.0638393
1920	4769	0.0369917
1922	4769	0.0369917
2107	4770	0.0114278
1448	4770	0.0114278
1270	4771	0.186031
1271	4771	0.186031
3067	4772	0.0361192
1312	4772	0.0361192
2505	4773	0.0650104
1320	4773	0.0650104
1635	4774	0.0272096
1632	4774	0.0272096
1958	4774	0.0272096
3061	4775	0.012805
2748	4775	0.012805
1443	4776	0.0127017
4775	4776	0.0127017
1444	4777	0.0126942
4776	4777	0.0126942
1469	4778	0.104316
1474	4778	0.104316
4778	4779	0.0845777
1470	4779	0.0845777
4779	4780	0.0761566
1473	4780	0.0761566
4780	4781	0.0690365
1471	4781	0.0690365
4781	4782	0.042365
1472	4782	0.042365
1526	4783	0.0186826
2921	4783	0.0186826
2885	4784	0.0585058
3078	4784	0.0585058
2900	4785	0.0122279
4784	4785	0.0122279
1971	4786	0.0265886
1977	4786	0.0265886
2390	4787	0.0228993
4786	4787	0.0228993
2014	4788	0.0834368
2013	4788	0.0834368
2032	4789	0.1238
2033	4789	0.1238
2077	4790	0.0873143
2078	4790	0.0873143
2094	4791	0.0198727
2093	4791	0.0198727
2348	4792	0.0255852
2349	4792	0.0255852
2631	4793	0.0685229
2282	4793	0.0685229
2292	4794	0.0859104
2291	4794	0.0859104
2411	4795	0.0444917
2858	4795	0.0444917
2859	4796	0.0401172
4795	4796	0.0401172
2688	4797	0.0393912
2429	4797	0.0393912
2430	4798	0.0373302
4797	4798	0.0373302
2473	4799	0.0307265
2472	4799	0.0307265
2506	4800	0.045647
2701	4800	0.045647
2619	4801	0.0992033
2618	4801	0.0992033
2598	4802	0.0319787
4801	4802	0.0319787
2707	4803	0.155908
2733	4803	0.155908
3054	4804	0.0811162
2712	4804	0.0811162
3052	4805	0.122918
3053	4805	0.122918
3250	4806	0.0375273
3182	4806	0.0375273
4806	4807	0.0281866
3195	4807	0.0281866
3202	4807	0.0281866
3187	4807	0.0281866
3249	4808	0.0281097
4807	4808	0.0281097
3219	4809	0.141211
3230	4809	0.141211
3206	4809	0.141211
72	4810	0.00775638
3254	4810	0.00775638
2614	4811	0.00517452
4810	4811	0.00517452
1975	4812	0.00760931
1976	4812	0.00760931
2642	4813	0.00786498
1390	4813	0.00786498
2626	4814	0.00644658
299	4814	0.00644658
1176	4815	0.00415904
1175	4815	0.00415904
2357	4816	0.00641245
1541	4816	0.00641245
4631	4817	0.00777713
4634	4817	0.00777713
3258	4818	0.00531676
3259	4818	0.00531676
4818	4819	0.00456339
2116	4819	0.00456339
62	4820	0.00952593
1152	4820	0.00952593
570	4821	0.00754358
2617	4821	0.00754358
586	4822	0.00457284
587	4822	0.00457284
331	4823	0.0106674
329	4823	0.0106674
2046	4824	0.00493801
1307	4824	0.00493801
524	4825	0.0060931
3366	4825	0.0060931
1277	4826	0.00483899
3372	4826	0.00483899
2454	4827	0.00541911
361	4827	0.00541911
3371	4828	0.00946631
2786	4828	0.00946631
745	4829	0.00590911
4828	4829	0.00590911
4643	4830	0.0065467
3177	4830	0.0065467
2851	4831	0.00625992
4692	4831	0.00625992
2344	4832	0.00664322
4670	4832	0.00664322
1080	4833	0.00911693
1734	4833	0.00911693
2805	4834	0.00706465
1417	4834	0.00706465
1715	4835	0.00519287
747	4835	0.00519287
2288	4836	0.00465201
2602	4836	0.00465201
1621	4837	0.00865652
2606	4837	0.00865652
1822	4838	0.00716012
1827	4838	0.00716012
2195	4839	0.00829999
147	4839	0.00829999
2426	4840	0.00779557
1418	4840	0.00779557
2452	4841	0.00735633
4798	4841	0.00735633
4840	4842	0.00722885
4841	4842	0.00722885
2065	4843	0.0104462
2062	4843	0.0104462
4843	4844	0.00942515
4725	4844	0.00942515
4844	4845	0.00725178
708	4845	0.00725178
2908	4846	0.00770589
4621	4846	0.00770589
2819	4847	0.00792712
3298	4847	0.00792712
1333	4848	0.00841518
510	4848	0.00841518
4649	4849	0.00735282
4848	4849	0.00735282
2797	4850	0.0108215
89	4850	0.0108215
2903	4851	0.00821247
660	4851	0.00821247
2027	4852	0.00708201
2196	4852	0.00708201
221	4853	0.00736879
4794	4853	0.00736879
632	4854	0.00923267
2191	4854	0.00923267
16	4855	0.00932768
17	4855	0.00932768
3000	4856	0.0110855
1060	4856	0.0110855
3329	4857	0.0110664
1162	4857	0.0110664
3263	4858	0.01109
4578	4858	0.01109
4858	4859	0.0110836
101	4859	0.0110836
4859	4860	0.0110749
4589	4860	0.0110749
4860	4861	0.0110651
938	4861	0.0110651
2753	4861	0.0110651
4861	4862	0.0110645
2935	4862	0.0110645
4862	4863	0.0110617
2157	4863	0.0110617
809	4864	0.0110551
4863	4864	0.0110551
4864	4865	0.0110321
312	4865	0.0110321
4865	4866	0.0110281
2846	4866	0.0110281
4648	4867	0.0109882
4866	4867	0.0109882
281	4868	0.0109862
4867	4868	0.0109862
3283	4869	0.0109814
4868	4869	0.0109814
444	4870	0.0109709
4869	4870	0.0109709
2997	4871	0.0109634
4870	4871	0.0109634
4871	4872	0.0109585
435	4872	0.0109585
4872	4873	0.0109508
217	4873	0.0109508
4622	4874	0.0110836
2415	4874	0.0110836
2773	4875	0.0109483
4873	4875	0.0109483
3363	4876	0.0109461
4875	4876	0.0109461
4876	4877	0.0109442
4874	4877	0.0109442
1403	4878	0.0109413
1404	4878	0.0109413
4877	4878	0.0109413
4878	4879	0.0109317
993	4879	0.0109317
2633	4880	0.0108882
4879	4880	0.0108882
2625	4881	0.0108793
4880	4881	0.0108793
2106	4882	0.0108728
4881	4882	0.0108728
968	4883	0.0108682
4882	4883	0.0108682
2830	4884	0.0108453
4883	4884	0.0108453
4884	4885	0.0108422
46	4885	0.0108422
687	4885	0.0108422
4885	4886	0.0108306
3026	4886	0.0108306
4886	4887	0.0108164
1949	4887	0.0108164
4887	4888	0.0107622
2779	4888	0.0107622
1182	4889	0.0107519
4888	4889	0.0107519
2646	4890	0.0107506
4889	4890	0.0107506
4890	4891	0.010723
2558	4891	0.010723
4891	4892	0.0107146
1512	4892	0.0107146
4892	4893	0.0107021
2370	4893	0.0107021
4893	4894	0.0106983
2327	4894	0.0106983
4894	4895	0.0106861
2156	4895	0.0106861
4895	4896	0.0106754
2892	4896	0.0106754
3323	4897	0.01067
4896	4897	0.01067
3193	4898	0.0106649
4897	4898	0.0106649
4898	4899	0.0106613
2985	4899	0.0106613
36	4900	0.0106505
4899	4900	0.0106505
1833	4901	0.0106429
4900	4901	0.0106429
2154	4902	0.0106383
2534	4902	0.0106383
4901	4902	0.0106383
155	4903	0.0106283
4902	4903	0.0106283
4903	4904	0.0105884
1389	4904	0.0105884
4904	4905	0.0105753
1475	4905	0.0105753
4604	4906	0.0107021
4605	4906	0.0107021
4702	4907	0.0107088
4716	4907	0.0107088
4907	4908	0.0106399
634	4908	0.0106399
4768	4909	0.0106358
1200	4909	0.0106358
4905	4910	0.0105647
681	4910	0.0105647
2477	4910	0.0105647
1982	4910	0.0105647
4910	4911	0.0105543
407	4911	0.0105543
4911	4912	0.0105515
4908	4912	0.0105515
4912	4913	0.0105401
2959	4913	0.0105401
4913	4914	0.0105141
1996	4914	0.0105141
3294	4915	0.010494
3374	4915	0.010494
4914	4915	0.010494
4915	4916	0.0104892
449	4916	0.0104892
337	4917	0.0104784
4916	4917	0.0104784
4917	4918	0.0104768
4906	4918	0.0104768
267	4919	0.0104681
4918	4919	0.0104681
2345	4920	0.0104454
4919	4920	0.0104454
4920	4921	0.0104371
4909	4921	0.0104371
4921	4922	0.0104244
412	4922	0.0104244
2500	4923	0.0103933
4922	4923	0.0103933
764	4924	0.010381
765	4924	0.010381
4923	4924	0.010381
4611	4925	0.01087
517	4925	0.01087
1306	4926	0.0103685
4924	4926	0.0103685
4926	4927	0.0103464
2661	4927	0.0103464
4927	4928	0.0103452
1082	4928	0.0103452
3131	4928	0.0103452
3269	4929	0.0103301
4928	4929	0.0103301
4929	4930	0.0102997
3048	4930	0.0102997
4930	4931	0.0102674
2253	4931	0.0102674
4931	4932	0.0102644
1661	4932	0.0102644
3352	4933	0.0102619
4932	4933	0.0102619
4933	4934	0.0102446
260	4934	0.0102446
4934	4935	0.0102396
1847	4935	0.0102396
2158	4936	0.0102177
4935	4936	0.0102177
4936	4937	0.0102166
179	4937	0.0102166
1891	4938	0.0102052
4937	4938	0.0102052
4938	4939	0.0102013
558	4939	0.0102013
3317	4940	0.0101872
4939	4940	0.0101872
4925	4941	0.0103731
516	4941	0.0103731
4857	4942	0.0101766
4940	4942	0.0101766
4942	4943	0.0101452
3120	4943	0.0101452
4943	4944	0.0101211
1500	4944	0.0101211
4944	4945	0.0101186
174	4945	0.0101186
3354	4946	0.0100831
4581	4946	0.0100831
4945	4946	0.0100831
2807	4947	0.0100668
4946	4947	0.0100668
1272	4947	0.0100668
2018	4948	0.0100658
4947	4948	0.0100658
4948	4949	0.0100602
61	4949	0.0100602
4949	4950	0.0100577
1464	4950	0.0100577
4950	4951	0.0100383
4941	4951	0.0100383
1461	4952	0.0100298
4951	4952	0.0100298
198	4953	0.0100119
3128	4953	0.0100119
4952	4953	0.0100119
4953	4954	0.00997919
670	4954	0.00997919
2229	4955	0.0100988
4749	4955	0.0100988
3285	4956	0.00997168
4954	4956	0.00997168
131	4956	0.00997168
4956	4957	0.00990265
426	4957	0.00990265
4957	4958	0.00988871
1498	4958	0.00988871
4958	4959	0.00988687
253	4959	0.00988687
3331	4960	0.00987531
4959	4960	0.00987531
4699	4961	0.00987457
4960	4961	0.00987457
4961	4962	0.00986844
1343	4962	0.00986844
4962	4963	0.00986593
2336	4963	0.00986593
2696	4964	0.00986385
4963	4964	0.00986385
4964	4965	0.00985877
3096	4965	0.00985877
2777	4965	0.00985877
4965	4966	0.00985593
1028	4966	0.00985593
4966	4967	0.00984081
1366	4967	0.00984081
2906	4968	0.00983894
4967	4968	0.00983894
1528	4969	0.00983271
4968	4969	0.00983271
4969	4970	0.00983154
334	4970	0.00983154
4970	4971	0.00982114
188	4971	0.00982114
1511	4971	0.00982114
95	4972	0.00982015
4971	4972	0.00982015
1738	4973	0.00981725
4972	4973	0.00981725
2761	4974	0.0098063
4973	4974	0.0098063
3192	4975	0.00979418
4974	4975	0.00979418
4975	4976	0.00978561
1871	4976	0.00978561
4976	4977	0.00978457
178	4977	0.00978457
4977	4978	0.00977237
522	4978	0.00977237
4978	4979	0.00976865
1797	4979	0.00976865
2672	4980	0.00976756
4654	4980	0.00976756
4979	4980	0.00976756
4980	4981	0.00975233
348	4981	0.00975233
812	4982	0.00974474
4981	4982	0.00974474
4982	4983	0.00973606
4955	4983	0.00973606
4983	4984	0.00973505
304	4984	0.00973505
2182	4985	0.00969503
1575	4985	0.00969503
4984	4985	0.00969503
4587	4986	0.010009
4791	4986	0.010009
4630	4987	0.010562
2185	4987	0.010562
1232	4987	0.010562
4644	4988	0.00973343
4672	4988	0.00973343
4656	4989	0.0110074
723	4989	0.0110074
1244	4990	0.0107021
1246	4990	0.0107021
1894	4991	0.00967713
4985	4991	0.00967713
1369	4992	0.00967017
4991	4992	0.00967017
4992	4993	0.00966098
2685	4993	0.00966098
4704	4994	0.0096574
4993	4994	0.0096574
1336	4995	0.00965096
4994	4995	0.00965096
4995	4996	0.009644
228	4996	0.009644
92	4997	0.00962776
4996	4997	0.00962776
4997	4998	0.00961824
146	4998	0.00961824
4998	4999	0.00960466
4988	4999	0.00960466
4999	5000	0.00959615
1109	5000	0.00959615
1186	5001	0.00959262
5000	5001	0.00959262
5001	5002	0.00957797
2249	5002	0.00957797
156	5003	0.0095766
5002	5003	0.0095766
5003	5004	0.0095644
1628	5004	0.0095644
2431	5005	0.00961013
1947	5005	0.00961013
223	5006	0.00954294
5004	5006	0.00954294
5006	5007	0.00952235
1479	5007	0.00952235
599	5008	0.00951868
5007	5008	0.00951868
2082	5009	0.00950926
5008	5009	0.00950926
3350	5010	0.0095064
5009	5010	0.0095064
5010	5011	0.00950145
1331	5011	0.00950145
5011	5012	0.00949931
2029	5012	0.00949931
1915	5013	0.00948267
5012	5013	0.00948267
662	5014	0.00947398
5013	5014	0.00947398
1068	5015	0.00947001
5014	5015	0.00947001
5015	5016	0.00946164
1477	5016	0.00946164
2552	5017	0.00943769
5016	5017	0.00943769
5017	5018	0.00943117
4752	5018	0.00943117
4755	5018	0.00943117
5005	5018	0.00943117
547	5019	0.00942896
5018	5019	0.00942896
5019	5020	0.00940881
1203	5020	0.00940881
817	5021	0.0094078
5020	5021	0.0094078
152	5022	0.00939969
5021	5022	0.00939969
4591	5023	0.00938923
5022	5023	0.00938923
5023	5024	0.00937837
2650	5024	0.00937837
5024	5025	0.00937727
114	5025	0.00937727
1460	5026	0.00937443
5025	5026	0.00937443
5026	5027	0.00936973
427	5027	0.00936973
2528	5028	0.00936245
5027	5028	0.00936245
5028	5029	0.00936132
1497	5029	0.00936132
1337	5030	0.00933704
2181	5030	0.00933704
5029	5030	0.00933704
5030	5031	0.00932665
1023	5031	0.00932665
5031	5032	0.00932593
4989	5032	0.00932593
5032	5033	0.00929823
541	5033	0.00929823
5033	5034	0.00925532
1401	5034	0.00925532
4769	5035	0.0092506
5034	5035	0.0092506
2133	5035	0.0092506
5035	5036	0.00923157
4580	5036	0.00923157
5036	5037	0.00922112
425	5037	0.00922112
2474	5038	0.00921994
5037	5038	0.00921994
2475	5039	0.00921661
5038	5039	0.00921661
1130	5039	0.00921661
5039	5040	0.0092128
2272	5040	0.0092128
5040	5041	0.00920975
4597	5041	0.00920975
28	5042	0.00920594
5041	5042	0.00920594
5042	5043	0.009198
2206	5043	0.009198
5043	5044	0.00919214
2711	5044	0.00919214
3340	5045	0.00918285
5044	5045	0.00918285
1260	5046	0.00926473
4986	5046	0.00926473
4987	5047	0.00956213
1237	5047	0.00956213
5047	5048	0.00936795
1225	5048	0.00936795
4684	5049	0.00931823
2183	5049	0.00931823
5048	5049	0.00931823
2265	5050	0.00917839
5045	5050	0.00917839
5050	5051	0.0091757
697	5051	0.0091757
321	5052	0.00917057
5051	5052	0.00917057
3365	5053	0.00916305
5052	5053	0.00916305
1301	5053	0.00916305
740	5054	0.00916219
5053	5054	0.00916219
1699	5055	0.00916
5054	5055	0.00916
2941	5056	0.00914837
5055	5056	0.00914837
5056	5057	0.00912455
5046	5057	0.00912455
1103	5057	0.00912455
803	5057	0.00912455
2769	5057	0.00912455
3043	5057	0.00912455
1300	5057	0.00912455
5049	5057	0.00912455
5057	5058	0.00912395
455	5058	0.00912395
3286	5059	0.0091163
4680	5059	0.0091163
5058	5059	0.0091163
5059	5060	0.00911416
1706	5060	0.00911416
5060	5061	0.00910226
1432	5061	0.00910226
5061	5062	0.00908981
1370	5062	0.00908981
5062	5063	0.009083
921	5063	0.009083
2679	5064	0.00907997
5063	5064	0.00907997
5064	5065	0.00907312
2377	5065	0.00907312
5065	5066	0.0090703
4756	5066	0.0090703
1341	5067	0.00906234
5066	5067	0.00906234
5067	5068	0.00905968
2713	5068	0.00905968
5068	5069	0.00901022
1251	5069	0.00901022
1566	5070	0.008996
5069	5070	0.008996
5070	5071	0.00898843
394	5071	0.00898843
5071	5072	0.00898576
58	5072	0.00898576
2287	5073	0.00898266
5072	5073	0.00898266
911	5074	0.00898071
3346	5074	0.00898071
5073	5074	0.00898071
5074	5075	0.00898003
2647	5075	0.00898003
1645	5076	0.00897796
5075	5076	0.00897796
431	5077	0.00897022
5076	5077	0.00897022
3148	5078	0.00891226
5077	5078	0.00891226
5078	5079	0.00891001
4682	5079	0.00891001
1405	5079	0.00891001
84	5080	0.00889696
5079	5080	0.00889696
5080	5081	0.00889433
720	5081	0.00889433
544	5082	0.00887477
5081	5082	0.00887477
3226	5083	0.0088671
5082	5083	0.0088671
2677	5084	0.00886141
5083	5084	0.00886141
5084	5085	0.00885669
3103	5085	0.00885669
2811	5085	0.00885669
645	5086	0.00883675
5085	5086	0.00883675
3338	5087	0.0088351
5086	5087	0.0088351
5087	5088	0.00882125
2783	5088	0.00882125
3257	5089	0.00880524
5088	5089	0.00880524
4601	5090	0.00880407
5089	5090	0.00880407
3357	5091	0.0088005
5090	5091	0.0088005
5091	5092	0.00879177
472	5092	0.00879177
4678	5093	0.00878807
5092	5093	0.00878807
5093	5094	0.00876802
1000	5094	0.00876802
2047	5095	0.00875857
5094	5095	0.00875857
5095	5096	0.00873392
1015	5096	0.00873392
3345	5097	0.00872488
5096	5097	0.00872488
3265	5098	0.00871279
5097	5098	0.00871279
5098	5099	0.00871206
2328	5099	0.00871206
3087	5100	0.0087068
5099	5100	0.0087068
2530	5101	0.00870232
5100	5101	0.00870232
214	5102	0.00868226
5101	5102	0.00868226
5102	5103	0.00867922
469	5103	0.00867922
498	5104	0.0086375
5103	5104	0.0086375
5104	5105	0.00861601
4990	5105	0.00861601
5105	5106	0.00859351
158	5106	0.00859351
5106	5107	0.00858704
513	5107	0.00858704
1535	5108	0.00858586
5107	5108	0.00858586
4661	5109	0.00913037
1450	5109	0.00913037
5109	5110	0.00873016
1529	5110	0.00873016
2689	5111	0.00981879
781	5111	0.00981879
2722	5112	0.0105975
2726	5112	0.0105975
5112	5113	0.0104297
2721	5113	0.0104297
4713	5114	0.0109015
1782	5114	0.0109015
4691	5115	0.0105812
5114	5115	0.0105812
5115	5116	0.00886141
1788	5116	0.00886141
2085	5117	0.00871433
2096	5117	0.00871433
2147	5118	0.00952053
2146	5118	0.00952053
5108	5119	0.00854962
2652	5119	0.00854962
5119	5120	0.00854479
96	5120	0.00854479
241	5121	0.00854033
5120	5121	0.00854033
5121	5122	0.00853241
1884	5122	0.00853241
5122	5123	0.00853011
54	5123	0.00853011
5123	5124	0.00852764
1409	5124	0.00852764
5124	5125	0.0085272
2918	5125	0.0085272
1601	5126	0.00851365
5125	5126	0.00851365
4685	5127	0.00850967
5126	5127	0.00850967
5127	5128	0.00850297
2514	5128	0.00850297
583	5129	0.00850093
5128	5129	0.00850093
1151	5130	0.00849131
5129	5130	0.00849131
5130	5131	0.0084829
85	5131	0.0084829
4854	5132	0.00846695
5131	5132	0.00846695
5132	5133	0.00843332
2952	5133	0.00843332
5133	5134	0.00842818
1284	5134	0.00842818
2825	5135	0.00840269
5134	5135	0.00840269
1629	5136	0.00839819
5135	5136	0.00839819
5136	5137	0.00839407
3110	5137	0.00839407
5137	5138	0.00837235
1710	5138	0.00837235
5138	5139	0.00837066
2863	5139	0.00837066
966	5140	0.00836531
5139	5140	0.00836531
1830	5140	0.00836531
1076	5141	0.00833613
5140	5141	0.00833613
5141	5142	0.00832224
1711	5142	0.00832224
4592	5143	0.00831995
4804	5143	0.00831995
5142	5143	0.00831995
5143	5144	0.00831107
2227	5144	0.00831107
655	5145	0.00830817
5144	5145	0.00830817
5145	5146	0.00827576
2400	5146	0.00827576
575	5147	0.00825293
5146	5147	0.00825293
1770	5148	0.00824928
832	5148	0.00824928
5147	5148	0.00824928
5148	5149	0.00824192
1040	5149	0.00824192
5149	5150	0.0082276
487	5150	0.0082276
5150	5151	0.00822338
2649	5151	0.00822338
5151	5152	0.00817909
1288	5152	0.00817909
3343	5153	0.00817448
5152	5153	0.00817448
4856	5154	0.00817336
598	5154	0.00817336
5153	5154	0.00817336
1059	5154	0.00817336
1967	5155	0.00815674
5154	5155	0.00815674
3373	5156	0.00812719
5155	5156	0.00812719
1340	5157	0.00811619
5156	5157	0.00811619
821	5158	0.00810562
5157	5158	0.00810562
5158	5159	0.00809564
990	5159	0.00809564
5159	5160	0.00809257
2294	5160	0.00809257
5160	5161	0.00807953
2186	5161	0.00807953
351	5162	0.0085161
353	5162	0.0085161
3154	5163	0.00820149
2756	5163	0.00820149
3247	5164	0.00785353
4792	5164	0.00785353
5161	5165	0.00807374
5162	5165	0.00807374
5165	5166	0.00807028
2350	5166	0.00807028
5166	5167	0.00806246
2574	5167	0.00806246
5167	5168	0.00804904
1268	5168	0.00804904
2848	5169	0.00803378
5168	5169	0.00803378
5169	5170	0.00802201
490	5170	0.00802201
5170	5171	0.0080138
1692	5171	0.0080138
5171	5172	0.00799178
1462	5172	0.00799178
315	5172	0.00799178
1767	5172	0.00799178
5172	5173	0.0079736
448	5173	0.0079736
129	5174	0.00795724
5173	5174	0.00795724
2335	5175	0.00795646
5174	5175	0.00795646
3090	5176	0.00796987
5163	5176	0.00796987
5175	5177	0.00793458
2378	5177	0.00793458
5177	5178	0.00792029
4607	5178	0.00792029
5176	5178	0.00792029
5178	5179	0.00790635
106	5179	0.00790635
939	5180	0.0079022
5179	5180	0.0079022
5180	5181	0.00785696
3095	5181	0.00785696
5181	5182	0.00784084
1709	5182	0.00784084
2567	5183	0.00784989
864	5183	0.00784989
3337	5184	0.00784015
5182	5184	0.00784015
5184	5185	0.00783574
23	5185	0.00783574
5164	5186	0.0078321
5185	5186	0.0078321
5186	5187	0.00782696
1356	5187	0.00782696
5187	5188	0.00781515
2304	5188	0.00781515
121	5188	0.00781515
5188	5189	0.00780668
908	5189	0.00780668
5189	5190	0.007802
827	5190	0.007802
5190	5191	0.00779557
1236	5191	0.00779557
5191	5192	0.0077943
3150	5192	0.0077943
5192	5193	0.00777525
2352	5193	0.00777525
5193	5194	0.00776575
485	5194	0.00776575
4764	5194	0.00776575
5194	5195	0.00775758
1021	5195	0.00775758
4647	5196	0.00775638
5195	5196	0.00775638
5196	5197	0.00775239
767	5197	0.00775239
5197	5198	0.00774012
2201	5198	0.00774012
5198	5199	0.00772636
3088	5199	0.00772636
3171	5200	0.00771901
5199	5200	0.00771901
2523	5201	0.00771537
5200	5201	0.00771537
1865	5202	0.00768824
5201	5202	0.00768824
5113	5202	0.00768824
5116	5202	0.00768824
5183	5202	0.00768824
2121	5203	0.0076853
5202	5203	0.0076853
5203	5204	0.00767695
882	5204	0.00767695
2329	5205	0.00848668
250	5205	0.00848668
5110	5206	0.00836457
1449	5206	0.00836457
5111	5207	0.00832739
5117	5207	0.00832739
5207	5208	0.00793531
2434	5208	0.00793531
4721	5209	0.00790498
836	5209	0.00790498
5204	5210	0.00767143
3024	5210	0.00767143
5210	5211	0.00766563
1724	5211	0.00766563
1812	5212	0.00766276
5211	5212	0.00766276
678	5213	0.00762754
5212	5213	0.00762754
804	5214	0.00761336
5213	5214	0.00761336
4657	5215	0.00758832
5214	5215	0.00758832
5215	5216	0.00756931
168	5216	0.00756931
5216	5217	0.0075626
3124	5217	0.0075626
934	5218	0.00755275
5217	5218	0.00755275
5218	5219	0.00754014
1083	5219	0.00754014
2216	5220	0.0074989
5219	5220	0.0074989
3355	5221	0.00749292
5220	5221	0.00749292
5221	5222	0.00748096
1718	5222	0.00748096
5222	5223	0.00747897
2755	5223	0.00747897
3105	5224	0.00746281
5223	5224	0.00746281
2244	5225	0.00745952
5224	5225	0.00745952
450	5226	0.00745862
5225	5226	0.00745862
3170	5227	0.00745472
5226	5227	0.00745472
1626	5228	0.00745203
5227	5228	0.00745203
5228	5229	0.00743859
1988	5229	0.00743859
918	5229	0.00743859
5229	5230	0.00743085
2889	5230	0.00743085
1399	5231	0.00742827
5230	5231	0.00742827
1137	5232	0.00740045
5231	5232	0.00740045
5232	5233	0.00739479
901	5233	0.00739479
5233	5234	0.00738923
5118	5234	0.00738923
5234	5235	0.00737079
5206	5235	0.00737079
5235	5236	0.00736879
1525	5236	0.00736879
1058	5237	0.00734131
5236	5237	0.00734131
5237	5238	0.00732069
2179	5238	0.00732069
5238	5239	0.0073185
1648	5239	0.0073185
5239	5240	0.00731675
1762	5240	0.00731675
2217	5241	0.00730506
5240	5241	0.00730506
5241	5242	0.00728217
384	5242	0.00728217
5242	5243	0.00724317
1291	5243	0.00724317
1758	5244	0.0072049
4612	5244	0.0072049
5243	5244	0.0072049
230	5245	0.00718423
5244	5245	0.00718423
5245	5246	0.0071823
791	5246	0.0071823
5246	5247	0.00717816
1785	5247	0.00717816
5247	5248	0.00716604
3050	5248	0.00716604
5248	5249	0.00714599
1820	5249	0.00714599
5249	5250	0.00714384
133	5250	0.00714384
2511	5250	0.00714384
5250	5251	0.00714205
4727	5251	0.00714205
288	5252	0.00713425
5251	5252	0.00713425
244	5253	0.00712023
5252	5253	0.00712023
2980	5254	0.00710853
5253	5254	0.00710853
2301	5255	0.0070995
5254	5255	0.0070995
323	5256	0.00705723
5255	5256	0.00705723
5256	5257	0.00705633
3133	5257	0.00705633
5257	5258	0.00703618
2723	5258	0.00703618
2910	5259	0.0070204
5258	5259	0.0070204
5259	5260	0.00699557
2553	5260	0.00699557
4709	5261	0.00698774
5260	5261	0.00698774
5208	5262	0.00699238
2745	5262	0.00699238
1314	5263	0.00698372
5261	5263	0.00698372
5263	5264	0.00698094
5262	5264	0.00698094
711	5264	0.00698094
4855	5265	0.00697595
5264	5265	0.00697595
1010	5266	0.00696749
5265	5266	0.00696749
5209	5266	0.00696749
5266	5267	0.00696573
690	5267	0.00696573
2981	5268	0.00696247
5267	5268	0.00696247
1748	5269	0.00695983
5268	5269	0.00695983
2238	5270	0.00695698
5269	5270	0.00695698
5270	5271	0.00691592
1285	5271	0.00691592
5271	5272	0.00690098
868	5272	0.00690098
5272	5273	0.00686823
942	5273	0.00686823
623	5273	0.00686823
5273	5274	0.00685127
2419	5274	0.00685127
2584	5275	0.00684254
5274	5275	0.00684254
4710	5276	0.00683608
5275	5276	0.00683608
739	5277	0.00680925
5276	5277	0.00680925
5277	5278	0.00680402
1587	5278	0.00680402
5278	5279	0.00679997
1357	5279	0.00679997
5279	5280	0.00678461
1505	5280	0.00678461
3119	5281	0.00676545
5280	5281	0.00676545
5281	5282	0.00676352
5205	5282	0.00676352
5282	5283	0.00676172
621	5283	0.00676172
87	5284	0.00974083
88	5284	0.00974083
1973	5285	0.00907878
2654	5285	0.00907878
243	5286	0.00898843
847	5286	0.00898843
5286	5287	0.00732532
1150	5287	0.00732532
5285	5288	0.0071649
5287	5288	0.0071649
1537	5289	0.0069946
5288	5289	0.0069946
2356	5289	0.0069946
652	5290	0.00948156
135	5290	0.00948156
1643	5291	0.0110121
2232	5291	0.0110121
5291	5292	0.0101375
2537	5292	0.0101375
2671	5293	0.0100278
2670	5293	0.0100278
2668	5294	0.00963392
5293	5294	0.00963392
5292	5295	0.00870433
654	5295	0.00870433
5294	5295	0.00870433
5295	5296	0.00812551
2199	5296	0.00812551
5290	5297	0.00762932
5296	5297	0.00762932
2665	5298	0.00761024
5297	5298	0.00761024
5298	5299	0.00750341
3047	5299	0.00750341
5299	5300	0.0071945
2669	5300	0.0071945
5300	5301	0.00704799
2667	5301	0.00704799
2734	5302	0.00802903
4617	5302	0.00802903
352	5303	0.00738251
350	5303	0.00738251
5303	5304	0.00731007
354	5304	0.00731007
401	5305	0.0108814
402	5305	0.0108814
403	5306	0.0101665
5305	5306	0.0101665
2503	5307	0.00779049
2502	5307	0.00779049
1264	5308	0.010494
1265	5308	0.010494
1324	5309	0.00878497
1323	5309	0.00878497
5309	5310	0.00837235
1328	5310	0.00837235
2462	5311	0.00695386
2461	5311	0.00695386
1728	5312	0.00519563
4839	5312	0.00519563
2297	5313	0.00594698
2202	5313	0.00594698
4852	5314	0.00587562
4853	5314	0.00587562
4845	5315	0.00675988
5283	5315	0.00675988
1637	5316	0.00672548
5315	5316	0.00672548
5316	5317	0.00672433
3109	5317	0.00672433
5317	5318	0.00671684
633	5318	0.00671684
5318	5319	0.00670355
224	5319	0.00670355
2917	5320	0.00668728
5319	5320	0.00668728
5320	5321	0.0066729
4751	5321	0.0066729
5321	5322	0.00666134
2715	5322	0.00666134
1492	5322	0.00666134
5322	5323	0.00664987
1211	5323	0.00664987
5323	5324	0.00664246
1879	5324	0.00664246
5324	5325	0.00663193
1241	5325	0.00663193
1657	5326	0.00662904
5325	5326	0.00662904
5301	5327	0.00664987
2666	5327	0.00664987
5326	5328	0.0065643
2376	5328	0.0065643
1160	5329	0.00652585
5328	5329	0.00652585
5329	5330	0.00651661
5289	5330	0.00651661
5327	5330	0.00651661
878	5331	0.00651542
5330	5331	0.00651542
5331	5332	0.00651317
5284	5332	0.00651317
5332	5333	0.00649836
2425	5333	0.00649836
5333	5334	0.00649733
1799	5334	0.00649733
1911	5335	0.00649545
5334	5335	0.00649545
1673	5336	0.00647645
5335	5336	0.00647645
4773	5337	0.00647153
5336	5337	0.00647153
2003	5338	0.0064583
5337	5338	0.0064583
1986	5339	0.00644874
5338	5339	0.00644874
4637	5340	0.00657927
2449	5340	0.00657927
693	5341	0.00642493
5339	5341	0.00642493
2635	5342	0.00641245
5341	5342	0.00641245
5342	5343	0.00641075
4603	5343	0.00641075
457	5343	0.00641075
709	5344	0.00640104
5343	5344	0.00640104
4669	5345	0.00638525
5344	5345	0.00638525
5345	5346	0.0063745
5304	5346	0.0063745
5346	5347	0.00636797
262	5347	0.00636797
1956	5348	0.00635498
1893	5348	0.00635498
5347	5348	0.00635498
318	5349	0.00635458
5348	5349	0.00635458
5349	5350	0.00632797
1239	5350	0.00632797
5350	5351	0.00632113
1430	5351	0.00632113
5351	5352	0.00631237
1794	5352	0.00631237
5352	5353	0.00631049
2105	5353	0.00631049
5353	5354	0.00630032
2924	5354	0.00630032
5354	5355	0.00628386
5340	5355	0.00628386
5310	5355	0.00628386
4842	5356	0.00628095
805	5356	0.00628095
5355	5356	0.00628095
5356	5357	0.00626759
1192	5357	0.00626759
5357	5358	0.00624189
1377	5358	0.00624189
1276	5359	0.00623998
5358	5359	0.00623998
5359	5360	0.00623623
5307	5360	0.00623623
1623	5361	0.00623243
5360	5361	0.00623243
5361	5362	0.00622942
675	5362	0.00622942
5362	5363	0.00622759
388	5363	0.00622759
222	5364	0.00622558
5363	5364	0.00622558
383	5364	0.00622558
5364	5365	0.00622376
324	5365	0.00622376
5365	5366	0.00620169
1502	5366	0.00620169
470	5367	0.00619423
5366	5367	0.00619423
2023	5368	0.00618745
5367	5368	0.00618745
1895	5369	0.00618268
5368	5369	0.00618268
3138	5369	0.00618268
5369	5370	0.00616721
5308	5370	0.00616721
2718	5371	0.00615219
5370	5371	0.00615219
4686	5372	0.00614843
5371	5372	0.00614843
1017	5373	0.00613785
5372	5373	0.00613785
5373	5374	0.00611783
1539	5374	0.00611783
5374	5375	0.0061053
1707	5375	0.0061053
5375	5376	0.00609881
251	5376	0.00609881
2388	5377	0.0060931
5376	5377	0.0060931
1034	5378	0.006073
5377	5378	0.006073
1733	5379	0.00604261
5378	5379	0.00604261
5379	5380	0.00604152
1231	5380	0.00604152
5380	5381	0.00604042
2460	5381	0.00604042
5381	5382	0.0060395
419	5382	0.0060395
2394	5383	0.00603773
5382	5383	0.00603773
1843	5384	0.00603577
5383	5384	0.00603577
2750	5385	0.00602342
5384	5385	0.00602342
2384	5386	0.00601769
5385	5386	0.00601769
3036	5387	0.0060063
5386	5387	0.0060063
5387	5388	0.0059901
3041	5388	0.0059901
166	5389	0.00598914
506	5389	0.00598914
5388	5389	0.00598914
2445	5390	0.00598262
5389	5390	0.00598262
3093	5391	0.00596048
5390	5391	0.00596048
274	5392	0.00594048
5391	5392	0.00594048
5392	5393	0.00593757
1642	5393	0.00593757
292	5394	0.00591681
5393	5394	0.00591681
4583	5395	0.00591567
5394	5395	0.00591567
2441	5396	0.00590602
5395	5396	0.00590602
2535	5397	0.00589535
5396	5397	0.00589535
742	5398	0.00589082
5397	5398	0.00589082
4645	5399	0.0058794
5398	5399	0.0058794
630	5400	0.00587562
5399	5400	0.00587562
5400	5401	0.00586498
2538	5401	0.00586498
5401	5402	0.00585567
2794	5402	0.00585567
5402	5403	0.00583742
3094	5403	0.00583742
2210	5404	0.00582807
5403	5404	0.00582807
1966	5405	0.00582207
5404	5405	0.00582207
5405	5406	0.00581837
1229	5406	0.00581837
3200	5407	0.00580214
5406	5407	0.00580214
5306	5408	0.00659166
400	5408	0.00659166
2824	5409	0.00553248
3072	5409	0.00553248
5407	5410	0.00577193
2845	5410	0.00577193
1	5411	0.00575153
5410	5411	0.00575153
4789	5412	0.00575061
5411	5412	0.00575061
2056	5413	0.00574593
5412	5413	0.00574593
4787	5414	0.00571202
5413	5414	0.00571202
5414	5415	0.00570098
839	5415	0.00570098
3319	5416	0.00570014
5415	5416	0.00570014
2705	5417	0.00569353
5416	5417	0.00569353
5417	5418	0.00569055
731	5418	0.00569055
2059	5419	0.00568848
5418	5419	0.00568848
5419	5420	0.00568579
741	5420	0.00568579
5420	5421	0.00567901
2682	5421	0.00567901
3275	5422	0.00567834
5421	5422	0.00567834
5422	5423	0.00567733
2070	5423	0.00567733
5423	5424	0.00567047
443	5424	0.00567047
4800	5425	0.00566282
5424	5425	0.00566282
2725	5426	0.00566081
5425	5426	0.00566081
2516	5427	0.00563911
5426	5427	0.00563911
1765	5428	0.00563523
5427	5428	0.00563523
5428	5429	0.00562378
1786	5429	0.00562378
5429	5430	0.00562159
4642	5430	0.00562159
5408	5430	0.00562159
1948	5431	0.00562001
5430	5431	0.00562001
4802	5432	0.00561553
5431	5432	0.00561553
5432	5433	0.00560878
519	5433	0.00560878
3135	5434	0.00559142
5433	5434	0.00559142
1252	5434	0.00559142
1524	5435	0.00558547
5434	5435	0.00558547
5435	5436	0.00557989
186	5436	0.00557989
5436	5437	0.00555797
1671	5437	0.00555797
2888	5438	0.00555615
5437	5438	0.00555615
3166	5439	0.0055298
5438	5439	0.0055298
5439	5440	0.00551056
1048	5440	0.00551056
2126	5441	0.0055047
5440	5441	0.0055047
1439	5442	0.00549856
4770	5442	0.00549856
5441	5442	0.00549856
1641	5443	0.00549228
5442	5443	0.00549228
3083	5444	0.00548654
850	5444	0.00548654
5443	5444	0.00548654
1166	5445	0.0054855
5444	5445	0.0054855
2785	5446	0.00545791
5445	5446	0.00545791
835	5446	0.00545791
2874	5447	0.00544249
5446	5447	0.00544249
5447	5448	0.00543587
1228	5448	0.00543587
5448	5449	0.00542444
2437	5449	0.00542444
5449	5450	0.00542169
316	5450	0.00542169
1722	5451	0.00553518
1719	5451	0.00553518
4761	5452	0.0054149
5450	5452	0.0054149
1344	5453	0.00541409
5452	5453	0.00541409
3038	5453	0.00541409
5453	5454	0.00541204
3100	5454	0.00541204
5454	5455	0.00540148
4796	5455	0.00540148
1934	5456	0.00539118
5455	5456	0.00539118
1480	5457	0.00537629
5456	5457	0.00537629
360	5458	0.00537116
5457	5458	0.00537116
5451	5458	0.00537116
1482	5459	0.0053634
5458	5459	0.0053634
5459	5460	0.00536064
5311	5460	0.00536064
5460	5461	0.0053501
1240	5461	0.0053501
5409	5462	0.00533867
5461	5462	0.00533867
5462	5463	0.00532689
405	5463	0.00532689
5463	5464	0.00532452
355	5464	0.00532452
2914	5465	0.00532037
5464	5465	0.00532037
1714	5466	0.00531858
5465	5466	0.00531858
2054	5467	0.00531011
5466	5467	0.00531011
5467	5468	0.00530859
1659	5468	0.00530859
1310	5469	0.00529695
5468	5469	0.00529695
3260	5470	0.00529485
5469	5470	0.00529485
2568	5471	0.00529136
5470	5471	0.00529136
5471	5472	0.00528255
2960	5472	0.00528255
963	5473	0.00526552
5472	5473	0.00526552
5473	5474	0.00525859
66	5474	0.00525859
5474	5475	0.00524695
3143	5475	0.00524695
2467	5476	0.00524523
5475	5476	0.00524523
5476	5477	0.00524234
200	5477	0.00524234
249	5477	0.00524234
2720	5478	0.00522743
5477	5478	0.00522743
5478	5479	0.00522393
735	5479	0.00522393
5479	5480	0.00521553
2367	5480	0.00521553
382	5481	0.00520036
5480	5481	0.00520036
421	5482	0.00519853
5481	5482	0.00519853
5482	5483	0.00519768
387	5483	0.00519768
5483	5484	0.00519077
2808	5484	0.00519077
2714	5485	0.00517177
5484	5485	0.00517177
2784	5486	0.00516237
4602	5486	0.00516237
5485	5486	0.00516237
5486	5487	0.00514631
326	5487	0.00514631
2267	5488	0.006029
441	5488	0.006029
3028	5489	0.00511977
5487	5489	0.00511977
5489	5490	0.00510294
1688	5490	0.00510294
5490	5491	0.00509348
582	5491	0.00509348
5491	5492	0.00508593
3040	5492	0.00508593
69	5493	0.00508013
5492	5493	0.00508013
2967	5494	0.00507733
5493	5494	0.00507733
5494	5495	0.00507625
2180	5495	0.00507625
5495	5496	0.00507504
1927	5496	0.00507504
2736	5497	0.00506201
5496	5497	0.00506201
5497	5498	0.00505338
49	5498	0.00505338
5498	5499	0.00502205
2231	5499	0.00502205
5499	5500	0.00502117
1795	5500	0.00502117
5500	5501	0.00500925
714	5501	0.00500925
1781	5501	0.00500925
1780	5501	0.00500925
5501	5502	0.00500858
869	5502	0.00500858
1014	5503	0.0050057
5502	5503	0.0050057
2522	5504	0.00500088
5503	5504	0.00500088
970	5505	0.00499542
5504	5505	0.00499542
2772	5506	0.00499154
4846	5506	0.00499154
2000	5506	0.00499154
5505	5506	0.00499154
2770	5507	0.00498762
5506	5507	0.00498762
1433	5507	0.00498762
5507	5508	0.00498012
3104	5508	0.00498012
5508	5509	0.00493426
493	5509	0.00493426
5509	5510	0.00492305
1050	5510	0.00492305
5510	5511	0.00491054
5302	5511	0.00491054
5488	5511	0.00491054
4777	5512	0.00490768
5511	5512	0.00490768
5512	5513	0.00490379
661	5513	0.00490379
499	5514	0.00489143
5513	5514	0.00489143
5514	5515	0.00488569
2964	5515	0.00488569
3261	5516	0.00487417
5515	5516	0.00487417
1375	5517	0.00487328
5516	5517	0.00487328
4851	5518	0.0048685
5517	5518	0.0048685
5518	5519	0.00486667
4793	5519	0.00486667
2550	5520	0.00486565
5519	5520	0.00486565
5520	5521	0.00486448
2084	5521	0.00486448
496	5522	0.00485116
5521	5522	0.00485116
5522	5523	0.00483807
3046	5523	0.00483807
5523	5524	0.0048256
4598	5524	0.0048256
99	5524	0.0048256
454	5525	0.00481815
5524	5525	0.00481815
5525	5526	0.00479146
468	5526	0.00479146
2219	5527	0.00478839
5526	5527	0.00478839
5527	5528	0.00478635
1570	5528	0.00478635
2741	5528	0.00478635
5312	5529	0.00478072
1720	5529	0.00478072
5528	5529	0.00478072
854	5530	0.00477886
5529	5530	0.00477886
597	5531	0.00476102
5530	5531	0.00476102
5531	5532	0.0047456
1790	5532	0.0047456
1944	5533	0.00474075
5532	5533	0.00474075
473	5534	0.00473787
5533	5534	0.00473787
5534	5535	0.00473506
954	5535	0.00473506
5535	5536	0.00472842
2130	5536	0.00472842
4850	5537	0.00471876
5536	5537	0.00471876
5537	5538	0.0046958
1254	5538	0.0046958
338	5539	0.00468828
5538	5539	0.00468828
5539	5540	0.00467746
1247	5540	0.00467746
2296	5541	0.00465966
5540	5541	0.00465966
5541	5542	0.00465106
1242	5542	0.00465106
2978	5543	0.00464655
5542	5543	0.00464655
5543	5544	0.00463772
2510	5544	0.00463772
2443	5545	0.00460992
5544	5545	0.00460992
1038	5546	0.00445203
3328	5546	0.00445203
5545	5547	0.0046062
1588	5547	0.0046062
1631	5548	0.00459385
5547	5548	0.00459385
1615	5549	0.00459011
5548	5549	0.00459011
5549	5550	0.00458622
2028	5550	0.00458622
774	5551	0.00457009
5550	5551	0.00457009
5314	5552	0.0045625
5551	5552	0.0045625
5552	5553	0.00455952
1784	5553	0.00455952
5553	5554	0.00455584
2220	5554	0.00455584
518	5555	0.00455188
5554	5555	0.00455188
5555	5556	0.00453908
1233	5556	0.00453908
2629	5557	0.00453187
5556	5557	0.00453187
550	5558	0.00452911
1297	5558	0.00452911
5557	5558	0.00452911
2369	5559	0.00452233
5558	5559	0.00452233
123	5560	0.00451761
5559	5560	0.00451761
1296	5561	0.00451548
5560	5561	0.00451548
3364	5562	0.00450322
5561	5562	0.00450322
1612	5563	0.00449808
5562	5563	0.00449808
5563	5564	0.00449466
1721	5564	0.00449466
5564	5565	0.00447752
1230	5565	0.00447752
86	5566	0.00445659
5565	5566	0.00445659
77	5567	0.00444895
5566	5567	0.00444895
2936	5568	0.00444771
2076	5568	0.00444771
5567	5568	0.00444771
2171	5569	0.00444517
5568	5569	0.00444517
5569	5570	0.00443833
2826	5570	0.00443833
1095	5571	0.00442115
1120	5571	0.00442115
5570	5571	0.00442115
2495	5572	0.00441456
5571	5572	0.00441456
4847	5573	0.00439081
5572	5573	0.00439081
5573	5574	0.00436215
871	5574	0.00436215
2724	5575	0.00435643
5574	5575	0.00435643
1184	5576	0.00435079
5575	5576	0.00435079
5576	5577	0.00434773
2433	5577	0.00434773
2847	5577	0.00434773
4849	5578	0.00434673
5577	5578	0.00434673
5578	5579	0.00433825
4620	5579	0.00433825
5579	5580	0.00433621
2986	5580	0.00433621
5580	5581	0.00433459
482	5581	0.00433459
39	5582	0.00433345
5581	5582	0.00433345
1168	5583	0.00432207
5582	5583	0.00432207
5583	5584	0.00431832
879	5584	0.00431832
2993	5585	0.00431532
5584	5585	0.00431532
629	5586	0.00430693
5585	5586	0.00430693
5546	5587	0.00430564
5586	5587	0.00430564
2432	5588	0.00429928
5587	5588	0.00429928
2476	5589	0.00429251
5588	5589	0.00429251
4614	5590	0.00428391
5589	5590	0.00428391
5590	5591	0.00425927
766	5591	0.00425927
2895	5592	0.00425343
2193	5592	0.00425343
5591	5592	0.00425343
5592	5593	0.00424766
1243	5593	0.00424766
5593	5594	0.00424101
2184	5594	0.00424101
4667	5595	0.00423432
5594	5595	0.00423432
2518	5596	0.00422777
5595	5596	0.00422777
5313	5597	0.00421522
5596	5597	0.00421522
5597	5598	0.00417233
1991	5598	0.00417233
2979	5599	0.00416851
5598	5599	0.00416851
4707	5600	0.00416284
1108	5600	0.00416284
5599	5600	0.00416284
2787	5600	0.00416284
2766	5600	0.00416284
1627	5601	0.00416154
5600	5601	0.00416154
4838	5602	0.00415323
471	5602	0.00415323
5601	5602	0.00415323
1054	5603	0.00414937
5602	5603	0.00414937
1149	5604	0.00519563
1148	5604	0.00519563
1147	5605	0.00506876
5604	5605	0.00506876
2698	5606	0.00538157
1963	5606	0.00538157
3114	5607	0.00361362
14	5607	0.00361362
9	5607	0.00361362
4813	5608	0.00258827
2279	5608	0.00258827
5608	5609	0.00204467
2621	5609	0.00204467
3123	5610	0.00277896
282	5610	0.00277896
4803	5611	0.00175764
2686	5611	0.00175764
141	5612	0.00169569
142	5612	0.00169569
5612	5613	0.00159072
139	5613	0.00159072
2891	5614	0.00215814
1445	5614	0.00215814
1569	5615	0.00266838
3342	5615	0.00266838
930	5616	0.00288972
2764	5616	0.00288972
1419	5617	0.00168899
1435	5617	0.00168899
5617	5618	0.00153733
4639	5618	0.00153733
3059	5619	0.00347511
952	5619	0.00347511
1725	5620	0.00249859
1527	5620	0.00249859
4805	5621	0.00349978
1716	5621	0.00349978
4679	5622	0.00338362
4759	5622	0.00338362
2149	5623	0.00236702
2148	5623	0.00236702
751	5624	0.00404341
1904	5624	0.00404341
1006	5625	0.00273703
856	5625	0.00273703
1181	5626	0.00346002
794	5626	0.00346002
2896	5627	0.00398826
4815	5627	0.00398826
4825	5628	0.00412368
2489	5628	0.00412368
5628	5629	0.00368128
4711	5629	0.00368128
3180	5630	0.00407981
4808	5630	0.00407981
4812	5631	0.00377084
1373	5631	0.00377084
268	5632	0.00402643
3212	5632	0.00402643
5603	5633	0.00414266
138	5633	0.00414266
1019	5634	0.00413801
5633	5634	0.00413801
1376	5635	0.00412655
5634	5635	0.00412655
330	5636	0.00412557
5635	5636	0.00412557
5636	5637	0.00412466
955	5637	0.00412466
5637	5638	0.00412181
1783	5638	0.00412181
975	5639	0.00411495
5638	5639	0.00411495
1116	5640	0.00411313
5639	5640	0.00411313
5640	5641	0.00409136
41	5641	0.00409136
42	5641	0.00409136
959	5641	0.00409136
5605	5641	0.00409136
5641	5642	0.0040855
2371	5642	0.0040855
1273	5642	0.0040855
1070	5643	0.00405894
5642	5643	0.00405894
265	5644	0.0040398
5643	5644	0.0040398
5644	5645	0.00403323
802	5645	0.00403323
2767	5646	0.00402643
5645	5646	0.00402643
5646	5647	0.00401875
125	5647	0.00401875
3156	5647	0.00401875
4823	5648	0.00401689
5647	5648	0.00401689
1860	5649	0.00401013
5648	5649	0.00401013
140	5650	0.00400353
5649	5650	0.00400353
2983	5651	0.00399679
5650	5651	0.00399679
5651	5652	0.00398634
1423	5652	0.00398634
872	5653	0.00396157
5652	5653	0.00396157
2129	5654	0.00394243
5653	5654	0.00394243
2915	5655	0.00393658
5654	5655	0.00393658
4766	5656	0.00392912
5655	5656	0.00392912
5656	5657	0.00392628
722	5657	0.00392628
5657	5658	0.00392146
1248	5658	0.00392146
5658	5659	0.00390819
2438	5659	0.00390819
3369	5660	0.0038626
5659	5660	0.0038626
2517	5661	0.00383086
5660	5661	0.00383086
1007	5662	0.00379656
5661	5662	0.00379656
5662	5663	0.00379175
1234	5663	0.00379175
2169	5663	0.00379175
4790	5664	0.00378979
5663	5664	0.00378979
7	5665	0.00378601
5664	5665	0.00378601
2655	5666	0.00377269
5665	5666	0.00377269
3107	5667	0.00377084
5666	5667	0.00377084
38	5668	0.00376707
5667	5668	0.00376707
5631	5669	0.00372512
3174	5669	0.00372512
600	5670	0.00376318
5668	5670	0.00376318
5670	5671	0.00375933
2585	5671	0.00375933
1705	5672	0.00373159
5671	5672	0.00373159
2488	5673	0.00372662
5672	5673	0.00372662
986	5674	0.00372408
5673	5674	0.00372408
2802	5675	0.00370988
5674	5675	0.00370988
343	5676	0.00370878
5675	5676	0.00370878
3370	5677	0.00370595
5676	5677	0.00370595
5677	5678	0.00369629
2225	5678	0.00369629
5678	5679	0.00367838
264	5679	0.00367838
3173	5680	0.00366785
5679	5680	0.00366785
1768	5681	0.00365818
5680	5681	0.00365818
1321	5682	0.00364394
5681	5682	0.00364394
1245	5682	0.00364394
2006	5683	0.00362864
5682	5683	0.00362864
4783	5684	0.00362394
5683	5684	0.00362394
5669	5685	0.00362022
5684	5685	0.00362022
1910	5685	0.00362022
754	5686	0.00361362
5685	5686	0.00361362
5686	5687	0.00361255
1238	5687	0.00361255
2234	5688	0.0036096
5687	5688	0.0036096
2108	5689	0.00359632
5688	5689	0.00359632
3027	5690	0.00359537
1943	5690	0.00359537
5689	5690	0.00359537
1079	5691	0.00359439
5690	5691	0.00359439
5691	5692	0.00357724
870	5692	0.00357724
5692	5693	0.00356191
2455	5693	0.00356191
5693	5694	0.00355724
20	5694	0.00355724
589	5695	0.00354954
4730	5695	0.00354954
5694	5695	0.00354954
5695	5696	0.00353815
3139	5696	0.00353815
5696	5697	0.00353243
3023	5697	0.00353243
5632	5698	0.00352954
5697	5698	0.00352954
4767	5699	0.00352553
5698	5699	0.00352553
2995	5700	0.00352497
5699	5700	0.00352497
79	5701	0.00350752
5700	5701	0.00350752
928	5702	0.00350575
5701	5702	0.00350575
2131	5703	0.00350484
5702	5703	0.00350484
5703	5704	0.00350284
2424	5704	0.00350284
2122	5705	0.00353712
1187	5705	0.00353712
1753	5706	0.00348283
5704	5706	0.00348283
185	5707	0.00347993
5706	5707	0.00347993
5707	5708	0.00347899
2412	5708	0.00347899
363	5709	0.0034771
5708	5709	0.0034771
5709	5710	0.00344751
2338	5710	0.00344751
1205	5711	0.00343519
5710	5711	0.00343519
916	5711	0.00343519
1393	5711	0.00343519
1402	5711	0.00343519
2740	5711	0.00343519
5705	5711	0.00343519
3194	5712	0.00343322
5711	5712	0.00343322
2374	5713	0.00342465
5712	5713	0.00342465
2732	5714	0.00342368
5713	5714	0.00342368
5714	5715	0.00341133
2351	5715	0.00341133
1995	5716	0.00339217
5715	5716	0.00339217
11	5717	0.00338945
1206	5717	0.00338945
5716	5717	0.00338945
1051	5718	0.00337885
5717	5718	0.00337885
4835	5719	0.00337595
5718	5719	0.00337595
479	5720	0.00335309
5719	5720	0.00335309
4814	5721	0.00335116
5720	5721	0.00335116
1656	5722	0.00334455
5721	5722	0.00334455
4715	5723	0.00334077
5722	5723	0.00334077
3360	5724	0.00332271
5723	5724	0.00332271
2660	5725	0.00331502
5724	5725	0.00331502
958	5726	0.0033082
5725	5726	0.0033082
5726	5727	0.00329792
695	5727	0.00329792
4816	5728	0.00329508
1880	5728	0.00329508
5727	5728	0.00329508
700	5729	0.00327984
5728	5729	0.00327984
1730	5730	0.00327871
5729	5730	0.00327871
4596	5731	0.00327394
5730	5731	0.00327394
1766	5732	0.00326825
5731	5732	0.00326825
5732	5733	0.00326644
1226	5733	0.00326644
1520	5734	0.00326554
5733	5734	0.00326554
2268	5735	0.00325971
5734	5735	0.00325971
1281	5736	0.00325778
5735	5736	0.00325778
2132	5737	0.00325393
5736	5737	0.00325393
2041	5737	0.00325393
4774	5738	0.00322235
5737	5738	0.00322235
4718	5739	0.00321861
5738	5739	0.00321861
3284	5740	0.00320536
1394	5740	0.00320536
5739	5740	0.00320536
4655	5741	0.00320347
5740	5741	0.00320347
370	5742	0.00319964
5741	5742	0.00319964
1992	5743	0.00319091
5742	5743	0.00319091
1396	5744	0.00318905
5743	5744	0.00318905
5744	5745	0.00318625
2020	5745	0.00318625
1747	5746	0.00318141
5745	5746	0.00318141
5746	5747	0.00317956
2194	5747	0.00317956
4694	5748	0.00317569
5747	5748	0.00317569
3086	5749	0.00317384
5748	5749	0.00317384
4666	5750	0.00315569
5749	5750	0.00315569
3223	5751	0.00315471
5750	5751	0.00315471
31	5752	0.00315106
5751	5752	0.00315106
1682	5753	0.00314517
1683	5753	0.00314517
5752	5753	0.00314517
2803	5754	0.00314039
5753	5754	0.00314039
2037	5755	0.00313097
1113	5755	0.00313097
111	5755	0.00313097
5754	5755	0.00313097
907	5756	0.00312996
5755	5756	0.00312996
2464	5757	0.00311671
2988	5757	0.00311671
5756	5757	0.00311671
5757	5758	0.00310987
1330	5758	0.00310987
5758	5759	0.00309561
588	5759	0.00309561
937	5759	0.00309561
4681	5760	0.00285159
83	5760	0.00285159
1114	5761	0.00307851
2092	5761	0.00307851
4836	5762	0.00298775
5761	5762	0.00298775
5759	5763	0.0030794
117	5763	0.0030794
2735	5764	0.00305655
5763	5764	0.00305655
1424	5765	0.00305171
5764	5765	0.00305171
1020	5766	0.0030384
5765	5766	0.0030384
5630	5767	0.00303073
5766	5767	0.00303073
1522	5768	0.00302407
5767	5768	0.00302407
4821	5769	0.00302118
5768	5769	0.00302118
2067	5770	0.00299738
5769	5770	0.00299738
4750	5771	0.00299558
5770	5771	0.00299558
5771	5772	0.00298887
4726	5772	0.00298887
732	5773	0.00295728
5772	5773	0.00295728
2368	5774	0.00295254
5773	5774	0.00295254
2101	5775	0.00295161
5774	5775	0.00295161
2630	5776	0.00294679
2453	5776	0.00294679
5775	5776	0.00294679
3239	5777	0.00294497
5776	5777	0.00294497
2482	5778	0.00293244
5777	5778	0.00293244
2353	5779	0.00292308
5778	5779	0.00292308
2493	5780	0.00291424
5779	5780	0.00291424
2233	5781	0.00289731
5780	5781	0.00289731
5781	5782	0.00289532
2957	5782	0.00289532
512	5783	0.00289153
5782	5783	0.00289153
877	5784	0.00285605
5783	5784	0.00285605
1009	5785	0.00284106
5784	5785	0.00284106
5785	5786	0.00283818
2436	5786	0.00283818
3325	5787	0.00282187
5786	5787	0.00282187
4831	5788	0.00281994
5787	5788	0.00281994
5629	5789	0.00281145
1299	5789	0.00281145
5788	5789	0.00281145
1125	5790	0.00280869
5789	5790	0.00280869
5790	5791	0.00280082
762	5791	0.00280082
191	5792	0.00279712
5791	5792	0.00279712
982	5793	0.00278473
5792	5793	0.00278473
2571	5794	0.00278283
5793	5794	0.00278283
5794	5795	0.00277227
2478	5795	0.00277227
2383	5796	0.00276474
5795	5796	0.00276474
4829	5797	0.00274466
5796	5797	0.00274466
5797	5798	0.00273515
737	5798	0.00273515
4832	5799	0.00273135
5798	5799	0.00273135
3211	5800	0.00271515
5799	5800	0.00271515
2620	5801	0.00270458
3158	5801	0.00270458
5800	5801	0.00270458
1983	5802	0.00268173
2947	5802	0.00268173
5801	5802	0.00268173
275	5803	0.00267793
5802	5803	0.00267793
5803	5804	0.00267123
1204	5804	0.00267123
5804	5805	0.00266929
1416	5805	0.00266929
4817	5806	0.00266838
4799	5806	0.00266838
5805	5806	0.00266838
349	5807	0.00266172
5806	5807	0.00266172
2113	5808	0.0026531
5807	5808	0.0026531
985	5809	0.00264164
5808	5809	0.00264164
1571	5810	0.00263499
5809	5810	0.00263499
1121	5811	0.00262928
3248	5811	0.00262928
5810	5811	0.00262928
4834	5812	0.00262733
5811	5812	0.00262733
2499	5813	0.00262451
5812	5813	0.00262451
78	5814	0.00262348
5813	5814	0.00262348
648	5815	0.00261787
5814	5815	0.00261787
148	5816	0.0026168
5815	5816	0.0026168
4623	5817	0.0026065
5816	5817	0.0026065
4820	5818	0.00260353
5817	5818	0.00260353
2281	5819	0.00260163
5818	5819	0.00260163
910	5820	0.00259976
5819	5820	0.00259976
1335	5821	0.00259883
5820	5821	0.00259883
591	5822	0.00258351
5821	5822	0.00258351
4833	5823	0.00258067
1318	5823	0.00258067
5822	5823	0.00258067
5627	5824	0.00256253
477	5824	0.00256253
5823	5824	0.00256253
2001	5825	0.00255008
5824	5825	0.00255008
4626	5826	0.00254532
5825	5826	0.00254532
2031	5827	0.00254151
5826	5827	0.00254151
5760	5828	0.00253867
5827	5828	0.00253867
1280	5829	0.00253581
5828	5829	0.00253581
2385	5830	0.0025273
5829	5830	0.0025273
2086	5831	0.00251864
5830	5831	0.00251864
808	5832	0.00251583
5831	5832	0.00251583
758	5833	0.00250527
5832	5833	0.00250527
1604	5834	0.00250437
5833	5834	0.00250437
1274	5835	0.00250248
5834	5835	0.00250248
4719	5836	0.00250055
5835	5836	0.00250055
2366	5837	0.00249003
5836	5837	0.00249003
3272	5838	0.00248425
5837	5838	0.00248425
2607	5839	0.00247004
5838	5839	0.00247004
229	5840	0.00245846
5839	5840	0.00245846
5762	5841	0.00240418
5840	5841	0.00240418
1640	5842	0.00238417
5841	5842	0.00238417
5842	5843	0.0023718
259	5843	0.0023718
90	5844	0.00236887
5843	5844	0.00236887
1929	5845	0.00236417
5844	5845	0.00236417
669	5846	0.00180533
560	5846	0.00180533
4830	5847	0.00220298
2521	5847	0.00220298
2119	5848	0.00199411
2898	5848	0.00199411
144	5849	0.00212864
2674	5849	0.00212864
2564	5850	0.00185298
1067	5850	0.00185298
2681	5851	0.00191402
1908	5851	0.00191402
2010	5852	0.00234891
5845	5852	0.00234891
2804	5853	0.00234793
5852	5853	0.00234793
404	5854	0.00234036
5853	5854	0.00234036
2875	5855	0.00233451
4837	5855	0.00233451
1039	5855	0.00233451
5854	5855	0.00233451
3172	5856	0.00233266
5855	5856	0.00233266
707	5857	0.00232792
5856	5857	0.00232792
5857	5858	0.00230023
2648	5858	0.00230023
3102	5859	0.00228785
5858	5859	0.00228785
1155	5860	0.00228691
5859	5860	0.00228691
2298	5861	0.00228595
5860	5861	0.00228595
944	5862	0.00228495
5861	5862	0.00228495
2300	5863	0.0022831
5862	5863	0.0022831
2897	5864	0.00228117
2397	5864	0.00228117
5863	5864	0.00228117
2490	5865	0.00227837
5864	5865	0.00227837
5865	5866	0.00226783
1354	5866	0.00226783
2480	5867	0.00226689
5866	5867	0.00226689
481	5868	0.00225354
5867	5868	0.00225354
1905	5869	0.00223631
5868	5869	0.00223631
5869	5870	0.00223544
2829	5870	0.00223544
3030	5871	0.00222494
5870	5871	0.00222494
1954	5872	0.0022144
5871	5872	0.0022144
5872	5873	0.00220107
2987	5873	0.00220107
2956	5873	0.00220107
1771	5874	0.00216864
5873	5874	0.00216864
2551	5875	0.00216292
5874	5875	0.00216292
4772	5876	0.00214578
5875	5876	0.00214578
1212	5877	0.00213813
5876	5877	0.00213813
104	5878	0.00212951
5877	5878	0.00212951
2809	5879	0.00212
5878	5879	0.00212
2409	5880	0.00211906
5879	5880	0.00211906
1873	5881	0.00211144
5880	5881	0.00211144
2992	5882	0.00210663
5881	5882	0.00210663
2504	5883	0.00210189
5882	5883	0.00210189
4714	5884	0.002099
5883	5884	0.002099
2347	5885	0.00209715
5884	5885	0.00209715
2556	5886	0.00209523
5885	5886	0.00209523
5626	5887	0.00209141
5886	5887	0.00209141
2911	5888	0.0020904
5887	5888	0.0020904
5888	5889	0.00207808
4618	5889	0.00207808
3106	5890	0.0020733
5889	5890	0.0020733
1217	5891	0.00207042
5890	5891	0.00207042
2645	5892	0.00206855
5891	5892	0.00206855
1731	5893	0.00205802
5892	5893	0.00205802
5893	5894	0.00204753
972	5894	0.00204753
1939	5895	0.00204467
5894	5895	0.00204467
2976	5896	0.00203897
5895	5896	0.00203897
1670	5897	0.00203322
5896	5897	0.00203322
831	5898	0.00203137
5897	5898	0.00203137
2599	5899	0.00202949
5898	5899	0.00202949
1993	5900	0.00202654
1994	5900	0.00202654
5899	5900	0.00202654
73	5901	0.00201791
5900	5901	0.00201791
866	5902	0.00200557
5901	5902	0.00200557
356	5903	0.00199508
5902	5903	0.00199508
3058	5904	0.00196466
5903	5904	0.00196466
4785	5905	0.00196365
5904	5905	0.00196365
1573	5906	0.00195979
5905	5906	0.00195979
4606	5907	0.00195692
5906	5907	0.00195692
1743	5908	0.00195311
5907	5908	0.00195311
2103	5909	0.00194549
5908	5909	0.00194549
3037	5910	0.00193881
5909	5910	0.00193881
2337	5911	0.00192933
5910	5911	0.00192933
2380	5912	0.00191684
5911	5912	0.00191684
715	5913	0.00191496
5912	5913	0.00191496
1064	5914	0.00190642
5913	5914	0.00190642
1221	5915	0.00189115
5914	5915	0.00189115
527	5916	0.00188923
5915	5916	0.00188923
1035	5917	0.00188252
5916	5917	0.00188252
3144	5918	0.00186159
5917	5918	0.00186159
979	5919	0.00183962
5918	5919	0.00183962
3011	5920	0.00183104
5919	5920	0.00183104
1741	5921	0.00183008
5920	5921	0.00183008
107	5922	0.00182723
5921	5922	0.00182723
5624	5923	0.00180341
5922	5923	0.00180341
2241	5924	0.00179768
5923	5924	0.00179768
3127	5925	0.00174145
160	5925	0.00174145
2878	5926	0.00178818
5924	5926	0.00178818
1263	5927	0.00176716
5926	5927	0.00176716
1806	5928	0.00176619
5927	5928	0.00176619
5928	5929	0.00176525
257	5929	0.00176525
2043	5930	0.00175286
5929	5930	0.00175286
1972	5931	0.001749
5930	5931	0.001749
5931	5932	0.00174431
3155	5932	0.00174431
1689	5933	0.00174145
5932	5933	0.00174145
1110	5934	0.00173377
5933	5934	0.00173377
5625	5935	0.00172996
5934	5935	0.00172996
1655	5936	0.00172431
5935	5936	0.00172431
5936	5937	0.00171947
858	5937	0.00171947
1829	5938	0.00171087
5937	5938	0.00171087
3121	5938	0.00171087
4757	5939	0.00170038
5938	5939	0.00170038
320	5940	0.00169946
5939	5940	0.00169946
5851	5941	0.00169277
5940	5941	0.00169277
5941	5942	0.00168899
3222	5942	0.00168899
5925	5943	0.00168035
5942	5943	0.00168035
451	5944	0.00167938
5943	5944	0.00167938
581	5945	0.00167752
5944	5945	0.00167752
5945	5946	0.00167272
2127	5946	0.00167272
2758	5947	0.00167083
5946	5947	0.00167083
1534	5948	0.00165846
5947	5948	0.00165846
3175	5949	0.00165083
5948	5949	0.00165083
899	5950	0.0016422
5949	5950	0.0016422
525	5951	0.00164033
5950	5951	0.00164033
5622	5952	0.00163457
5951	5952	0.00163457
1961	5953	0.00163269
2837	5953	0.00163269
5952	5953	0.00163269
546	5954	0.00162125
5953	5954	0.00162125
771	5955	0.00161458
5954	5955	0.00161458
5847	5956	0.00161166
5955	5956	0.00161166
1191	5957	0.0016079
5956	5957	0.0016079
5623	5958	0.001606
5957	5958	0.001606
2360	5959	0.00159931
5958	5959	0.00159931
2678	5960	0.00158025
5959	5960	0.00158025
2590	5961	0.00157928
5960	5961	0.00157928
2365	5962	0.00156403
5961	5962	0.00156403
2597	5963	0.00156116
167	5963	0.00156116
5962	5963	0.00156116
1696	5964	0.00152302
2795	5964	0.00152302
4696	5965	0.00155641
5963	5965	0.00155641
272	5966	0.00155354
2402	5966	0.00155354
5965	5966	0.00155354
1990	5967	0.00155066
5966	5967	0.00155066
476	5968	0.00154398
5967	5968	0.00154398
47	5969	0.00153352
5968	5969	0.00153352
2706	5970	0.001524
4584	5970	0.001524
5969	5970	0.001524
1567	5971	0.00152017
5970	5971	0.00152017
2639	5972	0.00151828
5971	5972	0.00151828
1658	5973	0.00151538
5972	5973	0.00151538
3033	5974	0.00151441
5973	5974	0.00151441
5974	5975	0.00151063
40	5975	0.00151063
1275	5976	0.00150105
5975	5976	0.00150105
638	5977	0.00149538
1760	5977	0.00149538
5976	5977	0.00149538
5846	5978	0.00149151
5977	5978	0.00149151
1144	5979	0.00148863
5978	5979	0.00148863
3005	5980	0.00147629
5979	5980	0.00147629
5964	5981	0.00143813
5850	5981	0.00143813
1729	5982	0.00145912
5980	5982	0.00145912
4697	5983	0.00144765
5982	5983	0.00144765
1675	5984	0.00144383
5983	5984	0.00144383
273	5985	0.00142288
5984	5985	0.00142288
5849	5986	0.00140763
5985	5986	0.00140763
1167	5987	0.00140667
2172	5987	0.00140667
33	5987	0.00140667
34	5987	0.00140667
532	5987	0.00140667
289	5987	0.00140667
5986	5987	0.00140667
291	5988	0.0014038
5987	5988	0.0014038
5988	5989	0.00140191
3044	5989	0.00140191
2343	5990	0.00140096
5989	5990	0.00140096
1037	5991	0.00139525
5990	5991	0.00139525
1987	5992	0.00139332
5991	5992	0.00139332
1867	5993	0.00136947
5992	5993	0.00136947
4811	5994	0.00136377
5993	5994	0.00136377
5981	5995	0.00136185
5994	5995	0.00136185
1974	5996	0.00135708
5995	5996	0.00135708
3351	5997	0.00135517
5996	5997	0.00135517
5848	5998	0.00135325
5997	5998	0.00135325
3157	5999	0.000505447
853	5999	0.000505447
1533	6000	0.000810626
1584	6000	0.000810626
1174	6001	0.000783924
1914	6001	0.000783924
3242	6002	0.000946046
3208	6002	0.000946046
6002	6003	0.000932695
3221	6003	0.000932695
6003	6004	0.000911711
3231	6004	0.000911711
6004	6005	0.000903119
3232	6005	0.000903119
6005	6006	0.000901223
3234	6006	0.000901223
124	6007	0.00112435
2379	6007	0.00112435
32	6008	0.00133419
5998	6008	0.00133419
3181	6009	0.00132944
6008	6009	0.00132944
1057	6010	0.00132846
6009	6010	0.00132846
2162	6011	0.00131417
6010	6011	0.00131417
1678	6012	0.00129986
6011	6012	0.00129986
2095	6013	0.00129605
6012	6013	0.00129605
1957	6014	0.00129414
6013	6014	0.00129414
4771	6015	0.0012722
6014	6015	0.0012722
4624	6016	0.00123882
6015	6016	0.00123882
362	6017	0.00123215
6016	6017	0.00123215
3215	6018	0.00123119
6017	6018	0.00123119
3271	6019	0.00120926
6018	6019	0.00120926
5609	6020	0.00120544
6019	6020	0.00120544
2578	6021	0.00120445
6020	6021	0.00120445
1145	6022	0.00119875
6021	6022	0.00119875
1898	6023	0.00119209
6022	6023	0.00119209
736	6024	0.00118829
6023	6024	0.00118829
4616	6025	0.00118447
6024	6025	0.00118447
4824	6026	0.00118158
6025	6026	0.00118158
2887	6027	0.00118065
6026	6027	0.00118065
3255	6028	0.00116348
6027	6028	0.00116348
65	6029	0.00114824
2904	6029	0.00114824
1440	6030	0.00115776
6028	6030	0.00115776
2524	6031	0.00114537
6030	6031	0.00114537
3089	6032	0.00114442
2457	6032	0.00114442
6031	6032	0.00114442
2346	6033	0.00114155
6032	6033	0.00114155
1907	6034	0.00113869
6033	6034	0.00113869
4582	6035	0.00113201
6034	6035	0.00113201
1255	6036	0.00112629
5611	6036	0.00112629
6035	6036	0.00112629
5621	6037	0.00112533
6036	6037	0.00112533
276	6038	0.00112435
6037	6038	0.00112435
738	6039	0.00112246
6038	6039	0.00112246
973	6040	0.00111676
6039	6040	0.00111676
1026	6041	0.00110722
6040	6041	0.00110722
4819	6042	0.0011034
6041	6042	0.0011034
647	6043	0.00110247
3368	6043	0.00110247
6042	6043	0.00110247
3169	6044	0.00109768
6043	6044	0.00109768
4826	6045	0.00108813
6044	6045	0.00108813
3176	6046	0.00108623
6045	6046	0.00108623
5610	6047	0.00108338
1322	6047	0.00108338
5618	6047	0.00108338
6046	6047	0.00108338
4695	6048	0.0010824
6047	6048	0.0010824
6029	6049	0.00107289
6048	6049	0.00107289
828	6050	0.00107098
6049	6050	0.00107098
5615	6051	0.00106905
2780	6051	0.00106905
6050	6051	0.00106905
5620	6052	0.00104331
6051	6052	0.00104331
266	6053	0.0010357
6052	6053	0.0010357
1101	6054	0.00103284
6053	6054	0.00103284
807	6055	0.00102902
6054	6055	0.00102902
2	6056	0.00102806
1173	6056	0.00102806
6055	6056	0.00102806
6056	6057	0.00102711
4809	6057	0.00102711
1066	6058	0.0010147
6057	6058	0.0010147
1311	6059	0.00100517
6058	6059	0.00100517
746	6060	0.000999449
6059	6060	0.000999449
365	6061	0.000994683
6060	6061	0.000994683
2142	6062	0.000988966
6061	6062	0.000988966
5607	6063	0.000988007
6062	6063	0.000988007
2912	6064	0.00097752
6063	6064	0.00097752
1282	6065	0.000973703
6064	6065	0.000973703
2167	6066	0.000972747
6065	6066	0.000972747
784	6067	0.000962255
6066	6067	0.000962255
1177	6068	0.000934607
6067	6068	0.000934607
2110	6069	0.000933645
6068	6069	0.000933645
679	6070	0.000927913
3051	6070	0.000927913
6069	6070	0.000927913
2664	6071	0.000926018
6070	6071	0.000926018
2176	6072	0.000894545
6071	6072	0.000894545
2215	6073	0.000890733
6072	6073	0.000890733
1752	6074	0.000882148
6073	6074	0.000882148
3244	6075	0.000874519
6074	6075	0.000874519
2600	6076	0.000870706
6075	6076	0.000870706
1071	6077	0.000869755
2925	6077	0.000869755
6076	6077	0.000869755
559	6078	0.000868802
4788	6078	0.000868802
6077	6078	0.000868802
3225	6079	0.000865934
6078	6079	0.000865934
1407	6080	0.000864028
6079	6080	0.000864028
252	6081	0.000859259
6080	6081	0.000859259
1774	6082	0.00084877
6081	6082	0.00084877
3167	6083	0.000844963
6082	6083	0.000844963
4782	6084	0.000839231
6083	6084	0.000839231
183	6085	0.000831587
6084	6085	0.000831587
1764	6086	0.000827789
6085	6086	0.000827789
3115	6087	0.000825879
6086	6087	0.000825879
3287	6088	0.000821115
6087	6088	0.000821115
277	6089	0.000809674
6088	6089	0.000809674
2640	6090	0.000808722
6089	6090	0.000808722
2559	6091	0.000806805
6090	6091	0.000806805
706	6092	0.000805842
6091	6092	0.000805842
915	6093	0.000791549
6092	6093	0.000791549
6007	6094	0.000784875
6093	6094	0.000784875
6006	6095	0.000776297
3197	6095	0.000776297
6095	6096	0.000698092
3204	6096	0.000698092
3241	6097	0.000775334
6094	6097	0.000775334
4712	6098	0.000774386
6097	6098	0.000774386
1964	6099	0.000767702
6098	6099	0.000767702
2285	6100	0.000766754
6099	6100	0.000766754
136	6101	0.000763895
6100	6101	0.000763895
1622	6102	0.000761032
6101	6102	0.000761032
1902	6103	0.000759122
6102	6103	0.000759122
665	6104	0.00074863
6103	6104	0.00074863
2259	6105	0.000745771
6104	6105	0.000745771
964	6106	0.000741968
2747	6106	0.000741968
6105	6106	0.000741968
941	6107	0.000741006
6106	6107	0.000741006
3016	6108	0.000731464
6107	6108	0.000731464
3238	6109	0.000724788
6108	6109	0.000724788
1008	6110	0.000718113
1489	6110	0.000718113
6109	6110	0.000718113
1025	6111	0.000716205
2694	6111	0.000716205
6110	6111	0.000716205
998	6112	0.000707624
6111	6112	0.000707624
4650	6113	0.000706682
6112	6113	0.000706682
2423	6114	0.000703812
6113	6114	0.000703812
1438	6115	0.000698092
6114	6115	0.000698092
206	6116	0.000687596
6115	6116	0.000687596
371	6117	0.000686646
6116	6117	0.000686646
4717	6118	0.000685704
6117	6118	0.000685704
3245	6119	0.00068187
6118	6119	0.00068187
3240	6120	0.000678062
6119	6120	0.000678062
4668	6121	0.000677108
6120	6121	0.000677108
756	6122	0.000676153
6121	6122	0.000676153
6096	6123	0.000669486
3191	6123	0.000669486
6123	6124	0.000653271
3199	6124	0.000653271
5606	6125	0.000674242
6122	6125	0.000674242
2861	6126	0.000669486
6125	6126	0.000669486
3097	6127	0.000666618
6126	6127	0.000666618
1143	6128	0.000650402
6127	6128	0.000650402
3183	6129	0.000649444
6128	6129	0.000649444
1018	6130	0.000647537
6129	6130	0.000647537
1901	6131	0.000644686
3218	6131	0.000644686
6130	6131	0.000644686
3207	6132	0.000633232
6131	6132	0.000633232
6124	6133	0.000631332
3198	6133	0.000631332
3213	6133	0.000631332
3168	6133	0.000631332
3178	6133	0.000631332
3179	6133	0.000631332
3185	6133	0.000631332
3188	6133	0.000631332
3189	6133	0.000631332
3196	6133	0.000631332
3201	6133	0.000631332
3203	6133	0.000631332
3205	6133	0.000631332
3210	6133	0.000631332
3214	6133	0.000631332
3217	6133	0.000631332
3220	6133	0.000631332
3224	6133	0.000631332
3227	6133	0.000631332
3228	6133	0.000631332
3229	6133	0.000631332
3233	6133	0.000631332
3235	6133	0.000631332
3237	6133	0.000631332
3236	6133	0.000631332
6132	6133	0.000631332
436	6134	0.000620845
6133	6134	0.000620845
15	6135	0.000618938
6134	6135	0.000618938
719	6136	0.000614172
6135	6136	0.000614172
127	6137	0.000612259
6136	6137	0.000612259
103	6138	0.000611306
1903	6138	0.000611306
6137	6138	0.000611306
1585	6139	0.000607495
6138	6139	0.000607495
886	6140	0.000606539
6139	6140	0.000606539
359	6141	0.000603674
6140	6141	0.000603674
1850	6142	0.00060177
6001	6142	0.00060177
6141	6142	0.00060177
4728	6143	0.000598907
6142	6143	0.000598907
5616	6144	0.000597953
6143	6144	0.000597953
3118	6145	0.000597001
6144	6145	0.000597001
2792	6146	0.000588412
6145	6146	0.000588412
255	6147	0.000581744
6146	6147	0.000581744
2616	6148	0.000576021
6147	6148	0.000576021
1881	6149	0.000567437
6148	6149	0.000567437
2102	6150	0.000561717
6149	6150	0.000561717
2759	6151	0.000559806
641	6151	0.000559806
2422	6151	0.000559806
6150	6151	0.000559806
2266	6152	0.000558853
1262	6152	0.000558853
6151	6152	0.000558853
2855	6153	0.000553131
6152	6153	0.000553131
2763	6154	0.000548361
6153	6154	0.000548361
885	6155	0.000533108
6154	6155	0.000533108
5613	6156	0.000532149
6155	6156	0.000532149
293	6157	0.000529294
6156	6157	0.000529294
2237	6158	0.000528336
6157	6158	0.000528336
345	6159	0.000524522
6158	6159	0.000524522
2955	6160	0.00052071
6159	6160	0.00052071
2593	6161	0.000517845
6160	6161	0.000517845
2697	6162	0.000516892
6161	6162	0.000516892
865	6163	0.000508304
6162	6163	0.000508304
4765	6164	0.000505447
971	6164	0.000505447
6163	6164	0.000505447
4827	6165	0.000503542
6164	6165	0.000503542
130	6166	0.000502588
6165	6166	0.000502588
996	6167	0.000501632
6166	6167	0.000501632
2396	6168	0.000489236
6167	6168	0.000489236
2501	6169	0.000488282
6168	6169	0.000488282
1165	6170	0.000484466
6169	6170	0.000484466
4615	6171	0.000472072
6170	6171	0.000472072
1776	6172	0.000460624
6171	6172	0.000460624
2355	6173	0.000456815
6172	6173	0.000456815
778	6174	0.000451089
6173	6174	0.000451089
3008	6175	0.00043869
6174	6175	0.00043869
1630	6176	0.000429153
6175	6176	0.000429153
2289	6177	0.00042057
6176	6177	0.00042057
1049	6178	0.000414848
6177	6178	0.000414848
694	6179	0.000413895
6178	6179	0.000413895
2604	6180	0.000410079
6179	6180	0.000410079
2658	6181	0.000397682
6180	6181	0.000397682
2813	6182	0.000391961
6181	6182	0.000391961
184	6183	0.000389099
6182	6183	0.000389099
2009	6184	0.000383376
6183	6184	0.000383376
4822	6185	0.000381471
6184	6185	0.000381471
2622	6186	0.000380516
6185	6186	0.000380516
2902	6187	0.000367166
6186	6187	0.000367166
1815	6188	0.000365257
876	6188	0.000365257
6187	6188	0.000365257
2153	6189	0.000364303
6188	6189	0.000364303
4729	6190	0.000363349
6189	6190	0.000363349
2563	6191	0.000361442
6190	6191	0.000361442
2922	6192	0.00036049
6191	6192	0.00036049
411	6193	0.000353812
6192	6193	0.000353812
5999	6194	0.000352861
6193	6194	0.000352861
779	6195	0.000349045
1742	6195	0.000349045
6194	6195	0.000349045
1816	6196	0.000347139
6195	6196	0.000347139
302	6197	0.000339508
6196	6197	0.000339508
5619	6198	0.000317574
6197	6198	0.000317574
1036	6199	0.00031662
6198	6199	0.00031662
6199	6200	0.000302315
2596	6200	0.000302315
5614	6201	0.000300408
6200	6201	0.000300408
526	6202	0.000289916
1589	6202	0.000289916
6201	6202	0.000289916
219	6203	0.000288965
6202	6203	0.000288965
2299	6204	0.000288007
6203	6204	0.000288007
2832	6205	0.000280379
6204	6205	0.000280379
2916	6206	0.000270843
6205	6206	0.000270843
60	6207	0.000261307
6206	6207	0.000261307
1523	6208	0.000255585
6207	6208	0.000255585
3146	6209	0.000252724
6208	6209	0.000252724
6000	6210	0.000245096
6209	6210	0.000245096
2977	6211	0.000243187
6210	6211	0.000243187
3243	6212	0.000235557
6211	6212	0.000235557
8	6213	0.000228881
6212	6213	0.000228881
1098	6214	0.000225068
6213	6214	0.000225068
269	6215	0.000224113
6214	6215	0.000224113
2260	6216	0.000207901
6215	6216	0.000207901
1308	6217	0.000203133
6216	6217	0.000203133
1385	6218	0.000201225
6217	6218	0.000201225
640	6219	0.000189781
6218	6219	0.000189781
50	6220	0.000188828
6219	6220	0.000188828
1161	6221	0.000180244
6220	6221	0.000180244
3013	6222	0.000178337
3216	6222	0.000178337
6221	6222	0.000178337
2601	6223	0.000177383
6222	6223	0.000177383
1723	6224	0.000170708
658	6224	0.000170708
6223	6224	0.000170708
294	6225	0.000154495
6224	6225	0.000154495
2481	6226	0.000149727
6225	6226	0.000149727
4760	6227	0.000147819
6226	6227	0.000147819
278	6228	0.000144004
6227	6228	0.000144004
1309	6229	0.000143051
6228	6229	0.000143051
2594	6230	0.000141144
6229	6230	0.000141144
3079	6231	0.000139236
6230	6231	0.000139236
2901	6232	0.000131607
6231	6232	0.000131607
2612	6233	0.000126838
6232	6233	0.000126838
2479	6234	0.000123978
636	6234	0.000123978
6233	6234	0.000123978
943	6235	0.000108719
6234	6235	0.000108719
2213	6236	8.67843e-05
6235	6236	8.67843e-05
1317	6237	8.01086e-05
6236	6237	8.01086e-05
189	6238	7.91551e-05
2513	6238	7.91551e-05
6237	6238	7.91551e-05
2066	6239	7.15257e-05
6238	6239	7.15257e-05
578	6240	2.47955e-05
6239	6240	2.47955e-05