gene_id	gene_name	chromosome	start	end	copy_number	min_copy_number	max_copy_number
ENSG00000223972.5	DDX11L1	chr1	11869	14409			
ENSG00000227232.5	WASH7P	chr1	14404	29570			
ENSG00000278267.1	MIR6859-1	chr1	17369	17436			
ENSG00000243485.5	MIR1302-2HG	chr1	29554	31109			
ENSG00000284332.1	MIR1302-2	chr1	30366	30503			
ENSG00000237613.2	FAM138A	chr1	34554	36081			
ENSG00000268020.3	OR4G4P	chr1	52473	53312			
ENSG00000240361.2	OR4G11P	chr1	57598	64116			
ENSG00000186092.6	OR4F5	chr1	65419	71585			
ENSG00000238009.6	AL627309.1	chr1	89295	133723			
ENSG00000239945.1	AL627309.3	chr1	89551	91105			
ENSG00000233750.3	CICP27	chr1	131025	134836			
ENSG00000268903.1	AL627309.6	chr1	135141	135895			
ENSG00000269981.1	AL627309.7	chr1	137682	137965			
ENSG00000239906.1	AL627309.2	chr1	139790	140339			
ENSG00000241860.7	AL627309.5	chr1	141474	173862			
ENSG00000222623.1	RNU6-1100P	chr1	157784	157887			
ENSG00000241599.1	AL627309.4	chr1	160446	161525			
ENSG00000279928.2	FO538757.1	chr1	182696	184174			
ENSG00000279457.4	WASH9P	chr1	185217	195411			
ENSG00000273874.1	MIR6859-2	chr1	187891	187958			
ENSG00000228463.10	AP006222.1	chr1	257864	359681			
ENSG00000286448.1	AP006222.2	chr1	266855	268655			
ENSG00000236679.2	RPL23AP24	chr1	347982	348366			
ENSG00000236601.2	AL732372.1	chr1	358857	366052			
ENSG00000237094.12	AL732372.2	chr1	365389	522928			
ENSG00000269732.1	WBP1LP7	chr1	439870	440232			
ENSG00000284733.1	OR4F29	chr1	450703	451697			
ENSG00000233653.3	CICP7	chr1	487101	489906			
ENSG00000250575.1	AL732372.3	chr1	491225	493241			
ENSG00000278757.1	U6	chr1	516376	516479			
ENSG00000230021.10	AL669831.3	chr1	586071	827796			
ENSG00000235146.2	AC114498.1	chr1	587629	594768			
ENSG00000225972.1	MTND1P23	chr1	629062	629433			
ENSG00000225630.1	MTND2P28	chr1	629640	630683			
ENSG00000237973.1	MTCO1P12	chr1	631074	632616			
ENSG00000278791.1	AC114498.2	chr1	632325	632413			
ENSG00000229344.1	MTCO2P12	chr1	632757	633438			
ENSG00000240409.1	MTATP8P1	chr1	633535	633741			
ENSG00000248527.1	MTATP6P1	chr1	633696	634376			
ENSG00000198744.5	MTCO3P12	chr1	634376	634922			
ENSG00000268663.1	WBP1LP6	chr1	674842	675265			
ENSG00000284662.1	OR4F16	chr1	685679	686673			
ENSG00000229376.3	CICP3	chr1	722092	724903			
ENSG00000228327.3	AL669831.1	chr1	725885	778626			
ENSG00000223181.1	RNU6-1199P	chr1	758233	758336			
ENSG00000229905.1	AL669831.2	chr1	760911	761989			
ENSG00000237491.10	LINC01409	chr1	778747	810065			
ENSG00000285268.1	AL669831.6	chr1	781937	782050			
ENSG00000230092.7	AL669831.4	chr1	800879	817712			
ENSG00000177757.2	FAM87B	chr1	817371	819837			
ENSG00000228794.10	LINC01128	chr1	825138	859446			
ENSG00000225880.5	LINC00115	chr1	826206	827522			
ENSG00000288531.1	AL669831.7	chr1	860226	868202			
ENSG00000230368.2	FAM41C	chr1	868071	876903			
ENSG00000234711.1	TUBB8P11	chr1	873292	874349			
ENSG00000283040.1	AL669831.5	chr1	874529	877234			
ENSG00000272438.1	AL645608.6	chr1	904834	915976			
ENSG00000230699.2	AL645608.2	chr1	911435	914948			
ENSG00000241180.1	AL645608.4	chr1	914171	914971			
ENSG00000223764.2	LINC02593	chr1	916865	921016			
ENSG00000187634.12	SAMD11	chr1	923928	944581			
ENSG00000188976.11	NOC2L	chr1	944203	959309			
ENSG00000187961.14	KLHL17	chr1	960584	965719			
ENSG00000187583.11	PLEKHN1	chr1	966482	975865			
ENSG00000187642.9	PERM1	chr1	975204	982093			
ENSG00000272512.1	AL645608.7	chr1	995966	998051			
ENSG00000188290.11	HES4	chr1	998962	1000172			
ENSG00000187608.10	ISG15	chr1	1001138	1014540			
ENSG00000231702.2	AL645608.3	chr1	1008076	1008229			
ENSG00000224969.1	AL645608.1	chr1	1011997	1013193			
ENSG00000188157.15	AGRN	chr1	1020120	1056118			
ENSG00000242590.1	AL645608.5	chr1	1055033	1056116			
ENSG00000217801.10	AL390719.1	chr1	1059708	1069355			
ENSG00000273443.1	AL645608.8	chr1	1062208	1063288			
ENSG00000237330.3	RNF223	chr1	1070967	1074306			
ENSG00000131591.18	C1orf159	chr1	1081818	1116361			
ENSG00000285812.1	AL390719.3	chr1	1097585	1104598			
ENSG00000223823.1	LINC01342	chr1	1137017	1144056			
ENSG00000207730.3	MIR200B	chr1	1167104	1167198			
ENSG00000207607.3	MIR200A	chr1	1167863	1167952			
ENSG00000198976.1	MIR429	chr1	1169005	1169087			
ENSG00000272141.1	AL390719.2	chr1	1169357	1170343			
ENSG00000205231.1	TTLL10-AS1	chr1	1173056	1179555			
ENSG00000162571.14	TTLL10	chr1	1173880	1197936			
ENSG00000186891.14	TNFRSF18	chr1	1203508	1206592			
ENSG00000186827.11	TNFRSF4	chr1	1211340	1214153			
ENSG00000078808.19	SDF4	chr1	1216909	1232067			
ENSG00000176022.7	B3GALT6	chr1	1232237	1235041			
ENSG00000184163.3	C1QTNF12	chr1	1242446	1246722			
ENSG00000260179.1	AL162741.1	chr1	1249777	1251334			
ENSG00000160087.21	UBE2J2	chr1	1253909	1273864			
ENSG00000230415.1	LINC01786	chr1	1275223	1280420			
ENSG00000162572.21	SCNN1D	chr1	1280436	1292029			
ENSG00000131584.19	ACAP3	chr1	1292390	1309609			
ENSG00000278073.1	MIR6726	chr1	1296110	1296170			
ENSG00000169972.12	PUSL1	chr1	1308597	1311677			
ENSG00000127054.21	INTS11	chr1	1311585	1324687			
ENSG00000283712.1	MIR6727	chr1	1312502	1312566			
ENSG00000240731.1	AL139287.1	chr1	1317581	1318689			
ENSG00000224051.7	CPTP	chr1	1324756	1328896			
ENSG00000169962.5	TAS1R3	chr1	1331280	1335314			
ENSG00000107404.20	DVL1	chr1	1335276	1349418			
ENSG00000284372.1	MIR6808	chr1	1339650	1339708			
ENSG00000162576.17	MXRA8	chr1	1352689	1361777			
ENSG00000175756.13	AURKAIP1	chr1	1373730	1375495			
ENSG00000223663.2	NDUFB4P8	chr1	1378666	1379032			
ENSG00000221978.12	CCNL2	chr1	1385711	1399335			
ENSG00000224870.7	MRPL20-AS1	chr1	1399520	1402046			
ENSG00000242485.6	MRPL20	chr1	1401909	1407293			
ENSG00000264293.2	RN7SL657P	chr1	1405460	1405752			
ENSG00000272455.1	MRPL20-DT	chr1	1409096	1410618			
ENSG00000235098.8	ANKRD65	chr1	1418420	1421769			
ENSG00000225905.1	AL391244.1	chr1	1420245	1422691			
ENSG00000205116.3	TMEM88B	chr1	1426128	1427787			
ENSG00000225285.1	LINC01770	chr1	1430539	1434573			
ENSG00000179403.12	VWA1	chr1	1434861	1442882			
ENSG00000215915.10	ATAD3C	chr1	1449689	1470163			
ENSG00000160072.20	ATAD3B	chr1	1471765	1497848			
ENSG00000284740.1	AL645728.2	chr1	1503250	1509452			
ENSG00000197785.14	ATAD3A	chr1	1512162	1534685			
ENSG00000205090.9	TMEM240	chr1	1534778	1540624			
ENSG00000160075.12	SSU72	chr1	1541673	1574863			
ENSG00000215014.5	AL645728.1	chr1	1574102	1577075			
ENSG00000274481.1	AL691432.3	chr1	1583510	1583909			
ENSG00000228594.4	FNDC10	chr1	1598012	1600135			
ENSG00000286989.1	AL691432.4	chr1	1600314	1602703			
ENSG00000272106.1	AL691432.2	chr1	1613758	1615795			
ENSG00000197530.12	MIB2	chr1	1615415	1630610			
ENSG00000189409.14	MMP23B	chr1	1632163	1635263			
ENSG00000248333.9	CDK11B	chr1	1635225	1659012			
ENSG00000272004.1	FO704657.1	chr1	1659325	1662602			
ENSG00000189339.12	SLC35E2B	chr1	1659529	1692795			
ENSG00000269737.2	AL691432.1	chr1	1671990	1674397			
ENSG00000215914.4	MMP23A	chr1	1699942	1701782			
ENSG00000008128.23	CDK11A	chr1	1702379	1724357			
ENSG00000268575.1	AL031282.2	chr1	1702736	1737688			
ENSG00000227775.3	AL031282.1	chr1	1724512	1737251			
ENSG00000215790.8	SLC35E2A	chr1	1724838	1745992			
ENSG00000008130.15	NADK	chr1	1751232	1780457			
ENSG00000078369.18	GNB1	chr1	1785285	1891117			
ENSG00000231050.1	AL109917.1	chr1	1891471	1892658			
ENSG00000169885.10	CALML6	chr1	1915108	1917296			
ENSG00000178821.13	TMEM52	chr1	1917590	1919279			
ENSG00000142609.18	CFAP74	chr1	1921951	2003837			
ENSG00000233542.2	AL391845.2	chr1	2013213	2015639			
ENSG00000187730.9	GABRD	chr1	2019329	2030758			
ENSG00000226969.1	AL391845.1	chr1	2049203	2050070			
ENSG00000067606.17	PRKCZ	chr1	2050411	2185395			
ENSG00000271806.1	AL590822.2	chr1	2141084	2145279			
ENSG00000182873.5	PRKCZ-AS1	chr1	2181794	2184389			
ENSG00000162585.17	FAAP20	chr1	2184461	2212720			
ENSG00000234396.3	AL590822.1	chr1	2212523	2220738			
ENSG00000157933.10	SKI	chr1	2228319	2310213			
ENSG00000287356.1	AL590822.3	chr1	2315040	2323085			
ENSG00000116151.14	MORN1	chr1	2321253	2391707			
ENSG00000272161.1	AL589739.1	chr1	2326201	2326693			
ENSG00000269896.2	AL513477.1	chr1	2350414	2352820			
ENSG00000272420.1	AL513477.2	chr1	2363061	2363628			
ENSG00000157916.20	RER1	chr1	2391775	2405442			
ENSG00000157911.11	PEX10	chr1	2403964	2413797			
ENSG00000149527.18	PLCH2	chr1	2425980	2505532			
ENSG00000224387.1	AL139246.1	chr1	2492300	2493258			
ENSG00000229393.1	AL139246.4	chr1	2493437	2494479			
ENSG00000157881.16	PANK4	chr1	2508537	2526597			
ENSG00000197921.6	HES5	chr1	2528745	2530263			
ENSG00000272449.2	AL139246.5	chr1	2530064	2547460			
ENSG00000238164.6	TNFRSF14-AS1	chr1	2549920	2557031			
ENSG00000157873.17	TNFRSF14	chr1	2555639	2565382			
ENSG00000225931.3	AL139246.2	chr1	2566410	2569888			
ENSG00000228037.1	AL139246.3	chr1	2581560	2584533			
ENSG00000157870.17	PRXL2B	chr1	2586491	2591469			
ENSG00000142606.16	MMEL1	chr1	2590639	2633016			
ENSG00000237058.1	MMEL1-AS1	chr1	2632568	2636620			
ENSG00000215912.12	TTC34	chr1	2635976	2801717			
ENSG00000285945.1	AC242022.2	chr1	2768091	2784733			
ENSG00000283259.1	AC242022.1	chr1	2773603	2776473			
ENSG00000233234.1	AL592464.2	chr1	2811850	2812692			
ENSG00000287396.1	AL592464.3	chr1	2814056	2817767			
ENSG00000231630.1	AL592464.1	chr1	2814432	2814998			
ENSG00000284745.1	AL589702.1	chr1	2960658	2968707			
ENSG00000169717.7	ACTRT2	chr1	3021467	3022903			
ENSG00000177133.11	PRDM16-DT	chr1	3059615	3068437			
ENSG00000142611.17	PRDM16	chr1	3069168	3438621	3	3	3
ENSG00000283572.1	MIR4251	chr1	3127975	3128035			
ENSG00000226286.1	AL008733.1	chr1	3132927	3133709			
ENSG00000279839.1	AL512383.1	chr1	3205988	3208664			
ENSG00000272235.1	AL590438.1	chr1	3306636	3310096	3	3	3
ENSG00000287828.1	AL354743.2	chr1	3313052	3323149	3	3	3
ENSG00000286518.1	AL354743.1	chr1	3367815	3373928	3	3	3
ENSG00000130762.15	ARHGEF16	chr1	3454665	3481113	3	3	3
ENSG00000272088.1	AL512413.1	chr1	3487246	3487627	3	3	3
ENSG00000162591.16	MEGF6	chr1	3487951	3611508	3	3	3
ENSG00000207776.1	MIR551A	chr1	3560695	3560790	3	3	3
ENSG00000238260.1	AL513320.1	chr1	3623190	3624743	3	3	3
ENSG00000158109.15	TPRG1L	chr1	3625015	3630127	3	3	3
ENSG00000116213.16	WRAP73	chr1	3630767	3652761	3	3	3
ENSG00000078900.15	TP73	chr1	3652516	3736201	3	3	3
ENSG00000227589.1	TP73-AS3	chr1	3658938	3668772	3	3	3
ENSG00000235131.1	TP73-AS2	chr1	3712200	3714298	3	3	3
ENSG00000227372.12	TP73-AS1	chr1	3735511	3747373	3	3	3
ENSG00000276189.1	AL136528.1	chr1	3736943	3737103	3	3	3
ENSG00000162592.10	CCDC27	chr1	3746460	3771645	3	3	3
ENSG00000235169.11	SMIM1	chr1	3772749	3775982	3	3	3
ENSG00000130764.10	LRRC47	chr1	3778559	3796498	3	3	3
ENSG00000266075.2	RN7SL574P	chr1	3782815	3783111	3	3	3
ENSG00000272153.1	AL365330.1	chr1	3785008	3785538	3	3	3
ENSG00000116198.14	CEP104	chr1	3812086	3857396	3	3	3
ENSG00000169598.17	DFFB	chr1	3857267	3885429	3	3	3
ENSG00000198912.11	C1orf174	chr1	3889125	3900293	3	3	3
ENSG00000236423.6	LINC01134	chr1	3900352	3917225	3	3	3
ENSG00000233304.7	LINC01346	chr1	3940486	3955262	3	3	3
ENSG00000226374.3	LINC01345	chr1	3944547	3949024	3	3	3
ENSG00000284668.2	LINC02780	chr1	3976133	4012704	3	3	3
ENSG00000284703.1	AL805961.1	chr1	4012921	4019508	3	3	3
ENSG00000229280.1	EEF1DP6	chr1	4175528	4175899	3	3	3
ENSG00000235054.4	LINC01777	chr1	4412027	4424689	3	3	3
ENSG00000284694.1	AL355602.1	chr1	4479131	4484375	3	3	3
ENSG00000227169.2	Z98747.1	chr1	4551735	4552145	3	3	3
ENSG00000232596.3	LINC01646	chr1	4571481	4594016	3	3	3
ENSG00000196581.11	AJAP1	chr1	4654609	4792534	3	3	3
ENSG00000287586.1	Z98886.1	chr1	4730211	4734992	3	3	3
ENSG00000284739.1	BX005132.1	chr1	4963954	4973298	3	3	3
ENSG00000284674.1	LINC02781	chr1	4973381	4981568	3	3	3
ENSG00000231510.1	LINC02782	chr1	5086459	5090899	3	3	3
ENSG00000284616.1	AL139823.1	chr1	5301928	5307394	3	3	3
ENSG00000284692.2	Z98259.3	chr1	5478736	5493057	3	3	3
ENSG00000284666.1	Z98259.2	chr1	5480787	5482028	3	3	3
ENSG00000260972.1	Z98259.1	chr1	5492978	5494674	3	3	3
ENSG00000283356.1	Z97988.2	chr1	5554747	5554881	3	3	3
ENSG00000236948.2	AL365255.1	chr1	5561709	5668295	3	3	3
ENSG00000264341.1	Z97988.1	chr1	5564071	5564143	3	3	3
ENSG00000264101.1	MIR4689	chr1	5862672	5862741	3	3	3
ENSG00000131697.18	NPHP4	chr1	5862811	5992473	3	3	3
ENSG00000069424.15	KCNAB2	chr1	5990927	6101193	3	3	3
ENSG00000116254.18	CHD5	chr1	6101787	6180321	3	3	3
ENSG00000285629.1	AL031847.1	chr1	6159430	6197757	3	3	3
ENSG00000116251.11	RPL22	chr1	6185020	6209389	3	3	3
ENSG00000226944.1	RNF207-AS1	chr1	6204840	6205780	3	3	3
ENSG00000158286.13	RNF207	chr1	6205475	6221299	3	3	3
ENSG00000116237.16	ICMT	chr1	6221193	6235972	3	3	3
ENSG00000225077.3	LINC00337	chr1	6234692	6239444	3	3	3
ENSG00000173673.8	HES3	chr1	6244179	6245578	3	3	3
ENSG00000158292.7	GPR153	chr1	6247353	6261098	3	3	3
ENSG00000097021.20	ACOT7	chr1	6264269	6393767	3	3	3
ENSG00000271746.1	AL031848.2	chr1	6393555	6394391	3	3	3
ENSG00000069812.11	HES2	chr1	6412418	6424670	3	3	3
ENSG00000187017.17	ESPN	chr1	6424776	6461367	3	3	3
ENSG00000265392.1	MIR4252	chr1	6429834	6429896	3	3	3
ENSG00000231868.1	AL031848.1	chr1	6443034	6447006	3	3	3
ENSG00000215788.11	TNFRSF25	chr1	6460786	6466175	3	3	3
ENSG00000171680.23	PLEKHG5	chr1	6467122	6520074	3	3	3
ENSG00000162408.11	NOL9	chr1	6521347	6554513	3	3	3
ENSG00000253022.1	RNU6-731P	chr1	6540854	6540964	3	3	3
ENSG00000229519.2	AL591866.1	chr1	6547905	6548619	3	3	3
ENSG00000173662.21	TAS1R1	chr1	6555307	6579755	3	3	3
ENSG00000204859.13	ZBTB48	chr1	6579994	6589280	3	3	3
ENSG00000162413.16	KLHL21	chr1	6590724	6614607	3	3	3
ENSG00000116273.6	PHF13	chr1	6613731	6624030	3	3	3
ENSG00000041988.15	THAP3	chr1	6624866	6635586	3	3	3
ENSG00000007923.16	DNAJC11	chr1	6634168	6701924	3	3	3
ENSG00000228750.7	LINC01672	chr1	6724637	6730012	3	3	3
ENSG00000284744.1	AL591163.1	chr1	6767954	6770038	3	3	3
ENSG00000237436.1	CAMTA1-DT	chr1	6783892	6784843	3	3	3
ENSG00000171735.19	CAMTA1	chr1	6785454	7769706	3	3	3
ENSG00000227950.1	AL590128.1	chr1	6834333	6834618	3	3	3
ENSG00000237365.1	AL512330.1	chr1	7008376	7014279	3	3	3
ENSG00000207056.1	RNU1-8P	chr1	7219360	7219524	3	3	3
ENSG00000237402.1	CAMTA1-IT1	chr1	7368942	7370270	3	3	3
ENSG00000237728.2	CAMTA1-AS2	chr1	7382487	7389754	3	3	3
ENSG00000225126.1	CAMTA1-AS1	chr1	7441096	7441554	3	3	3
ENSG00000270171.1	AL359881.3	chr1	7693124	7694844	3	3	3
ENSG00000270035.1	AL359881.2	chr1	7698303	7698872	3	3	3
ENSG00000269978.1	AL359881.1	chr1	7700704	7700970	3	3	3
ENSG00000049245.13	VAMP3	chr1	7771296	7781432	3	3	3
ENSG00000269925.1	Z98884.2	chr1	7776383	7776775	3	3	3
ENSG00000049246.14	PER3	chr1	7784320	7845177	3	3	3
ENSG00000236266.1	Z98884.1	chr1	7810242	7827342	3	3	3
ENSG00000049247.14	UTS2	chr1	7843083	7853512	3	3	3
ENSG00000049249.9	TNFRSF9	chr1	7915871	7943165	3	3	3
ENSG00000270330.1	AL009183.1	chr1	7942372	7942726	3	3	3
ENSG00000116288.13	PARK7	chr1	7954291	7985505	3	3	3
ENSG00000200344.1	Y_RNA	chr1	7982881	7982983	3	3	3
ENSG00000284747.1	AL034417.4	chr1	7991134	8005312	3	3	3
ENSG00000284716.1	AL034417.3	chr1	7998187	7999934	3	3	3
ENSG00000116285.13	ERRFI1	chr1	8004404	8026309	3	3	3
ENSG00000238290.1	AL034417.2	chr1	8026738	8122702	3	3	3
ENSG00000232848.1	AL034417.1	chr1	8057245	8058463	3	3	3
ENSG00000229305.1	AL358876.1	chr1	8189824	8192770	3	3	3
ENSG00000227634.3	LINC01714	chr1	8201518	8215210	3	3	3
ENSG00000200975.1	RNU1-7P	chr1	8206434	8206597	3	3	3
ENSG00000233645.1	AL358876.2	chr1	8218190	8220529	3	3	3
ENSG00000251977.1	RNU6-991P	chr1	8292157	8292263	3	3	3
ENSG00000162426.16	SLC45A1	chr1	8318114	8344167	3	3	3
ENSG00000252254.1	Y_RNA	chr1	8328067	8328179	3	3	3
ENSG00000142599.19	RERE	chr1	8352397	8848921	3	3	3
ENSG00000232912.6	RERE-AS1	chr1	8424645	8435013	3	3	3
ENSG00000221083.1	AL096855.1	chr1	8511795	8511919	3	3	3
ENSG00000270282.1	AL096855.2	chr1	8512653	8513021	3	3	3
ENSG00000234619.1	RPL7P11	chr1	8750430	8751087	3	3	3
ENSG00000224315.2	RPL7P7	chr1	8786211	8786913	3	3	3
ENSG00000222511.2	Y_RNA	chr1	8796571	8796673	3	3	3
ENSG00000226545.1	AL357552.1	chr1	8798475	8799506	3	3	3
ENSG00000228423.2	AL357552.2	chr1	8805860	8807051	3	3	3
ENSG00000229716.2	RPL23AP19	chr1	8831007	8831375	3	3	3
ENSG00000074800.16	ENO1	chr1	8861000	8879190	3	3	3
ENSG00000274258.1	MIR6728	chr1	8866502	8866590	3	3	3
ENSG00000230679.1	ENO1-AS1	chr1	8878835	8879894	3	3	3
ENSG00000201725.1	RNU6-304P	chr1	8883427	8883533	3	3	3
ENSG00000238249.2	HMGN2P17	chr1	8893409	8894151	3	3	3
ENSG00000232208.2	AL139415.1	chr1	8907393	8907744	3	3	3
ENSG00000232663.2	AL139415.2	chr1	8909742	8909904	3	3	3
ENSG00000131686.15	CA6	chr1	8945867	8975092	3	3	3
ENSG00000265141.2	RN7SL451P	chr1	8979576	8979874	3	3	3
ENSG00000197241.3	SLC2A7	chr1	9003300	9026345	3	3	3
ENSG00000142583.18	SLC2A5	chr1	9035106	9088478	3	3	3
ENSG00000252404.1	AL158048.1	chr1	9082696	9082879	3	3	3
ENSG00000180758.12	GPR157	chr1	9100305	9129102	3	3	3
ENSG00000228526.7	MIR34AHG	chr1	9148011	9198906	3	3	3
ENSG00000284357.1	MIR34A	chr1	9151668	9151777	3	3	3
ENSG00000234546.4	LNCTAM34A	chr1	9182004	9196284	3	3	3
ENSG00000049239.13	H6PD	chr1	9234774	9271337	3	3	3
ENSG00000171621.14	SPSB1	chr1	9292894	9369532	3	3	3
ENSG00000284652.1	BX323043.1	chr1	9421098	9422862	3	3	3
ENSG00000284693.1	LINC02606	chr1	9425094	9440564	3	3	3
ENSG00000252956.1	RNA5SP40	chr1	9437669	9437778	3	3	3
ENSG00000235263.1	AL928921.1	chr1	9501092	9503471	3	3	3
ENSG00000171612.7	SLC25A33	chr1	9539465	9585173	3	3	3
ENSG00000231181.1	AL954705.1	chr1	9576427	9576985	3	3	3
ENSG00000188807.13	TMEM201	chr1	9588911	9614877	3	3	3
ENSG00000171608.16	PIK3CD	chr1	9651731	9729114	3	3	3
ENSG00000179840.5	PIK3CD-AS1	chr1	9652610	9654586	3	3	3
ENSG00000233268.3	AL691449.1	chr1	9660828	9662626	3	3	3
ENSG00000231789.2	PIK3CD-AS2	chr1	9672426	9687555	3	3	3
ENSG00000171603.18	CLSTN1	chr1	9728926	9823984	3	3	3
ENSG00000271264.1	MZT1P1	chr1	9780822	9781240	3	3	3
ENSG00000280113.2	AL357140.3	chr1	9826289	9828271	3	3	3
ENSG00000178585.15	CTNNBIP1	chr1	9848276	9910336	3	3	3
ENSG00000223989.1	AL357140.1	chr1	9848318	9850154	3	3	3
ENSG00000285701.1	AL357140.4	chr1	9900614	9908034	3	3	3
ENSG00000162441.12	LZIC	chr1	9922113	9943407	3	3	3
ENSG00000228150.1	AL357140.2	chr1	9942923	9949974	3	3	3
ENSG00000173614.14	NMNAT1	chr1	9943428	9985501	3	3	3
ENSG00000202415.1	RN7SKP269	chr1	9947318	9947636	3	3	3
ENSG00000283611.2	TMEM274P	chr1	9950572	9960787	3	3	3
ENSG00000265521.1	MIR5697	chr1	9967381	9967458	3	3	3
ENSG00000241326.1	AL603962.1	chr1	9983141	9984568	3	3	3
ENSG00000162444.12	RBP7	chr1	9997206	10016021	3	3	3
ENSG00000130939.20	UBE4B	chr1	10032832	10181239	3	3	3
ENSG00000224340.1	AL590639.1	chr1	10054445	10054781	3	3	3
ENSG00000233623.2	PGAM1P11	chr1	10058671	10059648	3	3	3
ENSG00000201746.1	RNU6-828P	chr1	10163268	10163374	3	3	3
ENSG00000054523.18	KIF1B	chr1	10210570	10381603	3	3	3
ENSG00000264881.1	AL358013.1	chr1	10227718	10227803	3	3	3
ENSG00000199562.1	RNU6-37P	chr1	10298966	10299072	3	3	3
ENSG00000264501.2	RN7SL731P	chr1	10306465	10306757	3	3	3
ENSG00000284735.1	AL139424.3	chr1	10381906	10387150	3	3	3
ENSG00000284642.1	AL139424.2	chr1	10395416	10397432	3	3	3
ENSG00000142657.21	PGD	chr1	10398592	10420511	3	3	3
ENSG00000271989.1	AL139424.1	chr1	10429881	10430677	3	3	3
ENSG00000251503.8	CENPS-CORT	chr1	10430102	10452153	3	3	3
ENSG00000175279.22	CENPS	chr1	10430433	10442808	3	3	3
ENSG00000241563.4	CORT	chr1	10450031	10451998	3	3	3
ENSG00000160049.12	DFFA	chr1	10456522	10472529	3	3	3
ENSG00000203469.2	AL354956.1	chr1	10458555	10459338	3	3	3
ENSG00000142655.13	PEX14	chr1	10472288	10630758	3	3	3
ENSG00000287727.1	AL139423.2	chr1	10612222	10616452	3	3	3
ENSG00000243267.3	RN7SL614P	chr1	10616836	10617115	3	3	3
ENSG00000130940.15	CASZ1	chr1	10636604	10796650	3	3	3
ENSG00000272078.1	AL139423.1	chr1	10639241	10654333	3	3	3
ENSG00000225158.2	HSPE1P24	chr1	10895761	10895998	3	3	3
ENSG00000175262.14	C1orf127	chr1	10946471	10982037	3	3	3
ENSG00000215785.2	CFL1P6	chr1	10990978	10991797	3	3	3
ENSG00000120948.18	TARDBP	chr1	11012344	11025739	3	3	3
ENSG00000277726.4	AL109811.3	chr1	11012662	11030528	3	3	3
ENSG00000009724.17	MASP2	chr1	11026523	11047239	3	3	3
ENSG00000271895.2	AL109811.2	chr1	11029659	11030528	3	3	3
ENSG00000116649.10	SRM	chr1	11054584	11060020	3	3	3
ENSG00000171824.14	EXOSC10	chr1	11066618	11099869	3	3	3
ENSG00000226849.1	AL109811.1	chr1	11068471	11073097	3	3	3
ENSG00000230337.1	EXOSC10-AS1	chr1	11099675	11102100	3	3	3
ENSG00000198793.13	MTOR	chr1	11106535	11262551	3	3	3
ENSG00000225602.5	MTOR-AS1	chr1	11143898	11149537	3	3	3
ENSG00000253086.1	RNU6-537P	chr1	11152350	11152452	3	3	3
ENSG00000171819.5	ANGPTL7	chr1	11189355	11195981	3	3	3
ENSG00000207451.1	RNU6-291P	chr1	11226254	11226360	3	3	3
ENSG00000238173.1	RPL39P6	chr1	11232963	11233112	3	3	3
ENSG00000120942.14	UBIAD1	chr1	11273198	11296049	3	3	3
ENSG00000238199.1	UBE2V2P3	chr1	11278616	11279351	3	3	3
ENSG00000284646.1	AL031291.1	chr1	11311734	11319093	3	3	3
ENSG00000224338.2	MTCYBP45	chr1	11425257	11425821	3	3	3
ENSG00000204624.8	DISP3	chr1	11479155	11537551	3	3	3
ENSG00000285833.1	AL590989.1	chr1	11500803	11502016	3	3	3
ENSG00000235643.2	LINC01647	chr1	11609468	11613358	3	3	3
ENSG00000284708.1	AL031731.1	chr1	11623558	11643416	3	3	3
ENSG00000116661.11	FBXO2	chr1	11637018	11655785	3	3	3
ENSG00000132879.14	FBXO44	chr1	11654375	11663327	3	3	3
ENSG00000116663.11	FBXO6	chr1	11664200	11674354	3	3	3
ENSG00000116670.15	MAD2L2	chr1	11674480	11691650	3	3	3
ENSG00000162490.7	DRAXIN	chr1	11691710	11725857	3	3	3
ENSG00000177674.16	AGTRAP	chr1	11736084	11754802	3	3	3
ENSG00000215910.7	C1orf167	chr1	11761787	11789585	3	3	3
ENSG00000177553.6	C1orf167-AS1	chr1	11777077	11779619	3	3	3
ENSG00000177000.13	MTHFR	chr1	11785723	11806455	3	3	3
ENSG00000011021.23	CLCN6	chr1	11806096	11848079	3	3	3
ENSG00000276470.1	AL021155.2	chr1	11843812	11843984	3	3	3
ENSG00000278852.1	AL021155.3	chr1	11845549	11845697	3	3	3
ENSG00000175206.10	NPPA	chr1	11845709	11848345	3	3	3
ENSG00000275915.1	AL021155.1	chr1	11847442	11847549	3	3	3
ENSG00000120937.9	NPPB	chr1	11857464	11858945	3	3	3
ENSG00000224904.1	SBF1P2	chr1	11877770	11880406	3	3	3
ENSG00000285646.2	AL021155.4	chr1	11907940	11914298	3	3	3
ENSG00000199347.1	RNU5E-1	chr1	11908152	11908271	3	3	3
ENSG00000201801.1	RNU5E-4P	chr1	11909808	11909927	3	3	3
ENSG00000116685.16	KIAA2013	chr1	11919591	11926428	3	3	3
ENSG00000083444.17	PLOD1	chr1	11934205	11975538	3	3	3
ENSG00000287384.1	AL096840.2	chr1	11979533	11980127	3	3	3
ENSG00000116688.18	MFN2	chr1	11980181	12015211	3	3	3
ENSG00000270914.1	AL096840.1	chr1	12017216	12017308	3	3	3
ENSG00000116691.11	MIIP	chr1	12019466	12032045	3	3	3
ENSG00000202461.1	Y_RNA	chr1	12024012	12024124	3	3	3
ENSG00000276869.1	MIR6729	chr1	12029158	12029222	3	3	3
ENSG00000243539.3	RN7SL649P	chr1	12036740	12037014	3	3	3
ENSG00000120949.15	TNFRSF8	chr1	12063303	12144207	3	3	3
ENSG00000201135.1	RNU6-777P	chr1	12077881	12077984	3	3	3
ENSG00000227875.2	RPL23AP89	chr1	12080293	12080547	3	3	3
ENSG00000285604.1	AL357835.1	chr1	12088441	12092264	3	3	3
ENSG00000283789.1	MIR7846	chr1	12166943	12167038	3	3	3
ENSG00000028137.19	TNFRSF1B	chr1	12166991	12209228	3	3	3
ENSG00000263676.1	MIR4632	chr1	12191713	12191773	3	3	3
ENSG00000225196.2	RPL10P17	chr1	12220794	12221109	3	3	3
ENSG00000252969.1	SNORA70	chr1	12221148	12221271	3	3	3
ENSG00000048707.15	VPS13D	chr1	12230030	12512047	3	3	3
ENSG00000239149.1	SNORA59A	chr1	12507246	12507397	3	3	3
ENSG00000229484.1	LINC02766	chr1	12527724	12528420	3	3	3
ENSG00000162496.9	DHRS3	chr1	12567910	12618210	3	3	3
ENSG00000221340.1	RNU6ATAC18P	chr1	12569972	12570072	3	3	3
ENSG00000276830.1	MIR6730	chr1	12578957	12579023	3	3	3
ENSG00000272482.1	AC254633.1	chr1	12618900	12619244	3	3	3
ENSG00000204518.2	AADACL4	chr1	12644547	12667086	3	3	3
ENSG00000226166.2	AC244670.1	chr1	12692909	12693020	3	3	3
ENSG00000188984.12	AADACL3	chr1	12716110	12728760	3	3	3
ENSG00000157330.10	C1orf158	chr1	12746200	12763699	3	3	3
ENSG00000116726.5	PRAMEF12	chr1	12773738	12777906	3	3	3
ENSG00000116721.9	PRAMEF1	chr1	12791397	12796628	3	3	3
ENSG00000228338.1	LINC01784	chr1	12822686	12823159	3	3	3
ENSG00000239810.3	PRAMEF11	chr1	12824605	12831410	3	3	3
ENSG00000231103.2	PRAMEF30P	chr1	12838125	12841357	3	3	3
ENSG00000179172.10	HNRNPCL1	chr1	12847377	12848720	3	3	3
ENSG00000120952.4	PRAMEF2	chr1	12857086	12861909	3	3	3
ENSG00000243073.4	PRAMEF4	chr1	12879212	12886201	3	3	3
ENSG00000187545.5	PRAMEF10	chr1	12892896	12898270	3	3	3
ENSG00000204510.5	PRAMEF7	chr1	12916610	12920482	3	3	3
ENSG00000207434.1	RNU6-1072P	chr1	12922554	12922660	3	3	3
ENSG00000234064.1	PRAMEF29P	chr1	12926162	12928253	3	3	3
ENSG00000232423.6	PRAMEF6	chr1	12938472	12947580	3	3	3
ENSG00000274178.2	PRAMEF28P	chr1	13029339	13032130	3	3	3
ENSG00000274764.6	PRAMEF27	chr1	13049476	13056575	3	3	3
ENSG00000277058.2	HNRNPCL3	chr1	13060869	13062229	3	3	3
ENSG00000229571.7	PRAMEF25	chr1	13068677	13077884	3	3	3
ENSG00000277862.1	PRAMEF34P	chr1	13095179	13097971	3	3	3
ENSG00000236179.1	PRAMEF35P	chr1	13104403	13105689	3	3	3
ENSG00000275774.3	HNRNPCL2	chr1	13115488	13116854	3	3	3
ENSG00000229978.1	PRAMEF36P	chr1	13128818	13131615	3	3	3
ENSG00000233336.1	AC245056.1	chr1	13146981	13147460	3	3	3
ENSG00000280267.4	PRAMEF26	chr1	13148905	13155961	3	3	3
ENSG00000179412.11	HNRNPCL4	chr1	13163914	13165631	3	3	3
ENSG00000204505.4	PRAMEF9	chr1	13172455	13179464	3	3	3
ENSG00000279169.3	PRAMEF13	chr1	13196188	13201409	3	3	3
ENSG00000279804.2	PRAMEF18	chr1	13222705	13226106	3	3	3
ENSG00000250894.1	PRAMEF31P	chr1	13245863	13248652	3	3	3
ENSG00000270601.4	PRAMEF5	chr1	13254212	13263314	3	3	3
ENSG00000231219.1	PRAMEF32P	chr1	13273539	13275627	3	3	3
ENSG00000207511.1	RNU6-771P	chr1	13279125	13279231	3	3	3
ENSG00000182330.10	PRAMEF8	chr1	13281035	13285174	3	3	3
ENSG00000237700.2	PRAMEF33	chr1	13303539	13308907	3	3	3
ENSG00000204501.7	PRAMEF15	chr1	13315581	13322598	3	3	3
ENSG00000228229.2	AC243961.1	chr1	13324039	13324518	3	3	3
ENSG00000204481.8	PRAMEF14	chr1	13341892	13347134	3	3	3
ENSG00000204480.8	PRAMEF19	chr1	13369067	13371900	3	3	3
ENSG00000204479.4	PRAMEF17	chr1	13389632	13392629	3	3	3
ENSG00000204478.10	PRAMEF20	chr1	13416351	13421328	3	3	3
ENSG00000162494.6	LRRC38	chr1	13474973	13514003	3	3	3
ENSG00000259961.1	AL354712.1	chr1	13513220	13516270	3	3	3
ENSG00000215909.3	BRWD1P1	chr1	13555001	13555694	3	3	3
ENSG00000162493.16	PDPN	chr1	13583465	13617957	3	3	3
ENSG00000222952.1	RNA5SP41	chr1	13623184	13623284	3	3	3
ENSG00000237445.2	AL359771.1	chr1	13657311	13659910	3	3	3
ENSG00000253085.1	AL359771.2	chr1	13696070	13696199	3	3	3
ENSG00000116731.22	PRDM2	chr1	13700198	13825079	3	3	3
ENSG00000189337.17	KAZN	chr1	13892792	15118043	3	3	3
ENSG00000252151.1	RNU6-1265P	chr1	14124233	14124335	3	3	3
ENSG00000231606.2	AL357873.1	chr1	14221887	14304445	3	3	3
ENSG00000234593.3	KAZN-AS1	chr1	14338825	14419973	3	3	3
ENSG00000235829.1	TBCAP2	chr1	14692129	14692613	3	3	3
ENSG00000287756.1	AL031293.1	chr1	14774469	14777727	3	3	3
ENSG00000175147.13	TMEM51-AS1	chr1	15111815	15153618	3	3	3
ENSG00000171729.14	TMEM51	chr1	15152532	15220478	3	3	3
ENSG00000204464.7	C1orf195	chr1	15164344	15171317	3	3	3
ENSG00000215720.4	MFFP1	chr1	15191828	15192845	3	3	3
ENSG00000278480.1	ZBTB2P1	chr1	15226373	15227549	3	3	3
ENSG00000142621.19	FHAD1	chr1	15247272	15400283	3	3	3
ENSG00000233485.1	FHAD1-AS1	chr1	15326680	15343876	3	3	3
ENSG00000236045.1	AL031283.2	chr1	15334166	15335464	3	3	3
ENSG00000228140.2	AL031283.1	chr1	15402979	15409433	3	3	3
ENSG00000142634.13	EFHD2	chr1	15409888	15430339	3	3	3
ENSG00000162438.12	CTRC	chr1	15438442	15449242	3	3	3
ENSG00000142615.8	CELA2A	chr1	15456728	15472091	3	3	3
ENSG00000215704.10	CELA2B	chr1	15465909	15491395	3	3	3
ENSG00000132906.18	CASP9	chr1	15490832	15526534	3	3	3
ENSG00000116138.13	DNAJC16	chr1	15526813	15592379	3	3	3
ENSG00000251866.1	SCARNA21B	chr1	15542165	15542304	3	3	3
ENSG00000272510.1	AL121992.3	chr1	15565611	15565956	3	3	3
ENSG00000116771.6	AGMAT	chr1	15571699	15585051	3	3	3
ENSG00000237301.1	AL121992.1	chr1	15586136	15603626	3	3	3
ENSG00000235084.3	CHCHD2P6	chr1	15604597	15605043	3	3	3
ENSG00000252417.1	RNU7-179P	chr1	15608078	15608145	3	3	3
ENSG00000236500.1	CD24P1	chr1	15614643	15614867	3	3	3
ENSG00000197312.12	DDI2	chr1	15617458	15669044	3	3	3
ENSG00000215695.1	RSC1A1	chr1	15659869	15661722	3	3	3
ENSG00000271742.1	AL121992.2	chr1	15682873	15683128	3	3	3
ENSG00000116786.13	PLEKHM2	chr1	15684320	15734769	3	3	3
ENSG00000237938.5	AL450998.2	chr1	15720312	15736896	3	3	3
ENSG00000162461.8	SLC25A34	chr1	15736258	15741392	3	3	3
ENSG00000224459.1	SLC25A34-AS1	chr1	15740051	15749896	3	3	3
ENSG00000162460.7	TMEM82	chr1	15742499	15747982	3	3	3
ENSG00000162458.13	FBLIM1	chr1	15756607	15786594	3	3	3
ENSG00000224321.1	RPL12P14	chr1	15792796	15793285	3	3	3
ENSG00000233954.6	UQCRHL	chr1	15807169	15809348	3	3	3
ENSG00000178715.8	AL450998.1	chr1	15828232	15828669	3	3	3
ENSG00000179743.4	FLJ37453	chr1	15834474	15848147	3	3	3
ENSG00000065526.12	SPEN	chr1	15836095	15940456	3	3	3
ENSG00000270620.1	AL034555.1	chr1	15917698	15917908	3	3	3
ENSG00000116809.12	ZBTB17	chr1	15941869	15976132	3	3	3
ENSG00000234607.2	AL355994.4	chr1	15969632	15970194	3	3	3
ENSG00000231353.1	AL355994.1	chr1	15988182	15988441	3	3	3
ENSG00000275503.1	AL355994.5	chr1	15989140	15989375	3	3	3
ENSG00000224966.4	TBC1D3P6	chr1	15989871	15994751	3	3	3
ENSG00000183888.4	SRARP	chr1	16004236	16008807	3	3	3
ENSG00000233078.1	AL355994.3	chr1	16006160	16006671	3	3	3
ENSG00000173641.18	HSPB7	chr1	16014028	16019594	3	3	3
ENSG00000186510.12	CLCNKA	chr1	16018875	16034050	3	3	3
ENSG00000232456.1	AL355994.2	chr1	16035178	16040029	3	3	3
ENSG00000184908.18	CLCNKB	chr1	16043736	16057308	3	3	3
ENSG00000185519.9	FAM131C	chr1	16057769	16073651	3	3	3
ENSG00000142627.13	EPHA2	chr1	16124337	16156069	3	3	3
ENSG00000227959.1	AL451042.2	chr1	16155211	16157329	3	3	3
ENSG00000224621.1	AL451042.1	chr1	16159266	16161883	3	3	3
ENSG00000234166.1	ARHGEF19-AS1	chr1	16197854	16198357	3	3	3
ENSG00000142632.17	ARHGEF19	chr1	16197854	16212652	3	3	3
ENSG00000237276.8	ANO7L1	chr1	16215909	16228027	3	3	3
ENSG00000288398.1	AL109627.1	chr1	16228674	16231335	3	3	3
ENSG00000132881.12	CPLANE2	chr1	16231692	16237183	3	3	3
ENSG00000233929.1	MT1XP1	chr1	16241213	16241398	3	3	3
ENSG00000037637.11	FBXO42	chr1	16246840	16352480	3	3	3
ENSG00000055070.17	SZRD1	chr1	16352575	16398145	3	3	3
ENSG00000226457.1	RPL22P3	chr1	16369150	16369530	3	3	3
ENSG00000187144.11	SPATA21	chr1	16387117	16437424	3	3	3
ENSG00000157191.20	NECAP2	chr1	16440721	16460078	3	3	3
ENSG00000226029.1	LINC01772	chr1	16460948	16468481	3	3	3
ENSG00000080947.15	CROCCP3	chr1	16467436	16499257	3	3	3
ENSG00000206652.1	RNU1-1	chr1	16514122	16514285	3	3	3
ENSG00000261135.1	AL137802.2	chr1	16514645	16515754	3	3	3
ENSG00000285853.1	AL137802.3	chr1	16515034	16521788	3	3	3
ENSG00000224174.2	AL137802.1	chr1	16520694	16521796	3	3	3
ENSG00000233421.4	LINC01783	chr1	16533886	16536172	3	3	3
ENSG00000277344.1	RNU1-6P	chr1	16534081	16534224	3	3	3
ENSG00000225710.1	AL355149.1	chr1	16548651	16552531	3	3	3
ENSG00000219481.10	NBPF1	chr1	16562319	16613562	3	3	3
ENSG00000271732.1	AL137798.1	chr1	16617391	16617729	3	3	3
ENSG00000215908.10	CROCCP2	chr1	16618253	16657232	3	3	3
ENSG00000283773.1	AL137798.3	chr1	16642767	16643109	3	3	3
ENSG00000186301.8	MST1P2	chr1	16645622	16650289	3	3	3
ENSG00000282143.1	AL137798.2	chr1	16656879	16667524	3	3	3
ENSG00000207513.1	RNU1-3	chr1	16666785	16666948	3	3	3
ENSG00000280114.1	AL021920.2	chr1	16681097	16688749	3	3	3
ENSG00000236698.1	EIF1AXP1	chr1	16685621	16686055	3	3	3
ENSG00000268869.6	ESPNP	chr1	16687339	16720157	3	3	3
ENSG00000279151.1	AL021920.1	chr1	16701546	16705594	3	3	3
ENSG00000282740.1	AL021920.3	chr1	16739938	16750589	3	3	3
ENSG00000058453.17	CROCC	chr1	16740273	16972964	3	3	3
ENSG00000227684.2	CROCCP4	chr1	16740280	16750968	3	3	3
ENSG00000207389.1	RNU1-4	chr1	16740516	16740679	3	3	3
ENSG00000186715.11	MST1L	chr1	16754910	16770237	3	3	3
ENSG00000223643.6	BX284668.1	chr1	16851257	16853129	3	3	3
ENSG00000230239.1	BX284668.3	chr1	16855407	16859284	3	3	3
ENSG00000263811.1	MIR3675	chr1	16858949	16859021	3	3	3
ENSG00000228549.4	BX284668.2	chr1	16870945	16883659	3	3	3
ENSG00000277234.1	RNU1-5P	chr1	16873708	16873851	3	3	3
ENSG00000238142.2	BX284668.5	chr1	16887577	16889706	3	3	3
ENSG00000235241.1	BX284668.4	chr1	16889095	16889602	3	3	3
ENSG00000207005.1	RNU1-2	chr1	16895980	16896143	3	3	3
ENSG00000272426.1	BX284668.6	chr1	16904339	16904776	3	3	3
ENSG00000117122.14	MFAP2	chr1	16974502	16980632	3	3	3
ENSG00000286898.1	AL049569.2	chr1	16976302	16977792	3	3	3
ENSG00000226526.1	AL049569.1	chr1	16978926	17005091	3	3	3
ENSG00000159363.19	ATP13A2	chr1	16985958	17011928	3	3	3
ENSG00000288636.1	AL049569.3	chr1	17005068	17011757	3	3	3
ENSG00000117118.10	SDHB	chr1	17018722	17054032	3	3	3
ENSG00000117115.13	PADI2	chr1	17066761	17119451	3	3	3
ENSG00000204362.6	LINC02783	chr1	17189783	17197617	3	3	3
ENSG00000282843.1	AL590644.2	chr1	17193232	17201733	3	3	3
ENSG00000142623.11	PADI1	chr1	17205128	17246007	3	3	3
ENSG00000142619.4	PADI3	chr1	17249098	17284233	3	3	3
ENSG00000266634.1	MIR3972	chr1	17277889	17277975	3	3	3
ENSG00000159339.13	PADI4	chr1	17308195	17364004	3	3	3
ENSG00000276747.1	PADI6	chr1	17372196	17401699	3	3	3
ENSG00000227751.1	RCC2-AS1	chr1	17406760	17407382	3	3	3
ENSG00000179051.14	RCC2	chr1	17406760	17439677	3	3	3
ENSG00000074964.17	ARHGEF10L	chr1	17539698	17697874	3	3	3
ENSG00000236648.2	LINC02810	chr1	17717625	17749978	3	3	3
ENSG00000117148.8	ACTL8	chr1	17755333	17827063	3	3	3
ENSG00000284653.1	AL357509.1	chr1	18015712	18045612	3	3	3
ENSG00000261781.1	LINC01654	chr1	18065657	18074412	3	3	3
ENSG00000117154.12	IGSF21	chr1	18107798	18378483	3	3	3
ENSG00000280222.1	AL365209.1	chr1	18109389	18115861	3	3	3
ENSG00000230035.2	IGSF21-AS1	chr1	18166929	18179346	3	3	3
ENSG00000225387.1	AL591896.1	chr1	18385829	18388514	3	3	3
ENSG00000179023.8	KLHDC7A	chr1	18480982	18486126	3	3	3
ENSG00000235282.3	DYNLL1P3	chr1	18513118	18513383	3	3	3
ENSG00000225478.2	AL031737.1	chr1	18595414	18595636	3	3	3
ENSG00000009709.12	PAX7	chr1	18630846	18748866	3	3	3
ENSG00000179002.5	TAS1R2	chr1	18839599	18859682	3	3	3
ENSG00000159423.17	ALDH4A1	chr1	18871430	18902724	3	3	3
ENSG00000265606.1	MIR4695	chr1	18883202	18883275	3	3	3
ENSG00000221662.1	MIR1290	chr1	18897071	18897148	3	3	3
ENSG00000169991.11	IFFO2	chr1	18904280	18956676	3	3	3
ENSG00000272084.1	AL137127.1	chr1	19072110	19075511	3	3	3
ENSG00000127481.15	UBR4	chr1	19074510	19210266	3	3	3
ENSG00000230424.1	EMC1-AS1	chr1	19210501	19240704	3	3	3
ENSG00000127463.15	EMC1	chr1	19215660	19251527	3	3	3
ENSG00000053372.5	MRTO4	chr1	19251805	19260128	3	3	3
ENSG00000286064.1	AL035413.2	chr1	19260521	19262307	3	3	3
ENSG00000211454.15	AKR7L	chr1	19265982	19274194	3	3	3
ENSG00000162482.5	AKR7A3	chr1	19282573	19288770	3	3	3
ENSG00000270728.1	AL035413.1	chr1	19297080	19297903	3	3	3
ENSG00000053371.12	AKR7A2	chr1	19303965	19312146	3	3	3
ENSG00000200403.1	RNU6-1099P	chr1	19305076	19305182	3	3	3
ENSG00000040487.13	SLC66A1	chr1	19312326	19329300	3	3	3
ENSG00000077549.19	CAPZB	chr1	19338775	19485539	3	3	3
ENSG00000240490.3	RN7SL277P	chr1	19424384	19424671	3	3	3
ENSG00000173436.15	MICOS10	chr1	19484403	19629821	3	3	3
ENSG00000201609.1	RNU4-28P	chr1	19510593	19510733	3	3	3
ENSG00000235185.1	AL031727.2	chr1	19591802	19596832	3	3	3
ENSG00000158747.15	NBL1	chr1	19596979	19658456	3	3	3
ENSG00000270136.6	MICOS10-NBL1	chr1	19597067	19656927	3	3	3
ENSG00000226396.1	AL031727.1	chr1	19608114	19608568	3	3	3
ENSG00000158748.4	HTR6	chr1	19664875	19680966	3	3	3
ENSG00000162542.13	TMCO4	chr1	19682213	19799945	3	3	3
ENSG00000178828.7	RNF186	chr1	19814029	19815283	3	3	3
ENSG00000235434.1	AL391883.1	chr1	19814367	19819502	3	3	3
ENSG00000169914.6	OTUD3	chr1	19882395	19912945	3	3	3
ENSG00000188784.4	PLA2G2E	chr1	19920009	19923617	3	3	3
ENSG00000242688.3	RN7SL304P	chr1	19970969	19971269	3	3	3
ENSG00000188257.12	PLA2G2A	chr1	19975431	19980416	3	3	3
ENSG00000127472.11	PLA2G5	chr1	20028179	20091911	3	3	3
ENSG00000117215.15	PLA2G2D	chr1	20111939	20119566	3	3	3
ENSG00000158786.5	PLA2G2F	chr1	20139323	20150381	3	3	3
ENSG00000227066.2	Z98257.1	chr1	20154171	20160568	3	3	3
ENSG00000187980.7	PLA2G2C	chr1	20161253	20186518	3	3	3
ENSG00000162543.6	UBXN10	chr1	20186096	20196050	3	3	3
ENSG00000228105.2	LINC01757	chr1	20243095	20244664	3	3	3
ENSG00000284710.1	Z98257.2	chr1	20272018	20275005	3	3	3
ENSG00000158816.15	VWA5B1	chr1	20290919	20354894	3	3	3
ENSG00000226664.1	AL020998.1	chr1	20294211	20323187	3	3	3
ENSG00000236963.7	LINC01141	chr1	20360579	20431234	3	3	3
ENSG00000226487.1	AL139254.1	chr1	20412304	20413253	3	3	3
ENSG00000284641.1	AL139254.2	chr1	20476222	20478937	3	3	3
ENSG00000284743.1	AL139254.3	chr1	20478779	20480397	3	3	3
ENSG00000162545.6	CAMK2N1	chr1	20482391	20486210	3	3	3
ENSG00000090432.7	MUL1	chr1	20499448	20508151	3	3	3
ENSG00000215520.3	RPS4XP4	chr1	20525989	20526751	3	3	3
ENSG00000183114.8	FAM43B	chr1	20552573	20555020	3	3	3
ENSG00000158825.6	CDA	chr1	20589086	20618903	3	3	3
ENSG00000158828.8	PINK1	chr1	20633458	20651511	3	3	3
ENSG00000284005.1	MIR6084	chr1	20633679	20633788	3	3	3
ENSG00000117242.7	PINK1-AS	chr1	20642657	20652193	3	3	3
ENSG00000244038.11	DDOST	chr1	20651767	20661544	3	3	3
ENSG00000117245.13	KIF17	chr1	20664014	20718017	3	3	3
ENSG00000235432.1	AL663074.2	chr1	20692734	20694013	3	3	3
ENSG00000189410.12	SH2D5	chr1	20719731	20732837	3	3	3
ENSG00000233069.1	AL663074.1	chr1	20732880	20733952	3	3	3
ENSG00000127483.19	HP1BP3	chr1	20740266	20787323	3	3	3
ENSG00000075151.21	EIF4G3	chr1	20806292	21176888	3	3	3
ENSG00000251914.1	RNU7-200P	chr1	20841241	20841302	3	3	3
ENSG00000221808.1	MIR1256	chr1	20988314	20988432	3	3	3
ENSG00000233072.1	RPS15AP6	chr1	21003550	21003934	3	3	3
ENSG00000236073.2	AL627311.1	chr1	21073639	21073753	3	3	3
ENSG00000235112.1	HSPE1P27	chr1	21161475	21162081	3	3	3
ENSG00000287192.1	AL031005.2	chr1	21177054	21178164	3	3	3
ENSG00000117298.16	ECE1	chr1	21217247	21345572	3	3	3
ENSG00000236936.1	AL031005.1	chr1	21266082	21267251	3	3	3
ENSG00000231105.2	ECE1-AS1	chr1	21293290	21299874	3	3	3
ENSG00000236216.5	PPP1R11P1	chr1	21397987	21398362	3	3	3
ENSG00000228823.1	AL592309.1	chr1	21411460	21413293	3	3	3
ENSG00000236009.1	AL592309.2	chr1	21415898	21417492	3	3	3
ENSG00000227001.3	NBPF2P	chr1	21424625	21427967	3	3	3
ENSG00000187952.9	HS6ST1P1	chr1	21428303	21429536	3	3	3
ENSG00000186543.7	CROCCP5	chr1	21434318	21437558	3	3	3
ENSG00000142794.19	NBPF3	chr1	21440128	21485005	3	3	3
ENSG00000176378.8	PFN1P10	chr1	21459756	21460082	3	3	3
ENSG00000162551.14	ALPL	chr1	21509397	21578410	3	3	3
ENSG00000233431.1	LINC02596	chr1	21586472	21591187	3	3	3
ENSG00000076864.19	RAP1GAP	chr1	21596215	21669363	3	3	3
ENSG00000090686.16	USP48	chr1	21678298	21783606	3	3	3
ENSG00000231978.2	AL590103.1	chr1	21768269	21768575	3	3	3
ENSG00000187942.12	LDLRAD2	chr1	21812265	21825225	3	3	3
ENSG00000142798.20	HSPG2	chr1	21822244	21937310	3	3	3
ENSG00000232037.3	AL590556.1	chr1	21908098	21908580	3	3	3
ENSG00000283234.1	AL590556.2	chr1	21950679	21956871	3	3	3
ENSG00000219073.8	CELA3B	chr1	21977022	21998642	3	3	3
ENSG00000285959.1	AL590556.3	chr1	21983606	22030617	3	3	3
ENSG00000273610.1	RN7SL386P	chr1	21987481	21987777	3	3	3
ENSG00000201919.1	RNU6-1022P	chr1	21987816	21987919	3	3	3
ENSG00000142789.20	CELA3A	chr1	22001657	22012542	3	3	3
ENSG00000278124.1	RN7SL186P	chr1	22010650	22010946	3	3	3
ENSG00000201273.1	RNU6-776P	chr1	22010985	22011088	3	3	3
ENSG00000228397.3	LINC01635	chr1	22023990	22026048	3	3	3
ENSG00000218510.8	LINC00339	chr1	22024558	22031223	3	3	3
ENSG00000070831.17	CDC42	chr1	22025511	22101360	3	3	3
ENSG00000285752.1	CDC42-AS1	chr1	22028317	22052927	3	3	3
ENSG00000285794.1	AL031281.1	chr1	22030527	22030748	3	3	3
ENSG00000230068.2	CDC42-IT1	chr1	22059197	22064199	3	3	3
ENSG00000271428.1	MPHOSPH6P1	chr1	22068340	22068827	3	3	3
ENSG00000162552.15	WNT4	chr1	22117313	22143969	3	3	3
ENSG00000285873.1	AL445253.1	chr1	22142850	22157401	3	3	3
ENSG00000266564.1	MIR4418	chr1	22266239	22266300	3	3	3
ENSG00000234397.3	PPIAP34	chr1	22322840	22323331	3	3	3
ENSG00000279625.1	AL591122.1	chr1	22364630	22366482	3	3	3
ENSG00000184677.18	ZBTB40	chr1	22428838	22531157	3	3	3
ENSG00000237200.1	ZBTB40-IT1	chr1	22517474	22519708	3	3	3
ENSG00000070886.12	EPHA8	chr1	22563489	22603595	3	3	3
ENSG00000276835.2	MIR6127	chr1	22633258	22633366	3	3	3
ENSG00000173372.17	C1QA	chr1	22636628	22639678	3	3	3
ENSG00000159189.12	C1QC	chr1	22643633	22648110	3	3	3
ENSG00000173369.17	C1QB	chr1	22652762	22661637	3	3	3
ENSG00000133216.17	EPHB2	chr1	22710839	22921500	3	3	3
ENSG00000265422.1	MIR4684	chr1	22719517	22719598	3	3	3
ENSG00000225952.1	AL512444.1	chr1	22835713	22836849	3	3	3
ENSG00000264014.1	MIR4253	chr1	22863159	22863226	3	3	3
ENSG00000215906.8	LACTBL1	chr1	22953043	22965338	3	3	3
ENSG00000227868.6	TEX46	chr1	23010834	23015852	3	3	3
ENSG00000004487.17	KDM1A	chr1	23019443	23083689	3	3	3
ENSG00000240553.1	AL031428.1	chr1	23020147	23088058	3	3	3
ENSG00000263793.1	MIR3115	chr1	23044305	23044372	3	3	3
ENSG00000266802.1	AL031428.2	chr1	23057858	23057934	3	3	3
ENSG00000169641.13	LUZP1	chr1	23084023	23177808	3	3	3
ENSG00000229010.1	AL161672.1	chr1	23140325	23141142	3	3	3
ENSG00000206935.1	RNU6-514P	chr1	23162704	23162810	3	3	3
ENSG00000252578.1	RNU6-135P	chr1	23163953	23164053	3	3	3
ENSG00000179546.4	HTR1D	chr1	23191895	23194729	3	3	3
ENSG00000215381.3	AL109936.1	chr1	23244765	23245224	3	3	3
ENSG00000261326.4	LINC01355	chr1	23281307	23287488	3	3	3
ENSG00000284726.1	AL109936.9	chr1	23297797	23302866	3	3	3
ENSG00000125944.21	HNRNPR	chr1	23303771	23344336	3	3	3
ENSG00000125945.15	ZNF436	chr1	23359448	23369836	3	3	3
ENSG00000249087.7	ZNF436-AS1	chr1	23368997	23371839	3	3	3
ENSG00000201405.1	Y_RNA	chr1	23370254	23370346	3	3	3
ENSG00000271420.1	AL109936.2	chr1	23378380	23379029	3	3	3
ENSG00000204219.11	TCEA3	chr1	23380909	23424748	3	3	3
ENSG00000232482.2	AL357134.1	chr1	23410832	23412146	3	3	3
ENSG00000088280.19	ASAP3	chr1	23428563	23484568	3	3	3
ENSG00000007968.7	E2F2	chr1	23506438	23531233	3	3	3
ENSG00000235052.1	AL021154.1	chr1	23549139	23550915	3	3	3
ENSG00000117318.9	ID3	chr1	23557926	23559501	3	3	3
ENSG00000285802.1	AL450043.1	chr1	23576436	23593621	3	3	3
ENSG00000197880.9	MDS2	chr1	23581495	23640568	3	3	3
ENSG00000229239.2	AL451000.1	chr1	23670294	23680259	3	3	3
ENSG00000142676.14	RPL11	chr1	23691742	23696835	3	3	3
ENSG00000236810.6	ELOA-AS1	chr1	23706901	23778296	3	3	3
ENSG00000011007.12	ELOA	chr1	23743155	23762059	3	3	3
ENSG00000057757.10	PITHD1	chr1	23778418	23788232	3	3	3
ENSG00000011009.11	LYPLA2	chr1	23791145	23795539	3	3	3
ENSG00000117308.15	GALE	chr1	23795599	23800781	3	3	3
ENSG00000117305.15	HMGCL	chr1	23801885	23838620	3	3	3
ENSG00000179163.12	FUCA1	chr1	23845077	23868290	3	3	3
ENSG00000188822.8	CNR2	chr1	23870515	23913362	3	3	3
ENSG00000229106.1	BTBD6P1	chr1	23901471	23902737	3	3	3
ENSG00000232557.3	AL590609.2	chr1	23907111	23907885	3	3	3
ENSG00000264926.1	MIR378F	chr1	23929070	23929147	3	3	3
ENSG00000230228.2	H3P1	chr1	23949016	23949383	3	3	3
ENSG00000189266.13	PNRC2	chr1	23956839	23963462	3	3	3
ENSG00000188529.15	SRSF10	chr1	23964347	23980927	3	3	3
ENSG00000215905.4	AL590609.1	chr1	24007881	24008519	3	3	3
ENSG00000225315.2	AL591178.1	chr1	24040835	24086799	3	3	3
ENSG00000142661.19	MYOM3	chr1	24056035	24112135	3	3	3
ENSG00000230703.1	MYOM3-AS1	chr1	24066774	24083565	3	3	3
ENSG00000142677.4	IL22RA1	chr1	24119771	24143140	3	3	3
ENSG00000185436.12	IFNLR1	chr1	24154168	24187959	3	3	3
ENSG00000230023.2	LINC02800	chr1	24200240	24211693	3	3	3
ENSG00000232298.2	GRHL3-AS1	chr1	24307556	24321901	3	3	3
ENSG00000158055.16	GRHL3	chr1	24319357	24364482	3	3	3
ENSG00000001460.18	STPG1	chr1	24356999	24416934	3	3	3
ENSG00000001461.17	NIPAL3	chr1	24415802	24472976	3	3	3
ENSG00000286061.1	RCAN3AS	chr1	24496254	24535400	3	3	3
ENSG00000117602.13	RCAN3	chr1	24502351	24541040	3	3	3
ENSG00000264443.1	NCMAP-DT	chr1	24538802	24556024	3	3	3
ENSG00000184454.7	NCMAP	chr1	24556087	24609328	3	3	3
ENSG00000227312.2	AL445686.1	chr1	24563627	24563974	3	3	3
ENSG00000239106.1	Y_RNA	chr1	24625411	24625513	3	3	3
ENSG00000133226.17	SRRM1	chr1	24631716	24673281	3	3	3
ENSG00000284699.1	AL445648.1	chr1	24704894	24717596	3	3	3
ENSG00000169504.15	CLIC4	chr1	24745382	24844321	3	3	3
ENSG00000238482.1	RNU6-1208P	chr1	24777873	24777979	3	3	3
ENSG00000020633.19	RUNX3	chr1	24899511	24965121	3	3	3
ENSG00000278034.1	MIR6731	chr1	24919345	24919416	3	3	3
ENSG00000229162.1	RUNX3-AS1	chr1	24961345	24963097	3	3	3
ENSG00000261025.1	AL445471.1	chr1	24968423	24970865	3	3	3
ENSG00000264371.1	MIR4425	chr1	25023503	25023586	3	3	3
ENSG00000285823.1	LINC02793	chr1	25041136	25047404	3	3	3
ENSG00000233755.1	AL050344.1	chr1	25043707	25113120	3	3	3
ENSG00000233419.3	IFITM3P7	chr1	25125053	25125454	3	3	3
ENSG00000231953.2	AL031432.1	chr1	25208139	25209437	3	3	3
ENSG00000117614.10	SYF2	chr1	25222276	25232502	3	3	3
ENSG00000284602.1	AL031432.4	chr1	25232586	25234775	3	3	3
ENSG00000284657.1	AL031432.5	chr1	25239494	25240253	3	3	3
ENSG00000117616.18	RSRP1	chr1	25242249	25338213	3	3	3
ENSG00000272432.1	AL031432.3	chr1	25247837	25248321	3	3	3
ENSG00000261349.1	AL031432.2	chr1	25266102	25267136	3	3	3
ENSG00000187010.21	RHD	chr1	25272393	25330445	3	3	3
ENSG00000224183.1	SDHDP6	chr1	25294164	25294643	3	3	3
ENSG00000259984.1	AL928711.1	chr1	25336429	25337465	3	3	3
ENSG00000183726.11	TMEM50A	chr1	25338317	25362361	3	3	3
ENSG00000188672.19	RHCE	chr1	25362249	25430192	3	3	3
ENSG00000238084.4	AL031284.1	chr1	25398721	25399198	3	3	3
ENSG00000204178.11	MACO1	chr1	25430858	25500209	3	3	3
ENSG00000157978.12	LDLRAP1	chr1	25543606	25568886	3	3	3
ENSG00000225643.1	AL606491.1	chr1	25581478	25590356	3	3	3
ENSG00000117643.14	MAN1C1	chr1	25617468	25786207	3	3	3
ENSG00000233478.1	AL031280.1	chr1	25644544	25659111	3	3	3
ENSG00000162430.17	SELENON	chr1	25800176	25818221	3	3	3
ENSG00000255054.3	AL020996.2	chr1	25811470	25823744	3	3	3
ENSG00000228172.5	AL020996.1	chr1	25816749	25820797	3	3	3
ENSG00000117640.18	MTFR1L	chr1	25818640	25832942	3	3	3
ENSG00000272478.1	AL020996.3	chr1	25831913	25832134	3	3	3
ENSG00000127423.11	AUNIP	chr1	25831913	25859458	3	3	3
ENSG00000236528.1	AL033528.2	chr1	25859613	25863420	3	3	3
ENSG00000182749.6	PAQR7	chr1	25861484	25875708	3	3	3
ENSG00000207302.1	Y_RNA	chr1	25877496	25877605	3	3	3
ENSG00000117632.23	STMN1	chr1	25884181	25906991	3	3	3
ENSG00000229786.1	SNRPFP2	chr1	25887360	25887610	3	3	3
ENSG00000223624.1	AL033528.1	chr1	25888970	25889109	3	3	3
ENSG00000283938.1	MIR3917	chr1	25906362	25906454	3	3	3
ENSG00000158006.14	PAFAH2	chr1	25959767	25998117	3	3	3
ENSG00000207237.1	RNU6-110P	chr1	25964197	25964300	3	3	3
ENSG00000252190.1	AL592064.1	chr1	26006006	26006130	3	3	3
ENSG00000252691.1	AL592064.2	chr1	26006216	26006299	3	3	3
ENSG00000158008.10	EXTL1	chr1	26019884	26036464	3	3	3
ENSG00000158014.15	SLC30A2	chr1	26037252	26046118	3	3	3
ENSG00000284309.1	AL391650.2	chr1	26046665	26049099	3	3	3
ENSG00000158022.7	TRIM63	chr1	26051301	26068436	3	3	3
ENSG00000175087.10	PDIK1L	chr1	26111165	26125555	3	3	3
ENSG00000197245.6	FAM110D	chr1	26159079	26163962	3	3	3
ENSG00000282872.2	C1orf232	chr1	26164101	26168963	3	3	3
ENSG00000236782.7	AL391650.1	chr1	26169516	26171831	3	3	3
ENSG00000142684.9	ZNF593	chr1	26169908	26170873	3	3	3
ENSG00000142675.18	CNKSR1	chr1	26177484	26189884	3	3	3
ENSG00000188782.9	CATSPER4	chr1	26190561	26202968	3	3	3
ENSG00000236155.6	ZPLD2P	chr1	26209741	26229840	3	3	3
ENSG00000278572.1	AL355877.2	chr1	26218581	26220476	3	3	3
ENSG00000130695.16	CEP85	chr1	26234200	26278808	3	3	3
ENSG00000270733.1	AL355877.1	chr1	26263041	26263398	3	3	3
ENSG00000142669.15	SH3BGRL3	chr1	26280086	26281522	3	3	3
ENSG00000158062.20	UBXN11	chr1	26281328	26318363	3	3	3
ENSG00000169442.9	CD52	chr1	26317958	26320523	3	3	3
ENSG00000176092.16	CRYBG2	chr1	26321698	26360080	3	3	3
ENSG00000225854.2	AL451139.1	chr1	26326688	26327033	3	3	3
ENSG00000176083.18	ZNF683	chr1	26361634	26374522	3	3	3
ENSG00000131914.11	LIN28A	chr1	26410817	26429728	3	3	3
ENSG00000117682.17	DHDDS	chr1	26432282	26471306	3	3	3
ENSG00000223583.1	AL513365.1	chr1	26454653	26455187	3	3	3
ENSG00000225891.2	DHDDS-AS1	chr1	26462756	26468014	3	3	3
ENSG00000198830.11	HMGN2	chr1	26472440	26476642	3	3	3
ENSG00000224129.1	DPPA2P2	chr1	26519354	26520250	3	3	3
ENSG00000117676.14	RPS6KA1	chr1	26529761	26575030	3	3	3
ENSG00000238705.1	MIR1976	chr1	26554542	26554593	3	3	3
ENSG00000243905.3	RN7SL679P	chr1	26593243	26593546	3	3	3
ENSG00000252802.1	Y_RNA	chr1	26593940	26594041	3	3	3
ENSG00000252429.2	RNU7-29P	chr1	26602369	26602432	3	3	3
ENSG00000229247.2	AL627313.1	chr1	26640377	26640614	3	3	3
ENSG00000238316.1	AL627082.2	chr1	26642286	26642389	3	3	3
ENSG00000235069.2	AL627082.1	chr1	26647447	26647681	3	3	3
ENSG00000260063.1	AL512408.1	chr1	26692132	26694131	3	3	3
ENSG00000117713.20	ARID1A	chr1	26693236	26782104	3	3	3
ENSG00000060642.11	PIGV	chr1	26787054	26800659	3	3	3
ENSG00000241188.3	RN7SL165P	chr1	26814822	26815112	3	3	3
ENSG00000287810.1	AL034380.2	chr1	26817300	26817476	3	3	3
ENSG00000204160.12	ZDHHC18	chr1	26826688	26857604	3	3	3
ENSG00000175793.12	SFN	chr1	26863149	26864456	3	3	3
ENSG00000142751.15	GPN2	chr1	26876132	26890283	3	3	3
ENSG00000226698.1	AL034380.1	chr1	26876133	26878245	3	3	3
ENSG00000198746.13	GPATCH3	chr1	26890488	26900467	3	3	3
ENSG00000090273.14	NUDC	chr1	26900238	26946871	3	3	3
ENSG00000131910.5	NR0B2	chr1	26911489	26913975	3	3	3
ENSG00000175707.9	KDF1	chr1	26949562	26960468	3	3	3
ENSG00000172746.6	RPL12P13	chr1	26980165	26980975	3	3	3
ENSG00000224064.1	AL356390.1	chr1	26983628	26984024	3	3	3
ENSG00000225294.1	OSTCP2	chr1	26985897	26986340	3	3	3
ENSG00000253368.4	TRNP1	chr1	26993692	27000886	3	3	3
ENSG00000158246.8	TENT5B	chr1	27005020	27012850	3	3	3
ENSG00000090020.11	SLC9A1	chr1	27098809	27166981	3	3	3
ENSG00000229985.2	AL590640.2	chr1	27176751	27177277	3	3	3
ENSG00000214973.3	CHCHD3P3	chr1	27200834	27201473	3	3	3
ENSG00000225159.1	NPM1P39	chr1	27206930	27207796	3	3	3
ENSG00000225990.2	SNRPEP7	chr1	27211265	27211484	3	3	3
ENSG00000224311.1	AL590640.1	chr1	27229106	27234352	3	3	3
ENSG00000142784.16	WDTC1	chr1	27234632	27308636	3	3	3
ENSG00000252098.1	Y_RNA	chr1	27255464	27255567	3	3	3
ENSG00000243659.1	FO393419.3	chr1	27311240	27311838	3	3	3
ENSG00000186501.14	TMEM222	chr1	27322145	27336400	3	3	3
ENSG00000206888.1	RNU6-48P	chr1	27325219	27325325	3	3	3
ENSG00000241547.1	ACTG1P20	chr1	27325329	27325796	3	3	3
ENSG00000142765.18	SYTL1	chr1	27342020	27353937	3	3	3
ENSG00000142733.17	MAP3K6	chr1	27354067	27366961	3	3	3
ENSG00000142748.13	FCN3	chr1	27369110	27374824	3	3	3
ENSG00000174950.11	CD164L2	chr1	27379176	27383333	3	3	3
ENSG00000231207.1	FO393419.1	chr1	27389468	27390145	3	3	3
ENSG00000181773.7	GPR3	chr1	27392622	27395814	3	3	3
ENSG00000158195.11	WASF2	chr1	27404230	27490167	3	3	3
ENSG00000241169.1	FO393419.2	chr1	27457198	27459582	3	3	3
ENSG00000237429.1	BX293535.1	chr1	27525805	27530561	3	3	3
ENSG00000126705.15	AHDC1	chr1	27534035	27604431	3	3	3
ENSG00000000938.13	FGR	chr1	27612064	27635185	3	3	3
ENSG00000235912.1	AL031729.1	chr1	27649419	27649610	3	3	3
ENSG00000233975.1	LINC02574	chr1	27660328	27662722	3	3	3
ENSG00000126709.15	IFI6	chr1	27666064	27672198	3	3	3
ENSG00000225886.3	AL445490.1	chr1	27669468	27703063	3	3	3
ENSG00000206767.1	RNU6-949P	chr1	27675603	27675709	3	3	3
ENSG00000226662.2	CHMP1AP1	chr1	27686810	27687471	3	3	3
ENSG00000207095.1	RNU6-424P	chr1	27693731	27693835	3	3	3
ENSG00000287244.1	AL020997.5	chr1	27724822	27725756	3	3	3
ENSG00000009780.16	FAM76A	chr1	27725961	27763116	3	3	3
ENSG00000231344.1	AL020997.1	chr1	27739091	27739439	3	3	3
ENSG00000230833.1	RPEP3	chr1	27739954	27740629	3	3	3
ENSG00000117758.14	STX12	chr1	27773219	27824443	3	3	3
ENSG00000269971.1	AL020997.2	chr1	27773858	27774041	3	3	3
ENSG00000270031.1	AL020997.3	chr1	27819983	27820341	3	3	3
ENSG00000223062.1	RNU6-1245P	chr1	27824538	27824643	3	3	3
ENSG00000286433.1	AL020997.4	chr1	27827812	27831209	3	3	3
ENSG00000117751.18	PPP1R8	chr1	27830782	27851676	3	3	3
ENSG00000252947.1	SCARNA1	chr1	27834401	27834566	3	3	3
ENSG00000130775.16	THEMIS2	chr1	27872543	27886685	3	3	3
ENSG00000117748.10	RPA2	chr1	27891524	27914746	3	3	3
ENSG00000130768.15	SMPDL3B	chr1	27935000	27959157	3	3	3
ENSG00000227050.1	AL512288.1	chr1	27938875	27960193	3	3	3
ENSG00000158156.9	XKR8	chr1	27959588	27968093	3	3	3
ENSG00000158161.16	EYA3	chr1	27970344	28088637	3	3	3
ENSG00000238231.2	AL512288.2	chr1	27990158	27990524	3	3	3
ENSG00000240750.3	RN7SL559P	chr1	28031884	28032180	3	3	3
ENSG00000228589.3	SPCS2P4	chr1	28095742	28096422	3	3	3
ENSG00000228943.1	AL137792.2	chr1	28109739	28110298	3	3	3
ENSG00000214812.3	AL137792.1	chr1	28120449	28121321	3	3	3
ENSG00000253005.1	RNU6-176P	chr1	28142737	28142841	3	3	3
ENSG00000169403.12	PTAFR	chr1	28147166	28193936	3	3	3
ENSG00000126698.11	DNAJC8	chr1	28199456	28233029	3	3	3
ENSG00000130770.18	ATP5IF1	chr1	28236109	28246906	3	3	3
ENSG00000270605.1	AL353622.1	chr1	28239509	28241453	3	3	3
ENSG00000271398.1	AL353622.2	chr1	28247144	28247568	3	3	3
ENSG00000130766.5	SESN2	chr1	28259518	28282491	3	3	3
ENSG00000130772.14	MED18	chr1	28329002	28335965	3	3	3
ENSG00000204138.13	PHACTR4	chr1	28369582	28500364	3	3	3
ENSG00000206779.1	Y_RNA	chr1	28422555	28422655	3	3	3
ENSG00000229820.2	CR391992.1	chr1	28453541	28453934	3	3	3
ENSG00000221216.1	RNU6ATAC27P	chr1	28481362	28481480	3	3	3
ENSG00000180198.16	RCC1	chr1	28505943	28539300	3	3	3
ENSG00000242125.3	SNHG3	chr1	28505980	28510892	3	3	3
ENSG00000274266.1	SNORA73A	chr1	28507366	28507571	3	3	3
ENSG00000200087.1	SNORA73B	chr1	28508559	28508762	3	3	3
ENSG00000231468.2	PRDX3P2	chr1	28526318	28527227	3	3	3
ENSG00000279443.1	AL513497.1	chr1	28544460	28546542	3	3	3
ENSG00000180098.9	TRNAU1AP	chr1	28553085	28578545	3	3	3
ENSG00000197989.14	SNHG12	chr1	28578538	28583132	3	3	3
ENSG00000221539.1	SNORD99	chr1	28578749	28578822	3	3	3
ENSG00000278274.1	SNORA61	chr1	28579764	28579893	3	3	3
ENSG00000273544.1	SNORA44	chr1	28580381	28580512	3	3	3
ENSG00000280498.1	SNORA16A	chr1	28580920	28581054	3	3	3
ENSG00000274582.1	SNORA16A	chr1	28580920	28581056	3	3	3
ENSG00000120656.12	TAF12	chr1	28589323	28643085	3	3	3
ENSG00000188060.7	RAB42	chr1	28592200	28595443	3	3	3
ENSG00000229388.1	LINC01715	chr1	28643228	28648581	3	3	3
ENSG00000270103.3	AL360012.1	chr1	28648600	28648730	3	3	3
ENSG00000274978.1	RNU11	chr1	28648600	28648733	3	3	3
ENSG00000162419.13	GMEB1	chr1	28668778	28719353	3	3	3
ENSG00000252777.1	AL645729.1	chr1	28689665	28689794	3	3	3
ENSG00000198492.16	YTHDF2	chr1	28736621	28769775	3	3	3
ENSG00000116329.11	OPRD1	chr1	28812142	28871267	3	3	3
ENSG00000233427.1	AL009181.1	chr1	28870483	28877336	3	3	3
ENSG00000199756.1	Y_RNA	chr1	28881726	28881835	3	3	3
ENSG00000159023.22	EPB41	chr1	28887091	29120046	3	3	3
ENSG00000225616.2	AL138785.1	chr1	28982278	28982608	3	3	3
ENSG00000206704.1	Y_RNA	chr1	28985710	28985810	3	3	3
ENSG00000277958.1	Metazoa_SRP	chr1	29041199	29041480	3	3	3
ENSG00000253304.2	TMEM200B	chr1	29119429	29123903	3	3	3
ENSG00000225750.1	AL357500.1	chr1	29144494	29146994	3	3	3
ENSG00000116350.17	SRSF4	chr1	29147743	29181900	3	3	3
ENSG00000277916.1	AL357500.2	chr1	29171285	29171453	3	3	3
ENSG00000116353.16	MECR	chr1	29192657	29230942	3	3	3
ENSG00000237934.1	AL590729.1	chr1	29223933	29224816	3	3	3
ENSG00000060656.20	PTPRU	chr1	29236516	29326813	3	3	3
ENSG00000230523.1	LINC01756	chr1	29329620	29350114	3	3	3
ENSG00000225011.4	AL671862.1	chr1	29488193	29496893	3	3	3
ENSG00000228176.1	AC092265.1	chr1	29708851	29709547	3	3	3
ENSG00000284676.1	AL645944.2	chr1	29755175	29790597	3	3	3
ENSG00000270927.1	AL645944.1	chr1	29904865	29905357	3	3	3
ENSG00000233399.2	LINC01648	chr1	30013952	30037612	3	3	3
ENSG00000233372.1	AL137076.1	chr1	30140263	30141607	3	3	3
ENSG00000231251.1	AL021921.1	chr1	30226523	30226615	3	3	3
ENSG00000236335.1	AL161638.2	chr1	30409560	30411638	3	3	3
ENSG00000231949.1	AL161638.1	chr1	30415825	30421108	3	3	3
ENSG00000162510.6	MATN1	chr1	30711277	30723585	3	3	3
ENSG00000186056.10	MATN1-AS1	chr1	30718504	30726827	3	3	3
ENSG00000287510.1	AL137857.1	chr1	30731693	30733427	3	3	3
ENSG00000162511.8	LAPTM5	chr1	30732469	30757774	3	3	3
ENSG00000264773.1	MIR4420	chr1	30739156	30739232	3	3	3
ENSG00000229607.1	AL137027.1	chr1	30810378	30815553	3	3	3
ENSG00000223382.5	LINC01778	chr1	30824217	30834864	3	3	3
ENSG00000222784.1	RN7SKP91	chr1	30843823	30844110	3	3	3
ENSG00000235143.1	AL445235.1	chr1	30858158	30860254	3	3	3
ENSG00000162512.16	SDC3	chr1	30869466	30908758	3	3	3
ENSG00000266210.2	RN7SL371P	chr1	30918469	30918735	3	3	3
ENSG00000134644.16	PUM1	chr1	30931506	31065991	3	3	3
ENSG00000237329.2	AL356320.2	chr1	31036734	31037240	3	3	3
ENSG00000232768.1	AL356320.1	chr1	31050872	31051034	3	3	3
ENSG00000215900.4	SELENOWP1	chr1	31094987	31095558	3	3	3
ENSG00000225142.2	AC114495.1	chr1	31108188	31108623	3	3	3
ENSG00000084628.10	NKAIN1	chr1	31179745	31239887	3	3	3
ENSG00000060688.13	SNRNP40	chr1	31259568	31296788	3	3	3
ENSG00000229447.2	AC114495.2	chr1	31263245	31263681	3	3	3
ENSG00000121766.16	ZCCHC17	chr1	31296982	31364953	3	3	3
ENSG00000229044.1	AL451070.1	chr1	31333067	31346799	3	3	3
ENSG00000121769.8	FABP3	chr1	31365253	31376850	3	3	3
ENSG00000168528.12	SERINC2	chr1	31409565	31434680	3	3	3
ENSG00000215899.3	AC209007.1	chr1	31487589	31488930	3	3	3
ENSG00000206981.1	RNU6-40P	chr1	31497577	31497683	3	3	3
ENSG00000260386.6	LDC1P	chr1	31500085	31509648	3	3	3
ENSG00000265961.1	Y_RNA	chr1	31503631	31503744	3	3	3
ENSG00000284543.1	LINC01226	chr1	31506226	31583306	3	3	3
ENSG00000229167.2	AC114488.1	chr1	31571585	31577898	3	3	3
ENSG00000142910.16	TINAGL1	chr1	31576485	31587686	3	3	3
ENSG00000121764.11	HCRTR1	chr1	31617686	31632518	3	3	3
ENSG00000162517.13	PEF1	chr1	31629866	31644896	3	3	3
ENSG00000235790.7	PEF1-AS1	chr1	31644049	31660162	3	3	3
ENSG00000264078.1	AC114488.2	chr1	31644694	31649371	3	3	3
ENSG00000084636.18	COL16A1	chr1	31652263	31704319	3	3	3
ENSG00000121753.12	ADGRB2	chr1	31727117	31764893	3	3	3
ENSG00000266580.1	MIR4254	chr1	31758660	31758735	3	3	3
ENSG00000254545.1	AL354919.2	chr1	31789130	31791322	3	3	3
ENSG00000134668.12	SPOCD1	chr1	31790422	31816051	3	3	3
ENSG00000203620.2	AL354919.1	chr1	31842019	31855568	3	3	3
ENSG00000269967.1	AL136115.2	chr1	31851913	31921841	3	3	3
ENSG00000184007.22	PTP4A2	chr1	31906421	31944856	3	3	3
ENSG00000228634.1	AL136115.1	chr1	31933020	31933975	3	3	3
ENSG00000284702.1	AL136115.3	chr1	31972189	31987034	3	3	3
ENSG00000121774.18	KHDRBS1	chr1	32013868	32060850	3	3	3
ENSG00000203325.3	AL445248.1	chr1	32052291	32073474	3	3	3
ENSG00000121775.18	TMEM39B	chr1	32072031	32102866	3	3	3
ENSG00000266203.1	MIR5585	chr1	32086949	32087007	3	3	3
ENSG00000276493.1	Metazoa_SRP	chr1	32087523	32087813	3	3	3
ENSG00000025800.14	KPNA6	chr1	32108056	32176563	3	3	3
ENSG00000250135.1	AL049795.2	chr1	32170733	32176568	3	3	3
ENSG00000084652.16	TXLNA	chr1	32179675	32198285	3	3	3
ENSG00000160050.15	CCDC28B	chr1	32200595	32205387	3	3	3
ENSG00000224066.1	AL049795.1	chr1	32204769	32206814	3	3	3
ENSG00000160051.12	IQCC	chr1	32205671	32208682	3	3	3
ENSG00000222046.2	DCDC2B	chr1	32209094	32216196	3	3	3
ENSG00000160055.20	TMEM234	chr1	32214472	32222359	3	3	3
ENSG00000084623.12	EIF3I	chr1	32221077	32245397	3	3	3
ENSG00000220785.7	MTMR9LP	chr1	32231658	32241620	3	3	3
ENSG00000183615.6	FAM167B	chr1	32247222	32248856	3	3	3
ENSG00000182866.17	LCK	chr1	32251239	32286165	3	3	3
ENSG00000277617.1	Metazoa_SRP	chr1	32269338	32269597	3	3	3
ENSG00000252450.1	Y_RNA	chr1	32286452	32286561	3	3	3
ENSG00000116478.12	HDAC1	chr1	32292083	32333635	3	3	3
ENSG00000175130.7	MARCKSL1	chr1	32333839	32336233	3	3	3
ENSG00000233775.1	AL109945.1	chr1	32349194	32350663	3	3	3
ENSG00000162526.7	TSSK3	chr1	32351521	32364312	3	3	3
ENSG00000225828.1	FAM229A	chr1	32361270	32364278	3	3	3
ENSG00000160058.19	BSDC1	chr1	32364633	32394731	3	3	3
ENSG00000224333.1	GAPDHP20	chr1	32402109	32403115	3	3	3
ENSG00000270850.1	AL356986.1	chr1	32421979	32422319	3	3	3
ENSG00000229259.1	LRRC37A12P	chr1	32423214	32426789	3	3	3
ENSG00000263529.2	RN7SL122P	chr1	32457835	32458135	3	3	3
ENSG00000254553.1	AL033529.1	chr1	32465057	32600792	3	3	3
ENSG00000273274.2	ZBTB8B	chr1	32465072	32496686	3	3	3
ENSG00000160062.15	ZBTB8A	chr1	32539427	32605941	3	3	3
ENSG00000176261.15	ZBTB8OS	chr1	32600172	32650903	3	3	3
ENSG00000200591.1	Y_RNA	chr1	32639951	32640052	3	3	3
ENSG00000162521.19	RBBP4	chr1	32651142	32686211	3	3	3
ENSG00000162520.15	SYNC	chr1	32679906	32703596	3	3	3
ENSG00000224409.1	AC114489.1	chr1	32717734	32725237	3	3	3
ENSG00000162522.11	KIAA1522	chr1	32741830	32774970	3	3	3
ENSG00000134684.11	YARS1	chr1	32775237	32818153	3	3	3
ENSG00000116497.18	S100PBP	chr1	32816767	32858875	3	3	3
ENSG00000160097.20	FNDC5	chr1	32862268	32872482	3	3	3
ENSG00000121905.10	HPCA	chr1	32885994	32898441	3	3	3
ENSG00000121900.19	TMEM54	chr1	32894594	32901438	3	3	3
ENSG00000287691.1	AL031602.2	chr1	32925454	32951638	3	3	3
ENSG00000116514.17	RNF19B	chr1	32936445	32964809	3	3	3
ENSG00000278966.2	AL031602.1	chr1	32973553	32974463	3	3	3
ENSG00000217644.5	AL355864.1	chr1	32979947	32980472	3	3	3
ENSG00000239670.1	AL355864.2	chr1	32986952	32988233	3	3	3
ENSG00000236065.2	AL020995.1	chr1	32987075	33032469	3	3	3
ENSG00000004455.17	AK2	chr1	33007940	33080996	3	3	3
ENSG00000276645.1	Metazoa_SRP	chr1	33029232	33029576	3	3	3
ENSG00000142920.17	AZIN2	chr1	33081104	33123492	3	3	3
ENSG00000278997.1	AL662907.1	chr1	33141871	33143230	3	3	3
ENSG00000116525.14	TRIM62	chr1	33145399	33182059	3	3	3
ENSG00000279179.1	AL662907.2	chr1	33162851	33166298	3	3	3
ENSG00000284721.1	AL662907.3	chr1	33194788	33200353	3	3	3
ENSG00000160094.15	ZNF362	chr1	33256492	33300719	3	3	3
ENSG00000270115.1	AL513327.2	chr1	33261212	33261680	3	3	3
ENSG00000184389.9	A3GALT2	chr1	33306766	33321098	3	3	3
ENSG00000225313.5	AL513327.1	chr1	33307348	33349245	3	3	3
ENSG00000134686.18	PHC2	chr1	33323623	33431052	3	3	3
ENSG00000284154.1	MIR3605	chr1	33332393	33332492	3	3	3
ENSG00000222112.1	RN7SKP16	chr1	33336566	33336864	3	3	3
ENSG00000233246.1	PHC2-AS1	chr1	33350352	33363245	3	3	3
ENSG00000234512.1	TLR12P	chr1	33466249	33468954	3	3	3
ENSG00000121903.14	ZSCAN20	chr1	33472645	33496507	3	3	3
ENSG00000235907.2	AC115285.1	chr1	33512008	33512743	3	3	3
ENSG00000121904.17	CSMD2	chr1	33513999	34165842	3	3	3
ENSG00000227000.2	HSPD1P14	chr1	33838523	33840140	3	3	3
ENSG00000176256.10	HMGB4	chr1	33860475	33864791	3	3	3
ENSG00000231163.6	CSMD2-AS1	chr1	33868953	33893726	3	3	3
ENSG00000201148.1	RNA5SP42	chr1	34112949	34113063	3	3	3
ENSG00000142698.15	C1orf94	chr1	34166883	34219131	3	3	3
ENSG00000270241.1	AC115286.1	chr1	34276859	34277292	3	3	3
ENSG00000287703.1	AC099565.1	chr1	34640157	34685732	3	3	3
ENSG00000207941.1	MIR552	chr1	34669599	34669694	3	3	3
ENSG00000163866.9	SMIM12	chr1	34712737	34859755	3	3	3
ENSG00000189280.3	GJB5	chr1	34755047	34758512	3	3	3
ENSG00000189433.7	GJB4	chr1	34759740	34762327	3	3	3
ENSG00000255811.1	AL121988.1	chr1	34761426	34788097	3	3	3
ENSG00000188910.8	GJB3	chr1	34781214	34786369	3	3	3
ENSG00000187513.9	GJA4	chr1	34792999	34795747	3	3	3
ENSG00000230163.1	AL122010.1	chr1	34850694	34851555	3	3	3
ENSG00000116544.12	DLGAP3	chr1	34865436	34929650	3	3	3
ENSG00000284773.1	AC114490.3	chr1	34974356	34985313	3	3	3
ENSG00000241014.2	AC114490.1	chr1	34975699	34978706	3	3	3
ENSG00000271741.1	AC114490.2	chr1	34981533	35031741	3	3	3
ENSG00000243749.1	TMEM35B	chr1	34981535	34985353	3	3	3
ENSG00000163867.17	ZMYM6	chr1	34986165	35031945	3	3	3
ENSG00000197056.11	ZMYM1	chr1	35032172	35115859	3	3	3
ENSG00000233940.1	RPL12P45	chr1	35053468	35059271	3	3	3
ENSG00000228348.1	EFCAB14P1	chr1	35122022	35122484	3	3	3
ENSG00000284640.1	AL590434.1	chr1	35141515	35146435	3	3	3
ENSG00000116560.11	SFPQ	chr1	35176378	35193145	3	3	3
ENSG00000201868.1	Y_RNA	chr1	35195969	35196062	3	3	3
ENSG00000146463.12	ZMYM4	chr1	35268709	35422058	3	3	3
ENSG00000240374.3	RN7SL503P	chr1	35292196	35292498	3	3	3
ENSG00000201542.1	SNORA62	chr1	35310274	35310425	3	3	3
ENSG00000229994.1	RPL5P4	chr1	35350722	35351607	3	3	3
ENSG00000227409.1	ZMYM4-AS1	chr1	35358822	35366077	3	3	3
ENSG00000278702.1	Metazoa_SRP	chr1	35399997	35400319	3	3	3
ENSG00000142687.18	KIAA0319L	chr1	35433492	35557950	3	3	3
ENSG00000236274.1	AC004865.1	chr1	35509742	35511438	3	3	3
ENSG00000020129.16	NCDN	chr1	35557473	35567274	3	3	3
ENSG00000239636.1	TFAP2E-AS1	chr1	35569813	35577729	3	3	3
ENSG00000116819.8	TFAP2E	chr1	35573314	35595328	3	3	3
ENSG00000126067.12	PSMB2	chr1	35599541	35641526	3	3	3
ENSG00000142686.8	C1orf216	chr1	35713877	35718894	3	3	3
ENSG00000092853.14	CLSPN	chr1	35720218	35769978	3	3	3
ENSG00000232335.1	AL354864.1	chr1	35739389	35743576	3	3	3
ENSG00000134698.11	AGO4	chr1	35808016	35857890	3	3	3
ENSG00000092847.13	AGO1	chr1	35869808	35930532	3	3	3
ENSG00000271164.1	CFAP97P1	chr1	35873270	35873752	3	3	3
ENSG00000286899.1	AL139286.2	chr1	35908980	35910872	3	3	3
ENSG00000271914.1	AL139286.1	chr1	35929720	35930115	3	3	3
ENSG00000126070.20	AGO3	chr1	35930718	36072500	3	3	3
ENSG00000271554.1	AL138787.2	chr1	35992109	36013630	3	3	3
ENSG00000232862.5	AL138787.1	chr1	36080066	36084026	3	3	3
ENSG00000092850.12	TEKT2	chr1	36084094	36088275	3	3	3
ENSG00000116863.11	ADPRS	chr1	36088892	36093932	3	3	3
ENSG00000171812.13	COL8A2	chr1	36095239	36125222	3	3	3
ENSG00000054116.12	TRAPPC3	chr1	36136570	36156053	3	3	3
ENSG00000116871.15	MAP7D1	chr1	36155579	36180849	3	3	3
ENSG00000264592.2	RN7SL131P	chr1	36191915	36192170	3	3	3
ENSG00000054118.15	THRAP3	chr1	36224432	36305357	3	3	3
ENSG00000231849.1	UBE2V2P4	chr1	36241898	36242156	3	3	3
ENSG00000214193.11	SH3D21	chr1	36306368	36329340	3	3	3
ENSG00000142694.6	EVA1B	chr1	36322031	36324154	3	3	3
ENSG00000286379.1	AL591845.1	chr1	36329630	36335406	3	3	3
ENSG00000196182.11	STK40	chr1	36339624	36385924	3	3	3
ENSG00000181817.6	LSM10	chr1	36391238	36397908	3	3	3
ENSG00000222821.1	RNU4-27P	chr1	36402721	36402859	3	3	3
ENSG00000116885.18	OSCP1	chr1	36415827	36450451	3	3	3
ENSG00000201448.1	SNORA63C	chr1	36418450	36418578	3	3	3
ENSG00000116898.12	MRPS15	chr1	36455718	36464384	3	3	3
ENSG00000119535.18	CSF3R	chr1	36466043	36483278	3	3	3
ENSG00000230214.1	FTLP18	chr1	36630335	36630857	3	3	3
ENSG00000284705.1	AL596257.1	chr1	36703953	36710582	3	3	3
ENSG00000284720.1	AC117945.2	chr1	36768122	36769725	3	3	3
ENSG00000234481.2	AC117945.1	chr1	36769812	36775768	3	3	3
ENSG00000163873.10	GRIK3	chr1	36795527	37034515	3	3	3
ENSG00000284650.1	AL031430.1	chr1	37133489	37136146	3	3	3
ENSG00000223944.2	AL353604.1	chr1	37154761	37325100	3	3	3
ENSG00000264698.1	MIR4255	chr1	37161563	37161634	3	3	3
ENSG00000207328.1	RNU6-636P	chr1	37203610	37203716	3	3	3
ENSG00000252368.1	RNA5SP43	chr1	37264677	37264786	3	3	3
ENSG00000230451.2	RPS29P6	chr1	37330852	37330996	3	3	3
ENSG00000233621.2	LINC01137	chr1	37350934	37474411	3	3	3
ENSG00000163874.11	ZC3H12A	chr1	37474580	37484377	3	3	3
ENSG00000283724.1	MIR6732	chr1	37480230	37480289	3	3	3
ENSG00000163875.16	MEAF6	chr1	37489993	37514766	3	3	3
ENSG00000263675.1	MIR5581	chr1	37500935	37500994	3	3	3
ENSG00000163877.11	SNIP1	chr1	37534449	37554293	3	3	3
ENSG00000232273.1	FTH1P1	chr1	37544763	37545294	3	3	3
ENSG00000237749.4	AL034379.1	chr1	37556247	37556499	3	3	3
ENSG00000163879.11	DNALI1	chr1	37556919	37566857	3	3	3
ENSG00000134697.13	GNL2	chr1	37566816	37595937	3	3	3
ENSG00000284748.1	AL513220.1	chr1	37596126	37607336	3	3	3
ENSG00000169218.14	RSPO1	chr1	37611350	37634892	3	3	3
ENSG00000116922.14	C1orf109	chr1	37681570	37692249	3	3	3
ENSG00000134690.11	CDCA8	chr1	37692481	37709719	3	3	3
ENSG00000183317.17	EPHA10	chr1	37713880	37765133	3	3	3
ENSG00000200421.1	Y_RNA	chr1	37737955	37738054	3	3	3
ENSG00000214141.4	ACTN4P2	chr1	37776670	37779418	3	3	3
ENSG00000227416.2	AL929472.1	chr1	37782457	37782885	3	3	3
ENSG00000185090.14	MANEAL	chr1	37793802	37801137	3	3	3
ENSG00000233728.1	AL929472.3	chr1	37799720	37800879	3	3	3
ENSG00000196449.4	YRDC	chr1	37802945	37808208	3	3	3
ENSG00000197982.14	C1orf122	chr1	37806979	37809454	3	3	3
ENSG00000188786.10	MTF1	chr1	37809574	37859592	3	3	3
ENSG00000235673.1	AL929472.4	chr1	37840986	37841676	3	3	3
ENSG00000230955.1	AL929472.2	chr1	37860697	37861580	3	3	3
ENSG00000204084.13	INPP5B	chr1	37860697	37947057	3	3	3
ENSG00000252448.1	SNORA63	chr1	37884237	37884317	3	3	3
ENSG00000222282.1	RNU6-584P	chr1	37885023	37885117	3	3	3
ENSG00000277168.1	Metazoa_SRP	chr1	37953508	37953780	3	3	3
ENSG00000183431.12	SF3A3	chr1	37956975	37990075	3	3	3
ENSG00000212541.1	RNU6-510P	chr1	37991462	37991569	3	3	3
ENSG00000183386.10	FHL3	chr1	37996770	38005606	3	3	3
ENSG00000183520.12	UTP11	chr1	38009258	38024820	3	3	3
ENSG00000185668.8	POU3F1	chr1	38043829	38046793	3	3	3
ENSG00000224592.5	MIR3659HG	chr1	38047314	38119025	3	3	3
ENSG00000223589.2	AL139158.1	chr1	38080572	38080911	3	3	3
ENSG00000265596.1	MIR3659	chr1	38089231	38089329	3	3	3
ENSG00000284623.1	LINC02786	chr1	38129464	38140593	3	3	3
ENSG00000286552.1	AL390839.1	chr1	38149544	38162545	3	3	3
ENSG00000287987.1	AL390839.2	chr1	38193619	38210340	3	3	3
ENSG00000237290.2	LINC01343	chr1	38209034	38214806	3	3	3
ENSG00000275350.1	AL513479.1	chr1	38383838	38384422	3	3	3
ENSG00000200796.1	RNU6-753P	chr1	38396659	38396765	3	3	3
ENSG00000238063.3	LINC01685	chr1	38474825	38516520	3	3	3
ENSG00000215895.4	HSPA5P1	chr1	38708931	38710890	3	3	3
ENSG00000284632.1	AL354702.1	chr1	38754216	38815979	3	3	3
ENSG00000116954.8	RRAGC	chr1	38838198	38859772	3	3	3
ENSG00000273637.1	AL139260.2	chr1	38839333	38874494	3	3	3
ENSG00000228436.3	AL139260.1	chr1	38859912	38965038	3	3	3
ENSG00000214114.9	MYCBP	chr1	38862493	38873368	3	3	3
ENSG00000274944.4	AL139260.3	chr1	38864501	38881617	3	3	3
ENSG00000131233.10	GJA9	chr1	38874069	38881587	3	3	3
ENSG00000158315.11	RHBDL2	chr1	38885807	38941830	3	3	3
ENSG00000199963.1	RNU6-605P	chr1	38926870	38926977	3	3	3
ENSG00000207466.1	Y_RNA	chr1	38950825	38950925	3	3	3
ENSG00000235549.1	EIF1P2	chr1	38958275	38958925	3	3	3
ENSG00000174574.16	AKIRIN1	chr1	38991276	39006059	3	3	3
ENSG00000168653.11	NDUFS5	chr1	39026318	39034636	3	3	3
ENSG00000127603.30	MACF1	chr1	39081316	39487177	3	3	3
ENSG00000206654.1	RNU6-608P	chr1	39120940	39121043	3	3	3
ENSG00000222378.1	RNA5SP44	chr1	39154164	39154296	3	3	3
ENSG00000287422.1	AL442071.2	chr1	39226670	39238620	3	3	3
ENSG00000226438.1	AL442071.1	chr1	39249838	39257649	3	3	3
ENSG00000217897.2	HSPE1P8	chr1	39304294	39304898	3	3	3
ENSG00000183682.8	BMP8A	chr1	39491636	39529869	3	3	3
ENSG00000237624.1	OXCT2P1	chr1	39514956	39516490	3	3	3
ENSG00000243970.3	PPIEL	chr1	39522280	39559671	3	3	3
ENSG00000090621.15	PABPC4	chr1	39560709	39576790	3	3	3
ENSG00000228060.3	PABPC4-AS1	chr1	39565052	39573860	3	3	3
ENSG00000201457.1	SNORA55	chr1	39567374	39567508	3	3	3
ENSG00000163909.8	HEYL	chr1	39623435	39639643	3	3	3
ENSG00000225903.1	AL035404.2	chr1	39633416	39633903	3	3	3
ENSG00000116981.3	NT5C1A	chr1	39659121	39672038	3	3	3
ENSG00000116983.13	HPCAL4	chr1	39678648	39691485	3	3	3
ENSG00000084072.17	PPIE	chr1	39692182	39763914	3	3	3
ENSG00000225333.6	AL035404.1	chr1	39718028	39718595	3	3	3
ENSG00000252413.1	RNU7-121P	chr1	39723566	39723627	3	3	3
ENSG00000116985.12	BMP8B	chr1	39757182	39788865	3	3	3
ENSG00000198754.5	OXCT2	chr1	39769523	39771348	3	3	3
ENSG00000285905.1	BMP8B-AS1	chr1	39779969	39781418	3	3	3
ENSG00000261798.1	AL033527.2	chr1	39788976	39790171	3	3	3
ENSG00000229213.1	AL033527.1	chr1	39795843	39795996	3	3	3
ENSG00000284719.1	AL033527.3	chr1	39799422	39809450	3	3	3
ENSG00000284678.1	LINC02811	chr1	39801414	39817460	3	3	3
ENSG00000043514.17	TRIT1	chr1	39838110	39883511	3	3	3
ENSG00000202222.1	Y_RNA	chr1	39881566	39881678	3	3	3
ENSG00000116990.11	MYCL	chr1	39895426	39902256	3	3	3
ENSG00000236546.1	MYCL-AS1	chr1	39897745	39899098	3	3	3
ENSG00000207356.1	Y_RNA	chr1	39944890	39944998	3	3	3
ENSG00000168389.18	MFSD2A	chr1	39955112	39969968	3	3	3
ENSG00000228477.1	AL663070.1	chr1	39962680	39963404	3	3	3
ENSG00000131236.18	CAP1	chr1	40040233	40072649	3	3	3
ENSG00000131238.18	PPT1	chr1	40072710	40097260	3	3	3
ENSG00000226745.2	OAZ1P1	chr1	40132764	40133448	3	3	3
ENSG00000117000.9	RLF	chr1	40161387	40240921	3	3	3
ENSG00000207508.1	RNU6-1237P	chr1	40177843	40177949	3	3	3
ENSG00000188800.6	TMCO2	chr1	40245947	40251684	3	3	3
ENSG00000259943.1	AL050341.2	chr1	40256427	40257967	3	3	3
ENSG00000084073.10	ZMPSTE24	chr1	40258041	40294180	3	3	3
ENSG00000231296.1	AL050341.1	chr1	40262672	40262984	3	3	3
ENSG00000049089.15	COL9A2	chr1	40300489	40317813	3	3	3
ENSG00000227311.3	AL031985.2	chr1	40333078	40333557	3	3	3
ENSG00000084070.12	SMAP2	chr1	40344850	40423326	3	3	3
ENSG00000213172.3	AL031985.1	chr1	40364766	40365183	3	3	3
ENSG00000284677.1	AL031985.4	chr1	40436199	40450039	3	3	3
ENSG00000187801.15	ZFP69B	chr1	40450102	40463718	3	3	3
ENSG00000260920.2	AL031985.3	chr1	40464319	40466767	3	3	3
ENSG00000279667.1	AL603839.4	chr1	40473055	40474059	3	3	3
ENSG00000187815.10	ZFP69	chr1	40477290	40496343	3	3	3
ENSG00000238287.1	AL603839.3	chr1	40493157	40508661	3	3	3
ENSG00000164002.11	EXO5	chr1	40508741	40516556	3	3	3
ENSG00000227278.1	AL603839.1	chr1	40514461	40515057	3	3	3
ENSG00000238186.1	AL603839.2	chr1	40515754	40517174	3	3	3
ENSG00000117010.17	ZNF684	chr1	40531573	40548167	3	3	3
ENSG00000286838.1	AL356379.2	chr1	40559666	40584335	3	3	3
ENSG00000236505.1	AL356379.1	chr1	40563534	40563659	3	3	3
ENSG00000233910.1	GTF2F2P2	chr1	40593633	40594353	3	3	3
ENSG00000117016.10	RIMS3	chr1	40620680	40665682	3	3	3
ENSG00000287743.1	AL031289.2	chr1	40659848	40667480	3	3	3
ENSG00000237899.1	AL031289.1	chr1	40669089	40687588	3	3	3
ENSG00000272145.1	NFYC-AS1	chr1	40690380	40692066	3	3	3
ENSG00000066136.20	NFYC	chr1	40691648	40771603	3	3	3
ENSG00000198974.3	MIR30E	chr1	40754355	40754446	3	3	3
ENSG00000207962.1	MIR30C1	chr1	40757284	40757372	3	3	3
ENSG00000117013.17	KCNQ4	chr1	40783787	40840452	3	3	3
ENSG00000264582.2	RN7SL326P	chr1	40804846	40805141	3	3	3
ENSG00000179862.7	CITED4	chr1	40861054	40862363	3	3	3
ENSG00000229528.1	AC119677.1	chr1	40863914	40876670	3	3	3
ENSG00000228940.1	AL391730.1	chr1	40938104	40939763	3	3	3
ENSG00000286668.1	AL391730.2	chr1	40939294	40945524	3	3	3
ENSG00000233118.2	UBE2V1P8	chr1	40942251	40942515	3	3	3
ENSG00000171793.16	CTPS1	chr1	40979688	41012565	3	3	3
ENSG00000281207.1	SLFNL1-AS1	chr1	41014590	41043890	3	3	3
ENSG00000171790.15	SLFNL1	chr1	41015597	41023237	3	3	3
ENSG00000010803.16	SCMH1	chr1	41027200	41242154	3	3	3
ENSG00000215893.3	RPL23AP17	chr1	41098638	41099136	3	3	3
ENSG00000287400.1	AC093151.7	chr1	41241772	41338644	3	3	3
ENSG00000235358.2	AC093151.2	chr1	41242373	41284861	3	3	3
ENSG00000213987.4	AC093151.1	chr1	41264550	41264862	3	3	3
ENSG00000286640.1	AC093151.5	chr1	41302932	41306148	3	3	3
ENSG00000204060.7	FOXO6	chr1	41361922	41383590	3	3	3
ENSG00000229901.1	FOXO6-AS1	chr1	41375004	41375669	3	3	3
ENSG00000252563.1	RNA5SP45	chr1	41466937	41467028	3	3	3
ENSG00000127129.10	EDN2	chr1	41478775	41484683	3	3	3
ENSG00000127124.16	HIVEP3	chr1	41506365	42035925	3	3	3
ENSG00000230881.1	AL445933.2	chr1	41535443	41535868	3	3	3
ENSG00000230638.4	AL445933.1	chr1	41542069	41544310	3	3	3
ENSG00000284895.1	AC119676.1	chr1	41585306	41628816	3	3	3
ENSG00000287587.1	AL158216.1	chr1	42036143	42051784	3	3	3
ENSG00000227538.1	HNRNPFP1	chr1	42040597	42041729	3	3	3
ENSG00000228776.2	AC114492.1	chr1	42140635	42141391	3	3	3
ENSG00000044012.4	GUCA2B	chr1	42153410	42155820	3	3	3
ENSG00000197273.4	GUCA2A	chr1	42162690	42164745	3	3	3
ENSG00000198815.9	FOXJ3	chr1	42176539	42335877	3	3	3
ENSG00000227527.2	AC096540.1	chr1	42335386	42338376	3	3	3
ENSG00000177181.15	RIMKLA	chr1	42380792	42424232	3	3	3
ENSG00000235002.1	AL513331.1	chr1	42412398	42412794	3	3	3
ENSG00000066185.13	ZMYND12	chr1	42430329	42456253	3	3	3
ENSG00000127125.9	PPCS	chr1	42456117	42473385	3	3	3
ENSG00000186409.18	CCDC30	chr1	42463221	42657190	3	3	3
ENSG00000230116.1	RPS3AP11	chr1	42491739	42492493	3	3	3
ENSG00000236876.3	TMSB4XP1	chr1	42500205	42500339	3	3	3
ENSG00000200254.1	RNU6-536P	chr1	42569033	42569139	3	3	3
ENSG00000236180.2	AL445669.1	chr1	42570970	42571390	3	3	3
ENSG00000171960.12	PPIH	chr1	42658335	42676758	3	3	3
ENSG00000285728.2	AC098484.4	chr1	42658687	42682160	3	3	3
ENSG00000234917.2	AC098484.2	chr1	42678735	42681659	3	3	3
ENSG00000065978.19	YBX1	chr1	42682418	42703805	3	3	3
ENSG00000164007.11	CLDN19	chr1	42733093	42740254	3	3	3
ENSG00000117385.16	P3H1	chr1	42746335	42767084	3	3	3
ENSG00000164008.16	C1orf50	chr1	42767249	42779491	3	3	3
ENSG00000283580.3	AC098484.3	chr1	42767292	42794493	3	3	3
ENSG00000228452.1	AC098484.1	chr1	42775813	42776790	3	3	3
ENSG00000274386.5	TMEM269	chr1	42785007	42816619	3	3	3
ENSG00000177868.12	SVBP	chr1	42807052	42817397	3	3	3
ENSG00000164010.15	ERMAP	chr1	42817122	42844991	3	3	3
ENSG00000228192.8	AL512353.1	chr1	42832522	42846422	3	3	3
ENSG00000164011.18	ZNF691	chr1	42846573	42852477	3	3	3
ENSG00000233708.1	AL512353.2	chr1	42886597	42888767	3	3	3
ENSG00000237090.1	MKRN8P	chr1	42891094	42892430	3	3	3
ENSG00000225099.1	ATP6V1E1P1	chr1	42903232	42903912	3	3	3
ENSG00000117394.24	SLC2A1	chr1	42925353	42958893	3	3	3
ENSG00000284138.1	ATP6V0CP4	chr1	42952202	42952641	3	3	3
ENSG00000227533.6	SLC2A1-AS1	chr1	42959049	42996814	3	3	3
ENSG00000283973.2	AC099795.1	chr1	42959065	42961864	3	3	3
ENSG00000207256.1	RNU6-880P	chr1	42991438	42991544	3	3	3
ENSG00000283136.1	U6	chr1	43023549	43023637	3	3	3
ENSG00000277513.1	AL161637.1	chr1	43104086	43104497	3	3	3
ENSG00000186973.11	FAM183A	chr1	43145153	43156396	3	3	3
ENSG00000117395.13	EBNA1BP2	chr1	43164175	43270936	3	3	3
ENSG00000284410.1	MIR6733	chr1	43171652	43171712	3	3	3
ENSG00000243710.8	CFAP57	chr1	43172330	43254358	3	3	3
ENSG00000199240.1	RNA5SP46	chr1	43196417	43196536	3	3	3
ENSG00000179178.11	TMEM125	chr1	43269983	43274002	3	3	3
ENSG00000253313.6	C1orf210	chr1	43281877	43285617	3	3	3
ENSG00000066056.14	TIE1	chr1	43300982	43323108	3	3	3
ENSG00000117400.18	MPL	chr1	43337818	43354466	3	3	3
ENSG00000287113.1	AL139289.2	chr1	43348288	43348844	3	3	3
ENSG00000234694.1	AL139289.1	chr1	43354684	43358658	3	3	3
ENSG00000117399.14	CDC20	chr1	43358981	43363203	3	3	3
ENSG00000066322.15	ELOVL1	chr1	43363398	43368074	3	3	3
ENSG00000283836.1	MIR6734	chr1	43364648	43364715	3	3	3
ENSG00000159479.17	MED8	chr1	43383917	43389808	3	3	3
ENSG00000229431.1	MED8-AS1	chr1	43385113	43389155	3	3	3
ENSG00000198198.17	SZT2	chr1	43389882	43454247	3	3	3
ENSG00000229372.1	SZT2-AS1	chr1	43447776	43448644	3	3	3
ENSG00000274975.1	MIR6735	chr1	43448539	43448611	3	3	3
ENSG00000178922.17	HYI	chr1	43451003	43453989	3	3	3
ENSG00000229348.1	HYI-AS1	chr1	43453927	43456995	3	3	3
ENSG00000142949.17	PTPRF	chr1	43525187	43623666	3	3	3
ENSG00000066135.13	KDM4A	chr1	43650149	43705518	3	3	3
ENSG00000284989.1	AL451062.2	chr1	43650149	43931014	3	3	3
ENSG00000236200.6	KDM4A-AS1	chr1	43685123	43708138	3	3	3
ENSG00000126091.21	ST3GAL3	chr1	43705824	43931165	3	3	3
ENSG00000229444.1	ST3GAL3-AS1	chr1	43709392	43727343	3	3	3
ENSG00000283414.1	U6	chr1	43716467	43716556	3	3	3
ENSG00000233674.2	AL451062.1	chr1	43743471	43743741	3	3	3
ENSG00000283477.1	MIR6079	chr1	43838622	43838683	3	3	3
ENSG00000224751.2	SHMT1P1	chr1	43850300	43851611	3	3	3
ENSG00000117407.17	ARTN	chr1	43933320	43937240	3	3	3
ENSG00000237950.3	AL357079.1	chr1	43937918	43940781	3	3	3
ENSG00000288573.1	AL357079.3	chr1	43944370	43946551	3	3	3
ENSG00000117408.11	IPO13	chr1	43946950	43968022	3	3	3
ENSG00000285649.1	AL357079.2	chr1	43968351	43974821	3	3	3
ENSG00000132768.14	DPH2	chr1	43970000	43973369	3	3	3
ENSG00000117410.14	ATP6V0B	chr1	43974487	43978295	3	3	3
ENSG00000117411.17	B4GALT2	chr1	43978943	43991170	3	3	3
ENSG00000159214.13	CCDC24	chr1	43991359	43996528	3	3	3
ENSG00000196517.13	SLC6A9	chr1	43991500	44031467	3	3	3
ENSG00000230615.7	AL139220.2	chr1	44030437	44115913	3	3	3
ENSG00000227163.2	AL139220.1	chr1	44087958	44088477	3	3	3
ENSG00000271647.1	KRT8P47	chr1	44103306	44104703	3	3	3
ENSG00000239560.3	RN7SL479P	chr1	44117098	44117397	3	3	3
ENSG00000171872.5	KLF17	chr1	44118821	44135140	3	3	3
ENSG00000233514.1	AL356653.1	chr1	44122153	44122512	3	3	3
ENSG00000283039.1	KLF18	chr1	44137821	44141631	3	3	3
ENSG00000226804.4	AL359839.1	chr1	44150594	44151753	3	3	3
ENSG00000200171.1	Y_RNA	chr1	44153385	44153480	3	3	3
ENSG00000238037.1	OOSP1P1	chr1	44155028	44155301	3	3	3
ENSG00000227994.1	AL035417.1	chr1	44172506	44172719	3	3	3
ENSG00000271329.1	AL035417.2	chr1	44187943	44189049	3	3	3
ENSG00000178028.14	DMAP1	chr1	44213455	44220681	3	3	3
ENSG00000117419.16	ERI3	chr1	44221070	44355260	3	3	3
ENSG00000233602.1	ERI3-IT1	chr1	44243408	44244273	3	3	3
ENSG00000199385.1	RNU6-369P	chr1	44390722	44390823	3	3	3
ENSG00000187147.18	RNF220	chr1	44405194	44651724	3	3	3
ENSG00000263381.1	MIR5584	chr1	44545493	44545552	3	3	3
ENSG00000126106.14	TMEM53	chr1	44635238	44674481	3	3	3
ENSG00000198520.12	ARMH1	chr1	44674692	44725591	3	3	3
ENSG00000199377.1	RNU5F-1	chr1	44721786	44721902	3	3	3
ENSG00000200169.1	RNU5D-1	chr1	44731055	44731170	3	3	3
ENSG00000142945.13	KIF2C	chr1	44739818	44767767	3	3	3
ENSG00000225721.5	AL592166.1	chr1	44759037	44775810	3	3	3
ENSG00000142937.12	RPS8	chr1	44775251	44778779	3	3	3
ENSG00000264294.1	SNORD55	chr1	44775864	44775943	3	3	3
ENSG00000200913.1	SNORD46	chr1	44776490	44776593	3	3	3
ENSG00000202031.1	SNORD38A	chr1	44777843	44777912	3	3	3
ENSG00000207421.1	SNORD38B	chr1	44778390	44778456	3	3	3
ENSG00000281859.1	SNORD38B	chr1	44778390	44778458	3	3	3
ENSG00000234093.3	RPS15AP11	chr1	44780331	44780715	3	3	3
ENSG00000142959.5	BEST4	chr1	44783585	44788170	3	3	3
ENSG00000173846.13	PLK3	chr1	44800377	44805990	3	3	3
ENSG00000188396.4	TCTEX1D4	chr1	44805893	44807351	3	3	3
ENSG00000222009.8	BTBD19	chr1	44808482	44815585	3	3	3
ENSG00000117425.14	PTCH2	chr1	44819844	44843253	3	3	3
ENSG00000202444.1	RNU5E-6P	chr1	44819883	44819997	3	3	3
ENSG00000226499.1	AL136380.1	chr1	44843921	44844082	3	3	3
ENSG00000070785.17	EIF2B3	chr1	44850522	44986722	3	3	3
ENSG00000253039.1	RNA5SP47	chr1	44932323	44932431	3	3	3
ENSG00000229815.1	CCNB1IP1P1	chr1	44958557	44959395	3	3	3
ENSG00000232369.1	PPIAP35	chr1	44988234	44988725	3	3	3
ENSG00000268949.1	MRPS17P1	chr1	44988705	44991834	3	3	3
ENSG00000126107.15	HECTD3	chr1	45002540	45011324	3	3	3
ENSG00000126088.14	UROD	chr1	45010950	45015575	3	3	3
ENSG00000162415.7	ZSWIM5	chr1	45016399	45306209	3	3	3
ENSG00000234315.1	OSTCP5	chr1	45069977	45070429	3	3	3
ENSG00000281912.1	LINC01144	chr1	45303910	45305619	3	3	3
ENSG00000186603.6	HPDL	chr1	45326895	45328679	3	3	3
ENSG00000132781.19	MUTYH	chr1	45329163	45340893	3	3	3
ENSG00000288208.1	AL451136.1	chr1	45329262	45491155	3	3	3
ENSG00000132773.12	TOE1	chr1	45340052	45343973	3	3	3
ENSG00000070759.17	TESK2	chr1	45343883	45491163	3	3	3
ENSG00000236872.1	PPIAP36	chr1	45415020	45415344	3	3	3
ENSG00000280670.3	CCDC163	chr1	45493866	45500079	3	3	3
ENSG00000132763.15	MMACHC	chr1	45500300	45513382	3	3	3
ENSG00000117450.15	PRDX1	chr1	45510914	45542732	3	3	3
ENSG00000234379.1	HMGB1P48	chr1	45530927	45532139	3	3	3
ENSG00000117448.14	AKR1A1	chr1	45550543	45570049	3	3	3
ENSG00000281133.1	AL355480.3	chr1	45580892	45580996	3	3	3
ENSG00000280836.1	AL355480.1	chr1	45581219	45581321	3	3	3
ENSG00000132780.17	NASP	chr1	45583846	45618904	3	3	3
ENSG00000281112.1	AL355480.2	chr1	45592722	45592814	3	3	3
ENSG00000281825.1	AL355480.4	chr1	45605657	45605730	3	3	3
ENSG00000159588.15	CCDC17	chr1	45620044	45624057	3	3	3
ENSG00000159592.11	GPBP1L1	chr1	45627304	45688113	3	3	3
ENSG00000225447.1	RPS15AP10	chr1	45645816	45646197	3	3	3
ENSG00000234329.1	AL604028.2	chr1	45651039	45651826	3	3	3
ENSG00000159596.7	TMEM69	chr1	45688181	45694436	3	3	3
ENSG00000197429.11	IPP	chr1	45694324	45750653	3	3	3
ENSG00000230896.1	AL604028.1	chr1	45694684	45697075	3	3	3
ENSG00000236111.5	AL603882.1	chr1	45781277	45781957	3	3	3
ENSG00000086015.22	MAST2	chr1	45786987	46036122	3	3	3
ENSG00000232467.2	TMA16P2	chr1	45846994	45847594	3	3	3
ENSG00000117461.15	PIK3R3	chr1	46040140	46133036	3	3	3
ENSG00000278139.1	P3R3URF-PIK3R3	chr1	46043661	46176488	3	3	3
ENSG00000226957.1	AL358075.1	chr1	46046818	46048368	3	3	3
ENSG00000233114.2	AL358075.3	chr1	46104950	46105175	3	3	3
ENSG00000227857.2	AL358075.2	chr1	46134531	46139081	3	3	3
ENSG00000117472.10	TSPAN1	chr1	46175073	46185962	3	3	3
ENSG00000250719.2	P3R3URF	chr1	46175486	46176488	3	3	3
ENSG00000085998.14	POMGNT1	chr1	46188682	46220305	3	3	3
ENSG00000171357.6	LURAP1	chr1	46203334	46221256	3	3	3
ENSG00000085999.13	RAD54L	chr1	46246461	46278480	3	3	3
ENSG00000132128.16	LRRC41	chr1	46261196	46303608	3	3	3
ENSG00000173660.12	UQCRH	chr1	46303698	46316776	3	3	3
ENSG00000117481.10	NSUN4	chr1	46340177	46365152	3	3	3
ENSG00000225779.1	AL122001.1	chr1	46370586	46370955	3	3	3
ENSG00000117480.16	FAAH	chr1	46394317	46413848	3	3	3
ENSG00000232022.7	FAAHP1	chr1	46432129	46482493	3	3	3
ENSG00000224863.3	LINC01398	chr1	46446600	46451317	3	3	3
ENSG00000197587.11	DMBX1	chr1	46489836	46516216	3	3	3
ENSG00000282881.2	TMEM275	chr1	46532166	46543969	3	3	3
ENSG00000269956.2	MKNK1-AS1	chr1	46538611	46570255	3	3	3
ENSG00000162456.10	KNCN	chr1	46545641	46551647	3	3	3
ENSG00000079277.22	MKNK1	chr1	46557407	46616843	3	3	3
ENSG00000142961.15	MOB3C	chr1	46607715	46616884	3	3	3
ENSG00000123472.12	ATPAF1	chr1	46632737	46673867	3	3	3
ENSG00000233647.2	NENFP1	chr1	46665910	46666375	3	3	3
ENSG00000186118.9	TEX38	chr1	46668855	46673594	3	3	3
ENSG00000228237.5	EFCAB14-AS1	chr1	46674036	46692098	3	3	3
ENSG00000159658.14	EFCAB14	chr1	46674659	46719146	3	3	3
ENSG00000236476.2	AL593856.1	chr1	46742329	46743133	3	3	3
ENSG00000142973.14	CYP4B1	chr1	46757838	46819413	3	3	3
ENSG00000154198.14	CYP4Z2P	chr1	46843095	46900437	3	3	3
ENSG00000238145.2	TUBAP8	chr1	46891639	46892830	3	3	3
ENSG00000187048.13	CYP4A11	chr1	46929177	46941484	3	3	3
ENSG00000259832.1	CYP4A26P	chr1	46967679	46967874	3	3	3
ENSG00000261196.1	CYP4A43P	chr1	46994382	46994502	3	3	3
ENSG00000261593.1	CYP4A27P	chr1	47000898	47001087	3	3	3
ENSG00000261290.1	CYP4A44P	chr1	47002995	47003148	3	3	3
ENSG00000186377.8	CYP4X1	chr1	47023669	47050751	3	3	3
ENSG00000186160.5	CYP4Z1	chr1	47067231	47118318	3	3	3
ENSG00000225154.2	TUBAP9	chr1	47074778	47075979	3	3	3
ENSG00000225506.2	CYP4A22-AS1	chr1	47096653	47179271	3	3	3
ENSG00000162365.12	CYP4A22	chr1	47137435	47149735	3	3	3
ENSG00000225514.1	MTND1P34	chr1	47164510	47165920	3	3	3
ENSG00000224805.2	LINC00853	chr1	47179250	47180339	3	3	3
ENSG00000162366.8	PDZK1IP1	chr1	47183582	47191044	3	3	3
ENSG00000162367.11	TAL1	chr1	47216290	47232220	3	3	3
ENSG00000226252.1	AL135960.1	chr1	47225797	47230750	3	3	3
ENSG00000123473.16	STIL	chr1	47250139	47314147	3	3	3
ENSG00000162368.13	CMPK1	chr1	47333797	47378839	3	3	3
ENSG00000225762.1	LINC01389	chr1	47380928	47408477	3	3	3
ENSG00000186790.6	FOXE3	chr1	47416285	47418052	3	3	3
ENSG00000237424.1	FOXD2-AS1	chr1	47432133	47434641	3	3	3
ENSG00000186564.6	FOXD2	chr1	47438044	47440691	3	3	3
ENSG00000271355.1	AL356458.1	chr1	47483698	47484162	3	3	3
ENSG00000229554.2	RPL21P24	chr1	47497894	47498341	3	3	3
ENSG00000227883.1	ATP6V0E1P4	chr1	47550196	47550753	3	3	3
ENSG00000227947.2	LINC01738	chr1	47688463	47704029	3	3	3
ENSG00000269113.4	TRABD2B	chr1	47760528	47997385	3	3	3
ENSG00000223814.1	AL691459.1	chr1	47761132	47765547	3	3	3
ENSG00000225028.1	AC096541.1	chr1	47818066	47820237	3	3	3
ENSG00000226133.6	LINC02794	chr1	48050659	48091736	3	3	3
ENSG00000231413.1	AL356289.1	chr1	48078787	48082196	3	3	3
ENSG00000237180.1	CYP46A4P	chr1	48089368	48089634	3	3	3
ENSG00000242267.6	SKINT1L	chr1	48096092	48182428	3	3	3
ENSG00000279096.2	AL356289.2	chr1	48102068	48104736	3	3	3
ENSG00000223720.2	AL109659.1	chr1	48172972	48206857	3	3	3
ENSG00000117834.13	SLC5A9	chr1	48222685	48248644	3	3	3
ENSG00000272491.1	AL109659.2	chr1	48227888	48229561	3	3	3
ENSG00000279214.1	AL109659.3	chr1	48262230	48263179	3	3	3
ENSG00000132122.12	SPATA6	chr1	48295373	48472208	3	3	3
ENSG00000224986.2	PPP1R8P1	chr1	48325080	48326123	3	3	3
ENSG00000206700.1	RNU6-723P	chr1	48344209	48344315	3	3	3
ENSG00000235105.1	AL356968.2	chr1	48435967	48437223	3	3	3
ENSG00000223175.1	RNU4-61P	chr1	48447936	48448042	3	3	3
ENSG00000232514.1	AL356968.1	chr1	48497263	48497736	3	3	3
ENSG00000186094.17	AGBL4	chr1	48532854	50023954	3	3	3
ENSG00000287661.1	AL391844.1	chr1	48552991	48558106	3	3	3
ENSG00000162373.13	BEND5	chr1	48727519	48776969	3	3	3
ENSG00000286597.1	AL645507.1	chr1	48926021	48936734	3	3	3
ENSG00000229846.2	AC099788.1	chr1	49025595	49187585	3	3	3
ENSG00000230114.1	AGBL4-AS1	chr1	49257411	49269285	3	3	3
ENSG00000225623.1	AGBL4-IT1	chr1	49374201	49472085	3	3	3
ENSG00000237478.2	AL390023.1	chr1	49691262	49691523	3	3	3
ENSG00000215887.5	ZNF859P	chr1	49841821	49846400	3	3	3
ENSG00000279324.1	AL645730.1	chr1	49994318	49996218	3	3	3
ENSG00000233595.2	MTND2P29	chr1	50017092	50017503	3	3	3
ENSG00000162374.18	ELAVL4	chr1	50024029	50203772	3	3	3
ENSG00000230828.1	AL583843.1	chr1	50114937	50115282	3	3	3
ENSG00000237337.1	ELAVL4-AS1	chr1	50174306	50175868	3	3	3
ENSG00000233407.1	AL592182.1	chr1	50206084	50223127	3	3	3
ENSG00000284696.2	LINC02808	chr1	50229662	50321192	3	3	3
ENSG00000284645.1	AL592182.2	chr1	50252569	50258994	3	3	3
ENSG00000234080.3	AL596275.1	chr1	50326131	50327007	3	3	3
ENSG00000229316.1	HMGB1P45	chr1	50398825	50399773	3	3	3
ENSG00000225671.2	FCF1P6	chr1	50405430	50406024	3	3	3
ENSG00000142700.12	DMRTA2	chr1	50417550	50423443	3	3	3
ENSG00000284700.1	AL049637.1	chr1	50423609	50425316	3	3	3
ENSG00000185104.20	FAF1	chr1	50437028	50960267	3	3	3
ENSG00000225767.1	FAF1-AS1	chr1	50461469	50471150	3	3	3
ENSG00000207194.1	RNU6-1026P	chr1	50582404	50582511	3	3	3
ENSG00000230585.2	PHBP12	chr1	50780340	50781150	3	3	3
ENSG00000237130.1	MRPS6P2	chr1	50846468	50846837	3	3	3
ENSG00000123080.12	CDKN2C	chr1	50960745	50974634	3	3	3
ENSG00000265538.1	MIR4421	chr1	51059837	51059905	3	3	3
ENSG00000275816.1	MIR6500	chr1	51060018	51060103	3	3	3
ENSG00000204006.10	C1orf185	chr1	51102221	51148086	3	3	3
ENSG00000200262.1	Y_RNA	chr1	51107222	51107331	3	3	3
ENSG00000213478.2	CFL1P2	chr1	51157788	51158471	3	3	3
ENSG00000203356.2	LINC01562	chr1	51195095	51235096	3	3	3
ENSG00000123091.5	RNF11	chr1	51236273	51273447	3	3	3
ENSG00000233406.5	AL162430.1	chr1	51250603	51251472	3	3	3
ENSG00000236434.2	AL162430.2	chr1	51264916	51266074	3	3	3
ENSG00000085831.15	TTC39A	chr1	51287258	51345116	3	3	3
ENSG00000261664.5	TTC39A-AS1	chr1	51329654	51335324	3	3	3
ENSG00000085832.17	EPS15	chr1	51354263	51519266	3	3	3
ENSG00000232027.2	AL671986.1	chr1	51372270	51373224	3	3	3
ENSG00000206595.1	RNU6-877P	chr1	51382308	51382414	3	3	3
ENSG00000238140.1	AC104170.1	chr1	51461721	51463416	3	3	3
ENSG00000227070.1	EPS15-AS1	chr1	51518309	51561629	3	3	3
ENSG00000252032.1	RNU6-1281P	chr1	51538625	51538729	3	3	3
ENSG00000227742.2	CALR4P	chr1	51561866	51594897	3	3	3
ENSG00000117859.19	OSBPL9	chr1	51577179	51798427	3	3	3
ENSG00000236973.2	GAPDHP51	chr1	51707138	51708137	3	3	3
ENSG00000232846.1	SLC25A6P3	chr1	51709062	51709940	3	3	3
ENSG00000212624.1	AL050343.1	chr1	51724775	51724896	3	3	3
ENSG00000078618.22	NRDC	chr1	51789191	51878937	3	3	3
ENSG00000266993.3	AL050343.2	chr1	51793934	51799154	3	3	3
ENSG00000272175.1	AL050343.3	chr1	51801028	51801307	3	3	3
ENSG00000283899.1	MIR761	chr1	51836344	51836402	3	3	3
ENSG00000230604.2	TSEN15P2	chr1	51859778	51860135	3	3	3
ENSG00000169213.7	RAB3B	chr1	51907956	51990700	3	3	3
ENSG00000200839.1	RNA5SP48	chr1	51973410	51973535	3	3	3
ENSG00000229032.1	AL445685.2	chr1	51980473	51980814	3	3	3
ENSG00000264613.2	RN7SL290P	chr1	51995740	51996039	3	3	3
ENSG00000117862.13	TXNDC12	chr1	52020131	52055191	3	3	3
ENSG00000285839.1	AL445685.3	chr1	52020153	52033350	3	3	3
ENSG00000198841.4	KTI12	chr1	52032103	52033810	3	3	3
ENSG00000223390.1	AL445685.1	chr1	52033391	52044279	3	3	3
ENSG00000228369.2	TXNDC12-AS1	chr1	52050918	52052683	3	3	3
ENSG00000134717.18	BTF3L4	chr1	52056199	52090716	3	3	3
ENSG00000157077.15	ZFYVE9	chr1	52142094	52348671	3	3	3
ENSG00000241745.3	RN7SL788P	chr1	52150104	52150419	3	3	3
ENSG00000228407.2	AL139156.2	chr1	52160261	52160600	3	3	3
ENSG00000223429.1	AL139156.1	chr1	52162186	52163026	3	3	3
ENSG00000224255.2	PDCL3P6	chr1	52179848	52180553	3	3	3
ENSG00000236004.2	AL139156.3	chr1	52189916	52190309	3	3	3
ENSG00000237663.2	DNAJC19P7	chr1	52252062	52252773	3	3	3
ENSG00000213735.2	ANAPC10P1	chr1	52253621	52254176	3	3	3
ENSG00000154222.15	CC2D1B	chr1	52345723	52366205	3	3	3
ENSG00000272100.1	AL513218.1	chr1	52353487	52353877	3	3	3
ENSG00000287078.1	AL513218.2	chr1	52365443	52367865	3	3	3
ENSG00000224680.4	PLA2G12AP1	chr1	52368677	52369244	3	3	3
ENSG00000085840.13	ORC1	chr1	52372829	52404423	3	3	3
ENSG00000134748.13	PRPF38A	chr1	52404602	52420836	3	3	3
ENSG00000134744.14	TUT4	chr1	52408282	52553487	3	3	3
ENSG00000272371.1	AL591167.1	chr1	52554818	52555273	3	3	3
ENSG00000236290.1	EEF1GP7	chr1	52573114	52573816	3	3	3
ENSG00000116157.6	GPX7	chr1	52602371	52609051	3	3	3
ENSG00000182183.15	SHISAL2A	chr1	52633168	52669683	3	3	3
ENSG00000162377.6	COA7	chr1	52684449	52698347	3	3	3
ENSG00000233664.1	NDUFS5P3	chr1	52709122	52709442	3	3	3
ENSG00000239640.3	RN7SL62P	chr1	52714399	52714695	3	3	3
ENSG00000162378.13	ZYG11B	chr1	52726453	52827336	3	3	3
ENSG00000252018.1	RNU2-30P	chr1	52754322	52754462	3	3	3
ENSG00000228929.1	RPS13P2	chr1	52772194	52772648	3	3	3
ENSG00000206627.1	RNU6-969P	chr1	52805108	52805212	3	3	3
ENSG00000203995.10	ZYG11A	chr1	52842511	52894998	3	3	3
ENSG00000242391.2	AC099677.3	chr1	52881216	52881730	3	3	3
ENSG00000121310.17	ECHDC2	chr1	52895910	52927212	3	3	3
ENSG00000230953.2	AC099677.1	chr1	52920422	52920596	3	3	3
ENSG00000231866.2	AC099677.2	chr1	52925249	52925423	3	3	3
ENSG00000116171.19	SCP2	chr1	52927276	53051698	3	3	3
ENSG00000264834.1	AC099677.4	chr1	52928674	52928772	3	3	3
ENSG00000266188.1	AC099677.6	chr1	52934930	52935017	3	3	3
ENSG00000265815.1	AC099677.5	chr1	52940314	52940413	3	3	3
ENSG00000237279.2	H3P2	chr1	52943536	52943930	3	3	3
ENSG00000236360.2	RRAS2P1	chr1	52993201	52993702	3	3	3
ENSG00000226147.1	TUBBP10	chr1	52994726	52996026	3	3	3
ENSG00000174348.14	PODN	chr1	53062052	53085501	3	3	3
ENSG00000232993.1	AL445183.1	chr1	53069938	53085502	3	3	3
ENSG00000227644.2	HIGD1AP11	chr1	53073110	53073389	3	3	3
ENSG00000162383.13	SLC1A7	chr1	53087179	53142638	3	3	3
ENSG00000235563.1	AL445183.2	chr1	53114576	53118609	3	3	3
ENSG00000277397.1	AL606760.4	chr1	53180921	53186900	3	3	3
ENSG00000157184.7	CPT2	chr1	53196792	53214197	3	3	3
ENSG00000236723.2	AL606760.2	chr1	53209783	53213775	3	3	3
ENSG00000162384.14	CZIB	chr1	53214099	53220634	3	3	3
ENSG00000259818.1	AL606760.3	chr1	53220663	53224253	3	3	3
ENSG00000162385.11	MAGOH	chr1	53226900	53238518	3	3	3
ENSG00000226754.2	AL606760.1	chr1	53238550	53246482	3	3	3
ENSG00000157193.18	LRP8	chr1	53242364	53328469	3	3	3
ENSG00000234578.1	AL355483.3	chr1	53267935	53268601	3	3	3
ENSG00000228838.1	AL355483.1	chr1	53288024	53289706	3	3	3
ENSG00000232762.1	AL355483.2	chr1	53304536	53307462	3	3	3
ENSG00000225675.2	LINC01771	chr1	53328233	53336509	3	3	3
ENSG00000285954.1	AC119428.2	chr1	53344031	53365473	3	3	3
ENSG00000226938.1	AC119428.1	chr1	53348488	53349233	3	3	3
ENSG00000230138.2	LINC02812	chr1	53366656	53368245	3	3	3
ENSG00000236253.7	SLC25A3P1	chr1	53413149	53440020	3	3	3
ENSG00000288527.1	AL365445.1	chr1	53441268	53441346	3	3	3
ENSG00000143006.7	DMRTB1	chr1	53459399	53467488	3	3	3
ENSG00000174332.5	GLIS1	chr1	53506237	53738106	3	3	3
ENSG00000239007.1	RNU7-95P	chr1	53688749	53688812	3	3	3
ENSG00000058804.12	NDC1	chr1	53765478	53838463	3	3	3
ENSG00000201003.1	AL049745.1	chr1	53771018	53771153	3	3	3
ENSG00000229687.2	AL049745.2	chr1	53841547	53841832	3	3	3
ENSG00000058799.15	YIPF1	chr1	53851719	53889798	3	3	3
ENSG00000211452.11	DIO1	chr1	53891239	53911086	3	3	3
ENSG00000081870.12	HSPB11	chr1	53916574	53945699	3	3	3
ENSG00000116212.15	LRRC42	chr1	53946085	53968168	3	3	3
ENSG00000219102.3	HNRNPA3P12	chr1	53974969	53976031	3	3	3
ENSG00000203985.11	LDLRAD1	chr1	54007298	54018186	3	3	3
ENSG00000116209.12	TMEM59	chr1	54026681	54053504	3	3	3
ENSG00000280378.1	AL353898.3	chr1	54033126	54034880	3	3	3
ENSG00000116205.14	TCEANC2	chr1	54053584	54112519	3	3	3
ENSG00000283749.1	MIR4781	chr1	54054079	54054154	3	3	3
ENSG00000225183.1	AL353898.1	chr1	54089856	54090093	3	3	3
ENSG00000279049.1	AL353898.2	chr1	54099968	54100224	3	3	3
ENSG00000256407.2	AL357673.1	chr1	54132686	54200073	3	3	3
ENSG00000157211.11	CDCP2	chr1	54132968	54153770	3	3	3
ENSG00000280425.2	AL357673.2	chr1	54137746	54142980	3	3	3
ENSG00000215883.10	CYB5RL	chr1	54169651	54200036	3	3	3
ENSG00000116221.15	MRPL37	chr1	54184041	54225464	3	3	3
ENSG00000157216.15	SSBP3	chr1	54225432	54413479	3	3	3
ENSG00000198711.5	SSBP3-AS1	chr1	54236440	54239063	3	3	3
ENSG00000225632.1	AL161644.1	chr1	54285405	54287371	3	3	3
ENSG00000232245.1	AL035415.1	chr1	54416256	54420860	3	3	3
ENSG00000287582.1	AC099796.2	chr1	54514417	54517383	3	3	3
ENSG00000235741.1	LINC02784	chr1	54516412	54517259	3	3	3
ENSG00000237173.1	AC099796.1	chr1	54524824	54524931	3	3	3
ENSG00000227453.1	HNRNPA1P63	chr1	54536796	54537758	3	3	3
ENSG00000162390.18	ACOT11	chr1	54542257	54639192	3	3	3
ENSG00000162391.12	FAM151A	chr1	54609181	54623556	3	3	3
ENSG00000230728.1	AL590093.1	chr1	54621477	54628438	3	3	3
ENSG00000184313.20	MROH7	chr1	54641754	54710266	3	3	3
ENSG00000271723.5	MROH7-TTC4	chr1	54641786	54742308	3	3	3
ENSG00000243725.7	TTC4	chr1	54715861	54742657	3	3	3
ENSG00000162396.6	PARS2	chr1	54756898	54764523	3	3	3
ENSG00000006555.11	TTC22	chr1	54779712	54801323	3	3	3
ENSG00000237453.1	AC096536.1	chr1	54792885	54794905	3	3	3
ENSG00000162398.11	LEXM	chr1	54806063	54842252	3	3	3
ENSG00000116133.13	DHCR24	chr1	54849627	54887195	3	3	3
ENSG00000287724.1	AC096536.3	chr1	54874672	54883664	3	3	3
ENSG00000242396.1	AC096536.2	chr1	54886875	54888001	3	3	3
ENSG00000233203.6	DHCR24-DT	chr1	54887563	54888850	3	3	3
ENSG00000284601.1	AL590440.2	chr1	54974900	54980464	3	3	3
ENSG00000143001.5	TMEM61	chr1	54980628	54992288	3	3	3
ENSG00000233271.1	AL590440.1	chr1	54980950	54992274	3	3	3
ENSG00000162399.9	BSND	chr1	54998933	55017172	3	3	3
ENSG00000169174.11	PCSK9	chr1	55039447	55064852	3	3	3
ENSG00000162402.14	USP24	chr1	55066359	55215364	3	3	3
ENSG00000231090.2	MIR4422HG	chr1	55217645	55324691	3	3	3
ENSG00000231095.1	GYG1P3	chr1	55222379	55223372	3	3	3
ENSG00000265822.1	MIR4422	chr1	55225641	55225723	3	3	3
ENSG00000234810.4	AL603840.1	chr1	55329288	56070513	3	3	3
ENSG00000231900.3	GOT2P1	chr1	55367466	55368774	3	3	3
ENSG00000232198.2	MTCO2P34	chr1	55372710	55373316	3	3	3
ENSG00000199831.1	RN7SKP291	chr1	55376526	55376852	3	3	3
ENSG00000252162.1	RNU6-830P	chr1	55398514	55398620	3	3	3
ENSG00000272051.1	Y_RNA	chr1	55484871	55484972	3	3	3
ENSG00000233079.3	LINC01755	chr1	55868254	55950119	3	3	3
ENSG00000230250.3	LINC01753	chr1	55915603	55944980	3	3	3
ENSG00000227104.3	PIGQP1	chr1	55938714	55939280	3	3	3
ENSG00000235612.1	AL353681.1	chr1	56145721	56155224	3	3	3
ENSG00000260971.4	AC119674.1	chr1	56154545	56477687	3	3	3
ENSG00000284686.1	AC119674.2	chr1	56173433	56524495	3	3	3
ENSG00000229871.1	RPSAP20	chr1	56207567	56208456	3	3	3
ENSG00000223956.3	LINC01767	chr1	56414935	56417137	3	3	3
ENSG00000162407.9	PLPP3	chr1	56494761	56645301	3	3	3
ENSG00000236776.1	RPL21P23	chr1	56538452	56538911	3	3	3
ENSG00000224980.1	RPL23AP85	chr1	56585612	56586242	3	3	3
ENSG00000225475.1	AC099789.1	chr1	56619409	56619549	3	3	3
ENSG00000162409.11	PRKAA2	chr1	56645314	56715335	3	3	3
ENSG00000187889.13	FYB2	chr1	56718789	56819696	3	3	3
ENSG00000229913.1	AL360295.1	chr1	56823679	56826920	3	3	3
ENSG00000157131.11	C8A	chr1	56854797	56918223	3	3	3
ENSG00000021852.13	C8B	chr1	56929207	56966140	3	3	3
ENSG00000236341.1	AL161740.1	chr1	56963886	56996757	3	3	3
ENSG00000173406.16	DAB1	chr1	56994778	58546734	3	3	3
ENSG00000227935.1	AL390243.1	chr1	57386576	57387450	3	3	3
ENSG00000236888.1	RPS20P5	chr1	57605847	57606206	3	3	3
ENSG00000226759.8	DAB1-AS1	chr1	57860532	57880905	3	3	3
ENSG00000229887.4	HNRNPA1P6	chr1	58047889	58049335	3	3	3
ENSG00000223416.3	RPS26P15	chr1	58056133	58056480	3	3	3
ENSG00000235038.1	AL445193.2	chr1	58060139	58080274	3	3	3
ENSG00000230546.1	AL445193.1	chr1	58084419	58084559	3	3	3
ENSG00000233216.1	AL357373.1	chr1	58228682	58229003	3	3	3
ENSG00000162600.12	OMA1	chr1	58415384	58546802	3	3	3
ENSG00000286918.1	AL035411.3	chr1	58546168	58563897	3	3	3
ENSG00000270209.1	AL035411.2	chr1	58552913	58553333	3	3	3
ENSG00000264128.2	RN7SL713P	chr1	58565631	58565932	3	3	3
ENSG00000184292.7	TACSTD2	chr1	58575433	58577252	3	3	3
ENSG00000185839.3	AL035411.1	chr1	58630841	58631530	3	3	3
ENSG00000162601.11	MYSM1	chr1	58643440	58700077	3	3	3
ENSG00000283445.1	AL136985.3	chr1	58715609	58771295	3	3	3
ENSG00000177606.8	JUN	chr1	58776845	58784048	3	3	3
ENSG00000234807.7	LINC01135	chr1	58785128	58901109	3	3	3
ENSG00000272226.1	AL136985.2	chr1	58812808	58813342	3	3	3
ENSG00000231740.1	AL136985.1	chr1	58838448	58851254	3	3	3
ENSG00000232453.7	LINC02777	chr1	58882868	58931897	3	3	3
ENSG00000237352.4	LINC01358	chr1	58933643	59240555	3	3	3
ENSG00000228121.1	PHBP3	chr1	58999676	59000494	3	3	3
ENSG00000241042.1	AL592431.2	chr1	59054397	59056049	3	3	3
ENSG00000235215.2	AL592431.1	chr1	59055999	59078116	3	3	3
ENSG00000224609.8	HSD52	chr1	59131932	59296491	3	3	3
ENSG00000270457.1	AC093424.1	chr1	59289303	59289640	3	3	3
ENSG00000172456.18	FGGY	chr1	59296638	59810647	3	3	3
ENSG00000266150.1	MIR4711	chr1	59733227	59733296	3	3	3
ENSG00000226883.1	AL035416.1	chr1	59754747	59789182	3	3	3
ENSG00000134709.12	HOOK1	chr1	59814786	59876322	3	3	3
ENSG00000134716.11	CYP2J2	chr1	59893308	59926773	3	3	3
ENSG00000265535.2	RN7SL475P	chr1	59974757	59975054	3	3	3
ENSG00000162598.13	C1orf87	chr1	59987269	60073770	3	3	3
ENSG00000229332.2	PGBD4P8	chr1	60097415	60097976	3	3	3
ENSG00000238242.2	LINC02778	chr1	60114875	60149784	3	3	3
ENSG00000226476.6	LINC01748	chr1	60515716	60640507	3	3	3
ENSG00000231252.3	AC099792.1	chr1	60659631	60868009	3	3	3
ENSG00000162599.17	NFIA	chr1	60865259	61462788	3	3	3
ENSG00000237928.6	NFIA-AS2	chr1	60912675	61056885	3	3	3
ENSG00000237853.6	NFIA-AS1	chr1	61248945	61253510	3	3	3
ENSG00000284808.1	AC099791.3	chr1	61481087	61533271	3	3	3
ENSG00000287224.1	AC099791.4	chr1	61588049	61589904	3	3	3
ENSG00000223920.2	AC099791.1	chr1	61654194	61654908	3	3	3
ENSG00000162604.12	TM2D1	chr1	61681046	61725423	3	3	3
ENSG00000271200.1	AC099791.2	chr1	61741998	61742424	3	3	3
ENSG00000132849.21	PATJ	chr1	61742477	62178675	3	3	3
ENSG00000200575.1	RNU6-414P	chr1	61816419	61816522	3	3	3
ENSG00000212360.1	RNU6-1177P	chr1	61852499	61852602	3	3	3
ENSG00000236646.1	LAMTOR5P1	chr1	62038842	62039111	3	3	3
ENSG00000242860.3	RN7SL180P	chr1	62072448	62072741	3	3	3
ENSG00000263908.1	MIR3116-1	chr1	62078786	62078859	3	3	3
ENSG00000283690.1	MIR3116-2	chr1	62078789	62078856	3	3	3
ENSG00000234204.1	PIGPP2	chr1	62189131	62189953	3	3	3
ENSG00000234088.1	RPS15AP7	chr1	62190522	62190926	3	3	3
ENSG00000240563.2	L1TD1	chr1	62194849	62212328	3	3	3
ENSG00000237227.1	AL162739.1	chr1	62208136	62208442	3	3	3
ENSG00000200174.1	Y_RNA	chr1	62211557	62211666	3	3	3
ENSG00000132854.19	KANK4	chr1	62236165	62319434	3	3	3
ENSG00000201153.1	RNU6-371P	chr1	62298149	62298256	3	3	3
ENSG00000162607.13	USP1	chr1	62436297	62451804	3	3	3
ENSG00000116641.18	DOCK7	chr1	62454298	62688386	3	3	3
ENSG00000270549.1	AL451044.1	chr1	62530636	62530873	3	3	3
ENSG00000132855.5	ANGPTL3	chr1	62597520	62606313	3	3	3
ENSG00000278967.1	AL138847.2	chr1	62607766	62609584	3	3	3
ENSG00000213703.2	AL138847.1	chr1	62641122	62641667	3	3	3
ENSG00000235545.1	AC103923.1	chr1	62688482	62710694	3	3	3
ENSG00000125703.15	ATG4C	chr1	62784132	62865516	3	3	3
ENSG00000234318.1	AC099794.1	chr1	62896009	62901639	3	3	3
ENSG00000237163.1	AC099794.2	chr1	62905180	62905482	3	3	3
ENSG00000229537.7	LINC01739	chr1	62975751	63022504	3	3	3
ENSG00000286455.1	AL162400.3	chr1	63011197	63018614	3	3	3
ENSG00000227485.1	AL162400.1	chr1	63024207	63025658	3	3	3
ENSG00000229225.1	AL162400.2	chr1	63078081	63079031	3	3	3
ENSG00000203605.3	AC096543.1	chr1	63139250	63163153	3	3	3
ENSG00000224209.8	LINC00466	chr1	63159083	63317274	3	3	3
ENSG00000252259.1	RNA5SP49	chr1	63186336	63186450	3	3	3
ENSG00000228734.2	AC096543.2	chr1	63249920	63251771	3	3	3
ENSG00000223683.1	RPSAP65	chr1	63262113	63262707	3	3	3
ENSG00000230798.5	FOXD3-AS1	chr1	63320884	63324441	3	3	3
ENSG00000187140.6	FOXD3	chr1	63322567	63325128	3	3	3
ENSG00000275836.1	MIR6068	chr1	63326925	63326984	3	3	3
ENSG00000252784.1	Y_RNA	chr1	63338263	63338372	3	3	3
ENSG00000236674.1	AL049636.1	chr1	63359823	63361179	3	3	3
ENSG00000088035.18	ALG6	chr1	63367575	63438553	3	3	3
ENSG00000142856.17	ITGB3BP	chr1	63440770	63593721	3	3	3
ENSG00000286429.1	BX004807.1	chr1	63487957	63508204	3	3	3
ENSG00000203965.13	EFCAB7	chr1	63523372	63572693	3	3	3
ENSG00000264271.2	RN7SL488P	chr1	63529613	63529898	3	3	3
ENSG00000251720.1	RNU7-123P	chr1	63536711	63536770	3	3	3
ENSG00000116652.6	DLEU2L	chr1	63547082	63550636	3	3	3
ENSG00000276884.1	AL109925.3	chr1	63548977	63549112	3	3	3
ENSG00000278287.1	AL109925.6	chr1	63549133	63549216	3	3	3
ENSG00000277565.1	AL109925.4	chr1	63549227	63549284	3	3	3
ENSG00000275823.1	AL109925.2	chr1	63549294	63549366	3	3	3
ENSG00000277689.1	AL109925.5	chr1	63549374	63549463	3	3	3
ENSG00000274199.1	AL109925.1	chr1	63549489	63549608	3	3	3
ENSG00000079739.17	PGM1	chr1	63593411	63660245	3	3	3
ENSG00000244256.3	RN7SL130P	chr1	63655743	63656047	3	3	3
ENSG00000185483.12	ROR1	chr1	63774017	64181498	3	3	3
ENSG00000177452.7	AL161742.1	chr1	63788721	63789304	3	3	3
ENSG00000228056.3	CFL1P3	chr1	63843196	63843685	3	3	3
ENSG00000207190.1	RNU6-809P	chr1	64028894	64029000	3	3	3
ENSG00000200508.1	Y_RNA	chr1	64066640	64066741	3	3	3
ENSG00000223949.8	ROR1-AS1	chr1	64094379	64171342	3	3	3
ENSG00000284928.1	AL445205.1	chr1	64186791	64192685	3	3	3
ENSG00000177414.13	UBE2U	chr1	64203627	64267368	3	3	3
ENSG00000238653.1	RNU7-62P	chr1	64384398	64384459	3	3	3
ENSG00000158966.16	CACHD1	chr1	64470129	64693058	3	3	3
ENSG00000264470.1	MIR4794	chr1	64579847	64579923	3	3	3
ENSG00000162437.14	RAVER2	chr1	64745095	64833232	3	3	3
ENSG00000162434.13	JAK1	chr1	64833229	65067754	3	3	3
ENSG00000234784.2	AL606517.2	chr1	64918443	64918683	3	3	3
ENSG00000233877.2	AL606517.1	chr1	64941979	64942365	3	3	3
ENSG00000226891.9	LINC01359	chr1	64972225	65002489	3	3	3
ENSG00000185031.6	SLC2A3P2	chr1	64984608	64986087	3	3	3
ENSG00000272506.1	AL357078.2	chr1	65003470	65004087	3	3	3
ENSG00000212257.1	RNU6-1176P	chr1	65022968	65023074	3	3	3
ENSG00000265996.1	MIR3671	chr1	65057755	65057842	3	3	3
ENSG00000199135.1	MIR101-1	chr1	65058434	65058508	3	3	3
ENSG00000235804.2	AL357078.1	chr1	65077413	65078131	3	3	3
ENSG00000234496.2	MRPS21P1	chr1	65092392	65092614	3	3	3
ENSG00000162433.15	AK4	chr1	65147549	65232145	3	3	3
ENSG00000231622.1	RPS29P7	chr1	65154480	65154650	3	3	3
ENSG00000116675.16	DNAJC6	chr1	65248219	65415871	3	3	3
ENSG00000229294.1	AL139294.1	chr1	65279456	65306521	3	3	3
ENSG00000234144.1	COX6CP13	chr1	65298755	65298980	3	3	3
ENSG00000222624.1	RNU2-15P	chr1	65415816	65416006	3	3	3
ENSG00000213625.9	LEPROT	chr1	65420587	65436007	3	3	3
ENSG00000116678.20	LEPR	chr1	65420652	65641559	3	3	3
ENSG00000237852.1	AC119800.1	chr1	65486406	65494188	3	3	3
ENSG00000224570.1	AC097063.1	chr1	65576129	65578380	3	3	3
ENSG00000285079.1	AL513493.1	chr1	65703962	65714847	3	3	3
ENSG00000239319.3	RN7SL854P	chr1	65761058	65761352	3	3	3
ENSG00000184588.18	PDE4B	chr1	65792514	66374579	3	3	3
ENSG00000227466.1	PDE4B-AS1	chr1	66042500	66050718	3	3	3
ENSG00000223152.1	RNU4-88P	chr1	66094461	66094546	3	3	3
ENSG00000118473.22	SGIP1	chr1	66533383	66751139	3	3	3
ENSG00000264720.3	MIR3117	chr1	66628440	66628517	3	3	3
ENSG00000248458.2	AL139147.1	chr1	66665864	66677027	3	3	3
ENSG00000152760.10	TCTEX1D1	chr1	66752459	66779047	3	3	3
ENSG00000172410.4	INSL5	chr1	66797741	66801256	3	3	3
ENSG00000152763.17	DNAI4	chr1	66812885	66924856	3	3	3
ENSG00000231080.1	AL592161.1	chr1	66826942	66828558	3	3	3
ENSG00000198160.15	MIER1	chr1	66924895	66988619	3	3	3
ENSG00000116704.8	SLC35D1	chr1	66999350	67054148	3	3	3
ENSG00000203963.11	C1orf141	chr1	67092165	67231853	3	3	3
ENSG00000252433.1	AL133320.1	chr1	67102645	67102779	3	3	3
ENSG00000275678.1	AL133320.2	chr1	67121605	67123956	3	3	3
ENSG00000162594.16	IL23R	chr1	67138907	67259979	3	3	3
ENSG00000253074.1	RNU6-586P	chr1	67196140	67196243	3	3	3
ENSG00000252116.1	RNU4ATAC4P	chr1	67267601	67267726	3	3	3
ENSG00000228523.1	DNAJB6P4	chr1	67278052	67278779	3	3	3
ENSG00000081985.13	IL12RB2	chr1	67307364	67398724	3	3	3
ENSG00000142864.15	SERBP1	chr1	67407810	67430415	3	3	3
ENSG00000223263.1	RNU6-387P	chr1	67417214	67417318	3	3	3
ENSG00000235200.3	LINC01702	chr1	67522299	67532612	3	3	3
ENSG00000207504.1	RNU6-1031P	chr1	67541127	67541233	3	3	3
ENSG00000238139.2	AL590559.1	chr1	67561073	67561446	3	3	3
ENSG00000242482.3	RN7SL392P	chr1	67656831	67657129	3	3	3
ENSG00000232048.2	HNRNPCP9	chr1	67660155	67661013	3	3	3
ENSG00000116717.13	GADD45A	chr1	67685201	67688334	3	3	3
ENSG00000172380.6	GNG12	chr1	67701475	67833467	3	3	3
ENSG00000238778.1	RNU7-80P	chr1	67772593	67772653	3	3	3
ENSG00000232284.7	GNG12-AS1	chr1	67832303	68202987	3	3	3
ENSG00000235055.3	AL157407.1	chr1	68043330	68044233	3	3	3
ENSG00000162595.7	DIRAS3	chr1	68045886	68051631	3	3	3
ENSG00000228431.1	ARL5AP3	chr1	68049360	68049745	3	3	3
ENSG00000116729.14	WLS	chr1	68098473	68233120	3	3	3
ENSG00000234383.1	CTBP2P8	chr1	68161761	68163090	3	3	3
ENSG00000221203.1	MIR1262	chr1	68183518	68183610	3	3	3
ENSG00000229133.1	RPS7P4	chr1	68242474	68243055	3	3	3
ENSG00000225242.2	COX6B1P7	chr1	68282388	68282622	3	3	3
ENSG00000237622.1	ELOCP18	chr1	68375327	68375663	3	3	3
ENSG00000229440.1	AL139413.1	chr1	68381441	68381657	3	3	3
ENSG00000116745.7	RPE65	chr1	68428822	68449954	3	3	3
ENSG00000024526.17	DEPDC1	chr1	68474152	68497221	3	3	3
ENSG00000233589.1	AL138789.1	chr1	68479129	68483539	3	3	3
ENSG00000234264.1	DEPDC1-AS1	chr1	68496676	68538627	3	3	3
ENSG00000225167.1	TXNP2	chr1	68514375	68514669	3	3	3
ENSG00000285041.1	AL035412.1	chr1	68633701	68640425	3	3	3
ENSG00000285407.1	AL033530.1	chr1	68679202	68943452	3	3	3
ENSG00000285473.1	AL691520.1	chr1	68974010	69023558	3	3	3
ENSG00000223883.2	LINC01707	chr1	69055838	69229607	3	3	3
ENSG00000235446.2	LINC02791	chr1	69215835	69249477	3	3	3
ENSG00000229639.1	LINC01758	chr1	69433255	69435409	3	3	3
ENSG00000287453.1	AL359894.1	chr1	69551848	69563715	3	3	3
ENSG00000033122.21	LRRC7	chr1	69567922	70151945	3	3	3
ENSG00000270615.1	SGO1P1	chr1	69606855	69608301	3	3	3
ENSG00000287283.1	AL117353.1	chr1	69706950	69710274	3	3	3
ENSG00000240692.3	RN7SL538P	chr1	69879592	69879895	3	3	3
ENSG00000229359.2	PIN1P1	chr1	69919322	69920317	3	3	3
ENSG00000237919.5	LRRC7-AS1	chr1	70013982	70031222	3	3	3
ENSG00000066557.6	LRRC40	chr1	70144805	70205579	3	3	3
ENSG00000244389.3	RN7SL242P	chr1	70180144	70180440	3	3	3
ENSG00000116754.13	SRSF11	chr1	70205682	70253052	3	3	3
ENSG00000228988.1	AL353771.1	chr1	70218589	70221023	3	3	3
ENSG00000118454.13	ANKRD13C	chr1	70258999	70354734	3	3	3
ENSG00000197568.14	HHLA3	chr1	70354805	70385339	3	3	3
ENSG00000226088.1	HHLA3-AS1	chr1	70359562	70360437	3	3	3
ENSG00000116761.12	CTH	chr1	70411218	70439851	3	3	3
ENSG00000278636.1	Metazoa_SRP	chr1	70430896	70431178	3	3	3
ENSG00000271992.1	AL354872.1	chr1	70445071	70445536	3	3	3
ENSG00000233020.1	CHORDC1P5	chr1	70530526	70531492	3	3	3
ENSG00000237033.2	CASP3P1	chr1	70660657	70661265	3	3	3
ENSG00000229051.2	LINC01788	chr1	70706441	70786468	3	3	3
ENSG00000226208.1	AL513285.1	chr1	70715933	70720289	3	3	3
ENSG00000050628.20	PTGER3	chr1	70852353	71047808	3	3	3
ENSG00000235782.1	AL031429.1	chr1	70947379	70951493	3	3	3
ENSG00000269933.1	AL031429.2	chr1	71005854	71006502	3	3	3
ENSG00000235079.1	ZRANB2-AS1	chr1	71048855	71067184	3	3	3
ENSG00000132485.14	ZRANB2	chr1	71063291	71081289	3	3	3
ENSG00000207721.1	MIR186	chr1	71067631	71067716	3	3	3
ENSG00000229956.11	ZRANB2-AS2	chr1	71081324	71489976	3	3	3
ENSG00000226324.1	AL358453.1	chr1	71367054	71367303	3	3	3
ENSG00000172260.15	NEGR1	chr1	71395943	72282539	3	3	3
ENSG00000231985.1	AL354949.1	chr1	71570956	71573558	3	3	3
ENSG00000271618.1	AL359821.1	chr1	71738173	71738354	3	3	3
ENSG00000228853.1	NEGR1-IT1	chr1	71794232	71837012	3	3	3
ENSG00000233994.2	GDI2P2	chr1	72274552	72275159	3	3	3
ENSG00000286863.1	AL513166.1	chr1	72283170	72753772	3	3	3
ENSG00000227207.2	RPL31P12	chr1	72301472	72301829	3	3	3
ENSG00000225087.2	AL583808.1	chr1	72636547	72899240	3	3	3
ENSG00000212366.1	RNU6-1246P	chr1	72717663	72717769	3	3	3
ENSG00000227016.3	LINC02796	chr1	72765031	72791282	3	3	3
ENSG00000285808.1	LINC02797	chr1	72793104	72854475	3	3	3
ENSG00000280317.1	AL732618.1	chr1	72979014	72979314	3	3	3
ENSG00000229636.2	KRT8P21	chr1	73104792	73106282	3	3	3
ENSG00000251825.1	RN7SKP19	chr1	73191604	73191855	3	3	3
ENSG00000233973.7	LINC01360	chr1	73305609	73355253	3	3	3
ENSG00000223479.3	LINC02238	chr1	73635216	73715214	3	3	3
ENSG00000200601.1	RNA5SP50	chr1	73749517	73749623	3	3	3
ENSG00000285778.2	AL591463.1	chr1	73787370	73915340	3	3	3
ENSG00000252005.2	RNU4ATAC8P	chr1	73883714	73883822	3	3	3
ENSG00000162620.16	LRRIQ3	chr1	74026015	74198187	3	3	3
ENSG00000254685.6	FPGT	chr1	74198212	74234086	3	3	3
ENSG00000259030.7	FPGT-TNNI3K	chr1	74198235	74544393	3	3	3
ENSG00000116783.15	TNNI3K	chr1	74235387	74544428	3	3	3
ENSG00000237324.3	AC093158.1	chr1	74341579	74378802	3	3	3
ENSG00000233894.1	AC105271.1	chr1	74468195	74469543	3	3	3
ENSG00000162621.7	LRRC53	chr1	74469376	74512611	3	3	3
ENSG00000178965.14	ERICH3	chr1	74568117	74673792	3	3	3
ENSG00000234497.5	ERICH3-AS1	chr1	74577430	74626098	3	3	3
ENSG00000272864.1	AC135803.1	chr1	74698769	74699333	3	3	3
ENSG00000116791.14	CRYZ	chr1	74705482	74733408	3	3	3
ENSG00000162623.16	TYW3	chr1	74733152	74766678	3	3	3
ENSG00000229943.1	AC133865.1	chr1	74963314	74965118	3	3	3
ENSG00000261213.1	AC099786.3	chr1	75122518	75123927	3	3	3
ENSG00000224127.1	AC099786.1	chr1	75127830	75133058	3	3	3
ENSG00000162624.14	LHX8	chr1	75128434	75161533	3	3	3
ENSG00000224149.1	AC099786.2	chr1	75129974	75132576	3	3	3
ENSG00000206999.1	RNU6-622P	chr1	75183045	75183147	3	3	3
ENSG00000137968.16	SLC44A5	chr1	75202131	75611116	3	3	3
ENSG00000224493.1	AC093156.1	chr1	75521562	75522231	3	3	3
ENSG00000252338.1	RNU6-503P	chr1	75538015	75538119	3	3	3
ENSG00000213579.3	AL096829.1	chr1	75582099	75582555	3	3	3
ENSG00000230863.3	AL137803.1	chr1	75641178	75724049	3	3	3
ENSG00000117054.14	ACADM	chr1	75724347	75787575	3	3	3
ENSG00000181227.3	DLSTP1	chr1	75743423	75744776	3	3	3
ENSG00000137955.16	RABGGTB	chr1	75786197	75795086	3	3	3
ENSG00000206620.1	SNORD45C	chr1	75787072	75787150	3	3	3
ENSG00000207241.1	SNORD45A	chr1	75787889	75787972	3	3	3
ENSG00000201487.1	SNORD45B	chr1	75789477	75789548	3	3	3
ENSG00000057468.7	MSH4	chr1	75796882	75913242	3	3	3
ENSG00000154007.7	ASB17	chr1	75918873	75932404	3	3	3
ENSG00000225605.3	AC092813.1	chr1	75926454	76019356	3	3	3
ENSG00000230027.2	AC092813.2	chr1	76041691	76066349	3	3	3
ENSG00000184005.11	ST6GALNAC3	chr1	76074746	76634603	3	3	5
ENSG00000223905.1	AC103592.1	chr1	76353583	76354246	3	3	3
ENSG00000272855.1	AC104458.1	chr1	76636877	76637339	3	3	3
ENSG00000226415.1	TPI1P1	chr1	76699789	76700538	3	3	3
ENSG00000199921.1	RNU6-161P	chr1	76753135	76753240	3	3	3
ENSG00000237552.1	LINC02567	chr1	76758124	76779267	3	3	3
ENSG00000117069.15	ST6GALNAC5	chr1	76867480	77067546	3	3	3
ENSG00000276081.1	MIR7156	chr1	77060143	77060202	3	3	3
ENSG00000288543.1	AL035409.2	chr1	77067920	77078482	3	3	3
ENSG00000230498.3	AL035409.1	chr1	77081984	77086402	3	3	3
ENSG00000142892.15	PIGK	chr1	77088989	77219430	3	3	3
ENSG00000226084.5	AC113935.1	chr1	77129114	77129668	3	3	3
ENSG00000228187.1	AC093433.1	chr1	77194825	77195395	3	3	3
ENSG00000287870.1	AC093433.2	chr1	77248633	77250826	3	3	3
ENSG00000154027.19	AK5	chr1	77282019	77559966	3	3	3
ENSG00000233099.1	AC095030.1	chr1	77346046	77349585	3	3	3
ENSG00000251767.1	RNU7-8P	chr1	77420325	77420386	3	3	3
ENSG00000287647.1	AC093575.1	chr1	77431314	77437604	3	3	3
ENSG00000036549.13	ZZZ3	chr1	77562416	77683419	3	3	3
ENSG00000251785.1	RNA5SP20	chr1	77614869	77614952	3	3	3
ENSG00000243437.3	RN7SL370P	chr1	77645324	77645618	3	3	3
ENSG00000077254.14	USP33	chr1	77695987	77759852	3	3	3
ENSG00000232672.1	ACTG1P21	chr1	77773865	77774864	3	3	3
ENSG00000180488.15	MIGA1	chr1	77779624	77879539	3	3	3
ENSG00000222849.1	RNA5SP21	chr1	77779904	77779999	3	3	3
ENSG00000219201.4	AC138392.1	chr1	77810861	77811781	3	3	3
ENSG00000235613.2	NSRP1P1	chr1	77847110	77848802	3	3	3
ENSG00000232015.2	HSPE1P25	chr1	77853355	77853893	3	3	3
ENSG00000235927.4	NEXN-AS1	chr1	77881348	77889539	3	3	3
ENSG00000162614.19	NEXN	chr1	77888513	77943895	3	3	3
ENSG00000162613.17	FUBP1	chr1	77944055	77979110	3	3	3
ENSG00000162616.9	DNAJB4	chr1	77979175	78017964	3	3	3
ENSG00000137960.6	GIPC2	chr1	77979542	78138444	3	3	3
ENSG00000273338.1	AC103591.3	chr1	78004346	78004554	3	3	3
ENSG00000285928.1	AC103591.4	chr1	78022565	78024861	3	3	3
ENSG00000213561.4	AC103591.2	chr1	78043383	78044148	3	3	3
ENSG00000251958.1	RNU6-1102P	chr1	78088988	78089083	3	3	3
ENSG00000213560.4	AC103591.1	chr1	78091499	78092054	3	3	3
ENSG00000202263.1	RNA5SP22	chr1	78094807	78094915	3	3	3
ENSG00000233333.2	RNFT1P2	chr1	78170481	78171237	3	3	3
ENSG00000237413.5	MGC27382	chr1	78229599	78369464	3	3	3
ENSG00000122420.10	PTGFR	chr1	78303884	78540701	3	3	3
ENSG00000227556.1	AC096531.1	chr1	78317157	78317263	3	3	3
ENSG00000212308.1	RNA5SP23	chr1	78375164	78375268	3	3	3
ENSG00000137959.16	IFI44L	chr1	78619922	78646145	3	3	3
ENSG00000137965.11	IFI44	chr1	78649796	78664078	3	3	3
ENSG00000238015.2	AC104837.2	chr1	78666272	78666695	3	3	3
ENSG00000235400.1	AC104837.1	chr1	78749073	78750659	3	3	3
ENSG00000162618.15	ADGRL4	chr1	78889764	79282124	3	3	3
ENSG00000230787.1	PSAT1P3	chr1	79054945	79056055	3	3	3
ENSG00000282898.1	AL353651.2	chr1	79323769	79324852	3	3	3
ENSG00000235011.2	AL353651.1	chr1	79323769	79324863	3	3	3
ENSG00000285462.1	LINC02792	chr1	79325008	79346445	3	3	3
ENSG00000232676.1	ADH5P2	chr1	79521080	79522203	3	3	3
ENSG00000285409.1	AC099671.1	chr1	79967733	80051404	3	3	3
ENSG00000235756.2	AC098657.1	chr1	80092103	80093237	3	3	3
ENSG00000260322.1	AC098657.2	chr1	80114943	80116918	3	3	3
ENSG00000277670.1	AC098657.3	chr1	80124004	80124361	3	3	3
ENSG00000236407.1	HMGB1P18	chr1	80283352	80283970	3	3	3
ENSG00000225598.1	AL606519.1	chr1	80373364	80374621	3	3	3
ENSG00000213559.4	HNRNPA1P64	chr1	80451083	80452004	3	3	3
ENSG00000227062.2	AL596276.1	chr1	80464301	80464718	3	3	3
ENSG00000234108.1	AL596276.2	chr1	80495903	80496233	3	3	3
ENSG00000224326.1	AL136234.1	chr1	80534978	80584363	3	3	3
ENSG00000234184.6	LINC01781	chr1	80535755	80646791	3	3	3
ENSG00000227937.1	MTND2P30	chr1	81080790	81081171	3	3	3
ENSG00000229752.1	RPL7P10	chr1	81098267	81099005	3	3	3
ENSG00000235089.1	AL357632.1	chr1	81208568	81209210	3	3	3
ENSG00000285179.1	AC093154.1	chr1	81209834	81222076	3	3	3
ENSG00000223026.1	RN7SKP247	chr1	81251789	81252096	3	3	3
ENSG00000117114.20	ADGRL2	chr1	81306147	81992436	3	3	3
ENSG00000224494.1	HNRNPA3P14	chr1	81426456	81427605	3	3	3
ENSG00000227288.3	ARID3BP1	chr1	81501794	81503468	3	3	3
ENSG00000227960.1	AL138799.1	chr1	81505099	81506296	3	3	3
ENSG00000234953.2	AL138799.3	chr1	81513880	81557702	3	3	3
ENSG00000242598.1	MED28P8	chr1	81557121	81557832	3	3	3
ENSG00000236676.1	AC117944.1	chr1	81585941	81625713	3	3	3
ENSG00000234683.1	AL138799.2	chr1	81596157	81596506	3	3	3
ENSG00000215875.4	ST13P20	chr1	81721693	81723068	3	3	3
ENSG00000233290.3	AL157944.1	chr1	82212413	82848205	3	3	3
ENSG00000230817.6	LINC01362	chr1	82903183	83166815	3	3	3
ENSG00000236268.6	LINC01361	chr1	82970820	82986208	3	3	3
ENSG00000285782.2	AC116099.1	chr1	83397555	83425353	3	3	3
ENSG00000231364.3	LINC01712	chr1	83445967	83480024	3	3	3
ENSG00000233008.6	LINC01725	chr1	83575776	83861023	3	3	3
ENSG00000237076.1	AL035706.1	chr1	83790280	83801465	3	3	3
ENSG00000137941.17	TTLL7	chr1	83865024	83999150	3	3	3
ENSG00000233061.1	TTLL7-IT1	chr1	83979118	83984300	3	3	3
ENSG00000229486.2	AC104454.1	chr1	84015865	84018371	3	3	3
ENSG00000285201.1	AC104454.2	chr1	84038529	84065031	3	3	3
ENSG00000271576.1	AL359504.1	chr1	84076331	84077931	3	3	3
ENSG00000142875.19	PRKACB	chr1	84078062	84238498	3	3	3
ENSG00000213540.3	TXN2P1	chr1	84085741	84086233	3	3	3
ENSG00000226970.2	NEDD8P1	chr1	84244334	84244577	3	3	3
ENSG00000199959.1	AL359273.1	chr1	84277321	84277457	3	3	3
ENSG00000203943.9	SAMD13	chr1	84298366	84389957	3	3	3
ENSG00000249237.5	AL359273.2	chr1	84344678	84349939	3	3	3
ENSG00000240520.6	UOX	chr1	84363706	84397831	3	3	3
ENSG00000137976.7	DNASE2B	chr1	84398532	84415018	3	3	3
ENSG00000285361.1	AL844170.1	chr1	84477039	84479157	3	3	3
ENSG00000117133.11	RPF1	chr1	84479259	84498352	3	3	3
ENSG00000174021.11	GNG5	chr1	84498325	84506581	3	3	3
ENSG00000285851.1	AL359762.3	chr1	84498350	84556688	3	3	3
ENSG00000122432.18	SPATA1	chr1	84506300	84566194	3	3	3
ENSG00000117151.13	CTBS	chr1	84549611	84574480	3	3	3
ENSG00000284882.1	AL359762.1	chr1	84574129	84583620	3	3	3
ENSG00000285374.1	AL359762.2	chr1	84607099	84610697	3	3	3
ENSG00000180869.4	LINC01555	chr1	84628230	84635020	3	3	3
ENSG00000232622.1	AC114482.1	chr1	84636158	84637106	3	3	3
ENSG00000117155.17	SSX2IP	chr1	84643706	84690803	3	3	3
ENSG00000285325.1	AC104169.1	chr1	84785427	84786714	3	3	3
ENSG00000171517.6	LPAR3	chr1	84811602	84893206	3	3	3
ENSG00000153898.13	MCOLN2	chr1	84925583	84997113	3	3	3
ENSG00000162643.13	DNAI3	chr1	84999147	85133138	3	3	3
ENSG00000055732.13	MCOLN3	chr1	85018082	85048500	3	3	3
ENSG00000266110.1	MIR4423	chr1	85133794	85133873	3	3	3
ENSG00000280099.1	AL603750.1	chr1	85152487	85154203	3	3	3
ENSG00000097096.9	SYDE2	chr1	85156889	85201016	3	3	3
ENSG00000162642.14	C1orf52	chr1	85249953	85259672	3	3	3
ENSG00000223254.1	Y_RNA	chr1	85264296	85264402	3	3	3
ENSG00000142867.14	BCL10	chr1	85265776	85276632	3	3	3
ENSG00000223653.6	AL078459.1	chr1	85276388	85448124	3	3	3
ENSG00000153904.21	DDAH1	chr1	85318481	85578363	3	3	3
ENSG00000199459.1	Y_RNA	chr1	85435175	85435284	3	3	3
ENSG00000273264.1	AL360219.1	chr1	85467295	85467660	3	3	3
ENSG00000282057.1	AC092807.3	chr1	85482281	85578250	3	3	3
ENSG00000272691.1	AC092807.2	chr1	85578500	85578742	3	3	3
ENSG00000142871.18	CCN1	chr1	85580761	85584589	3	3	3
ENSG00000199934.1	SNORD81	chr1	85592280	85592356	3	3	3
ENSG00000230285.1	AC092807.1	chr1	85599131	85600734	3	3	3
ENSG00000117174.11	ZNHIT6	chr1	85649417	85708433	3	3	3
ENSG00000171502.15	COL24A1	chr1	85729233	86156943	3	3	3
ENSG00000201620.1	RNA5SP51	chr1	85883680	85883798	3	3	3
ENSG00000229505.1	AC104455.1	chr1	86029854	86030589	3	3	3
ENSG00000285210.1	LINC02795	chr1	86288704	86320711	3	3	3
ENSG00000122417.15	ODF2L	chr1	86346824	86396342	3	3	3
ENSG00000278281.1	MIR7856	chr1	86357632	86357687	3	3	3
ENSG00000231349.2	AC119749.1	chr1	86404176	86404866	3	3	3
ENSG00000137975.8	CLCA2	chr1	86424171	86456553	3	3	3
ENSG00000016490.16	CLCA1	chr1	86468368	86500259	3	3	3
ENSG00000016602.9	CLCA4	chr1	86547078	86580754	3	3	3
ENSG00000224466.1	CDCA4P2	chr1	86552625	86553342	3	3	3
ENSG00000236915.2	CLCA4-AS1	chr1	86571181	86696311	3	3	3
ENSG00000153923.10	CLCA3P	chr1	86634273	86655376	3	3	3
ENSG00000261737.1	CLCA4-AS1	chr1	86703502	86704462	3	3	3
ENSG00000097033.14	SH3GLB1	chr1	86704570	86748184	3	3	3
ENSG00000230721.1	AL049597.1	chr1	86784913	86785467	3	3	3
ENSG00000284846.1	AL355981.1	chr1	86821558	86834169	3	3	3
ENSG00000183291.17	SELENOF	chr1	86862445	86914424	3	3	3
ENSG00000153936.17	HS2ST1	chr1	86914635	87109982	3	3	3
ENSG00000267734.1	AL121989.1	chr1	86932199	86934891	3	3	3
ENSG00000267561.2	AC093155.3	chr1	86993009	87169204	3	3	3
ENSG00000235251.2	AC093155.2	chr1	87044935	87045871	3	3	3
ENSG00000225568.1	AC093155.1	chr1	87045875	87046700	3	3	3
ENSG00000267272.5	LINC01140	chr1	87129765	87169198	3	3	3
ENSG00000284240.1	LINC02801	chr1	87212669	87264741	3	3	3
ENSG00000143013.13	LMO4	chr1	87328880	87348923	3	3	3
ENSG00000227290.2	LINC01364	chr1	87353521	87371683	3	3	3
ENSG00000199318.1	RNA5SP52	chr1	87453240	87453373	3	3	3
ENSG00000237505.8	PKN2-AS1	chr1	87620803	88685204	3	3	3
ENSG00000279778.1	AL445437.1	chr1	87805286	87808372	3	3	3
ENSG00000270507.1	AL049861.1	chr1	88313153	88313302	3	3	3
ENSG00000286758.1	AL445438.1	chr1	88462936	88464079	3	3	3
ENSG00000239504.3	RN7SL583P	chr1	88477828	88478114	3	3	3
ENSG00000230053.2	AC093578.1	chr1	88498309	88498676	3	3	3
ENSG00000274321.1	AC093578.2	chr1	88520000	88520170	3	3	3
ENSG00000237959.1	RPL36AP10	chr1	88577880	88578201	3	3	3
ENSG00000065243.20	PKN2	chr1	88684222	88836255	3	3	3
ENSG00000207234.1	RNU6-125P	chr1	88816779	88816885	3	3	3
ENSG00000241975.1	ELOCP19	chr1	88829102	88829419	3	3	3
ENSG00000137947.12	GTF2B	chr1	88852633	88891944	3	3	3
ENSG00000235308.1	AL445991.1	chr1	88923370	88923844	3	3	3
ENSG00000137944.18	KYAT3	chr1	88935773	88992953	3	3	3
ENSG00000213516.10	RBMXL1	chr1	88979456	88992960	3	3	3
ENSG00000117226.12	GBP3	chr1	89006679	89022894	3	3	3
ENSG00000202385.1	Y_RNA	chr1	89020246	89020365	3	3	3
ENSG00000117228.10	GBP1	chr1	89052319	89065230	3	3	3
ENSG00000234518.2	PTGES3P1	chr1	89104285	89104767	3	3	3
ENSG00000162645.13	GBP2	chr1	89106132	89150456	3	3	3
ENSG00000286802.1	AC104459.1	chr1	89128432	89144695	3	3	3
ENSG00000213512.3	GBP7	chr1	89131742	89176009	3	3	3
ENSG00000162654.9	GBP4	chr1	89181144	89198942	3	3	3
ENSG00000284734.1	AC099063.4	chr1	89198714	89207040	3	3	3
ENSG00000284637.1	AC099063.3	chr1	89203280	89203464	3	3	3
ENSG00000154451.14	GBP5	chr1	89258950	89272804	3	3	3
ENSG00000237568.1	AC099063.1	chr1	89260582	89269754	3	3	3
ENSG00000238081.1	AC099063.2	chr1	89289676	89290337	3	3	3
ENSG00000233235.1	BX119321.1	chr1	89324522	89334880	3	3	3
ENSG00000183347.15	GBP6	chr1	89364059	89388160	3	3	3
ENSG00000215874.3	CAPNS1P1	chr1	89394033	89394665	3	3	3
ENSG00000225492.6	GBP1P1	chr1	89407679	89426243	3	3	3
ENSG00000286548.1	AL596214.1	chr1	89427533	89525472	3	3	3
ENSG00000197147.15	LRRC8B	chr1	89524829	89597861	3	3	3
ENSG00000288629.1	AC099569.1	chr1	89579592	89579654	3	3	3
ENSG00000231999.7	LRRC8C-DT	chr1	89581291	89632916	3	3	3
ENSG00000230735.1	AC093423.2	chr1	89629725	89676386	3	3	3
ENSG00000171488.15	LRRC8C	chr1	89633072	89769903	3	3	3
ENSG00000271949.1	AC093423.3	chr1	89633140	89933250	3	3	3
ENSG00000226394.2	AC093423.1	chr1	89661212	89661353	3	3	3
ENSG00000231613.1	AC099568.1	chr1	89788914	89790492	3	3	3
ENSG00000272931.1	AC099568.2	chr1	89820174	89820868	3	3	3
ENSG00000171492.14	LRRC8D	chr1	89821014	89936611	3	3	3
ENSG00000272672.1	AL391497.1	chr1	89939601	89940147	3	3	3
ENSG00000252797.1	RN7SKP272	chr1	89987713	89987944	3	3	3
ENSG00000228175.3	GEMIN8P4	chr1	89993593	89994321	3	3	3
ENSG00000162664.17	ZNF326	chr1	89995110	90035533	3	3	3
ENSG00000287015.1	AL161797.1	chr1	90045998	90047109	3	3	3
ENSG00000287406.1	AC098656.1	chr1	90242088	90284188	3	3	3
ENSG00000212459.1	RNU6-695P	chr1	90253456	90253559	3	3	3
ENSG00000287372.1	AL627316.1	chr1	90388193	90420396	3	3	3
ENSG00000229201.1	LINC02787	chr1	90510910	90533472	3	3	3
ENSG00000199666.2	SNORD3G	chr1	90657750	90657964	3	3	3
ENSG00000143032.8	BARHL2	chr1	90711539	90717302	3	3	3
ENSG00000287076.1	AC092805.1	chr1	90719576	90725620	3	3	3
ENSG00000233593.10	LINC02609	chr1	90769086	90851658	3	3	3
ENSG00000285532.2	LINC02788	chr1	90835660	90849472	3	3	3
ENSG00000225446.3	LINC01763	chr1	90851122	90855253	3	3	3
ENSG00000272094.1	AC091614.1	chr1	90860550	90862920	3	3	3
ENSG00000232882.1	PHKA1P1	chr1	90892992	90893612	3	3	3
ENSG00000122482.21	ZNF644	chr1	90915298	91022272	3	3	3
ENSG00000232393.1	RPL5P6	chr1	91023919	91024804	3	3	3
ENSG00000162669.16	HFM1	chr1	91260766	91404856	3	3	3
ENSG00000206817.1	Y_RNA	chr1	91261625	91261724	3	3	3
ENSG00000215873.2	FEN1P1	chr1	91328369	91329513	3	3	3
ENSG00000097046.13	CDC7	chr1	91500851	91525764	3	3	3
ENSG00000241318.3	WDR82P2	chr1	91534666	91535593	3	3	3
ENSG00000229067.1	AL714022.1	chr1	91600171	91600321	3	3	3
ENSG00000203914.4	HSP90B3P	chr1	91642516	91644082	3	3	3
ENSG00000069702.11	TGFBR3	chr1	91680343	91906335	3	3	3
ENSG00000239794.3	RN7SL653P	chr1	91829774	91830066	3	3	3
ENSG00000137948.18	BRDT	chr1	91949371	92014426	3	3	3
ENSG00000172031.7	EPHX4	chr1	92029985	92063538	3	3	3
ENSG00000233228.1	LPCAT2BP	chr1	92066306	92067839	3	3	3
ENSG00000230667.6	SETSIP	chr1	92074533	92075441	3	3	3
ENSG00000189195.15	BTBD8	chr1	92080305	92184725	3	3	3
ENSG00000224678.3	GAPDHP46	chr1	92114803	92115796	3	3	3
ENSG00000233401.1	PRKAR1AP1	chr1	92125301	92126462	3	3	3
ENSG00000273487.1	AC104836.1	chr1	92189237	92190707	3	3	3
ENSG00000226773.1	AL663109.1	chr1	92203148	92203991	3	3	3
ENSG00000203910.9	C1orf146	chr1	92217915	92245813	3	3	3
ENSG00000233125.3	ACTBP12	chr1	92229018	92229435	3	3	3
ENSG00000174842.17	GLMN	chr1	92246402	92298987	3	3	3
ENSG00000122484.9	RPAP2	chr1	92299059	92402056	3	3	3
ENSG00000242764.3	RN7SL824P	chr1	92402389	92402685	3	3	3
ENSG00000162676.12	GFI1	chr1	92473043	92486925	3	3	3
ENSG00000067208.14	EVI5	chr1	92508696	92792404	3	3	3
ENSG00000223787.2	AL354890.1	chr1	92580476	92580821	3	3	3
ENSG00000229992.1	HMGB3P9	chr1	92647048	92647630	3	3	3
ENSG00000201317.1	RNU4-59P	chr1	92700819	92700934	3	3	3
ENSG00000225505.1	AC104332.1	chr1	92732000	92733257	3	3	3
ENSG00000234202.2	H3P3	chr1	92749175	92749330	3	3	3
ENSG00000223896.2	CCNJP2	chr1	92755794	92756956	3	3	3
ENSG00000122406.14	RPL5	chr1	92832013	92841924	3	3	3
ENSG00000154511.12	DIPK1A	chr1	92832737	92961522	3	3	3
ENSG00000206680.1	SNORD21	chr1	92837289	92837383	3	3	3
ENSG00000207523.1	SNORA66	chr1	92840719	92840851	3	3	3
ENSG00000207022.1	AL162740.1	chr1	92846059	92846182	3	3	3
ENSG00000229052.2	AL449283.1	chr1	92930696	92934098	3	3	3
ENSG00000252121.1	RNU6-970P	chr1	92969604	92969710	3	3	3
ENSG00000239710.3	RN7SL692P	chr1	92974827	92975114	3	3	3
ENSG00000287797.1	AC093577.1	chr1	92978265	92987367	3	3	3
ENSG00000252752.1	RNU6-210P	chr1	93010257	93010351	3	3	3
ENSG00000222664.1	RN7SKP123	chr1	93026252	93026542	3	3	3
ENSG00000251837.1	Y_RNA	chr1	93027410	93027506	3	3	3
ENSG00000143033.18	MTF2	chr1	93079235	93139079	3	3	3
ENSG00000117500.13	TMED5	chr1	93149742	93180516	3	3	3
ENSG00000122483.17	CCDC18	chr1	93179919	93278730	3	3	3
ENSG00000237003.1	AC126124.2	chr1	93190740	93191060	3	3	3
ENSG00000225297.1	AC126124.1	chr1	93199755	93199939	3	3	3
ENSG00000223745.8	CCDC18-AS1	chr1	93262186	93346025	3	3	3
ENSG00000229567.1	AL139421.1	chr1	93278961	93279129	3	3	3
ENSG00000117505.13	DR1	chr1	93345907	93369493	3	3	3
ENSG00000229635.1	AL137159.1	chr1	93384487	93384998	3	3	3
ENSG00000207379.1	Y_RNA	chr1	93385711	93385817	3	3	3
ENSG00000137942.17	FNBP1L	chr1	93448131	93554661	3	3	3
ENSG00000212601.1	RNA5SP53	chr1	93488333	93488452	3	3	3
ENSG00000137936.18	BCAR3	chr1	93561741	93847150	3	3	3
ENSG00000224093.5	BCAR3-AS1	chr1	93592199	93605573	3	3	3
ENSG00000211575.3	MIR760	chr1	93846832	93846911	3	3	3
ENSG00000260464.1	AL049796.1	chr1	93847174	93848939	3	3	3
ENSG00000067334.14	DNTTIP2	chr1	93866284	93879918	3	3	3
ENSG00000023909.10	GCLM	chr1	93885199	93909456	3	3	3
ENSG00000223490.2	CHCHD2P5	chr1	93921268	93921667	3	3	3
ENSG00000234099.1	MTND4P11	chr1	93922574	93923945	3	3	3
ENSG00000235794.1	MTND3P21	chr1	93924386	93924716	3	3	3
ENSG00000232752.1	MTCO3P21	chr1	93924743	93925385	3	3	3
ENSG00000229842.2	MTATP6P13	chr1	93925406	93926072	3	3	3
ENSG00000250890.1	AL117351.2	chr1	93926032	93926188	3	3	3
ENSG00000236689.1	MTCO2P21	chr1	93926615	93927569	3	3	3
ENSG00000226960.1	MTCO1P21	chr1	93927714	93928302	3	3	3
ENSG00000233129.1	AL117351.1	chr1	93934479	93935244	3	3	3
ENSG00000198691.13	ABCA4	chr1	93992834	94121148	3	3	3
ENSG00000233482.1	AC093579.1	chr1	94145111	94145619	3	3	3
ENSG00000137962.13	ARHGAP29	chr1	94148988	94275068	3	3	3
ENSG00000264963.2	RN7SL440P	chr1	94150738	94151080	3	3	3
ENSG00000226835.3	ARHGAP29-AS1	chr1	94247819	94411036	3	3	3
ENSG00000178596.10	GAPDHP29	chr1	94302038	94303022	3	3	3
ENSG00000236098.1	AC097059.1	chr1	94318479	94324569	3	3	3
ENSG00000232918.2	AC118469.1	chr1	94406395	94406882	3	3	3
ENSG00000286692.1	AC118469.2	chr1	94417743	94418228	3	3	3
ENSG00000117528.14	ABCD3	chr1	94418389	94518666	3	3	3
ENSG00000117525.14	F3	chr1	94529173	94541759	3	3	3
ENSG00000223675.1	AC093117.1	chr1	94585556	94592297	3	3	3
ENSG00000224081.9	SLC44A3-AS1	chr1	94613814	94855426	3	3	3
ENSG00000232857.2	KATNBL1P2	chr1	94650544	94651378	3	3	3
ENSG00000263526.1	MIR378G	chr1	94745860	94745900	3	3	3
ENSG00000143036.17	SLC44A3	chr1	94820342	94895246	3	3	3
ENSG00000117519.16	CNN3	chr1	94896949	94927223	3	3	3
ENSG00000235501.6	AC105942.1	chr1	94927361	94963616	3	3	3
ENSG00000172339.10	ALG14	chr1	94974405	95072951	3	3	3
ENSG00000230427.1	ALG14-AS1	chr1	95061596	95067545	3	3	3
ENSG00000152078.10	TLCD4	chr1	95117355	95197607	3	3	3
ENSG00000271092.5	TLCD4-RWDD3	chr1	95117923	95247225	3	3	3
ENSG00000231992.1	AC092802.3	chr1	95120147	95138554	3	3	3
ENSG00000206679.1	Y_RNA	chr1	95125511	95125609	3	3	3
ENSG00000226026.6	AC092802.1	chr1	95161676	95233982	3	3	3
ENSG00000122481.17	RWDD3	chr1	95234210	95247225	3	3	3
ENSG00000228852.6	AC092802.2	chr1	95243167	95278940	3	3	3
ENSG00000287919.1	AC092802.4	chr1	95282233	95287702	3	3	3
ENSG00000228504.1	LINC01760	chr1	95310928	95318263	3	3	3
ENSG00000230434.3	LINC01650	chr1	95351251	95352676	3	3	3
ENSG00000237954.7	AL445218.1	chr1	95356229	95381000	3	3	3
ENSG00000233907.1	LINC01761	chr1	95474737	95479356	3	3	3
ENSG00000228971.3	LINC02607	chr1	95510059	95782342	3	3	3
ENSG00000271252.1	AL683887.1	chr1	95743096	95759470	3	3	3
ENSG00000237435.10	LINC02790	chr1	95937901	96022890	3	3	3
ENSG00000200800.1	RNU1-130P	chr1	96225901	96226060	3	3	3
ENSG00000231987.1	LINC01787	chr1	96254069	96374125	3	3	3
ENSG00000225923.1	AC092393.1	chr1	96390652	96391393	3	3	3
ENSG00000234422.1	UBE2WP1	chr1	96418594	96418933	3	3	3
ENSG00000228502.1	EEF1A1P11	chr1	96446930	96448318	3	3	3
ENSG00000241992.3	RN7SL831P	chr1	96583209	96583527	3	3	3
ENSG00000234226.5	NDUFS5P2	chr1	96584422	96584727	3	3	3
ENSG00000137970.7	RPL7P9	chr1	96678874	96679620	3	3	3
ENSG00000223229.1	RN7SKP270	chr1	96695856	96696167	3	3	3
ENSG00000117569.19	PTBP2	chr1	96721665	96823738	3	3	3
ENSG00000188641.14	DPYD	chr1	97077743	97995000	3	3	3
ENSG00000232878.3	DPYD-AS1	chr1	97095923	97322955	3	3	3
ENSG00000232542.1	DPYD-IT1	chr1	97394154	97420141	3	3	3
ENSG00000228057.1	SEC63P1	chr1	97545701	97546958	3	3	3
ENSG00000226128.1	RPL26P9	chr1	97585862	97586294	3	3	3
ENSG00000230718.1	AC114878.1	chr1	97774669	97775026	3	3	3
ENSG00000235777.1	DPYD-AS2	chr1	97796921	97798066	3	3	3
ENSG00000270911.1	AC114878.2	chr1	97855575	97856825	3	3	3
ENSG00000225206.10	MIR137HG	chr1	97933474	98049863	3	3	3
ENSG00000259946.1	BX005019.1	chr1	97967005	97968814	3	3	3
ENSG00000284247.1	MIR2682	chr1	98045242	98045351	3	3	3
ENSG00000284202.1	MIR137	chr1	98046070	98046171	3	3	3
ENSG00000285922.1	AC104453.1	chr1	98052077	98054592	3	3	3
ENSG00000233557.2	NFU1P2	chr1	98077000	98077468	3	3	3
ENSG00000226053.1	LINC01776	chr1	98210747	98272658	3	3	3
ENSG00000280040.1	AC095031.1	chr1	98660388	98661059	3	3	3
ENSG00000162627.17	SNX7	chr1	98661701	98760500	3	3	3
ENSG00000117598.13	PLPPR5	chr1	98890245	99005032	3	3	3
ENSG00000232825.3	AL445433.2	chr1	99004276	99244794	3	3	3
ENSG00000227034.1	AL445433.1	chr1	99008218	99008474	3	3	3
ENSG00000117600.12	PLPPR4	chr1	99263953	99309590	3	3	3
ENSG00000233983.2	AL365220.1	chr1	99464378	99464776	3	3	3
ENSG00000224445.3	LINC01708	chr1	99472332	99600995	3	3	3
ENSG00000099260.11	PALMD	chr1	99646113	99694541	3	3	3
ENSG00000223656.1	HMGB3P10	chr1	99698242	99699178	3	3	3
ENSG00000156869.14	FRRS1	chr1	99703970	99766635	3	3	3
ENSG00000201491.1	RNU4-75P	chr1	99784740	99784885	3	3	3
ENSG00000202254.1	Y_RNA	chr1	99791662	99791753	3	3	3
ENSG00000231996.1	AC096949.1	chr1	99842610	99842761	3	3	3
ENSG00000162688.17	AGL	chr1	99850361	99924023	3	3	3
ENSG00000228084.1	AC118553.1	chr1	99968383	99969864	3	3	3
ENSG00000117620.15	SLC35A3	chr1	99969351	100035634	3	3	3
ENSG00000283761.1	AC118553.2	chr1	99970011	100083321	3	3	3
ENSG00000212248.1	RNU6-750P	chr1	99978939	99979045	3	3	3
ENSG00000202259.1	RNU6-1318P	chr1	100000637	100000739	3	3	3
ENSG00000156875.14	MFSD14A	chr1	100038095	100083377	3	3	3
ENSG00000241073.1	AC093019.2	chr1	100057990	100084471	3	3	3
ENSG00000156876.10	SASS6	chr1	100083563	100132955	3	3	3
ENSG00000226952.1	AC093019.1	chr1	100099239	100099490	3	3	3
ENSG00000122435.10	TRMT13	chr1	100133150	100150498	3	3	3
ENSG00000122477.13	LRRC39	chr1	100148448	100178273	3	3	3
ENSG00000137992.14	DBT	chr1	100186919	100249834	3	3	3
ENSG00000271415.1	RPL23AP90	chr1	100196816	100197051	3	3	3
ENSG00000225169.1	BRI3P1	chr1	100213293	100213670	3	3	3
ENSG00000285530.1	AL445928.2	chr1	100220488	100253414	3	3	3
ENSG00000230287.3	AL445928.1	chr1	100249090	100249311	3	3	3
ENSG00000224616.3	RTCA-AS1	chr1	100251528	100266179	3	3	3
ENSG00000137996.13	RTCA	chr1	100266216	100292769	3	3	3
ENSG00000207750.1	MIR553	chr1	100281241	100281308	3	3	3
ENSG00000215871.2	AC104457.1	chr1	100331804	100332617	3	3	3
ENSG00000223906.1	AC104457.2	chr1	100344477	100345242	3	3	3
ENSG00000079335.20	CDC14A	chr1	100345001	100520277	3	3	3
ENSG00000234332.1	BCAS2P2	chr1	100393033	100394026	3	3	3
ENSG00000228086.1	AL589990.1	chr1	100462399	100485997	3	3	3
ENSG00000181656.7	GPR88	chr1	100538139	100542021	3	3	3
ENSG00000213421.4	AC099670.1	chr1	100586649	100587431	3	3	3
ENSG00000230402.2	LINC01349	chr1	100627049	100640613	3	3	3
ENSG00000285525.1	AC099670.3	chr1	100628230	100641723	3	3	3
ENSG00000224685.1	AC099670.2	chr1	100651947	100652267	3	3	3
ENSG00000162692.12	VCAM1	chr1	100719742	100739045	3	3	3
ENSG00000162694.14	EXTL2	chr1	100872372	100895179	3	3	3
ENSG00000273204.1	AC104506.1	chr1	100894928	100895356	3	3	3
ENSG00000162695.12	SLC30A7	chr1	100896076	100981757	3	3	3
ENSG00000230946.3	HNRNPA1P68	chr1	100941017	100941995	3	3	3
ENSG00000117543.21	DPH5	chr1	100989623	101026088	3	3	3
ENSG00000235795.1	AC093157.2	chr1	100995473	100996260	3	3	3
ENSG00000233184.7	AC093157.1	chr1	101025844	101090513	3	3	3
ENSG00000252765.1	AC093157.3	chr1	101133153	101133339	3	3	3
ENSG00000271578.1	AC119501.1	chr1	101190520	101190994	3	3	3
ENSG00000225938.1	AL109741.1	chr1	101235683	101236528	3	3	3
ENSG00000170989.10	S1PR1	chr1	101236865	101243713	3	3	3
ENSG00000228399.1	AL109741.2	chr1	101256274	101256616	3	3	3
ENSG00000173810.9	PPIAP7	chr1	101270875	101271363	3	3	3
ENSG00000231671.1	LINC01307	chr1	101323337	101390303	3	3	3
ENSG00000226715.4	LINC01709	chr1	101639509	101787572	3	3	3
ENSG00000252530.1	RNU6-965P	chr1	101728642	101728737	3	3	3
ENSG00000183298.5	RPSAP19	chr1	101786340	101787219	3	3	3
ENSG00000118733.17	OLFM3	chr1	101802560	101996926	3	3	3
ENSG00000252717.1	RNU6-352P	chr1	101859851	101859957	3	3	3
ENSG00000271277.1	AL356280.1	chr1	101882516	101882894	3	3	3
ENSG00000162699.5	DNAJA1P5	chr1	101893105	101894047	3	3	3
ENSG00000233359.2	AC114485.1	chr1	102199739	102389630	3	3	3
ENSG00000230864.1	AC099567.1	chr1	102763322	102853842	3	3	3
ENSG00000060718.22	COL11A1	chr1	102876467	103108872	3	3	3
ENSG00000234257.1	SOD2P1	chr1	103100143	103100704	3	3	3
ENSG00000230759.1	AC095032.2	chr1	103414879	103425465	3	3	3
ENSG00000224613.7	AC095032.1	chr1	103415980	103525511	3	3	3
ENSG00000222069.1	RN7SKP285	chr1	103523562	103523879	3	3	3
ENSG00000185946.16	RNPC3	chr1	103525691	103555239	3	3	3
ENSG00000240038.6	AMY2B	chr1	103553815	103579534	3	3	3
ENSG00000236085.1	ACTG1P4	chr1	103569553	103570674	3	3	3
ENSG00000243480.7	AMY2A	chr1	103616811	103625780	3	3	3
ENSG00000237763.9	AMY1A	chr1	103655290	103664554	3	3	3
ENSG00000234441.1	AC105272.1	chr1	103668071	103668268	3	3	3
ENSG00000174876.16	AMY1B	chr1	103687415	103696680	3	3	3
ENSG00000227408.1	AMYP1	chr1	103713723	103719871	3	3	3
ENSG00000187733.6	AMY1C	chr1	103750406	103758690	3	3	3
ENSG00000225191.1	AL136455.1	chr1	103926567	103927806	3	3	3
ENSG00000215869.4	AC092506.1	chr1	104072983	104226678	3	3	3
ENSG00000228347.1	FTLP17	chr1	104153306	104153830	3	3	3
ENSG00000285981.1	AL591888.1	chr1	104998406	105032365	3	3	3
ENSG00000225036.1	CDK4P1	chr1	105433994	105434821	3	3	3
ENSG00000230768.9	LINC01676	chr1	105587575	105618991	3	3	3
ENSG00000227850.1	SEPTIN2P1	chr1	105698039	105698218	3	3	3
ENSG00000237897.2	AL512844.2	chr1	105890693	105891430	3	3	3
ENSG00000232952.1	AL512844.1	chr1	105891739	105893517	3	3	3
ENSG00000233047.7	LINC01677	chr1	105927620	106028277	3	3	3
ENSG00000237480.3	AL355306.2	chr1	105956694	106124564	3	3	3
ENSG00000230932.2	AL355306.1	chr1	106080801	106081379	3	3	3
ENSG00000270342.1	AL499605.1	chr1	106544342	106544744	3	3	3
ENSG00000270976.1	AL596327.1	chr1	106780223	106780435	3	3	3
ENSG00000233449.1	MTATP6P14	chr1	106802755	106803427	3	3	3
ENSG00000232551.2	MTCO1P14	chr1	106804474	106806032	3	3	3
ENSG00000237460.3	LINC01661	chr1	106818224	106865316	3	3	3
ENSG00000198890.9	PRMT6	chr1	107056674	107067636	3	3	3
ENSG00000162631.19	NTNG1	chr1	107140007	107483458	3	3	3
ENSG00000224550.1	NDUFA4P1	chr1	107505203	107505448	3	3	3
ENSG00000134215.16	VAV3	chr1	107571161	107965180	3	3	3
ENSG00000275455.1	MIR7852	chr1	107897223	107897304	3	3	3
ENSG00000230489.1	VAV3-AS1	chr1	107964443	107994607	3	3	3
ENSG00000226822.3	LINC02785	chr1	108040263	108076020	3	3	3
ENSG00000085491.17	SLC25A24	chr1	108134043	108200849	3	3	3
ENSG00000260879.1	AL359258.2	chr1	108199926	108201491	3	3	3
ENSG00000280186.1	AL359258.3	chr1	108200413	108202743	3	3	3
ENSG00000196427.13	NBPF4	chr1	108223341	108244081	3	3	3
ENSG00000238122.1	AL359258.1	chr1	108261196	108273689	3	3	3
ENSG00000241361.8	SLC25A24P1	chr1	108272943	108337853	3	3	3
ENSG00000243967.4	NBPF5P	chr1	108375838	108410814	3	3	3
ENSG00000238118.1	SLC25A24P2	chr1	108383736	108421295	3	3	3
ENSG00000224698.1	AL390038.1	chr1	108420689	108433184	3	3	3
ENSG00000186086.18	NBPF6	chr1	108450282	108471002	3	3	3
ENSG00000283354.1	AL392088.2	chr1	108495475	108501144	3	3	3
ENSG00000227832.1	ST13P21	chr1	108502358	108503455	3	3	3
ENSG00000226483.2	AL392088.1	chr1	108508574	108509243	3	3	3
ENSG00000162636.16	FAM102B	chr1	108560089	108644900	3	3	3
ENSG00000162639.16	HENMT1	chr1	108648290	108661526	3	3	3
ENSG00000285923.1	AL160171.1	chr1	108661533	108666246	3	3	3
ENSG00000134186.12	PRPF38B	chr1	108692310	108702928	3	3	3
ENSG00000143107.10	FNDC7	chr1	108712908	108742749	3	3	3
ENSG00000232971.2	AL591719.2	chr1	108734256	108734725	3	3	3
ENSG00000116266.11	STXBP3	chr1	108746674	108809523	3	3	3
ENSG00000228076.2	AL591719.1	chr1	108766841	108767584	3	3	3
ENSG00000162641.20	AKNAD1	chr1	108815898	108963484	3	3	3
ENSG00000203897.4	SPATA42	chr1	108857217	108858524	3	3	3
ENSG00000121957.15	GPSM2	chr1	108875350	108934545	3	3	3
ENSG00000121940.16	CLCC1	chr1	108927361	108963504	3	3	3
ENSG00000085433.16	WDR47	chr1	108970214	109042113	3	3	3
ENSG00000237349.1	BX679664.2	chr1	108986963	108987245	3	3	3
ENSG00000244716.3	BX679664.3	chr1	108992282	108992836	3	3	3
ENSG00000228665.2	BX679664.1	chr1	109030067	109030319	3	3	3
ENSG00000228054.2	RANP5	chr1	109046828	109047482	3	3	3
ENSG00000197780.10	TAF13	chr1	109062486	109076003	3	3	3
ENSG00000273382.1	AL356488.3	chr1	109087971	109090858	3	3	3
ENSG00000215717.7	TMEM167B	chr1	109090764	109096934	3	3	3
ENSG00000278249.1	SCARNA2	chr1	109100193	109100612	3	3	3
ENSG00000270066.3	AL356488.2	chr1	109100193	109100619	3	3	3
ENSG00000251484.3	AL356488.1	chr1	109103535	109104766	3	3	3
ENSG00000179902.13	C1orf194	chr1	109105951	109113857	3	3	3
ENSG00000116299.17	ELAPOR1	chr1	109113679	109206781	3	3	3
ENSG00000031698.13	SARS1	chr1	109213918	109238182	3	3	3
ENSG00000143126.8	CELSR2	chr1	109249539	109275751	3	3	3
ENSG00000134222.16	PSRC1	chr1	109279556	109283186	3	3	3
ENSG00000221986.7	MYBPHL	chr1	109292365	109307011	3	3	3
ENSG00000134243.12	SORT1	chr1	109309568	109397918	3	3	3
ENSG00000143106.13	PSMA5	chr1	109399042	109426448	3	3	3
ENSG00000143028.9	SYPL2	chr1	109466546	109482134	3	3	3
ENSG00000162650.16	ATXN7L2	chr1	109483479	109492804	3	3	3
ENSG00000174151.15	CYB561D1	chr1	109494052	109502932	3	3	3
ENSG00000181754.7	AMIGO1	chr1	109504178	109509738	3	3	3
ENSG00000156097.12	GPR61	chr1	109539872	109548406	3	3	3
ENSG00000254942.1	AL355310.3	chr1	109539906	109543837	3	3	3
ENSG00000065135.12	GNAI3	chr1	109548615	109600195	3	3	3
ENSG00000206832.1	RNU6V	chr1	109591534	109591640	3	3	3
ENSG00000225113.1	AL355310.1	chr1	109596225	109597781	3	3	3
ENSG00000284443.1	MIR197	chr1	109598893	109598967	3	3	3
ENSG00000134183.12	GNAT2	chr1	109603254	109619929	3	3	3
ENSG00000116337.19	AMPD2	chr1	109616104	109632053	3	3	3
ENSG00000228703.1	AL355310.2	chr1	109628417	109630305	3	3	3
ENSG00000235045.2	RPL7P8	chr1	109651370	109652099	3	3	3
ENSG00000168765.17	GSTM4	chr1	109656099	109674836	3	3	3
ENSG00000213366.13	GSTM2	chr1	109668022	109709551	3	3	3
ENSG00000134184.13	GSTM1	chr1	109687814	109709039	3	3	3
ENSG00000260246.1	AC000032.1	chr1	109693117	109693742	3	3	3
ENSG00000134201.12	GSTM5	chr1	109711780	109775428	3	3	3
ENSG00000241720.2	AL158847.1	chr1	109725820	109775252	3	3	3
ENSG00000134202.11	GSTM3	chr1	109733932	109741038	3	3	3
ENSG00000198758.11	EPS8L3	chr1	109750080	109764027	3	3	3
ENSG00000224927.2	NDUFA5P10	chr1	109810642	109810998	3	3	3
ENSG00000228420.1	LINC01768	chr1	109828355	109871436	3	3	3
ENSG00000235005.1	AL450468.1	chr1	109884176	109886264	3	3	3
ENSG00000261055.1	AL450468.2	chr1	109895973	109897861	3	3	3
ENSG00000184371.14	CSF1	chr1	109910242	109930992	3	3	3
ENSG00000168710.18	AHCYL1	chr1	109984765	110023742	3	3	3
ENSG00000143093.15	STRIP1	chr1	110031577	110074641	3	3	3
ENSG00000258634.3	AL160006.1	chr1	110058340	110062555	3	3	3
ENSG00000156150.9	ALX3	chr1	110059870	110070672	3	3	3
ENSG00000258673.1	LINC01397	chr1	110082688	110109719	3	3	3
ENSG00000186150.5	UBL4B	chr1	110112443	110113947	3	3	3
ENSG00000197106.7	SLC6A17	chr1	110150494	110202202	3	3	3
ENSG00000227091.2	SLC6A17-AS1	chr1	110165948	110172489	3	3	3
ENSG00000235526.1	AL355990.1	chr1	110177643	110178719	3	3	3
ENSG00000224965.1	LINC02586	chr1	110208834	110209987	3	3	3
ENSG00000116396.15	KCNC4	chr1	110210314	110283100	3	3	3
ENSG00000282852.1	AL137790.2	chr1	110256754	110256930	3	3	3
ENSG00000200536.1	AL137790.1	chr1	110272484	110272607	3	3	3
ENSG00000227963.1	RBM15-AS1	chr1	110286375	110339171	3	3	3
ENSG00000162775.16	RBM15	chr1	110338506	110346681	3	3	3
ENSG00000224699.9	LAMTOR5-AS1	chr1	110347116	110443817	3	3	3
ENSG00000168679.18	SLC16A4	chr1	110362851	110391082	3	3	3
ENSG00000273373.1	AL355488.1	chr1	110370154	110373003	3	3	3
ENSG00000134248.14	LAMTOR5	chr1	110401249	110407942	3	3	3
ENSG00000143125.6	PROK1	chr1	110451149	110457358	3	3	3
ENSG00000270380.1	AL358215.1	chr1	110456505	110457354	3	3	3
ENSG00000282887.2	AL358215.2	chr1	110472543	110474980	3	3	3
ENSG00000283999.1	AL358215.3	chr1	110473756	110488663	3	3	3
ENSG00000240194.7	CYMP	chr1	110480752	110491277	3	3	3
ENSG00000235407.1	CYMP-AS1	chr1	110487680	110490258	3	3	3
ENSG00000143105.7	KCNA10	chr1	110517217	110519175	3	3	3
ENSG00000177301.16	KCNA2	chr1	110519837	110631474	3	3	3
ENSG00000259834.1	AL365361.1	chr1	110653560	110657040	3	3	3
ENSG00000177272.9	KCNA3	chr1	110672465	110674940	3	3	3
ENSG00000199710.1	Y_RNA	chr1	110764408	110764506	3	3	3
ENSG00000237415.2	NRBF2P3	chr1	110848077	110848941	3	3	3
ENSG00000232791.4	OR11I1P	chr1	110853939	110854892	3	3	3
ENSG00000143119.14	CD53	chr1	110871188	110899922	3	3	3
ENSG00000261654.1	AL360270.2	chr1	110936369	110942353	3	3	3
ENSG00000232811.1	AL360270.1	chr1	110943467	110952848	3	3	3
ENSG00000121931.16	LRIF1	chr1	110947190	110963965	3	3	3
ENSG00000273010.1	AL360270.3	chr1	110963302	110964649	3	3	3
ENSG00000225672.1	CCNT2P1	chr1	111007700	111015530	3	3	3
ENSG00000252760.1	RNA5SP54	chr1	111041834	111041925	3	3	3
ENSG00000156171.15	DRAM2	chr1	111117163	111140203	3	3	3
ENSG00000134255.14	CEPT1	chr1	111139627	111185104	3	3	3
ENSG00000272982.1	AL355816.1	chr1	111181374	111181491	3	3	3
ENSG00000273221.1	AL355816.2	chr1	111184415	111185061	3	3	3
ENSG00000162777.17	DENND2D	chr1	111185969	111204535	3	3	3
ENSG00000064886.14	CHI3L2	chr1	111200771	111243440	3	3	3
ENSG00000236040.1	CHIAP1	chr1	111250254	111256715	3	3	3
ENSG00000203878.11	CHIAP2	chr1	111280059	111286116	3	3	3
ENSG00000134216.19	CHIA	chr1	111290851	111320566	3	3	3
ENSG00000229283.1	AL356387.1	chr1	111317600	111323981	3	3	3
ENSG00000232240.2	AL356387.2	chr1	111323833	111324075	3	3	3
ENSG00000173947.14	PIFO	chr1	111346600	111353013	3	3	3
ENSG00000234020.1	CHIAP3	chr1	111353275	111367409	3	3	3
ENSG00000236012.2	HIGD1AP12	chr1	111380291	111380571	3	3	3
ENSG00000227179.6	PGBP	chr1	111382860	111391819	3	3	3
ENSG00000085465.13	OVGP1	chr1	111414319	111427735	3	3	3
ENSG00000260948.1	AL390195.2	chr1	111431046	111433068	3	3	3
ENSG00000233337.1	UBE2FP3	chr1	111437514	111438037	3	3	3
ENSG00000243960.1	AL390195.1	chr1	111438638	111441364	3	3	3
ENSG00000116455.14	WDR77	chr1	111439890	111449256	3	3	3
ENSG00000199890.1	Y_RNA	chr1	111446798	111446908	3	3	3
ENSG00000116459.11	ATP5PB	chr1	111448864	111462773	3	3	3
ENSG00000143110.12	C1orf162	chr1	111473792	111478512	3	3	3
ENSG00000121933.19	TMIGD3	chr1	111483348	111563962	3	3	3
ENSG00000200360.1	RNU6-792P	chr1	111490317	111490423	3	3	3
ENSG00000282608.2	ADORA3	chr1	111499429	111503633	3	3	3
ENSG00000116473.14	RAP1A	chr1	111542218	111716691	3	3	3
ENSG00000231346.5	LINC01160	chr1	111599655	111608723	3	3	3
ENSG00000215867.4	KRT18P57	chr1	111648291	111649544	3	3	3
ENSG00000201028.1	RNU6-151P	chr1	111650431	111650537	3	3	3
ENSG00000197852.12	INKA2	chr1	111680630	111755824	3	3	3
ENSG00000227811.3	INKA2-AS1	chr1	111739579	111747798	3	3	3
ENSG00000284830.1	AL049557.1	chr1	111745299	111755537	3	3	3
ENSG00000064703.12	DDX20	chr1	111755245	111768000	3	3	3
ENSG00000171385.10	KCND3	chr1	111770662	111989668	3	3	3
ENSG00000232558.1	KCND3-IT1	chr1	111853762	111856905	3	3	3
ENSG00000237556.1	KCND3-AS1	chr1	111909336	111910931	3	3	3
ENSG00000231437.3	LINC01750	chr1	111989770	111998842	3	3	3
ENSG00000231246.2	LINC02884	chr1	112177234	112360625	3	3	3
ENSG00000234388.2	TXNP3	chr1	112363281	112363581	3	3	3
ENSG00000238761.1	AL591521.1	chr1	112371004	112371107	3	3	3
ENSG00000143079.15	CTTNBP2NL	chr1	112396214	112463456	3	3	3
ENSG00000283296.1	MIR4256	chr1	112461770	112461833	3	3	3
ENSG00000134245.18	WNT2B	chr1	112466541	112530165	3	3	3
ENSG00000273483.1	AL354760.1	chr1	112517799	112518441	3	3	3
ENSG00000007341.19	ST7L	chr1	112523514	112620825	3	3	3
ENSG00000116489.13	CAPZA1	chr1	112619805	112671616	3	3	3
ENSG00000235299.2	MRPL53P1	chr1	112625906	112626224	3	3	3
ENSG00000252750.1	RNU7-70P	chr1	112634719	112634784	3	3	3
ENSG00000155363.18	MOV10	chr1	112673141	112700746	3	3	3
ENSG00000225075.1	AL603832.1	chr1	112693688	112696621	3	3	3
ENSG00000155366.17	RHOC	chr1	112701127	112707434	3	3	3
ENSG00000271810.5	AL603832.3	chr1	112702614	112711433	3	3	3
ENSG00000155367.15	PPM1J	chr1	112709994	112715477	3	3	3
ENSG00000261595.1	AL603832.2	chr1	112715672	112717796	3	3	3
ENSG00000184599.13	TAFA3	chr1	112720419	112727235	3	3	3
ENSG00000234790.1	NUTF2P4	chr1	112748095	112748475	3	3	3
ENSG00000215866.8	LINC01356	chr1	112820170	112850643	3	3	3
ENSG00000224167.2	LINC01357	chr1	112849821	112877871	3	3	3
ENSG00000228040.1	AL390729.1	chr1	112890767	112890922	3	3	3
ENSG00000155380.12	SLC16A1	chr1	112911847	112957013	3	3	3
ENSG00000229020.4	AKR7A2P1	chr1	112923423	112924337	3	3	3
ENSG00000226419.8	SLC16A1-AS1	chr1	112956415	113047055	3	3	3
ENSG00000287807.1	AL390242.1	chr1	112978610	112999636	3	3	3
ENSG00000238198.2	LRIG2-DT	chr1	113011687	113073113	3	3	3
ENSG00000198799.12	LRIG2	chr1	113073198	113132260	3	3	3
ENSG00000237278.2	RLIMP2	chr1	113125321	113126883	3	3	3
ENSG00000233839.1	AL357055.1	chr1	113168994	113169403	3	3	3
ENSG00000236887.1	AL357055.2	chr1	113198825	113199258	3	3	3
ENSG00000081026.19	MAGI3	chr1	113390515	113685923	3	3	3
ENSG00000232499.2	AL391058.1	chr1	113449700	113450728	3	3	3
ENSG00000238256.1	MTND5P20	chr1	113576757	113576899	3	3	3
ENSG00000116793.16	PHTF1	chr1	113696831	113759489	3	3	3
ENSG00000232450.1	AL133517.1	chr1	113698884	113699631	3	3	3
ENSG00000081019.13	RSBN1	chr1	113761832	113812476	3	3	3
ENSG00000231128.6	AL137856.1	chr1	113812379	113870159	3	3	3
ENSG00000134242.16	PTPN22	chr1	113813811	113871753	3	3	3
ENSG00000226167.1	AP4B1-AS1	chr1	113856635	113901237	3	3	3
ENSG00000188761.13	BCL2L15	chr1	113876816	113887581	3	3	3
ENSG00000134262.13	AP4B1	chr1	113894194	113905201	3	3	3
ENSG00000118655.7	DCLRE1B	chr1	113905213	113914086	3	3	3
ENSG00000235527.7	HIPK1-AS1	chr1	113924000	113929495	3	3	3
ENSG00000163349.22	HIPK1	chr1	113929324	113977869	3	3	3
ENSG00000116774.12	OLFML3	chr1	113979391	114035572	3	3	3
ENSG00000270780.1	AL591742.1	chr1	114001433	114002235	3	3	3
ENSG00000282048.1	AL591742.2	chr1	114032393	114034511	3	3	3
ENSG00000134207.17	SYT6	chr1	114089291	114153880	3	3	3
ENSG00000232895.2	AL121999.1	chr1	114206427	114262278	3	3	3
ENSG00000273698.1	MRPL57P1	chr1	114279011	114279275	3	3	3
ENSG00000271419.1	AL035410.2	chr1	114353986	114355178	3	3	3
ENSG00000197323.12	TRIM33	chr1	114392790	114511203	3	3	3
ENSG00000226984.1	AL035410.1	chr1	114459934	114460360	3	3	3
ENSG00000225650.2	EIF2S2P5	chr1	114468315	114469282	3	3	3
ENSG00000201114.1	Y_RNA	chr1	114490724	114490832	3	3	3
ENSG00000236480.1	PKMP1	chr1	114535995	114537840	3	3	3
ENSG00000116752.6	BCAS2	chr1	114567557	114581629	3	3	3
ENSG00000175984.15	DENND2C	chr1	114582848	114670422	3	3	3
ENSG00000116748.21	AMPD1	chr1	114673090	114695618	3	3	3
ENSG00000242769.3	RN7SL432P	chr1	114697627	114697924	3	3	3
ENSG00000213281.5	NRAS	chr1	114704469	114716771	3	3	3
ENSG00000009307.16	CSDE1	chr1	114716913	114758676	3	3	3
ENSG00000201900.1	RNY1P13	chr1	114727720	114727824	3	3	3
ENSG00000052723.12	SIKE1	chr1	114769479	114780685	3	3	3
ENSG00000227970.1	NR1H5P	chr1	114837227	114851453	3	3	3
ENSG00000198765.12	SYCP1	chr1	114854863	114995370	3	3	3
ENSG00000134200.4	TSHB	chr1	115029826	115034302	3	3	3
ENSG00000134198.10	TSPAN2	chr1	115048011	115089503	3	3	3
ENSG00000233730.1	LINC01765	chr1	115099672	115102658	3	3	3
ENSG00000285698.1	AL049825.1	chr1	115270767	115283763	3	3	3
ENSG00000228035.1	NGF-AS1	chr1	115283034	115368072	3	3	3
ENSG00000134259.5	NGF	chr1	115285917	115338256	3	3	3
ENSG00000287103.1	AL512638.3	chr1	115356664	115364897	3	3	3
ENSG00000226973.1	AL512638.1	chr1	115471941	115476027	3	3	3
ENSG00000274468.1	AL512638.2	chr1	115479428	115481572	3	3	3
ENSG00000229101.1	ELOCP20	chr1	115556826	115557475	3	3	3
ENSG00000232185.1	CNOT7P2	chr1	115564601	115565432	3	3	3
ENSG00000270631.1	AL592436.2	chr1	115577229	115577786	3	3	3
ENSG00000239984.3	RN7SL420P	chr1	115606471	115606768	3	3	3
ENSG00000207502.1	AL592436.1	chr1	115621872	115622005	3	3	3
ENSG00000173218.15	VANGL1	chr1	115641970	115698224	3	3	3
ENSG00000118729.12	CASQ2	chr1	115700021	115768714	3	3	3
ENSG00000177551.5	NHLH2	chr1	115836377	115843917	3	3	3
ENSG00000214204.4	HNRNPA1P43	chr1	115856910	115857819	3	3	3
ENSG00000228127.3	LINC01649	chr1	115904855	115931616	3	3	3
ENSG00000271143.1	AL357137.1	chr1	115916497	115916699	3	3	3
ENSG00000163393.13	SLC22A15	chr1	115976513	116070054	3	3	3
ENSG00000237993.1	AL365318.1	chr1	116013813	116017705	3	3	3
ENSG00000173212.4	MAB21L3	chr1	116111755	116135240	3	3	3
ENSG00000235933.1	LINC01779	chr1	116164284	116166241	3	3	3
ENSG00000221040.2	U3	chr1	116278606	116278821	3	3	3
ENSG00000287217.1	AL355538.1	chr1	116289237	116297621	3	3	3
ENSG00000163399.16	ATP1A1	chr1	116372668	116410261	3	3	3
ENSG00000203865.11	ATP1A1-AS1	chr1	116378437	116421301	3	3	3
ENSG00000212385.1	RNU6-817P	chr1	116413766	116413869	3	3	3
ENSG00000233154.6	LINC01762	chr1	116423724	116478842	3	3	3
ENSG00000230381.2	AL136376.1	chr1	116429049	116433368	3	3	3
ENSG00000200547.1	Y_RNA	chr1	116452536	116452627	3	3	3
ENSG00000224950.2	AL390066.1	chr1	116493016	116499212	3	3	3
ENSG00000286276.1	AL390066.2	chr1	116493350	116502634	3	3	3
ENSG00000116815.16	CD58	chr1	116514534	116571039	3	3	3
ENSG00000177173.5	NAP1L4P1	chr1	116532936	116534092	3	3	3
ENSG00000264419.1	MIR548AC	chr1	116560024	116560111	3	3	3
ENSG00000143061.18	IGSF3	chr1	116574399	116667755	3	3	3
ENSG00000211543.2	MIR320B1	chr1	116671749	116671827	3	3	3
ENSG00000203864.3	LINC02868	chr1	116694112	116706603	3	3	3
ENSG00000231072.1	GAPDHP64	chr1	116713833	116714835	3	3	3
ENSG00000223489.1	NEFHP1	chr1	116739981	116742609	3	3	3
ENSG00000116824.5	CD2	chr1	116754430	116769229	3	3	3
ENSG00000225079.2	FTH1P22	chr1	116775104	116775623	3	3	3
ENSG00000272715.1	AL157904.1	chr1	116909149	116909531	3	3	3
ENSG00000134247.10	PTGFRN	chr1	116909916	116990353	3	3	3
ENSG00000252510.1	RNA5SP55	chr1	116962347	116962471	3	3	3
ENSG00000134256.12	CD101	chr1	117001750	117036476	3	3	3
ENSG00000236137.1	AL445231.1	chr1	117025482	117059490	3	3	3
ENSG00000116830.12	TTF2	chr1	117060326	117107453	3	3	3
ENSG00000215930.1	MIR942	chr1	117094643	117094728	3	3	3
ENSG00000134253.10	TRIM45	chr1	117111060	117122587	3	3	3
ENSG00000228453.1	RPS15AP9	chr1	117138229	117138609	3	3	3
ENSG00000134258.17	VTCN1	chr1	117143587	117210960	3	3	3
ENSG00000277141.1	Metazoa_SRP	chr1	117243212	117243508	3	3	3
ENSG00000235202.2	LINC01525	chr1	117272182	117321336	3	3	3
ENSG00000271427.1	AL358072.1	chr1	117364899	117365473	3	3	3
ENSG00000198162.12	MAN1A2	chr1	117367449	117528872	3	3	3
ENSG00000279513.1	AL157902.2	chr1	117493515	117495006	3	3	3
ENSG00000226755.2	VPS25P1	chr1	117549415	117549922	3	3	3
ENSG00000236866.5	AL157902.1	chr1	117596832	117605770	3	3	3
ENSG00000183508.5	TENT5C	chr1	117606048	117628389	3	3	3
ENSG00000213262.3	VDAC2P3	chr1	117640812	117641639	3	3	3
ENSG00000212266.1	AL390877.1	chr1	117688621	117688742	3	3	3
ENSG00000270719.1	AL390877.2	chr1	117700029	117700242	3	3	3
ENSG00000228217.1	PNRC2P1	chr1	117778087	117778506	3	3	3
ENSG00000196505.11	GDAP2	chr1	117863485	117929621	3	3	3
ENSG00000065183.16	WDR3	chr1	117929720	117966543	3	3	3
ENSG00000155761.14	SPAG17	chr1	117953590	118185228	3	3	3
ENSG00000287980.1	AL391557.1	chr1	118185349	118207051	3	3	3
ENSG00000222209.1	RNA5SP56	chr1	118264372	118264489	3	3	3
ENSG00000226126.2	PSMC1P12	chr1	118614333	118615646	3	3	3
ENSG00000229911.2	AL139148.1	chr1	118712999	118713678	3	3	3
ENSG00000092607.15	TBX15	chr1	118883046	118989556	3	3	3
ENSG00000226172.2	AL139420.1	chr1	119000344	119001392	3	3	3
ENSG00000239216.1	AL139420.2	chr1	119000618	119001405	3	3	3
ENSG00000116874.12	WARS2	chr1	119031216	119140654	3	3	3
ENSG00000224238.2	WARS2-IT1	chr1	119047405	119064785	3	3	3
ENSG00000223575.2	RBMX2P3	chr1	119084998	119085954	3	3	3
ENSG00000236804.1	RPS3AP12	chr1	119126539	119127291	3	3	3
ENSG00000231365.6	WARS2-AS1	chr1	119140391	119275973	3	3	3
ENSG00000227056.2	RPL6P2	chr1	119219314	119220096	3	3	3
ENSG00000227712.2	AL359915.1	chr1	119230313	119327915	3	3	3
ENSG00000232650.6	LINC01780	chr1	119327399	119356182	3	3	3
ENSG00000194297.2	RNU1-75P	chr1	119331397	119331525	3	3	3
ENSG00000116882.15	HAO2	chr1	119368779	119394130	3	3	3
ENSG00000230921.1	HAO2-IT1	chr1	119368946	119370331	3	3	3
ENSG00000203859.10	HSD3B2	chr1	119414931	119423035	3	3	3
ENSG00000232780.2	GAPDHP74	chr1	119434166	119435080	3	3	3
ENSG00000203858.3	HSD3BP2	chr1	119439001	119446086	3	3	3
ENSG00000235595.1	GAPDHP23	chr1	119462029	119463021	3	3	3
ENSG00000187481.2	HSD3BP1	chr1	119467221	119473803	3	3	3
ENSG00000229570.2	GAPDHP58	chr1	119495836	119496841	3	3	3
ENSG00000203857.10	HSD3B1	chr1	119507198	119515054	3	3	3
ENSG00000226443.3	GAPDHP32	chr1	119533749	119534746	3	3	3
ENSG00000249798.1	HSD3BP3	chr1	119538509	119545913	3	3	3
ENSG00000239873.2	GAPDHP27	chr1	119558755	119559774	3	3	3
ENSG00000203855.7	HSD3BP4	chr1	119564066	119572067	3	3	3
ENSG00000240244.3	GAPDHP33	chr1	119596167	119597179	3	3	3
ENSG00000260941.1	LINC00622	chr1	119597702	119599271	3	3	3
ENSG00000198857.3	HSD3BP5	chr1	119601340	119609250	3	3	3
ENSG00000143067.5	ZNF697	chr1	119619377	119648266	3	3	3
ENSG00000092621.13	PHGDH	chr1	119648411	119744218	3	3	3
ENSG00000134240.12	HMGCS2	chr1	119748002	119768905	3	3	3
ENSG00000134193.15	REG4	chr1	119794017	119811580	3	3	3
ENSG00000215864.6	NBPF7	chr1	119834870	119844514	3	3	3
ENSG00000227205.4	PFN1P9	chr1	119853316	119853748	3	3	3
ENSG00000226446.1	NOTCH2P1	chr1	119886304	119886927	3	3	3
ENSG00000134249.7	ADAM30	chr1	119893533	119896515	3	3	3
ENSG00000134250.20	NOTCH2	chr1	119911553	120100779	3	3	3
ENSG00000273406.1	AC245008.1	chr1	120076616	120077091	3	3	3
ENSG00000207149.1	RNU6-465P	chr1	120126974	120127074	3	3	3
ENSG00000265808.4	SEC22B	chr1	120150898	120176520	3	3	3
ENSG00000274642.1	AC244669.2	chr1	120197085	120319680	3	3	3
ENSG00000277313.1	7SK	chr1	120228046	120228295	3	3	3
ENSG00000223804.5	AC244669.1	chr1	120267334	120341871	3	3	3
ENSG00000273727.1	U1	chr1	120354987	120355148	3	3	3
ENSG00000270231.4	NBPF8	chr1	120419850	120467739	3	3	3
ENSG00000270392.2	PFN1P2	chr1	120432204	120434052	3	3	3
ENSG00000275131.3	AC241952.1	chr1	120489860	120701289	3	3	3
ENSG00000273694.1	U2	chr1	120571120	120571264	3	3	3
ENSG00000275933.1	7SK	chr1	120670127	120670376	3	3	3
ENSG00000286106.1	NOTCH2NLR	chr1	120723946	120793874	3	3	3
ENSG00000273136.7	NBPF26	chr1	120723949	120842110	3	3	3
ENSG00000287979.1	AC253572.1	chr1	120849674	120850985	3	3	3
ENSG00000275538.1	RNVU1-19	chr1	120850819	120850985	3	3	3
ENSG00000263353.3	PPIAL4A	chr1	120889746	120890405	3	3	3
ENSG00000281741.2	AC241377.3	chr1	120913151	120914238	3	3	3
ENSG00000226067.7	LINC00623	chr1	120913184	121009291	3	3	3
ENSG00000277610.1	RNVU1-4	chr1	120942600	120942763	3	3	3
ENSG00000285215.2	AC241377.4	chr1	120963645	120977585	3	3	3
ENSG00000275585.2	AC241377.2	chr1	120985692	121052167	3	3	3
ENSG00000273516.1	U1	chr1	121008362	121008507	3	3	3
ENSG00000275296.1	AC241377.1	chr1	121058948	121059353	3	3	3
ENSG00000198019.13	FCGR1B	chr1	121087345	121097161	3	3	3
ENSG00000234998.1	AC244453.3	chr1	121087528	121116676	3	3	3
ENSG00000233029.3	AC244453.2	chr1	121090289	121097655	3	3	3
ENSG00000223345.3	H2BP1	chr1	121108210	121117257	3	3	3
ENSG00000227193.2	AC244453.1	chr1	121118126	121146826	3	3	3
ENSG00000213244.3	H3P4	chr1	121118195	121118610	3	3	3
ENSG00000268993.1	RPL22P6	chr1	121142051	121142438	3	3	3
ENSG00000188610.12	FAM72B	chr1	121167646	121185539	3	3	3
ENSG00000171943.12	SRGAP2C	chr1	121184811	121392874	3	3	3
ENSG00000275129.1	AC243994.1	chr1	121314947	121315055	3	3	3
ENSG00000230806.1	SRGAP2-AS1	chr1	121360156	121398806	3	3	3
ENSG00000227082.3	LINC02798	chr1	121396754	121463508	3	3	3
ENSG00000228826.3	AL592494.1	chr1	121494329	121511588	3	3	3
ENSG00000233432.2	MTIF2P1	chr1	121502344	121503891	3	3	3
ENSG00000272583.1	AL592494.2	chr1	121518366	121518829	3	3	3
ENSG00000231752.6	EMBP1	chr1	121519112	121575702	3	3	3
ENSG00000224857.1	LINC01691	chr1	121573946	121580524	3	3	3
ENSG00000276118.1	AC242852.1	chr1	143343180	143343275	3	3	3
ENSG00000277095.1	AC242852.2	chr1	143354191	143386122	3	3	3
ENSG00000277702.1	AC239859.5	chr1	143419625	143420207	3	3	3
ENSG00000252830.2	RNA5SP533	chr1	143439605	143439714	3	3	3
ENSG00000264145.2	AC239859.3	chr1	143449571	143450245	3	3	3
ENSG00000274927.1	AC239859.4	chr1	143461221	143498767	3	3	3
ENSG00000242943.1	NKAIN1P1	chr1	143487772	143488353	3	3	3
ENSG00000223495.2	AC239859.2	chr1	143498785	143499102	3	3	3
ENSG00000235887.2	LINC02799	chr1	143499187	143500512	3	3	3
ENSG00000203825.4	AC239859.1	chr1	143541768	143572834	3	3	3
ENSG00000179571.10	NBPF17P	chr1	143595216	143635641	3	3	3
ENSG00000226028.2	PFN1P12	chr1	143619994	143620527	3	3	3
ENSG00000202167.1	RNU1-114P	chr1	143652050	143652215	3	3	3
ENSG00000207349.1	RNVU1-17	chr1	143699456	143699619	3	3	3
ENSG00000252826.1	RNVU1-23	chr1	143720510	143720644	3	3	3
ENSG00000206737.1	RNVU1-18	chr1	143729407	143729570	3	3	3
ENSG00000232721.2	AC239800.2	chr1	143736066	143739506	3	3	3
ENSG00000223779.6	AC239800.1	chr1	143745249	143760669	3	3	3
ENSG00000242352.2	FAM91A3P	chr1	143766540	143769083	3	3	3
ENSG00000270962.1	AC239800.3	chr1	143784376	143784671	3	3	3
ENSG00000263590.2	LINC02591	chr1	143790010	143797108	3	3	3
ENSG00000252105.1	RNU1-143P	chr1	143791542	143791687	3	3	3
ENSG00000233430.3	AC239798.1	chr1	143811359	143825837	3	3	3
ENSG00000237503.2	AC239798.2	chr1	143846097	143846504	3	3	3
ENSG00000265531.3	FCGR1CP	chr1	143874793	143883575	3	3	3
ENSG00000234571.2	H2BP2	chr1	143875171	143904650	3	3	3
ENSG00000273213.3	H3-2	chr1	143894544	143905966	3	3	3
ENSG00000230186.3	AC246680.1	chr1	143905487	143934776	3	3	3
ENSG00000268074.1	RPL22P5	chr1	143929994	143930382	3	3	3
ENSG00000263513.5	FAM72C	chr1	143955364	143971965	3	3	3
ENSG00000270872.2	SRGAP2D	chr1	143975087	144068350	3	3	3
ENSG00000276674.1	IGKV1OR1-1	chr1	144085628	144086098	3	3	3
ENSG00000275075.1	AC244015.1	chr1	144168752	144168850	3	3	3
ENSG00000275767.1	AC244015.2	chr1	144179777	144211729	3	3	3
ENSG00000232527.8	LINC02802	chr1	144227029	144250326	3	3	3
ENSG00000276442.1	RNA5SP529	chr1	144265217	144265326	3	3	3
ENSG00000175658.4	DRD5P2	chr1	144274892	144277993	3	3	3
ENSG00000276756.4	AC245595.1	chr1	144276484	144305180	3	3	3
ENSG00000271567.1	PPIAL4E	chr1	144372875	144373659	3	3	3
ENSG00000271439.1	AC246785.4	chr1	144401069	144401355	3	3	3
ENSG00000207205.1	RNVU1-15	chr1	144412576	144412740	3	3	3
ENSG00000237343.1	AC246785.3	chr1	144418113	144419192	3	3	3
ENSG00000233586.1	AC246785.2	chr1	144418678	144419190	3	3	3
ENSG00000266338.6	NBPF15	chr1	144421386	144461674	3	3	3
ENSG00000227212.3	PFN1P6	chr1	144442606	144443004	3	3	3
ENSG00000229002.1	AC246785.1	chr1	144472535	144474790	3	3	3
ENSG00000275291.1	RNVU1-26	chr1	144523860	144524021	3	3	3
ENSG00000278099.1	RNVU1-2A	chr1	144551779	144551943	3	3	3
ENSG00000277918.1	RNVU1-28	chr1	144560666	144560829	3	3	3
ENSG00000279782.2	PPIAL4F	chr1	144592868	144593652	3	3	3
ENSG00000277199.1	LINC01632	chr1	144627192	144642372	3	3	3
ENSG00000224363.2	FP700111.1	chr1	144641371	144919902	3	3	3
ENSG00000278273.1	FP700107.1	chr1	144661200	144679513	3	3	3
ENSG00000222854.1	RNA5SP59	chr1	144701050	144701159	3	3	3
ENSG00000273825.1	FP700111.2	chr1	144754572	144786606	3	3	3
ENSG00000287607.1	FP700111.3	chr1	144797534	144797632	3	3	3
ENSG00000196369.11	SRGAP2B	chr1	144887265	145095528	3	3	3
ENSG00000271644.1	AC242498.1	chr1	144965025	144965135	3	3	3
ENSG00000215784.6	FAM72D	chr1	145095974	145112696	3	3	3
ENSG00000283752.1	AC241585.3	chr1	145139986	145148375	3	3	3
ENSG00000272419.6	LINC01145	chr1	145164099	145216058	3	3	3
ENSG00000277678.1	RNU1-153P	chr1	145169519	145169664	3	3	3
ENSG00000281571.2	AC241585.2	chr1	145214851	145215938	3	3	3
ENSG00000223612.3	AC241585.1	chr1	145233001	145233519	3	3	3
ENSG00000256374.2	PPIAL4D	chr1	145241630	145242124	3	3	3
ENSG00000271291.1	AC245014.2	chr1	145269604	145269890	3	3	3
ENSG00000207501.1	RNVU1-14	chr1	145281116	145281279	3	3	3
ENSG00000276216.1	AC245014.3	chr1	145281116	145281462	3	3	3
ENSG00000236140.1	AC245014.1	chr1	145286610	145287755	3	3	3
ENSG00000162825.16	NBPF20	chr1	145289900	145405778	3	3	3
ENSG00000234367.1	PFN1P3	chr1	145407772	145408173	3	3	3
ENSG00000270384.1	RNU1-154P	chr1	145431527	145431693	3	3	3
ENSG00000286620.1	AC239860.3	chr1	145459798	145462007	3	3	3
ENSG00000270722.1	RNVU1-31	chr1	145465617	145465780	3	3	3
ENSG00000287374.1	AC239860.4	chr1	145475606	145480999	3	3	3
ENSG00000278182.1	AC239860.2	chr1	145507444	145508607	3	3	3
ENSG00000275064.1	AC239860.1	chr1	145509047	145520594	3	3	3
ENSG00000272150.5	NBPF25P	chr1	145572345	145607858	3	3	3
ENSG00000117262.19	GPR89A	chr1	145607988	145670650	3	3	3
ENSG00000174827.14	PDZK1	chr1	145670852	145708148	3	3	3
ENSG00000117281.16	CD160	chr1	145719471	145739288	3	3	3
ENSG00000265491.5	RNF115	chr1	145738868	145824095	3	3	3
ENSG00000186141.9	POLR3C	chr1	145824088	145844402	3	3	3
ENSG00000186364.12	NUDT17	chr1	145845630	145848954	3	3	3
ENSG00000131788.16	PIAS3	chr1	145848522	145859836	3	3	3
ENSG00000278549.1	MIR6736	chr1	145850587	145850645	3	3	3
ENSG00000198483.13	ANKRD35	chr1	145866560	145885866	3	3	3
ENSG00000143127.13	ITGA10	chr1	145891208	145910111	3	3	3
ENSG00000244619.2	AC243547.1	chr1	145892847	145893483	3	3	3
ENSG00000131779.11	PEX11B	chr1	145911350	145918717	3	3	3
ENSG00000265241.7	RBM8A	chr1	145917714	145927678	3	3	3
ENSG00000211451.12	GNRHR2	chr1	145919013	145925341	3	3	3
ENSG00000234222.6	LIX1L-AS1	chr1	145926590	145959179	3	3	3
ENSG00000280778.1	AC243547.3	chr1	145927258	145977811	3	3	3
ENSG00000271601.4	LIX1L	chr1	145933423	145958017	3	3	3
ENSG00000272031.3	ANKRD34A	chr1	145959441	145964575	3	3	3
ENSG00000278431.1	AC243547.2	chr1	145961388	145964422	3	3	3
ENSG00000121851.13	POLR3GL	chr1	145964690	145978848	3	3	3
ENSG00000265972.6	TXNIP	chr1	145992435	145996579	3	3	3
ENSG00000168509.20	HJV	chr1	146017468	146036746	3	3	3
ENSG00000287190.1	AC239799.2	chr1	146050441	146052244	3	3	3
ENSG00000201558.1	RNVU1-6	chr1	146052081	146052244	3	3	3
ENSG00000233396.8	LINC01719	chr1	146052566	146061948	3	3	3
ENSG00000271425.9	NBPF10	chr1	146064711	146229000	3	3	3
ENSG00000264343.6	NOTCH2NLA	chr1	146146203	146229026	3	3	3
ENSG00000276509.1	AC239799.1	chr1	146235806	146237807	3	3	3
ENSG00000201789.1	RNU6-1071P	chr1	146288596	146288696	3	3	3
ENSG00000271121.2	NUDT4P2	chr1	146298170	146298715	3	3	3
ENSG00000277406.2	SEC22B4P	chr1	146321214	146401647	3	3	3
ENSG00000270339.3	PPIAL4H	chr1	146344131	146344790	3	3	3
ENSG00000273768.1	RNVU1-29	chr1	146376807	146376970	3	3	3
ENSG00000287978.1	AC245407.2	chr1	146387202	146388092	3	3	3
ENSG00000274428.1	RNVU1-25	chr1	146409903	146410062	3	3	3
ENSG00000277655.1	AC245407.1	chr1	146459449	146461859	3	3	3
ENSG00000276975.3	HYDIN2	chr1	146472566	146914294	3	3	3
ENSG00000274408.1	RNA5SP536	chr1	146539541	146539663	3	3	3
ENSG00000274450.1	AC241929.1	chr1	146862729	146862845	3	3	3
ENSG00000268043.7	NBPF12	chr1	146938744	146996202	3	3	3
ENSG00000244371.2	PFN1P8	chr1	146957117	146957659	3	3	3
ENSG00000234225.2	AC244394.3	chr1	147001931	147003618	3	3	3
ENSG00000227242.4	AC244394.2	chr1	147019656	147056593	3	3	3
ENSG00000225603.3	AC244394.1	chr1	147050817	147052481	3	3	3
ENSG00000201142.1	RNU1-151P	chr1	147079746	147079870	3	3	3
ENSG00000230832.3	SSBL4P	chr1	147082338	147083578	3	3	3
ENSG00000286172.1	RNVU1-8	chr1	147084616	147084756	3	3	3
ENSG00000283342.1	NBPF13P	chr1	147099482	147124285	3	3	3
ENSG00000131791.8	PRKAB2	chr1	147155106	147172550	3	3	3
ENSG00000180867.11	PDIA3P1	chr1	147172744	147179622	3	3	3
ENSG00000237188.5	AC242426.2	chr1	147172755	147295734	3	3	3
ENSG00000131781.13	FMO5	chr1	147175351	147243050	3	3	3
ENSG00000226015.2	CCT8P1	chr1	147203276	147204932	3	3	3
ENSG00000236806.1	RPL7AP15	chr1	147223554	147224348	3	3	3
ENSG00000131778.19	CHD1L	chr1	147242654	147295765	3	3	3
ENSG00000278811.4	LINC00624	chr1	147258885	147517875	3	3	3
ENSG00000213226.4	AC242426.1	chr1	147319110	147320224	3	3	3
ENSG00000226653.3	OR13Z1P	chr1	147419053	147419900	3	3	3
ENSG00000207209.1	Y_RNA	chr1	147420199	147420300	3	3	3
ENSG00000272443.1	OR13Z2P	chr1	147445579	147446133	3	3	3
ENSG00000272480.1	OR13Z3P	chr1	147482238	147482628	3	3	3
ENSG00000116128.11	BCL9	chr1	147541501	147626216	3	3	3
ENSG00000288626.1	AC242628.1	chr1	147611590	147611796	3	3	3
ENSG00000162836.12	ACP6	chr1	147629652	147670524	3	3	3
ENSG00000277762.1	RN7SL261P	chr1	147689256	147689537	3	3	3
ENSG00000227139.1	AC241644.1	chr1	147697794	147699335	3	3	3
ENSG00000265107.3	GJA5	chr1	147756199	147773362	3	3	3
ENSG00000274415.1	AC241644.3	chr1	147757185	147758434	3	3	3
ENSG00000234190.1	AC241644.2	chr1	147777590	147788953	3	3	3
ENSG00000223728.3	AC239801.1	chr1	147840962	147842359	3	3	3
ENSG00000121634.6	GJA8	chr1	147902795	147909269	3	3	3
ENSG00000188092.15	GPR89B	chr1	147928393	147993592	3	3	3
ENSG00000215859.9	PDZK1P1	chr1	147993862	148014956	3	3	3
ENSG00000273059.1	AC239803.1	chr1	148011799	148012228	3	3	3
ENSG00000274372.5	LINC02804	chr1	148013203	148025934	3	3	3
ENSG00000206791.1	RNU1-129P	chr1	148014417	148014583	3	3	3
ENSG00000206585.1	RNVU1-7	chr1	148038753	148038916	3	3	3
ENSG00000229828.2	PDE4DIPP1	chr1	148080598	148093883	3	3	3
ENSG00000263956.6	NBPF11	chr1	148102046	148152322	3	3	3
ENSG00000225080.1	PFN1P4	chr1	148129497	148129898	3	3	3
ENSG00000198658.4	ABHD17AP1	chr1	148146395	148149566	3	3	3
ENSG00000232265.8	LINC02805	chr1	148156139	148186980	3	3	3
ENSG00000227733.10	AC239809.3	chr1	148159213	148255012	3	3	3
ENSG00000238765.1	RNA5SP57	chr1	148193716	148193838	3	3	3
ENSG00000224335.2	AC239809.1	chr1	148234273	148234489	3	3	3
ENSG00000227700.1	AC239809.2	chr1	148246169	148246685	3	3	3
ENSG00000199879.1	RNVU1-22	chr1	148263476	148263632	3	3	3
ENSG00000234283.1	LINC01731	chr1	148271884	148280749	3	3	3
ENSG00000228626.1	AC245100.3	chr1	148288001	148288951	3	3	3
ENSG00000274020.4	LINC01138	chr1	148290889	148519604	3	3	3
ENSG00000238107.1	LINC02806	chr1	148295180	148297556	3	3	3
ENSG00000224481.3	AC245100.1	chr1	148295895	148344638	3	3	3
ENSG00000235988.1	AC245100.5	chr1	148317683	148318013	3	3	3
ENSG00000252744.1	Y_RNA	chr1	148330271	148330394	3	3	3
ENSG00000283676.1	MIR5087	chr1	148334479	148334554	3	3	3
ENSG00000202408.2	RNVU1-21	chr1	148334612	148334767	3	3	3
ENSG00000272824.1	AC245100.6	chr1	148358245	148358686	3	3	3
ENSG00000207340.1	RNVU1-1	chr1	148362370	148362533	3	3	3
ENSG00000252135.1	RNU1-155P	chr1	148385829	148385963	3	3	3
ENSG00000278596.1	MIR6077	chr1	148388282	148388363	3	3	3
ENSG00000238825.1	RNVU1-2	chr1	148388490	148388651	3	3	3
ENSG00000231551.8	AC245100.4	chr1	148402516	148432545	3	3	3
ENSG00000201183.1	RNVU1-3	chr1	148402715	148402875	3	3	3
ENSG00000225871.2	AC245100.2	chr1	148435105	148436926	3	3	3
ENSG00000285062.1	AC245100.8	chr1	148458643	148459689	3	3	3
ENSG00000280649.2	AC245100.7	chr1	148458814	148459871	3	3	3
ENSG00000236334.3	PPIAL4G	chr1	148482548	148483302	3	3	3
ENSG00000274210.1	RNVU1-27	chr1	148522601	148522765	3	3	3
ENSG00000270629.6	NBPF14	chr1	148531385	148679742	3	3	3
ENSG00000286019.1	NOTCH2NLB	chr1	148607040	148679779	3	3	3
ENSG00000252515.2	RNU6-1171P	chr1	148739379	148739479	3	3	3
ENSG00000177144.7	NUDT4B	chr1	148748894	148750099	3	3	3
ENSG00000275140.1	SEC22B3P	chr1	148772640	148784594	3	3	3
ENSG00000271546.1	AC245389.1	chr1	148795797	148796325	3	3	3
ENSG00000178104.19	PDE4DIP	chr1	148808181	149048286	3	3	3
ENSG00000252656.1	RN7SKP88	chr1	148839483	148839732	3	3	3
ENSG00000222788.1	RNU2-38P	chr1	148939739	148939817	3	3	3
ENSG00000254913.1	AC239802.1	chr1	149006309	149009527	3	3	3
ENSG00000255148.2	AC239802.2	chr1	149018671	149026269	3	3	3
ENSG00000254539.1	AC239804.1	chr1	149048576	149051273	3	3	3
ENSG00000269713.7	NBPF9	chr1	149054027	149103561	3	3	3
ENSG00000274019.1	AC239804.2	chr1	149111304	149121866	3	3	3
ENSG00000201699.1	RNVU1-24	chr1	149162783	149162944	3	3	3
ENSG00000274265.5	AC245297.3	chr1	149175748	149259987	3	3	3
ENSG00000215861.6	AC245297.1	chr1	149197992	149321732	3	3	3
ENSG00000272755.1	AC245297.2	chr1	149264252	149264816	3	3	3
ENSG00000273591.1	7SK	chr1	149290513	149290762	3	3	3
ENSG00000274423.1	SEC22B2P	chr1	149345661	149357612	3	3	3
ENSG00000286219.1	NOTCH2NLC	chr1	149390614	149468030	3	3	3
ENSG00000286185.1	AC242842.3	chr1	149390623	149556361	3	3	3
ENSG00000271383.7	NBPF19	chr1	149475338	149556361	3	3	3
ENSG00000263464.2	PPIAL4C	chr1	149583865	149584464	3	3	3
ENSG00000277147.6	LINC00869	chr1	149606334	149705716	3	3	3
ENSG00000284964.1	AC242842.2	chr1	149607467	149608516	3	3	3
ENSG00000275557.1	AC242842.1	chr1	149607765	149612402	3	3	3
ENSG00000206828.1	RNVU1-30	chr1	149636766	149636929	3	3	3
ENSG00000284842.1	FAM91A2P	chr1	149675205	149677740	3	3	3
ENSG00000234232.7	AC243772.3	chr1	149676851	149747818	3	3	3
ENSG00000275229.1	RNU1-68P	chr1	149700151	149700296	3	3	3
ENSG00000226500.2	AC243772.1	chr1	149754301	149754710	3	3	3
ENSG00000150337.13	FCGR1A	chr1	149782671	149792518	3	3	3
ENSG00000203814.6	H2BC18	chr1	149782689	149812373	3	3	3
ENSG00000233030.2	AC243772.2	chr1	149785659	149793020	3	3	3
ENSG00000183598.4	H3C13	chr1	149813225	149813693	3	3	3
ENSG00000270882.2	H4C14	chr1	149832659	149839767	3	3	3
ENSG00000203811.1	H3C14	chr1	149839538	149841193	3	3	3
ENSG00000203812.2	H2AC18	chr1	149842188	149842736	3	3	3
ENSG00000220323.4	H2BC19P	chr1	149842875	149846486	3	3	3
ENSG00000261716.2	H2BC20P	chr1	149844498	149850937	3	3	3
ENSG00000272196.2	H2AC19	chr1	149851061	149851624	3	3	3
ENSG00000203852.3	H3C15	chr1	149852619	149854274	3	3	3
ENSG00000270276.2	H4C15	chr1	149854045	149861210	3	3	3
ENSG00000264207.1	AC239868.1	chr1	149861271	149862504	3	3	3
ENSG00000184678.10	H2BC21	chr1	149884459	149886652	3	3	3
ENSG00000184260.6	H2AC20	chr1	149886918	149887411	3	3	3
ENSG00000184270.6	H2AC21	chr1	149887469	149887965	3	3	3
ENSG00000178096.9	BOLA1	chr1	149887890	149900798	3	3	3
ENSG00000159164.10	SV2A	chr1	149903318	149917844	3	3	7
ENSG00000143368.10	SF3B4	chr1	149923317	149927803	7	7	7
ENSG00000014914.21	MTMR11	chr1	149928651	149936879	7	7	7
ENSG00000264522.6	OTUD7B	chr1	149937812	150010726	7	7	7
ENSG00000285184.3	AC244033.2	chr1	150045660	150067701	7	7	7
ENSG00000223945.2	AC244033.1	chr1	150053864	150055034	7	7	7
ENSG00000136631.15	VPS45	chr1	150067279	150145329	7	7	7
ENSG00000023902.14	PLEKHO1	chr1	150149183	150164720	7	7	7
ENSG00000285554.1	AC242988.2	chr1	150173049	150181429	7	7	7
ENSG00000266187.2	RN7SL480P	chr1	150211632	150211925	7	7	7
ENSG00000143401.15	ANP32E	chr1	150218417	150236156	7	7	7
ENSG00000222222.1	RNU2-17P	chr1	150236967	150237156	7	7	7
ENSG00000276110.1	AC242988.1	chr1	150255095	150257286	7	7	7
ENSG00000118298.12	CA14	chr1	150257251	150265078	7	7	7
ENSG00000117362.13	APH1A	chr1	150265399	150269580	7	7	7
ENSG00000118292.9	C1orf54	chr1	150268200	150280916	7	7	7
ENSG00000159208.16	CIART	chr1	150282543	150287093	7	7	7
ENSG00000266472.6	MRPS21	chr1	150293861	150308979	7	7	7
ENSG00000117360.13	PRPF3	chr1	150321479	150353233	7	7	7
ENSG00000163125.15	RPRD2	chr1	150363091	150476566	7	7	7
ENSG00000143374.17	TARS2	chr1	150487364	150507609	7	7	7
ENSG00000283933.1	MIR6878	chr1	150492345	150492410	7	7	7
ENSG00000143369.15	ECM1	chr1	150508062	150513789	7	7	7
ENSG00000228126.1	FALEC	chr1	150515757	150518032	7	7	7
ENSG00000237781.3	ADAMTSL4-AS2	chr1	150548562	150557724	7	7	7
ENSG00000143382.15	ADAMTSL4	chr1	150549369	150560937	7	7	7
ENSG00000264553.1	MIR4257	chr1	150551929	150552014	7	7	7
ENSG00000203804.5	ADAMTSL4-AS1	chr1	150560202	150562115	7	7	7
ENSG00000143384.14	MCL1	chr1	150560895	150579738	7	7	7
ENSG00000277452.1	RN7SL473P	chr1	150566562	150566860	7	7	7
ENSG00000274963.1	RN7SL600P	chr1	150568971	150569269	7	7	7
ENSG00000253047.1	AL356356.1	chr1	150600539	150600659	7	7	7
ENSG00000143420.19	ENSA	chr1	150600851	150629612	7	7	7
ENSG00000276103.1	U4	chr1	150608507	150608623	7	7	7
ENSG00000143457.11	GOLPH3L	chr1	150646230	150697154	7	7	7
ENSG00000143452.16	HORMAD1	chr1	150698060	150720895	7	7	7
ENSG00000206931.1	RNU6-1042P	chr1	150701866	150701972	7	7	7
ENSG00000163131.11	CTSS	chr1	150730188	150765792	7	7	7
ENSG00000236713.1	AL356292.1	chr1	150780272	150780644	7	7	7
ENSG00000143387.14	CTSK	chr1	150794880	150809577	7	7	7
ENSG00000224690.2	UBE2D3P3	chr1	150800473	150801031	7	7	7
ENSG00000143437.21	ARNT	chr1	150809713	150876708	7	7	7
ENSG00000200175.1	RNU6-1309P	chr1	150812591	150812698	7	7	7
ENSG00000224800.1	RPS27AP6	chr1	150881236	150881683	7	7	7
ENSG00000283324.1	CTXND2	chr1	150887136	150913292	7	7	7
ENSG00000229357.1	CYCSP51	chr1	150903896	150904213	7	7	7
ENSG00000143379.12	SETDB1	chr1	150926263	150964744	7	7	7
ENSG00000143418.20	CERS2	chr1	150960583	150975003	7	7	7
ENSG00000259357.2	AL590133.2	chr1	150965245	150966256	7	7	7
ENSG00000231073.1	AL590133.1	chr1	150973123	150975534	7	7	7
ENSG00000143412.10	ANXA9	chr1	150982249	150995634	7	7	7
ENSG00000143409.15	MINDY1	chr1	150996086	151008375	7	7	7
ENSG00000143363.17	PRUNE1	chr1	151008420	151035713	7	7	7
ENSG00000200759.1	RNU6-884P	chr1	151022746	151022852	7	7	7
ENSG00000163141.20	BNIPL	chr1	151036321	151047720	7	7	7
ENSG00000143443.10	C1orf56	chr1	151047751	151051986	7	7	7
ENSG00000197622.13	CDC42SE1	chr1	151050971	151070325	7	7	7
ENSG00000213190.4	MLLT11	chr1	151060397	151069544	7	7	7
ENSG00000143458.12	GABPB2	chr1	151070578	151125542	7	7	7
ENSG00000233717.1	RPS29P29	chr1	151111912	151112728	7	7	7
ENSG00000261168.1	AL592424.1	chr1	151130075	151131610	7	7	7
ENSG00000143434.16	SEMA6C	chr1	151131685	151146664	7	7	7
ENSG00000163154.6	TNFAIP8L2	chr1	151156649	151159749	7	7	7
ENSG00000163156.12	SCNM1	chr1	151156664	151170296	7	7	7
ENSG00000163155.12	LYSMD1	chr1	151159748	151165948	7	7	7
ENSG00000163157.15	TMOD4	chr1	151169986	151176284	7	7	7
ENSG00000163159.14	VPS72	chr1	151176304	151195321	7	7	7
ENSG00000143398.20	PIP5K1A	chr1	151197949	151249536	7	7	7
ENSG00000159352.16	PSMD4	chr1	151254709	151267479	7	7	7
ENSG00000232671.6	ZNF687-AS1	chr1	151279678	151281950	7	7	7
ENSG00000143373.18	ZNF687	chr1	151281618	151292176	7	7	7
ENSG00000143393.16	PI4KB	chr1	151291797	151327715	7	7	7
ENSG00000265753.2	RN7SL444P	chr1	151300665	151300964	7	7	7
ENSG00000273481.1	AL391069.2	chr1	151327949	151328429	7	7	7
ENSG00000143390.18	RFX5	chr1	151340640	151347326	7	7	7
ENSG00000224645.1	AL391069.1	chr1	151340648	151341966	7	7	7
ENSG00000237976.1	RFX5-AS1	chr1	151346967	151348027	7	7	7
ENSG00000143416.21	SELENBP1	chr1	151364304	151372707	7	7	7
ENSG00000159377.11	PSMB4	chr1	151399560	151401937	7	7	7
ENSG00000143442.22	POGZ	chr1	151402724	151459494	7	7	7
ENSG00000238711.1	RNY4P25	chr1	151439000	151439095	7	7	7
ENSG00000143375.15	CGN	chr1	151510510	151538692	7	7	7
ENSG00000252840.1	AL365436.3	chr1	151527831	151527938	7	7	7
ENSG00000143367.16	TUFT1	chr1	151540305	151583583	7	7	7
ENSG00000232536.1	AL365436.2	chr1	151540516	151561855	7	7	7
ENSG00000207606.1	MIR554	chr1	151545796	151545891	7	7	7
ENSG00000223861.1	AL365436.1	chr1	151557446	151557940	7	7	7
ENSG00000143376.14	SNX27	chr1	151612006	151699091	7	7	7
ENSG00000250734.2	AL391335.1	chr1	151612038	151613363	7	7	7
ENSG00000206635.1	RNU6-1062P	chr1	151629324	151629430	7	7	7
ENSG00000159409.15	CELF3	chr1	151700058	151716803	7	7	7
ENSG00000227045.1	AL589765.1	chr1	151701026	151708386	7	7	7
ENSG00000178796.13	RIIAD1	chr1	151710433	151729805	7	7	7
ENSG00000206980.1	RNU6-662P	chr1	151747597	151747700	7	7	7
ENSG00000269621.1	AL589765.7	chr1	151755541	151759911	7	7	7
ENSG00000236940.1	AL589765.3	chr1	151757659	151758442	7	7	7
ENSG00000143436.11	MRPL9	chr1	151759647	151763496	7	7	7
ENSG00000143450.18	OAZ3	chr1	151762899	151771334	7	7	7
ENSG00000249602.1	AL589765.4	chr1	151763384	151769501	7	7	7
ENSG00000232937.1	AL589765.2	chr1	151765709	151766389	7	7	7
ENSG00000268288.1	AL589765.5	chr1	151766486	151767000	7	7	7
ENSG00000182134.16	TDRKH	chr1	151770107	151791416	7	7	7
ENSG00000203288.4	TDRKH-AS1	chr1	151790804	151794402	7	7	7
ENSG00000269489.1	AL589765.6	chr1	151798054	151798602	7	7	7
ENSG00000213171.3	LINGO4	chr1	151800264	151805419	7	7	7
ENSG00000143365.19	RORC	chr1	151806071	151831845	7	7	7
ENSG00000225556.1	C2CD4D	chr1	151837819	151840557	7	7	7
ENSG00000201134.1	Y_RNA	chr1	151841736	151841837	7	7	7
ENSG00000234614.1	C2CD4D-AS1	chr1	151841877	151850385	7	7	7
ENSG00000196407.12	THEM5	chr1	151847101	151853712	7	7	7
ENSG00000159445.13	THEM4	chr1	151870866	151909637	7	7	7
ENSG00000285651.1	AL450992.2	chr1	151885251	151899333	7	7	7
ENSG00000286581.1	AL450992.3	chr1	151944890	151953985	7	7	7
ENSG00000223810.2	KRT8P28	chr1	151949523	151950912	7	7	7
ENSG00000197747.9	S100A10	chr1	151982915	151993859	7	7	7
ENSG00000229021.2	AL450992.1	chr1	151994531	152042774	7	7	7
ENSG00000240667.1	NBPF18P	chr1	152018662	152022508	7	7	7
ENSG00000163191.6	S100A11	chr1	152032506	152047907	7	7	7
ENSG00000232678.2	SPTLC1P4	chr1	152077952	152078211	7	7	7
ENSG00000285818.1	AL591893.1	chr1	152079557	152080903	7	7	7
ENSG00000182898.4	TCHHL1	chr1	152084141	152089064	7	7	7
ENSG00000159450.12	TCHH	chr1	152106317	152115454	7	7	7
ENSG00000226716.1	AL589986.1	chr1	152122534	152125065	7	7	7
ENSG00000233792.3	PUDPP2	chr1	152124016	152196699	7	7	7
ENSG00000215853.3	RPTN	chr1	152153595	152159228	7	7	7
ENSG00000237975.7	FLG-AS1	chr1	152168125	152445456	7	7	7
ENSG00000236427.1	AL589986.2	chr1	152205858	152207057	7	7	7
ENSG00000197915.7	HRNR	chr1	152212076	152224193	7	7	7
ENSG00000143631.11	FLG	chr1	152302165	152325239	7	7	7
ENSG00000143520.6	FLG2	chr1	152348735	152360006	7	7	7
ENSG00000183586.8	HMGN3P1	chr1	152399577	152399769	7	7	7
ENSG00000143536.7	CRNN	chr1	152409243	152414263	7	7	7
ENSG00000186207.5	LCE5A	chr1	152510803	152512177	7	7	7
ENSG00000169509.6	CRCT1	chr1	152514482	152516008	7	7	7
ENSG00000185966.4	LCE3E	chr1	152565654	152566780	7	7	7
ENSG00000163202.5	LCE3D	chr1	152579381	152580516	7	7	7
ENSG00000244057.4	LCE3C	chr1	152600662	152601086	7	7	7
ENSG00000187238.5	LCE3B	chr1	152613811	152614098	7	7	7
ENSG00000185962.1	LCE3A	chr1	152622834	152623103	7	7	7
ENSG00000226947.1	LCEP4	chr1	152644393	152644717	7	7	7
ENSG00000285753.1	LCEP3	chr1	152656332	152656501	7	7	7
ENSG00000187223.4	LCE2D	chr1	152663380	152664659	7	7	7
ENSG00000187180.3	LCE2C	chr1	152675295	152676574	7	7	7
ENSG00000159455.9	LCE2B	chr1	152686123	152687397	7	7	7
ENSG00000187173.4	LCE2A	chr1	152698345	152699442	7	7	7
ENSG00000187170.5	LCE4A	chr1	152708160	152709491	7	7	7
ENSG00000198854.5	C1orf68	chr1	152719522	152720470	7	7	7
ENSG00000229713.1	LCEP2	chr1	152737518	152737868	7	7	7
ENSG00000233819.1	LCEP1	chr1	152744299	152744606	7	7	7
ENSG00000203786.6	KPRP	chr1	152759561	152762052	7	7	7
ENSG00000240386.3	LCE1F	chr1	152776372	152776728	7	7	7
ENSG00000186226.9	LCE1E	chr1	152786214	152788426	7	7	7
ENSG00000172155.10	LCE1D	chr1	152796721	152798181	7	7	7
ENSG00000197084.5	LCE1C	chr1	152804835	152806628	7	7	7
ENSG00000196734.9	LCE1B	chr1	152811971	152813108	7	7	7
ENSG00000186844.6	LCE1A	chr1	152827473	152828097	7	7	7
ENSG00000235942.3	LCE6A	chr1	152842856	152843983	7	7	7
ENSG00000285946.1	AL162596.1	chr1	152859996	152860985	7	7	7
ENSG00000163206.6	SMCP	chr1	152878322	152885047	7	7	7
ENSG00000163207.7	IVL	chr1	152908546	152911886	7	7	7
ENSG00000224308.1	LINC01527	chr1	152930040	152949210	7	7	7
ENSG00000283227.1	SPRR5	chr1	152947154	152949258	7	7	7
ENSG00000184148.4	SPRR4	chr1	152970648	152972574	7	7	7
ENSG00000169474.4	SPRR1A	chr1	152985231	152985500	7	7	7
ENSG00000163209.15	SPRR3	chr1	153001747	153003856	7	7	7
ENSG00000252920.1	AL356867.2	chr1	153012482	153012614	7	7	7
ENSG00000234262.1	AL356867.1	chr1	153023962	153024260	7	7	7
ENSG00000169469.9	SPRR1B	chr1	153031203	153032900	7	7	7
ENSG00000163216.7	SPRR2D	chr1	153039732	153041931	7	7	7
ENSG00000241794.2	SPRR2A	chr1	153056120	153057512	7	7	7
ENSG00000196805.7	SPRR2B	chr1	153070224	153070840	7	7	7
ENSG00000203785.9	SPRR2E	chr1	153093135	153106184	7	7	7
ENSG00000244094.2	SPRR2F	chr1	153112121	153113516	7	7	7
ENSG00000229035.2	SPRR2C	chr1	153140491	153140709	7	7	7
ENSG00000159516.9	SPRR2G	chr1	153149582	153150890	7	7	7
ENSG00000229699.1	AL161636.1	chr1	153174518	153191676	7	7	7
ENSG00000203784.3	LELP1	chr1	153203430	153205120	7	7	7
ENSG00000203783.5	PRR9	chr1	153217584	153219310	7	7	7
ENSG00000230779.1	AL161636.2	chr1	153225080	153226006	7	7	7
ENSG00000203782.6	LORICRIN	chr1	153259687	153262124	7	7	7
ENSG00000159527.3	PGLYRP3	chr1	153297862	153310718	7	7	7
ENSG00000163218.15	PGLYRP4	chr1	153330120	153348841	7	7	7
ENSG00000207321.1	RNU6-160P	chr1	153331622	153331728	7	7	7
ENSG00000163220.11	S100A9	chr1	153357854	153361023	7	7	7
ENSG00000163221.9	S100A12	chr1	153373711	153375621	7	7	7
ENSG00000237008.2	LAPTM4BP1	chr1	153379821	153380799	7	7	7
ENSG00000143546.10	S100A8	chr1	153390032	153391073	7	7	7
ENSG00000224784.2	S100A15A	chr1	153396591	153396771	7	7	7
ENSG00000184330.12	S100A7A	chr1	153416520	153423222	7	7	7
ENSG00000203781.4	S100A7P1	chr1	153427020	153428401	7	7	7
ENSG00000197364.7	S100A7L2	chr1	153437058	153439949	7	7	7
ENSG00000143556.9	S100A7	chr1	153457744	153460651	7	7	7
ENSG00000263841.2	RN7SL44P	chr1	153500463	153500764	7	7	7
ENSG00000238279.1	BX470102.1	chr1	153533603	153535115	7	7	7
ENSG00000197956.10	S100A6	chr1	153534599	153536244	7	7	7
ENSG00000196420.7	S100A5	chr1	153537147	153541765	7	7	7
ENSG00000196154.12	S100A4	chr1	153543613	153550136	7	7	7
ENSG00000188015.10	S100A3	chr1	153547329	153549258	7	7	7
ENSG00000196754.13	S100A2	chr1	153561108	153567890	7	7	7
ENSG00000285867.1	BX470102.2	chr1	153586813	153606283	7	7	7
ENSG00000188643.11	S100A16	chr1	153606886	153613145	7	7	7
ENSG00000189334.9	S100A14	chr1	153614255	153616986	7	7	7
ENSG00000189171.14	S100A13	chr1	153618787	153631360	7	7	7
ENSG00000271853.5	AL162258.1	chr1	153626332	153634340	7	7	7
ENSG00000160678.12	S100A1	chr1	153627926	153632039	7	7	7
ENSG00000272030.1	AL162258.2	chr1	153631438	153634397	7	7	7
ENSG00000160679.13	CHTOP	chr1	153633982	153646306	7	7	7
ENSG00000143553.11	SNAPIN	chr1	153658703	153661852	7	7	7
ENSG00000143621.17	ILF2	chr1	153661788	153671028	7	7	7
ENSG00000169418.10	NPR1	chr1	153678688	153693992	7	7	7
ENSG00000274940.1	MIR8083	chr1	153689705	153689793	7	7	7
ENSG00000242565.3	RN7SL372P	chr1	153704088	153704385	7	7	7
ENSG00000235015.1	GEMIN2P1	chr1	153717303	153718347	7	7	7
ENSG00000199565.1	Y_RNA	chr1	153726252	153726353	7	7	7
ENSG00000143624.14	INTS3	chr1	153728050	153774808	7	7	7
ENSG00000243613.1	AL513523.4	chr1	153746851	153751227	7	7	7
ENSG00000233222.2	AL513523.3	chr1	153750983	153752176	7	7	7
ENSG00000143554.14	SLC27A3	chr1	153774354	153780157	7	7	7
ENSG00000207039.1	Y_RNA	chr1	153785720	153785821	7	7	7
ENSG00000143614.10	GATAD2B	chr1	153789030	153923360	7	7	7
ENSG00000231827.3	AL513523.2	chr1	153793947	153802091	7	7	7
ENSG00000223599.1	AL513523.1	chr1	153852106	153853414	7	7	7
ENSG00000236327.2	AL831737.1	chr1	153890595	153890865	7	7	7
ENSG00000284738.1	AL358472.5	chr1	153923337	153935240	7	7	7
ENSG00000198837.10	DENND4B	chr1	153929501	153946718	7	7	7
ENSG00000160741.17	CRTC2	chr1	153947669	153958615	7	7	7
ENSG00000143570.19	SLC39A1	chr1	153959099	153968184	7	7	7
ENSG00000285779.1	AL358472.7	chr1	153959151	153975887	7	7	7
ENSG00000276584.1	MIR6737	chr1	153962351	153962420	7	7	7
ENSG00000282386.1	AL358472.4	chr1	153964361	153965070	7	7	7
ENSG00000273026.1	AL358472.3	chr1	153966516	153966930	7	7	7
ENSG00000143578.16	CREB3L4	chr1	153967534	153974361	7	7	7
ENSG00000143543.15	JTB	chr1	153974269	153977674	7	7	7
ENSG00000285641.1	AL358472.6	chr1	153975850	153986246	7	7	7
ENSG00000272654.1	AL358472.2	chr1	153977743	153979160	7	7	7
ENSG00000143545.10	RAB13	chr1	153981617	153986358	7	7	7
ENSG00000177954.14	RPS27	chr1	153990762	153992155	7	7	7
ENSG00000143552.9	NUP210L	chr1	153992685	154155116	7	7	7
ENSG00000231416.1	AL358472.1	chr1	153995632	153995960	7	7	7
ENSG00000200220.1	RNU6-179P	chr1	154039916	154040022	7	7	7
ENSG00000231837.2	RPS7P2	chr1	154078866	154079963	7	7	7
ENSG00000263987.1	MIR5698	chr1	154104521	154104592	7	7	7
ENSG00000143549.21	TPM3	chr1	154155304	154194648	7	7	7
ENSG00000264384.2	RN7SL431P	chr1	154166245	154166549	7	7	7
ENSG00000215938.3	MIR190B	chr1	154193665	154193743	7	7	7
ENSG00000163263.7	C1orf189	chr1	154199085	154206333	7	7	7
ENSG00000143612.21	C1orf43	chr1	154206696	154220637	7	7	7
ENSG00000143569.19	UBAP2L	chr1	154220179	154271510	7	7	7
ENSG00000201129.1	SNORA58B	chr1	154259727	154259862	7	7	7
ENSG00000143575.15	HAX1	chr1	154272589	154275875	7	7	7
ENSG00000252682.1	AL354980.1	chr1	154288460	154288527	7	7	7
ENSG00000212292.1	RNU6-239P	chr1	154295503	154295601	7	7	7
ENSG00000222457.1	RNU6-121P	chr1	154297650	154297748	7	7	7
ENSG00000278694.1	AL354980.2	chr1	154312462	154313084	7	7	7
ENSG00000143595.13	AQP10	chr1	154321090	154325325	7	7	7
ENSG00000143515.19	ATP8B2	chr1	154325525	154351304	7	7	7
ENSG00000238365.3	RNU7-57P	chr1	154338743	154338802	7	7	7
ENSG00000237920.2	AL162591.1	chr1	154376966	154379273	7	7	7
ENSG00000226855.1	RPSAP17	chr1	154378207	154379089	7	7	7
ENSG00000228013.1	IL6R-AS1	chr1	154402328	154406564	7	7	7
ENSG00000160712.13	IL6R	chr1	154405193	154469450	7	7	7
ENSG00000228264.1	PSMD8P1	chr1	154414369	154415137	7	7	7
ENSG00000169291.10	SHE	chr1	154469772	154502412	7	7	7
ENSG00000273110.1	AL162591.2	chr1	154480012	154481501	7	7	7
ENSG00000163239.12	TDRD10	chr1	154502219	154548147	7	7	7
ENSG00000160714.10	UBE2Q1	chr1	154548577	154559028	7	7	7
ENSG00000229780.1	UBE2Q1-AS1	chr1	154553609	154555017	7	7	7
ENSG00000286391.1	AL592078.2	chr1	154564855	154567748	7	7	7
ENSG00000160716.6	CHRNB2	chr1	154567778	154580013	7	7	7
ENSG00000233875.1	AL592078.1	chr1	154579065	154579663	7	7	7
ENSG00000160710.17	ADAR	chr1	154582057	154628013	7	7	7
ENSG00000287064.1	AL606500.1	chr1	154671593	154678345	7	7	7
ENSG00000143603.19	KCNN3	chr1	154697455	154870281	7	7	7
ENSG00000163344.6	PMVK	chr1	154924740	154936719	7	7	7
ENSG00000270361.1	AL451085.1	chr1	154937370	154938059	7	7	7
ENSG00000163346.17	PBXIP1	chr1	154944076	154956123	7	7	7
ENSG00000268154.2	Metazoa_SRP	chr1	154950210	154950492	7	7	7
ENSG00000163348.4	PYGO2	chr1	154957026	154963853	7	7	7
ENSG00000271380.1	AL451085.2	chr1	154961825	154962623	7	7	7
ENSG00000160691.19	SHC1	chr1	154962298	154974395	7	7	7
ENSG00000173207.13	CKS1B	chr1	154974653	154979251	7	7	7
ENSG00000264349.1	MIR4258	chr1	154975693	154975783	7	7	7
ENSG00000160688.19	FLAD1	chr1	154983338	154993111	7	7	7
ENSG00000163352.5	LENEP	chr1	154993586	154994315	7	7	7
ENSG00000160685.13	ZBTB7B	chr1	155002630	155018522	7	7	7
ENSG00000163354.15	DCST2	chr1	155018520	155033781	7	7	7
ENSG00000163357.11	DCST1	chr1	155033824	155050930	7	7	7
ENSG00000232093.1	DCST1-AS1	chr1	155045191	155046118	7	7	7
ENSG00000143537.14	ADAM15	chr1	155050566	155062775	7	7	7
ENSG00000243364.8	EFNA4	chr1	155063737	155069553	7	7	7
ENSG00000251246.1	AL691442.1	chr1	155063748	155086807	7	7	7
ENSG00000143590.14	EFNA3	chr1	155078837	155087538	7	7	7
ENSG00000202027.1	Y_RNA	chr1	155120490	155120598	7	7	7
ENSG00000169242.12	EFNA1	chr1	155127876	155134899	7	7	7
ENSG00000169241.19	SLC50A1	chr1	155135344	155138857	7	7	7
ENSG00000179085.8	DPM3	chr1	155139891	155140595	7	7	7
ENSG00000223452.3	HMGN2P18	chr1	155148544	155148813	7	7	7
ENSG00000163463.13	KRTCAP2	chr1	155169408	155173475	7	7	7
ENSG00000273088.2	AL713999.2	chr1	155169409	155187272	7	7	7
ENSG00000163462.18	TRIM46	chr1	155173787	155184971	7	7	7
ENSG00000185499.16	MUC1	chr1	155185824	155192916	7	7	7
ENSG00000231064.7	THBS3-AS1	chr1	155195004	155205495	7	7	7
ENSG00000284586.1	MIR92B	chr1	155195177	155195272	7	7	7
ENSG00000169231.13	THBS3	chr1	155195588	155209051	7	7	7
ENSG00000173171.14	MTX1	chr1	155208699	155213824	7	7	7
ENSG00000236263.1	AC234582.1	chr1	155211151	155213819	7	7	7
ENSG00000160766.14	GBAP1	chr1	155213821	155227422	7	7	7
ENSG00000236675.1	MTX1P1	chr1	155230975	155234325	7	7	7
ENSG00000177628.16	GBA	chr1	155234452	155244699	7	7	7
ENSG00000160767.21	FAM189B	chr1	155247205	155255483	7	7	7
ENSG00000116521.11	SCAMP3	chr1	155255979	155262430	7	7	7
ENSG00000176444.19	CLK2	chr1	155262868	155278491	7	7	7
ENSG00000143630.10	HCN3	chr1	155277463	155289848	7	7	7
ENSG00000143627.19	PKLR	chr1	155289293	155301438	7	7	7
ENSG00000160752.15	FDPS	chr1	155308748	155320666	7	7	7
ENSG00000225855.7	RUSC1-AS1	chr1	155316863	155324176	7	7	7
ENSG00000160753.16	RUSC1	chr1	155320894	155331114	7	7	7
ENSG00000116539.14	ASH1L	chr1	155335268	155563162	7	7	7
ENSG00000283701.1	MIR555	chr1	155346350	155346445	7	7	7
ENSG00000207134.1	RNU6-106P	chr1	155358712	155358818	7	7	7
ENSG00000227773.1	ASH1L-IT1	chr1	155396010	155396978	7	7	7
ENSG00000207144.1	RNU6-1297P	chr1	155419397	155419500	7	7	7
ENSG00000237872.4	POU5F1P4	chr1	155433178	155434262	7	7	7
ENSG00000235919.4	ASH1L-AS1	chr1	155562042	155563944	7	7	7
ENSG00000271267.1	AL353807.4	chr1	155566050	155566306	7	7	7
ENSG00000225082.2	DAP3P1	chr1	155586644	155602197	7	7	7
ENSG00000223503.1	AL353807.1	chr1	155590601	155591262	7	7	7
ENSG00000232519.2	AL353807.2	chr1	155609776	155610380	7	7	7
ENSG00000125459.17	MSTO1	chr1	155610205	155614951	7	7	7
ENSG00000246203.2	AL353807.3	chr1	155614726	155660245	7	7	7
ENSG00000287839.1	AL353807.5	chr1	155626757	155637604	7	7	7
ENSG00000163374.19	YY1AP1	chr1	155659443	155689000	7	7	7
ENSG00000132676.16	DAP3	chr1	155687960	155739010	7	7	7
ENSG00000227673.1	AL162734.1	chr1	155710098	155710563	7	7	7
ENSG00000203761.5	MSTO2P	chr1	155745829	155750137	7	7	7
ENSG00000116580.18	GON4L	chr1	155749662	155859400	7	7	7
ENSG00000234937.1	AL139128.1	chr1	155845367	155846624	7	7	7
ENSG00000132718.9	SYT11	chr1	155859567	155885199	7	7	7
ENSG00000283442.1	U4	chr1	155894281	155894386	7	7	7
ENSG00000143622.11	RIT1	chr1	155897808	155911404	7	7	7
ENSG00000132680.11	KHDC4	chr1	155913045	155934413	7	7	7
ENSG00000207475.1	SNORA80E	chr1	155919909	155920045	7	7	7
ENSG00000280466.1	SCARNA4	chr1	155925958	155926085	7	7	7
ENSG00000281394.1	SCARNA4	chr1	155925958	155926086	7	7	7
ENSG00000173080.6	RXFP4	chr1	155941638	155943087	7	7	7
ENSG00000116584.20	ARHGEF2	chr1	155946851	156007070	7	7	7
ENSG00000277817.1	MIR6738	chr1	155951273	155951336	7	7	7
ENSG00000273002.1	AL355388.1	chr1	155978799	155982986	7	7	7
ENSG00000224276.1	ARHGEF2-AS1	chr1	155991390	156001787	7	7	7
ENSG00000285677.2	AL355388.2	chr1	156001953	156033342	7	7	7
ENSG00000163479.14	SSR2	chr1	156009048	156020951	7	7	7
ENSG00000160803.8	UBQLN4	chr1	156035299	156053798	7	7	7
ENSG00000116586.12	LAMTOR2	chr1	156054782	156058506	7	7	7
ENSG00000132698.15	RAB25	chr1	156061160	156070504	7	7	7
ENSG00000254726.3	MEX3A	chr1	156072013	156082465	7	7	7
ENSG00000160789.22	LMNA	chr1	156082573	156140089	7	7	7
ENSG00000196189.13	SEMA4A	chr1	156147366	156177752	7	7	7
ENSG00000252236.1	AL135927.1	chr1	156192063	156192203	7	7	7
ENSG00000160785.13	SLC25A44	chr1	156193932	156212796	7	7	7
ENSG00000260238.6	PMF1-BGLAP	chr1	156212982	156243332	7	7	7
ENSG00000160783.19	PMF1	chr1	156212993	156240042	7	7	7
ENSG00000242252.2	BGLAP	chr1	156242184	156243317	7	7	7
ENSG00000160781.17	PAQR6	chr1	156243320	156248117	7	7	7
ENSG00000198952.8	SMG5	chr1	156249224	156282825	7	7	7
ENSG00000163472.19	TMEM79	chr1	156282935	156293185	7	7	7
ENSG00000198715.13	GLMP	chr1	156290089	156295689	7	7	7
ENSG00000189030.10	VHLL	chr1	156298624	156299307	7	7	7
ENSG00000163468.15	CCT3	chr1	156308968	156367873	7	7	7
ENSG00000163467.12	TSACC	chr1	156337314	156346995	7	7	7
ENSG00000132677.13	RHBG	chr1	156369211	156385219	7	7	7
ENSG00000237390.1	AL139130.1	chr1	156388226	156395609	7	7	7
ENSG00000125462.19	MIR9-1HG	chr1	156404250	156456763	7	7	7
ENSG00000207933.3	MIR9-1	chr1	156420341	156420429	7	7	7
ENSG00000116604.18	MEF2D	chr1	156463727	156500779	7	7	7
ENSG00000206651.1	Y_RNA	chr1	156484098	156484210	7	7	7
ENSG00000260460.1	AL365181.1	chr1	156509854	156511681	7	7	7
ENSG00000183856.11	IQGAP3	chr1	156525405	156572604	7	7	7
ENSG00000187862.12	TTC24	chr1	156579727	156586770	7	7	7
ENSG00000163382.12	NAXE	chr1	156591762	156594299	7	7	7
ENSG00000160818.17	GPATCH4	chr1	156594301	156601496	7	7	7
ENSG00000272971.1	AL365181.4	chr1	156614742	156615288	7	7	7
ENSG00000132702.13	HAPLN2	chr1	156619331	156625725	7	7	7
ENSG00000272068.1	AL365181.2	chr1	156637783	156641004	7	7	7
ENSG00000132692.19	BCAN	chr1	156641390	156659532	7	7	7
ENSG00000272405.1	AL365181.3	chr1	156641666	156644887	7	7	7
ENSG00000229953.1	AL590666.2	chr1	156646507	156661424	7	7	7
ENSG00000132688.11	NES	chr1	156668763	156677407	7	7	7
ENSG00000237588.2	AL590666.3	chr1	156687695	156691997	7	7	7
ENSG00000285570.1	AL590666.4	chr1	156689676	156704757	7	7	7
ENSG00000143320.9	CRABP2	chr1	156699606	156705816	7	7	7
ENSG00000223356.1	AL590666.1	chr1	156712212	156713174	7	7	7
ENSG00000143319.17	ISG20L2	chr1	156721891	156728766	7	7	7
ENSG00000143303.12	RRNAD1	chr1	156728442	156736960	7	7	7
ENSG00000143314.12	MRPL24	chr1	156737303	156741590	7	7	7
ENSG00000143321.19	HDGF	chr1	156742109	156766925	7	7	7
ENSG00000143294.15	PRCC	chr1	156750610	156800815	7	7	7
ENSG00000287624.1	AL590666.5	chr1	156768105	156769233	7	7	7
ENSG00000027869.12	SH2D2A	chr1	156806243	156816848	7	7	7
ENSG00000198400.12	NTRK1	chr1	156815640	156881850	7	7	7
ENSG00000027644.5	INSRR	chr1	156840063	156859117	7	7	7
ENSG00000187800.13	PEAR1	chr1	156893698	156916434	7	7	7
ENSG00000160838.14	LRRC71	chr1	156920632	156933094	7	7	7
ENSG00000132694.19	ARHGEF11	chr1	156934840	157045742	7	7	7
ENSG00000211581.1	MIR765	chr1	156936131	156936244	7	7	7
ENSG00000266160.2	RN7SL612P	chr1	156985755	156986049	7	7	7
ENSG00000237842.2	SMU1P1	chr1	157059232	157060762	7	7	7
ENSG00000224520.2	KRT8P45	chr1	157073257	157074703	7	7	7
ENSG00000253831.3	ETV3L	chr1	157092043	157112412	7	7	7
ENSG00000117036.12	ETV3	chr1	157121191	157138474	7	7	7
ENSG00000235700.1	CYCSP52	chr1	157128362	157128671	7	7	7
ENSG00000229961.3	AL357143.1	chr1	157171116	157191963	7	7	7
ENSG00000284592.2	AL357143.2	chr1	157204779	157205040	7	7	7
ENSG00000228239.1	AL138900.1	chr1	157232231	157237136	7	7	7
ENSG00000271736.2	LINC02772	chr1	157273760	157283968	7	7	7
ENSG00000286073.1	AL138900.2	chr1	157287267	157310655	7	7	7
ENSG00000286151.1	AL732406.1	chr1	157400927	157417259	7	7	7
ENSG00000286005.1	AL353899.1	chr1	157437484	157437754	7	7	7
ENSG00000143297.19	FCRL5	chr1	157513377	157552515	7	7	7
ENSG00000163518.11	FCRL4	chr1	157573747	157598085	7	7	7
ENSG00000236731.1	AL135929.2	chr1	157629939	157630728	7	7	7
ENSG00000233712.1	AL135929.1	chr1	157636300	157640301	7	7	7
ENSG00000160856.21	FCRL3	chr1	157674321	157700769	7	7	7
ENSG00000227217.1	AL356276.1	chr1	157691762	157696459	7	7	7
ENSG00000231700.3	AL356276.2	chr1	157709086	157709643	7	7	7
ENSG00000232366.1	VDAC1P9	chr1	157724180	157725020	7	7	7
ENSG00000132704.16	FCRL2	chr1	157745733	157777132	7	7	7
ENSG00000163534.15	FCRL1	chr1	157794403	157820120	7	7	7
ENSG00000073754.6	CD5L	chr1	157830911	157898256	7	7	7
ENSG00000227425.1	MRPS21P2	chr1	157861197	157861460	7	7	7
ENSG00000236957.7	AL139010.1	chr1	157925065	157949071	7	7	7
ENSG00000183853.18	KIRREL1	chr1	157993273	158100262	7	7	7
ENSG00000226520.1	KIRREL1-IT1	chr1	158025550	158031166	7	7	7
ENSG00000288460.1	SMIM42	chr1	158127287	158128301	7	7	7
ENSG00000231666.7	LINC01704	chr1	158131983	158149810	7	7	7
ENSG00000227295.2	ELL2P1	chr1	158175850	158177755	7	7	7
ENSG00000158473.8	CD1D	chr1	158178030	158186427	7	7	7
ENSG00000229914.1	AL138899.2	chr1	158195633	158196131	7	7	7
ENSG00000176320.2	AL138899.1	chr1	158197922	158203877	7	7	7
ENSG00000158477.7	CD1A	chr1	158254424	158258269	7	7	7
ENSG00000230942.1	HMGN1P5	chr1	158266753	158267320	7	7	7
ENSG00000158481.13	CD1C	chr1	158289923	158294774	7	7	7
ENSG00000158485.11	CD1B	chr1	158327951	158331531	7	7	7
ENSG00000158488.16	CD1E	chr1	158353696	158357553	7	7	7
ENSG00000186306.1	OR10T2	chr1	158398522	158399466	7	7	7
ENSG00000180708.6	OR10K2	chr1	158418210	158426237	7	7	7
ENSG00000203758.4	OR10T1P	chr1	158445068	158446014	7	7	7
ENSG00000236257.1	EI24P2	chr1	158454198	158455273	7	7	7
ENSG00000173285.4	OR10K1	chr1	158461574	158470857	7	7	7
ENSG00000198965.4	OR10R2	chr1	158472220	158480936	7	7	7
ENSG00000236656.1	AL365440.1	chr1	158474454	158494886	7	7	7
ENSG00000198703.2	OR10R3P	chr1	158491219	158492160	7	7	7
ENSG00000227445.1	OR10R1P	chr1	158514785	158515925	7	7	7
ENSG00000231434.1	HSP90AA3P	chr1	158523672	158525838	7	7	7
ENSG00000197532.2	OR6Y1	chr1	158544550	158554405	7	7	7
ENSG00000186440.2	OR6P1	chr1	158560606	158570580	7	7	7
ENSG00000279111.2	OR10X1	chr1	158578919	158579899	7	7	7
ENSG00000198967.4	OR10Z1	chr1	158605268	158612514	7	7	7
ENSG00000163554.15	SPTA1	chr1	158610704	158686715	7	7	7
ENSG00000231237.1	OR6K1P	chr1	158694539	158695509	7	7	7
ENSG00000196171.3	OR6K2	chr1	158699678	158700652	7	7	7
ENSG00000203757.2	OR6K3	chr1	158716327	158720720	7	7	7
ENSG00000180437.5	OR6K4P	chr1	158724113	158725067	7	7	7
ENSG00000226949.1	OR6K5P	chr1	158742146	158743415	7	7	7
ENSG00000197403.4	OR6N1	chr1	158747814	158772195	7	7	7
ENSG00000180433.5	OR6K6	chr1	158754720	158755891	7	7	7
ENSG00000188340.2	OR6N2	chr1	158774222	158781204	7	7	7
ENSG00000229724.1	OR2AQ1P	chr1	158796014	158796213	7	7	7
ENSG00000180409.3	OR10AA1P	chr1	158808399	158809335	7	7	7
ENSG00000163563.8	MNDA	chr1	158831351	158849506	7	7	7
ENSG00000229849.1	PYHIN5P	chr1	158878746	158883500	7	7	7
ENSG00000163564.15	PYHIN1	chr1	158930796	158977059	7	7	7
ENSG00000163565.19	IFI16	chr1	158999968	159055155	7	7	7
ENSG00000163568.15	AIM2	chr1	159062484	159147096	7	7	7
ENSG00000233473.2	RAD1P2	chr1	159081133	159081795	7	7	7
ENSG00000162706.13	CADM3	chr1	159171609	159203313	7	7	7
ENSG00000222552.1	RNA5SP60	chr1	159178473	159178559	7	7	7
ENSG00000225670.4	CADM3-AS1	chr1	159194325	159207973	7	7	7
ENSG00000213088.12	ACKR1	chr1	159203307	159206500	7	7	7
ENSG00000215846.6	MPTX1	chr1	159276503	159277111	7	7	7
ENSG00000248642.1	OR10J2P	chr1	159279041	159280001	7	7	7
ENSG00000179639.10	FCER1A	chr1	159289714	159308224	7	7	7
ENSG00000196266.5	OR10J3	chr1	159313670	159314659	7	7	7
ENSG00000228560.1	AL513323.1	chr1	159346166	159469068	7	7	7
ENSG00000248442.2	OR10J7P	chr1	159351093	159352026	7	7	7
ENSG00000251686.1	OR10J8P	chr1	159366161	159367089	7	7	7
ENSG00000249197.1	OR10J9P	chr1	159405423	159406409	7	7	7
ENSG00000249730.1	OR10J4	chr1	159432204	159433138	7	7	7
ENSG00000196184.10	OR10J1	chr1	159437845	159443078	7	7	7
ENSG00000224943.1	LINC02819	chr1	159466321	159483376	7	7	7
ENSG00000184155.8	OR10J5	chr1	159535078	159536007	7	7	7
ENSG00000231100.1	AL606752.1	chr1	159557368	159558200	7	7	7
ENSG00000271890.1	OR10AE1P	chr1	159581620	159582648	7	7	7
ENSG00000132703.4	APCS	chr1	159587826	159588865	7	7	7
ENSG00000158731.2	OR10J6P	chr1	159598298	159599227	7	7	7
ENSG00000276632.1	AL445528.2	chr1	159649151	159649620	7	7	7
ENSG00000223603.1	CRPP1	chr1	159704983	159705607	7	7	7
ENSG00000132693.12	CRP	chr1	159712289	159714589	7	7	7
ENSG00000235226.1	AL445528.1	chr1	159759170	159759589	7	7	7
ENSG00000158716.9	DUSP23	chr1	159780932	159782543	7	7	7
ENSG00000181036.14	FCRL6	chr1	159800511	159816257	7	7	7
ENSG00000158714.11	SLAMF8	chr1	159826811	159837492	7	7	7
ENSG00000256029.6	AL590560.2	chr1	159834474	159873053	7	7	7
ENSG00000188004.11	SNHG28	chr1	159834480	159855071	7	7	7
ENSG00000212161.1	AL590560.1	chr1	159851906	159851972	7	7	7
ENSG00000243284.1	VSIG8	chr1	159854316	159862657	7	7	7
ENSG00000272668.2	AL590560.3	chr1	159854870	159867685	7	7	7
ENSG00000213085.10	CFAP45	chr1	159872364	159900165	7	7	7
ENSG00000266458.1	MIR4259	chr1	159899979	159900079	7	7	7
ENSG00000287040.1	AL590560.5	chr1	159900475	159903431	7	7	7
ENSG00000279430.1	AL590560.4	chr1	159910094	159910554	7	7	7
ENSG00000158710.15	TAGLN2	chr1	159918107	159925507	7	7	7
ENSG00000085552.17	IGSF9	chr1	159927039	159945613	7	7	7
ENSG00000162723.10	SLAMF9	chr1	159951492	159954237	7	7	7
ENSG00000224259.7	LINC01133	chr1	159958035	159984750	7	7	7
ENSG00000273933.1	AL513485.1	chr1	159972548	159974064	7	7	7
ENSG00000177807.10	KCNJ10	chr1	159998651	160070160	7	7	7
ENSG00000237409.2	AL513302.1	chr1	160020300	160020727	7	7	7
ENSG00000143315.8	PIGM	chr1	160024953	160031990	7	7	7
ENSG00000225279.2	AL121987.1	chr1	160062461	160080769	7	7	7
ENSG00000162728.5	KCNJ9	chr1	160081538	160090563	7	7	7
ENSG00000162729.14	IGSF8	chr1	160091340	160098943	7	7	7
ENSG00000018625.15	ATP1A2	chr1	160115759	160143591	7	7	7
ENSG00000132681.17	ATP1A4	chr1	160151586	160186980	7	7	7
ENSG00000143318.13	CASQ1	chr1	160190575	160201886	7	7	7
ENSG00000227741.1	AL121987.2	chr1	160202199	160208869	7	7	7
ENSG00000162734.13	PEA15	chr1	160205380	160215376	7	7	7
ENSG00000132716.19	DCAF8	chr1	160215715	160262549	7	7	7
ENSG00000258465.8	AL139011.2	chr1	160216800	160285130	7	7	7
ENSG00000228606.3	AL139011.1	chr1	160261741	160263328	7	7	7
ENSG00000224261.2	RPSAP18	chr1	160266340	160267225	7	7	7
ENSG00000162735.19	PEX19	chr1	160276807	160286348	7	7	7
ENSG00000122218.16	COPA	chr1	160288594	160343273	7	7	7
ENSG00000235082.2	SUMO1P3	chr1	160317403	160317706	7	7	7
ENSG00000202078.1	Y_RNA	chr1	160326104	160326216	7	7	7
ENSG00000162736.17	NCSTN	chr1	160343316	160358952	7	7	7
ENSG00000171786.6	NHLH1	chr1	160367071	160372846	7	7	7
ENSG00000201608.1	RNU4-42P	chr1	160392768	160392909	7	7	7
ENSG00000162738.6	VANGL2	chr1	160400564	160428670	7	7	7
ENSG00000162739.14	SLAMF6	chr1	160485030	160523262	7	7	7
ENSG00000234425.1	AL138930.1	chr1	160537073	160571458	7	7	7
ENSG00000066294.15	CD84	chr1	160541095	160579516	7	7	7
ENSG00000117090.15	SLAMF1	chr1	160608106	160647295	7	7	7
ENSG00000235101.1	SETP9	chr1	160670148	160670979	7	7	7
ENSG00000228863.8	AL121985.1	chr1	160670778	160699761	7	7	7
ENSG00000117091.10	CD48	chr1	160678746	160711831	7	7	7
ENSG00000026751.17	SLAMF7	chr1	160739057	160754821	7	7	7
ENSG00000275801.1	AL121985.3	chr1	160775954	160776608	7	7	7
ENSG00000274562.1	AL121985.2	chr1	160776975	160780140	7	7	7
ENSG00000122224.18	LY9	chr1	160796074	160828261	7	7	7
ENSG00000122223.13	CD244	chr1	160830160	160862887	7	7	7
ENSG00000226003.2	PPIAP37	chr1	160848010	160848502	7	7	7
ENSG00000179914.5	ITLN1	chr1	160876540	160885180	7	7	7
ENSG00000213080.3	AL354714.2	chr1	160894980	160896076	7	7	7
ENSG00000232188.1	AL354714.3	chr1	160931739	160934380	7	7	7
ENSG00000198358.4	AL354714.1	chr1	160932465	160949922	7	7	7
ENSG00000233691.2	AL354714.4	chr1	160935537	160936126	7	7	7
ENSG00000158764.7	ITLN2	chr1	160945025	160954809	7	7	7
ENSG00000158769.18	F11R	chr1	160995211	161021343	7	7	7
ENSG00000270149.5	AL591806.2	chr1	160997957	161038962	7	7	7
ENSG00000232879.2	GLRX5P2	chr1	161034834	161035006	7	7	7
ENSG00000215845.11	TSTD1	chr1	161037631	161038977	7	7	7
ENSG00000158773.14	USF1	chr1	161039251	161045977	7	7	7
ENSG00000186517.14	ARHGAP30	chr1	161046946	161069970	7	7	7
ENSG00000143217.9	NECTIN4	chr1	161070998	161089558	7	7	7
ENSG00000228917.1	NECTIN4-AS1	chr1	161084465	161087571	7	7	7
ENSG00000162755.14	KLHDC9	chr1	161098361	161100346	7	7	7
ENSG00000143256.5	PFDN2	chr1	161100556	161118055	7	7	7
ENSG00000158793.14	NIT1	chr1	161118086	161125445	7	7	7
ENSG00000158796.17	DEDD	chr1	161120974	161132688	7	7	7
ENSG00000238934.1	AL591806.1	chr1	161141208	161141336	7	7	7
ENSG00000143222.12	UFC1	chr1	161152776	161158856	7	7	7
ENSG00000224985.1	AL590714.1	chr1	161153760	161159349	7	7	7
ENSG00000143258.16	USP21	chr1	161159450	161165723	7	7	7
ENSG00000143224.18	PPOX	chr1	161166056	161178013	7	7	7
ENSG00000158850.15	B4GALT3	chr1	161171310	161177968	7	7	7
ENSG00000158859.10	ADAMTS4	chr1	161184302	161199054	7	7	7
ENSG00000158864.13	NDUFS2	chr1	161197104	161214723	7	7	7
ENSG00000158869.11	FCER1G	chr1	161215234	161220699	7	7	7
ENSG00000158874.11	APOA2	chr1	161222292	161223631	7	7	7
ENSG00000158882.15	TOMM40L	chr1	161225939	161230746	7	7	7
ENSG00000284035.1	MIR5187	chr1	161227186	161227261	7	7	7
ENSG00000143257.12	NR1I3	chr1	161229666	161238244	7	7	7
ENSG00000248485.2	PCP4L1	chr1	161258745	161285450	7	7	7
ENSG00000158887.19	MPZ	chr1	161304735	161309968	7	7	7
ENSG00000143252.16	SDHC	chr1	161314381	161363206	7	7	7
ENSG00000188931.4	CFAP126	chr1	161364733	161367876	7	7	7
ENSG00000288670.1	AL592295.6	chr1	161368022	161371964	7	7	7
ENSG00000236484.2	RRM2P2	chr1	161378707	161379358	7	7	7
ENSG00000283696.1	AL592295.4	chr1	161399409	161422424	7	7	7
ENSG00000288093.1	AL592295.5	chr1	161399998	161401868	7	7	7
ENSG00000206921.1	RNU6-481P	chr1	161401289	161401395	7	7	7
ENSG00000283360.1	AL592295.3	chr1	161403409	161470523	7	7	7
ENSG00000215840.3	AL592295.1	chr1	161406068	161407082	7	7	7
ENSG00000277882.1	AL592295.2	chr1	161411597	161411802	7	7	7
ENSG00000283317.1	AL831711.1	chr1	161433444	161440996	7	7	7
ENSG00000143226.15	FCGR2A	chr1	161505430	161524013	7	7	7
ENSG00000273112.1	AL590385.2	chr1	161513176	161605099	7	7	7
ENSG00000173110.8	HSPA6	chr1	161524540	161526894	7	7	7
ENSG00000224203.2	RPS23P10	chr1	161536571	161538158	7	7	7
ENSG00000203747.12	FCGR3A	chr1	161541759	161550737	7	7	7
ENSG00000224515.1	AL590385.1	chr1	161556290	161557078	7	7	7
ENSG00000244682.7	FCGR2C	chr1	161581339	161605662	7	7	7
ENSG00000225217.1	HSPA7	chr1	161606291	161608217	7	7	7
ENSG00000231586.2	RPS23P9	chr1	161617992	161619585	7	7	7
ENSG00000162747.12	FCGR3B	chr1	161623196	161631963	7	7	7
ENSG00000072694.21	FCGR2B	chr1	161663147	161678654	7	7	7
ENSG00000234211.2	AL451067.1	chr1	161671978	161674824	7	7	7
ENSG00000213075.7	RPL31P11	chr1	161683695	161685252	7	7	7
ENSG00000199595.1	Y_RNA	chr1	161699506	161699607	7	7	7
ENSG00000132185.18	FCRLA	chr1	161706972	161714352	7	7	7
ENSG00000162746.14	FCRLB	chr1	161721563	161728143	7	7	7
ENSG00000241347.3	RN7SL466P	chr1	161735808	161736102	7	7	7
ENSG00000081721.12	DUSP12	chr1	161749758	161757238	7	7	7
ENSG00000226889.3	AL359541.1	chr1	161765325	161766227	7	7	7
ENSG00000118217.6	ATF6	chr1	161766320	161964070	7	7	7
ENSG00000229808.1	AL391825.1	chr1	161890833	161892196	7	7	7
ENSG00000162745.10	OLFML2B	chr1	161983192	162023854	7	7	7
ENSG00000227818.1	AL590408.1	chr1	162039016	162039567	7	7	7
ENSG00000198929.13	NOS1AP	chr1	162069691	162370475	7	7	7
ENSG00000285636.2	AL450163.1	chr1	162146709	162175243	7	7	7
ENSG00000266144.1	MIR4654	chr1	162157107	162157182	7	7	7
ENSG00000227094.1	AL512785.1	chr1	162316852	162317794	7	7	7
ENSG00000252262.1	RNA5SP61	chr1	162338643	162338742	7	7	7
ENSG00000207729.3	MIR556	chr1	162342546	162342640	7	7	7
ENSG00000254706.3	AL512785.2	chr1	162365407	162383531	7	7	7
ENSG00000171722.13	SPATA46	chr1	162373203	162376854	7	7	7
ENSG00000239887.6	C1orf226	chr1	162378841	162386812	7	7	7
ENSG00000198574.6	SH2D1B	chr1	162395268	162412138	7	7	7
ENSG00000227243.3	SLAMF6P1	chr1	162445549	162446566	7	7	7
ENSG00000152332.16	UHMK1	chr1	162497251	162529631	7	7	7
ENSG00000227941.1	UQCRBP2	chr1	162541332	162541628	7	7	7
ENSG00000259788.1	AL596325.1	chr1	162560227	162561308	7	7	7
ENSG00000117143.13	UAP1	chr1	162561506	162599842	7	7	7
ENSG00000272574.1	AL596325.2	chr1	162593103	162593754	7	7	7
ENSG00000162733.19	DDR2	chr1	162631373	162787405	7	7	7
ENSG00000243173.3	RN7SL861P	chr1	162777730	162778014	7	7	7
ENSG00000132196.15	HSD17B7	chr1	162790702	162812817	7	7	7
ENSG00000185860.13	CCDC190	chr1	162824458	162868815	7	7	7
ENSG00000230739.1	AL392003.2	chr1	162824795	162849467	7	7	7
ENSG00000227667.1	AL392003.1	chr1	162979551	162979793	7	7	7
ENSG00000117152.14	RGS4	chr1	163068775	163076802	7	7	7
ENSG00000143248.13	RGS5	chr1	163111121	163321791	7	7	7
ENSG00000232892.1	RGS5-AS1	chr1	163161675	163213023	7	7	7
ENSG00000225755.2	AL451063.1	chr1	163237214	163239197	7	7	7
ENSG00000232995.7	RGS5	chr1	163244505	163321894	7	7	7
ENSG00000237756.1	AL592435.1	chr1	163259850	163260659	7	7	7
ENSG00000143228.13	NUF2	chr1	163266576	163355764	7	7	7
ENSG00000225122.1	AL603841.1	chr1	163422405	163423164	7	7	7
ENSG00000200327.1	RNA5SP62	chr1	163468496	163468605	7	7	7
ENSG00000212527.1	RNA5SP63	chr1	163509484	163509595	7	7	7
ENSG00000228289.1	AL355862.1	chr1	163769339	163769691	7	7	7
ENSG00000212538.2	U3	chr1	163923670	163923873	7	7	7
ENSG00000225719.2	NMNAT1P2	chr1	164343005	164343864	7	7	7
ENSG00000199849.1	RNU5F-6P	chr1	164351273	164351388	7	7	7
ENSG00000213070.3	HMGB3P6	chr1	164356767	164357364	7	7	7
ENSG00000185630.19	PBX1	chr1	164555584	164899296	7	7	7
ENSG00000207082.1	RNU6-171P	chr1	164639565	164639671	7	7	7
ENSG00000269887.1	AL391001.1	chr1	164680085	164680799	7	7	7
ENSG00000276359.1	Metazoa_SRP	chr1	164703026	164703309	7	7	7
ENSG00000233693.1	PBX1-AS1	chr1	164769116	164774641	7	7	7
ENSG00000271917.1	AL357568.1	chr1	164828436	164829952	7	7	7
ENSG00000201987.1	Y_RNA	chr1	164854231	164854332	7	7	7
ENSG00000225487.2	RPL35AP7	chr1	164921318	164921629	7	7	7
ENSG00000201270.1	RNU6-755P	chr1	164980035	164980137	7	7	7
ENSG00000162761.14	LMX1A	chr1	165201867	165356715	7	7	7
ENSG00000224702.1	LMX1A-AS2	chr1	165210627	165213090	7	7	7
ENSG00000238022.2	LMX1A-AS1	chr1	165215951	165219104	7	7	7
ENSG00000143171.13	RXRG	chr1	165400922	165445355	7	7	7
ENSG00000237463.6	LRRC52-AS1	chr1	165476838	165582155	7	7	7
ENSG00000230748.1	PRELID1P7	chr1	165497724	165498348	7	7	7
ENSG00000162763.4	LRRC52	chr1	165544000	165563957	7	7	7
ENSG00000237783.2	AL356441.2	chr1	165581613	165582476	7	7	7
ENSG00000236206.2	AL356441.1	chr1	165598356	165624084	7	7	7
ENSG00000143198.13	MGST3	chr1	165631213	165661796	7	7	7
ENSG00000143149.12	ALDH9A1	chr1	165662216	165698863	7	7	7
ENSG00000206990.1	Y_RNA	chr1	165662585	165662687	7	7	7
ENSG00000230175.1	AL451074.3	chr1	165671256	165671725	7	7	7
ENSG00000225272.2	AL451074.2	chr1	165676310	165676781	7	7	7
ENSG00000215838.4	AL451074.1	chr1	165698750	165709968	7	7	7
ENSG00000273365.1	AL451074.5	chr1	165706556	165707284	7	7	7
ENSG00000143183.18	TMCO1	chr1	165724293	165827755	7	7	7
ENSG00000224358.1	TMCO1-AS1	chr1	165768929	165775176	7	7	7
ENSG00000230659.3	AL451074.4	chr1	165819353	165819787	7	7	7
ENSG00000143179.16	UCK2	chr1	165827614	165911618	7	7	7
ENSG00000236364.4	AL358115.1	chr1	165889725	165900995	7	7	7
ENSG00000283936.1	MIR3658	chr1	165907921	165907976	7	7	7
ENSG00000271527.1	AL606495.1	chr1	165941235	165941769	7	7	7
ENSG00000226292.1	RPS3AP10	chr1	166022215	166023027	7	7	7
ENSG00000207341.1	RNA5SP64	chr1	166042244	166042350	7	7	7
ENSG00000188859.7	FAM78B	chr1	166057426	166167001	7	7	7
ENSG00000203307.2	FAM78B-AS1	chr1	166081183	166087483	7	7	7
ENSG00000230898.1	AL596087.3	chr1	166147782	166165095	7	7	7
ENSG00000215952.1	MIR921	chr1	166154743	166154798	7	7	7
ENSG00000229588.2	AL596087.2	chr1	166165911	166339090	7	7	7
ENSG00000215835.2	AL596087.1	chr1	166275629	166277597	7	7	7
ENSG00000225325.1	AL583804.1	chr1	166387727	166452632	7	7	7
ENSG00000230231.1	FMO7P	chr1	166474745	166481565	7	7	7
ENSG00000234142.2	LINC01675	chr1	166474879	166490307	7	7	7
ENSG00000238087.3	FMO8P	chr1	166566178	166580705	7	7	7
ENSG00000215834.10	FMO9P	chr1	166603916	166631400	7	7	7
ENSG00000234984.1	FMO10P	chr1	166665885	166682196	7	7	7
ENSG00000232341.2	RPL4P2	chr1	166747379	166748660	7	7	7
ENSG00000232148.1	FMO11P	chr1	166763334	166792767	7	7	7
ENSG00000232223.1	CNN2P10	chr1	166796266	166797183	7	7	7
ENSG00000143157.12	POGK	chr1	166839447	166856359	7	7	7
ENSG00000152382.6	TADA1	chr1	166856510	166876264	7	7	7
ENSG00000225171.2	DUTP6	chr1	166868748	166869209	7	7	7
ENSG00000143195.13	ILDR2	chr1	166895711	166975540	7	7	7
ENSG00000143194.13	MAEL	chr1	166975582	167022214	7	7	7
ENSG00000200036.1	RNA5SP65	chr1	167005959	167006077	7	7	7
ENSG00000227907.1	AL158837.1	chr1	167052551	167058542	7	7	7
ENSG00000143167.12	GPA33	chr1	167052836	167166479	7	7	7
ENSG00000198842.10	STYXL2	chr1	167094075	167129165	7	7	7
ENSG00000213068.3	AL451050.1	chr1	167162423	167162837	7	7	7
ENSG00000231605.6	LINC01363	chr1	167175363	167195792	7	7	7
ENSG00000272205.1	AL451050.2	chr1	167219831	167220512	7	7	7
ENSG00000143190.23	POU2F1	chr1	167220876	167427345	7	7	7
ENSG00000272033.1	AL136984.1	chr1	167379108	167381000	7	7	7
ENSG00000198821.11	CD247	chr1	167430640	167518610	7	7	7
ENSG00000287218.1	AL359962.3	chr1	167455195	167458646	7	7	7
ENSG00000233411.1	AL359962.1	chr1	167457383	167458661	7	7	7
ENSG00000273160.1	AL359962.2	chr1	167457742	167459891	7	7	7
ENSG00000227776.1	AKR1D1P1	chr1	167519536	167520586	7	7	7
ENSG00000143162.9	CREG1	chr1	167529117	167553805	7	7	7
ENSG00000231029.2	AL031733.1	chr1	167591392	167591846	7	7	7
ENSG00000241666.2	AL031733.2	chr1	167627385	167630674	7	7	7
ENSG00000198771.11	RCSD1	chr1	167630093	167708696	7	7	7
ENSG00000197965.12	MPZL1	chr1	167721192	167791919	7	7	7
ENSG00000143199.18	ADCY10	chr1	167809386	167914215	7	7	7
ENSG00000250762.1	Z99943.2	chr1	167819898	167820248	7	7	7
ENSG00000232194.1	Z99943.1	chr1	167820406	167821224	7	7	7
ENSG00000143158.11	MPC2	chr1	167916675	167937072	7	7	7
ENSG00000143164.15	DCAF6	chr1	167935783	168075843	7	7	7
ENSG00000221545.1	MIR1255B2	chr1	167998660	167998726	7	7	7
ENSG00000224837.1	GCSHP5	chr1	168055901	168056422	7	7	7
ENSG00000143147.14	GPR161	chr1	168079543	168137667	7	7	7
ENSG00000143155.13	TIPRL	chr1	168178962	168202109	7	7	7
ENSG00000237049.1	RPL34P1	chr1	168210616	168210969	7	7	7
ENSG00000237131.1	AL021397.1	chr1	168215405	168215652	7	7	7
ENSG00000213064.10	SFT2D2	chr1	168225938	168253021	7	7	7
ENSG00000214262.4	ANKRD36BP1	chr1	168245565	168247343	7	7	7
ENSG00000206880.1	RNU6-1310P	chr1	168263375	168263481	7	7	7
ENSG00000143178.13	TBX19	chr1	168280877	168314426	7	7	7
ENSG00000227722.2	AL022100.1	chr1	168317497	168376876	7	7	7
ENSG00000207974.1	MIR557	chr1	168375524	168375621	7	7	7
ENSG00000228697.4	AL023755.1	chr1	168400829	168495685	7	7	7
ENSG00000283255.1	AL022100.2	chr1	168401483	168407274	7	7	7
ENSG00000215833.3	QRSL1P1	chr1	168449672	168451211	7	7	7
ENSG00000143185.4	XCL2	chr1	168540768	168543997	7	7	7
ENSG00000227777.1	AL031736.1	chr1	168542737	168543354	7	7	7
ENSG00000143184.5	XCL1	chr1	168576605	168582069	7	7	7
ENSG00000229757.2	AL031736.2	chr1	168578653	168579439	7	7	7
ENSG00000143196.5	DPT	chr1	168695468	168729206	7	7	7
ENSG00000285622.1	AL135926.1	chr1	168695874	169103276	7	7	7
ENSG00000235736.1	AL031275.1	chr1	168763365	168774490	7	7	7
ENSG00000225826.2	LINC00626	chr1	168784012	168792886	7	7	7
ENSG00000229612.1	SUMO1P2	chr1	168898136	168898439	7	7	7
ENSG00000287831.1	AL135926.2	chr1	168898633	168902836	7	7	7
ENSG00000203601.3	LINC00970	chr1	168903905	169087005	7	7	7
ENSG00000213063.3	RPL29P7	chr1	168938467	168938923	7	7	7
ENSG00000287282.1	AL031726.2	chr1	169059576	169062441	7	7	7
ENSG00000252987.1	RNA5SP66	chr1	169067264	169067364	7	7	7
ENSG00000237707.1	AL031726.1	chr1	169104124	169104907	7	7	7
ENSG00000143153.13	ATP1B1	chr1	169105697	169132722	7	7	7
ENSG00000143156.14	NME7	chr1	169132531	169367948	7	7	7
ENSG00000235575.1	Z99758.1	chr1	169310665	169322479	7	7	7
ENSG00000117475.14	BLZF1	chr1	169367970	169396540	7	7	7
ENSG00000117477.12	CCDC181	chr1	169394870	169460669	7	7	7
ENSG00000117479.15	SLC19A2	chr1	169463909	169485944	7	7	7
ENSG00000234604.2	AL021068.1	chr1	169474060	169474159	7	7	7
ENSG00000213062.5	Z99572.1	chr1	169486076	169500182	7	7	7
ENSG00000198734.12	F5	chr1	169511951	169586588	7	7	7
ENSG00000174175.17	SELP	chr1	169588849	169630193	7	7	7
ENSG00000000460.17	C1orf112	chr1	169662007	169854080	7	7	7
ENSG00000188404.10	SELL	chr1	169690665	169711702	7	7	7
ENSG00000007908.16	SELE	chr1	169722640	169764705	7	7	7
ENSG00000230704.1	AL021940.1	chr1	169762929	169764648	7	7	7
ENSG00000171806.12	METTL18	chr1	169792529	169794963	7	7	7
ENSG00000000457.14	SCYL3	chr1	169849631	169894267	7	7	7
ENSG00000239494.2	RN7SL333P	chr1	169859756	169860052	7	7	7
ENSG00000288139.1	AL031297.1	chr1	169915004	169915198	7	7	7
ENSG00000075945.13	KIFAP3	chr1	169921326	170085208	7	7	7
ENSG00000243051.3	RN7SL269P	chr1	169957942	169958246	7	7	7
ENSG00000235378.2	MRPS10P1	chr1	169990067	169990196	7	7	7
ENSG00000232959.1	AL356475.1	chr1	170024077	170024683	7	7	7
ENSG00000224896.2	SIGLEC30P	chr1	170115636	170116576	7	7	7
ENSG00000203740.4	METTL11B	chr1	170145959	170168866	7	7	7
ENSG00000263390.1	MIR3119-2	chr1	170151378	170151462	7	7	7
ENSG00000283340.1	MIR3119-1	chr1	170151378	170151462	7	7	7
ENSG00000233985.2	LINC01681	chr1	170173865	170304358	7	7	7
ENSG00000238051.1	ISCUP1	chr1	170211010	170211457	7	7	7
ENSG00000224286.6	LINC01142	chr1	170271395	170284277	7	7	7
ENSG00000226967.1	HAUS4P1	chr1	170369223	170370367	7	7	7
ENSG00000231407.6	GORAB-AS1	chr1	170460453	170532647	7	7	7
ENSG00000120370.13	GORAB	chr1	170532131	170553834	7	7	7
ENSG00000225545.1	AL162399.1	chr1	170587249	170588236	7	7	7
ENSG00000235303.1	AL023495.1	chr1	170598854	170647339	7	7	7
ENSG00000116132.12	PRRX1	chr1	170662728	170739421	7	7	7
ENSG00000271811.1	Z97200.1	chr1	170667381	170669425	7	7	7
ENSG00000231424.3	BX284613.2	chr1	170748573	171251857	7	7	7
ENSG00000117501.14	MROH9	chr1	170935471	171064765	7	7	7
ENSG00000226552.2	BX284613.1	chr1	171083565	171085205	7	7	7
ENSG00000007933.13	FMO3	chr1	171090901	171117819	7	7	7
ENSG00000221390.1	MIR1295A	chr1	171101728	171101806	7	7	7
ENSG00000283598.1	MIR1295B	chr1	171101739	171101798	7	7	7
ENSG00000117507.6	FMO6P	chr1	171137740	171161568	7	7	7
ENSG00000094963.14	FMO2	chr1	171185249	171212686	7	7	7
ENSG00000225243.5	AL021026.1	chr1	171199244	171227788	7	7	7
ENSG00000010932.17	FMO1	chr1	171248471	171285978	7	7	7
ENSG00000206692.1	Y_RNA	chr1	171253906	171254022	7	7	7
ENSG00000230547.1	HMGB1P11	chr1	171270954	171271590	7	7	7
ENSG00000076258.10	FMO4	chr1	171314183	171342084	7	7	7
ENSG00000285665.1	TOP1P1	chr1	171339299	171339959	7	7	7
ENSG00000268062.1	SRP14P4	chr1	171345105	171345307	7	7	7
ENSG00000239428.2	GM2AP2	chr1	171392229	171392790	7	7	7
ENSG00000234333.2	CYCSP53	chr1	171444699	171444963	7	7	7
ENSG00000117523.16	PRRC2C	chr1	171485551	171593511	7	7	7
ENSG00000283683.1	MYOCOS	chr1	171600621	171638799	7	7	7
ENSG00000034971.17	MYOC	chr1	171635417	171652688	7	7	7
ENSG00000233328.3	PFN1P1	chr1	171670517	171670939	7	7	7
ENSG00000230364.1	RPL4P3	chr1	171683128	171684438	7	7	7
ENSG00000117533.15	VAMP4	chr1	171700160	171742074	7	7	7
ENSG00000232261.1	Z98751.1	chr1	171751543	171752025	7	7	7
ENSG00000271459.1	Z98751.3	chr1	171755803	171756323	7	7	7
ENSG00000236741.4	Z98751.2	chr1	171762074	171762524	7	7	7
ENSG00000253060.1	AL135931.1	chr1	171768070	171768175	7	7	7
ENSG00000010165.20	EEF1AKNMT	chr1	171781660	171814023	7	7	7
ENSG00000213060.4	AL031864.1	chr1	171803517	171803939	7	7	7
ENSG00000224600.5	AL031864.2	chr1	171824610	171824959	7	7	7
ENSG00000197959.14	DNM3	chr1	171841498	172418466	7	7	7
ENSG00000233540.1	DNM3-IT1	chr1	171864187	171864687	7	7	7
ENSG00000230630.5	DNM3OS	chr1	172138397	172144840	7	7	7
ENSG00000283844.1	MIR214	chr1	172138798	172138907	7	7	7
ENSG00000283152.1	MIR3120	chr1	172138808	172138888	7	7	7
ENSG00000208024.1	MIR199A2	chr1	172144535	172144644	7	7	7
ENSG00000287336.1	AL137157.1	chr1	172210711	172213499	7	7	7
ENSG00000206684.1	RNU6-157P	chr1	172366540	172366646	7	7	7
ENSG00000135845.10	PIGC	chr1	172370189	172444086	7	7	7
ENSG00000180999.11	C1orf105	chr1	172420685	172468831	7	7	7
ENSG00000094975.14	SUCO	chr1	172532349	172611833	7	7	7
ENSG00000251943.1	RNU6-693P	chr1	172613428	172613534	7	7	7
ENSG00000117560.8	FASLG	chr1	172659103	172666876	7	7	7
ENSG00000229785.1	SLC25A38P1	chr1	172748560	172749502	7	7	7
ENSG00000279061.1	Z98043.1	chr1	172752586	172752924	7	7	7
ENSG00000224228.2	AL031599.1	chr1	172775905	173064015	7	7	7
ENSG00000227177.1	AIMP1P2	chr1	172885947	172886258	7	7	7
ENSG00000224000.1	Z97198.1	chr1	172906900	172907684	7	7	7
ENSG00000120337.8	TNFSF18	chr1	173039960	173050963	7	7	7
ENSG00000230849.2	GOT2P2	chr1	173141100	173142350	7	7	7
ENSG00000226375.1	AL022310.1	chr1	173174300	173175503	7	7	7
ENSG00000117586.11	TNFSF4	chr1	173183731	173207331	7	7	7
ENSG00000232751.1	AL645568.2	chr1	173351689	173352004	7	7	7
ENSG00000231615.2	AL645568.1	chr1	173362397	173363733	7	7	7
ENSG00000203739.4	PRDX6-AS1	chr1	173417793	173489407	7	7	7
ENSG00000117592.9	PRDX6	chr1	173477330	173488815	7	7	7
ENSG00000162753.13	SLC9C2	chr1	173500460	173603072	7	7	7
ENSG00000238272.1	AL139142.1	chr1	173555251	173612772	7	7	7
ENSG00000285777.1	AL139142.2	chr1	173596060	173669837	7	7	7
ENSG00000183831.7	ANKRD45	chr1	173608336	173669851	7	7	7
ENSG00000232113.3	TEX50	chr1	173635338	173637130	7	7	7
ENSG00000076321.11	KLHL20	chr1	173714941	173786692	7	7	7
ENSG00000225591.2	BX248409.1	chr1	173741674	173741928	7	7	7
ENSG00000200674.1	RN7SKP160	chr1	173791548	173791887	7	7	7
ENSG00000120334.15	CENPL	chr1	173799550	173824720	7	7	7
ENSG00000252357.1	Y_RNA	chr1	173808489	173808622	7	7	7
ENSG00000117593.12	DARS2	chr1	173824653	173858808	7	7	7
ENSG00000234741.8	GAS5	chr1	173858559	173868882	7	7	7
ENSG00000270084.2	GAS5-AS1	chr1	173862473	173863941	7	7	7
ENSG00000185278.15	ZBTB37	chr1	173868082	173903549	7	7	7
ENSG00000117601.14	SERPINC1	chr1	173903809	173917378	7	7	7
ENSG00000252231.1	RNA5SP67	chr1	173921070	173921200	7	7	7
ENSG00000135870.12	RC3H1	chr1	173931084	174022357	7	7	7
ENSG00000200755.1	RNA5SP68	chr1	173969318	173969436	7	7	7
ENSG00000236535.1	RC3H1-IT1	chr1	174009267	174016206	7	7	7
ENSG00000224977.1	LINC02776	chr1	174022509	174022985	7	7	7
ENSG00000225713.5	RPL30P1	chr1	174090136	174090474	7	7	7
ENSG00000227373.6	RABGAP1L-DT	chr1	174110268	174160165	7	7	7
ENSG00000152061.23	RABGAP1L	chr1	174159410	174995308	7	7	7
ENSG00000237317.2	AL022400.1	chr1	174367105	174368039	7	7	7
ENSG00000203737.5	GPR52	chr1	174447964	174449545	7	7	7
ENSG00000223828.1	BANF1P4	chr1	174756850	174757119	7	7	7
ENSG00000231378.1	NDUFAF4P4	chr1	174849667	174850168	7	7	7
ENSG00000237249.1	Z99127.2	chr1	174892417	174893155	7	7	7
ENSG00000223525.1	RABGAP1L-IT1	chr1	174896958	174897996	7	7	7
ENSG00000235869.1	Z99127.1	chr1	174922107	174922440	7	7	7
ENSG00000229531.6	RABGAP1L-AS1	chr1	174934947	174954261	7	7	7
ENSG00000252552.1	RNU6-307P	chr1	174996524	174996629	7	7	7
ENSG00000287697.1	Z99127.3	chr1	174998353	174999623	7	7	7
ENSG00000116161.18	CACYBP	chr1	174999163	175012027	7	7	7
ENSG00000120333.4	MRPS14	chr1	175010789	175023425	7	7	7
ENSG00000206659.1	Y_RNA	chr1	175022479	175022580	7	7	7
ENSG00000181101.7	ENTR1P2	chr1	175044626	175045648	7	7	7
ENSG00000120332.16	TNN	chr1	175067833	175148075	7	7	7
ENSG00000235750.10	KIAA0040	chr1	175156986	175192999	7	7	7
ENSG00000230687.1	AL008626.1	chr1	175203228	175204849	7	7	7
ENSG00000233946.2	RPS29P4	chr1	175297080	175297240	7	7	7
ENSG00000260990.1	Z94057.1	chr1	175307218	175335459	7	7	7
ENSG00000116147.17	TNR	chr1	175315194	175743616	7	7	7
ENSG00000235628.1	TNR-IT1	chr1	175538775	175556818	7	7	7
ENSG00000224718.1	LINC01657	chr1	175877343	175880468	7	7	7
ENSG00000227740.2	LINC02803	chr1	175904762	175921057	7	7	7
ENSG00000230777.1	RPS29P5	chr1	175921975	175922145	7	7	7
ENSG00000143207.21	COP1	chr1	175944831	176207286	7	7	7
ENSG00000252906.1	SCARNA3	chr1	175968398	175968540	7	7	7
ENSG00000228686.2	AL590723.1	chr1	176017277	176018760	7	7	7
ENSG00000236021.2	AL591043.2	chr1	176207648	176447919	7	7	7
ENSG00000273629.1	U7	chr1	176217541	176217602	7	7	7
ENSG00000232463.1	AL359265.2	chr1	176231200	176231830	7	7	7
ENSG00000253025.1	RNU2-12P	chr1	176243862	176244029	7	7	7
ENSG00000227815.2	AL359265.1	chr1	176272483	176273402	7	7	7
ENSG00000231020.1	AL591043.1	chr1	176305672	176306095	7	7	7
ENSG00000225904.1	MORF4L1P7	chr1	176367699	176368401	7	7	7
ENSG00000116183.11	PAPPA2	chr1	176463171	176845601	7	7	7
ENSG00000237514.3	PTP4A1P7	chr1	176616273	176616786	7	7	7
ENSG00000286754.1	AL031290.1	chr1	176829128	176831841	7	7	7
ENSG00000152092.16	ASTN1	chr1	176857302	177164973	7	7	7
ENSG00000202609.4	MIR488	chr1	177029363	177029445	7	7	7
ENSG00000198797.7	BRINP2	chr1	177170958	177282422	7	7	7
ENSG00000224968.2	LINC01645	chr1	177351562	177437880	7	7	7
ENSG00000227579.6	AL136114.1	chr1	177392667	177920152	7	7	7
ENSG00000236720.2	LINC01741	chr1	177700524	177712275	7	7	7
ENSG00000120341.18	SEC16B	chr1	177923956	177984303	7	7	7
ENSG00000254154.8	CRYZL2P-SEC16B	chr1	177928788	178038007	7	7	7
ENSG00000242193.11	CRYZL2P	chr1	178006136	178037950	7	7	7
ENSG00000276563.1	AL359075.1	chr1	178017127	178017343	7	7	7
ENSG00000224687.2	RASAL2-AS1	chr1	178090677	178093984	7	7	7
ENSG00000075391.17	RASAL2	chr1	178094104	178484147	7	7	7
ENSG00000270575.1	AL160281.1	chr1	178194342	178194709	7	7	7
ENSG00000213058.3	AL365357.1	chr1	178411616	178411972	7	7	7
ENSG00000188585.9	CLEC20A	chr1	178479247	178499634	7	7	7
ENSG00000264809.2	Metazoa_SRP	chr1	178484408	178484682	7	7	7
ENSG00000285910.1	AL513013.1	chr1	178511563	178513051	7	7	7
ENSG00000240021.10	TEX35	chr1	178513109	178548602	7	7	7
ENSG00000213057.5	C1orf220	chr1	178542752	178548889	7	7	7
ENSG00000201347.1	RNA5SP69	chr1	178560913	178561029	7	7	7
ENSG00000273384.1	AL137796.1	chr1	178651706	178652282	7	7	7
ENSG00000266417.1	MIR4424	chr1	178677749	178677834	7	7	7
ENSG00000273062.1	AL449106.1	chr1	178724306	178726285	7	7	7
ENSG00000116191.17	RALGPS2	chr1	178725147	178921841	7	7	7
ENSG00000228196.1	PTPN2P1	chr1	178746683	178747754	7	7	7
ENSG00000201791.1	SNORA63	chr1	178753654	178753772	7	7	7
ENSG00000116194.13	ANGPTL1	chr1	178849535	178871077	7	7	7
ENSG00000116199.12	FAM20B	chr1	179025804	179076567	7	7	7
ENSG00000232750.2	AL139132.1	chr1	179035309	179035652	7	7	7
ENSG00000186283.14	TOR3A	chr1	179082070	179098023	7	7	7
ENSG00000143322.21	ABL2	chr1	179099330	179229684	7	7	7
ENSG00000234041.1	AL512326.5	chr1	179137764	179137934	7	7	7
ENSG00000231905.2	SETP10	chr1	179183734	179184547	7	7	7
ENSG00000212338.1	AL512326.2	chr1	179196473	179196579	7	7	7
ENSG00000201619.1	AL512326.1	chr1	179201487	179201627	7	7	7
ENSG00000231564.1	EIF4A1P11	chr1	179201705	179201926	7	7	7
ENSG00000225711.1	AL512326.3	chr1	179220938	179222125	7	7	7
ENSG00000223794.1	COX5BP8	chr1	179255733	179256081	7	7	7
ENSG00000228191.1	AL512326.4	chr1	179271116	179271266	7	7	7
ENSG00000057252.13	SOAT1	chr1	179293714	179358680	7	7	7
ENSG00000162779.22	AXDND1	chr1	179365720	179554735	7	7	7
ENSG00000224620.2	MEF2AP1	chr1	179447578	179448440	7	7	7
ENSG00000236539.3	HNRNPA1P54	chr1	179447602	179457315	7	7	7
ENSG00000261250.1	AL160286.3	chr1	179543201	179548922	7	7	7
ENSG00000116218.13	NPHS2	chr1	179550539	179575952	7	7	7
ENSG00000251875.1	RNU5F-2P	chr1	179576268	179576349	7	7	7
ENSG00000227141.2	AL160286.1	chr1	179586705	179589175	7	7	7
ENSG00000261060.1	AL160286.2	chr1	179590372	179591305	7	7	7
ENSG00000162782.16	TDRD5	chr1	179591613	179691272	7	7	7
ENSG00000243062.6	AL359853.2	chr1	179730191	179742697	7	7	7
ENSG00000143340.6	FAM163A	chr1	179743163	179816198	7	7	7
ENSG00000229407.5	AL359853.1	chr1	179816184	179818191	7	7	7
ENSG00000231966.1	LINC02818	chr1	179829609	179836124	7	7	7
ENSG00000169905.13	TOR1AIP2	chr1	179839967	179877803	7	7	7
ENSG00000272906.1	AL353708.3	chr1	179881607	179882595	7	7	7
ENSG00000143337.19	TOR1AIP1	chr1	179882042	179920077	7	7	7
ENSG00000264916.2	RN7SL230P	chr1	179900262	179900564	7	7	7
ENSG00000261831.2	AL353708.2	chr1	179926641	179941796	7	7	7
ENSG00000260360.1	AL353708.1	chr1	179953184	179954440	7	7	7
ENSG00000135837.16	CEP350	chr1	179954773	180114875	7	7	7
ENSG00000235145.2	RPSAP16	chr1	179968686	179969506	7	7	7
ENSG00000223450.1	AL590632.1	chr1	180000438	180000808	7	7	7
ENSG00000261817.1	AL390718.1	chr1	180117140	180123890	7	7	7
ENSG00000116260.17	QSOX1	chr1	180154869	180204030	7	7	7
ENSG00000121454.6	LHX4	chr1	180230264	180278984	7	7	7
ENSG00000230124.8	ACBD6	chr1	180269653	180502954	7	7	7
ENSG00000235060.1	VDAC1P4	chr1	180434800	180435936	7	7	7
ENSG00000265435.1	MIR3121	chr1	180438314	180438390	7	7	7
ENSG00000236719.5	OVAAL	chr1	180509380	180566523	7	7	7
ENSG00000206905.1	Y_RNA	chr1	180519016	180519119	7	7	7
ENSG00000143324.14	XPR1	chr1	180632022	180890279	7	7	7
ENSG00000283575.1	U6	chr1	180758722	180758817	7	7	7
ENSG00000225857.5	LINC02816	chr1	180906651	180909166	7	7	7
ENSG00000135835.12	KIAA1614	chr1	180912897	180951614	7	7	7
ENSG00000243155.1	AL162431.1	chr1	180944042	180976482	7	7	7
ENSG00000232586.1	KIAA1614-AS1	chr1	180949699	180954887	7	7	7
ENSG00000251520.1	AL162431.2	chr1	180964511	180965909	7	7	7
ENSG00000270711.1	AL162431.3	chr1	180970837	180971247	7	7	7
ENSG00000135823.14	STX6	chr1	180972712	181023121	7	7	7
ENSG00000153029.14	MR1	chr1	181033425	181061938	7	7	7
ENSG00000162783.11	IER5	chr1	181088700	181092900	7	7	7
ENSG00000237292.1	LINC01732	chr1	181174484	181182208	7	7	7
ENSG00000225359.1	AL358393.1	chr1	181190471	181191149	7	7	7
ENSG00000179452.2	LINC01699	chr1	181236388	181238604	7	7	7
ENSG00000198216.12	CACNA1E	chr1	181317690	181808084	7	7	7
ENSG00000273573.1	Metazoa_SRP	chr1	181668749	181669028	7	7	7
ENSG00000252977.1	RNA5SP70	chr1	181771566	181771644	7	7	7
ENSG00000288574.1	AL161734.2	chr1	181808927	181812495	7	7	7
ENSG00000272880.1	AL161734.1	chr1	181812705	181813261	7	7	7
ENSG00000222397.1	RN7SKP229	chr1	181839473	181839774	7	7	7
ENSG00000287452.2	AL391477.1	chr1	181962889	181998985	7	7	7
ENSG00000179930.6	ZNF648	chr1	182054570	182061712	7	7	7
ENSG00000224810.1	AL355482.1	chr1	182062677	182069253	7	7	7
ENSG00000225982.1	AL355482.2	chr1	182086551	182090112	7	7	7
ENSG00000228918.4	LINC01344	chr1	182096338	182314061	7	7	7
ENSG00000232309.2	AL390856.1	chr1	182127297	182128682	7	7	7
ENSG00000232096.1	YPEL5P1	chr1	182182730	182183096	7	7	7
ENSG00000206764.1	RNU6-152P	chr1	182327068	182327174	7	7	7
ENSG00000228664.1	AL513480.1	chr1	182328497	182329007	7	7	7
ENSG00000231684.3	EIF1P3	chr1	182336001	182336334	7	7	7
ENSG00000135821.19	GLUL	chr1	182378098	182392206	7	7	7
ENSG00000203730.3	TEDDM1	chr1	182398117	182400667	7	7	7
ENSG00000203729.8	LINC00272	chr1	182407621	182414815	7	7	7
ENSG00000121446.20	RGSL1	chr1	182409192	182560599	7	7	7
ENSG00000270443.1	AL139344.1	chr1	182433893	182434461	7	7	7
ENSG00000233537.1	TEDDM2P	chr1	182441577	182442362	7	7	7
ENSG00000135828.11	RNASEL	chr1	182573634	182589256	7	7	7
ENSG00000276839.1	Metazoa_SRP	chr1	182576772	182577040	7	7	7
ENSG00000143333.7	RGS16	chr1	182598623	182604389	7	7	7
ENSG00000261504.1	LINC01686	chr1	182615254	182616629	7	7	7
ENSG00000135824.12	RGS8	chr1	182641816	182684576	7	7	7
ENSG00000227181.1	LINC01688	chr1	182712862	182714544	7	7	7
ENSG00000271269.1	AL353778.1	chr1	182733792	182734779	7	7	7
ENSG00000135838.13	NPL	chr1	182789293	182830384	7	7	7
ENSG00000287808.1	AL355999.1	chr1	182837185	182839561	7	7	7
ENSG00000135829.17	DHX9	chr1	182839347	182887982	7	7	7
ENSG00000157060.16	SHCBP1L	chr1	182899865	182953525	7	7	7
ENSG00000224040.1	HMGN1P4	chr1	182942115	182942404	7	7	7
ENSG00000285609.1	5S_rRNA	chr1	182944365	182944490	7	7	7
ENSG00000226570.2	AL450304.1	chr1	182955390	182956148	7	7	7
ENSG00000176855.11	KRT18P28	chr1	182959074	182960405	7	7	7
ENSG00000207472.1	RNU6-41P	chr1	182982212	182982318	7	7	7
ENSG00000135862.6	LAMC1	chr1	183023420	183145592	7	7	7
ENSG00000224468.3	LAMC1-AS1	chr1	183138402	183141282	7	7	7
ENSG00000058085.15	LAMC2	chr1	183186238	183245127	7	7	7
ENSG00000157064.11	NMNAT2	chr1	183248237	183418380	7	7	7
ENSG00000287929.1	AL354953.1	chr1	183252263	183258968	7	7	7
ENSG00000233562.1	RPS3AP8	chr1	183266602	183267285	7	7	7
ENSG00000286372.1	AL449223.1	chr1	183372870	183374556	7	7	7
ENSG00000232860.8	SMG7-AS1	chr1	183460874	183472265	7	7	7
ENSG00000116698.21	SMG7	chr1	183472216	183598246	7	7	7
ENSG00000116701.15	NCF2	chr1	183555562	183590876	7	7	7
ENSG00000286966.1	AL137800.1	chr1	183613537	183619335	7	7	7
ENSG00000162704.16	ARPC5	chr1	183620846	183635783	7	7	7
ENSG00000143344.16	RGL1	chr1	183636085	183928532	7	7	7
ENSG00000173627.8	APOBEC4	chr1	183646275	183653316	7	7	7
ENSG00000270994.1	AL157899.1	chr1	183709305	183710240	7	7	7
ENSG00000227554.1	AL590422.1	chr1	183754418	183754937	7	7	7
ENSG00000198756.12	COLGALT2	chr1	183929854	184037729	7	7	7
ENSG00000198860.13	TSEN15	chr1	184051651	184123978	7	7	7
ENSG00000286655.1	AL158011.1	chr1	184080657	184149652	7	7	7
ENSG00000199840.1	Y_RNA	chr1	184171714	184171823	7	7	7
ENSG00000207080.2	Y_RNA	chr1	184315658	184315765	7	7	7
ENSG00000231791.1	AL445228.1	chr1	184329071	184332826	7	7	7
ENSG00000244568.3	RN7SL654P	chr1	184335658	184335949	7	7	7
ENSG00000271387.1	AL445228.2	chr1	184385753	184386704	7	7	7
ENSG00000116667.15	C1orf21	chr1	184387029	184629019	7	7	7
ENSG00000230470.1	AL078645.1	chr1	184408337	184412360	7	7	7
ENSG00000232036.2	AL078645.2	chr1	184566511	184567835	7	7	7
ENSG00000285847.2	AL713852.1	chr1	184607599	184672166	7	7	7
ENSG00000286378.1	AL713852.2	chr1	184664282	184668535	7	7	7
ENSG00000116406.19	EDEM3	chr1	184690237	184754907	7	7	7
ENSG00000135842.17	NIBAN1	chr1	184790724	184974508	7	7	7
ENSG00000252222.1	RNU7-13P	chr1	184821428	184821489	7	7	7
ENSG00000260976.2	LINC01633	chr1	184999710	185008789	7	7	7
ENSG00000201312.1	RNA5SP72	chr1	185014951	185015067	7	7	7
ENSG00000121481.11	RNF2	chr1	185045526	185102603	7	7	7
ENSG00000232792.2	FTH1P25	chr1	185071567	185072035	7	7	7
ENSG00000121486.12	TRMT1L	chr1	185118101	185157072	7	7	7
ENSG00000116668.13	SWT1	chr1	185157080	185291781	7	7	7
ENSG00000231084.2	RPL22P24	chr1	185171335	185171710	7	7	7
ENSG00000213051.3	RPL5P5	chr1	185226808	185227700	7	7	7
ENSG00000201421.1	Y_RNA	chr1	185251313	185251411	7	7	7
ENSG00000206640.1	Y_RNA	chr1	185257911	185258015	7	7	7
ENSG00000233583.1	AL356273.1	chr1	185262286	185264356	7	7	7
ENSG00000252612.1	Y_RNA	chr1	185266535	185266627	7	7	7
ENSG00000238061.2	AL356273.2	chr1	185280844	185281816	7	7	7
ENSG00000279838.1	AL356273.3	chr1	185292384	185294372	7	7	7
ENSG00000116679.16	IVNS1ABP	chr1	185296388	185317273	7	7	7
ENSG00000273004.1	AL078644.1	chr1	185317779	185318530	7	7	7
ENSG00000261024.7	GS1-279B7.1	chr1	185321157	185335039	7	7	7
ENSG00000252407.1	RNU7-183P	chr1	185434244	185434305	7	7	7
ENSG00000270920.1	MCRIP2P2	chr1	185435839	185436047	7	7	7
ENSG00000279401.1	AL133383.2	chr1	185518651	185520986	7	7	7
ENSG00000228309.7	LINC01350	chr1	185558371	185628944	7	7	7
ENSG00000207108.1	Y_RNA	chr1	185630428	185630528	7	7	7
ENSG00000201596.1	Y_RNA	chr1	185634073	185634182	7	7	7
ENSG00000261729.2	AL133383.1	chr1	185646463	185657168	7	7	7
ENSG00000143341.12	HMCN1	chr1	185734391	186190949	7	7	7
ENSG00000224691.1	AL133553.1	chr1	186176814	186177302	7	7	7
ENSG00000288078.1	AL133553.2	chr1	186224472	186228191	7	7	7
ENSG00000116690.13	PRG4	chr1	186296279	186314567	7	7	7
ENSG00000047410.14	TPR	chr1	186311652	186375693	7	7	7
ENSG00000202025.1	RNU6-1240P	chr1	186311825	186311928	7	7	7
ENSG00000157181.16	ODR4	chr1	186375838	186421378	7	7	7
ENSG00000229739.4	PDC-AS1	chr1	186423481	186521147	7	7	7
ENSG00000116703.14	PDC	chr1	186443566	186461114	7	7	7
ENSG00000273198.1	AL096803.3	chr1	186521773	186522304	7	7	7
ENSG00000228238.1	AL096803.1	chr1	186578279	186579299	7	7	7
ENSG00000233196.2	AL096803.2	chr1	186580515	186581191	7	7	7
ENSG00000288562.1	AL049198.1	chr1	186624700	186626619	7	7	7
ENSG00000073756.12	PTGS2	chr1	186671791	186680423	7	7	7
ENSG00000273129.1	PACERR	chr1	186680622	186681446	7	7	7
ENSG00000116711.10	PLA2G4A	chr1	186828949	186988981	7	7	7
ENSG00000230426.4	LINC01036	chr1	187070700	187686628	7	7	7
ENSG00000271558.1	AL391813.1	chr1	187506838	187507119	7	7	7
ENSG00000225462.1	FDPSP1	chr1	187563061	187564131	7	7	7
ENSG00000274702.1	AL357559.1	chr1	187632166	187632439	7	7	7
ENSG00000236401.1	SLC4A1APP2	chr1	187706561	187708898	7	7	7
ENSG00000223847.1	AL645474.1	chr1	187714243	187714735	7	7	7
ENSG00000285894.2	AL136372.2	chr1	188013642	188144768	7	7	7
ENSG00000150732.8	AL136372.1	chr1	188067298	188067525	7	7	7
ENSG00000222240.1	RN7SKP156	chr1	188155839	188156180	7	7	7
ENSG00000261182.1	AL596211.1	chr1	188218400	188220676	7	7	7
ENSG00000224278.1	AL592447.1	chr1	188242139	188242678	7	7	7
ENSG00000225006.1	AL929288.1	chr1	188508538	188536465	7	7	7
ENSG00000235083.1	AL929288.2	chr1	188671353	188671759	7	7	7
ENSG00000231022.1	RPS3AP9	chr1	188694320	188695111	7	7	7
ENSG00000237283.2	AL691515.1	chr1	188705623	188732208	7	7	7
ENSG00000238054.3	AL691515.2	chr1	188869474	188888540	7	7	7
ENSG00000226486.2	LINC01035	chr1	188905688	189037564	7	7	7
ENSG00000271036.1	CLPTM1LP1	chr1	189035961	189036444	7	7	7
ENSG00000226196.1	GAPDHP75	chr1	189132350	189133292	7	7	7
ENSG00000252553.1	RNA5SP73	chr1	189666149	189666256	7	7	7
ENSG00000232212.1	LINC01701	chr1	189775465	189814918	7	7	7
ENSG00000238270.1	AL591504.1	chr1	189868001	189868528	7	7	7
ENSG00000287472.1	AL591504.2	chr1	189868381	189876160	7	7	7
ENSG00000230987.2	AL359976.1	chr1	189989570	189993097	7	7	7
ENSG00000162670.11	BRINP3	chr1	190097658	190478404	7	7	7
ENSG00000225811.1	AL354771.1	chr1	190264898	190362270	7	7	7
ENSG00000237457.6	LINC01351	chr1	190478551	190480735	7	7	7
ENSG00000241505.1	AL391645.1	chr1	190480379	190494297	7	7	7
ENSG00000231175.1	LINC01720	chr1	190624890	190801658	7	7	7
ENSG00000236025.1	AL139135.1	chr1	190781787	190781995	7	7	7
ENSG00000238108.1	AL139135.2	chr1	190797524	190797956	7	7	7
ENSG00000285638.1	AL138927.1	chr1	190878145	191151410	7	7	7
ENSG00000228020.2	HNRNPA1P46	chr1	191146025	191146961	7	7	7
ENSG00000261642.1	AL713866.1	chr1	191151510	191154634	7	7	7
ENSG00000271187.1	AL713866.2	chr1	191179521	191179739	7	7	7
ENSG00000233882.2	LINC01680	chr1	191221159	191228467	7	7	7
ENSG00000228215.3	LINC02770	chr1	191823432	192011260	7	7	7
ENSG00000223344.1	AL359081.1	chr1	191858707	191890229	7	7	7
ENSG00000150681.10	RGS18	chr1	192158462	192185815	7	7	7
ENSG00000285280.2	AL390957.1	chr1	192167786	192957713	7	7	7
ENSG00000226723.2	AL513175.1	chr1	192246708	192247487	7	7	7
ENSG00000236792.1	AL513175.2	chr1	192247505	192247947	7	7	7
ENSG00000253148.1	RGS21	chr1	192316992	192367285	7	7	7
ENSG00000236069.2	AL136987.1	chr1	192517190	192538102	7	7	7
ENSG00000090104.12	RGS1	chr1	192575763	192580024	7	7	7
ENSG00000127074.15	RGS13	chr1	192636138	192660311	7	7	7
ENSG00000231767.4	RPS27AP5	chr1	192716132	192716653	7	7	7
ENSG00000283795.1	MIR4426	chr1	192716328	192716390	7	7	7
ENSG00000228687.1	AL035407.2	chr1	192796533	192797205	7	7	7
ENSG00000226814.2	AL035407.1	chr1	192800571	192801141	7	7	7
ENSG00000116741.8	RGS2	chr1	192809039	192812275	7	7	7
ENSG00000223075.1	RN7SKP126	chr1	192875686	192875985	7	7	7
ENSG00000234473.1	ZNF101P2	chr1	192993449	192994677	7	7	7
ENSG00000116750.14	UCHL5	chr1	193012250	193060080	7	7	7
ENSG00000238754.1	SCARNA18B	chr1	193057281	193057415	7	7	7
ENSG00000116747.13	RO60	chr1	193059454	193091777	7	7	7
ENSG00000023572.10	GLRX2	chr1	193090866	193106114	7	7	7
ENSG00000134371.14	CDC73	chr1	193121983	193254815	7	7	7
ENSG00000221680.1	MIR1278	chr1	193136503	193136583	7	7	7
ENSG00000162630.6	B3GALT2	chr1	193178730	193186613	7	7	7
ENSG00000276735.1	Metazoa_SRP	chr1	193236794	193237107	7	7	7
ENSG00000232077.2	LINC01031	chr1	193304745	193365953	7	7	7
ENSG00000286285.1	AL138778.1	chr1	193457422	193465198	7	7	7
ENSG00000227240.2	AL136456.1	chr1	193473224	194198708	7	7	7
ENSG00000226640.2	AL357793.1	chr1	193678894	193727035	7	7	7
ENSG00000237011.1	AL357793.2	chr1	193684246	193688429	7	7	7
ENSG00000237213.2	RPL23AP22	chr1	193756815	193757267	7	7	7
ENSG00000233057.1	EEF1A1P14	chr1	194188967	194190342	7	7	7
ENSG00000231714.1	AL513348.1	chr1	194350943	194352426	7	7	7
ENSG00000251813.1	RNU6-983P	chr1	194488103	194488205	7	7	7
ENSG00000228167.1	AL353072.1	chr1	194718795	194719236	7	7	7
ENSG00000285718.2	AL353072.2	chr1	194785517	194931310	7	7	7
ENSG00000287364.1	AL353709.1	chr1	195747024	195763501	7	7	7
ENSG00000227421.2	LINC01724	chr1	196044883	196065235	7	7	7
ENSG00000162687.19	KCNT2	chr1	196225779	196609225	7	7	7
ENSG00000265986.1	MIR4735	chr1	196582413	196582481	7	7	7
ENSG00000000971.16	CFH	chr1	196652043	196747504	7	7	7
ENSG00000116785.14	CFHR3	chr1	196774813	196795407	7	7	7
ENSG00000244414.7	CFHR1	chr1	196819731	196832189	7	7	7
ENSG00000285986.1	BX248415.1	chr1	196850283	196884793	7	7	7
ENSG00000134365.13	CFHR4	chr1	196888014	196918713	7	7	7
ENSG00000080910.13	CFHR2	chr1	196943738	196959622	7	7	7
ENSG00000273844.1	AL139418.1	chr1	196970495	196970671	7	7	7
ENSG00000134389.10	CFHR5	chr1	196977556	197009678	7	7	7
ENSG00000143278.5	F13B	chr1	197038741	197067260	7	7	7
ENSG00000066279.18	ASPM	chr1	197084127	197146694	7	7	7
ENSG00000235748.1	SEPTIN14P12	chr1	197138748	197139307	7	7	7
ENSG00000177888.8	ZBTB41	chr1	197153682	197201293	7	7	7
ENSG00000237861.1	AL513325.1	chr1	197222222	197223255	7	7	7
ENSG00000134376.16	CRB1	chr1	197268204	197478455	7	7	7
ENSG00000221879.3	MRPS21P3	chr1	197363817	197364078	7	7	7
ENSG00000230260.1	AL136322.1	chr1	197437976	197447469	7	7	7
ENSG00000213047.13	DENND1B	chr1	197504748	197775696	7	7	7
ENSG00000207139.1	Y_RNA	chr1	197685640	197685740	7	7	7
ENSG00000213046.4	EEF1A1P32	chr1	197688760	197690627	7	7	7
ENSG00000235582.2	AL365258.2	chr1	197735636	197736107	7	7	7
ENSG00000233040.2	FAM204BP	chr1	197746751	197747451	7	7	7
ENSG00000224901.1	AL365258.1	chr1	197757319	197761965	7	7	7
ENSG00000203724.11	C1orf53	chr1	197902630	197907367	7	7	7
ENSG00000143355.16	LHX9	chr1	197911902	197935478	7	7	7
ENSG00000151414.15	NEK7	chr1	198156994	198322420	7	7	7
ENSG00000232824.1	PRR13P1	chr1	198197779	198198186	7	7	7
ENSG00000287989.1	AL450352.1	chr1	198450666	198519877	7	7	7
ENSG00000151418.12	ATP6V1G3	chr1	198523222	198540945	7	7	7
ENSG00000223881.1	AL157402.1	chr1	198597724	198598868	7	7	7
ENSG00000081237.20	PTPRC	chr1	198638457	198757476	7	7	7
ENSG00000261573.1	AL157402.2	chr1	198657553	198667061	7	7	7
ENSG00000236278.2	PEBP1P3	chr1	198679139	198680033	7	7	7
ENSG00000229989.4	MIR181A1HG	chr1	198777861	198937471	7	7	7
ENSG00000207975.1	MIR181B1	chr1	198858873	198858982	7	7	7
ENSG00000207759.1	MIR181A1	chr1	198859044	198859153	7	7	7
ENSG00000227747.2	AC096631.2	chr1	198949016	198949805	7	7	7
ENSG00000225172.6	AC096631.1	chr1	198973379	198985506	7	7	7
ENSG00000233410.1	LINC01222	chr1	199006040	199021037	7	7	7
ENSG00000235492.1	LINC01221	chr1	199016133	199076735	7	7	7
ENSG00000286541.1	AC105941.1	chr1	199040501	199080975	7	7	7
ENSG00000231718.1	LINC02789	chr1	199148598	199393307	7	7	7
ENSG00000228190.2	RPL23AP16	chr1	199371877	199372297	7	7	7
ENSG00000236468.1	AC099335.1	chr1	199387141	199388475	7	7	7
ENSG00000231984.1	AL596266.1	chr1	199752491	199752890	7	7	7
ENSG00000228530.1	AL445687.1	chr1	199876978	199877558	7	7	7
ENSG00000200139.1	RNU6-778P	chr1	199888159	199888261	7	7	7
ENSG00000229747.1	AL445687.2	chr1	199908921	199909648	7	7	7
ENSG00000202491.1	RNU6-716P	chr1	200008505	200008607	7	7	7
ENSG00000202329.1	RNU6-609P	chr1	200014689	200014795	7	7	7
ENSG00000116833.14	NR5A2	chr1	200027614	200177420	7	7	7
ENSG00000252860.1	RNU6-570P	chr1	200054061	200054165	7	7	7
ENSG00000229220.1	AC096633.1	chr1	200147531	200148279	7	7	7
ENSG00000233827.2	CCNQP1	chr1	200213678	200214322	7	7	7
ENSG00000203721.7	LINC00862	chr1	200253419	200400705	7	7	7
ENSG00000273093.1	AC097065.2	chr1	200315435	200315967	7	7	7
ENSG00000213045.3	AC097065.1	chr1	200329161	200329677	7	7	7
ENSG00000230623.6	AC104461.1	chr1	200333193	200478669	7	7	7
ENSG00000162702.8	ZNF281	chr1	200404940	200410056	7	7	7
ENSG00000282849.1	AL359834.1	chr1	200478020	200483604	7	7	7
ENSG00000118193.12	KIF14	chr1	200551497	200620751	7	7	7
ENSG00000118197.14	DDX59	chr1	200623896	200669907	7	7	7
ENSG00000260088.1	DDX59-AS1	chr1	200669507	200694250	7	7	7
ENSG00000118200.14	CAMSAP2	chr1	200739558	200860704	7	7	7
ENSG00000231333.2	RPL34P6	chr1	200863808	200864152	7	7	7
ENSG00000170128.5	GPR25	chr1	200872981	200874178	7	7	7
ENSG00000163362.11	INAVA	chr1	200891048	200915742	7	7	7
ENSG00000233217.2	MROH3P	chr1	200917460	200966668	7	7	7
ENSG00000201032.1	RNU6-704P	chr1	200933345	200933447	7	7	7
ENSG00000116852.15	KIF21B	chr1	200969390	201023714	7	7	7
ENSG00000229191.1	AL358473.1	chr1	201023949	201028792	7	7	7
ENSG00000234132.2	AL358473.2	chr1	201031136	201043073	7	7	7
ENSG00000081248.11	CACNA1S	chr1	201039512	201112451	7	7	7
ENSG00000232237.3	ASCL5	chr1	201113953	201127184	7	7	7
ENSG00000116857.17	TMEM9	chr1	201134772	201171574	7	7	7
ENSG00000163395.17	IGFN1	chr1	201190824	201228952	7	7	7
ENSG00000229821.1	AC103925.1	chr1	201222113	201223123	7	7	7
ENSG00000081277.13	PKP1	chr1	201283452	201332993	7	7	7
ENSG00000118194.20	TNNT2	chr1	201359008	201377764	7	7	7
ENSG00000286600.1	AC119427.2	chr1	201359018	201385784	7	7	7
ENSG00000159166.15	LAD1	chr1	201380833	201399915	7	7	7
ENSG00000282221.1	AC119427.1	chr1	201399633	201401190	7	7	7
ENSG00000159173.19	TNNI1	chr1	201403768	201429866	7	7	7
ENSG00000227048.2	AC096677.3	chr1	201428975	201429361	7	7	7
ENSG00000174307.7	PHLDA3	chr1	201464278	201469237	7	7	7
ENSG00000224818.1	AC096677.2	chr1	201464383	201465146	7	7	7
ENSG00000159176.14	CSRP1	chr1	201483530	201509456	7	7	7
ENSG00000224536.2	AC096677.1	chr1	201507241	201534784	7	7	7
ENSG00000223396.4	RPS10P7	chr1	201518703	201584367	7	7	7
ENSG00000134369.15	NAV1	chr1	201622885	201826969	7	7	7
ENSG00000236390.1	AC092800.1	chr1	201673105	201674144	7	7	7
ENSG00000231871.5	IPO9-AS1	chr1	201688259	201829559	7	7	7
ENSG00000264802.1	MIR5191	chr1	201719508	201719627	7	7	7
ENSG00000235121.1	AL645504.1	chr1	201723294	201737506	7	7	7
ENSG00000200942.1	RNU6-501P	chr1	201733406	201733505	7	7	7
ENSG00000221028.1	MIR1231	chr1	201808611	201808702	7	7	7
ENSG00000198700.10	IPO9	chr1	201829149	201884291	7	7	7
ENSG00000277681.1	MIR6739	chr1	201863373	201863447	7	7	7
ENSG00000198892.7	SHISA4	chr1	201888680	201892587	7	7	7
ENSG00000223774.5	AL513217.1	chr1	201893842	201899978	7	7	7
ENSG00000163431.13	LMOD1	chr1	201896456	201946588	7	7	7
ENSG00000134375.11	TIMM17A	chr1	201955503	201970664	7	7	7
ENSG00000206637.1	SNORA70H	chr1	201978461	201978595	7	7	7
ENSG00000238003.1	RPL10P4	chr1	201978642	201978949	7	7	7
ENSG00000176393.11	RNPEP	chr1	201982372	202006147	7	7	7
ENSG00000234678.2	ELF3-AS1	chr1	201995696	202010463	7	7	7
ENSG00000275207.1	MIR6740	chr1	202003124	202003236	7	7	7
ENSG00000163435.16	ELF3	chr1	202007945	202017183	7	7	7
ENSG00000249007.1	AL691482.3	chr1	202011370	202015657	7	7	7
ENSG00000232296.1	AL691482.1	chr1	202028606	202028692	7	7	7
ENSG00000235811.1	AL691482.2	chr1	202039851	202039934	7	7	7
ENSG00000212512.2	Y_RNA	chr1	202070841	202070943	7	7	7
ENSG00000227109.1	CRIP1P3	chr1	202096759	202096978	7	7	7
ENSG00000170075.9	GPR37L1	chr1	202122917	202133592	7	7	7
ENSG00000143862.8	ARL8A	chr1	202133404	202144743	7	7	7
ENSG00000143851.15	PTPN7	chr1	202147013	202161588	7	7	7
ENSG00000243323.7	PTPRVP	chr1	202168051	202189455	7	7	7
ENSG00000133067.17	LGR6	chr1	202193901	202319781	7	7	7
ENSG00000077152.11	UBE2T	chr1	202331657	202341980	7	7	7
ENSG00000077157.22	PPP1R12B	chr1	202348699	202592706	7	7	7
ENSG00000229120.2	CYCSP4	chr1	202369526	202370145	7	7	7
ENSG00000272262.1	RNU6-89P	chr1	202410108	202410207	7	7	7
ENSG00000232626.3	AC099336.1	chr1	202438396	202439957	7	7	7
ENSG00000236439.4	AC099336.2	chr1	202471864	202472117	7	7	7
ENSG00000253042.1	SNORA70	chr1	202527310	202527427	7	7	7
ENSG00000143858.12	SYT2	chr1	202590596	202710454	7	7	7
ENSG00000226862.1	AC104463.2	chr1	202604268	202605293	7	7	7
ENSG00000225620.1	AC104463.1	chr1	202632428	202632911	7	7	7
ENSG00000117139.18	KDM5B	chr1	202724495	202808487	7	7	7
ENSG00000235449.2	AC098934.1	chr1	202767229	202767418	7	7	7
ENSG00000226148.1	SLC25A39P1	chr1	202796030	202797094	7	7	7
ENSG00000260021.1	AC098934.2	chr1	202810238	202810829	7	7	7
ENSG00000228288.7	PCAT6	chr1	202810954	202812156	7	7	7
ENSG00000184774.10	MGAT4EP	chr1	202820266	202827225	7	7	7
ENSG00000214796.8	TUBA5P	chr1	202851828	202861620	7	7	7
ENSG00000234996.4	ACTG1P25	chr1	202861754	202875241	7	7	7
ENSG00000183155.5	RABIF	chr1	202878282	202889149	7	7	7
ENSG00000117153.16	KLHL12	chr1	202891116	202928636	7	7	7
ENSG00000230280.2	HNRNPA1P59	chr1	202911812	202912729	7	7	7
ENSG00000199471.1	Y_RNA	chr1	202914880	202914980	7	7	7
ENSG00000159346.13	ADIPOR1	chr1	202940826	202958572	7	7	7
ENSG00000159348.13	CYB5R1	chr1	202961873	202967275	7	7	7
ENSG00000234761.1	MGAT4FP	chr1	202986557	202988582	7	7	7
ENSG00000231547.1	AC096632.1	chr1	202999738	203000352	7	7	7
ENSG00000163444.12	TMEM183A	chr1	203007374	203024848	7	7	7
ENSG00000143847.15	PPFIA4	chr1	203026498	203078740	7	7	7
ENSG00000122180.5	MYOG	chr1	203083129	203086012	7	7	7
ENSG00000163485.17	ADORA1	chr1	203090654	203167405	7	7	7
ENSG00000234775.2	AC105940.2	chr1	203115468	203128367	7	7	7
ENSG00000224671.2	AC105940.1	chr1	203144694	203152579	7	7	7
ENSG00000133055.9	MYBPH	chr1	203167811	203175826	7	7	7
ENSG00000133048.13	CHI3L1	chr1	203178931	203186704	7	7	7
ENSG00000133063.16	CHIT1	chr1	203212827	203273641	7	7	7
ENSG00000236523.2	NPM1P40	chr1	203255743	203256475	7	7	7
ENSG00000231507.2	LINC01353	chr1	203273221	203288804	7	7	7
ENSG00000233791.5	LINC01136	chr1	203298758	203305309	7	7	7
ENSG00000159388.6	BTG2	chr1	203305491	203309602	7	7	7
ENSG00000202300.1	RNU6-487P	chr1	203318996	203319099	7	7	7
ENSG00000122176.12	FMOD	chr1	203340628	203351758	7	7	7
ENSG00000229652.1	AL359837.1	chr1	203353365	203353651	7	7	7
ENSG00000271588.1	LARP7P1	chr1	203400266	203400581	7	7	7
ENSG00000188783.6	PRELP	chr1	203475806	203491352	7	7	7
ENSG00000188770.10	OPTC	chr1	203494153	203508949	7	7	7
ENSG00000058668.15	ATP2B4	chr1	203626787	203744081	7	7	7
ENSG00000236035.2	NSA2P1	chr1	203656969	203657760	7	7	7
ENSG00000221643.1	SNORA77	chr1	203729581	203729705	7	7	7
ENSG00000122188.13	LAX1	chr1	203765177	203776372	7	7	7
ENSG00000058673.17	ZC3H11A	chr1	203795623	203854999	7	7	7
ENSG00000257315.3	ZBED6	chr1	203795714	203854999	7	7	7
ENSG00000288644.1	AC114402.2	chr1	203802094	203802192	7	7	7
ENSG00000227417.3	AC114402.1	chr1	203805621	203806263	7	7	7
ENSG00000223505.2	RPL35AP5	chr1	203835585	203835912	7	7	7
ENSG00000182004.13	SNRPE	chr1	203861599	203871152	7	7	7
ENSG00000236430.1	KRT8P29	chr1	203872574	203874187	7	7	7
ENSG00000232917.5	HSPE1P6	chr1	203903723	203904013	7	7	7
ENSG00000237379.1	CBX1P3	chr1	203954640	203955780	7	7	7
ENSG00000286383.1	AC096645.1	chr1	203996532	204008357	7	7	7
ENSG00000176754.13	LINC00303	chr1	204032447	204041265	7	7	7
ENSG00000286572.1	AL592146.2	chr1	204064533	204073965	7	7	7
ENSG00000143842.15	SOX13	chr1	204073115	204127743	7	7	7
ENSG00000261065.1	AL592146.1	chr1	204131062	204131966	7	7	7
ENSG00000143845.15	ETNK2	chr1	204131062	204152044	7	7	7
ENSG00000230550.2	ERLNC1	chr1	204141404	204143327	7	7	7
ENSG00000143839.15	REN	chr1	204154819	204190324	7	7	7
ENSG00000225522.2	AL592114.2	chr1	204183006	204183537	7	7	7
ENSG00000170498.9	KISS1	chr1	204190341	204196491	7	7	7
ENSG00000174567.8	GOLT1A	chr1	204198163	204213988	7	7	7
ENSG00000143850.16	PLEKHA6	chr1	204218853	204377665	7	7	7
ENSG00000231691.2	AL592114.3	chr1	204276901	204280363	7	7	7
ENSG00000219133.2	AL592114.1	chr1	204346776	204347258	7	7	7
ENSG00000280924.1	LINC00628	chr1	204368431	204369719	7	7	7
ENSG00000226330.1	AL606489.1	chr1	204377850	204435846	7	7	7
ENSG00000237848.1	AL606489.2	chr1	204394541	204394774	7	7	7
ENSG00000158615.9	PPP1R15B	chr1	204403381	204411817	7	7	7
ENSG00000133056.13	PIK3C2B	chr1	204422628	204494724	7	7	7
ENSG00000198625.13	MDM4	chr1	204516379	204558120	7	7	7
ENSG00000236779.1	AL512306.1	chr1	204528845	204529692	7	7	7
ENSG00000200408.1	RNA5SP74	chr1	204562413	204562521	7	7	7
ENSG00000240710.1	AL512306.3	chr1	204603035	204616565	7	7	7
ENSG00000170382.12	LRRN2	chr1	204617170	204685738	7	7	7
ENSG00000240219.1	AL512306.2	chr1	204626775	204629712	7	7	7
ENSG00000228153.1	AL161793.1	chr1	204663872	204664613	7	7	7
ENSG00000252650.1	RNA5SP75	chr1	204707320	204707430	7	7	7
ENSG00000251861.1	AL161793.2	chr1	204727991	204728106	7	7	7
ENSG00000287197.1	AC096675.1	chr1	204822664	204829274	7	7	7
ENSG00000163531.15	NFASC	chr1	204828651	205022822	7	7	7
ENSG00000229657.2	AL391822.1	chr1	204946608	204947169	7	7	7
ENSG00000184144.12	CNTN2	chr1	205042937	205078289	7	7	7
ENSG00000174529.7	TMEM81	chr1	205083129	205084460	7	7	7
ENSG00000117222.14	RBBP5	chr1	205086142	205122015	7	7	7
ENSG00000271580.1	AL583832.1	chr1	205091163	205091946	7	7	7
ENSG00000236108.1	AC093422.2	chr1	205134646	205134950	7	7	7
ENSG00000133059.17	DSTYK	chr1	205142505	205211702	7	7	7
ENSG00000213041.4	AC093422.1	chr1	205202191	205202742	7	7	7
ENSG00000133069.17	TMCC2	chr1	205227946	205285632	7	7	7
ENSG00000225063.1	TMCC2-AS1	chr1	205233821	205236867	7	7	7
ENSG00000163545.11	NUAK2	chr1	205302063	205321745	7	7	7
ENSG00000162873.15	KLHDC8A	chr1	205336061	205357090	7	7	7
ENSG00000235363.1	SNRPGP10	chr1	205351247	205351471	7	7	7
ENSG00000226235.1	LEMD1-AS1	chr1	205373252	205387440	7	7	7
ENSG00000186007.10	LEMD1	chr1	205381378	205455954	7	7	7
ENSG00000281406.2	BLACAT1	chr1	205434885	205457091	7	7	7
ENSG00000199059.3	MIR135B	chr1	205448302	205448398	7	7	7
ENSG00000224717.1	LEMD1-DT	chr1	205455929	205469024	7	7	7
ENSG00000117266.16	CDK18	chr1	205504596	205532793	7	7	7
ENSG00000253097.1	RNU2-19P	chr1	205566716	205566799	7	7	7
ENSG00000174514.13	MFSD4A	chr1	205568885	205602918	7	7	7
ENSG00000206762.1	RNU6-418P	chr1	205595041	205595147	7	7	7
ENSG00000158711.14	ELK4	chr1	205597556	205632011	7	7	7
ENSG00000236942.1	AC096533.1	chr1	205625483	205626153	7	7	7
ENSG00000158715.6	SLC45A3	chr1	205657851	205680509	7	7	7
ENSG00000275213.1	Metazoa_SRP	chr1	205684018	205684307	7	7	7
ENSG00000069275.13	NUCKS1	chr1	205712822	205750182	7	7	7
ENSG00000201944.1	SNORA72	chr1	205731221	205731352	7	7	7
ENSG00000117280.13	RAB29	chr1	205767986	205775482	7	7	7
ENSG00000285521.1	AC119673.1	chr1	205775559	205783623	7	7	7
ENSG00000133065.11	SLC41A1	chr1	205789094	205813748	7	7	7
ENSG00000286619.1	AC119673.2	chr1	205813322	205896082	7	7	7
ENSG00000162877.13	PM20D1	chr1	205828025	205850132	7	7	7
ENSG00000174502.19	SLC26A9	chr1	205913048	205943460	7	7	7
ENSG00000227687.1	AL713965.1	chr1	205935128	205935768	7	7	7
ENSG00000276600.5	RAB7B	chr1	205976740	206003461	7	7	7
ENSG00000196188.12	CTSE	chr1	206008535	206023909	7	7	7
ENSG00000285417.1	BX571818.1	chr1	206035253	206062257	7	7	7
ENSG00000263961.8	RHEX	chr1	206053173	206102449	7	7	7
ENSG00000252692.1	AC244035.3	chr1	206080239	206080324	7	7	7
ENSG00000198049.7	AVPR1B	chr1	206106936	206117699	7	7	7
ENSG00000226780.1	AC244035.1	chr1	206117783	206126805	7	7	7
ENSG00000287432.1	AC244035.4	chr1	206147164	206166149	7	7	7
ENSG00000225483.1	RPL22P4	chr1	206160887	206161276	7	7	7
ENSG00000236889.1	AC244035.2	chr1	206175060	206177246	7	7	7
ENSG00000196550.10	FAM72A	chr1	206186179	206204414	7	7	7
ENSG00000266028.7	SRGAP2	chr1	206203345	206464443	7	7	7
ENSG00000229509.1	AC244023.1	chr1	206333327	206333438	7	7	7
ENSG00000263528.8	IKBKE	chr1	206470476	206496889	7	7	7
ENSG00000278465.1	MIR6769B	chr1	206474803	206474864	7	7	7
ENSG00000162888.4	C1orf147	chr1	206491116	206497728	7	7	7
ENSG00000261000.1	AC244034.2	chr1	206503948	206504456	7	7	7
ENSG00000266094.8	RASSF5	chr1	206507531	206589448	7	7	7
ENSG00000234981.1	AC244034.1	chr1	206528915	206529706	7	7	7
ENSG00000279946.1	AC244034.3	chr1	206541758	206544892	7	7	7
ENSG00000143486.16	EIF2D	chr1	206571292	206612465	7	7	7
ENSG00000237605.2	DYRK3-AS1	chr1	206634196	206635714	7	7	7
ENSG00000143479.17	DYRK3	chr1	206635536	206684419	7	7	7
ENSG00000162889.11	MAPKAPK2	chr1	206684905	206734281	7	7	7
ENSG00000224114.1	AL591846.1	chr1	206695837	206696269	7	7	7
ENSG00000199349.1	Y_RNA	chr1	206747980	206748092	7	7	7
ENSG00000136634.7	IL10	chr1	206767602	206774541	7	7	7
ENSG00000142224.17	IL19	chr1	206770764	206842979	7	7	7
ENSG00000162891.10	IL20	chr1	206865354	206869223	7	7	7
ENSG00000162892.16	IL24	chr1	206897443	206904139	7	7	7
ENSG00000162894.12	FCMR	chr1	206903317	206923247	7	7	7
ENSG00000271680.1	AC098935.2	chr1	206905928	206906393	7	7	7
ENSG00000226945.1	AC098935.1	chr1	206907619	206908229	7	7	7
ENSG00000162896.6	PIGR	chr1	206928522	206946466	7	7	7
ENSG00000162897.16	FCAMR	chr1	206957965	206970625	7	7	7
ENSG00000182795.13	C1orf116	chr1	207018522	207032756	7	7	7
ENSG00000123836.15	PFKFB2	chr1	207034366	207081024	7	7	7
ENSG00000180667.10	YOD1	chr1	207043849	207052980	7	7	7
ENSG00000123843.13	C4BPB	chr1	207088860	207099993	7	7	7
ENSG00000123838.11	C4BPA	chr1	207104233	207144972	7	7	7
ENSG00000275392.1	AL445493.3	chr1	207127010	207127486	7	7	7
ENSG00000226565.2	AL445493.1	chr1	207150205	207150281	7	7	7
ENSG00000224462.2	C4BPAP1	chr1	207165496	207183910	7	7	7
ENSG00000243636.1	AL445493.2	chr1	207179296	207184062	7	7	7
ENSG00000232621.1	C4BPAP2	chr1	207225798	207229202	7	7	7
ENSG00000237074.2	AL596218.1	chr1	207240122	207309292	7	7	7
ENSG00000196352.16	CD55	chr1	207321532	207386804	7	7	7
ENSG00000283044.1	AL391597.1	chr1	207401691	207416236	7	7	7
ENSG00000117322.18	CR2	chr1	207454230	207489895	7	7	7
ENSG00000203710.12	CR1	chr1	207496147	207641765	7	7	7
ENSG00000236911.6	AL137789.1	chr1	207551925	207606555	7	7	7
ENSG00000197721.17	CR1L	chr1	207645113	207738416	7	7	7
ENSG00000244703.3	CD46P1	chr1	207645234	207657410	7	7	7
ENSG00000226289.1	CDCA4P3	chr1	207658454	207659142	7	7	7
ENSG00000274059.1	RNA5SP534	chr1	207708898	207708981	7	7	7
ENSG00000285239.1	AL137789.2	chr1	207709024	207711508	7	7	7
ENSG00000117335.20	CD46	chr1	207752054	207795513	7	7	7
ENSG00000234219.1	CDCA4P4	chr1	207762584	207763263	7	7	7
ENSG00000203709.12	MIR29B2CHG	chr1	207801518	207879115	7	7	7
ENSG00000284214.1	MIR29C	chr1	207801852	207801939	7	7	7
ENSG00000284203.1	MIR29B2	chr1	207802443	207802523	7	7	7
ENSG00000174059.17	CD34	chr1	207880972	207911402	7	7	7
ENSG00000285719.2	AL356275.1	chr1	207909992	207917088	7	7	7
ENSG00000284237.1	LINC02767	chr1	207959292	207969329	7	7	7
ENSG00000076356.7	PLXNA2	chr1	208022242	208244384	7	7	7
ENSG00000287220.1	AL590138.1	chr1	208106102	208107655	7	7	7
ENSG00000226843.1	AL606753.1	chr1	208255290	208255376	7	7	7
ENSG00000286198.1	AL606753.2	chr1	208266059	208270667	7	7	7
ENSG00000261453.2	LINC01735	chr1	208606564	208614295	7	7	7
ENSG00000259815.1	LINC02769	chr1	208626741	208628085	7	7	7
ENSG00000227887.1	RPS26P13	chr1	208697369	208697698	7	7	7
ENSG00000232812.2	LINC01717	chr1	208728665	208736286	7	7	7
ENSG00000236950.1	LINC01774	chr1	208972454	208975307	7	7	7
ENSG00000278684.1	AC104465.1	chr1	209001338	209001476	7	7	7
ENSG00000287046.1	AC092810.3	chr1	209107503	209114419	7	7	7
ENSG00000232537.2	AC092810.2	chr1	209147220	209266758	7	7	7
ENSG00000228081.2	AC092810.1	chr1	209173014	209173375	7	7	7
ENSG00000224540.1	TFDP1P1	chr1	209232196	209233419	7	7	7
ENSG00000225712.1	ATP5MC2P1	chr1	209267798	209268223	7	7	7
ENSG00000227940.2	LINC01696	chr1	209325392	209328535	7	7	7
ENSG00000231648.2	LINC01698	chr1	209367662	209380518	7	7	7
ENSG00000230937.12	MIR205HG	chr1	209428817	209432838	7	7	7
ENSG00000284485.1	MIR205	chr1	209432133	209432242	7	7	7
ENSG00000224260.6	AL023754.1	chr1	209528455	209567673	7	7	7
ENSG00000287902.1	AL023754.2	chr1	209531236	209536351	7	7	7
ENSG00000008118.10	CAMK1G	chr1	209583714	209613939	7	7	7
ENSG00000196878.15	LAMB3	chr1	209614870	209652425	7	7	7
ENSG00000283876.1	MIR4260	chr1	209623444	209623510	7	7	7
ENSG00000227591.5	HSD11B1-AS1	chr1	209661364	209724125	7	7	7
ENSG00000123689.6	G0S2	chr1	209675412	209676390	7	7	7
ENSG00000117594.10	HSD11B1	chr1	209686178	209734949	7	7	7
ENSG00000236136.1	ADORA2BP1	chr1	209744373	209745214	7	7	7
ENSG00000009790.15	TRAF3IP3	chr1	209756032	209782320	7	7	7
ENSG00000162757.4	C1orf74	chr1	209779208	209784559	7	7	7
ENSG00000117595.12	IRF6	chr1	209785617	209806175	7	7	7
ENSG00000117597.18	UTP25	chr1	209827972	209857565	7	7	7
ENSG00000143469.20	SYT14	chr1	209900923	210171389	7	7	7
ENSG00000287343.1	AL022397.1	chr1	209987333	209997092	7	7	7
ENSG00000203706.8	SERTAD4-AS1	chr1	210231456	210234047	7	7	7
ENSG00000082497.12	SERTAD4	chr1	210232796	210246631	7	7	7
ENSG00000228110.4	ST13P19	chr1	210265636	210267241	7	7	7
ENSG00000233455.2	AL035414.1	chr1	210303684	210304540	7	7	7
ENSG00000054392.13	HHAT	chr1	210328252	210676296	7	7	7
ENSG00000287354.1	AL034351.4	chr1	210362861	210366948	7	7	7
ENSG00000200972.1	RNU5A-8P	chr1	210374154	210374267	7	7	7
ENSG00000287157.1	AL034351.3	chr1	210386657	210394112	7	7	7
ENSG00000270936.1	BPNT2P	chr1	210462345	210463012	7	7	7
ENSG00000143473.13	KCNH1	chr1	210676823	211134165	7	7	7
ENSG00000279333.1	AC096636.1	chr1	210678315	210681932	7	7	7
ENSG00000284299.1	AL590132.1	chr1	210858125	211134146	7	7	7
ENSG00000224668.1	IPO8P1	chr1	210859177	210862285	7	7	7
ENSG00000283952.1	AC092017.2	chr1	211082872	211188533	7	7	7
ENSG00000284376.1	AC092017.3	chr1	211108445	211207138	7	7	7
ENSG00000234233.1	KCNH1-IT1	chr1	211132588	211133374	7	7	7
ENSG00000234004.4	AC092017.1	chr1	211173488	211173849	7	7	7
ENSG00000226986.4	PRELID1P5	chr1	211207239	211207897	7	7	7
ENSG00000117625.14	RCOR3	chr1	211258377	211316385	7	7	7
ENSG00000082512.15	TRAF5	chr1	211326615	211374946	7	7	7
ENSG00000287033.1	AL590101.1	chr1	211376834	211382717	7	7	7
ENSG00000153363.13	LINC00467	chr1	211382736	211435570	7	7	7
ENSG00000236809.2	SNX25P1	chr1	211417025	211417934	7	7	7
ENSG00000238137.2	ARPC3P2	chr1	211442274	211442806	7	7	7
ENSG00000198570.6	RD3	chr1	211476522	211492162	7	7	7
ENSG00000223649.1	AC105275.1	chr1	211492255	211492917	7	7	7
ENSG00000170385.10	SLC30A1	chr1	211571568	211579161	7	7	7
ENSG00000261314.1	AC105275.2	chr1	211583015	211583725	7	7	7
ENSG00000228792.3	AL356310.1	chr1	211635865	211644114	7	7	7
ENSG00000227764.2	LINC01693	chr1	211639440	211654627	7	7	7
ENSG00000117650.13	NEK2	chr1	211658657	211675630	7	7	7
ENSG00000224763.1	FDPSP8	chr1	211660189	211661277	7	7	7
ENSG00000231057.4	AC096637.2	chr1	211675749	211690103	7	7	7
ENSG00000226868.1	AC096637.1	chr1	211715928	211725402	7	7	7
ENSG00000123684.13	LPGAT1	chr1	211743457	211830763	7	7	7
ENSG00000241395.3	RN7SL344P	chr1	211792111	211792406	7	7	7
ENSG00000212205.1	Y_RNA	chr1	211803017	211803104	7	7	7
ENSG00000229258.6	LPGAT1-AS1	chr1	211829636	211853703	7	7	7
ENSG00000233626.2	AC092814.2	chr1	211936249	211936634	7	7	7
ENSG00000143493.13	INTS7	chr1	211940399	212035557	7	7	7
ENSG00000212187.1	AC092814.1	chr1	212025561	212025682	7	7	7
ENSG00000143476.18	DTL	chr1	212035553	212107400	7	7	7
ENSG00000220749.4	RPL21P28	chr1	212051524	212052006	7	7	7
ENSG00000264358.1	MIR3122	chr1	212077613	212077685	7	7	7
ENSG00000252879.1	RN7SKP98	chr1	212099521	212099676	7	7	7
ENSG00000229983.1	AL606468.1	chr1	212168207	212190259	7	7	7
ENSG00000226251.6	LINC02608	chr1	212225278	212238977	7	7	7
ENSG00000066027.12	PPP2R5A	chr1	212285410	212361853	7	7	7
ENSG00000230063.1	AL360091.2	chr1	212297448	212299579	7	7	7
ENSG00000234915.1	AL360091.3	chr1	212299495	212331713	7	7	7
ENSG00000225338.1	RPL23AP18	chr1	212309051	212309518	7	7	7
ENSG00000201544.1	SNORA16B	chr1	212352816	212352950	7	7	7
ENSG00000229832.1	AL360091.1	chr1	212357418	212358353	7	7	7
ENSG00000065600.13	PACC1	chr1	212363928	212414901	7	7	7
ENSG00000287445.1	AC092803.3	chr1	212430269	212432775	7	7	7
ENSG00000117691.10	NENF	chr1	212432920	212446379	7	7	7
ENSG00000224535.2	LINC02771	chr1	212466699	212472905	7	7	7
ENSG00000286213.1	AC092803.2	chr1	212504178	212534060	7	7	7
ENSG00000228067.1	LINC01740	chr1	212545694	212556065	7	7	7
ENSG00000260805.2	AC092803.1	chr1	212557833	212559731	7	7	7
ENSG00000288007.1	AC092803.4	chr1	212559363	212561399	7	7	7
ENSG00000162772.17	ATF3	chr1	212565334	212620777	7	7	7
ENSG00000235862.2	AL590648.2	chr1	212624284	212626771	7	7	7
ENSG00000162771.8	FAM71A	chr1	212624474	212626775	7	7	7
ENSG00000226036.1	AL590648.1	chr1	212647296	212647755	7	7	7
ENSG00000237980.2	LINC02773	chr1	212653305	212665638	7	7	7
ENSG00000123685.9	BATF3	chr1	212686417	212699840	7	7	7
ENSG00000117697.15	NSL1	chr1	212726153	212791782	7	7	7
ENSG00000203705.11	TATDN3	chr1	212791828	212816830	7	7	7
ENSG00000236905.2	AC104333.3	chr1	212824027	212824505	7	7	7
ENSG00000185523.6	SPATA45	chr1	212830141	212847649	7	7	7
ENSG00000198468.9	FLVCR1-DT	chr1	212852105	212858126	7	7	7
ENSG00000235182.1	AC104333.1	chr1	212853280	212853426	7	7	7
ENSG00000236317.1	AC104333.2	chr1	212855175	212855366	7	7	7
ENSG00000162769.13	FLVCR1	chr1	212858275	212899363	7	7	7
ENSG00000282718.1	AC104333.4	chr1	212916787	212917577	7	7	7
ENSG00000143494.15	VASH2	chr1	212950520	212992037	7	7	7
ENSG00000174606.14	ANGEL2	chr1	212992182	213015867	7	7	7
ENSG00000136643.12	RPS6KC1	chr1	213051233	213274774	7	7	7
ENSG00000228646.3	RPL31P13	chr1	213428708	213429077	7	7	7
ENSG00000225233.2	AL592402.1	chr1	213492288	213579267	7	7	7
ENSG00000228255.1	AC096639.1	chr1	213731416	213794587	7	7	7
ENSG00000230461.9	PROX1-AS1	chr1	213817751	213988508	7	7	7
ENSG00000281664.1	LINC00538	chr1	213924749	213926654	7	7	7
ENSG00000117707.16	PROX1	chr1	213983181	214041510	7	7	7
ENSG00000274895.1	AC011700.1	chr1	213983793	213986419	7	7	7
ENSG00000272167.2	AL606537.1	chr1	214028891	214030901	7	7	7
ENSG00000283518.1	LINC02775	chr1	214051194	214187773	7	7	7
ENSG00000143499.14	SMYD2	chr1	214281102	214337131	7	7	7
ENSG00000228470.1	AL929236.1	chr1	214344172	214357615	7	7	7
ENSG00000152104.12	PTPN14	chr1	214348700	214552449	7	7	7
ENSG00000213036.3	AL445305.1	chr1	214482813	214483387	7	7	7
ENSG00000215819.3	KRT18P12	chr1	214532195	214533467	7	7	7
ENSG00000117724.13	CENPF	chr1	214603195	214664571	7	7	7
ENSG00000250536.1	ABHD17AP3	chr1	214605470	214608840	7	7	7
ENSG00000224584.2	UBE2V1P13	chr1	214612960	214613398	7	7	7
ENSG00000185221.6	GAPDHP24	chr1	214870734	214871716	7	7	7
ENSG00000223869.1	AC099563.1	chr1	214943123	214943540	7	7	7
ENSG00000287008.1	AC099563.2	chr1	214946909	214988040	7	7	7
ENSG00000082482.14	KCNK2	chr1	215005775	215237090	7	7	7
ENSG00000232809.1	VDAC1P10	chr1	215376484	215377374	7	7	7
ENSG00000282265.1	AL450990.1	chr1	215393646	215394418	7	7	7
ENSG00000136636.13	KCTD3	chr1	215567304	215621807	7	7	7
ENSG00000042781.14	USH2A	chr1	215622891	216423448	7	7	7
ENSG00000202498.1	SNORD116	chr1	215630026	215630117	7	7	7
ENSG00000229242.1	AL358452.1	chr1	215886582	215901464	7	7	7
ENSG00000233620.5	USH2A-AS2	chr1	216072465	216086917	7	7	7
ENSG00000236292.1	USH2A-AS1	chr1	216194051	216204366	7	7	7
ENSG00000226013.1	MRPS18BP1	chr1	216201635	216201826	7	7	7
ENSG00000196482.18	ESRRG	chr1	216503246	217137755	7	7	7
ENSG00000092978.11	GPATCH2	chr1	217426992	217631090	7	7	7
ENSG00000162814.11	SPATA17	chr1	217631324	217871696	7	7	7
ENSG00000234070.1	SPATA17-AS1	chr1	217781198	217785120	7	7	7
ENSG00000228247.1	UBBP2	chr1	217850403	217850633	7	7	7
ENSG00000231814.3	LINC00210	chr1	217892900	217920804	7	7	7
ENSG00000230714.1	AL355526.1	chr1	218031835	218033660	7	7	7
ENSG00000232100.1	LINC01653	chr1	218043505	218059140	7	7	7
ENSG00000286775.1	AL355526.2	chr1	218046943	218049221	7	7	7
ENSG00000201493.1	RNU1-141P	chr1	218129795	218129952	7	7	7
ENSG00000067533.6	RRP15	chr1	218285293	218337983	7	7	7
ENSG00000229016.1	AC096638.2	chr1	218301262	218301972	7	7	7
ENSG00000223375.1	AC096638.1	chr1	218338541	218338756	7	7	7
ENSG00000232480.1	TGFB2-AS1	chr1	218344196	218345678	7	7	7
ENSG00000092969.12	TGFB2	chr1	218345336	218444619	7	7	7
ENSG00000281453.1	TGFB2-OT1	chr1	218442626	218443996	7	7	7
ENSG00000228208.7	LINC02869	chr1	218459265	218525978	7	7	7
ENSG00000212610.2	U3	chr1	218541690	218541899	7	7	7
ENSG00000226693.1	NXNP1	chr1	218881600	218882650	7	7	7
ENSG00000225561.2	LINC01710	chr1	218912757	218918714	7	7	7
ENSG00000228063.2	LYPLAL1-DT	chr1	218983023	219173961	7	7	7
ENSG00000143353.12	LYPLAL1	chr1	219173869	219212865	7	7	7
ENSG00000225920.2	RIMKLBP2	chr1	219199914	219200567	7	7	7
ENSG00000223842.1	AL360093.1	chr1	219222248	219225497	7	7	7
ENSG00000277007.1	AC096642.1	chr1	219270774	219273387	7	7	7
ENSG00000287676.1	AC096642.2	chr1	219294982	219297668	7	7	7
ENSG00000228536.3	LYPLAL1-AS1	chr1	219409039	219459369	7	7	7
ENSG00000238232.1	AL356364.1	chr1	219557192	219557701	7	7	7
ENSG00000215817.7	ZC3H11B	chr1	219608010	219613145	7	7	7
ENSG00000196660.11	SLC30A10	chr1	219685427	219958647	7	7	7
ENSG00000252086.1	RNA5SP76	chr1	219761789	219761875	7	7	7
ENSG00000221673.2	U3	chr1	219962652	219962865	7	7	7
ENSG00000136628.18	EPRS1	chr1	219968600	220046530	7	7	7
ENSG00000162813.18	BPNT1	chr1	220057482	220090462	7	7	7
ENSG00000067704.10	IARS2	chr1	220094132	220148041	7	7	7
ENSG00000207590.1	MIR215	chr1	220117853	220117962	7	7	7
ENSG00000207624.1	MIR194-1	chr1	220118157	220118241	7	7	7
ENSG00000232134.1	RPS15AP12	chr1	220143964	220144351	7	7	7
ENSG00000118873.16	RAB3GAP2	chr1	220148293	220272453	7	7	7
ENSG00000281696.1	MIR664A	chr1	220200538	220200619	7	7	7
ENSG00000222370.1	SNORA36B	chr1	220200546	220200676	7	7	7
ENSG00000270585.1	SNX2P1	chr1	220207618	220208282	7	7	7
ENSG00000270708.1	KF455155.1	chr1	220220291	220220593	7	7	7
ENSG00000218283.2	MORF4L1P1	chr1	220253570	220254536	7	7	7
ENSG00000213033.4	AURKAP1	chr1	220266706	220267917	7	7	7
ENSG00000230318.2	XRCC6P3	chr1	220313945	220315565	7	7	7
ENSG00000232883.1	AL451081.2	chr1	220316667	220317599	7	7	7
ENSG00000226927.1	AL451081.1	chr1	220359731	220360183	7	7	7
ENSG00000260505.1	AC096644.3	chr1	220401122	220404033	7	7	7
ENSG00000235163.2	AC096644.2	chr1	220448516	220448853	7	7	7
ENSG00000234863.1	AC096644.1	chr1	220455154	220455312	7	7	7
ENSG00000226226.1	PRELID3BP1	chr1	220467954	220468808	7	7	7
ENSG00000231529.2	LINC02779	chr1	220485104	220487558	7	7	7
ENSG00000116141.17	MARK1	chr1	220528136	220664461	7	7	7
ENSG00000243872.3	RN7SL464P	chr1	220571739	220572035	7	7	7
ENSG00000233012.2	HDAC1P2	chr1	220625740	220628056	7	7	7
ENSG00000162817.7	C1orf115	chr1	220690363	220699153	7	7	7
ENSG00000117791.16	MTARC2	chr1	220748225	220784815	7	7	7
ENSG00000186205.13	MTARC1	chr1	220786913	220819659	7	7	7
ENSG00000286231.1	AL445423.3	chr1	220786990	220884503	7	7	7
ENSG00000221571.3	RNU6ATAC35P	chr1	220825620	220826063	7	7	7
ENSG00000276642.1	AL445423.2	chr1	220825776	220825893	7	7	7
ENSG00000272823.1	AL445423.1	chr1	220828676	220829211	7	7	7
ENSG00000238078.1	LINC01352	chr1	220829255	220832429	7	7	7
ENSG00000257551.1	HLX-AS1	chr1	220832763	220880140	7	7	7
ENSG00000136630.13	HLX	chr1	220879431	220885059	7	7	7
ENSG00000226211.1	AL445466.1	chr1	221133865	221134221	7	7	7
ENSG00000234754.2	LINC02817	chr1	221330080	221336489	7	7	7
ENSG00000232436.1	AL360013.2	chr1	221508559	221510979	7	7	7
ENSG00000286398.1	AL360013.3	chr1	221549362	221554314	7	7	7
ENSG00000227585.2	AL360013.1	chr1	221549786	221550643	7	7	7
ENSG00000286421.1	AL360013.4	chr1	221555550	221563653	7	7	7
ENSG00000143507.18	DUSP10	chr1	221701424	221742089	7	7	7
ENSG00000227925.2	LINC01655	chr1	221819842	221840717	7	7	7
ENSG00000200033.1	RNU6-403P	chr1	221837334	221837437	7	7	7
ENSG00000238042.5	LINC02257	chr1	221880981	221978523	7	7	7
ENSG00000228437.5	LINC02474	chr1	221966341	221984964	7	7	7
ENSG00000232679.2	LINC01705	chr1	222010825	222064773	7	7	7
ENSG00000236230.2	AL356108.1	chr1	222088806	222389103	7	7	7
ENSG00000227613.1	QRSL1P2	chr1	222261833	222262796	7	7	7
ENSG00000226643.2	AL513314.1	chr1	222452738	222454705	7	7	7
ENSG00000234419.1	CICP13	chr1	222468094	222470882	7	7	7
ENSG00000276997.4	AL513314.2	chr1	222477252	222504622	7	7	7
ENSG00000222399.1	RNU6-791P	chr1	222503632	222503735	7	7	7
ENSG00000267305.2	AL592148.2	chr1	222510169	222519732	7	7	7
ENSG00000143512.13	HHIPL2	chr1	222522258	222548104	7	7	7
ENSG00000143498.18	TAF1A	chr1	222557902	222589933	7	7	7
ENSG00000225265.2	TAF1A-AS1	chr1	222589825	222593843	7	7	7
ENSG00000154305.18	MIA3	chr1	222618097	222668007	7	7	7
ENSG00000229399.1	AL592148.1	chr1	222641414	222641858	7	7	7
ENSG00000272750.1	AL592148.3	chr1	222658867	222661512	7	7	7
ENSG00000186063.13	AIDA	chr1	222668013	222713210	7	7	7
ENSG00000162819.12	BROX	chr1	222712553	222735196	7	7	7
ENSG00000197520.10	FAM177B	chr1	222737207	222750805	7	7	7
ENSG00000287684.1	AL392172.1	chr1	222743356	222773149	7	7	7
ENSG00000154309.9	DISP1	chr1	222815022	223005995	7	7	7
ENSG00000234523.1	NDUFB1P2	chr1	222945725	222945900	7	7	7
ENSG00000287338.1	AL929091.1	chr1	223091872	223103335	7	7	7
ENSG00000187554.14	TLR5	chr1	223109404	223143248	7	7	7
ENSG00000236846.1	AL359979.2	chr1	223144049	223144954	7	7	7
ENSG00000226601.1	AL359979.1	chr1	223181144	223188154	7	7	7
ENSG00000143502.15	SUSD4	chr1	223220819	223364178	7	7	7
ENSG00000251789.2	RNU4-57P	chr1	223373822	223373956	7	7	7
ENSG00000178395.7	CCDC185	chr1	223393415	223395465	7	7	7
ENSG00000203697.12	CAPN8	chr1	223538007	223665723	7	7	7
ENSG00000227002.2	SNRPEP10	chr1	223644110	223644383	7	7	7
ENSG00000212398.1	RNU6-1248P	chr1	223690051	223690114	7	7	7
ENSG00000162909.18	CAPN2	chr1	223701593	223776018	7	7	7
ENSG00000143514.17	TP53BP2	chr1	223779893	223845954	7	7	7
ENSG00000227621.1	PHBP11	chr1	223856579	223857387	7	7	7
ENSG00000188460.4	ACTBP11	chr1	223863726	223864851	7	7	7
ENSG00000233771.2	CICP5	chr1	223947605	223950416	7	7	7
ENSG00000272645.3	GTF2IP20	chr1	223951394	223992594	7	7	7
ENSG00000212157.1	RNU6-1319P	chr1	223976146	223976249	7	7	7
ENSG00000185495.10	AC138393.1	chr1	223992743	224010612	7	7	7
ENSG00000278467.1	AC138393.3	chr1	223994262	223995196	7	7	7
ENSG00000229930.1	AC138393.2	chr1	224030704	224035056	7	7	7
ENSG00000252484.1	RN7SKP49	chr1	224107282	224107541	7	7	7
ENSG00000143756.12	FBXO28	chr1	224114111	224162047	7	7	7
ENSG00000236773.1	AC092809.3	chr1	224175476	224175706	7	7	7
ENSG00000143753.13	DEGS1	chr1	224175756	224193441	7	7	7
ENSG00000201898.1	SNORA72	chr1	224179641	224179767	7	7	7
ENSG00000232628.6	AC092809.2	chr1	224208741	224213625	7	7	7
ENSG00000237101.1	AC092809.4	chr1	224219613	224228043	7	7	7
ENSG00000143748.18	NVL	chr1	224227334	224330189	7	7	7
ENSG00000221406.1	MIR320B2	chr1	224257004	224257141	7	7	7
ENSG00000229742.1	AC092809.1	chr1	224297646	224298600	7	7	7
ENSG00000206887.1	RNU6-1008P	chr1	224305380	224305483	7	7	7
ENSG00000143771.12	CNIH4	chr1	224356858	224379459	7	7	7
ENSG00000162923.17	WDR26	chr1	224385146	224437033	7	7	7
ENSG00000266618.1	MIR4742	chr1	224398227	224398311	7	7	7
ENSG00000143786.8	CNIH3	chr1	224434660	224740554	7	7	7
ENSG00000229991.1	AKR1B1P1	chr1	224574434	224575389	7	7	7
ENSG00000233384.3	CNIH3-AS2	chr1	224608130	224616220	7	7	7
ENSG00000234247.1	DNAJB6P6	chr1	224661173	224661886	7	7	7
ENSG00000286174.1	AL596330.1	chr1	224703272	224712849	7	7	7
ENSG00000229400.1	CNIH3-AS1	chr1	224717504	224730662	7	7	7
ENSG00000225334.3	LINC02813	chr1	224766324	224779335	7	7	7
ENSG00000286719.1	AL391811.1	chr1	224802959	224881355	7	7	7
ENSG00000185842.15	DNAH14	chr1	224896262	225399292	7	7	7
ENSG00000143815.15	LBR	chr1	225401502	225428925	7	7	7
ENSG00000234476.3	LINC02765	chr1	225447233	225465400	7	7	7
ENSG00000282418.1	AC092811.1	chr1	225465021	225473837	7	7	7
ENSG00000154380.17	ENAH	chr1	225486835	225653142	7	7	7
ENSG00000227496.3	AC099066.2	chr1	225700264	225752258	7	7	7
ENSG00000226349.1	AC099066.1	chr1	225710968	225736274	7	7	7
ENSG00000223306.2	RNU6-1304P	chr1	225741275	225741380	7	7	7
ENSG00000143742.14	SRP9	chr1	225777813	225790468	7	7	7
ENSG00000234112.2	AC099066.3	chr1	225803148	225803448	7	7	7
ENSG00000143819.12	EPHX1	chr1	225810092	225845563	7	7	7
ENSG00000242861.1	AL591895.1	chr1	225840883	225846522	7	7	7
ENSG00000196187.12	TMEM63A	chr1	225845536	225882380	7	7	7
ENSG00000243709.1	LEFTY1	chr1	225886282	225911382	7	7	7
ENSG00000255835.1	AL117348.2	chr1	225886696	225924278	7	7	7
ENSG00000143811.19	PYCR2	chr1	225919877	225924340	7	7	7
ENSG00000284519.1	MIR6741	chr1	225922080	225922142	7	7	7
ENSG00000248322.1	AL117348.1	chr1	225936411	225937557	7	7	7
ENSG00000143768.13	LEFTY2	chr1	225936598	225941383	7	7	7
ENSG00000213032.3	NDUFA3P3	chr1	225964179	225964428	7	7	7
ENSG00000143751.10	SDE2	chr1	225982702	225999343	7	7	7
ENSG00000272562.2	AL512343.2	chr1	226045561	226061898	7	7	7
ENSG00000163041.13	H3-3A	chr1	226061851	226072019	7	7	7
ENSG00000225518.3	LINC01703	chr1	226083590	226090465	7	7	7
ENSG00000270598.1	AL512343.1	chr1	226127178	226127346	7	7	7
ENSG00000182827.9	ACBD3	chr1	226144679	226186741	7	7	7
ENSG00000234478.1	ACBD3-AS1	chr1	226148003	226155071	7	7	7
ENSG00000223570.2	AL592045.1	chr1	226188870	226189221	7	7	7
ENSG00000185155.12	MIXL1	chr1	226223618	226227060	7	7	7
ENSG00000183814.15	LIN9	chr1	226231149	226309869	7	7	7
ENSG00000236994.1	YBX1P9	chr1	226318015	226318693	7	7	7
ENSG00000275406.1	AL359742.1	chr1	226331999	226333655	7	7	7
ENSG00000143799.14	PARP1	chr1	226360210	226408154	7	7	7
ENSG00000270287.1	AL359704.1	chr1	226411615	226412135	7	7	7
ENSG00000229965.1	RPS3AP7	chr1	226438564	226439344	7	7	7
ENSG00000223282.1	RN7SKP165	chr1	226445937	226446292	7	7	7
ENSG00000177770.11	CDKN2AIPNLP1	chr1	226493188	226493489	7	7	7
ENSG00000287627.1	AL359704.2	chr1	226538305	226542729	7	7	7
ENSG00000203685.10	STUM	chr1	226548764	226609230	7	7	7
ENSG00000143772.9	ITPKB	chr1	226631690	226739323	7	7	7
ENSG00000228382.1	ITPKB-IT1	chr1	226656640	226675067	7	7	7
ENSG00000228548.1	ITPKB-AS1	chr1	226668897	226676345	7	7	7
ENSG00000238183.2	RPS27P5	chr1	226781501	226781744	7	7	7
ENSG00000287259.1	AL359732.1	chr1	226827711	226833906	7	7	7
ENSG00000143801.18	PSEN2	chr1	226870184	226927726	7	7	7
ENSG00000288674.1	AL391628.1	chr1	226870184	226987545	7	7	7
ENSG00000163050.18	COQ8A	chr1	226940286	226987544	7	7	7
ENSG00000228525.1	AL353689.1	chr1	226958069	226958267	7	7	7
ENSG00000143776.18	CDC42BPA	chr1	226989865	227318474	7	7	7
ENSG00000233706.1	AL353689.2	chr1	226992140	226993206	7	7	7
ENSG00000287532.1	AL353689.3	chr1	227123895	227132394	7	7	7
ENSG00000228625.1	AL451047.1	chr1	227178333	227183444	7	7	7
ENSG00000228729.1	AL627308.1	chr1	227234269	227235355	7	7	7
ENSG00000236636.2	AL627308.2	chr1	227264776	227265207	7	7	7
ENSG00000287525.1	AL627308.3	chr1	227280449	227281967	7	7	7
ENSG00000234277.3	LINC01641	chr1	227393554	227431035	7	7	7
ENSG00000232864.1	NUCKS1P1	chr1	227410617	227411319	7	7	7
ENSG00000242757.1	AL606462.1	chr1	227430526	227430976	7	7	7
ENSG00000224834.1	BTF3P9	chr1	227434064	227434346	7	7	7
ENSG00000237193.1	AL451054.2	chr1	227482253	227482454	7	7	7
ENSG00000278180.1	AL451054.3	chr1	227490691	227492296	7	7	7
ENSG00000237469.2	TUBB8P10	chr1	227493029	227495142	7	7	7
ENSG00000235827.2	TUBB8P9	chr1	227506182	227508292	7	7	7
ENSG00000227711.3	AL451054.1	chr1	227509028	227510618	7	7	7
ENSG00000287205.1	AL451054.4	chr1	227518738	227520619	7	7	7
ENSG00000202264.1	RNA5SP77	chr1	227561181	227561300	7	7	7
ENSG00000181450.18	ZNF678	chr1	227563543	227677443	7	7	7
ENSG00000225934.2	FAM133FP	chr1	227598424	227599094	7	7	7
ENSG00000215812.5	ZNF847P	chr1	227696892	227706699	7	7	7
ENSG00000143740.14	SNAP47	chr1	227728539	227781231	7	7	7
ENSG00000081692.12	JMJD4	chr1	227730425	227735411	7	7	7
ENSG00000230005.2	SNAP47-AS1	chr1	227743831	227747191	7	7	7
ENSG00000286389.1	AL731702.1	chr1	227786753	227792179	7	7	7
ENSG00000185888.5	PRSS38	chr1	227815693	227846470	7	7	7
ENSG00000143816.8	WNT9A	chr1	227918656	227947932	7	7	7
ENSG00000264483.1	MIR5008	chr1	227941590	227941683	7	7	7
ENSG00000233003.4	CICP26	chr1	227975390	227978193	7	7	7
ENSG00000274886.1	SEPTIN14P17	chr1	227980051	227980227	7	7	7
ENSG00000154342.6	WNT3A	chr1	228006998	228061271	7	7	7
ENSG00000276255.2	LINC02809	chr1	228073909	228076550	7	7	7
ENSG00000143761.16	ARF1	chr1	228082660	228099212	7	7	7
ENSG00000284163.1	MIR3620	chr1	228097263	228097341	7	7	7
ENSG00000143793.13	C1orf35	chr1	228100726	228105411	7	7	7
ENSG00000162910.19	MRPL55	chr1	228106679	228109312	7	7	7
ENSG00000224566.2	FAM96AP2	chr1	228114997	228115473	7	7	7
ENSG00000287895.1	AL136379.1	chr1	228119149	228121312	7	7	7
ENSG00000280157.1	AL359510.2	chr1	228121523	228123771	7	7	7
ENSG00000227625.2	AL359510.1	chr1	228134785	228134992	7	7	7
ENSG00000143774.17	GUK1	chr1	228139962	228148984	7	7	7
ENSG00000198835.4	GJC2	chr1	228149930	228159826	7	7	7
ENSG00000203684.5	IBA57-DT	chr1	228164086	228165512	7	7	7
ENSG00000181873.13	IBA57	chr1	228165804	228182257	7	7	7
ENSG00000162913.10	OBSCN-AS1	chr1	228203503	228213664	7	7	7
ENSG00000154358.22	OBSCN	chr1	228208044	228378876	7	7	7
ENSG00000269934.3	AL353593.1	chr1	228238241	228276066	7	7	7
ENSG00000270110.2	AL353593.2	chr1	228295549	228303002	7	7	7
ENSG00000286773.1	AL353593.3	chr1	228329467	228331191	7	7	7
ENSG00000287315.1	AL670729.3	chr1	228357012	228368554	7	7	7
ENSG00000270104.1	AL670729.2	chr1	228384114	228385016	7	7	7
ENSG00000154370.16	TRIM11	chr1	228393673	228406835	7	7	7
ENSG00000270094.1	AL670729.1	chr1	228394290	228396967	7	7	7
ENSG00000284311.1	MIR6742	chr1	228397048	228397109	7	7	7
ENSG00000231563.2	AL139288.1	chr1	228407365	228410870	7	7	7
ENSG00000162931.12	TRIM17	chr1	228407935	228416861	7	7	7
ENSG00000168148.4	H3-4	chr1	228424845	228425360	7	7	7
ENSG00000230841.2	RPL23AP15	chr1	228449163	228449621	7	7	7
ENSG00000181218.5	H2AW	chr1	228456979	228457873	7	7	7
ENSG00000196890.4	H2BU1	chr1	228458107	228460470	7	7	7
ENSG00000266174.1	MIR4666A	chr1	228462074	228462152	7	7	7
ENSG00000181201.3	H2BU2P	chr1	228464103	228464626	7	7	7
ENSG00000279306.1	AL139288.2	chr1	228486188	228487120	7	7	7
ENSG00000168159.14	RNF187	chr1	228487382	228496188	7	7	7
ENSG00000215811.6	BTNL10	chr1	228510425	228512305	7	7	7
ENSG00000202056.1	RNA5SP19	chr1	228555793	228555901	7	7	7
ENSG00000251823.2	RNA5SP162	chr1	228558296	228558339			
ENSG00000199352.1	RNA5S1	chr1	228610268	228610386	7	7	7
ENSG00000201588.1	RNA5S2	chr1	228612509	228612627	7	7	7
ENSG00000199337.1	RNA5S3	chr1	228614750	228614868	7	7	7
ENSG00000200381.1	RNA5S4	chr1	228616991	228617109	7	7	7
ENSG00000199396.1	RNA5S5	chr1	228619232	228619350	7	7	7
ENSG00000200624.1	RNA5S6	chr1	228621447	228621565	7	7	7
ENSG00000202521.1	RNA5S7	chr1	228623667	228623785	7	7	7
ENSG00000200343.1	RNA5S8	chr1	228625909	228626027	7	7	7
ENSG00000201321.1	RNA5S9	chr1	228628148	228628266	7	7	7
ENSG00000199910.1	RNA5S10	chr1	228630390	228630508	7	7	7
ENSG00000199334.1	RNA5S11	chr1	228632631	228632749	7	7	7
ENSG00000199270.1	RNA5S12	chr1	228634871	228634989	7	7	7
ENSG00000202526.1	RNA5S13	chr1	228637096	228637214	7	7	7
ENSG00000201355.1	RNA5S14	chr1	228639337	228639455	7	7	7
ENSG00000201925.1	RNA5S15	chr1	228641568	228641686	7	7	7
ENSG00000202257.1	RNA5S16	chr1	228643809	228643927	7	7	7
ENSG00000200370.1	RNA5S17	chr1	228646040	228646158	7	7	7
ENSG00000212237.1	RNA5SP18	chr1	228647912	228648032	7	7	7
ENSG00000183929.7	DUSP5P1	chr1	228650241	228651379	7	7	7
ENSG00000206878.1	AL713899.1	chr1	228652436	228652560	7	7	7
ENSG00000234975.6	FTH1P2	chr1	228687415	228687826	7	7	7
ENSG00000116574.6	RHOU	chr1	228735479	228746664	7	7	7
ENSG00000271475.1	AL078624.2	chr1	228776312	228776865	7	7	7
ENSG00000271399.1	AL078624.1	chr1	228858010	228858556	7	7	7
ENSG00000282111.1	LINC02815	chr1	229022773	229038274	7	7	7
ENSG00000229840.2	ISCA1P2	chr1	229042171	229042591	7	7	7
ENSG00000236975.2	LINC02814	chr1	229087114	229205428	7	7	7
ENSG00000233920.2	AL162595.2	chr1	229223457	229242902	7	7	7
ENSG00000177800.2	TMEM78	chr1	229249636	229251810	7	7	7
ENSG00000177788.6	AL162595.1	chr1	229256892	229271242	7	7	7
ENSG00000168118.12	RAB4A	chr1	229271062	229305894	7	7	7
ENSG00000237481.1	AL117350.1	chr1	229319403	229323087	7	7	7
ENSG00000154429.11	CCSAP	chr1	229321011	229343294	7	7	7
ENSG00000252506.1	RNU6-180P	chr1	229383128	229383188	7	7	7
ENSG00000252051.1	RN7SKP276	chr1	229410500	229410767	7	7	7
ENSG00000230331.1	AL160004.2	chr1	229425020	229425650	7	7	7
ENSG00000143632.14	ACTA1	chr1	229431245	229434098	7	7	7
ENSG00000069248.12	NUP133	chr1	229440259	229508341	7	7	7
ENSG00000226920.1	AL160004.1	chr1	229440284	229441020	7	7	7
ENSG00000223635.2	AL121990.1	chr1	229508369	229514272	7	7	7
ENSG00000135776.5	ABCB10	chr1	229516582	229558707	7	7	7
ENSG00000199672.1	RNU4-21P	chr1	229535064	229535189	7	7	7
ENSG00000201492.1	RNA5SP78	chr1	229549905	229550022	7	7	7
ENSG00000229367.1	HMGN2P19	chr1	229570532	229570796	7	7	7
ENSG00000135801.10	TAF5L	chr1	229593121	229626047	7	7	7
ENSG00000135763.10	URB2	chr1	229626247	229660200	7	7	7
ENSG00000213028.3	AL354983.1	chr1	229688999	229689904	7	7	7
ENSG00000225984.1	HMGB1P26	chr1	229705234	229705861	7	7	7
ENSG00000227043.3	LINC01682	chr1	229812917	229892046	7	7	7
ENSG00000228058.2	LINC01736	chr1	230002372	230007195	7	7	7
ENSG00000143641.10	GALNT2	chr1	230057990	230282122	7	7	7
ENSG00000227006.2	AL136988.2	chr1	230258694	230272100	7	7	7
ENSG00000224407.1	AL136988.1	chr1	230280312	230281893	7	7	7
ENSG00000177614.11	PGBD5	chr1	230314490	230426332	7	7	7
ENSG00000282564.1	AL133516.1	chr1	230426491	230436822	7	7	7
ENSG00000232964.2	LINC01737	chr1	230592660	230595583	7	7	7
ENSG00000235817.2	AL158214.1	chr1	230612009	230612412	7	7	7
ENSG00000135775.14	COG2	chr1	230642481	230693982	7	7	7
ENSG00000286859.1	AL158214.2	chr1	230692533	230696888	7	7	7
ENSG00000135744.8	AGT	chr1	230702523	230714122	7	7	7
ENSG00000244137.1	AL512328.1	chr1	230710698	230795492	7	7	7
ENSG00000135773.13	CAPN9	chr1	230747384	230802003	7	7	7
ENSG00000202063.1	RNA5SP79	chr1	230820250	230820358	7	7	7
ENSG00000225656.1	AL118511.2	chr1	230823641	230824707	7	7	7
ENSG00000119280.17	C1orf198	chr1	230837119	230869589	7	7	7
ENSG00000223393.2	AL118511.1	chr1	230868259	230879141	7	7	7
ENSG00000288037.1	AL118511.4	chr1	230878662	230890169	7	7	7
ENSG00000287395.1	AL118511.3	chr1	230889949	230895788	7	7	7
ENSG00000240502.2	RN7SL837P	chr1	230894141	230894427	7	7	7
ENSG00000143643.13	TTC13	chr1	230906243	230978875	7	7	7
ENSG00000173409.14	ARV1	chr1	230978981	231000733	7	7	7
ENSG00000182118.8	FAM89A	chr1	231018958	231040254	7	7	7
ENSG00000283799.1	MIR1182	chr1	231019828	231019924	7	7	7
ENSG00000227934.1	AL732414.1	chr1	231021611	231022183	7	7	7
ENSG00000229595.1	AL109810.1	chr1	231117831	231118325	7	7	7
ENSG00000119283.15	TRIM67	chr1	231162112	231221556	7	7	7
ENSG00000235710.6	TRIM67-AS1	chr1	231184098	231187627	7	7	7
ENSG00000143633.13	C1orf131	chr1	231223763	231241187	7	7	7
ENSG00000116906.13	GNPAT	chr1	231241207	231277973	7	7	7
ENSG00000222407.1	RNA5SP80	chr1	231281414	231281524	7	7	7
ENSG00000116903.7	EXOC8	chr1	231332753	231337852	7	7	7
ENSG00000010072.16	SPRTN	chr1	231337104	231355023	7	7	7
ENSG00000287450.1	AL117352.1	chr1	231339421	231339558	7	7	7
ENSG00000135766.9	EGLN1	chr1	231363751	231422287	7	7	7
ENSG00000287856.1	AL445524.2	chr1	231363797	231528603	7	7	7
ENSG00000223982.3	SNRPD2P2	chr1	231475956	231476288	7	7	7
ENSG00000233461.6	AL445524.1	chr1	231520729	231528618	7	7	7
ENSG00000116918.15	TSNAX	chr1	231528541	231566524	7	7	7
ENSG00000270106.6	TSNAX-DISC1	chr1	231528653	231819244	7	7	7
ENSG00000229228.1	LINC00582	chr1	231591292	231612090	7	7	7
ENSG00000162946.23	DISC1	chr1	231626790	232041272	7	7	7
ENSG00000222986.1	RNU5A-5P	chr1	231670635	231670750	7	7	7
ENSG00000286071.1	AL136171.2	chr1	231767464	231847706	7	7	7
ENSG00000274121.1	AL136171.1	chr1	231814982	231815186	7	7	7
ENSG00000226758.1	DISC1-IT1	chr1	231925834	231945233	7	7	7
ENSG00000235152.1	AL353052.1	chr1	232160091	232185643	7	7	7
ENSG00000236372.1	AL353052.2	chr1	232174932	232180113	7	7	7
ENSG00000224436.1	BX323014.1	chr1	232221938	232222174	7	7	7
ENSG00000242794.2	RN7SL299P	chr1	232222866	232223145	7	7	7
ENSG00000116991.11	SIPA1L2	chr1	232397965	232630571	7	7	7
ENSG00000238382.1	RNU6-1211P	chr1	232700204	232700308	7	7	7
ENSG00000225919.1	LINC01745	chr1	232718071	232722250	7	7	7
ENSG00000236497.2	LINC01744	chr1	232727251	232751299	7	7	7
ENSG00000212916.4	MAP10	chr1	232804892	232808407	7	7	7
ENSG00000206835.1	RNU1-74P	chr1	232832017	232832187	7	7	7
ENSG00000286774.1	AL122003.2	chr1	232843386	232897660	7	7	7
ENSG00000232175.1	AL122003.1	chr1	232917235	232918018	7	7	7
ENSG00000135778.12	NTPCR	chr1	232950605	232983882	7	7	7
ENSG00000135749.19	PCNX2	chr1	232983435	233295725	7	7	7
ENSG00000231940.1	RPS7P3	chr1	233288868	233289447	7	7	7
ENSG00000251508.1	AL133380.1	chr1	233295325	233295727	7	7	7
ENSG00000143674.11	MAP3K21	chr1	233327724	233385148	7	7	7
ENSG00000252501.1	RNU4-77P	chr1	233448626	233448781	7	7	7
ENSG00000287423.1	AL360006.1	chr1	233527544	233543633	7	7	7
ENSG00000135750.15	KCNK1	chr1	233614106	233672514	7	7	7
ENSG00000265744.1	MIR4427	chr1	233624152	233624219	7	7	7
ENSG00000286109.1	AL357972.1	chr1	233724454	233730746	7	7	7
ENSG00000225486.1	AL663058.1	chr1	233836080	233836432	7	7	7
ENSG00000286666.1	AL663058.2	chr1	233844621	233865370	7	7	7
ENSG00000287921.1	AL713868.1	chr1	233904104	233905931	7	7	7
ENSG00000183780.13	SLC35F3	chr1	233904676	234324511	7	7	7
ENSG00000236101.1	RAC1P7	chr1	234026851	234027227	7	7	7
ENSG00000233332.1	AL122008.3	chr1	234212606	234215088	7	7	7
ENSG00000231272.1	AL122008.1	chr1	234261706	234274465	7	7	7
ENSG00000236244.1	SLC35F3-AS1	chr1	234268583	234272500	7	7	7
ENSG00000232166.1	AL122008.2	chr1	234284972	234285541	7	7	7
ENSG00000264377.1	MIR4671	chr1	234306467	234306539	7	7	7
ENSG00000235605.1	AL355472.1	chr1	234356704	234357141	7	7	7
ENSG00000236358.1	AL355472.2	chr1	234357006	234365828	7	7	7
ENSG00000273367.1	AL355472.3	chr1	234372186	234372811	7	7	7
ENSG00000231663.1	COA6-AS1	chr1	234372807	234373593	7	7	7
ENSG00000168275.16	COA6	chr1	234373456	234385080	7	7	7
ENSG00000059588.10	TARBP1	chr1	234391313	234479179	7	7	7
ENSG00000231768.2	LINC01354	chr1	234527887	234531803	7	7	7
ENSG00000286210.1	AL161640.2	chr1	234535963	234539054	7	7	7
ENSG00000287633.1	AL161640.3	chr1	234550542	234554838	7	7	7
ENSG00000230404.1	AL161640.1	chr1	234565298	234570088	7	7	7
ENSG00000212144.1	U8	chr1	234593275	234593402	7	7	7
ENSG00000168264.10	IRF2BP2	chr1	234604269	234609525	7	7	7
ENSG00000228830.1	AL160408.2	chr1	234607008	234609483	7	7	7
ENSG00000224939.1	LINC00184	chr1	234629311	234634780	7	7	7
ENSG00000272362.1	AL160408.5	chr1	234644666	234647571	7	7	7
ENSG00000228044.3	AL160408.1	chr1	234646289	234683176	7	7	7
ENSG00000241475.1	AL160408.4	chr1	234660271	234667104	7	7	7
ENSG00000230628.1	AL160408.3	chr1	234669523	234696153	7	7	7
ENSG00000282097.1	AL160408.6	chr1	234709383	234720220	7	7	7
ENSG00000227630.4	LINC01132	chr1	234724042	234736720	7	7	7
ENSG00000279261.2	PP2672	chr1	234757619	234760056	7	7	7
ENSG00000286263.1	AL391832.4	chr1	234811052	234932653	7	7	7
ENSG00000201638.2	RNY4P16	chr1	234837976	234838069	7	7	7
ENSG00000239690.3	RN7SL668P	chr1	234904186	234904488	7	7	7
ENSG00000237520.1	AL391832.1	chr1	234957231	234959989	7	7	7
ENSG00000238005.4	AL391832.2	chr1	234957342	234970062	7	7	7
ENSG00000258082.1	AL391832.3	chr1	234979647	234980804	7	7	7
ENSG00000280587.1	LINC01348	chr1	235065479	235074220	7	7	7
ENSG00000233018.1	AL732292.1	chr1	235097187	235097412	7	7	7
ENSG00000273416.1	AL732292.2	chr1	235104180	235104609	7	7	7
ENSG00000173726.11	TOMM20	chr1	235109341	235128837	7	7	7
ENSG00000207181.1	SNORA14B	chr1	235127803	235127937	7	7	7
ENSG00000188739.15	RBM34	chr1	235131183	235161283	7	7	7
ENSG00000054267.22	ARID4B	chr1	235131634	235328219	7	7	7
ENSG00000263439.1	MIR4753	chr1	235190034	235190116	7	7	7
ENSG00000236863.2	RPL23AP23	chr1	235295865	235296335	7	7	7
ENSG00000152904.11	GGPS1	chr1	235327350	235344532	7	7	7
ENSG00000285053.1	AL357556.3	chr1	235328570	235448952	7	7	7
ENSG00000227962.1	AL391994.1	chr1	235336806	235337087	7	7	7
ENSG00000230026.2	AL357556.1	chr1	235361153	235362540	7	7	7
ENSG00000285177.1	AL357556.5	chr1	235366353	235367366	7	7	7
ENSG00000284770.2	TBCE	chr1	235367360	235452443	7	7	7
ENSG00000229795.2	RPS21P1	chr1	235432985	235433231	7	7	7
ENSG00000162885.14	B3GALNT2	chr1	235447190	235504452	7	7	7
ENSG00000238236.1	MTCYBP14	chr1	235519971	235520685	7	7	7
ENSG00000235638.1	MTND6P14	chr1	235537520	235538041	7	7	7
ENSG00000231199.2	MTND5P19	chr1	235538052	235539845	7	7	7
ENSG00000226663.2	MTND4P10	chr1	235540053	235541415	7	7	7
ENSG00000231582.2	MTND4LP21	chr1	235541412	235541706	7	7	7
ENSG00000232714.1	MTND3P8	chr1	235541759	235542097	7	7	7
ENSG00000235761.2	MTCO3P46	chr1	235542159	235542390	7	7	7
ENSG00000168243.11	GNG4	chr1	235547685	235650754	7	7	7
ENSG00000270710.1	FO393422.1	chr1	235565761	235566937	7	7	7
ENSG00000227236.2	AL583844.1	chr1	235614674	235616397	7	7	7
ENSG00000143669.14	LYST	chr1	235661041	235883640	7	7	7
ENSG00000235674.2	LDHAP2	chr1	235738005	235738989	7	7	7
ENSG00000229463.2	LYST-AS1	chr1	235839483	235840182	7	7	7
ENSG00000222831.1	MIR1537	chr1	235853000	235853060	7	7	7
ENSG00000206803.1	RNU6-968P	chr1	235915415	235915521	7	7	7
ENSG00000237845.1	AL139161.1	chr1	235942553	235943805	7	7	7
ENSG00000229291.1	LINC02768	chr1	235957879	235971825	7	7	7
ENSG00000116962.15	NID1	chr1	235975830	236065109	7	7	7
ENSG00000252822.1	Y_RNA	chr1	236060677	236060772	7	7	7
ENSG00000235371.1	AL122018.1	chr1	236110061	236112370	7	7	7
ENSG00000286142.2	AL122018.2	chr1	236123667	236130415	7	7	7
ENSG00000077585.14	GPR137B	chr1	236142505	236221865	7	7	7
ENSG00000086619.14	ERO1B	chr1	236215101	236281958	7	7	7
ENSG00000222650.1	RNU2-70P	chr1	236267780	236267958	7	7	7
ENSG00000237922.1	AL450309.1	chr1	236285976	236286960	7	7	7
ENSG00000186197.15	EDARADD	chr1	236348257	236502915	7	7	7
ENSG00000244457.2	ENO1P1	chr1	236483165	236484468	7	7	7
ENSG00000116977.19	LGALS8	chr1	236518000	236552981	7	7	7
ENSG00000223776.5	LGALS8-AS1	chr1	236523052	236524508	7	7	7
ENSG00000273058.2	AL359921.2	chr1	236536162	236536704	7	7	7
ENSG00000230325.1	AL359921.1	chr1	236540094	236550280	7	7	7
ENSG00000119285.11	HEATR1	chr1	236549005	236604516	7	7	7
ENSG00000077522.14	ACTN2	chr1	236664141	236764631	7	7	7
ENSG00000116984.14	MTR	chr1	236795292	236921278	7	7	7
ENSG00000226498.2	RPSAP21	chr1	236819634	236820518	7	7	7
ENSG00000237991.3	RPL35P1	chr1	236981339	236981708	7	7	7
ENSG00000244020.3	MT1HL1	chr1	237004103	237004441	7	7	7
ENSG00000288099.1	AL359259.1	chr1	237013373	237014200	7	7	7
ENSG00000198626.17	RYR2	chr1	237042184	237833988	7	7	7
ENSG00000252396.1	RN7SKP195	chr1	237120807	237121109	7	7	7
ENSG00000266262.1	MIR4428	chr1	237471119	237471191	7	7	7
ENSG00000252290.1	AL442065.1	chr1	237555040	237555171	7	7	7
ENSG00000237250.3	AL359924.1	chr1	237862175	237928321	7	7	7
ENSG00000116996.9	ZP4	chr1	237877864	237890922	7	7	7
ENSG00000243781.1	AL590396.1	chr1	237926831	237927605	7	7	7
ENSG00000283174.1	MTCO1P38	chr1	237940762	237941061	7	7	7
ENSG00000283166.1	AL590396.2	chr1	237941452	237942492	7	7	7
ENSG00000283377.1	AL590396.3	chr1	237942698	237943653	7	7	7
ENSG00000270188.1	MTRNR2L11	chr1	237943724	237945275	7	7	7
ENSG00000232154.2	MTCYBP15	chr1	237948017	237949143	7	7	7
ENSG00000225723.1	MTND6P15	chr1	237949214	237949734	7	7	7
ENSG00000227860.1	MTND5P18	chr1	237949736	237951536	7	7	7
ENSG00000230019.1	YWHAQP9	chr1	238107736	238108567	7	7	7
ENSG00000234464.2	AL356010.2	chr1	238238943	238404906	7	7	7
ENSG00000232989.1	AL356010.1	chr1	238268494	238268595	7	7	7
ENSG00000252371.1	RNU6-725P	chr1	238325687	238325788	7	7	7
ENSG00000215808.4	LINC01139	chr1	238476542	238486060	7	7	7
ENSG00000231877.1	AL359551.1	chr1	238485445	238538305	7	7	7
ENSG00000215149.3	KRT18P32	chr1	238491358	238492644	7	7	7
ENSG00000224783.1	MIPEPP2	chr1	238777049	238779200	7	7	7
ENSG00000287177.1	AL583825.1	chr1	238842767	238848115	7	7	7
ENSG00000227854.1	AL590135.1	chr1	239052748	239052903	7	7	7
ENSG00000287589.1	AC093426.2	chr1	239205138	239212284	7	7	7
ENSG00000259776.1	AC093426.1	chr1	239247808	239250818	7	7	7
ENSG00000133019.12	CHRM3	chr1	239386565	239915452	7	7	7
ENSG00000233355.7	CHRM3-AS2	chr1	239703381	239770130	7	7	7
ENSG00000234601.1	CHRM3-AS1	chr1	239898016	239899872	7	7	7
ENSG00000231979.1	AL356361.2	chr1	239915439	239916955	7	7	7
ENSG00000215805.3	AL356361.1	chr1	239972787	239974245	7	7	7
ENSG00000287102.1	AL356361.3	chr1	240007524	240008381	7	7	7
ENSG00000217327.3	RPS7P5	chr1	240012646	240013226	7	7	7
ENSG00000155816.20	FMN2	chr1	240014348	240475187	7	7	7
ENSG00000228818.1	AL359918.1	chr1	240142670	240145389	7	7	7
ENSG00000202041.1	Y_RNA	chr1	240154651	240154772	7	7	7
ENSG00000223694.1	ADH5P3	chr1	240170155	240171291	7	7	7
ENSG00000233735.5	AL359918.2	chr1	240177839	240179644	7	7	7
ENSG00000252317.1	Y_RNA	chr1	240341385	240341477	7	7	7
ENSG00000233519.1	AL590490.1	chr1	240400671	240401123	7	7	7
ENSG00000180875.5	GREM2	chr1	240489573	240612155	7	7	7
ENSG00000224359.2	AL358176.1	chr1	240530452	240530862	7	7	7
ENSG00000226014.1	AL358176.2	chr1	240549867	240550378	7	7	7
ENSG00000231440.1	AL358176.4	chr1	240588522	240590748	7	7	7
ENSG00000228844.1	AL358176.3	chr1	240636599	240637052	7	7	7
ENSG00000251750.1	RNU5F-8P	chr1	240653367	240653477	7	7	7
ENSG00000234872.2	AL358176.5	chr1	240654241	240654625	7	7	7
ENSG00000199241.1	Y_RNA	chr1	240698320	240698429	7	7	7
ENSG00000230015.3	AL365184.2	chr1	240739419	240739853	7	7	7
ENSG00000226919.4	AL365184.1	chr1	240763334	240776824	7	7	7
ENSG00000223963.2	THAP12P8	chr1	240769420	240771534	7	7	7
ENSG00000182901.17	RGS7	chr1	240775514	241357230	7	7	7
ENSG00000215802.3	RFKP1	chr1	240823006	240823433	7	7	7
ENSG00000233615.1	HNRNPA1P42	chr1	240919653	240920609	7	7	7
ENSG00000238085.1	AL590682.1	chr1	240998451	240998794	7	7	7
ENSG00000265831.1	MIR3123	chr1	241132272	241132346	7	7	7
ENSG00000224348.2	AL592076.1	chr1	241305580	241305882	7	7	7
ENSG00000286496.1	AL359764.1	chr1	241357343	241364054	7	7	7
ENSG00000287516.1	AL359764.2	chr1	241413716	241468661	7	7	7
ENSG00000287738.1	AL359764.3	chr1	241453751	241484995	7	7	7
ENSG00000091483.7	FH	chr1	241497603	241519755	7	7	7
ENSG00000117009.12	KMO	chr1	241532134	241595642	7	7	7
ENSG00000054277.14	OPN3	chr1	241590102	241677376	7	7	7
ENSG00000203668.3	CHML	chr1	241628851	241640369	7	7	7
ENSG00000287513.1	AL133390.1	chr1	241640555	241641835	7	7	7
ENSG00000162843.17	WDR64	chr1	241652278	241802133	7	7	7
ENSG00000229022.1	AL365366.1	chr1	241831935	241832787	7	7	7
ENSG00000174371.17	EXO1	chr1	241847967	241895148	7	7	7
ENSG00000235990.2	RPL23AP20	chr1	241916123	241916543	7	7	7
ENSG00000196289.7	BECN2	chr1	241957767	241959062	7	7	7
ENSG00000213026.4	CFL1P4	chr1	241993185	241993682	7	7	7
ENSG00000197769.6	MAP1LC3C	chr1	241995490	241999098	7	7	7
ENSG00000224625.2	TUBB8P6	chr1	242057085	242060242	7	7	7
ENSG00000277099.1	BX571673.1	chr1	242060490	242062595	7	7	7
ENSG00000180287.17	PLD5	chr1	242082986	242524697	7	7	7
ENSG00000272865.2	AL591686.2	chr1	242147230	242209129	7	7	7
ENSG00000252084.1	RN7SKP12	chr1	242188647	242188789	7	7	7
ENSG00000224525.2	AL591686.1	chr1	242203555	242210827	7	7	7
ENSG00000226750.1	AL360271.2	chr1	242345558	242345718	7	7	7
ENSG00000235467.1	RPL10AP5	chr1	242365189	242365822	7	7	7
ENSG00000213690.3	AL360271.1	chr1	242376923	242377432	7	7	7
ENSG00000270859.1	AC099785.1	chr1	242671140	242671576	7	7	7
ENSG00000215800.2	RSL24D1P4	chr1	242772620	242773103	7	7	7
ENSG00000270818.1	AL445675.1	chr1	242882066	242883475	7	7	7
ENSG00000277704.1	AL445675.2	chr1	242890247	242890803	7	7	7
ENSG00000230199.1	AL603825.1	chr1	242975005	242975084	7	7	7
ENSG00000234116.1	AL606534.3	chr1	243005845	243007468	7	7	7
ENSG00000231512.6	SEPTIN14P21	chr1	243029512	243052252	7	7	7
ENSG00000278455.1	CICP21	chr1	243049782	243051619	7	7	7
ENSG00000253326.2	AL606534.4	chr1	243054861	243056394	7	7	7
ENSG00000214837.8	LINC01347	chr1	243056307	243101744	7	7	7
ENSG00000212230.1	RNU6-747P	chr1	243081156	243081259	7	7	7
ENSG00000143702.16	CEP170	chr1	243124428	243255348	7	7	7
ENSG00000227230.1	AL606534.1	chr1	243135898	243140588	7	7	7
ENSG00000232085.1	AL606534.2	chr1	243164638	243169445	7	7	7
ENSG00000054282.16	SDCCAG8	chr1	243256034	243500091	7	7	7
ENSG00000224727.1	FCF1P7	chr1	243267257	243268119	7	7	7
ENSG00000265201.1	MIR4677	chr1	243346176	243346255	7	7	7
ENSG00000117020.18	AKT3	chr1	243488233	243851079	7	7	7
ENSG00000236031.1	AL591721.1	chr1	243545532	243548329	7	7	7
ENSG00000226766.1	FABP7P1	chr1	243624666	243625056	7	7	7
ENSG00000232184.1	AL662889.1	chr1	243702857	243740821	7	7	7
ENSG00000228939.1	AKT3-IT1	chr1	243793205	243794400	7	7	7
ENSG00000226828.2	LINC02774	chr1	243917402	244047317	7	7	7
ENSG00000179456.10	ZBTB18	chr1	244048939	244057476	7	7	7
ENSG00000279774.1	AL590483.3	chr1	244064330	244067909	7	7	7
ENSG00000229960.1	AL590483.1	chr1	244068820	244093026	7	7	7
ENSG00000286486.1	AL590483.4	chr1	244087306	244090295	7	7	7
ENSG00000244066.3	RN7SL148P	chr1	244103932	244104210	7	7	7
ENSG00000237759.1	AL590483.2	chr1	244107365	244109011	7	7	7
ENSG00000287531.1	AL358177.1	chr1	244184953	244187559	7	7	7
ENSG00000173728.11	C1orf100	chr1	244352635	244389663	7	7	7
ENSG00000240963.1	AL645465.1	chr1	244375100	244409592	7	7	7
ENSG00000225401.2	TGIF2P1	chr1	244394976	244395660	7	7	7
ENSG00000035687.10	ADSS2	chr1	244408494	244451909	7	7	7
ENSG00000179397.18	CATSPERE	chr1	244454377	244641177	7	7	7
ENSG00000227735.1	CYCSP5	chr1	244598391	244598687	7	7	7
ENSG00000121644.19	DESI2	chr1	244653103	244709033	7	7	7
ENSG00000232059.3	AL451007.1	chr1	244694432	244694720	7	7	7
ENSG00000284188.2	AL451007.3	chr1	244729898	244730962	7	7	7
ENSG00000282317.1	AL451007.2	chr1	244731024	244731586	7	7	7
ENSG00000287601.1	BX323046.2	chr1	244834374	244835011	7	7	7
ENSG00000203667.10	COX20	chr1	244835616	244845057	7	7	7
ENSG00000153187.20	HNRNPU	chr1	244840638	244864560	7	7	7
ENSG00000273175.1	BX323046.1	chr1	244864738	244865272	7	7	7
ENSG00000201758.1	RN7SKP55	chr1	244943910	244944216	7	7	7
ENSG00000252073.1	RNU6-947P	chr1	244954858	244954963	7	7	7
ENSG00000272195.1	AL356512.1	chr1	244969350	244971088	7	7	7
ENSG00000203666.12	EFCAB2	chr1	244969705	245127164	7	7	7
ENSG00000252282.1	RNU6-1089P	chr1	245023015	245023118	7	7	7
ENSG00000251754.1	RNU6-999P	chr1	245043928	245044032	7	7	7
ENSG00000223353.2	AL589763.1	chr1	245123471	245124450	7	7	7
ENSG00000201170.1	RNU1-132P	chr1	245133927	245134090	7	7	7
ENSG00000162849.16	KIF26B	chr1	245154985	245709432	7	7	7
ENSG00000232192.1	KIF26B-AS1	chr1	245206444	245234501	7	7	7
ENSG00000232793.2	DNAJC19P8	chr1	245282831	245283089	7	7	7
ENSG00000238224.1	AC104462.2	chr1	245614773	245615145	7	7	7
ENSG00000231612.1	AC104462.1	chr1	245673732	245676478	7	7	7
ENSG00000185420.19	SMYD3	chr1	245749342	246507312	7	7	7
ENSG00000235096.2	AC118555.1	chr1	246025897	246035603	7	7	7
ENSG00000226876.3	SMYD3-AS1	chr1	246108626	246113866	7	7	7
ENSG00000225222.2	CHCHD4P5	chr1	246178778	246179204	7	7	7
ENSG00000202184.1	RNU6-1283P	chr1	246189014	246189118	7	7	7
ENSG00000230184.1	SMYD3-IT1	chr1	246321663	246322438	7	7	7
ENSG00000207326.1	Y_RNA	chr1	246426006	246426119	7	7	7
ENSG00000227728.2	AL356583.1	chr1	246509038	246522592	7	7	7
ENSG00000242042.1	LINC01743	chr1	246516039	246524287	7	7	7
ENSG00000230813.1	AL356583.3	chr1	246527030	246528155	7	7	7
ENSG00000229112.1	AL356583.2	chr1	246528562	246528841	7	7	7
ENSG00000162851.8	TFB2M	chr1	246540561	246566261	7	7	7
ENSG00000162852.14	CNST	chr1	246566444	246668595	7	7	7
ENSG00000225300.1	AL591623.1	chr1	246605873	246608102	7	7	7
ENSG00000228955.2	AL591623.2	chr1	246632251	246632478	7	7	7
ENSG00000260698.1	AL591848.2	chr1	246682108	246685075	7	7	7
ENSG00000235021.1	AL591848.1	chr1	246690047	246691821	7	7	7
ENSG00000143653.10	SCCPDH	chr1	246724409	246768137	7	7	7
ENSG00000228879.1	RPL35AP6	chr1	246755511	246755832	7	7	7
ENSG00000223519.8	KIF28P	chr1	246771837	246839611	7	7	7
ENSG00000260855.1	AL591848.3	chr1	246772301	246775772	7	7	7
ENSG00000227953.7	LINC01341	chr1	246775880	246792385	7	7	7
ENSG00000235386.1	AC113174.1	chr1	246818076	246818180	7	7	7
ENSG00000252011.1	AC113174.2	chr1	246833448	246833529	7	7	7
ENSG00000153207.16	AHCTF1	chr1	246839098	246931948	7	7	7
ENSG00000197472.15	ZNF695	chr1	246945547	247008093	7	7	7
ENSG00000135747.11	ZNF670-ZNF695	chr1	246945547	247078811	7	7	7
ENSG00000236775.1	AL512637.2	chr1	247015068	247017291	7	7	7
ENSG00000277462.2	ZNF670	chr1	247034637	247078811	7	7	7
ENSG00000215796.3	AL512637.1	chr1	247042791	247044021	7	7	7
ENSG00000228982.1	AL627095.1	chr1	247085389	247086067	7	7	7
ENSG00000188295.15	ZNF669	chr1	247099962	247104372	7	7	7
ENSG00000286747.1	AL627095.2	chr1	247105405	247108929	7	7	7
ENSG00000221953.5	C1orf229	chr1	247110160	247112417	7	7	7
ENSG00000226164.2	FGFR3P6	chr1	247119669	247120278	7	7	7
ENSG00000196418.12	ZNF124	chr1	247121975	247172016	7	7	7
ENSG00000224014.1	AL390728.3	chr1	247175256	247175525	7	7	7
ENSG00000215795.2	AL390728.2	chr1	247183813	247185482	7	7	7
ENSG00000259865.1	AL390728.6	chr1	247187281	247188526	7	7	7
ENSG00000227671.4	AL390728.4	chr1	247189851	247210856	7	7	7
ENSG00000283881.1	MIR3916	chr1	247201967	247202060	7	7	7
ENSG00000252516.1	RNA5SP82	chr1	247204570	247204661	7	7	7
ENSG00000232347.1	AL390728.5	chr1	247210691	247241823	7	7	7
ENSG00000214144.3	AL390728.1	chr1	247229940	247231880	7	7	7
ENSG00000235818.3	VN1R17P	chr1	247236868	247237957	7	7	7
ENSG00000197617.9	VN1R5	chr1	247255972	247257210	7	7	7
ENSG00000202079.1	Y_RNA	chr1	247294835	247294941	7	7	7
ENSG00000162714.12	ZNF496	chr1	247297412	247331846	7	7	7
ENSG00000286216.1	AC104335.1	chr1	247337886	247348076	7	7	7
ENSG00000287116.1	AC104335.2	chr1	247390243	247393839	7	7	7
ENSG00000162711.18	NLRP3	chr1	247416156	247449108	7	7	7
ENSG00000177535.8	OR2B11	chr1	247449118	247458105	7	7	7
ENSG00000203664.7	OR2W5	chr1	247488093	247492415	7	7	7
ENSG00000169224.13	GCSAML	chr1	247507058	247577690	7	7	7
ENSG00000196242.10	OR2C3	chr1	247524677	247536440	7	7	7
ENSG00000284824.1	GCSAML-AS1	chr1	247524679	247532613	7	7	7
ENSG00000236817.5	AL606804.1	chr1	247565639	247640854	7	7	7
ENSG00000177489.1	OR2G2	chr1	247588360	247589313	7	7	7
ENSG00000177476.3	OR2G3	chr1	247605586	247606515	7	7	7
ENSG00000283369.1	U6	chr1	247607126	247607201	7	7	7
ENSG00000198452.8	OR14L1P	chr1	247617143	247622372	7	7	7
ENSG00000235749.3	AL390860.1	chr1	247639630	247761255	7	7	7
ENSG00000230411.1	OR3D1P	chr1	247666887	247667841			
ENSG00000197437.4	OR13G1	chr1	247670812	247679739			
ENSG00000169214.4	OR6F1	chr1	247711436	247716646			
ENSG00000239395.2	AC118470.1	chr1	247711813	247723764			
ENSG00000241128.2	OR14A2	chr1	247722957	247724043			
ENSG00000153230.4	OR14K1	chr1	247738615	247739559			
ENSG00000221888.4	OR1C1	chr1	247754846	247760556			
ENSG00000228336.2	OR9H1P	chr1	247770169	247779524			
ENSG00000196772.4	OR14A16	chr1	247814660	247824119			
ENSG00000232908.3	HSD17B7P1	chr1	247827486	247828502			
ENSG00000230576.1	OR6R1P	chr1	247833349	247834288			
ENSG00000197591.3	OR11L1	chr1	247840928	247841896			
ENSG00000162722.9	TRIM58	chr1	247857187	247880138			
ENSG00000238243.3	OR2W3	chr1	247895587	247896531			
ENSG00000177462.7	OR2T8	chr1	247920252	247921956			
ENSG00000177275.4	OR2AJ1	chr1	247924889	247935339			
ENSG00000226191.3	CLK3P2	chr1	247936061	247937513			
ENSG00000224830.2	OR2X1P	chr1	247938973	247939659			
ENSG00000279263.1	OR2L8	chr1	247948858	247949796			
ENSG00000187080.10	OR2AK2	chr1	247965233	247966386			
ENSG00000237492.1	OR2L9P	chr1	247974741	247975653			
ENSG00000224227.3	OR2L1P	chr1	247980872	247991204			
ENSG00000199442.1	Y_RNA	chr1	247997000	247997096			
ENSG00000232215.2	OR2L6P	chr1	248003129	248004068			
ENSG00000197454.2	OR2L5	chr1	248013660	248024276			
ENSG00000200085.1	Y_RNA	chr1	248029120	248029221			
ENSG00000203663.4	OR2L2	chr1	248030070	248042305			
ENSG00000200982.1	Y_RNA	chr1	248045788	248045889			
ENSG00000198128.4	OR2L3	chr1	248046836	248063407			
ENSG00000197067.6	OR2T32P	chr1	248083522	248087522			
ENSG00000196071.5	OR2L13	chr1	248095184	248101103			
ENSG00000177233.2	OR2M1P	chr1	248121932	248122882			
ENSG00000162727.3	OR2M5	chr1	248145148	248146086			
ENSG00000198601.3	OR2M2	chr1	248174821	248181067			
ENSG00000228198.3	OR2M3	chr1	248197265	248212925			
ENSG00000171180.3	OR2M4	chr1	248231417	248244679			
ENSG00000177212.4	OR2T33	chr1	248269917	248277976			
ENSG00000177201.2	OR2T12	chr1	248290139	248303424			
ENSG00000177186.3	OR2M7	chr1	248323630	248324568			
ENSG00000177174.1	OR14C36	chr1	248348775	248349713			
ENSG00000196944.4	OR2T4	chr1	248361581	248362627			
ENSG00000198104.3	OR2T6	chr1	248375746	248391811			
ENSG00000175143.5	OR2T1	chr1	248403048	248408020			
ENSG00000227152.6	OR2T7	chr1	248436359	248444316			
ENSG00000196240.4	OR2T2	chr1	248445512	248455725			
ENSG00000196539.3	OR2T3	chr1	248473351	248474307			
ENSG00000229255.1	AC138089.1	chr1	248484245	248485484			
ENSG00000203661.4	OR2T5	chr1	248488589	248491113			
ENSG00000271934.2	OR2AS2P	chr1	248498308	248498649			
ENSG00000188558.6	OR2G6	chr1	248508073	248527337			
ENSG00000224521.2	AC098483.1	chr1	248548756	248565299			
ENSG00000227102.2	OR2AS1P	chr1	248549444	248549762			
ENSG00000182783.5	OR2T29	chr1	248556912	248562772			
ENSG00000183310.3	OR2T34	chr1	248573801	248574757			
ENSG00000184022.4	OR2T10	chr1	248590487	248597700			
ENSG00000201602.1	Y_RNA	chr1	248594925	248595033			
ENSG00000271701.1	AC098483.2	chr1	248601416	248601869			
ENSG00000279301.4	OR2T11	chr1	248623557	248635091			
ENSG00000177151.5	OR2T35	chr1	248636356	248645278			
ENSG00000187701.4	OR2T27	chr1	248649838	248655528			
ENSG00000286015.1	CR589904.2	chr1	248681249	248748349			
ENSG00000189181.5	OR14I1	chr1	248681322	248682328			
ENSG00000229703.6	LYPD9P	chr1	248691760	248716755			
ENSG00000276520.1	CR589904.1	chr1	248708202	248708641			
ENSG00000242529.1	AHCYP8	chr1	248721993	248722201			
ENSG00000259823.6	LYPD8	chr1	248739415	248755759			
ENSG00000229663.1	DPY19L4P1	chr1	248771635	248773792			
ENSG00000175137.11	SH3BP5L	chr1	248810446	248825915			
ENSG00000264500.1	MIR3124	chr1	248826377	248826443			
ENSG00000171161.13	ZNF672	chr1	248838210	248849517			
ENSG00000171163.16	ZNF692	chr1	248850006	248859144			
ENSG00000227237.1	AL672291.1	chr1	248859164	248864796			
ENSG00000185220.12	PGBD2	chr1	248906196	248919946			
ENSG00000200495.1	RNU6-1205P	chr1	248912690	248912795			
ENSG00000233084.2	RPL23AP25	chr1	248936581	248937043			
ENSG00000184731.6	FAM110C	chr2	38814	46870			
ENSG00000227061.2	AC079779.1	chr2	197569	209892			
ENSG00000035115.22	SH3YL1	chr2	217730	266398			
ENSG00000143727.16	ACP1	chr2	264140	278283			
ENSG00000189292.16	ALKAL2	chr2	279558	288851			
ENSG00000228643.1	AC079779.2	chr2	286419	301515			
ENSG00000235779.8	AC079779.3	chr2	290941	314373			
ENSG00000277997.1	AC079779.4	chr2	307683	309424			
ENSG00000233684.2	LINC01865	chr2	317912	342118			
ENSG00000236856.1	AC105393.2	chr2	388412	416885			
ENSG00000226277.2	AC105393.1	chr2	421057	424059			
ENSG00000223985.2	LINC01874	chr2	490944	503905	3	3	3
ENSG00000284452.1	AC093326.2	chr2	495731	496633			
ENSG00000225942.1	LINC01875	chr2	545805	546667	3	3	3
ENSG00000233633.2	AC093326.1	chr2	558153	578145	3	3	3
ENSG00000151353.15	TMEM18	chr2	663877	677406	3	3	3
ENSG00000233296.2	TMEM18-DT	chr2	677186	697382	3	3	3
ENSG00000280360.1	AC092159.3	chr2	687799	688348	3	3	3
ENSG00000233970.1	AC092159.2	chr2	692083	693235	3	3	3
ENSG00000227713.2	AC092159.1	chr2	724194	731224	3	3	3
ENSG00000272342.1	AC116609.3	chr2	739588	740164	3	3	3
ENSG00000231173.1	AC116609.2	chr2	741977	749856	3	3	3
ENSG00000223751.1	AC116609.1	chr2	742488	747767	3	3	3
ENSG00000237667.7	LINC01115	chr2	779840	868608	3	3	3
ENSG00000228799.6	LINC01939	chr2	899462	905539	3	3	3
ENSG00000234796.1	AC113607.1	chr2	910926	921124	3	3	3
ENSG00000235688.2	SNTG2-AS1	chr2	949627	950274	3	3	3
ENSG00000172554.12	SNTG2	chr2	950849	1367613	3	3	3
ENSG00000235403.1	AC114808.1	chr2	1059133	1068341	3	3	3
ENSG00000236665.1	AC114808.2	chr2	1158310	1160424	3	3	3
ENSG00000233553.1	AC108462.1	chr2	1341044	1346568	3	3	3
ENSG00000231482.3	AC105450.1	chr2	1366234	1580747	3	3	3
ENSG00000115705.22	TPO	chr2	1374066	1543711	3	3	3
ENSG00000228613.1	AC141930.1	chr2	1546665	1620113	3	3	3
ENSG00000283766.1	AC141930.2	chr2	1552445	1554701	3	3	3
ENSG00000203635.2	AC144450.1	chr2	1620510	1625419	3	3	3
ENSG00000130508.11	PXDN	chr2	1631887	1744852	3	3	3
ENSG00000186487.20	MYT1L	chr2	1789113	2331664	3	3	3
ENSG00000284600.1	AC093390.2	chr2	1795525	1811526	3	3	3
ENSG00000232057.1	AC093390.1	chr2	1824412	1828667	3	3	3
ENSG00000225619.1	MYT1L-AS1	chr2	2319232	2327110	3	3	3
ENSG00000234929.2	AC018685.2	chr2	2638178	2696285	3	3	3
ENSG00000287583.1	AC018685.3	chr2	2697490	2701812	3	3	3
ENSG00000237720.2	AC011995.2	chr2	2707368	2840512	3	3	3
ENSG00000227364.1	AC018685.1	chr2	2729908	2730957	3	3	3
ENSG00000228391.1	AC011995.1	chr2	2870558	2871231	3	3	3
ENSG00000234423.2	LINC01250	chr2	2895048	3126026	3	3	3
ENSG00000236760.1	AC019118.2	chr2	3131581	3145780	3	3	3
ENSG00000226649.1	AC019118.1	chr2	3156756	3157797	3	3	3
ENSG00000032389.13	EIPR1	chr2	3188925	3377830	3	3	3
ENSG00000224885.1	EIPR1-IT1	chr2	3298341	3301465	3	3	3
ENSG00000171853.16	TRAPPC12	chr2	3379675	3485094	3	3	3
ENSG00000225234.1	TRAPPC12-AS1	chr2	3481242	3482409	3	3	3
ENSG00000271868.1	AC114810.1	chr2	3496956	3497428	3	3	3
ENSG00000182551.14	ADI1	chr2	3497366	3519531	3	3	3
ENSG00000235078.1	AC231981.1	chr2	3519275	3523197	3	3	3
ENSG00000242282.6	AC108488.1	chr2	3531813	3536873	3	3	3
ENSG00000286905.1	AC108488.2	chr2	3532008	3558333	3	3	3
ENSG00000171865.10	RNASEH1	chr2	3541430	3558333	3	3	3
ENSG00000234171.3	RNASEH1-AS1	chr2	3558474	3564842	3	3	3
ENSG00000287126.1	AC108488.3	chr2	3568505	3575100	3	3	3
ENSG00000171863.15	RPS7	chr2	3575260	3580920	3	3	3
ENSG00000118004.18	COLEC11	chr2	3594832	3644644	3	3	3
ENSG00000237370.1	AC010907.2	chr2	3603397	3604242	3	3	3
ENSG00000188765.7	TMSB4XP2	chr2	3617548	3617757	3	3	3
ENSG00000151360.10	ALLC	chr2	3658200	3702671	3	3	3
ENSG00000232718.1	GAPDHP48	chr2	3688021	3688981	3	3	3
ENSG00000224661.1	AC010907.1	chr2	3702585	3704153	3	3	3
ENSG00000214866.9	DCDC2C	chr2	3703575	3848008	3	3	3
ENSG00000237401.8	LINC01304	chr2	3957652	3974124	3	3	3
ENSG00000229550.1	AC012445.1	chr2	4136644	4140731	3	3	3
ENSG00000231821.1	NPM1P48	chr2	4514204	4515056	3	3	3
ENSG00000231532.6	LINC01249	chr2	4628216	4656498	3	3	3
ENSG00000252238.1	AC092169.1	chr2	4827001	4827084	3	3	3
ENSG00000207192.1	RNU6-649P	chr2	4945277	4945383	3	3	3
ENSG00000228585.1	AC073143.1	chr2	5313740	5314134	3	3	3
ENSG00000232835.1	AC107057.1	chr2	5549780	5556031	3	3	3
ENSG00000224128.1	LINC01248	chr2	5602505	5691488	3	3	3
ENSG00000230090.5	AC108025.1	chr2	5618327	5691118	3	3	3
ENSG00000176887.7	SOX11	chr2	5692384	5701385	3	3	3
ENSG00000242540.3	AC010729.2	chr2	5696220	5719670	3	3	3
ENSG00000236106.2	AC010729.1	chr2	5726253	5730355	3	3	3
ENSG00000237266.2	LINC01810	chr2	5810641	5812670	3	3	3
ENSG00000232044.7	SILC1	chr2	5932543	6003510	3	3	3
ENSG00000276733.1	MIR7158	chr2	5974662	5974732	3	3	3
ENSG00000234275.4	AC017053.1	chr2	6258348	6341788	3	3	3
ENSG00000227007.1	LINC01247	chr2	6366010	6375422	3	3	3
ENSG00000226488.2	LINC01824	chr2	6495651	6511839	3	3	3
ENSG00000231610.1	PIK3CDP1	chr2	6495877	6496798	3	3	3
ENSG00000236172.7	MIR7515HG	chr2	6615389	6651104	3	3	3
ENSG00000286851.1	AC097517.1	chr2	6649706	6650897	3	3	3
ENSG00000283394.1	MIR7515	chr2	6650373	6650439	3	3	3
ENSG00000205837.7	LINC00487	chr2	6728177	6770311	3	3	3
ENSG00000225964.6	NRIR	chr2	6819463	6840464	3	3	3
ENSG00000134326.11	CMPK2	chr2	6840570	6866635	3	3	3
ENSG00000134321.12	RSAD2	chr2	6865806	6898239	3	3	3
ENSG00000271947.1	AC017076.1	chr2	6905724	6906301	3	3	3
ENSG00000228203.7	GRASLND	chr2	6911754	6918734	3	3	3
ENSG00000151692.15	RNF144A	chr2	6917412	7068286	3	3	3
ENSG00000223884.7	AC068481.1	chr2	7045329	7077916	3	3	3
ENSG00000223145.1	RN7SKP112	chr2	7141227	7141544	3	3	3
ENSG00000272002.1	AC010904.2	chr2	7260871	7261504	3	3	3
ENSG00000213774.3	AC010904.1	chr2	7324748	7325062	3	3	3
ENSG00000229727.7	AC013460.1	chr2	7383227	7450544	3	3	3
ENSG00000221255.1	RNU6ATAC37P	chr2	7576841	7576971	3	3	3
ENSG00000287119.1	AC092580.4	chr2	7671330	7675736	3	3	3
ENSG00000230515.1	AC092580.2	chr2	7671604	7672246	3	3	3
ENSG00000235576.1	LINC01871	chr2	7725801	7730705	3	3	3
ENSG00000232979.1	AC092580.3	chr2	7735645	7735783	3	3	3
ENSG00000229405.1	AC092580.1	chr2	7736438	7737095	3	3	3
ENSG00000226506.6	AC007463.1	chr2	7886767	7899725	3	3	3
ENSG00000235665.6	LINC00298	chr2	7922425	8278186	3	3	3
ENSG00000286857.1	AC007463.2	chr2	7937282	7953402	3	3	3
ENSG00000236790.6	LINC00299	chr2	7988683	8488090	3	3	3
ENSG00000229740.3	U91324.1	chr2	8139335	8144950	3	3	3
ENSG00000236008.3	LINC01814	chr2	8461703	8592903	3	3	3
ENSG00000285591.1	AC092617.1	chr2	8488420	8505027	3	3	3
ENSG00000231083.1	AC011747.1	chr2	8600892	8622942	3	3	3
ENSG00000225642.1	SNRPEP5	chr2	8603082	8603359	3	3	3
ENSG00000235092.6	ID2-AS1	chr2	8666636	8681864	3	3	3
ENSG00000115738.10	ID2	chr2	8678845	8684461	3	3	3
ENSG00000134313.16	KIDINS220	chr2	8721081	8837630	3	3	3
ENSG00000143797.12	MBOAT2	chr2	8852690	9003709	3	3	3
ENSG00000230886.3	HMGB1P25	chr2	9018293	9018899	3	3	3
ENSG00000223640.1	RPL30P3	chr2	9081395	9081727	3	3	3
ENSG00000242136.1	AC093904.2	chr2	9103440	9105114	3	3	3
ENSG00000261104.1	AC093904.4	chr2	9106593	9109865	3	3	3
ENSG00000244310.2	AC093904.3	chr2	9110457	9116947	3	3	3
ENSG00000240980.1	AC093904.1	chr2	9143166	9146106	3	3	3
ENSG00000151693.11	ASAP2	chr2	9206765	9405683	3	3	3
ENSG00000213772.3	EIF1P7	chr2	9271292	9271628	3	3	3
ENSG00000119185.13	ITGB1BP1	chr2	9403475	9423528	3	3	3
ENSG00000119203.14	CPSF3	chr2	9423651	9473101	3	3	3
ENSG00000134330.19	IAH1	chr2	9473658	9496543	3	3	3
ENSG00000151694.14	ADAM17	chr2	9488486	9556732	3	3	3
ENSG00000239300.6	AC080162.1	chr2	9501466	9512413	3	3	3
ENSG00000271855.1	AC073195.1	chr2	9555899	9556775	3	3	3
ENSG00000134308.14	YWHAQ	chr2	9583967	9630997	3	3	3
ENSG00000207086.1	Y_RNA	chr2	9615267	9615373	3	3	3
ENSG00000240687.2	AC082651.1	chr2	9638745	9712920	3	3	3
ENSG00000244260.2	AC082651.4	chr2	9671875	9708413	3	3	3
ENSG00000200034.1	RNU4-73P	chr2	9740643	9740783	3	3	3
ENSG00000240960.1	AC082651.2	chr2	9746704	9746869	3	3	3
ENSG00000243491.1	AC082651.3	chr2	9757496	9770341	3	3	3
ENSG00000115750.17	TAF1B	chr2	9843443	9934416	3	3	3
ENSG00000269973.1	AC010969.2	chr2	9936360	9939590	3	3	3
ENSG00000287305.1	AC010969.3	chr2	9939088	9950817	3	3	3
ENSG00000134317.18	GRHL1	chr2	9951693	10002277	3	3	3
ENSG00000188525.4	AC010969.1	chr2	10001757	10006030	3	3	3
ENSG00000260476.1	AC104794.4	chr2	10021578	10022825	3	3	3
ENSG00000260077.1	AC104794.3	chr2	10039092	10040663	3	3	3
ENSG00000172059.11	KLF11	chr2	10042849	10054836	3	3	3
ENSG00000271787.1	AC104794.5	chr2	10054421	10054866	3	3	3
ENSG00000205795.4	CYS1	chr2	10056780	10080944	3	3	3
ENSG00000233502.1	AC104794.2	chr2	10083781	10086101	3	3	3
ENSG00000212558.1	AC104794.1	chr2	10090205	10090319	3	3	3
ENSG00000171848.16	RRM2	chr2	10120698	10211725	3	3	3
ENSG00000206647.1	AC007240.1	chr2	10155072	10155206	3	3	3
ENSG00000265418.1	MIR4261	chr2	10192614	10192671	3	3	3
ENSG00000264030.2	RN7SL66P	chr2	10280628	10280891	3	3	3
ENSG00000285872.1	AC007240.3	chr2	10287800	10302485	3	3	3
ENSG00000206898.1	AC007240.2	chr2	10296047	10296180	3	3	3
ENSG00000115756.13	HPCAL1	chr2	10302889	10427617	3	3	3
ENSG00000115758.13	ODC1	chr2	10439968	10448327	3	3	3
ENSG00000206633.1	SNORA80B	chr2	10446714	10446849	3	3	3
ENSG00000257135.7	ODC1-DT	chr2	10448689	10457693	3	3	3
ENSG00000115761.16	NOL10	chr2	10570754	10689987	3	3	3
ENSG00000234818.1	AC007314.1	chr2	10589166	10604830	3	3	3
ENSG00000243819.4	RN7SL832P	chr2	10690344	10692099	3	3	3
ENSG00000277446.1	Metazoa_SRP	chr2	10691538	10691831	3	3	3
ENSG00000236162.1	AC092687.2	chr2	10717773	10720952	3	3	3
ENSG00000143882.12	ATP6V1C2	chr2	10721100	10785110	3	3	3
ENSG00000239053.1	RNU7-138P	chr2	10744186	10744249	3	3	3
ENSG00000272275.1	AC092687.3	chr2	10767875	10770058	3	3	3
ENSG00000143870.13	PDIA6	chr2	10783391	10837977	3	3	3
ENSG00000238962.1	RNU7-176P	chr2	10815485	10815546	3	3	3
ENSG00000271952.2	LINC01954	chr2	10844477	10885118	3	3	3
ENSG00000232056.1	AC092687.1	chr2	10847577	10854955	3	3	3
ENSG00000270488.1	AC079587.1	chr2	10874291	10874567	3	3	3
ENSG00000162975.5	KCNF1	chr2	10911934	10914225	3	3	3
ENSG00000226080.1	RPL6P4	chr2	11102142	11102997	3	3	3
ENSG00000145063.15	AC062028.1	chr2	11105317	11132821	3	3	3
ENSG00000150873.12	C2orf50	chr2	11133128	11151317	3	3	3
ENSG00000162976.13	SLC66A3	chr2	11155198	11178870	3	3	3
ENSG00000134318.14	ROCK2	chr2	11179759	11348330	3	3	3
ENSG00000207267.1	RNU6-1081P	chr2	11233988	11234094	3	3	3
ENSG00000230154.1	AIDAP1	chr2	11308025	11308941	3	3	3
ENSG00000226961.3	PPIAP60	chr2	11351627	11352118	3	3	3
ENSG00000230952.1	AC099344.1	chr2	11357515	11365636	3	3	3
ENSG00000224177.8	LINC00570	chr2	11372612	11403175	3	3	3
ENSG00000231403.1	AC099344.2	chr2	11388023	11390367	3	3	3
ENSG00000285569.2	AC099344.3	chr2	11405508	11427186	3	3	3
ENSG00000169016.17	E2F6	chr2	11444375	11466177	3	3	3
ENSG00000196208.14	GREB1	chr2	11482341	11642788	3	3	3
ENSG00000201610.1	RNA5SP84	chr2	11517397	11517503	3	3	3
ENSG00000264010.1	MIR4429	chr2	11540605	11540677	3	3	3
ENSG00000251718.1	RNU2-13P	chr2	11561194	11561306	3	3	3
ENSG00000285626.1	5S_rRNA	chr2	11561661	11561779	3	3	3
ENSG00000239899.3	RN7SL674P	chr2	11584773	11585047	3	3	3
ENSG00000169006.7	NTSR2	chr2	11658178	11670195	3	3	3
ENSG00000230044.1	CDK8P1	chr2	11665369	11665969	3	3	3
ENSG00000276411.1	AC106875.2	chr2	11673964	11676925	3	3	3
ENSG00000134324.12	LPIN1	chr2	11677595	11827409	3	3	3
ENSG00000228496.1	AC106875.1	chr2	11681460	11683328	3	3	3
ENSG00000203643.3	AC012456.1	chr2	11721619	11724222	3	3	3
ENSG00000230790.2	AC012456.2	chr2	11740997	11745301	3	3	3
ENSG00000265056.1	MIR548S	chr2	11767444	11767525	3	3	3
ENSG00000224184.6	MIR3681HG	chr2	11833926	12702913	3	3	3
ENSG00000265172.1	MIR4262	chr2	11836933	11836986	3	3	3
ENSG00000238503.1	SNORD18	chr2	12030303	12030372	3	3	3
ENSG00000264089.1	MIR3681	chr2	12199130	12199201	3	3	3
ENSG00000207183.1	RNU6-843P	chr2	12411398	12411501	3	3	3
ENSG00000223360.1	AC096559.1	chr2	12598987	12605145	3	3	3
ENSG00000286427.1	AC009486.2	chr2	12702764	12716557	3	3	3
ENSG00000261117.1	AC009486.1	chr2	12715415	12716227	3	3	3
ENSG00000071575.11	TRIB2	chr2	12716889	12742734	3	3	3
ENSG00000264370.1	MIR3125	chr2	12737367	12737444	3	3	3
ENSG00000225649.6	AC064875.1	chr2	12780593	13007029	3	3	3
ENSG00000285876.1	AC093912.1	chr2	13000953	13331683	3	3	3
ENSG00000229370.1	AC073062.1	chr2	13537673	13609168	3	3	3
ENSG00000230448.5	LINC00276	chr2	13710531	14400963	3	3	3
ENSG00000227718.1	AC016730.1	chr2	13723048	13758152	3	3	3
ENSG00000251859.1	RNU6-1288P	chr2	14274622	14274725	3	3	3
ENSG00000237261.2	Metazoa_SRP	chr2	14530941	14531223	3	3	3
ENSG00000228505.5	AC011897.1	chr2	14616428	14630192	3	3	3
ENSG00000162981.14	LRATD1	chr2	14632700	14650814	3	3	3
ENSG00000287291.1	AC068286.2	chr2	14705668	14992066	3	3	3
ENSG00000235127.1	AC068286.1	chr2	14886647	14907664	3	3	3
ENSG00000151779.13	NBAS	chr2	15166914	15561334	3	3	3
ENSG00000229087.1	RPS26P18	chr2	15397435	15397782	3	3	3
ENSG00000234022.1	AC008278.2	chr2	15564170	15573868	3	3	3
ENSG00000079785.16	DDX1	chr2	15591178	15634346	3	3	3
ENSG00000224194.1	AC008278.1	chr2	15668684	15680484	3	3	3
ENSG00000231031.6	LINC01804	chr2	15690782	15744339	3	3	3
ENSG00000237326.1	AC113608.1	chr2	15801747	15810877	3	3	3
ENSG00000202160.1	RNU5E-7P	chr2	15864935	15865051	3	3	3
ENSG00000214657.4	RPLP1P5	chr2	15869939	15870243	3	3	3
ENSG00000238371.1	AC010145.2	chr2	15903669	15903772	3	3	3
ENSG00000233718.8	MYCNOS	chr2	15918350	15942249	3	3	3
ENSG00000223850.1	MYCNUT	chr2	15920399	15936017	3	3	3
ENSG00000134323.12	MYCN	chr2	15940550	15947007	3	3	3
ENSG00000243541.3	RN7SL104P	chr2	15950689	15950981	3	3	3
ENSG00000226764.2	AC010145.1	chr2	15997049	16062885	3	3	3
ENSG00000236289.4	GACAT3	chr2	16013928	16087201	3	3	3
ENSG00000236989.5	AC130710.1	chr2	16085222	16105841	3	3	3
ENSG00000271315.1	AC174048.1	chr2	16149251	16149394	3	3	3
ENSG00000251704.1	AC142283.1	chr2	16199203	16199295	3	3	3
ENSG00000226041.1	AC010745.1	chr2	16202430	16204226	3	3	3
ENSG00000228876.4	AC010745.2	chr2	16224047	16333978	3	3	3
ENSG00000231266.1	AC010745.3	chr2	16227027	16228194	3	3	3
ENSG00000285354.1	AC010745.5	chr2	16294445	16302290	3	3	3
ENSG00000232444.1	AC010745.4	chr2	16316324	16319566	3	3	3
ENSG00000224400.5	AC010880.1	chr2	16354256	16432702	3	3	3
ENSG00000237633.4	AC104623.1	chr2	16523176	16555564	3	3	3
ENSG00000279663.2	AC104623.2	chr2	16541690	16545695	3	3	3
ENSG00000197872.11	CYRIA	chr2	16549459	16666331	3	3	3
ENSG00000223536.6	AC008164.1	chr2	16728124	16769567	3	3	3
ENSG00000224604.1	AC008069.1	chr2	16853820	16855284	3	3	3
ENSG00000237670.1	LINC01866	chr2	16970034	16974497	3	3	3
ENSG00000222842.1	RN7SKP168	chr2	17122841	17123140	3	3	3
ENSG00000214843.3	ZFYVE9P2	chr2	17284292	17284895	3	3	3
ENSG00000236348.1	PSMC1P10	chr2	17385091	17386417	3	3	3
ENSG00000214842.5	RAD51AP2	chr2	17510584	17518439	3	3	3
ENSG00000163032.12	VSNL1	chr2	17539126	17657018	3	3	3
ENSG00000163029.16	SMC6	chr2	17663812	17800242	3	3	3
ENSG00000178295.15	GEN1	chr2	17753858	17788946	3	3	3
ENSG00000151379.4	MSGN1	chr2	17816460	17817798	3	3	3
ENSG00000170745.12	KCNS3	chr2	17877847	18361616	3	3	3
ENSG00000212455.1	AC079802.1	chr2	18040606	18040733	3	3	3
ENSG00000287881.1	AC079148.3	chr2	18403967	18504484	3	3	3
ENSG00000287849.1	AC079148.2	chr2	18505729	18514332	3	3	3
ENSG00000260331.1	AC079148.1	chr2	18547386	18548204	3	3	3
ENSG00000240857.2	RDH14	chr2	18554723	18560679	3	3	3
ENSG00000250741.6	NT5C1B-RDH14	chr2	18555545	18589564	3	3	3
ENSG00000185013.16	NT5C1B	chr2	18562872	18589572	3	3	3
ENSG00000207170.1	RNU6-1215P	chr2	18583367	18583468	3	3	3
ENSG00000224626.1	AC106053.1	chr2	18784807	18787752	3	3	3
ENSG00000287284.1	AC130814.1	chr2	18939697	18946650	3	3	3
ENSG00000236204.6	LINC01376	chr2	18986451	19348067	3	3	3
ENSG00000266738.1	MIR4757	chr2	19348429	19348505	3	3	3
ENSG00000143867.7	OSR1	chr2	19351485	19358623	3	3	3
ENSG00000234597.2	AC010096.1	chr2	19458220	19468961	3	3	3
ENSG00000237992.3	LINC01808	chr2	19468997	19520095	3	3	3
ENSG00000235911.1	AC019055.1	chr2	19711715	19717576	3	3	3
ENSG00000213403.2	CISD1P1	chr2	19826249	19826575	3	3	3
ENSG00000228784.9	LINC00954	chr2	19868860	19885047	3	3	3
ENSG00000183891.6	TTC32	chr2	19896631	19901983	3	3	3
ENSG00000271991.1	AC013400.1	chr2	19902025	19902569	3	3	3
ENSG00000118965.16	WDR35	chr2	19910263	19990105	3	3	3
ENSG00000227210.2	AC079145.1	chr2	19990209	20004795	3	3	3
ENSG00000132031.13	MATN3	chr2	19992052	20012668	3	3	3
ENSG00000068697.7	LAPTM4A	chr2	20032650	20051628	3	3	3
ENSG00000223734.2	LAPTM4A-DT	chr2	20052134	20054496	3	3	3
ENSG00000234378.1	AC098828.1	chr2	20063856	20106829	3	3	3
ENSG00000213729.3	RPS16P2	chr2	20155618	20156057	3	3	3
ENSG00000266059.2	RN7SL140P	chr2	20175346	20175639	3	3	3
ENSG00000200763.1	RNU6-961P	chr2	20175805	20175909	3	3	3
ENSG00000115884.11	SDC1	chr2	20200797	20225433	3	3	3
ENSG00000235411.1	DRG1P1	chr2	20239892	20241046	3	3	3
ENSG00000238735.1	RNU7-113P	chr2	20246326	20246387	3	3	3
ENSG00000055917.16	PUM2	chr2	20248691	20352234	3	3	3
ENSG00000232800.1	SLC7A15P	chr2	20386386	20396588	3	3	3
ENSG00000212171.1	RNA5SP86	chr2	20401627	20401724	3	3	3
ENSG00000143878.10	RHOB	chr2	20447074	20449440	3	3	3
ENSG00000228950.1	AC023137.1	chr2	20451042	20452947	3	3	3
ENSG00000200829.1	Y_RNA	chr2	20480844	20480955	3	3	3
ENSG00000227047.1	AC012065.1	chr2	20499571	20501311	3	3	3
ENSG00000279307.2	NDUFAF2P1	chr2	20529467	20529976	3	3	3
ENSG00000118960.13	HS1BP3	chr2	20560448	20651130	3	3	3
ENSG00000269976.1	AC012065.2	chr2	20586248	20586686	3	3	3
ENSG00000231948.2	HS1BP3-IT1	chr2	20590775	20592548	3	3	3
ENSG00000233416.1	RPS25P3	chr2	20606280	20606654	3	3	3
ENSG00000143869.7	GDF7	chr2	20667144	20679243	3	3	3
ENSG00000270100.1	AC012065.3	chr2	20678254	20678932	3	3	3
ENSG00000118961.15	LDAH	chr2	20684014	20823130	3	3	3
ENSG00000236436.1	LINC02850	chr2	20859771	20861661	3	3	3
ENSG00000261012.2	AC115619.1	chr2	20999313	21000917	3	3	3
ENSG00000084674.15	APOB	chr2	21001429	21044073	3	3	3
ENSG00000280390.1	AC010872.1	chr2	21023496	21024170	3	3	3
ENSG00000287956.1	AC010872.2	chr2	21094101	21096543	3	3	3
ENSG00000218819.6	TDRD15	chr2	21123968	21144368	3	3	3
ENSG00000271629.1	AC067959.1	chr2	21198518	21198896	3	3	3
ENSG00000233005.2	AC018742.1	chr2	21221169	21970959	3	3	3
ENSG00000231204.7	AC011752.1	chr2	21317660	21561313	3	3	3
ENSG00000270654.1	NUTF2P8	chr2	21362292	21364025	3	3	3
ENSG00000235537.3	AC009411.2	chr2	21607465	21637197	3	3	3
ENSG00000228538.7	AC009411.1	chr2	21638068	21649572	3	3	3
ENSG00000229621.2	LINC01822	chr2	21687430	21710656	3	3	3
ENSG00000264192.1	RN7SL117P	chr2	21922993	21923288	3	3	3
ENSG00000228999.4	AC096570.1	chr2	21932662	22536322	3	3	3
ENSG00000223691.1	AC068044.1	chr2	22188336	22190313	3	3	3
ENSG00000234189.1	AC099799.1	chr2	22317053	22317244	3	3	3
ENSG00000206882.1	RNA5SP87	chr2	22338886	22339003	3	3	3
ENSG00000234207.1	LINC01830	chr2	22377594	22482004	3	3	3
ENSG00000233587.2	LINC01884	chr2	22508129	22548800	3	3	3
ENSG00000222616.1	RN7SKP27	chr2	22861552	22861884	3	3	3
ENSG00000232451.2	AC018467.1	chr2	23018125	23199056	3	3	3
ENSG00000223530.1	AC012506.1	chr2	23330664	23332044	3	3	3
ENSG00000233714.1	AC012506.3	chr2	23347654	23351864	3	3	3
ENSG00000223634.1	AC012506.2	chr2	23357516	23360376	3	3	3
ENSG00000235497.5	AC012506.4	chr2	23375229	23381299	3	3	3
ENSG00000119771.15	KLHL29	chr2	23385179	23708611	3	3	3
ENSG00000224361.1	AC011239.1	chr2	23507043	23524344	3	3	3
ENSG00000279526.1	AC011239.2	chr2	23616499	23617987	3	3	3
ENSG00000283031.2	AC009242.1	chr2	23667208	23685453	3	3	3
ENSG00000119778.15	ATAD2B	chr2	23748664	23927123	3	3	3
ENSG00000224464.2	PGAM1P6	chr2	23872268	23873014	3	3	3
ENSG00000238111.1	RPS13P4	chr2	23900693	23901149	3	3	3
ENSG00000173960.14	UBXN2A	chr2	23927285	24004909	3	3	3
ENSG00000234946.1	SDHCP3	chr2	23943846	23944351	3	3	3
ENSG00000243847.3	RN7SL610P	chr2	23996795	23997085	3	3	3
ENSG00000205639.12	MFSD2B	chr2	24010081	24063321	3	3	3
ENSG00000163026.12	WDCP	chr2	24029347	24049575	3	3	3
ENSG00000222940.1	RNU6-370P	chr2	24045835	24045938	3	3	3
ENSG00000119782.14	FKBP1B	chr2	24049701	24063681	3	3	3
ENSG00000115128.7	SF3B6	chr2	24067586	24076373	3	3	3
ENSG00000219626.9	FAM228B	chr2	24076526	24169640	3	3	3
ENSG00000115129.14	TP53I3	chr2	24077433	24085861	3	3	3
ENSG00000176732.7	PFN4	chr2	24114809	24123464	3	3	3
ENSG00000276087.2	AC008073.3	chr2	24124366	24190436	3	3	3
ENSG00000232642.2	AC008073.2	chr2	24165884	24175005	3	3	3
ENSG00000186453.13	FAM228A	chr2	24175053	24200849	3	3	3
ENSG00000223754.1	AC008073.1	chr2	24199839	24201698	3	3	3
ENSG00000198399.15	ITSN2	chr2	24202864	24360536	3	3	3
ENSG00000242628.6	AC009228.1	chr2	24210650	24222201	3	3	3
ENSG00000251805.1	AC009228.2	chr2	24273614	24273741	3	3	3
ENSG00000232963.1	HMGN2P20	chr2	24330402	24330674	3	3	3
ENSG00000233747.1	RPL36AP13	chr2	24334512	24335152	3	3	3
ENSG00000286829.1	AC093798.1	chr2	24402995	24413292	3	3	3
ENSG00000084676.15	NCOA1	chr2	24491914	24770702	3	3	3
ENSG00000202430.1	RNA5SP88	chr2	24564630	24564738	3	3	3
ENSG00000206732.1	RNU6-936P	chr2	24676309	24676415	3	3	3
ENSG00000184924.5	PTRHD1	chr2	24789734	24793382	3	3	3
ENSG00000138092.11	CENPO	chr2	24793136	24822376	3	3	3
ENSG00000138031.14	ADCY3	chr2	24819169	24919839	3	3	3
ENSG00000271936.1	AC012073.1	chr2	24825610	24826717	3	3	3
ENSG00000115137.12	DNAJC27	chr2	24943636	24972094	3	3	3
ENSG00000237953.1	RPS13P5	chr2	24968958	24969224	3	3	3
ENSG00000202479.1	SNORD14	chr2	24969388	24969477	3	3	3
ENSG00000224165.6	DNAJC27-AS1	chr2	24971390	25039716	3	3	3
ENSG00000286645.1	AC013267.1	chr2	25000147	25010274	3	3	3
ENSG00000207069.1	Y_RNA	chr2	25008845	25008946	3	3	3
ENSG00000084710.14	EFR3B	chr2	25042076	25159135	3	3	3
ENSG00000276653.1	RN7SL856P	chr2	25058032	25058329	3	3	3
ENSG00000229593.1	SUCLA2P3	chr2	25079901	25081689	3	3	3
ENSG00000115138.11	POMC	chr2	25160853	25168903	3	3	3
ENSG00000230452.1	LINC01381	chr2	25204313	25209202	3	3	3
ENSG00000119772.17	DNMT3A	chr2	25227855	25342590	3	3	3
ENSG00000221445.3	MIR1301	chr2	25328640	25328721	3	3	3
ENSG00000235072.2	ARNILA	chr2	25369136	25375845	3	3	3
ENSG00000138101.19	DTNB	chr2	25377198	25673647	3	3	3
ENSG00000224220.1	DTNB-AS1	chr2	25421117	25427643	3	3	3
ENSG00000201160.1	Y_RNA	chr2	25697076	25697188	3	3	3
ENSG00000143970.17	ASXL2	chr2	25733753	25878487	3	3	3
ENSG00000187536.4	TPM3P7	chr2	25809925	25810656	3	3	3
ENSG00000217643.1	PTGES3P2	chr2	25822469	25822950	3	3	3
ENSG00000218682.1	AC064847.1	chr2	25856461	25856966	3	3	3
ENSG00000217718.1	NDUFB4P4	chr2	25886964	25887206	3	3	3
ENSG00000084731.15	KIF3C	chr2	25926598	25982749	3	3	3
ENSG00000237629.1	UQCRHP2	chr2	25994794	25995081	3	3	3
ENSG00000268412.2	TRMT112P6	chr2	26028208	26028612	3	3	3
ENSG00000084733.11	RAB10	chr2	26034084	26137454	3	3	3
ENSG00000199872.1	RNU6-942P	chr2	26042675	26042781	3	3	3
ENSG00000235440.1	RPS2P15	chr2	26101317	26102136	3	3	3
ENSG00000231655.1	EMP2P1	chr2	26140263	26141264	3	3	3
ENSG00000214465.3	SMARCE1P6	chr2	26149204	26150731	3	3	3
ENSG00000227133.1	AC011742.1	chr2	26160023	26161136	3	3	3
ENSG00000237951.1	PPIL1P1	chr2	26162056	26162554	3	3	3
ENSG00000157833.13	GAREM2	chr2	26173088	26189663	3	3	3
ENSG00000084754.12	HADHA	chr2	26190635	26244672	3	3	3
ENSG00000138029.14	HADHB	chr2	26243170	26290465	3	3	3
ENSG00000286707.1	AC010896.1	chr2	26298570	26306340	3	3	3
ENSG00000173567.15	ADGRF3	chr2	26308173	26346817	3	3	3
ENSG00000138018.18	SELENOI	chr2	26308547	26395891	3	3	3
ENSG00000157856.12	DRC1	chr2	26401920	26456711	3	3	3
ENSG00000115155.19	OTOF	chr2	26457203	26558756	3	3	3
ENSG00000173557.15	FAM166C	chr2	26562585	26579532	3	3	3
ENSG00000157884.11	CIB4	chr2	26581205	26641366	3	3	3
ENSG00000225378.1	AC015977.1	chr2	26671254	26674464	3	3	3
ENSG00000225024.1	RPL37P11	chr2	26678219	26678510	3	3	3
ENSG00000171303.7	KCNK3	chr2	26692690	26733420	3	3	3
ENSG00000213699.9	SLC35F6	chr2	26764284	26781231	3	3	3
ENSG00000115163.15	CENPA	chr2	26764289	26801067	3	3	3
ENSG00000145835.6	CDKN2AIPNLP2	chr2	26827169	26827520	3	3	3
ENSG00000157851.17	DPYSL5	chr2	26847747	26950351	3	3	3
ENSG00000230286.1	AC013472.1	chr2	26950308	27009807	3	3	3
ENSG00000084764.12	MAPRE3	chr2	26970637	27027219	3	3	3
ENSG00000205500.8	MAPRE3-AS1	chr2	26984776	27014612	3	3	3
ENSG00000119777.20	TMEM214	chr2	27032910	27041694	3	3	3
ENSG00000084693.16	AGBL5	chr2	27042364	27070622	3	3	3
ENSG00000231636.1	AGBL5-AS1	chr2	27049683	27050264	3	3	3
ENSG00000272056.1	AC013472.2	chr2	27053618	27054276	3	3	3
ENSG00000229122.1	AGBL5-IT1	chr2	27061038	27061815	3	3	3
ENSG00000272148.1	AC013403.2	chr2	27062428	27062907	3	3	3
ENSG00000228474.6	OST4	chr2	27070472	27071654	3	3	3
ENSG00000138080.14	EMILIN1	chr2	27078615	27086403	3	3	3
ENSG00000138030.13	KHK	chr2	27086747	27100762	3	3	3
ENSG00000138028.16	CGREF1	chr2	27098889	27119128	3	3	3
ENSG00000143994.14	ABHD1	chr2	27123789	27130812	3	3	3
ENSG00000138073.14	PREB	chr2	27130756	27134666	3	3	3
ENSG00000186143.11	PRR30	chr2	27136848	27139410	3	3	3
ENSG00000163792.6	TCF23	chr2	27149004	27156974	3	3	3
ENSG00000236099.1	AC013403.1	chr2	27158563	27159229	3	3	3
ENSG00000138074.15	SLC5A6	chr2	27199587	27212958	3	3	3
ENSG00000138085.17	ATRAID	chr2	27212027	27217178	3	3	3
ENSG00000084774.14	CAD	chr2	27217369	27243943	3	3	3
ENSG00000115194.11	SLC30A3	chr2	27253684	27275817	3	3	3
ENSG00000163793.13	DNAJC5G	chr2	27275433	27281499	3	3	3
ENSG00000138100.14	TRIM54	chr2	27282429	27307439	3	3	3
ENSG00000163794.6	UCN	chr2	27307400	27308445	3	3	3
ENSG00000115204.15	MPV17	chr2	27309492	27325680	3	3	3
ENSG00000115207.13	GTF3C2	chr2	27325849	27357034	3	3	3
ENSG00000234945.8	GTF3C2-AS1	chr2	27335520	27342599	3	3	3
ENSG00000234072.1	AC074117.1	chr2	27356246	27367622	3	3	3
ENSG00000115211.16	EIF2B4	chr2	27364352	27370457	3	3	3
ENSG00000115234.11	SNX17	chr2	27370496	27377535	3	3	3
ENSG00000163795.14	ZNF513	chr2	27377235	27380790	3	3	3
ENSG00000115241.11	PPM1G	chr2	27381195	27409591	3	3	3
ENSG00000213453.3	FTH1P3	chr2	27392784	27393367	3	3	3
ENSG00000115216.14	NRBP1	chr2	27427790	27442259	3	3	3
ENSG00000157992.12	KRTCAP3	chr2	27442366	27446481	3	3	3
ENSG00000138002.16	IFT172	chr2	27444377	27489805	3	3	3
ENSG00000235267.1	AC074117.2	chr2	27455156	27455862	3	3	3
ENSG00000200003.1	RNU6-986P	chr2	27475494	27475595	3	3	3
ENSG00000115226.10	FNDC4	chr2	27491883	27495200	3	3	3
ENSG00000084734.9	GCKR	chr2	27496839	27523684	3	3	3
ENSG00000221843.4	C2orf16	chr2	27537386	27582721	3	3	3
ENSG00000243943.10	ZNF512	chr2	27582969	27623217	3	3	3
ENSG00000259080.1	AC074091.2	chr2	27583046	27635174	3	3	3
ENSG00000176714.10	CCDC121	chr2	27625638	27629012	3	3	3
ENSG00000198522.14	GPN1	chr2	27628247	27651511	3	3	3
ENSG00000206731.1	AC074091.1	chr2	27642043	27642169	3	3	3
ENSG00000119760.16	SUPT7L	chr2	27650809	27663840	3	3	3
ENSG00000163798.13	SLC4A1AP	chr2	27663471	27694976	3	3	3
ENSG00000205334.2	LINC01460	chr2	27705786	27715732	3	3	3
ENSG00000243147.8	MRPL33	chr2	27771717	27988087	3	3	3
ENSG00000171174.15	RBKS	chr2	27781379	27890681	3	3	3
ENSG00000158019.21	BABAM2	chr2	27889941	28338901	3	3	3
ENSG00000270846.1	MYG1P1	chr2	27896116	27897195	3	3	3
ENSG00000265321.1	MIR4263	chr2	27996367	27996449	3	3	3
ENSG00000270528.1	FAM133EP	chr2	28015777	28016482	3	3	3
ENSG00000277035.1	AC096552.1	chr2	28134408	28134585	3	3	3
ENSG00000223522.2	AC093690.1	chr2	28307063	28310560	3	3	3
ENSG00000225991.1	RPL23AP34	chr2	28308161	28308570	3	3	3
ENSG00000229951.5	FLJ31356	chr2	28384409	28394672	3	3	3
ENSG00000075426.12	FOSL2	chr2	28392448	28417317	3	3	3
ENSG00000270640.1	AC104695.3	chr2	28396815	28397110	3	3	3
ENSG00000270210.1	AC104695.2	chr2	28425945	28426719	3	3	3
ENSG00000227938.1	AC104695.1	chr2	28448167	28450184	3	3	3
ENSG00000163803.13	PLB1	chr2	28457145	28644142	3	3	3
ENSG00000242915.1	SNRPGP7	chr2	28460256	28460361	3	3	3
ENSG00000230730.1	AC074011.1	chr2	28633282	28664540	3	3	3
ENSG00000222232.1	RNA5SP89	chr2	28683976	28684083	3	3	3
ENSG00000226833.6	AC092164.1	chr2	28707511	28751722	3	3	3
ENSG00000213639.10	PPP1CB	chr2	28751640	28802940	3	3	3
ENSG00000163806.16	SPDYA	chr2	28782517	28850611	3	3	3
ENSG00000273233.1	AC097724.1	chr2	28810281	28810706	3	3	3
ENSG00000171103.11	TRMT61B	chr2	28849821	28870309	3	3	3
ENSG00000163811.12	WDR43	chr2	28894667	28948219	3	3	3
ENSG00000264994.1	SNORD92	chr2	28913664	28913748	3	3	3
ENSG00000265145.1	SNORD53	chr2	28927067	28927144	3	3	3
ENSG00000222224.1	Y_RNA	chr2	28927243	28927340	3	3	3
ENSG00000265706.1	SNORD53B	chr2	28927983	28928060	3	3	3
ENSG00000189350.13	TOGARAM2	chr2	28956611	29052230	3	3	3
ENSG00000200283.1	Y_RNA	chr2	28972414	28972521	3	3	3
ENSG00000179270.7	PCARE	chr2	29060976	29074523	3	3	3
ENSG00000229224.2	AC105398.1	chr2	29088649	29097586	3	3	3
ENSG00000115295.20	CLIP4	chr2	29097705	29189643	3	3	3
ENSG00000171094.18	ALK	chr2	29192774	29921586	3	3	3
ENSG00000286963.1	AC074096.1	chr2	29319554	29352214	3	3	3
ENSG00000242699.3	RN7SL516P	chr2	29681027	29681323	3	3	3
ENSG00000288553.1	AC106870.3	chr2	29841187	29955405	3	3	3
ENSG00000230737.1	AC106870.2	chr2	29890371	29892354	3	3	3
ENSG00000197644.2	AC106870.1	chr2	29899597	29907199	3	3	3
ENSG00000233862.7	AC016907.2	chr2	30051066	30143804	3	3	3
ENSG00000225943.1	AC016907.1	chr2	30077093	30078272	3	3	3
ENSG00000119801.13	YPEL5	chr2	30146941	30160533	3	3	3
ENSG00000207187.1	SNORA10B	chr2	30187434	30187566	3	3	3
ENSG00000231712.1	H3P5	chr2	30209995	30210307	3	3	3
ENSG00000213626.13	LBH	chr2	30231534	30323730	3	3	3
ENSG00000287658.1	AC109642.1	chr2	30343222	30348298	3	3	3
ENSG00000235997.3	LINC01936	chr2	30346623	30361010	3	3	3
ENSG00000280154.1	AC073255.1	chr2	30408170	30408346	3	3	3
ENSG00000172954.14	LCLAT1	chr2	30447226	30644225	3	3	3
ENSG00000278908.1	AC132154.1	chr2	30677762	30679895	3	3	3
ENSG00000162949.16	CAPN13	chr2	30722771	30820542	3	3	3
ENSG00000230118.1	AC092569.1	chr2	30746444	30746701	3	3	3
ENSG00000285984.1	AC009301.1	chr2	30887626	30897387	3	3	3
ENSG00000158089.15	GALNT14	chr2	30910467	31155202	3	3	3
ENSG00000234579.1	AC009305.1	chr2	30986939	30991426	3	3	3
ENSG00000214711.10	CAPN14	chr2	31173056	31233858	3	3	3
ENSG00000201671.1	RNA5SP90	chr2	31228312	31228410	3	3	3
ENSG00000013016.16	EHD3	chr2	31234152	31269451	3	3	3
ENSG00000213620.3	AL121657.1	chr2	31290762	31291604	3	3	3
ENSG00000158125.10	XDH	chr2	31334321	31414742	3	3	3
ENSG00000277893.2	SRD5A2	chr2	31522480	31580938	3	3	3
ENSG00000228563.1	AL133247.1	chr2	31526942	31563464	3	3	3
ENSG00000270422.1	AL133247.2	chr2	31651381	31651862	3	3	3
ENSG00000223647.1	LINC01946	chr2	31793823	31803980	3	3	3
ENSG00000237007.4	KRT18P52	chr2	31822591	31823436	3	3	3
ENSG00000242272.1	AK2P2	chr2	31823413	31823817	3	3	3
ENSG00000273165.1	AL121652.1	chr2	31852976	31853423	3	3	3
ENSG00000162959.13	MEMO1	chr2	31865060	32011230	3	3	3
ENSG00000162961.14	DPY30	chr2	31867809	32039805	3	3	3
ENSG00000271228.1	AL121655.1	chr2	32013061	32013368	3	3	3
ENSG00000021574.13	SPAST	chr2	32063556	32157637	3	3	3
ENSG00000272716.1	AL121658.1	chr2	32165046	32165757	3	3	3
ENSG00000152683.14	SLC30A6	chr2	32165841	32224379	3	3	3
ENSG00000229816.1	DDX50P1	chr2	32201600	32203999	3	3	3
ENSG00000201113.1	RNU6-647P	chr2	32214456	32214562	3	3	3
ENSG00000091106.19	NLRC4	chr2	32224453	32265732	3	3	3
ENSG00000119820.11	YIPF4	chr2	32277904	32316594	3	3	3
ENSG00000272754.1	AL133245.1	chr2	32321638	32323002	3	3	3
ENSG00000115760.14	BIRC6	chr2	32357028	32618899	3	3	3
ENSG00000230046.1	BIRC6-AS1	chr2	32377631	32379599	3	3	3
ENSG00000276334.1	AL133243.2	chr2	32521927	32523547	3	3	3
ENSG00000276517.1	AL133243.3	chr2	32526504	32529507	3	3	3
ENSG00000207653.1	MIR558	chr2	32532153	32532246	3	3	3
ENSG00000274159.1	AL133243.1	chr2	32548675	32549040	3	3	3
ENSG00000279897.2	BIRC6-AS2	chr2	32557273	32574818	3	3	3
ENSG00000279544.1	AL133243.4	chr2	32563328	32566436	3	3	3
ENSG00000018699.13	TTC27	chr2	32628032	32821051	3	3	3
ENSG00000265057.1	MIR4765	chr2	32635255	32635331	3	3	3
ENSG00000230876.8	LINC00486	chr2	32825359	32926693	3	3	3
ENSG00000236854.2	LINC00486	chr2	32927085	32946149	3	3	3
ENSG00000206951.1	Y_RNA	chr2	32945339	32945451	3	3	3
ENSG00000049323.16	LTBP1	chr2	32946953	33399509	3	3	3
ENSG00000223951.1	H2ACP2	chr2	33056333	33063113	3	3	3
ENSG00000285577.1	AC019127.1	chr2	33274465	33281261	3	3	3
ENSG00000212204.1	RNA5SP91	chr2	33285769	33285887	3	3	3
ENSG00000252246.1	RNA5SP92	chr2	33332898	33333007	3	3	3
ENSG00000283591.1	MIR4430	chr2	33418516	33418564	3	3	3
ENSG00000152689.18	RASGRP3	chr2	33436324	33564750	3	3	3
ENSG00000237133.1	RASGRP3-AS1	chr2	33555047	33563547	3	3	3
ENSG00000119812.19	FAM98A	chr2	33583660	33599382	3	3	3
ENSG00000286415.1	AC017050.1	chr2	33599442	33657460	3	3	3
ENSG00000238038.1	ATP6V0E1P3	chr2	33602041	33602286	3	3	3
ENSG00000187999.4	HNRNPA1P61	chr2	33636502	33637425	3	3	3
ENSG00000228262.10	LINC01320	chr2	33706886	34738231	3	3	5
ENSG00000239649.3	MYADML	chr2	33722721	33728207	3	3	3
ENSG00000235064.1	SLC25A5P2	chr2	33839782	33840678	3	3	3
ENSG00000237790.1	LINC01318	chr2	34067226	34069550	3	3	3
ENSG00000285754.1	AC008170.1	chr2	34134371	34220575	3	3	3
ENSG00000272027.2	AC073218.1	chr2	34692290	34703606	3	3	3
ENSG00000232153.3	AC012593.2	chr2	34732287	34822726	3	3	3
ENSG00000226994.9	AC012593.1	chr2	34799850	35185689	3	3	3
ENSG00000264352.2	RN7SL602P	chr2	34809233	34809556	3	3	3
ENSG00000237320.2	AC019064.1	chr2	34998273	35000160	3	3	3
ENSG00000196085.5	SMIM7P1	chr2	35219377	35219604	3	3	3
ENSG00000288535.1	AC013442.1	chr2	35263711	35284997	3	3	3
ENSG00000265301.1	MIR548AD	chr2	35471405	35471486	3	3	3
ENSG00000207255.1	RNU6-1117P	chr2	35471605	35471708	3	3	3
ENSG00000229013.1	AC083939.1	chr2	35471716	35471841	3	3	3
ENSG00000234587.1	MRPL50P1	chr2	35724759	35725142	3	3	3
ENSG00000233752.1	RPL21P36	chr2	36299388	36299830	3	3	3
ENSG00000260025.1	CRIM1-DT	chr2	36354749	36355114	3	3	3
ENSG00000150938.10	CRIM1	chr2	36355778	36551135	3	3	3
ENSG00000273090.1	AC007378.1	chr2	36513255	36513732	3	3	3
ENSG00000171055.15	FEZ2	chr2	36531805	36646087	3	3	3
ENSG00000270677.1	AC007363.1	chr2	36656322	36656941	3	3	3
ENSG00000205221.12	VIT	chr2	36696690	36814792	3	3	3
ENSG00000115808.12	STRN	chr2	36837698	36966536	3	3	3
ENSG00000279519.1	AC007382.1	chr2	36839922	36842539	3	3	3
ENSG00000252756.1	RNU6-577P	chr2	36867398	36867495	3	3	3
ENSG00000008869.12	HEATR5B	chr2	36968383	37084372	3	3	3
ENSG00000152133.16	GPATCH11	chr2	37084451	37099244	3	3	3
ENSG00000055332.18	EIF2AK2	chr2	37099210	37157065	3	3	3
ENSG00000224891.1	ARL14EPP1	chr2	37148530	37149304	3	3	3
ENSG00000138068.10	SULT6B1	chr2	37167820	37196598	3	3	3
ENSG00000233159.1	RPL31P16	chr2	37194382	37194737	3	3	3
ENSG00000218739.10	CEBPZOS	chr2	37196488	37216193	3	3	3
ENSG00000115816.15	CEBPZ	chr2	37201612	37231596	3	3	3
ENSG00000272054.1	AC007390.1	chr2	37208875	37212677	3	3	3
ENSG00000003509.16	NDUFAF7	chr2	37231631	37253403	3	3	3
ENSG00000115825.11	PRKD3	chr2	37250502	37324833	3	3	3
ENSG00000232028.1	AC007391.1	chr2	37325340	37326797	3	3	3
ENSG00000207364.1	RNU6-939P	chr2	37331770	37331876	3	3	3
ENSG00000285925.1	AC007391.2	chr2	37339957	37343796	3	3	3
ENSG00000115828.17	QPCT	chr2	37342827	37373322	3	3	3
ENSG00000253078.1	RNU6-1116P	chr2	37435510	37435608	3	3	3
ENSG00000287316.1	AC007391.3	chr2	37466781	37524807	3	3	3
ENSG00000236213.2	AC006369.1	chr2	37562486	37646698	3	3	3
ENSG00000163171.8	CDC42EP3	chr2	37641882	37738468	3	3	3
ENSG00000236572.1	AC006369.2	chr2	37744333	37747046	3	3	3
ENSG00000225402.1	AC010878.1	chr2	37816915	37817961	3	3	3
ENSG00000237803.6	LINC00211	chr2	37820498	37876274	3	3	3
ENSG00000115841.21	RMDN2	chr2	37923187	38067142	3	3	3
ENSG00000235848.4	RMDN2-AS1	chr2	37949911	38067041	3	3	3
ENSG00000138061.12	CYP1B1	chr2	38066973	38109902	3	3	3
ENSG00000232973.13	CYP1B1-AS1	chr2	38073447	38231651	3	3	3
ENSG00000280276.1	AC009229.4	chr2	38121935	38123881	3	3	3
ENSG00000229160.1	AC009229.2	chr2	38132637	38138946	3	3	3
ENSG00000199603.1	RNU6-951P	chr2	38147415	38147521	3	3	3
ENSG00000273006.1	AC009229.3	chr2	38193348	38193629	3	3	3
ENSG00000227292.1	AC009229.1	chr2	38203363	38239590	3	3	3
ENSG00000227770.1	RPL7P12	chr2	38231568	38232317	3	3	3
ENSG00000213594.4	GAPDHP25	chr2	38285410	38286410	3	3	3
ENSG00000119787.14	ATL2	chr2	38293954	38377285	3	3	3
ENSG00000231367.6	LINC02613	chr2	38406527	38515934	3	3	3
ENSG00000287313.1	AC016995.1	chr2	38408719	38412627	3	3	3
ENSG00000235009.1	LINC01883	chr2	38431294	38433573	3	3	3
ENSG00000213553.4	RPLP0P6	chr2	38481851	38482804	3	3	3
ENSG00000271443.1	AC011247.2	chr2	38535258	38536249	3	3	3
ENSG00000143889.16	HNRNPLL	chr2	38561969	38603586	3	3	3
ENSG00000235586.1	AC011247.1	chr2	38601598	38602178	3	3	3
ENSG00000143891.17	GALM	chr2	38666081	38741237	3	3	3
ENSG00000232518.3	AC074366.1	chr2	38668202	38671421	3	3	3
ENSG00000115875.19	SRSF7	chr2	38743599	38751494	3	3	3
ENSG00000152147.11	GEMIN6	chr2	38751534	38785002	3	3	3
ENSG00000227238.1	TTC39DP	chr2	38763534	38765221	3	3	3
ENSG00000232114.1	NPLP1	chr2	38769265	38770124	3	3	3
ENSG00000163214.21	DHX57	chr2	38797729	38875934	3	3	3
ENSG00000223922.1	ASS1P2	chr2	38810432	38811654	3	3	3
ENSG00000225284.1	AC018693.1	chr2	38861720	38863133	3	3	3
ENSG00000188010.15	MORN2	chr2	38875962	38929072	3	3	3
ENSG00000207295.1	RNU6-851P	chr2	38884560	38884666	3	3	3
ENSG00000214694.12	ARHGEF33	chr2	38889875	38975454	3	3	3
ENSG00000265905.2	RN7SL96P	chr2	38936876	38937158	3	3	3
ENSG00000269210.2	AC019171.1	chr2	38959287	38960342	3	3	3
ENSG00000115904.14	SOS1	chr2	38981549	39124345	3	3	3
ENSG00000229692.3	SOS1-IT1	chr2	38992279	38993857	3	3	3
ENSG00000206985.1	RNU6-198P	chr2	39082589	39082692	3	3	3
ENSG00000225900.1	HSPE1P13	chr2	39098149	39098445	3	3	3
ENSG00000202309.1	Y_RNA	chr2	39128826	39128927	3	3	3
ENSG00000205111.8	CDKL4	chr2	39175646	39229588	3	3	3
ENSG00000011566.15	MAP4K3	chr2	39249266	39437301	3	3	3
ENSG00000252473.1	AC007684.1	chr2	39283657	39283791	3	3	3
ENSG00000273035.1	AC007684.2	chr2	39323328	39323804	3	3	3
ENSG00000231312.7	MAP4K3-DT	chr2	39436530	39665343	3	3	3
ENSG00000152154.11	TMEM178A	chr2	39664982	39717963	3	3	3
ENSG00000138050.15	THUMPD2	chr2	39736060	39779267	3	3	3
ENSG00000227028.6	SLC8A1-AS1	chr2	39786453	40255209	3	3	3
ENSG00000235653.1	AC007253.1	chr2	39929110	39929998	3	3	3
ENSG00000183023.18	SLC8A1	chr2	40097270	40611053	3	3	3
ENSG00000287255.1	AC007877.1	chr2	40534806	40545781	3	3	3
ENSG00000285898.1	AC007317.1	chr2	40591285	40679604	3	3	3
ENSG00000287468.1	AC007317.2	chr2	40620667	40639632	3	3	3
ENSG00000233128.2	LINC01794	chr2	40746481	40767452	3	3	3
ENSG00000237442.3	HNRNPA1P57	chr2	41143780	41157555	3	3	3
ENSG00000287145.1	AC009413.1	chr2	41716133	41731611	3	3	3
ENSG00000236090.2	LDHAP3	chr2	41819747	41820754	3	3	3
ENSG00000236533.1	RPS12P4	chr2	41850203	41850601	3	3	3
ENSG00000207218.1	Y_RNA	chr2	41857271	41857372	3	3	3
ENSG00000214691.9	LINC01913	chr2	41860155	41894050	3	3	3
ENSG00000223245.1	RNU4-63P	chr2	41871271	41871388	3	3	3
ENSG00000234362.6	LINC01914	chr2	41931599	41933909	3	3	3
ENSG00000205086.8	C2orf91	chr2	41935368	41956806	3	3	3
ENSG00000226398.1	AC013480.1	chr2	42015625	42025302	3	3	3
ENSG00000162878.13	PKDCC	chr2	42048021	42058517	3	3	3
ENSG00000224875.2	EML4-AS1	chr2	42143238	42170301	3	3	3
ENSG00000143924.19	EML4	chr2	42169353	42332548	3	3	3
ENSG00000115944.15	COX7A2L	chr2	42333546	42425088	3	3	3
ENSG00000221300.1	AC025750.2	chr2	42440377	42440436	3	3	3
ENSG00000171126.8	KCNG3	chr2	42442017	42493982	3	3	3
ENSG00000232526.1	VDAC1P13	chr2	42463139	42463997	3	3	3
ENSG00000236913.1	RPS13P3	chr2	42469817	42470266	3	3	3
ENSG00000057935.14	MTA3	chr2	42494569	42756947	3	3	3
ENSG00000273913.1	Metazoa_SRP	chr2	42511570	42511851	3	3	3
ENSG00000215263.2	AC025750.1	chr2	42532766	42533442	3	3	3
ENSG00000226523.1	AC074375.1	chr2	42680088	42680279	3	3	3
ENSG00000200550.1	RNU6-137P	chr2	42712740	42712847	3	3	3
ENSG00000162881.6	OXER1	chr2	42762481	42764261	3	3	3
ENSG00000162882.15	HAAO	chr2	42767089	42792593	3	3	3
ENSG00000226491.1	FTOP1	chr2	42797225	42798712	3	3	3
ENSG00000232202.1	CHORDC1P1	chr2	42826322	42827617	3	3	3
ENSG00000224739.2	AC016735.1	chr2	43001355	43006060	3	3	3
ENSG00000231826.6	LINC01819	chr2	43027823	43040662	3	3	3
ENSG00000233978.1	LINC02590	chr2	43041193	43043782	3	3	3
ENSG00000207087.1	RNU6-242P	chr2	43091388	43091494	3	3	3
ENSG00000230587.2	LINC02580	chr2	43092530	43132482	3	3	3
ENSG00000286796.1	AC010883.2	chr2	43128819	43131999	3	3	3
ENSG00000287387.1	AC010883.3	chr2	43219849	43223227	3	3	3
ENSG00000152518.8	ZFP36L2	chr2	43222402	43226606	3	3	3
ENSG00000279873.2	LINC01126	chr2	43227210	43228855	3	3	3
ENSG00000234936.1	AC010883.1	chr2	43229573	43233394	3	3	3
ENSG00000115970.18	THADA	chr2	43230836	43596046	3	3	3
ENSG00000252804.1	RNU6-958P	chr2	43408307	43408412	3	3	3
ENSG00000264071.2	RN7SL531P	chr2	43492032	43492313	3	3	3
ENSG00000207411.1	Y_RNA	chr2	43620878	43620984	3	3	3
ENSG00000152527.14	PLEKHH2	chr2	43637260	43767987	3	3	3
ENSG00000223658.8	C1GALT1C1L	chr2	43675151	43676429	3	3	3
ENSG00000229695.1	AC011242.1	chr2	43680465	43681622	3	3	3
ENSG00000252490.1	RN7SKP66	chr2	43772120	43772350	3	3	3
ENSG00000138036.18	DYNC2LI1	chr2	43774039	43810010	3	3	3
ENSG00000138075.14	ABCG5	chr2	43812472	43838865	3	3	3
ENSG00000143921.9	ABCG8	chr2	43831942	43882988	3	3	3
ENSG00000138095.19	LRPPRC	chr2	43886224	43995989	3	3	3
ENSG00000200924.1	RNU6-1048P	chr2	43892690	43892796	3	3	3
ENSG00000264047.2	RN7SL455P	chr2	43904412	43904693	3	3	3
ENSG00000219391.1	AC019129.1	chr2	44065894	44066154	3	3	3
ENSG00000252599.1	RNU6-566P	chr2	44154789	44154895	3	3	3
ENSG00000224637.1	PDSS1P2	chr2	44166266	44166943	3	3	3
ENSG00000273106.1	AC019129.2	chr2	44167625	44168859	3	3	3
ENSG00000138032.21	PPM1B	chr2	44167969	44244384	3	3	3
ENSG00000285542.1	AC013717.1	chr2	44168851	44320310	3	3	3
ENSG00000226972.2	RPL12P19	chr2	44270621	44271106	3	3	3
ENSG00000138079.14	SLC3A1	chr2	44275458	44321494	3	3	3
ENSG00000138078.16	PREPL	chr2	44316281	44361862	3	3	3
ENSG00000143919.15	CAMKMT	chr2	44361947	44772592	3	3	3
ENSG00000259439.2	LINC01833	chr2	44921077	44939199	3	3	3
ENSG00000278957.1	AC012354.9	chr2	44927914	44928396	3	3	3
ENSG00000274520.1	AC012354.2	chr2	44932320	44932406	3	3	3
ENSG00000277311.1	AC012354.7	chr2	44934055	44934271	3	3	3
ENSG00000276229.1	AC012354.5	chr2	44935294	44935368	3	3	3
ENSG00000277809.1	AC012354.8	chr2	44935585	44935908	3	3	3
ENSG00000276048.1	AC012354.4	chr2	44937426	44937696	3	3	3
ENSG00000274547.1	AC012354.3	chr2	44938833	44939028	3	3	3
ENSG00000276670.1	AC012354.6	chr2	44940045	44940245	3	3	3
ENSG00000236502.1	SIX3-AS1	chr2	44940154	44941873	3	3	3
ENSG00000138083.5	SIX3	chr2	44941702	44946071	3	3	3
ENSG00000225156.2	AC012354.1	chr2	44954664	44968762	3	3	3
ENSG00000231848.1	KRTCAP2P1	chr2	44996413	44996873	3	3	3
ENSG00000170577.8	SIX2	chr2	45005182	45009452	3	3	3
ENSG00000231156.1	AC093702.1	chr2	45013214	45013668	3	3	3
ENSG00000205054.8	LINC01121	chr2	45164816	45323397	3	3	3
ENSG00000231054.1	AC093833.1	chr2	45168583	45169414	3	3	3
ENSG00000286728.1	AC009236.2	chr2	45169616	45211673	3	3	3
ENSG00000286519.1	AC009236.1	chr2	45173722	45175935	3	3	3
ENSG00000068784.13	SRBD1	chr2	45388680	45612165	3	3	3
ENSG00000239396.3	RN7SL414P	chr2	45569199	45569492	3	3	3
ENSG00000171132.14	PRKCE	chr2	45651345	46187990	3	3	3
ENSG00000228481.1	PRKCE-AS1	chr2	45674701	45675476	3	3	3
ENSG00000233829.1	RPL26P15	chr2	46003942	46004309	3	3	3
ENSG00000232696.1	AC017006.2	chr2	46078015	46078828	3	3	3
ENSG00000231336.1	AC017006.1	chr2	46166789	46167978	3	3	3
ENSG00000233335.1	RPL36AP14	chr2	46256860	46257177	3	3	3
ENSG00000278764.1	Metazoa_SRP	chr2	46266690	46266971	3	3	3
ENSG00000116016.14	EPAS1	chr2	46293667	46386697	3	3	3
ENSG00000228100.2	LINC01820	chr2	46392291	46394228	3	3	3
ENSG00000187600.14	LINC02583	chr2	46429190	46441833	3	3	3
ENSG00000284608.1	AC016912.2	chr2	46429195	46484424	3	3	3
ENSG00000253515.2	AC016912.1	chr2	46429229	46501278	3	3	3
ENSG00000241791.3	RN7SL817P	chr2	46448224	46448511	3	3	3
ENSG00000284701.1	TMEM247	chr2	46479565	46484425	3	3	3
ENSG00000250565.7	ATP6V1E2	chr2	46490750	46542577	3	3	3
ENSG00000119729.12	RHOQ	chr2	46541806	46584688	3	3	3
ENSG00000250116.2	RHOQ-AS1	chr2	46568256	46580238	3	3	3
ENSG00000151665.13	PIGF	chr2	46580937	46617055	3	3	3
ENSG00000119878.6	CRIPT	chr2	46616416	46630176	3	3	3
ENSG00000279254.1	AC020604.1	chr2	46668870	46670778	3	3	3
ENSG00000222005.9	LINC01118	chr2	46698940	46822804	3	3	3
ENSG00000171150.9	SOCS5	chr2	46698952	46780245	3	3	3
ENSG00000239332.6	LINC01119	chr2	46816697	46859007	3	3	3
ENSG00000226548.1	AC016722.1	chr2	46852020	46853496	3	3	3
ENSG00000228925.1	AC016722.2	chr2	46899275	46908678	3	3	3
ENSG00000180398.13	MCFD2	chr2	46901870	46941855	3	3	3
ENSG00000068724.17	TTC7A	chr2	46916157	47076137	3	3	3
ENSG00000272814.1	AC093732.2	chr2	46956615	46956888	3	3	3
ENSG00000233845.1	AC093732.1	chr2	47035279	47040524	3	3	3
ENSG00000239605.11	STPG4	chr2	47045538	47155308	3	3	3
ENSG00000273269.3	AC073283.3	chr2	47065941	47176511	3	3	3
ENSG00000225187.1	AC073283.1	chr2	47067822	47071204	3	3	3
ENSG00000143933.19	CALM2	chr2	47160083	47176921	3	3	3
ENSG00000234690.7	EPCAM-DT	chr2	47192405	47345074	3	3	3
ENSG00000226087.2	AC073283.2	chr2	47225781	47240886	3	3	3
ENSG00000236824.2	BCYRN1	chr2	47335315	47335514	3	3	3
ENSG00000119888.11	EPCAM	chr2	47345158	47387601	3	3	3
ENSG00000222685.1	RN7SKP119	chr2	47359505	47359777	3	3	3
ENSG00000207923.1	MIR559	chr2	47377675	47377770	3	3	3
ENSG00000277396.1	Metazoa_SRP	chr2	47383160	47383421	3	3	3
ENSG00000095002.15	MSH2	chr2	47403067	47663146	3	3	3
ENSG00000184261.5	KCNK12	chr2	47509290	47570985	3	3	3
ENSG00000235760.4	MSH2-OT1	chr2	47527008	47535199	3	3	3
ENSG00000230979.3	AC079250.1	chr2	47690716	47691246	3	3	3
ENSG00000116062.17	MSH6	chr2	47695530	47810063	3	3	3
ENSG00000224443.1	NME2P2	chr2	47705468	47705979	3	3	3
ENSG00000224058.2	AC006509.1	chr2	47731402	47732035	3	3	3
ENSG00000283502.1	U6	chr2	47781379	47781465	3	3	3
ENSG00000138081.21	FBXO11	chr2	47789316	47906498	3	3	3
ENSG00000235369.1	RPL36AP15	chr2	47797826	47798091	3	3	3
ENSG00000236549.1	RPS27AP7	chr2	47883455	47883909	3	3	3
ENSG00000233230.1	AC079807.1	chr2	47905678	47907810	3	3	3
ENSG00000230773.9	AC092650.1	chr2	47924181	48314224	3	3	3
ENSG00000226473.2	PPIAP62	chr2	47939738	47940218	3	3	3
ENSG00000275423.1	VN1R18P	chr2	47989625	47990526	3	3	3
ENSG00000201010.1	RN7SKP224	chr2	48217575	48217899	3	3	3
ENSG00000170802.16	FOXN2	chr2	48314637	48379295	3	3	3
ENSG00000251889.1	RNU4-49P	chr2	48340687	48340826	3	3	3
ENSG00000272663.1	AC093635.1	chr2	48440043	48440597	3	3	3
ENSG00000162869.16	PPP1R21	chr2	48440598	48515391	3	3	3
ENSG00000202227.1	RNU6-282P	chr2	48501922	48502024	3	3	3
ENSG00000243244.7	STON1	chr2	48529383	48598513	3	3	3
ENSG00000068781.21	STON1-GTF2A1L	chr2	48529925	48776517	3	3	3
ENSG00000242441.8	GTF2A1L	chr2	48617798	48733148	3	3	3
ENSG00000279956.1	AC073082.1	chr2	48632291	48755724	3	3	3
ENSG00000239995.2	TPT1P11	chr2	48632856	48633353	3	3	3
ENSG00000138039.15	LHCGR	chr2	48686774	48755730	3	3	3
ENSG00000232285.1	ELOBP3	chr2	48780602	48780895	3	3	3
ENSG00000282890.1	AC009975.1	chr2	48809340	49419013	3	3	3
ENSG00000214602.3	CTBP2P5	chr2	48915267	48916530	3	3	3
ENSG00000170820.12	FSHR	chr2	48962157	49154527	3	3	3
ENSG00000212036.3	MIR548BA	chr2	49059603	49059658	3	3	3
ENSG00000282998.1	AC009975.2	chr2	49202126	49451896	3	3	3
ENSG00000206915.1	RNU6-439P	chr2	49233794	49233899	3	3	3
ENSG00000282828.2	AC009971.1	chr2	49563388	49595126	3	3	3
ENSG00000234253.1	RPL7P13	chr2	49878623	49879363	3	3	3
ENSG00000212580.1	SNORA75	chr2	49888868	49888986	3	3	3
ENSG00000179915.24	NRXN1	chr2	49918503	51225575	3	3	3
ENSG00000285548.1	AC068725.1	chr2	50324643	50345598	3	3	3
ENSG00000230327.1	MTCO1P42	chr2	50588690	50589415	3	3	3
ENSG00000283058.1	AC009234.1	chr2	50620963	50632993	3	3	3
ENSG00000216191.1	MIR8485	chr2	50696172	50696262	3	3	3
ENSG00000238165.1	AC007560.1	chr2	50829442	50829678	3	3	3
ENSG00000286412.1	AC007682.1	chr2	51011777	51016950	3	3	3
ENSG00000231918.1	AC007402.1	chr2	51032601	52407917	3	3	3
ENSG00000287867.1	AC007402.2	chr2	51441959	51455913	3	3	3
ENSG00000224344.1	KNOP1P3	chr2	51511058	51511483	3	3	3
ENSG00000223710.1	CRYGGP	chr2	51775258	51775402	3	3	3
ENSG00000230840.1	AC097463.1	chr2	51925692	51925833	3	3	3
ENSG00000226366.1	CCDC12P1	chr2	51926882	51927362	3	3	3
ENSG00000287344.1	AC079304.1	chr2	51977787	52022435	3	3	3
ENSG00000236538.1	ZNF863P	chr2	52071355	52077197	3	3	3
ENSG00000202195.1	Y_RNA	chr2	52297995	52298096	3	3	3
ENSG00000225444.2	LINC01867	chr2	52370602	52390056	3	3	3
ENSG00000225842.1	GGCTP3	chr2	52474073	52474411	3	3	3
ENSG00000236837.1	AC139712.1	chr2	52494688	52500752	3	3	3
ENSG00000204993.3	CRTC1P1	chr2	52570648	52572522	3	3	3
ENSG00000233083.1	FTH1P6	chr2	52629743	52630078	3	3	3
ENSG00000264975.1	MIR4431	chr2	52702522	52702615	3	3	3
ENSG00000228033.6	AC010967.1	chr2	52722671	52961452	3	3	3
ENSG00000232604.1	AC010967.2	chr2	52864235	52866631	3	3	3
ENSG00000232668.1	AC010967.3	chr2	52883243	52883455	3	3	3
ENSG00000251942.1	AC069157.2	chr2	53470447	53470629	3	3	3
ENSG00000223897.1	AC069157.1	chr2	53486144	53486280	3	3	3
ENSG00000115239.24	ASB3	chr2	53532672	53860160	3	3	3
ENSG00000207456.1	RNU6-997P	chr2	53570374	53570480	3	3	3
ENSG00000143942.5	CHAC2	chr2	53767804	53775196	3	3	3
ENSG00000068912.14	ERLEC1	chr2	53787044	53818819	3	3	3
ENSG00000265452.1	MIR3682	chr2	53849122	53849205	3	3	3
ENSG00000119737.6	GPR75	chr2	53852912	53859967	3	3	3
ENSG00000068878.15	PSME4	chr2	53864069	53970993	3	3	3
ENSG00000170634.13	ACYP2	chr2	53970838	54305300	3	3	3
ENSG00000235937.1	RPL21P30	chr2	54029552	54030682	3	3	3
ENSG00000233266.1	HMGB1P31	chr2	54051334	54051760	3	3	3
ENSG00000241114.1	AC008280.1	chr2	54079974	54080280	3	3	3
ENSG00000272156.1	AC008280.2	chr2	54082554	54085066	3	3	3
ENSG00000252934.1	RNU7-172P	chr2	54166944	54167007	3	3	3
ENSG00000178021.11	TSPYL6	chr2	54253178	54256229	3	3	3
ENSG00000177994.16	C2orf73	chr2	54330034	54383742	3	3	3
ENSG00000115306.16	SPTBN1	chr2	54456317	54671446	3	3	3
ENSG00000228108.1	SPTBN1-AS1	chr2	54516048	54540697	3	3	3
ENSG00000237887.1	RPL23AP32	chr2	54529343	54529801	3	3	3
ENSG00000234943.2	AC092839.1	chr2	54545368	54546677	3	3	3
ENSG00000238018.2	AC093110.1	chr2	54661011	54680045	3	3	3
ENSG00000214595.12	EML6	chr2	54723499	54972025	3	3	3
ENSG00000231334.2	EML6-AS1	chr2	54747103	54750473	3	3	3
ENSG00000285519.1	AC104781.1	chr2	54768492	54801540	3	3	3
ENSG00000252507.1	RNU7-81P	chr2	54850289	54850352	3	3	3
ENSG00000115310.18	RTN4	chr2	54972187	55112621	3	3	3
ENSG00000200086.1	RNU6-433P	chr2	55014418	55014521	3	3	3
ENSG00000162994.16	CLHC1	chr2	55172547	55232563	3	3	3
ENSG00000203327.2	AC012358.1	chr2	55214387	55216126	3	3	3
ENSG00000227799.1	CDPF1P1	chr2	55224280	55225908	3	3	3
ENSG00000143947.14	RPS27A	chr2	55231903	55235853	3	3	3
ENSG00000085760.15	MTIF2	chr2	55236595	55269347	3	3	3
ENSG00000162997.15	PRORSD1P	chr2	55282319	55284522	3	3	3
ENSG00000240401.9	AC012358.2	chr2	55282350	55346049	3	3	3
ENSG00000206964.1	Y_RNA	chr2	55286018	55286128	3	3	3
ENSG00000115355.17	CCDC88A	chr2	55287842	55419895	3	3	3
ENSG00000233594.2	BTF3P5	chr2	55435156	55435622	3	3	3
ENSG00000238619.1	RNU6-775P	chr2	55451004	55451099	3	3	3
ENSG00000238493.1	RNU6-221P	chr2	55456106	55456204	3	3	3
ENSG00000239189.1	RNU6-634P	chr2	55499950	55500055	3	3	3
ENSG00000163001.12	CFAP36	chr2	55519604	55545079	3	3	3
ENSG00000275052.5	PPP4R3B	chr2	55547292	55618880	3	3	3
ENSG00000212175.1	AC015982.1	chr2	55565703	55565850	3	3	3
ENSG00000272606.1	AC015982.2	chr2	55617909	55618373	3	3	3
ENSG00000138035.15	PNPT1	chr2	55634061	55693863	3	3	3
ENSG00000115380.20	EFEMP1	chr2	55865967	55924139	3	3	3
ENSG00000202344.1	RN7SKP208	chr2	55951654	55952014	3	3	3
ENSG00000272180.1	AC011306.1	chr2	55952158	56181652	3	3	3
ENSG00000226702.1	MIR217HG	chr2	55963191	56047326	3	3	3
ENSG00000207548.3	MIR217	chr2	55982967	55983076	3	3	3
ENSG00000207798.1	MIR216A	chr2	55988950	55989059	3	3	3
ENSG00000211520.2	MIR216B	chr2	56000714	56000795	3	3	3
ENSG00000229805.1	LINC01813	chr2	56077417	56090382	3	3	3
ENSG00000271894.1	AC007744.1	chr2	56147630	56386171	3	3	3
ENSG00000233251.8	AC007743.1	chr2	56173534	56185870	3	3	3
ENSG00000055813.6	CCDC85A	chr2	56183990	56386172	3	3	3
ENSG00000199395.1	RNA5SP93	chr2	56235217	56235330	3	3	3
ENSG00000231570.1	PPIAP63	chr2	56750300	56750563	3	3	3
ENSG00000271115.1	EIF2S2P7	chr2	57048350	57049336	3	3	3
ENSG00000285755.2	AC132153.1	chr2	57289648	57380132	3	3	3
ENSG00000270569.1	AC068276.1	chr2	57429548	57430693	3	3	3
ENSG00000212168.1	AC073875.1	chr2	57544535	57544599	3	3	3
ENSG00000271615.1	ACTG1P22	chr2	57755428	57766052	3	3	3
ENSG00000028116.18	VRK2	chr2	57907629	58159920	3	3	3
ENSG00000287875.1	AC068193.1	chr2	58040211	58046700	3	3	3
ENSG00000115392.12	FANCL	chr2	58159243	58241372	3	3	3
ENSG00000273063.1	AC007250.1	chr2	58241349	58241686	3	3	3
ENSG00000233426.3	EIF3FP3	chr2	58251440	58252525	3	3	3
ENSG00000225226.2	LINC01795	chr2	58275532	58296817	3	3	3
ENSG00000233723.9	LINC01122	chr2	58427799	59063766	3	3	3
ENSG00000231043.3	AC007238.1	chr2	58460292	58462032	3	3	3
ENSG00000285673.1	AC007092.1	chr2	59014354	59277688	3	3	3
ENSG00000222030.1	LINC01793	chr2	59217708	59279400	3	3	3
ENSG00000271955.2	AC007100.1	chr2	59218680	60100200	3	3	3
ENSG00000233891.8	AC007179.2	chr2	59238703	59733396	3	3	3
ENSG00000231815.2	AC007179.1	chr2	59434552	59442261	3	3	3
ENSG00000270447.1	AC007179.3	chr2	59514890	59515124	3	3	3
ENSG00000200101.1	RNU6-508P	chr2	59647621	59647723	3	3	3
ENSG00000252726.1	RNA5SP94	chr2	59694762	59694869	3	3	3
ENSG00000286604.1	AC007100.2	chr2	59778685	59791656	3	3	3
ENSG00000285611.2	AC007132.1	chr2	60057601	60071127	3	3	3
ENSG00000228590.2	MIR4432HG	chr2	60336446	60439828	3	3	3
ENSG00000287640.1	AC007381.1	chr2	60383141	60385794	3	3	3
ENSG00000200807.1	RNU1-32P	chr2	60384605	60384763	3	3	3
ENSG00000266078.1	MIR4432	chr2	60387362	60387445	3	3	3
ENSG00000119866.22	BCL11A	chr2	60450520	60554467	3	3	3
ENSG00000233953.1	AC009970.1	chr2	60495686	60499964	3	3	3
ENSG00000242158.3	RN7SL361P	chr2	60640705	60641002	3	3	3
ENSG00000271134.1	IFITM3P9	chr2	60682873	60683244	3	3	3
ENSG00000213495.3	RPL26P13	chr2	60711484	60711920	3	3	3
ENSG00000252718.1	RNU6-612P	chr2	60719640	60719741	3	3	3
ENSG00000271707.1	ATP1B3P1	chr2	60734895	60735715	3	3	3
ENSG00000115421.13	PAPOLG	chr2	60756253	60802086	3	3	3
ENSG00000228414.7	LINC01185	chr2	60823069	60881317	3	3	3
ENSG00000241524.3	RN7SL632P	chr2	60831664	60831929	3	3	3
ENSG00000237024.1	RPL21P33	chr2	60852260	60852743	3	3	3
ENSG00000162924.15	REL	chr2	60881521	60931612	3	3	3
ENSG00000201076.1	RNU4-51P	chr2	60911303	60911442	3	3	3
ENSG00000267520.2	AC010733.1	chr2	60925909	60931610	3	3	3
ENSG00000237522.1	NONOP2	chr2	60936819	60938049	3	3	3
ENSG00000232713.2	RPS12P3	chr2	60938204	60938604	3	3	3
ENSG00000162927.14	PUS10	chr2	60940222	61018259	3	3	3
ENSG00000222251.1	RNA5SP95	chr2	60998752	60998888	3	3	3
ENSG00000162928.9	PEX13	chr2	61017225	61051990	3	3	3
ENSG00000162929.14	KIAA1841	chr2	61065871	61138034	3	3	3
ENSG00000274769.1	AC016747.4	chr2	61115787	61164825	3	3	3
ENSG00000212978.6	AC016747.1	chr2	61141592	61144969	3	3	3
ENSG00000237651.6	C2orf74	chr2	61145068	61164829	3	3	3
ENSG00000271889.1	AC016747.2	chr2	61151433	61162105	3	3	3
ENSG00000173209.23	AHSA2P	chr2	61177418	61191203	3	3	3
ENSG00000115464.15	USP34	chr2	61187463	61471087	3	3	3
ENSG00000273302.1	AC016747.3	chr2	61199979	61200769	3	3	3
ENSG00000271146.1	AC018889.1	chr2	61249780	61250621	3	3	3
ENSG00000234624.2	AC016894.1	chr2	61416887	61417197	3	3	3
ENSG00000206937.1	SNORA70B	chr2	61417244	61417378	3	3	3
ENSG00000270820.6	AC016727.1	chr2	61471188	61484130	3	3	3
ENSG00000082898.18	XPO1	chr2	61476032	61538741	3	3	3
ENSG00000285857.1	AC016727.3	chr2	61527340	61529160	3	3	3
ENSG00000271243.1	AC016727.2	chr2	61575774	61576394	3	3	3
ENSG00000226884.1	RPS29P10	chr2	61589498	61589663	3	3	3
ENSG00000206973.1	RNU6-1145P	chr2	61605616	61605722	3	3	3
ENSG00000213486.3	AC108039.1	chr2	61710076	61710978	3	3	3
ENSG00000227361.1	RPS24P7	chr2	61803143	61803388	3	3	3
ENSG00000229831.2	AC108039.2	chr2	61820208	61820566	3	3	3
ENSG00000170264.13	FAM161A	chr2	61824848	61854143	3	3	3
ENSG00000230702.1	RPL31P30	chr2	61856695	61857055	3	3	3
ENSG00000277498.1	AC107081.2	chr2	61858137	61860298	3	3	3
ENSG00000115484.15	CCT4	chr2	61868085	61888671	3	3	3
ENSG00000236498.1	AC107081.1	chr2	61868432	61886082	3	3	3
ENSG00000286360.1	AC107081.3	chr2	61878940	61881353	3	3	3
ENSG00000173163.10	COMMD1	chr2	61888724	62147247	3	3	3
ENSG00000278523.1	Y_RNA	chr2	61928634	61928704	3	3	3
ENSG00000229839.6	AC018462.1	chr2	62069447	62146881	3	3	3
ENSG00000242735.1	RPSAP26	chr2	62146413	62147153	3	3	3
ENSG00000271657.1	AC018462.2	chr2	62168862	62171163	3	3	3
ENSG00000170340.11	B3GNT2	chr2	62196115	62224731	3	3	3
ENSG00000266097.1	MIR5192	chr2	62205826	62205917	3	3	3
ENSG00000239958.3	RN7SL51P	chr2	62262387	62262671	3	3	3
ENSG00000270335.1	AC093159.2	chr2	62348948	62350739	3	3	3
ENSG00000228541.1	AC093159.1	chr2	62463127	62464070	3	3	3
ENSG00000241625.3	RN7SL18P	chr2	62491178	62491468	3	3	3
ENSG00000186889.10	TMEM17	chr2	62500218	62511894	3	3	3
ENSG00000233702.1	RPL37P13	chr2	62507545	62507823	3	3	3
ENSG00000229503.1	RPL21P37	chr2	62532583	62533059	3	3	3
ENSG00000226622.6	AC092155.1	chr2	62533681	62662829	3	3	3
ENSG00000232144.1	PSAT1P2	chr2	62552463	62553434	3	3	3
ENSG00000230595.1	RSL24D1P2	chr2	62561058	62561423	3	3	3
ENSG00000115504.15	EHBP1	chr2	62673851	63046487	3	3	3
ENSG00000252436.1	Y_RNA	chr2	62726636	62726740	3	3	3
ENSG00000286524.1	AC092567.2	chr2	62817764	62819706	3	3	3
ENSG00000226605.1	AC092567.1	chr2	62826064	62858438	3	3	3
ENSG00000237162.1	RPS20P9	chr2	62939916	62940282	3	3	3
ENSG00000231609.7	AC007098.1	chr2	62957326	63048640	3	3	3
ENSG00000115507.10	OTX1	chr2	63050057	63057836	3	3	3
ENSG00000270437.1	AC009501.1	chr2	63083008	63087322	3	3	3
ENSG00000286480.1	AC009501.2	chr2	63106879	63197037	3	3	3
ENSG00000232403.1	RPL27P5	chr2	63108118	63108429	3	3	3
ENSG00000242412.1	DBIL5P2	chr2	63117851	63119542	3	3	3
ENSG00000143951.16	WDPCP	chr2	63119559	63827843	3	3	3
ENSG00000283636.1	Metazoa_SRP	chr2	63168600	63168847	3	3	3
ENSG00000233716.1	MTFR2P1	chr2	63232453	63233577	3	3	3
ENSG00000279485.1	AC016734.1	chr2	63517892	63519268	3	3	3
ENSG00000014641.21	MDH1	chr2	63588609	63607197	3	3	3
ENSG00000228305.2	PRELID1P6	chr2	63622178	63622831	3	3	3
ENSG00000229920.2	RPS4XP5	chr2	63642455	63644038	3	3	3
ENSG00000234488.1	RPL27P6	chr2	63684305	63684710	3	3	3
ENSG00000228872.2	CSP1	chr2	63717122	63717899	3	3	3
ENSG00000229221.1	HNRNPA1P66	chr2	63751697	63752630	3	3	3
ENSG00000169764.16	UGP2	chr2	63840952	63891562	3	3	3
ENSG00000251775.1	AC114748.1	chr2	63883249	63883391	3	3	3
ENSG00000143952.20	VPS54	chr2	63892146	64019428	3	3	3
ENSG00000228079.2	AC012368.2	chr2	64086353	64088246	3	3	3
ENSG00000197329.12	PELI1	chr2	64092652	64144420	3	3	3
ENSG00000225889.9	AC012368.1	chr2	64143239	64252859	3	3	3
ENSG00000230923.2	LINC00309	chr2	64185078	64205485	3	3	3
ENSG00000270354.1	AC012368.3	chr2	64208498	64208716	3	3	3
ENSG00000238012.2	AC114752.1	chr2	64330481	64332801	3	3	3
ENSG00000238201.1	AC114752.2	chr2	64338067	64341647	3	3	3
ENSG00000264297.2	MIR4433B	chr2	64340747	64340848	3	3	3
ENSG00000283222.1	MIR4433A	chr2	64340759	64340839	3	3	3
ENSG00000236148.5	RPL23AP37	chr2	64347193	64347741	3	3	3
ENSG00000223935.3	LGALSL-DT	chr2	64395220	64453967	3	3	3
ENSG00000237217.1	AC008074.1	chr2	64450096	64450524	3	3	3
ENSG00000119862.13	LGALSL	chr2	64453969	64461381	3	3	3
ENSG00000223863.1	LINC01805	chr2	64486353	64500904	3	3	3
ENSG00000260101.1	AC008074.2	chr2	64522187	64524093	3	3	3
ENSG00000119844.15	AFTPH	chr2	64524305	64593005	3	3	3
ENSG00000283204.1	MIR4434	chr2	64525513	64525565	3	3	3
ENSG00000252414.1	RNU6-100P	chr2	64578892	64578997	3	3	3
ENSG00000233694.6	LINC02579	chr2	64606975	64616556	3	3	3
ENSG00000179833.4	SERTAD2	chr2	64631621	64751005	3	3	3
ENSG00000226756.1	AC007365.1	chr2	64644612	64646698	3	3	3
ENSG00000227791.3	RPS10P9	chr2	64665607	64666064	3	3	3
ENSG00000275588.1	RN7SL341P	chr2	64817378	64817675	3	3	3
ENSG00000199964.1	Y_RNA	chr2	64834056	64834157	3	3	3
ENSG00000287123.1	AC007880.1	chr2	64836985	64848264	3	3	3
ENSG00000234572.1	LINC01800	chr2	64846130	64863626	3	3	3
ENSG00000237638.2	LINC02245	chr2	64901840	65056168	3	3	3
ENSG00000244534.3	RN7SL211P	chr2	64906863	64907138	3	3	3
ENSG00000227394.1	RPL11P1	chr2	64960053	64960634	3	3	3
ENSG00000115902.11	SLC1A4	chr2	64988477	65023865	3	3	3
ENSG00000252892.1	RNU6-548P	chr2	64994746	64994860	3	3	3
ENSG00000232613.6	LINC02576	chr2	65030727	65053017	3	3	3
ENSG00000011523.14	CEP68	chr2	65056366	65087004	3	3	3
ENSG00000138069.18	RAB1A	chr2	65070696	65130331	3	3	3
ENSG00000272025.1	SNORA74	chr2	65158662	65158860	3	3	3
ENSG00000273763.2	AC007318.1	chr2	65203502	65227605	3	3	3
ENSG00000172974.11	VDAC2P5	chr2	65205108	65205988	3	3	3
ENSG00000138071.14	ACTR2	chr2	65227788	65271253	3	3	3
ENSG00000198369.10	SPRED2	chr2	65310851	65432637	3	3	3
ENSG00000232693.2	AC012370.1	chr2	65373700	65380685	3	3	3
ENSG00000204929.13	AC007389.1	chr2	65436711	66200373	3	3	3
ENSG00000234255.9	AC012370.2	chr2	65439838	65456571	3	3	3
ENSG00000237979.1	DNAJB12P1	chr2	65500993	65502138	3	3	3
ENSG00000223739.1	RPS15AP15	chr2	65511771	65512076	3	3	3
ENSG00000243029.3	RN7SL635P	chr2	65545401	65545696	3	3	3
ENSG00000251900.1	VTRNA2-2P	chr2	65555432	65555534	3	3	3
ENSG00000235725.1	AC007389.2	chr2	65589566	65640177	3	3	3
ENSG00000281920.1	AC007389.3	chr2	65623272	65628424	3	3	3
ENSG00000214533.3	KRT18P33	chr2	65666695	65667737	3	3	3
ENSG00000280257.1	AC007741.1	chr2	65790039	65793533	3	3	3
ENSG00000227293.1	AC118345.1	chr2	66235377	66236213	3	3	3
ENSG00000225815.2	AC092669.1	chr2	66327349	66328984	3	3	3
ENSG00000264525.1	MIR4778	chr2	66358249	66358328	3	3	3
ENSG00000232164.1	LINC01873	chr2	66383306	66392450	3	3	3
ENSG00000226819.1	MEIS1-AS3	chr2	66426735	66433470	3	3	3
ENSG00000143995.20	MEIS1	chr2	66433452	66573869	3	3	3
ENSG00000230749.5	MEIS1-AS2	chr2	66439088	66444221	3	3	3
ENSG00000232046.7	LINC01798	chr2	66574030	66731223	3	3	3
ENSG00000237179.6	LINC01797	chr2	66696190	66703252	3	3	3
ENSG00000224071.1	DNMT3AP1	chr2	66820684	66822570	3	3	3
ENSG00000230355.1	AC009474.1	chr2	66881087	66881222	3	3	3
ENSG00000230525.6	LINC01799	chr2	66904436	66971462	3	3	3
ENSG00000232688.2	LINC01628	chr2	66921510	66922482	3	3	3
ENSG00000223859.1	AC007403.1	chr2	67040546	67041966	3	3	3
ENSG00000235885.8	LINC01828	chr2	67086446	67311439	3	3	3
ENSG00000236780.7	LINC01829	chr2	67123357	67397980	3	3	3
ENSG00000236605.1	AC023115.1	chr2	67324627	67325304	3	3	3
ENSG00000143971.9	ETAA1	chr2	67397322	67412089	3	3	3
ENSG00000224173.2	LINC02831	chr2	67562067	67620545	3	3	3
ENSG00000235495.1	AC007422.1	chr2	67565604	67684077	3	3	3
ENSG00000286002.1	AC010987.1	chr2	67677499	67680798	3	3	3
ENSG00000237013.1	LINC01812	chr2	67796054	67825562	3	3	3
ENSG00000235968.1	FBXL12P1	chr2	68023694	68024766	3	3	3
ENSG00000197223.12	C1D	chr2	68041130	68110948	3	3	3
ENSG00000284932.1	AC017083.4	chr2	68117026	68117200	3	3	3
ENSG00000243667.7	WDR92	chr2	68122936	68157549	3	3	3
ENSG00000236259.1	PPIAP64	chr2	68125265	68125747	3	3	3
ENSG00000273398.6	AC017083.3	chr2	68131238	68261230	3	3	3
ENSG00000115946.8	PNO1	chr2	68157888	68176238	3	3	3
ENSG00000221823.11	PPP3R1	chr2	68178857	68256237	3	3	3
ENSG00000273275.1	AC017083.2	chr2	68179833	68180532	3	3	3
ENSG00000273064.1	AC017083.1	chr2	68252870	68253848	3	3	3
ENSG00000119865.9	CNRIP1	chr2	68284171	68320051	3	3	3
ENSG00000203395.2	AC015969.1	chr2	68361214	68365584	3	3	3
ENSG00000115956.10	PLEK	chr2	68365282	68397453	3	3	3
ENSG00000229462.1	AC127383.1	chr2	68445710	68449174	3	3	3
ENSG00000204923.4	FBXO48	chr2	68459422	68467294	3	3	3
ENSG00000169621.10	APLF	chr2	68467572	68655862	3	3	3
ENSG00000214525.4	AC130709.1	chr2	68528241	68529452	3	3	3
ENSG00000169618.7	PROKR1	chr2	68643579	68658251	3	3	3
ENSG00000163219.12	ARHGAP25	chr2	68679601	68826833	3	3	3
ENSG00000228329.3	LINC01890	chr2	68822855	68837235	3	3	3
ENSG00000237576.2	LINC01888	chr2	68832014	68837726	3	3	3
ENSG00000163217.2	BMP10	chr2	68860909	68871397	3	3	3
ENSG00000283586.1	GKN3P	chr2	68921248	68926834	3	3	3
ENSG00000183607.10	GKN2	chr2	68945232	68952893	3	3	3
ENSG00000169605.7	GKN1	chr2	68974573	68980980	3	3	3
ENSG00000169604.20	ANTXR1	chr2	69013179	69249327	3	3	3
ENSG00000286347.1	AC114802.1	chr2	69030042	69033637	3	3	3
ENSG00000266649.1	MIR3126	chr2	69103682	69103755	3	3	3
ENSG00000251850.1	RNA5SP96	chr2	69181897	69182003	3	3	3
ENSG00000199460.2	RNU6-1216P	chr2	69182877	69182983	3	3	3
ENSG00000271597.1	AC112230.1	chr2	69251818	69252364	3	3	3
ENSG00000198380.13	GFPT1	chr2	69319780	69387250	3	3	3
ENSG00000252250.1	Y_RNA	chr2	69334600	69334692	3	3	3
ENSG00000169599.13	NFU1	chr2	69396113	69437628	3	3	3
ENSG00000115977.20	AAK1	chr2	69457997	69674349	3	3	3
ENSG00000244236.3	RN7SL604P	chr2	69516751	69517046	3	3	3
ENSG00000207016.1	SNORA36C	chr2	69520043	69520174	3	3	3
ENSG00000232228.1	RPL36AP16	chr2	69594741	69595058	3	3	3
ENSG00000229948.2	B3GALNT1P1	chr2	69597353	69598951	3	3	3
ENSG00000196975.16	ANXA4	chr2	69644425	69827112	3	3	3
ENSG00000231024.1	AC092431.1	chr2	69700192	69713847	3	3	3
ENSG00000087338.5	GMCL1	chr2	69829660	69881384	3	3	3
ENSG00000275381.1	AC019206.1	chr2	69844509	69844933	3	3	3
ENSG00000270723.1	RPL23AP92	chr2	69873565	69873819	3	3	3
ENSG00000124380.11	SNRNP27	chr2	69893956	69905575	3	3	3
ENSG00000059728.11	MXD1	chr2	69897688	69942945	3	3	3
ENSG00000244617.2	ASPRV1	chr2	69960089	69962265	3	3	3
ENSG00000179818.14	PCBP1-AS1	chr2	69962263	70103220	3	3	3
ENSG00000263669.2	RN7SL470P	chr2	70075014	70075272	3	3	3
ENSG00000169564.7	PCBP1	chr2	70087477	70089203	3	3	3
ENSG00000233060.1	AC016700.1	chr2	70089721	70096100	3	3	3
ENSG00000225392.1	MRPL36P1	chr2	70102551	70102862	3	3	3
ENSG00000231327.1	LINC01816	chr2	70124036	70125317	3	3	3
ENSG00000115998.8	C2orf42	chr2	70149885	70248615	3	3	3
ENSG00000116001.17	TIA1	chr2	70209444	70248660	3	3	3
ENSG00000221238.1	MIR1285-2	chr2	70252918	70253005	3	3	3
ENSG00000231414.1	RPL39P15	chr2	70253855	70254010	3	3	3
ENSG00000116005.12	PCYOX1	chr2	70257386	70281185	3	3	3
ENSG00000143977.14	SNRPG	chr2	70281362	70293740	3	3	3
ENSG00000035141.8	FAM136A	chr2	70295975	70302090	3	3	3
ENSG00000233849.1	AC022201.2	chr2	70301451	70302072	3	3	3
ENSG00000235289.1	BRD7P6	chr2	70353010	70355915	3	3	3
ENSG00000229229.1	AC022201.1	chr2	70402934	70422678	3	3	3
ENSG00000163235.16	TGFA	chr2	70447284	70554193	3	3	3
ENSG00000224606.1	TGFA-IT1	chr2	70467385	70468495	3	3	3
ENSG00000075340.23	ADD2	chr2	70607618	70768225	3	3	3
ENSG00000286979.1	AC005234.2	chr2	70629657	70648761	3	3	3
ENSG00000235035.1	AC005234.1	chr2	70687142	70691824	3	3	3
ENSG00000183733.6	FIGLA	chr2	70777310	70790643	3	3	3
ENSG00000228034.1	HMGN2P21	chr2	70803157	70803426	3	3	3
ENSG00000152672.8	CLEC4F	chr2	70808643	70820599	3	3	3
ENSG00000231386.1	MOB4P1	chr2	70810798	70811474	3	3	3
ENSG00000116031.9	CD207	chr2	70830211	70835816	3	3	3
ENSG00000237751.2	LINC01143	chr2	70887871	70889959	3	3	3
ENSG00000277764.1	AC007040.3	chr2	70900155	70900351	3	3	3
ENSG00000116035.4	VAX2	chr2	70900576	70965373	3	3	3
ENSG00000116039.13	ATP6V1B1	chr2	70935900	70965431	3	3	3
ENSG00000258881.6	AC007040.2	chr2	70939318	70995336	3	3	3
ENSG00000239322.1	ATP6V1B1-AS1	chr2	70941817	70948610	3	3	3
ENSG00000226186.1	ELOCP21	chr2	70955899	70956234	3	3	3
ENSG00000241159.3	RN7SL160P	chr2	70965584	70965867	3	3	3
ENSG00000144031.12	ANKRD53	chr2	70978380	70985499	3	3	3
ENSG00000144043.12	TEX261	chr2	70985942	70994873	3	3	3
ENSG00000228384.4	AC007040.1	chr2	70994510	71002754	3	3	3
ENSG00000236469.1	AC007881.2	chr2	71002531	71064743	3	3	3
ENSG00000205847.6	OR7E91P	chr2	71024127	71029893	3	3	3
ENSG00000234485.5	OR7E46P	chr2	71037685	71038703	3	3	3
ENSG00000234896.1	OR7E62P	chr2	71055527	71056003	3	3	3
ENSG00000124357.13	NAGK	chr2	71064344	71079808	3	3	3
ENSG00000272735.1	AC007881.3	chr2	71067519	71068125	3	3	3
ENSG00000124370.11	MCEE	chr2	71109684	71130239	3	3	3
ENSG00000288065.1	AC007881.4	chr2	71112877	71117406	3	3	3
ENSG00000124383.9	MPHOSPH10	chr2	71130632	71150101	3	3	3
ENSG00000233870.1	AC007881.1	chr2	71178587	71178773	3	3	3
ENSG00000124374.9	PAIP2B	chr2	71182738	71227103	3	3	3
ENSG00000075292.19	ZNF638	chr2	71276561	71435069	3	3	3
ENSG00000281195.1	AC007878.1	chr2	71373938	71376320	3	3	3
ENSG00000200779.1	RNU6-105P	chr2	71379755	71379858	3	3	3
ENSG00000135636.14	DYSF	chr2	71453722	71686768	3	3	3
ENSG00000233971.1	RPS20P10	chr2	71984182	71984434	3	3	3
ENSG00000003137.8	CYP26B1	chr2	72129238	72148038	3	3	3
ENSG00000144036.16	EXOC6B	chr2	72175984	72826041	3	3	3
ENSG00000228568.1	RPS15AP13	chr2	72288785	72289110	3	3	3
ENSG00000222536.1	RNU2-39P	chr2	72721806	72722003	3	3	3
ENSG00000212378.1	AC092630.1	chr2	72760534	72760602	3	3	3
ENSG00000116096.6	SPR	chr2	72887382	72892158	3	3	3
ENSG00000135638.14	EMX1	chr2	72916260	72936071	3	3	3
ENSG00000278060.1	AC012366.1	chr2	72932974	72934355	3	3	3
ENSG00000144040.13	SFXN5	chr2	72942036	73075619	3	3	3
ENSG00000135631.17	RAB11FIP5	chr2	73073382	73156721	3	3	3
ENSG00000272702.1	AC010913.1	chr2	73113018	73115907	3	3	3
ENSG00000214513.4	NOTO	chr2	73202574	73212513	3	3	3
ENSG00000135632.12	SMYD5	chr2	73214222	73227221	3	3	3
ENSG00000135617.4	PRADC1	chr2	73228010	73233239	3	3	3
ENSG00000135624.16	CCT7	chr2	73233420	73253021	3	3	3
ENSG00000163013.12	FBXO41	chr2	73254682	73284478	3	3	3
ENSG00000135625.8	EGR4	chr2	73290929	73293701	3	3	3
ENSG00000252988.1	RNU6-111P	chr2	73298683	73298787	3	3	3
ENSG00000287435.1	AC069404.1	chr2	73305941	73307890	3	3	3
ENSG00000285068.1	AC074008.2	chr2	73352610	73385677	3	3	3
ENSG00000214484.3	RPSAP28	chr2	73370019	73370892	3	3	3
ENSG00000116127.19	ALMS1	chr2	73385758	73625166	3	3	3
ENSG00000230002.3	ALMS1-IT1	chr2	73456764	73459482	3	3	3
ENSG00000284902.1	AC074008.1	chr2	73469525	73471030	3	3	3
ENSG00000144035.4	NAT8	chr2	73640723	73642422	3	3	3
ENSG00000163016.10	ALMS1P1	chr2	73641083	73697509	3	3	3
ENSG00000204872.4	NAT8B	chr2	73700576	73701340	3	3	3
ENSG00000144034.16	TPRKB	chr2	73729104	73737400	3	3	3
ENSG00000273245.1	AC092653.1	chr2	73750256	73750786	3	3	3
ENSG00000280037.1	AC092653.2	chr2	73761269	73761781	3	3	3
ENSG00000144048.10	DUSP11	chr2	73762184	73780157	3	3	3
ENSG00000187833.7	C2orf78	chr2	73784189	73817147	3	3	3
ENSG00000287250.1	AC073046.4	chr2	73823154	73824593	3	3	3
ENSG00000124356.16	STAMBP	chr2	73828916	73873659	3	3	3
ENSG00000286244.1	AC073046.3	chr2	73834422	73856965	3	3	3
ENSG00000271536.1	AC073046.2	chr2	73877566	73878862	3	3	3
ENSG00000163017.14	ACTG2	chr2	73892314	73919865	3	3	3
ENSG00000114956.20	DGUOK	chr2	73926826	73958961	3	3	3
ENSG00000237883.2	DGUOK-AS1	chr2	73947322	73981441	3	3	3
ENSG00000201876.1	RNA5SP97	chr2	73968123	73968206	3	3	3
ENSG00000235499.1	AC073046.1	chr2	73985132	73986343	3	3	3
ENSG00000187605.15	TET3	chr2	73986404	74108176	3	3	3
ENSG00000279181.1	AC110801.1	chr2	73998337	73998548	3	3	3
ENSG00000257800.1	FNBP1P1	chr2	74120680	74123218	3	3	3
ENSG00000217702.3	AC073263.1	chr2	74123965	74135640	3	3	3
ENSG00000163170.12	BOLA3	chr2	74135400	74147912	3	3	3
ENSG00000225439.3	BOLA3-AS1	chr2	74148007	74151952	3	3	3
ENSG00000114978.18	MOB1A	chr2	74152528	74178898	3	3	3
ENSG00000065911.13	MTHFD2	chr2	74186172	74217565	3	3	3
ENSG00000279201.1	AC073263.3	chr2	74191388	74192245	3	3	3
ENSG00000279070.2	AC073263.2	chr2	74196698	74198560	3	3	3
ENSG00000264324.1	AC006030.1	chr2	74211604	74363377	3	3	3
ENSG00000188687.17	SLC4A5	chr2	74216242	74343414	3	3	3
ENSG00000229798.1	KRT18P26	chr2	74306728	74308008	3	3	3
ENSG00000252214.1	RNU6-542P	chr2	74319399	74319501	3	3	3
ENSG00000234632.1	NECAP1P2	chr2	74350069	74351009	3	3	3
ENSG00000225658.1	TAF13P2	chr2	74351134	74351419	3	3	3
ENSG00000204843.12	DCTN1	chr2	74361154	74392087	3	3	3
ENSG00000237737.6	DCTN1-AS1	chr2	74385474	74393882	3	3	3
ENSG00000159239.13	AC005041.1	chr2	74393836	74421662	3	3	3
ENSG00000234521.2	AC005041.2	chr2	74407797	74413603	3	3	3
ENSG00000284308.1	C2orf81	chr2	74414176	74421591	3	3	3
ENSG00000286623.1	AC005041.4	chr2	74415422	74416781	3	3	3
ENSG00000233155.1	HMGA1P8	chr2	74418122	74418442	3	3	3
ENSG00000005448.17	WDR54	chr2	74421678	74425755	3	3	3
ENSG00000114993.17	RTKN	chr2	74425835	74442422	3	3	3
ENSG00000115274.15	INO80B	chr2	74455087	74457944	3	3	3
ENSG00000274049.4	INO80B-WBP1	chr2	74455088	74460884	3	3	3
ENSG00000239779.7	WBP1	chr2	74458400	74460891	3	3	3
ENSG00000115275.14	MOGS	chr2	74461057	74465410	3	3	3
ENSG00000286883.1	AC005041.5	chr2	74465339	74472961	3	3	3
ENSG00000204822.7	MRPL53	chr2	74471982	74472687	3	3	3
ENSG00000135637.14	CCDC142	chr2	74471986	74483408	3	3	3
ENSG00000115282.21	TTC31	chr2	74483073	74494559	3	3	3
ENSG00000179528.16	LBX2	chr2	74497517	74503316	3	3	3
ENSG00000272183.1	AC005041.3	chr2	74501717	74502365	3	3	3
ENSG00000257702.3	LBX2-AS1	chr2	74502595	74504678	3	3	3
ENSG00000115289.14	PCGF1	chr2	74505043	74507695	3	3	3
ENSG00000115297.11	TLX2	chr2	74513463	74517148	3	3	3
ENSG00000144045.14	DQX1	chr2	74518131	74526281	3	3	3
ENSG00000115307.17	AUP1	chr2	74526645	74529760	3	3	3
ENSG00000115317.12	HTRA2	chr2	74529725	74533332	3	3	3
ENSG00000115318.12	LOXL3	chr2	74532258	74555690	3	3	3
ENSG00000115325.13	DOK1	chr2	74549026	74557554	3	3	3
ENSG00000159374.17	M1AP	chr2	74557883	74648338	3	3	3
ENSG00000233872.1	TOR1BP1	chr2	74618856	74620979	3	3	3
ENSG00000108442.2	TVP23BP2	chr2	74628328	74628942	3	3	3
ENSG00000135622.13	SEMA4F	chr2	74654228	74683853	3	3	3
ENSG00000287687.2	AC007387.2	chr2	74723873	74778780	3	3	3
ENSG00000224646.2	RPS28P5	chr2	74754670	74754819	3	3	3
ENSG00000286739.1	AC007387.1	chr2	74754773	74760227	3	3	3
ENSG00000272711.1	AC019069.1	chr2	74832655	74833987	3	3	3
ENSG00000159399.10	HK2	chr2	74834127	74893359	3	3	3
ENSG00000204792.2	LINC01291	chr2	74918148	74938418	3	3	3
ENSG00000236209.1	AC104135.1	chr2	74919555	74924846	3	3	3
ENSG00000230836.1	LINC01293	chr2	74940258	74942670	3	3	3
ENSG00000115350.12	POLE4	chr2	74958643	74970128	3	3	3
ENSG00000115353.11	TACR1	chr2	75046463	75199520	3	3	3
ENSG00000263909.1	MIR5000	chr2	75090812	75090914	3	3	3
ENSG00000270571.2	AC007681.1	chr2	75154366	75189949	3	3	3
ENSG00000236167.1	GAPDHP57	chr2	75455994	75456578	3	3	3
ENSG00000115363.14	EVA1A	chr2	75469302	75569722	3	3	3
ENSG00000237293.1	AC007099.2	chr2	75474453	75482579	3	3	3
ENSG00000238410.1	AC007099.3	chr2	75489576	75489710	3	3	3
ENSG00000231172.2	AC007099.1	chr2	75524068	75542706	3	3	3
ENSG00000230477.1	AC005034.1	chr2	75598071	75598559	3	3	3
ENSG00000221638.2	U3	chr2	75627950	75628168	3	3	3
ENSG00000115364.14	MRPL19	chr2	75646783	75690851	3	3	3
ENSG00000226247.1	SUPT4H1P1	chr2	75651288	75651627	3	3	3
ENSG00000005436.14	GCFC2	chr2	75652000	75710985	3	3	3
ENSG00000270696.1	AC005034.3	chr2	75660462	75662208	3	3	3
ENSG00000271452.1	AC005034.5	chr2	75669989	75670454	3	3	3
ENSG00000270462.1	AC005034.2	chr2	75697583	75697996	3	3	3
ENSG00000286045.1	AC005034.6	chr2	75710782	75728123	3	3	3
ENSG00000270996.1	AC005034.4	chr2	75719120	75720018	3	3	3
ENSG00000287474.1	AC110614.1	chr2	75799974	76208703	3	3	3
ENSG00000233107.1	SUCLA2P2	chr2	76106016	76107324	3	3	3
ENSG00000287172.1	AC073091.1	chr2	76185020	76399490	3	3	3
ENSG00000287749.1	AC073091.2	chr2	76197855	76252927	3	3	3
ENSG00000228209.1	PNPP1	chr2	76258034	76258897	3	3	3
ENSG00000271356.1	USP21P2	chr2	76260755	76261661	3	3	3
ENSG00000200488.1	RN7SKP203	chr2	76445079	76445410	3	3	3
ENSG00000251947.1	RN7SKP164	chr2	76595413	76595678	3	3	3
ENSG00000287026.1	AC068616.2	chr2	76633365	76673346	3	3	3
ENSG00000287130.1	AC068616.3	chr2	76684975	76698996	3	3	3
ENSG00000286202.1	AC068616.1	chr2	76691007	76692489	3	3	3
ENSG00000176204.13	LRRTM4	chr2	76747719	77593319	3	3	3
ENSG00000200028.1	RNA5SP98	chr2	76772909	76773045	3	3	3
ENSG00000287025.1	AC079117.1	chr2	76893894	76897247	3	3	3
ENSG00000234653.1	LRRTM4-AS1	chr2	76985965	77009791	3	3	3
ENSG00000286932.1	AC013716.1	chr2	77210587	77327103	3	3	3
ENSG00000227088.2	AC012494.1	chr2	77652025	78290469	3	3	3
ENSG00000230968.1	AC084149.1	chr2	77672215	77673792	3	3	3
ENSG00000237077.1	RPL38P2	chr2	77788382	77793087	3	3	3
ENSG00000233605.3	LINC01851	chr2	77915870	77918011	3	3	3
ENSG00000229494.2	AC012494.2	chr2	78088729	78127806	3	3	3
ENSG00000214429.3	CYCSP6	chr2	78412793	78413094	3	3	3
ENSG00000270470.1	AC064872.1	chr2	78437850	78438921	3	3	3
ENSG00000234877.2	AC092660.1	chr2	78597911	78599406	3	3	3
ENSG00000286260.1	AC092604.1	chr2	78880713	78931146	3	3	3
ENSG00000202423.1	RNU6-827P	chr2	78882447	78882552	3	3	3
ENSG00000200048.1	RNU6-812P	chr2	78882628	78882734	3	3	3
ENSG00000143954.13	REG3G	chr2	79025686	79028505	3	3	3
ENSG00000172023.8	REG1B	chr2	79085023	79088019	3	3	3
ENSG00000115386.6	REG1A	chr2	79120362	79123409	3	3	3
ENSG00000204787.8	REG1CP	chr2	79135503	79138427	3	3	3
ENSG00000172016.16	REG3A	chr2	79157003	79159753	3	3	3
ENSG00000224879.1	AC011754.1	chr2	79158374	79185523	3	3	3
ENSG00000066032.18	CTNNA2	chr2	79185231	80648861	3	3	3
ENSG00000286227.1	AC011754.2	chr2	79269905	79292878	3	3	3
ENSG00000229385.2	CTNNA2-AS1	chr2	79492704	79513900	3	3	3
ENSG00000277171.1	AC010975.1	chr2	79547151	79548128	3	3	3
ENSG00000230237.1	GNA13P1	chr2	79573764	79575593	3	3	3
ENSG00000252031.1	RNU6-561P	chr2	79636862	79636963	3	3	3
ENSG00000266436.1	MIR4264	chr2	79649294	79649359	3	3	3
ENSG00000276917.1	MIR8080	chr2	79866495	79866583	3	3	3
ENSG00000224731.1	AC016716.1	chr2	80028012	80030551	3	3	3
ENSG00000223427.1	RBM7P1	chr2	80162428	80163135	3	3	3
ENSG00000162951.11	LRRTM1	chr2	80288351	80304752	3	3	3
ENSG00000237031.7	AC008067.1	chr2	80572681	80618777	3	3	3
ENSG00000230975.1	AC012355.1	chr2	80699388	80870190	3	3	3
ENSG00000234429.1	ANKRD11P1	chr2	81194337	81201184	3	3	3
ENSG00000231722.1	CHMP4AP1	chr2	81418723	81419302	3	3	3
ENSG00000235519.3	LINC01815	chr2	81461358	81467468	3	3	3
ENSG00000200890.1	RNA5SP99	chr2	81496214	81496327	3	3	3
ENSG00000233444.1	AC013262.1	chr2	81666477	81666728	3	3	3
ENSG00000242118.3	RN7SL201P	chr2	81967079	81967374	3	3	3
ENSG00000231781.1	AC079896.1	chr2	81983272	82005700	3	3	3
ENSG00000229560.1	LYARP1	chr2	82268427	82269927	3	3	3
ENSG00000252897.1	RNU6-685P	chr2	82268612	82268706	3	3	3
ENSG00000201311.1	Y_RNA	chr2	82307067	82307168	3	3	3
ENSG00000237498.3	AC010105.1	chr2	82476825	82538711	3	3	3
ENSG00000226860.1	RBX1P1	chr2	82609652	82609977	3	3	3
ENSG00000226700.1	MTND4P25	chr2	82814984	82815516	3	3	3
ENSG00000225045.1	MTND5P27	chr2	82815809	82817528	3	3	3
ENSG00000224695.1	MTND6P7	chr2	82817538	82818061	3	3	3
ENSG00000227789.1	MTCYBP7	chr2	82818131	82819264	3	3	3
ENSG00000286211.1	AC098817.1	chr2	82831234	82866508	3	3	3
ENSG00000168129.8	DHFRP3	chr2	82856826	82857384	3	3	3
ENSG00000223977.1	AC138623.1	chr2	83218890	83219105	3	3	3
ENSG00000232548.1	LINC01809	chr2	83522814	83523502	3	3	3
ENSG00000224627.1	RPL37P10	chr2	83594956	83595243	3	3	3
ENSG00000199295.1	RNU6-1312P	chr2	83657735	83657842	3	3	3
ENSG00000228225.1	CRLF3P3	chr2	84031140	84032358	3	3	3
ENSG00000228902.1	ST6GALNAC2P1	chr2	84039885	84040720	3	3	3
ENSG00000182814.7	FUNDC2P2	chr2	84290683	84292202	3	3	3
ENSG00000228272.1	AC106874.1	chr2	84315108	84350774	3	3	3
ENSG00000163541.12	SUCLG1	chr2	84423528	84460045	3	3	3
ENSG00000115423.19	DNAH6	chr2	84516455	84819589	3	3	3
ENSG00000259056.1	DUXAP1	chr2	84750769	84751231	3	3	3
ENSG00000235847.2	LDHAP7	chr2	84777259	84778223	3	3	3
ENSG00000186854.11	TRABD2A	chr2	84821650	84907008	3	3	3
ENSG00000276362.1	AC010087.1	chr2	84850711	84851148	3	3	3
ENSG00000213400.3	RPL12P18	chr2	84874696	84875020	3	3	3
ENSG00000034510.6	TMSB10	chr2	84905656	84906671	3	3	3
ENSG00000213399.3	RPS2P17	chr2	84915868	84916660	3	3	3
ENSG00000287625.1	AC022210.1	chr2	84926019	84966685	3	3	3
ENSG00000176407.18	KCMF1	chr2	84971093	85059472	3	3	3
ENSG00000260840.2	LINC01964	chr2	85061213	85067347	3	3	3
ENSG00000235463.1	AC078974.1	chr2	85068809	85069031	3	3	3
ENSG00000225787.1	LSM3P3	chr2	85102389	85102694	3	3	3
ENSG00000152284.5	TCF7L1	chr2	85133392	85310387	3	3	3
ENSG00000231134.1	TCF7L1-IT1	chr2	85186409	85187253	3	3	3
ENSG00000200701.1	RNU6-674P	chr2	85204926	85205032	3	3	3
ENSG00000230299.1	SNRPEP11	chr2	85262144	85262267	3	3	3
ENSG00000246575.2	AC093162.1	chr2	85315041	85316529	3	3	3
ENSG00000152291.14	TGOLN2	chr2	85318020	85328296	3	3	3
ENSG00000239143.1	Y_RNA	chr2	85332895	85332996	3	3	3
ENSG00000270532.1	PEBP1P2	chr2	85341281	85341838	3	3	3
ENSG00000042445.14	RETSAT	chr2	85341955	85354531	3	3	3
ENSG00000115459.18	ELMOD3	chr2	85354394	85391752	3	3	3
ENSG00000271014.1	AC062037.1	chr2	85360798	85360925	3	3	3
ENSG00000202382.1	Y_RNA	chr2	85367585	85367686	3	3	3
ENSG00000278590.1	RN7SL113P	chr2	85368282	85368580	3	3	3
ENSG00000273196.1	AC062037.2	chr2	85387074	85387146	3	3	3
ENSG00000042493.16	CAPG	chr2	85394753	85418432	3	3	3
ENSG00000286011.1	AC062037.3	chr2	85418504	85426724	3	3	3
ENSG00000152292.17	SH2D6	chr2	85418931	85437029	3	3	3
ENSG00000207207.1	Y_RNA	chr2	85434507	85434619	3	3	3
ENSG00000244399.3	RN7SL251P	chr2	85442495	85442791	3	3	3
ENSG00000199936.1	Y_RNA	chr2	85460144	85460252	3	3	3
ENSG00000229648.1	RPSAP22	chr2	85490930	85491780	3	3	3
ENSG00000286532.1	PARTICL	chr2	85537462	85538666	3	3	3
ENSG00000168906.13	MAT2A	chr2	85539168	85545281	3	3	3
ENSG00000115486.12	GGCX	chr2	85544720	85561547	3	3	3
ENSG00000118640.11	VAMP8	chr2	85561562	85582031	3	3	3
ENSG00000276281.1	RN7SL126P	chr2	85567662	85567960	3	3	3
ENSG00000168899.5	VAMP5	chr2	85584431	85593406	3	3	3
ENSG00000168894.10	RNF181	chr2	85595725	85597708	3	3	3
ENSG00000168890.14	TMEM150A	chr2	85598547	85603196	3	3	3
ENSG00000168883.20	USP39	chr2	85602856	85649283	3	3	3
ENSG00000168887.11	C2orf68	chr2	85605254	85612066	3	3	3
ENSG00000168878.19	SFTPB	chr2	85657314	85668741	3	3	3
ENSG00000115523.17	GNLY	chr2	85685175	85698852	3	3	3
ENSG00000203363.2	GPR160P1	chr2	85686053	85687047	3	3	3
ENSG00000199687.1	RNU1-38P	chr2	85728194	85728337	3	3	3
ENSG00000168874.13	ATOH8	chr2	85751344	85791383	3	3	3
ENSG00000278783.1	MIR6071	chr2	85783600	85783677	3	3	3
ENSG00000229498.1	AC105053.1	chr2	85815130	85825391	3	3	3
ENSG00000252321.1	RN7SKP83	chr2	85820435	85820612	3	3	3
ENSG00000115525.18	ST3GAL5	chr2	85837120	85905199	3	3	3
ENSG00000232504.5	ST3GAL5-AS1	chr2	85889151	85891136	3	3	3
ENSG00000272564.1	AC012511.1	chr2	85904279	85904727	3	3	3
ENSG00000287628.1	AC012511.2	chr2	85934535	85937548	3	3	3
ENSG00000068654.16	POLR1A	chr2	86020216	86106155	3	3	3
ENSG00000132300.19	PTCD3	chr2	86106223	86142157	3	3	3
ENSG00000208772.1	SNORD94	chr2	86135870	86136006	3	3	3
ENSG00000132305.21	IMMT	chr2	86143932	86195472	3	3	3
ENSG00000200241.1	Y_RNA	chr2	86159956	86160066	3	3	3
ENSG00000265420.1	MIR4779	chr2	86193026	86193108	3	3	3
ENSG00000273080.1	AC009309.1	chr2	86195590	86196049	3	3	3
ENSG00000132313.15	MRPL35	chr2	86199355	86213790	3	3	3
ENSG00000068615.19	REEP1	chr2	86213993	86338083	3	3	3
ENSG00000202537.1	U8	chr2	86347062	86347195	3	3	3
ENSG00000251974.1	AC009408.1	chr2	86364136	86364265	3	3	3
ENSG00000115548.17	KDM3A	chr2	86440647	86492716	3	3	3
ENSG00000115561.16	CHMP3	chr2	86503430	86563479	3	3	3
ENSG00000249884.8	RNF103-CHMP3	chr2	86505668	86721122	3	3	3
ENSG00000200563.1	RNU6-640P	chr2	86515204	86515308	3	3	3
ENSG00000228363.2	AC015971.1	chr2	86562070	86618766	3	3	3
ENSG00000239305.7	RNF103	chr2	86603398	86623866	3	3	3
ENSG00000153561.13	RMND5A	chr2	86720291	86778041	3	3	3
ENSG00000153563.16	CD8A	chr2	86784610	86808396	3	3	3
ENSG00000172116.23	CD8B	chr2	86815339	86861924	3	3	3
ENSG00000233673.7	ANAPC1P1	chr2	86861825	86912978	3	3	3
ENSG00000213605.2	AC111200.1	chr2	86885075	86885731	3	3	3
ENSG00000187627.17	RGPD1	chr2	86907953	87013976	3	3	3
ENSG00000231351.2	WBP1P1	chr2	86930250	86930754	3	3	3
ENSG00000226114.1	NDUFB4P5	chr2	86934462	86934822	3	3	3
ENSG00000183281.14	PLGLB1	chr2	87002559	87021852	3	3	3
ENSG00000285793.1	ANAPC1P2	chr2	87030675	87076429	3	3	3
ENSG00000231259.5	ANAPC1P2	chr2	87031815	87052992	3	3	3
ENSG00000266931.2	AC092651.1	chr2	87055658	87076060	3	3	3
ENSG00000287931.1	AC092651.2	chr2	87075653	87118267	3	3	3
ENSG00000230395.1	ANAPC1P3	chr2	87118534	87120980	3	3	3
ENSG00000204745.4	AC083899.1	chr2	87125198	87196629	3	3	3
ENSG00000264793.1	MIR4771-1	chr2	87194786	87194859	3	3	3
ENSG00000233671.1	CENPNP1	chr2	87221113	87222488	3	3	3
ENSG00000281477.1	LINC01955	chr2	87249095	87253750	3	3	3
ENSG00000271097.1	DBF4P3	chr2	87301658	87302251	3	3	3
ENSG00000287763.1	AC068279.2	chr2	87311460	87348728	3	3	3
ENSG00000233999.3	IGKV3OR2-268	chr2	87338511	87339035	3	3	3
ENSG00000224881.1	AC068279.1	chr2	87379880	87380767	3	3	3
ENSG00000280721.1	LINC01943	chr2	87439523	87459044	3	3	3
ENSG00000222041.11	CYTOR	chr2	87454781	87636740			
ENSG00000284879.1	AC133644.2	chr2	87455476	87767359			
ENSG00000273445.1	AC133644.1	chr2	87477495	87478034			
ENSG00000214354.3	PAFAH1B1P1	chr2	87565828	87566764			
ENSG00000265507.1	MIR4435-1	chr2	87629755	87629834			
ENSG00000225933.1	RPS14P5	chr2	87654890	87655243			
ENSG00000234231.4	ANAPC1P4	chr2	87700984	87738105			
ENSG00000125551.19	PLGLB2	chr2	87748087	87759476			
ENSG00000185304.15	RGPD2	chr2	87755960	87825952			
ENSG00000229604.2	MTATP8P2	chr2	87824942	87825143			
ENSG00000225428.1	NDUFB4P7	chr2	87968609	87968971			
ENSG00000233205.1	WBP1P2	chr2	87972656	87973082			
ENSG00000275597.1	ANAPC1P5	chr2	87980714	87992858			
ENSG00000288437.1	AC108479.2	chr2	88003008	88003743			
ENSG00000222724.1	RNU2-63P	chr2	88016354	88016547			
ENSG00000287670.1	AC108479.1	chr2	88016780	88021451	5	5	5
ENSG00000172086.9	KRCC1	chr2	88027205	88064252			
ENSG00000115593.15	SMYD1	chr2	88067825	88113384			
ENSG00000265003.1	MIR4780	chr2	88082519	88082599			
ENSG00000163586.10	FABP1	chr2	88122982	88128062			
ENSG00000144115.17	THNSL2	chr2	88170274	88186636			
ENSG00000232508.1	MRPL45P1	chr2	88364695	88365608			
ENSG00000283262.1	U6	chr2	88367793	88367862			
ENSG00000212133.1	RNU6-1168P	chr2	88383494	88383597			
ENSG00000252395.2	RNU6-1007P	chr2	88414898	88415004			
ENSG00000224291.1	RPL38P6	chr2	88428078	88428615			
ENSG00000214336.5	FOXI3	chr2	88446787	88452693	3	3	3
ENSG00000172073.4	TEX37	chr2	88524649	88529585	3	3	3
ENSG00000225420.1	AC104134.1	chr2	88538720	88575610	3	3	3
ENSG00000172071.14	EIF2AK3	chr2	88556741	88627464	3	3	3
ENSG00000234028.3	EIF2AK3-DT	chr2	88627539	88631821	3	3	3
ENSG00000287686.1	AC062029.1	chr2	88690177	88691464	3	3	3
ENSG00000153574.9	RPIA	chr2	88691673	88750929	3	3	3
ENSG00000230006.7	ANKRD36BP2	chr2	88765807	88806612	3	3	3
ENSG00000283270.1	MALLP2	chr2	88811186	88825207	3	3	3
ENSG00000240040.6	AC244205.1	chr2	88811186	88861563	3	3	3
ENSG00000265510.1	MIR4436A	chr2	88812370	88812454	3	3	3
ENSG00000211592.8	IGKC	chr2	88857161	88857683	3	3	3
ENSG00000211593.2	IGKJ5	chr2	88860568	88860605	3	3	3
ENSG00000211594.2	IGKJ4	chr2	88860886	88860922	3	3	3
ENSG00000211595.2	IGKJ3	chr2	88861221	88861258	3	3	3
ENSG00000211596.3	IGKJ2	chr2	88861525	88861563	3	3	3
ENSG00000211597.2	IGKJ1	chr2	88861886	88861923	3	3	3
ENSG00000211598.2	IGKV4-1	chr2	88885397	88886153	3	3	3
ENSG00000211599.2	IGKV5-2	chr2	88897232	88897784	3	3	3
ENSG00000197794.2	IGKV7-3	chr2	88915081	88915378	3	3	3
ENSG00000225136.1	PGBD4P5	chr2	88922328	88922753	3	3	3
ENSG00000253435.1	IGKV2-4	chr2	88931666	88932380	3	3	3
ENSG00000243466.1	IGKV1-5	chr2	88947301	88947957	3	3	3
ENSG00000239855.1	IGKV1-6	chr2	88966262	88966767	3	3	3
ENSG00000243063.1	IGKV3-7	chr2	88978468	88979081	3	3	3
ENSG00000240671.4	IGKV1-8	chr2	88992409	88992931	3	3	3
ENSG00000241755.1	IGKV1-9	chr2	89009982	89010515	3	3	3
ENSG00000253278.1	IGKV2-10	chr2	89019992	89020686	3	3	3
ENSG00000241351.3	IGKV3-11	chr2	89027171	89027731	3	3	3
ENSG00000243290.3	IGKV1-12	chr2	89040224	89040745	3	3	3
ENSG00000253497.1	IGKV1-13	chr2	89045995	89046466	3	3	3
ENSG00000253265.1	IGKV2-14	chr2	89078010	89078784	3	3	3
ENSG00000244437.1	IGKV3-15	chr2	89085177	89085787	3	3	3
ENSG00000240864.3	IGKV1-16	chr2	89099859	89100361	3	3	3
ENSG00000240382.3	IGKV1-17	chr2	89117342	89117844	3	3	3
ENSG00000254157.1	IGKV2-18	chr2	89128724	89129483	3	3	3
ENSG00000253732.1	IGKV2-19	chr2	89134975	89135257	3	3	3
ENSG00000239951.1	IGKV3-20	chr2	89142574	89143160	3	3	3
ENSG00000211611.2	IGKV6-21	chr2	89159751	89160366	3	3	3
ENSG00000253578.1	IGKV1-22	chr2	89170775	89171212	3	3	3
ENSG00000253625.1	IGKV2-23	chr2	89172022	89172553	3	3	3
ENSG00000241294.1	IGKV2-24	chr2	89176328	89177160	3	3	3
ENSG00000253202.1	IGKV3-25	chr2	89192500	89192752	3	3	3
ENSG00000254098.1	IGKV2-26	chr2	89196096	89196829	3	3	3
ENSG00000277852.1	AC244255.1	chr2	89203509	89203906	3	3	3
ENSG00000244575.3	IGKV1-27	chr2	89213423	89213928	3	3	3
ENSG00000244116.3	IGKV2-28	chr2	89221698	89222461	3	3	3
ENSG00000253998.3	IGKV2-29	chr2	89234174	89234912	3	3	3
ENSG00000243238.1	IGKV2-30	chr2	89244781	89245596	3	3	3
ENSG00000253158.1	IGKV3-31	chr2	89252211	89252736	3	3	3
ENSG00000253870.1	IGKV1-32	chr2	89253571	89254015	3	3	3
ENSG00000242076.2	IGKV1-33	chr2	89266494	89268506	3	3	3
ENSG00000253860.1	IGKV3-34	chr2	89275298	89275787	3	3	3
ENSG00000253461.1	IGKV1-35	chr2	89286689	89286973	3	3	3
ENSG00000253487.1	IGKV2-36	chr2	89295233	89295455	3	3	3
ENSG00000239862.1	IGKV1-37	chr2	89297264	89297785	3	3	3
ENSG00000253592.1	IGKV2-38	chr2	89309898	89310144	3	3	3
ENSG00000242371.1	IGKV1-39	chr2	89319625	89320146	3	3	3
ENSG00000273962.1	IGKV2-40	chr2	89330110	89330429	3	3	3
ENSG00000283427.1	AC006453.3	chr2	89533185	89547106	3	3	3
ENSG00000283196.2	LSP1P5	chr2	89542842	89585652	3	3	3
ENSG00000276861.1	5S_rRNA	chr2	89600571	89600680	3	3	3
ENSG00000283132.1	AC006453.1	chr2	89622213	89640635	3	3	3
ENSG00000283214.1	AC006453.2	chr2	89662601	89662977	3	3	3
ENSG00000283659.1	AC006453.4	chr2	89666033	89683204	3	3	3
ENSG00000251039.2	IGKV2D-40	chr2	89851791	89852497	3	3	3
ENSG00000251546.1	IGKV1D-39	chr2	89862482	89862981	3	3	3
ENSG00000254009.1	IGKV2D-38	chr2	89872463	89872702	3	3	3
ENSG00000250036.1	IGKV1D-37	chr2	89884740	89885216	3	3	3
ENSG00000253127.1	IGKV2D-36	chr2	89887022	89887247	3	3	3
ENSG00000232747.2	IGKV1D-35	chr2	89895502	89895772	3	3	3
ENSG00000253501.1	IGKV3D-34	chr2	89906757	89907246	3	3	3
ENSG00000239975.2	IGKV1D-33	chr2	89913982	89916052	3	3	3
ENSG00000253191.1	IGKV1D-32	chr2	89928422	89928867	3	3	3
ENSG00000253999.1	IGKV3D-31	chr2	89929701	89930202	3	3	3
ENSG00000239571.1	IGKV2D-30	chr2	89936859	89937679	3	3	3
ENSG00000243264.2	IGKV2D-29	chr2	89947512	89948279	3	3	3
ENSG00000242534.2	IGKV2D-28	chr2	89959979	89960754	3	3	3
ENSG00000224607.4	IGKV1D-27	chr2	89968867	89969335	3	3	3
ENSG00000211623.2	IGKV2D-26	chr2	89985922	89986702	3	3	3
ENSG00000254097.1	IGKV3D-25	chr2	89989987	89990221	3	3	3
ENSG00000241566.1	IGKV2D-24	chr2	90004797	90005629	3	3	3
ENSG00000254345.1	IGKV2D-23	chr2	90009402	90009927	3	3	3
ENSG00000253365.1	IGKV1D-22	chr2	90010741	90011184	3	3	3
ENSG00000225523.2	IGKV6D-21	chr2	90021567	90022185	3	3	3
ENSG00000211625.2	IGKV3D-20	chr2	90038848	90039479	3	3	3
ENSG00000253765.1	IGKV2D-19	chr2	90046796	90047057	3	3	3
ENSG00000254220.1	IGKV2D-18	chr2	90052581	90053372	3	3	3
ENSG00000211626.2	IGKV6D-41	chr2	90069662	90070238	3	3	3
ENSG00000242766.1	IGKV1D-17	chr2	90082635	90083291	3	3	3
ENSG00000241244.1	IGKV1D-16	chr2	90100236	90100738	3	3	3
ENSG00000224041.3	IGKV3D-15	chr2	90114838	90115402	3	3	3
ENSG00000254292.1	IGKV2D-14	chr2	90121786	90122564	3	3	3
ENSG00000276566.1	IGKV1D-13	chr2	90154073	90154574	3	3	3
ENSG00000278857.1	IGKV1D-12	chr2	90159840	90160335	3	3	3
ENSG00000211632.4	IGKV3D-11	chr2	90172802	90173414	3	3	3
ENSG00000253906.1	IGKV2D-10	chr2	90179889	90180587	3	3	3
ENSG00000211633.3	IGKV1D-42	chr2	90190193	90190681	3	3	3
ENSG00000242580.1	IGKV1D-43	chr2	90209873	90210529	3	3	3
ENSG00000239819.2	IGKV1D-8	chr2	90220727	90221384	3	3	3
ENSG00000228325.5	IGKV3D-7	chr2	90234812	90235370	3	3	3
ENSG00000275490.1	AC233263.2	chr2	90309230	90309333	3	3	3
ENSG00000270999.1	IGKV1OR2-118	chr2	90315366	90315836	3	3	3
ENSG00000265897.2	AC233263.1	chr2	90359809	90360032	3	3	3
ENSG00000281904.1	AC233263.7	chr2	90365737	90367699	3	3	3
ENSG00000230964.1	AC233266.1	chr2	91578478	91578573	3	3	3
ENSG00000261600.1	AC233266.2	chr2	91580336	91580863	3	3	3
ENSG00000278131.1	AC116050.1	chr2	91589494	91621421	3	3	3
ENSG00000143429.10	LSP1P4	chr2	91617160	91659972	3	3	3
ENSG00000222835.1	RNA5SP100	chr2	91674857	91674966	3	3	3
ENSG00000184303.5	DRD5P1	chr2	91684447	91685884	3	3	3
ENSG00000230572.5	AC027612.2	chr2	91686102	91714745	3	3	3
ENSG00000271627.1	NKAIN1P2	chr2	91723023	91723605	3	3	3
ENSG00000223703.1	AC027612.1	chr2	91736726	91767439	3	3	3
ENSG00000232531.3	KMT5AP2	chr2	91747940	91748986	3	3	3
ENSG00000286698.1	AC027612.3	chr2	91759462	91767701	3	3	3
ENSG00000236969.2	GGT8P	chr2	91775944	91781169	3	3	3
ENSG00000235235.6	IGKV1OR2-1	chr2	91817771	91818248	3	3	3
ENSG00000214330.4	ABCD1P5	chr2	91840601	91843802	3	3	3
ENSG00000237085.2	AC127391.1	chr2	91859384	91859481	3	3	3
ENSG00000227497.1	PABPC1P6	chr2	91877969	91880195	3	3	3
ENSG00000214329.7	SLC9B1P2	chr2	91883076	91931714	3	3	3
ENSG00000226481.3	ACTR3BP2	chr2	91940668	91942040	3	3	3
ENSG00000234898.1	CHEK2P3	chr2	91957436	91963610	3	3	3
ENSG00000235147.1	AC128677.1	chr2	92006680	92007121	3	3	3
ENSG00000223816.5	IGKV1OR2-2	chr2	92034522	92035000	3	3	3
ENSG00000286156.1	AC026273.1	chr2	94195806	94208379			
ENSG00000261522.5	AL845331.2	chr2	94575976	94587183			
ENSG00000259916.1	AL845331.1	chr2	94588522	94604573			
ENSG00000237383.1	CNN2P11	chr2	94725674	94725935	3	3	3
ENSG00000227265.2	GXYLT1P7	chr2	94734655	94735844	3	3	3
ENSG00000213355.3	CNN2P8	chr2	94737337	94738249	3	3	3
ENSG00000234837.1	AC073464.2	chr2	94750582	94751293	3	3	3
ENSG00000223564.1	CYP4F32P	chr2	94759259	94760279	3	3	3
ENSG00000232502.1	AC073464.1	chr2	94760774	94761116	3	3	3
ENSG00000235571.1	SNX18P14	chr2	94786688	94787261	3	3	3
ENSG00000229089.8	ANKRD20A8P	chr2	94791103	94857282	3	3	3
ENSG00000212140.1	RNU6-1320P	chr2	94846533	94846639	3	3	3
ENSG00000278631.1	SOWAHCP5	chr2	94861362	94862667	3	3	3
ENSG00000259848.9	AC097374.1	chr2	94867486	94947341	3	3	3
ENSG00000163060.8	TEKT4	chr2	94871430	94876823	3	3	3
ENSG00000237055.1	MTCO1P48	chr2	94899566	94900661	3	3	3
ENSG00000232128.1	MTCO3P45	chr2	94900990	94901602	3	3	3
ENSG00000233158.1	RPS24P6	chr2	94912432	94912831	3	3	3
ENSG00000231331.1	AC103563.3	chr2	94953161	94953593	3	3	3
ENSG00000232594.1	AC103563.4	chr2	94961047	94961503	3	3	3
ENSG00000233105.1	AC103563.5	chr2	94964473	94964836	3	3	3
ENSG00000224585.1	AC103563.1	chr2	94971954	94972167	3	3	3
ENSG00000233447.1	AC103563.6	chr2	94974544	94974838	3	3	3
ENSG00000235186.1	AC103563.8	chr2	94991880	94994362	3	3	3
ENSG00000277591.1	RN7SL575P	chr2	95003545	95003843	3	3	3
ENSG00000233850.1	AC103563.7	chr2	95025193	95026709	3	3	3
ENSG00000172005.11	MAL	chr2	95025677	95053992	3	3	3
ENSG00000231062.1	AC103563.2	chr2	95051395	95053176	3	3	3
ENSG00000287362.1	AC103563.9	chr2	95067074	95076900	3	3	3
ENSG00000144029.12	MRPS5	chr2	95085369	95149434	3	3	3
ENSG00000144026.12	ZNF514	chr2	95145000	95165413	3	3	3
ENSG00000275111.5	ZNF2	chr2	95165432	95184317	3	3	3
ENSG00000275768.1	SLC2AXP1	chr2	95196449	95197357	3	3	3
ENSG00000233757.6	AC092835.1	chr2	95207535	95259774	3	3	3
ENSG00000155066.16	PROM2	chr2	95274449	95291308	3	3	3
ENSG00000115041.13	KCNIP3	chr2	95297327	95386077	3	3	3
ENSG00000235129.1	FABP7P2	chr2	95368507	95368885	3	3	3
ENSG00000115042.10	FAHD2A	chr2	95402708	95416616	3	3	3
ENSG00000248821.1	AC009238.3	chr2	95413456	95414296	3	3	3
ENSG00000233275.1	AC009238.2	chr2	95434759	95435113	3	3	3
ENSG00000227120.1	AC009238.1	chr2	95436133	95436556	3	3	3
ENSG00000204705.3	UBTFL5	chr2	95450310	95451500	3	3	3
ENSG00000277747.1	AC133104.2	chr2	95460144	95460336	3	3	3
ENSG00000234903.1	AC133104.1	chr2	95468863	95469778	3	3	3
ENSG00000144010.10	TRIM43B	chr2	95477164	95484731	3	3	3
ENSG00000238162.1	AC009237.11	chr2	95485541	95485805	3	3	3
ENSG00000223917.1	AC009237.1	chr2	95486480	95488627	3	3	3
ENSG00000237308.1	AC009237.10	chr2	95496022	95496531	3	3	3
ENSG00000224719.1	AC009237.2	chr2	95502791	95505059	3	3	3
ENSG00000226185.2	TRIM64FP	chr2	95514827	95520107	3	3	3
ENSG00000272913.1	AC009237.14	chr2	95525109	95526702	3	3	3
ENSG00000229689.3	AC009237.3	chr2	95525345	95532405	3	3	3
ENSG00000236431.1	AC009237.8	chr2	95536117	95536495	3	3	3
ENSG00000273305.1	AC009237.15	chr2	95537969	95538469	3	3	3
ENSG00000233037.2	AC009237.5	chr2	95542730	95543230	3	3	3
ENSG00000168992.4	OR7E102P	chr2	95546531	95547545	3	3	3
ENSG00000232717.2	TRIM51JP	chr2	95574901	95580769	3	3	3
ENSG00000274028.1	AC009237.16	chr2	95588149	95589253	3	3	3
ENSG00000230083.1	AC009237.4	chr2	95590969	95591206	3	3	3
ENSG00000144015.5	TRIM43	chr2	95592001	95599778	3	3	3
ENSG00000236026.1	AC009237.7	chr2	95606924	95607152	3	3	3
ENSG00000271003.1	AC009237.13	chr2	95607073	95616592	3	3	3
ENSG00000270193.1	AC009237.12	chr2	95616492	95617233	3	3	3
ENSG00000204699.4	UBTFL3	chr2	95625213	95626236	3	3	3
ENSG00000275497.1	AC009237.17	chr2	95633850	95636106	3	3	3
ENSG00000235959.1	AC009237.6	chr2	95640181	95640604	3	3	3
ENSG00000236750.1	AC009237.9	chr2	95641634	95641980	3	3	3
ENSG00000235584.3	AC008268.1	chr2	95660588	95668727	3	3	3
ENSG00000237510.7	GPAT2P1	chr2	95789654	95800166	3	3	3
ENSG00000232931.6	LINC00342	chr2	95807052	95835003	3	3	3
ENSG00000174501.14	ANKRD36C	chr2	95836919	95991831	3	3	3
ENSG00000275961.1	RN7SL210P	chr2	96004563	96004850	3	3	3
ENSG00000231584.8	FAHD2CP	chr2	96010551	96023380	3	3	3
ENSG00000186281.12	GPAT2	chr2	96021946	96039451	3	3	3
ENSG00000274286.2	ADRA2B	chr2	96112876	96116571	3	3	3
ENSG00000188886.3	ASTL	chr2	96123850	96138436	3	3	3
ENSG00000158050.5	DUSP2	chr2	96143169	96145440	3	3	3
ENSG00000228873.1	AC012307.1	chr2	96145602	96147012	3	3	3
ENSG00000084090.13	STARD7	chr2	96184859	96208825	3	3	3
ENSG00000204685.7	STARD7-AS1	chr2	96208403	96243353	3	3	3
ENSG00000135956.9	TMEM127	chr2	96248514	96265997	3	3	3
ENSG00000144021.3	CIAO1	chr2	96266159	96274173	3	3	3
ENSG00000144028.15	SNRNP200	chr2	96274338	96321271	3	3	3
ENSG00000230747.1	AC021188.1	chr2	96307263	96321731	3	3	3
ENSG00000198885.10	ITPRIPL1	chr2	96325317	96330517	3	3	3
ENSG00000121152.10	NCAPH	chr2	96335766	96377091	3	3	3
ENSG00000163121.10	NEURL3	chr2	96497646	96508109	3	3	3
ENSG00000235480.1	AC013270.1	chr2	96527940	96532306	3	3	3
ENSG00000196843.17	ARID5A	chr2	96536743	96552634	3	3	3
ENSG00000114982.19	KANSL3	chr2	96593170	96642787	3	3	3
ENSG00000249715.12	FER1L5	chr2	96642737	96704887	3	3	3
ENSG00000114988.12	LMAN2L	chr2	96705929	96740064	3	3	3
ENSG00000158158.12	CNNM4	chr2	96760902	96811874	3	3	3
ENSG00000264157.3	MIR3127	chr2	96798278	96798353	3	3	3
ENSG00000273265.1	CNNM3-DT	chr2	96812239	96813657	3	3	3
ENSG00000168763.16	CNNM3	chr2	96816245	96835382	3	3	3
ENSG00000163126.15	ANKRD23	chr2	96824526	96857934	3	3	3
ENSG00000213337.9	ANKRD39	chr2	96836611	96858016	3	3	3
ENSG00000168758.11	SEMA4C	chr2	96859718	96870757	3	3	3
ENSG00000168754.15	FAM178B	chr2	96875882	96986580	3	3	3
ENSG00000286654.1	AC092636.1	chr2	96912549	96917272	3	3	3
ENSG00000274206.1	Metazoa_SRP	chr2	96938923	96939203	3	3	3
ENSG00000252845.1	RNA5SP101	chr2	96956708	96956815	3	3	3
ENSG00000275094.1	AC079395.3	chr2	97000436	97001593	3	3	3
ENSG00000273634.1	AC079395.2	chr2	97008368	97009104	3	3	3
ENSG00000248134.1	AC079395.1	chr2	97018343	97018604	3	3	3
ENSG00000144188.9	TRIM43CP	chr2	97025981	97031636	3	3	3
ENSG00000230343.1	AC018892.1	chr2	97034442	97034706	3	3	3
ENSG00000236847.1	AC018892.2	chr2	97035461	97037549	3	3	3
ENSG00000270748.1	IGKV2OR2-1	chr2	97046588	97046891	3	3	3
ENSG00000271402.1	IGKV2OR2-2	chr2	97050729	97051028	3	3	3
ENSG00000204670.7	IGKV1OR2-3	chr2	97060128	97060415	3	3	3
ENSG00000188383.8	GPAT2P2	chr2	97081098	97083249	3	3	3
ENSG00000144199.12	FAHD2B	chr2	97083583	97094882	3	3	3
ENSG00000279791.1	AC018892.3	chr2	97094935	97097433	3	3	3
ENSG00000275655.1	RN7SL313P	chr2	97100587	97100874	3	3	3
ENSG00000135976.20	ANKRD36	chr2	97113153	97264521	3	3	3
ENSG00000277701.5	AC159540.2	chr2	97281356	97291849	3	3	3
ENSG00000237837.1	AC159540.1	chr2	97301729	97304151	3	3	3
ENSG00000271351.1	IGKV1OR2-9	chr2	97322137	97322423	3	3	3
ENSG00000276050.1	IGKV2OR2-10	chr2	97331533	97331843	3	3	3
ENSG00000271015.1	IGKV2OR2-7D	chr2	97335671	97335974	3	3	3
ENSG00000270252.1	IGKV3OR2-5	chr2	97348899	97349179	3	3	3
ENSG00000271569.1	IGKV1OR2-6	chr2	97355059	97355335	3	3	3
ENSG00000270450.1	IGKV2OR2-7	chr2	97372532	97372835	3	3	3
ENSG00000278537.1	IGKV2OR2-8	chr2	97376674	97376973	3	3	3
ENSG00000270187.1	IGKV1OR2-11	chr2	97386082	97386368	3	3	3
ENSG00000230606.11	AC092683.1	chr2	97416165	97433527	3	3	3
ENSG00000278766.2	AC092683.2	chr2	97421075	97434847	3	3	3
ENSG00000196912.12	ANKRD36B	chr2	97492663	97589965	3	3	3
ENSG00000235833.1	AC017099.1	chr2	97523949	97524976	3	3	3
ENSG00000286036.1	AC017099.2	chr2	97618638	97638417	3	3	3
ENSG00000228970.6	UBTFL6	chr2	97636780	97637803	3	3	3
ENSG00000135940.7	COX5B	chr2	97646062	97648383	3	3	3
ENSG00000115073.8	ACTR1B	chr2	97655939	97664044	3	3	3
ENSG00000228486.10	C2orf92	chr2	97664217	97703064	3	3	3
ENSG00000201806.1	RNU4-8P	chr2	97664591	97664731	3	3	3
ENSG00000115085.14	ZAP70	chr2	97713576	97739862	3	3	3
ENSG00000075568.17	TMEM131	chr2	97756333	97995948	3	3	3
ENSG00000235734.4	HMGN1P36	chr2	97827248	97827545	3	3	3
ENSG00000238719.1	RNU7-96P	chr2	97913054	97913117	3	3	3
ENSG00000168658.19	VWA3B	chr2	98087116	98313299	3	3	3
ENSG00000231635.1	ATP5F1BP1	chr2	98206151	98207724	3	3	3
ENSG00000222000.7	AC092675.1	chr2	98331389	98356005	3	3	3
ENSG00000144191.12	CNGA3	chr2	98346188	98398601	3	3	3
ENSG00000227987.1	AC092675.2	chr2	98346995	98351140	3	3	3
ENSG00000040933.16	INPP4A	chr2	98444854	98594392	3	3	3
ENSG00000183513.9	COA5	chr2	98599314	98608515	3	3	3
ENSG00000115446.12	UNC50	chr2	98608579	98618515	3	3	3
ENSG00000071073.13	MGAT4A	chr2	98619106	98731132	3	3	3
ENSG00000236564.1	YWHAQP5	chr2	98694109	98695490	3	3	3
ENSG00000226791.7	LINC02611	chr2	98761098	98775361	3	3	3
ENSG00000201070.1	RNU4-84P	chr2	98782410	98782548	3	3	3
ENSG00000196872.12	CRACDL	chr2	98793846	98936259	3	3	3
ENSG00000238830.1	RNU7-46P	chr2	98840675	98840736	3	3	3
ENSG00000135951.16	TSGA10	chr2	98997261	99154964	3	3	3
ENSG00000231822.1	SMC3P1	chr2	99102018	99102752	3	3	3
ENSG00000241962.9	AC079447.1	chr2	99141485	99322741	3	3	3
ENSG00000273045.7	C2orf15	chr2	99141707	99151669	3	3	3
ENSG00000144182.17	LIPT1	chr2	99154955	99163157	3	3	3
ENSG00000273155.1	AC092587.1	chr2	99154998	99195298	3	3	3
ENSG00000158411.11	MITD1	chr2	99161427	99181058	3	3	3
ENSG00000185414.20	MRPL30	chr2	99181152	99199561	3	3	3
ENSG00000185674.9	LYG2	chr2	99242246	99255282	3	3	3
ENSG00000144214.10	LYG1	chr2	99284238	99304742	3	3	3
ENSG00000115514.12	TXNDC9	chr2	99318982	99340702	3	3	3
ENSG00000158417.11	EIF5B	chr2	99337371	99401326	3	3	3
ENSG00000135945.10	REV1	chr2	99400475	99490035	3	3	3
ENSG00000273306.1	AC018690.1	chr2	99405218	99405843	3	3	3
ENSG00000144218.19	AFF3	chr2	99545419	100192428	3	3	3
ENSG00000230393.1	AC092667.1	chr2	100104919	100107504	3	3	3
ENSG00000232084.5	LINC01104	chr2	100208254	100251484	3	3	3
ENSG00000170500.13	LONRF2	chr2	100271875	100322501	3	3	3
ENSG00000269383.2	CYCSP7	chr2	100370255	100370545	3	3	3
ENSG00000270699.1	AC012493.1	chr2	100377421	100377532	3	3	3
ENSG00000115526.11	CHST10	chr2	100391860	100417668	3	3	3
ENSG00000238029.1	RALBP1P2	chr2	100425348	100426107	3	3	3
ENSG00000204640.1	NMS	chr2	100470482	100483280	3	3	3
ENSG00000204637.4	ARPP19P2	chr2	100509277	100509612	3	3	3
ENSG00000115539.14	PDCL3	chr2	100562993	100576739	3	3	3
ENSG00000227259.2	HMGN2P22	chr2	100591150	100591324	3	3	3
ENSG00000234988.2	LINC01849	chr2	100603752	100611542	3	3	3
ENSG00000287832.1	AC092845.1	chr2	100642444	100652567	3	3	3
ENSG00000226034.2	NANOGNBP1	chr2	100660199	100660678	3	3	3
ENSG00000234169.1	LINC01868	chr2	100669892	100676038	3	3	3
ENSG00000228488.1	AC092168.1	chr2	100722221	100722882	3	3	3
ENSG00000286737.1	AC092168.3	chr2	100739958	100747391	3	3	3
ENSG00000170485.17	NPAS2	chr2	100820139	100996829	3	3	3
ENSG00000232034.1	AC092168.2	chr2	100822661	100847220	3	3	3
ENSG00000230140.7	NPAS2-AS1	chr2	100970767	100977766	3	3	3
ENSG00000223947.1	AC016738.1	chr2	100993676	101002244	3	3	3
ENSG00000071082.11	RPL31	chr2	101002229	101024032	3	3	3
ENSG00000204634.13	TBC1D8	chr2	101007228	101252866	3	3	3
ENSG00000271532.1	BBIP1P1	chr2	101068378	101068656	3	3	3
ENSG00000272902.2	TBC1D8-AS1	chr2	101151660	101155412	3	3	3
ENSG00000158435.8	CNOT11	chr2	101252886	101270316	3	3	3
ENSG00000163162.9	RNF149	chr2	101271219	101308701	3	3	3
ENSG00000212283.1	SNORD89	chr2	101272936	101273049	3	3	3
ENSG00000264857.1	MIR5696	chr2	101309450	101309534	3	3	3
ENSG00000175874.10	CREG2	chr2	101345550	101387503	3	3	3
ENSG00000226058.1	AC092570.1	chr2	101375587	101376055	3	3	3
ENSG00000196460.14	RFX8	chr2	101397359	101475112	3	3	3
ENSG00000223826.1	LINC01870	chr2	101479390	101486822	3	3	3
ENSG00000237549.1	RPS6P3	chr2	101509530	101510222	3	3	3
ENSG00000232556.1	PRCPP1	chr2	101520834	101521976	3	3	3
ENSG00000286047.1	AC093894.1	chr2	101535601	101539077	3	3	3
ENSG00000286101.1	AC093894.2	chr2	101551592	101567901	3	3	3
ENSG00000071054.16	MAP4K4	chr2	101696850	101894689	3	3	3
ENSG00000281162.2	LINC01127	chr2	101962056	101987167	3	3	3
ENSG00000115590.14	IL1R2	chr2	101991960	102028544	3	3	3
ENSG00000287771.1	AC007271.1	chr2	102037963	102058190	3	3	3
ENSG00000115594.12	IL1R1	chr2	102064544	102179874	3	3	3
ENSG00000226925.1	IL1R1-AS1	chr2	102172621	102182108	3	3	3
ENSG00000115598.10	IL1RL2	chr2	102187006	102240002	3	3	3
ENSG00000205716.4	FAM183DP	chr2	102249857	102250255	3	3	3
ENSG00000115602.17	IL1RL1	chr2	102311502	102352037	3	3	3
ENSG00000115604.11	IL18R1	chr2	102311529	102398777	3	3	3
ENSG00000236785.1	SDR42E1P5	chr2	102411243	102412108	3	3	3
ENSG00000115607.9	IL18RAP	chr2	102418689	102452565	3	3	3
ENSG00000264764.1	MIR4772	chr2	102432289	102432366	3	3	3
ENSG00000236525.1	AC007278.2	chr2	102433957	102435340	3	3	3
ENSG00000234389.1	AC007278.1	chr2	102438713	102440475	3	3	3
ENSG00000180251.5	SLC9A4	chr2	102473226	102533972	3	3	3
ENSG00000115616.3	SLC9A2	chr2	102619553	102711355	3	3	3
ENSG00000135953.11	MFSD9	chr2	102714630	102736888	3	3	3
ENSG00000170417.16	TMEM182	chr2	102736905	103019900	3	3	3
ENSG00000277527.2	LINC01796	chr2	102873183	102895780	3	3	3
ENSG00000224095.1	LINC01935	chr2	102967408	102984429	3	3	3
ENSG00000227680.1	AC108051.1	chr2	102987323	102988565	3	3	3
ENSG00000229209.1	AC073987.1	chr2	103109759	103176260	3	3	3
ENSG00000227623.1	AC010881.1	chr2	103275904	103276138	3	3	3
ENSG00000286290.1	AC011593.1	chr2	103362082	103403712	3	3	3
ENSG00000236596.1	CRLF3P1	chr2	103494241	103495842	3	3	3
ENSG00000221849.2	AC018880.1	chr2	103527620	103529261	3	3	3
ENSG00000231723.1	CAPZBP1	chr2	103623630	103623830	3	3	3
ENSG00000232597.6	AC013727.1	chr2	103855829	103869651	3	3	3
ENSG00000236141.2	AC013727.2	chr2	103856970	103880209	3	3	3
ENSG00000256637.7	LINC01965	chr2	103874310	104077778	3	3	3
ENSG00000273515.1	AC013727.3	chr2	103953098	103953284	3	3	3
ENSG00000228968.1	AC096554.1	chr2	104125268	104147229	3	3	3
ENSG00000233955.1	AHCYP3	chr2	104395002	104396280	3	3	3
ENSG00000227157.2	AC068535.1	chr2	104406471	104416720	3	3	3
ENSG00000225765.2	LINC01831	chr2	104412146	104414195	3	3	3
ENSG00000287793.1	AC068535.2	chr2	104423039	104429454	3	3	3
ENSG00000235597.2	LINC01102	chr2	104430130	104532747	3	3	3
ENSG00000234781.2	LINC01103	chr2	104488458	104510509	3	3	3
ENSG00000231626.1	AC013402.2	chr2	104580821	104581890	3	3	3
ENSG00000236109.2	AC013402.3	chr2	104583138	104621767	3	3	3
ENSG00000288565.1	AC068057.3	chr2	104656135	104722966	3	3	3
ENSG00000230690.2	AC013402.1	chr2	104659337	104666858	3	3	3
ENSG00000225669.1	RPL23AP27	chr2	104678223	104678673	3	3	3
ENSG00000228528.2	AC068057.1	chr2	104702650	104705813	3	3	3
ENSG00000279904.1	AC068057.2	chr2	104706612	104707506	3	3	3
ENSG00000207249.1	SNORA72	chr2	104733234	104733362	3	3	3
ENSG00000234177.5	LINC01114	chr2	104746638	104757719	3	3	3
ENSG00000213301.2	HMGB3P11	chr2	104771282	104771885	3	3	3
ENSG00000233639.7	PANTR1	chr2	104794848	104853183	3	3	3
ENSG00000269707.2	AC018730.1	chr2	104853285	104927722	3	3	3
ENSG00000198914.5	POU3F3	chr2	104853287	104858574	3	3	3
ENSG00000229743.4	LINC01159	chr2	104865407	104872595	3	3	3
ENSG00000287135.1	AC010884.1	chr2	104928803	104936467	3	3	3
ENSG00000224509.2	MRPS9-AS2	chr2	104936241	105038496	3	3	3
ENSG00000135972.9	MRPS9	chr2	105038069	105099960	3	3	3
ENSG00000231851.6	MRPS9-AS1	chr2	105092368	105103036	3	3	3
ENSG00000226508.1	LINC01918	chr2	105144113	105145424	3	3	3
ENSG00000135973.3	GPR45	chr2	105241743	105243467	3	3	3
ENSG00000272861.1	AC012360.2	chr2	105249404	105249794	3	3	3
ENSG00000135966.13	TGFBRAP1	chr2	105264391	105329735	3	3	3
ENSG00000235319.1	AC012360.1	chr2	105324210	105330529	3	3	3
ENSG00000272994.1	AC012360.3	chr2	105334027	105337475	3	3	3
ENSG00000135974.10	C2orf49	chr2	105337532	105349211	3	3	3
ENSG00000115641.19	FHL2	chr2	105357712	105438513	3	3	3
ENSG00000238273.3	AC108058.1	chr2	105363038	105378839	3	3	3
ENSG00000287036.1	AC018802.1	chr2	105600703	105610487	3	3	3
ENSG00000287308.1	AC018802.2	chr2	105601146	105636637	3	3	3
ENSG00000071051.14	NCK2	chr2	105744912	105894274	3	3	3
ENSG00000235522.6	AC010978.1	chr2	105846534	105857177	3	3	3
ENSG00000234162.3	AC009505.1	chr2	105874509	105962386	3	3	3
ENSG00000119147.10	ECRG4	chr2	106063246	106078155	3	3	3
ENSG00000115652.15	UXS1	chr2	106093308	106194301	3	3	3
ENSG00000233339.1	AC018878.1	chr2	106179542	106183797	3	3	3
ENSG00000273595.1	AC092106.1	chr2	106207394	106208115	3	3	3
ENSG00000213295.3	RPL22P10	chr2	106247369	106247741	3	3	3
ENSG00000224061.1	SRSF3P4	chr2	106253231	106253717	3	3	3
ENSG00000230353.5	RPS21P2	chr2	106288803	106289053	3	3	3
ENSG00000233939.1	RPL27AP4	chr2	106304755	106305197	3	3	3
ENSG00000227513.1	ILRUNP1	chr2	106344566	106345433	3	3	3
ENSG00000229682.1	AC114755.1	chr2	106368209	106368876	3	3	3
ENSG00000235486.1	ANAPC1P6	chr2	106369724	106378247	3	3	3
ENSG00000240935.6	PLGLA	chr2	106382171	106393031	3	3	3
ENSG00000153165.19	RGPD3	chr2	106391290	106468413	3	3	3
ENSG00000237666.2	AC097527.1	chr2	106470799	106477669	3	3	3
ENSG00000254126.8	CD8B2	chr2	106487364	106544297	3	3	3
ENSG00000232001.2	AC108868.2	chr2	106521563	106544297	3	3	3
ENSG00000231505.1	AC108868.1	chr2	106521903	106538079	3	3	3
ENSG00000214199.3	EEF1A1P12	chr2	106697331	106698676	3	3	3
ENSG00000144057.15	ST6GAL2	chr2	106801600	106887108	3	3	3
ENSG00000238250.1	ST6GAL2-IT1	chr2	106822923	106825031	3	3	3
ENSG00000227294.1	AC016994.1	chr2	106834464	106841207	3	3	3
ENSG00000286218.2	AC005040.2	chr2	106933739	106996534	3	3	3
ENSG00000229360.1	PPP1R2P5	chr2	106940880	106941482	3	3	3
ENSG00000226905.1	AC005040.1	chr2	106963193	106963674	3	3	3
ENSG00000229457.1	LINC01789	chr2	107254691	107365873	3	3	3
ENSG00000225588.2	AC096669.1	chr2	107362282	107407329	3	3	3
ENSG00000237880.2	LINC01885	chr2	107382715	107748270	3	3	3
ENSG00000224568.2	LINC01886	chr2	107529292	107556499	3	3	3
ENSG00000286769.1	AC064869.1	chr2	107698737	107746941	3	3	3
ENSG00000232991.5	GACAT1	chr2	107754112	107822129	3	3	3
ENSG00000230651.8	RGPD4-AS1	chr2	107823063	107826891	3	3	3
ENSG00000196862.10	RGPD4	chr2	107826892	107892544	3	3	3
ENSG00000233494.1	AC009963.2	chr2	107902997	107903134	3	3	3
ENSG00000227270.1	AC009963.1	chr2	107903964	107904241	3	3	3
ENSG00000237745.1	RPL22P8	chr2	107914948	107915286	3	3	3
ENSG00000235325.1	SRSF3P5	chr2	107920763	107921248	3	3	3
ENSG00000115665.9	SLC5A7	chr2	107986523	108013994	3	3	3
ENSG00000231221.1	LINC01593	chr2	108049200	108052755	3	3	3
ENSG00000229890.1	ACTP1	chr2	108099110	108099492	3	3	3
ENSG00000225328.2	LINC01594	chr2	108167125	108217886	3	3	3
ENSG00000236877.2	SETD6P1	chr2	108226015	108226331	3	3	3
ENSG00000196228.3	SULT1C3	chr2	108247195	108265351	3	3	3
ENSG00000227597.1	WASF1P1	chr2	108276812	108277942	3	3	3
ENSG00000198203.10	SULT1C2	chr2	108288639	108309915	3	3	3
ENSG00000261209.1	SULT1C2P2	chr2	108317725	108318611	3	3	3
ENSG00000237223.6	SULT1C2P1	chr2	108322238	108353799	3	3	3
ENSG00000271070.1	GMCL1P2	chr2	108367116	108367938	3	3	3
ENSG00000198075.10	SULT1C4	chr2	108377911	108388989	3	3	3
ENSG00000271284.1	SMIM12P1	chr2	108423612	108423885	3	3	3
ENSG00000135968.21	GCC2	chr2	108449191	108509415	3	3	3
ENSG00000214184.3	GCC2-AS1	chr2	108507515	108534196	3	3	3
ENSG00000169756.16	LIMS1	chr2	108534355	108687246	3	3	3
ENSG00000228763.1	LIMS1-AS1	chr2	108676795	108678601	3	3	3
ENSG00000233648.1	AC010095.1	chr2	108694750	108694893	3	3	3
ENSG00000235644.1	RPL10P5	chr2	108712262	108712900	3	3	3
ENSG00000153201.16	RANBP2	chr2	108719482	108785809	3	3	3
ENSG00000163006.12	CCDC138	chr2	108786757	108885477	3	3	3
ENSG00000227470.1	RPL39P16	chr2	108878308	108878460	3	3	3
ENSG00000135960.10	EDAR	chr2	108894471	108989372	3	3	3
ENSG00000277628.1	Metazoa_SRP	chr2	109124357	109124609	3	3	3
ENSG00000259863.1	SH3RF3-AS1	chr2	109127327	109128930	3	3	3
ENSG00000172985.11	SH3RF3	chr2	109129205	109504634	3	3	3
ENSG00000264934.1	MIR4265	chr2	109141490	109141588	3	3	3
ENSG00000228551.1	SNRPGP9	chr2	109251422	109251646	3	3	3
ENSG00000265965.1	MIR4266	chr2	109313571	109313625	3	3	3
ENSG00000186522.15	SEPTIN10	chr2	109542799	109614143	3	3	3
ENSG00000237916.1	RPL37P12	chr2	109552536	109552846	3	3	3
ENSG00000230696.1	AC011753.2	chr2	109594693	109605698	3	3	3
ENSG00000198142.5	SOWAHC	chr2	109614364	109618990	3	3	3
ENSG00000230603.1	AC011753.1	chr2	109665209	109665742	3	3	3
ENSG00000231099.1	BMS1P19	chr2	109667128	109668002	3	3	3
ENSG00000233307.1	SRSF3P6	chr2	109732731	109733136	3	3	3
ENSG00000233707.3	RPL22P11	chr2	109737139	109737523	3	3	3
ENSG00000282033.1	AC074387.1	chr2	109758799	109760364	3	3	3
ENSG00000015568.13	RGPD5	chr2	109792758	109857705	3	3	3
ENSG00000256977.12	LIMS3	chr2	109898428	109924868	3	3	3
ENSG00000284337.1	AC013271.1	chr2	109898432	109968557	3	3	3
ENSG00000186148.13	AC013268.1	chr2	109933161	109974085	3	3	3
ENSG00000283684.1	AC013268.5	chr2	109937438	109985124	3	3	3
ENSG00000240069.1	GPAA1P1	chr2	109984058	109984988	3	3	3
ENSG00000225108.1	ZBTB45P1	chr2	109986939	109988394	3	3	3
ENSG00000204588.5	LINC01123	chr2	109987063	109996140	3	3	3
ENSG00000235721.1	AC013268.3	chr2	110007675	110010783	3	3	3
ENSG00000229730.2	AC013268.2	chr2	110012265	110012601	3	3	3
ENSG00000283283.2	AC013268.4	chr2	110022447	110050064	3	3	3
ENSG00000265682.1	MIR4267	chr2	110069961	110070042	3	3	3
ENSG00000144063.4	MALL	chr2	110083870	110116022	3	3	3
ENSG00000264979.1	MIR4436B1	chr2	110086433	110086523	3	3	3
ENSG00000144061.14	NPHP1	chr2	110122311	110205066	3	3	3
ENSG00000233370.1	ACTR1AP1	chr2	110184054	110185179	3	3	3
ENSG00000175701.10	MTLN	chr2	110211529	110245420	3	3	3
ENSG00000261760.8	AC140479.3	chr2	110231106	110272050	3	3	3
ENSG00000282304.1	AC140479.4	chr2	110245591	110285856	3	3	3
ENSG00000282785.1	MALLP1	chr2	110279606	110285681	3	3	3
ENSG00000263881.1	MIR4436B2	chr2	110284853	110284943	3	3	3
ENSG00000283167.2	AC140479.5	chr2	110321402	110348941	3	3	3
ENSG00000226991.2	AC140479.1	chr2	110358790	110359126	3	3	3
ENSG00000230650.1	AC140479.2	chr2	110360608	110363737	3	3	3
ENSG00000175772.11	LINC01106	chr2	110375138	110384442	3	3	3
ENSG00000226065.1	ZBTB45P2	chr2	110383112	110384642	3	3	3
ENSG00000230596.3	GPAA1P2	chr2	110386377	110388163	3	3	3
ENSG00000273471.1	AC112229.4	chr2	110386411	110433673	3	3	3
ENSG00000184115.17	AC112229.1	chr2	110397406	110435166	3	3	3
ENSG00000257207.5	AC112229.3	chr2	110402934	110473075	3	3	3
ENSG00000256671.6	LIMS4	chr2	110446640	110473075	3	3	3
ENSG00000227574.2	AC112229.2	chr2	110449242	110451064	3	3	3
ENSG00000231583.1	AC108938.1	chr2	110500100	110500235	3	3	3
ENSG00000183054.11	RGPD6	chr2	110513812	110577185	3	3	3
ENSG00000231536.1	AC226101.1	chr2	110610916	110612404	3	3	3
ENSG00000216867.2	RPL22P12	chr2	110633947	110634333	3	3	3
ENSG00000169679.15	BUB1	chr2	110637528	110678063	3	3	3
ENSG00000235881.2	AC114776.1	chr2	110709575	110716595	3	3	3
ENSG00000153093.20	ACOXL	chr2	110732539	111120610	3	3	3
ENSG00000236330.1	RPL5P9	chr2	110967834	110968719	3	3	3
ENSG00000172965.17	MIR4435-2HG	chr2	111006015	111523376	3	3	3
ENSG00000204581.3	ACOXL-AS1	chr2	111098345	111116407	3	3	3
ENSG00000153094.24	BCL2L11	chr2	111119378	111168445	3	3	3
ENSG00000230499.1	AC108463.2	chr2	111195963	111206494	3	3	3
ENSG00000227992.1	AC108463.1	chr2	111203964	111206215	3	3	3
ENSG00000271590.1	AC108463.3	chr2	111210995	111212476	3	3	3
ENSG00000229118.1	AC068491.1	chr2	111265283	111279880	3	3	3
ENSG00000270190.1	AC068491.2	chr2	111266868	111267473	3	3	3
ENSG00000226928.1	RPS14P4	chr2	111295629	111296046	3	3	3
ENSG00000266139.2	MIR4435-2	chr2	111321013	111321086	3	3	3
ENSG00000223973.2	PAFAH1B1P2	chr2	111383752	111384992	3	3	3
ENSG00000285016.1	AC017002.3	chr2	111429324	111699033	3	3	3
ENSG00000280878.1	AC017002.2	chr2	111468810	111637967	3	3	3
ENSG00000240350.3	SOCAR	chr2	111491272	111570974	3	3	3
ENSG00000271635.1	DBF4P2	chr2	111558413	111559937			
ENSG00000225744.1	AC017002.1	chr2	111607841	111612518			
ENSG00000153107.13	ANAPC1	chr2	111611639	111884690			
ENSG00000237583.1	RPL34P8	chr2	111675026	111675343			
ENSG00000227842.1	AC093166.1	chr2	111717508	111717837			
ENSG00000228615.1	CENPNP2	chr2	111742586	111744662			
ENSG00000266063.1	MIR4771-2	chr2	111771061	111771134			
ENSG00000230958.1	AC093166.2	chr2	111865798	111866405			
ENSG00000236307.2	EEF1E1P1	chr2	111887914	111888741			
ENSG00000153208.17	MERTK	chr2	111898607	112029561			
ENSG00000240183.3	RN7SL297P	chr2	111930175	111930467			
ENSG00000225496.1	RTRAFP1	chr2	111940302	111941036			
ENSG00000232277.1	SLC30A6P1	chr2	111952144	111952671			
ENSG00000286904.1	AC093675.1	chr2	112039378	112055337			
ENSG00000153214.11	TMEM87B	chr2	112055269	112119318			
ENSG00000287141.1	AC093675.2	chr2	112061084	112063709			
ENSG00000144152.13	FBLN7	chr2	112138385	112188218			
ENSG00000278962.1	AC092645.1	chr2	112188364	112190635			
ENSG00000144161.13	ZC3H8	chr2	112211529	112255136			
ENSG00000286545.1	AC092645.2	chr2	112239621	112244375			
ENSG00000188177.14	ZC3H6	chr2	112275597	112340063			
ENSG00000235258.1	NDUFB4P6	chr2	112286057	112286422			
ENSG00000236555.1	AC115115.1	chr2	112346011	112346258			
ENSG00000169629.12	RGPD8	chr2	112368369	112434488			
ENSG00000283698.1	VINAC1P	chr2	112439312	112469687			
ENSG00000114999.8	TTL	chr2	112482156	112541739			
ENSG00000125630.16	POLR1B	chr2	112541915	112579818			
ENSG00000207383.1	Y_RNA	chr2	112579484	112579584			
ENSG00000125611.15	CHCHD5	chr2	112584240	112589275			
ENSG00000243389.1	AC012442.2	chr2	112589040	112614431			
ENSG00000228251.1	AC012442.1	chr2	112590796	112591939			
ENSG00000231747.1	AC079922.1	chr2	112621809	112622167			
ENSG00000237753.2	AC079922.2	chr2	112641832	112645720			
ENSG00000144136.11	SLC20A1	chr2	112645939	112663825			
ENSG00000144130.11	NT5DC4	chr2	112721486	112742879			
ENSG00000169607.13	CKAP2L	chr2	112736349	112764664			
ENSG00000115008.6	IL1A	chr2	112773925	112784493			
ENSG00000287937.1	AC079753.2	chr2	112817076	112824457			
ENSG00000125538.12	IL1B	chr2	112829751	112836816			
ENSG00000280228.1	AC079753.1	chr2	112840328	112844195			
ENSG00000180152.3	XIAPP3	chr2	112853328	112854122			
ENSG00000125571.9	IL37	chr2	112912971	112918882			
ENSG00000227368.1	CDK8P2	chr2	112932625	112933171			
ENSG00000136688.11	IL36G	chr2	112973203	112985658			
ENSG00000236124.1	HMGN2P23	chr2	112981166	112981434			
ENSG00000232090.2	POLR2DP1	chr2	112995517	112995937			
ENSG00000136694.9	IL36A	chr2	113005459	113008044			
ENSG00000136696.11	IL36B	chr2	113022089	113052867			
ENSG00000136695.15	IL36RN	chr2	113058638	113065382			
ENSG00000136697.13	IL1F10	chr2	113067970	113075843			
ENSG00000201805.1	RNU6-1180P	chr2	113086805	113086911			
ENSG00000136689.19	IL1RN	chr2	113107214	113134016			
ENSG00000125637.16	PSD4	chr2	113157325	113209396			
ENSG00000234174.1	AC016683.1	chr2	113171535	113175360			
ENSG00000189223.15	PAX8-AS1	chr2	113211421	113276581			
ENSG00000125618.17	PAX8	chr2	113215997	113278921			
ENSG00000234997.2	AC016745.1	chr2	113325372	113425548	5	5	5
ENSG00000231292.6	IGKV1OR2-108	chr2	113406396	113406872			
ENSG00000272563.1	AC016745.2	chr2	113432600	113436042	5	5	5
ENSG00000136682.15	CBWD2	chr2	113437691	113496204	5	5	5
ENSG00000184492.6	FOXD4L1	chr2	113498665	113501155	5	5	5
ENSG00000234148.3	LINC01961	chr2	113512222	113515488	5	5	5
ENSG00000231943.9	PGM5P4-AS1	chr2	113526836	113542694	5	5	5
ENSG00000225398.3	PGM5P4	chr2	113541937	113563298	5	5	5
ENSG00000226516.7	FAM138B	chr2	113577382	113578852	5	5	5
ENSG00000287165.1	AL078621.2	chr2	113582354	113583152	5	5	5
ENSG00000221055.1	MIR1302-3	chr2	113582959	113583096	5	5	5
ENSG00000146556.14	WASH2P	chr2	113588550	113599043	5	5	5
ENSG00000236397.3	DDX11L2	chr2	113599036	113601261	5	5	5
ENSG00000279267.1	AL078621.1	chr2	113605867	113607908	5	5	5
ENSG00000240356.6	RPL23AP7	chr2	113610502	113627090	5	5	5
ENSG00000144134.18	RABL2A	chr2	113627229	113643396	5	5	5
ENSG00000144158.4	SNRPA1P1	chr2	113657908	113658675	5	5	5
ENSG00000175509.8	ACRP1	chr2	113667478	113668621	5	5	5
ENSG00000233479.1	AC017074.2	chr2	113669166	113673191	5	5	5
ENSG00000227359.1	AC017074.1	chr2	113677702	113704078	5	5	5
ENSG00000202427.1	RNU6-744P	chr2	113681111	113681217	5	5	5
ENSG00000115084.15	SLC35F5	chr2	113705011	113756693	5	5	5
ENSG00000265429.3	MIR4782	chr2	113721290	113721368	5	5	5
ENSG00000244063.1	AC104653.2	chr2	113829390	113831119	5	5	5
ENSG00000228857.2	AC104653.1	chr2	113831049	113843356	5	5	5
ENSG00000270019.1	AC110769.2	chr2	113888203	113889750	5	5	5
ENSG00000115091.12	ACTR3	chr2	113890063	113962596	5	5	5
ENSG00000279957.1	AC110769.3	chr2	113904086	113905258	5	5	5
ENSG00000234199.3	LINC01191	chr2	113970719	114007304	5	5	5
ENSG00000243179.1	AC110769.1	chr2	113979909	113983258	5	5	5
ENSG00000212182.2	U3	chr2	114005440	114005655	5	5	5
ENSG00000286513.1	AC010982.2	chr2	114114679	114117390	5	5	5
ENSG00000235242.1	AC010982.1	chr2	114122274	114123293	5	5	5
ENSG00000231926.1	SEPHS1P7	chr2	114260050	114261226	5	5	5
ENSG00000222923.1	RNU2-41P	chr2	114420125	114420302	5	5	5
ENSG00000175497.17	DPP10	chr2	114442299	115845780	5	5	5
ENSG00000231538.1	DPP10-AS3	chr2	114828432	114833548	5	5	5
ENSG00000235717.1	DPP10-AS2	chr2	114833830	114835588	5	5	5
ENSG00000286776.1	AC093610.1	chr2	115079354	115099092	5	5	5
ENSG00000235026.6	DPP10-AS1	chr2	115126622	115161384	5	5	5
ENSG00000230391.1	RPSAP23	chr2	115468056	115468938	5	5	5
ENSG00000287451.1	AC016721.1	chr2	115835129	115940291	5	5	5
ENSG00000271667.1	AC104408.1	chr2	116687218	116687387	5	5	5
ENSG00000224869.1	AC062016.1	chr2	116726453	116726771	5	5	5
ENSG00000226341.1	MTCYBP39	chr2	116751158	116751648	5	5	5
ENSG00000235871.1	AC062016.2	chr2	116818086	116818761	5	5	5
ENSG00000230158.1	MTND1P28	chr2	117023918	117024867	5	5	5
ENSG00000230950.1	MTND2P21	chr2	117025077	117026118	5	5	5
ENSG00000228898.1	MTCO1P43	chr2	117026537	117027024	5	5	5
ENSG00000239185.1	RNU7-190P	chr2	117139715	117139775	5	5	5
ENSG00000227291.1	AC092170.1	chr2	117180892	117181562	5	5	5
ENSG00000286370.1	AC064856.1	chr2	117536387	117539464	5	5	5
ENSG00000238207.2	AC009312.1	chr2	117754139	117804174	5	5	5
ENSG00000088205.13	DDX18	chr2	117814691	117832377	5	5	5
ENSG00000236255.2	AC009404.1	chr2	117833937	117841658	5	5	5
ENSG00000125631.7	HTR5BP	chr2	117859427	117934942	5	5	5
ENSG00000125633.11	CCDC93	chr2	117915478	118014133	5	5	5
ENSG00000224967.1	AC009303.1	chr2	117934025	117934789	5	5	5
ENSG00000235066.7	AC009303.2	chr2	117995397	118055033	5	5	5
ENSG00000272895.1	AC009303.3	chr2	117998745	117999480	5	5	5
ENSG00000279227.1	AC009303.4	chr2	118014174	118015673	5	5	5
ENSG00000243510.3	RN7SL111P	chr2	118016385	118016669	5	5	5
ENSG00000125629.15	INSIG2	chr2	118088452	118110997	5	5	5
ENSG00000226856.7	THORLNC	chr2	118132128	118222250	5	5	5
ENSG00000258910.3	LINC01956	chr2	118766965	118835110	5	5	5
ENSG00000163064.7	EN1	chr2	118842171	118847648	5	5	5
ENSG00000019169.10	MARCO	chr2	118942166	118994660	5	5	5
ENSG00000259094.1	AC013457.1	chr2	118949306	118952983	5	5	5
ENSG00000144119.4	C1QL2	chr2	119156243	119158751	5	5	5
ENSG00000264833.1	RN7SL468P	chr2	119169822	119170115	5	5	5
ENSG00000115107.20	STEAP3	chr2	119223831	119265652	5	5	5
ENSG00000229867.2	STEAP3-AS1	chr2	119244422	119270714	5	5	5
ENSG00000186132.15	C2orf76	chr2	119302225	119366834	5	5	5
ENSG00000155368.16	DBI	chr2	119366921	119372560	5	5	5
ENSG00000171227.7	TMEM37	chr2	119429901	119438504	5	5	5
ENSG00000080293.10	SCTR	chr2	119439843	119525301	5	5	5
ENSG00000231013.2	SCTR-AS1	chr2	119476428	119487346	5	5	5
ENSG00000163075.13	CFAP221	chr2	119544432	119662251	5	5	5
ENSG00000144120.13	TMEM177	chr2	119679167	119686507	5	5	5
ENSG00000229326.3	RPL17P15	chr2	119698623	119700151	5	5	5
ENSG00000088179.9	PTPN4	chr2	119759922	119984899	5	5	5
ENSG00000233741.1	RPL27P7	chr2	119993199	119993611	5	5	5
ENSG00000115109.14	EPB41L5	chr2	120013077	120179119	5	5	5
ENSG00000224789.1	AC012363.1	chr2	120174885	120216544	5	5	5
ENSG00000202046.1	Y_RNA	chr2	120192245	120192357	5	5	5
ENSG00000236878.1	MTATP6P26	chr2	120211054	120211715	5	5	5
ENSG00000227788.1	MTCO3P43	chr2	120211727	120212862	5	5	5
ENSG00000233286.1	MTND3P10	chr2	120212935	120213275	5	5	5
ENSG00000243104.1	MTND4LP14	chr2	120213344	120213631	5	5	5
ENSG00000234065.2	MTND4P26	chr2	120213631	120214989	5	5	5
ENSG00000223549.1	MTND5P28	chr2	120215181	120217279	5	5	5
ENSG00000226479.4	TMEM185B	chr2	120217479	120223400	5	5	5
ENSG00000144118.14	RALB	chr2	120240064	120294710	5	5	5
ENSG00000235840.1	AC012363.2	chr2	120319007	120326298	5	5	5
ENSG00000163083.6	INHBB	chr2	120346136	120351803	5	5	5
ENSG00000280409.1	LINC01101	chr2	120464335	120466218	5	5	5
ENSG00000237614.3	AC073257.2	chr2	120542905	120545249	5	5	5
ENSG00000232140.2	AC073257.1	chr2	120552481	120558119	5	5	5
ENSG00000201006.1	Y_RNA	chr2	120651273	120651374	5	5	5
ENSG00000229774.1	AC018866.1	chr2	120686635	120710517	5	5	5
ENSG00000074047.22	GLI2	chr2	120735623	120992653	5	5	5
ENSG00000271709.1	AC017033.1	chr2	120866378	120867403	5	5	5
ENSG00000201584.1	Y_RNA	chr2	121040610	121040710	5	5	5
ENSG00000234455.1	AC067960.1	chr2	121081437	121088726	5	5	5
ENSG00000236145.1	AC079988.1	chr2	121178327	121182580	5	5	5
ENSG00000115112.8	TFCP2L1	chr2	121216587	121285202	5	5	5
ENSG00000232723.1	RPS17P7	chr2	121309995	121310412	5	5	5
ENSG00000074054.20	CLASP1	chr2	121337776	121649476	5	5	5
ENSG00000265451.1	AC012447.1	chr2	121530422	121532705	5	5	5
ENSG00000264229.1	RNU4ATAC	chr2	121530881	121531007	5	5	5
ENSG00000222467.1	Y_RNA	chr2	121603073	121603164	5	5	5
ENSG00000236859.7	NIFK-AS1	chr2	121649320	121728563	5	5	5
ENSG00000230993.1	RPL12P15	chr2	121658475	121658973	5	5	5
ENSG00000279721.1	AC018737.2	chr2	121688203	121689714	5	5	5
ENSG00000213239.3	NPM1P32	chr2	121708512	121709115	5	5	5
ENSG00000155438.12	NIFK	chr2	121726945	121736911	5	5	5
ENSG00000211460.12	TSN	chr2	121737103	121767853	5	5	5
ENSG00000270798.1	AC018737.1	chr2	121743479	121745921	5	5	5
ENSG00000224655.7	LINC01823	chr2	121779133	121809962	5	5	5
ENSG00000286481.1	AC011246.1	chr2	121902501	122887691	5	5	5
ENSG00000287871.1	AC073632.1	chr2	122503366	122505118	5	5	5
ENSG00000237856.1	AC062020.1	chr2	123065321	123067722	5	5	5
ENSG00000232740.1	LINC01826	chr2	123066151	123073481	5	5	5
ENSG00000287854.1	AC073409.2	chr2	123421486	123438693	5	5	5
ENSG00000226708.1	AC073409.1	chr2	123443266	123444445	5	5	5
ENSG00000235640.1	ELOAP1	chr2	123695302	123697396	5	5	5
ENSG00000227738.1	PSMD14P1	chr2	123762171	123763071	5	5	5
ENSG00000279874.1	AC064859.1	chr2	123850522	123850695	5	5	5
ENSG00000223118.1	RN7SKP102	chr2	123869256	123869570	5	5	5
ENSG00000228400.2	AC079154.1	chr2	124011984	124025173	5	5	5
ENSG00000155052.14	CNTNAP5	chr2	124025287	124915287	5	5	5
ENSG00000238046.1	MTND5P22	chr2	124680722	124680916	5	5	5
ENSG00000286384.1	AC019159.2	chr2	124695242	124696530	5	5	5
ENSG00000270815.1	AC019159.1	chr2	124778454	124778640	5	5	5
ENSG00000252674.1	RNA5SP102	chr2	124932915	124933020	5	5	5
ENSG00000206726.1	RNU6-259P	chr2	124989219	124989325	5	5	5
ENSG00000286206.1	AC097499.2	chr2	125665331	125717150	5	5	5
ENSG00000235491.1	LINC01889	chr2	125710969	125765842	5	5	5
ENSG00000224410.1	AC097499.1	chr2	125823108	125823315	5	5	5
ENSG00000226813.3	LINC01941	chr2	126109761	126118023	5	5	5
ENSG00000286515.1	AC142116.2	chr2	126154583	126203372	5	5	5
ENSG00000235774.2	AC023347.1	chr2	126308494	126343992	5	5	5
ENSG00000236655.1	SLC6A14P3	chr2	126311466	126311927	5	5	5
ENSG00000213236.3	YWHAZP2	chr2	126557435	126558162	5	5	5
ENSG00000288524.1	AC013474.2	chr2	126640708	126646233	5	5	5
ENSG00000136732.16	GYPC	chr2	126656133	126696667	5	5	5
ENSG00000235128.1	AC013474.1	chr2	126679622	126680420	5	5	5
ENSG00000206963.1	RNU6-675P	chr2	126702839	126702942	5	5	5
ENSG00000237524.10	TEX51	chr2	126898864	126902097	5	5	5
ENSG00000238788.1	RNU7-182P	chr2	127017421	127017482	5	5	5
ENSG00000260634.1	AC012508.2	chr2	127024252	127025723	5	5	5
ENSG00000286971.1	AC012508.3	chr2	127024866	127033948	5	5	5
ENSG00000260163.1	AC012508.1	chr2	127025211	127029686	5	5	5
ENSG00000136717.15	BIN1	chr2	127048027	127107288	5	5	5
ENSG00000286400.1	AC110926.1	chr2	127141976	127143793	5	5	5
ENSG00000237630.1	NIFKP9	chr2	127170011	127170231	5	5	5
ENSG00000186684.14	CYP27C1	chr2	127183832	127220313	5	5	5
ENSG00000226789.1	WBP11P2	chr2	127247258	127250082	5	5	5
ENSG00000163161.14	ERCC3	chr2	127257290	127294166	5	5	5
ENSG00000286145.2	AC068282.1	chr2	127294212	127375075	5	5	5
ENSG00000169967.16	MAP3K2	chr2	127298730	127388465	5	5	5
ENSG00000200250.1	RNU6-1147P	chr2	127316873	127316979	5	5	5
ENSG00000236682.2	MAP3K2-DT	chr2	127388184	127400580	5	5	5
ENSG00000287742.1	AC068282.2	chr2	127406731	127408221	5	5	5
ENSG00000115718.18	PROC	chr2	127418427	127429242	5	5	5
ENSG00000264075.1	MIR4783	chr2	127423537	127423618	5	5	5
ENSG00000163166.15	IWS1	chr2	127436207	127526886	5	5	5
ENSG00000231731.7	AC010976.1	chr2	127455394	127514623	5	5	5
ENSG00000202429.1	RNU4-48P	chr2	127472234	127472415	5	5	5
ENSG00000169994.18	MYO7B	chr2	127535802	127637729	5	5	5
ENSG00000272789.1	AC010976.2	chr2	127625997	127626848	5	5	5
ENSG00000072163.20	LIMS2	chr2	127638381	127681786	5	5	5
ENSG00000144230.16	GPR17	chr2	127645864	127652639	5	5	5
ENSG00000136709.12	WDR33	chr2	127701027	127811187	5	5	5
ENSG00000173349.6	SFT2D3	chr2	127701497	127705242	5	5	5
ENSG00000201470.1	RNY4P7	chr2	127798903	127798998	5	5	5
ENSG00000200390.1	Y_RNA	chr2	127829747	127829852	5	5	5
ENSG00000274010.1	ZFP91P1	chr2	127840606	127841763	5	5	5
ENSG00000144231.11	POLR2D	chr2	127843553	127858155	5	5	5
ENSG00000202532.1	RNU6-395P	chr2	127845236	127845341	5	5	5
ENSG00000244563.1	RPS26P19	chr2	127846736	127847084	5	5	5
ENSG00000273950.1	Metazoa_SRP	chr2	127856890	127857147	5	5	5
ENSG00000144233.10	AMMECR1L	chr2	127861630	127885956	5	5	5
ENSG00000272667.1	AC012306.2	chr2	127886556	127887185	5	5	5
ENSG00000286873.1	AC012306.3	chr2	127888829	127892732	5	5	5
ENSG00000204399.3	AC012306.1	chr2	127931327	127931440	5	5	5
ENSG00000136715.19	SAP130	chr2	127941217	128028120	5	5	5
ENSG00000234044.1	AC108059.2	chr2	128067194	128067407	5	5	5
ENSG00000200432.1	Y_RNA	chr2	128067800	128067901	5	5	5
ENSG00000136731.13	UGGT1	chr2	128091200	128195677	5	5	5
ENSG00000229173.1	SRMP3	chr2	128139792	128140516	5	5	5
ENSG00000232101.1	AC108059.1	chr2	128151154	128151304	5	5	5
ENSG00000229758.2	DYNLT3P2	chr2	128199901	128200195	5	5	5
ENSG00000185631.7	RPL14P6	chr2	128203361	128203775	5	5	5
ENSG00000238180.1	RPL21P34	chr2	128217588	128218072	5	5	5
ENSG00000136720.7	HS6ST1	chr2	128236716	128318868	5	5	5
ENSG00000252742.1	Y_RNA	chr2	128350829	128350927	5	5	5
ENSG00000238379.1	RNA5SP103	chr2	128445081	128445198	5	5	5
ENSG00000227653.1	ISCA1P6	chr2	128518788	128519177	5	5	5
ENSG00000237532.1	AC012451.1	chr2	128580491	128581576	5	5	5
ENSG00000238277.1	AC068483.1	chr2	129063846	129071725	5	5	5
ENSG00000204460.3	LINC01854	chr2	129242173	129273848	5	5	5
ENSG00000233428.1	PPIAP65	chr2	129496297	129496788	5	5	5
ENSG00000229536.3	LINC02572	chr2	129825126	129877664	5	5	5
ENSG00000286957.1	AC079776.5	chr2	129877896	129884441	5	5	5
ENSG00000214100.8	PLAC9P1	chr2	129922863	129934317	5	5	5
ENSG00000237574.1	LINC01856	chr2	129923177	129946703	5	5	5
ENSG00000234559.1	RPL22P7	chr2	129939848	129940217	5	5	5
ENSG00000225449.3	RAB6C-AS1	chr2	129966592	129980466	5	5	5
ENSG00000222014.6	RAB6C	chr2	129979666	129982738	5	5	5
ENSG00000284619.1	AC079776.3	chr2	129988158	129990530	5	5	5
ENSG00000286026.1	AC079776.4	chr2	129990456	130028412	5	5	5
ENSG00000250207.1	AC079776.2	chr2	129992602	129993105	5	5	5
ENSG00000217289.3	AC079776.1	chr2	129992889	129994040	5	5	5
ENSG00000231147.2	ARHGAP42P2	chr2	130006200	130009123	5	5	5
ENSG00000180178.11	FAR2P1	chr2	130012065	130040560	5	5	5
ENSG00000286058.1	AC018865.2	chr2	130026845	130051131	5	5	5
ENSG00000231240.1	KLF2P1	chr2	130036958	130038422	5	5	5
ENSG00000248313.1	CYP4F27P	chr2	130048426	130049440	5	5	5
ENSG00000196604.13	POTEF	chr2	130073535	130129222	5	5	5
ENSG00000228471.1	AC018865.1	chr2	130082092	130082220	5	5	5
ENSG00000224087.1	POTEF-AS1	chr2	130107684	130109741	5	5	5
ENSG00000252223.1	RNU6-1049P	chr2	130109204	130109310	5	5	5
ENSG00000223760.4	MED15P9	chr2	130129621	130139417	5	5	5
ENSG00000152076.19	CCDC74B	chr2	130139287	130145134	5	5	5
ENSG00000136699.19	SMPD4	chr2	130151392	130182750	5	5	5
ENSG00000152082.15	MZT2B	chr2	130181737	130190729	5	5	5
ENSG00000152086.9	TUBA3E	chr2	130191745	130198439	5	5	5
ENSG00000227632.2	AC018804.1	chr2	130202312	130212628	5	5	5
ENSG00000230756.1	RHOQP3	chr2	130212870	130213490	5	5	5
ENSG00000213225.7	NOC2LP1	chr2	130229379	130232106	5	5	5
ENSG00000234398.1	AC134915.1	chr2	130245971	130248770	5	5	5
ENSG00000236595.1	MED15P5	chr2	130251568	130252559	5	5	5
ENSG00000237722.2	MTND1P29	chr2	130270440	130272272	5	5	5
ENSG00000231954.1	MTND2P22	chr2	130272479	130273511	5	5	5
ENSG00000236211.1	MTCO1P7	chr2	130273908	130275449	5	5	5
ENSG00000230496.1	MTCO2P7	chr2	130275592	130276257	5	5	5
ENSG00000232990.2	MTATP6P7	chr2	130276507	130277187	5	5	5
ENSG00000249997.1	MTCO3P7	chr2	130277184	130277957	5	5	5
ENSG00000283940.1	MTND3P15	chr2	130278036	130278376	5	5	5
ENSG00000284171.1	AC068137.1	chr2	130278444	130278739	5	5	5
ENSG00000230548.1	MTND4P27	chr2	130278757	130280110	5	5	5
ENSG00000234934.1	MTND5P29	chr2	130280299	130282105	5	5	5
ENSG00000248136.1	MTND6P8	chr2	130282085	130282606	5	5	5
ENSG00000233550.1	MTCYBP8	chr2	130282679	130283329	5	5	5
ENSG00000226915.1	RPL19P4	chr2	130293822	130294405	5	5	5
ENSG00000271435.1	TEKT4P3	chr2	130313934	130314411	5	5	5
ENSG00000224352.1	AC132479.1	chr2	130330142	130330285	5	5	5
ENSG00000136710.10	CCDC115	chr2	130337933	130342699	5	5	5
ENSG00000136718.10	IMP4	chr2	130342877	130347967	5	5	5
ENSG00000072135.13	PTPN18	chr2	130356045	130375405	5	5	5
ENSG00000178162.8	FAR2P2	chr2	130416755	130431363	5	5	5
ENSG00000230646.1	KLF2P2	chr2	130427731	130429225	5	5	5
ENSG00000239402.3	CYP4F62P	chr2	130429827	130441413	5	5	5
ENSG00000196834.13	POTEI	chr2	130459455	130509707	5	5	5
ENSG00000251973.1	RNU6-473P	chr2	130497743	130497849	5	5	5
ENSG00000225819.1	AC013269.2	chr2	130515997	130526691	5	5	5
ENSG00000274711.1	Metazoa_SRP	chr2	130517049	130517312	5	5	5
ENSG00000152093.8	CFC1B	chr2	130521197	130528604	5	5	5
ENSG00000225341.1	AC013269.1	chr2	130530275	130537182	5	5	5
ENSG00000184761.8	PRSS40B	chr2	130539095	130549883	5	5	5
ENSG00000183292.13	PRSS40A	chr2	130570829	130584161	5	5	5
ENSG00000232408.1	AC140481.2	chr2	130583549	130590463	5	5	5
ENSG00000136698.10	CFC1	chr2	130592165	130599575	5	5	5
ENSG00000277668.1	Metazoa_SRP	chr2	130603461	130603724	5	5	5
ENSG00000222038.4	POTEJ	chr2	130611440	130658037	5	5	5
ENSG00000251757.1	RNU6-848P	chr2	130622838	130622944	5	5	5
ENSG00000214081.8	CYP4F30P	chr2	130680050	130685863	5	5	5
ENSG00000282944.1	AC140481.3	chr2	130681228	130691691	5	5	5
ENSG00000240253.6	FAR2P3	chr2	130690133	130718831	5	5	5
ENSG00000223349.1	KLF2P3	chr2	130692243	130693770	5	5	5
ENSG00000173302.5	GPR148	chr2	130729070	130730336	5	5	5
ENSG00000229797.2	AC140481.1	chr2	130742959	130755879	5	5	5
ENSG00000178171.11	AMER3	chr2	130755540	130768134	5	5	5
ENSG00000232503.1	CYCSP8	chr2	130776646	130776957	5	5	5
ENSG00000233221.7	AC133785.1	chr2	130830978	130836994	5	5	5
ENSG00000136002.20	ARHGEF4	chr2	130836914	131047263	5	5	5
ENSG00000281159.1	AC112786.1	chr2	130929762	130929883	5	5	5
ENSG00000281516.1	AC112786.2	chr2	130929762	130929884	5	5	5
ENSG00000284479.1	SMIM39	chr2	131035092	131035262	5	5	5
ENSG00000152102.18	FAM168B	chr2	131047876	131093460	5	5	5
ENSG00000115762.16	PLEKHB2	chr2	131104847	131353709	5	5	5
ENSG00000230450.1	NEK2P4	chr2	131177618	131178946	5	5	5
ENSG00000225448.1	AC009477.1	chr2	131181153	131181369	5	5	5
ENSG00000236956.2	NF1P8	chr2	131189834	131198007	5	5	5
ENSG00000285819.1	AC131180.1	chr2	131191641	131209211	5	5	5
ENSG00000248796.1	MED15P8	chr2	131201142	131202941	5	5	5
ENSG00000188219.14	POTEE	chr2	131218067	131265278	5	5	5
ENSG00000212199.1	RNU6-127P	chr2	131229607	131229713	5	5	5
ENSG00000231431.7	FAR2P4	chr2	131279290	131309068	5	5	5
ENSG00000236516.1	KLF2P4	chr2	131299220	131300444	5	5	5
ENSG00000284604.1	AC073869.5	chr2	131303037	131355683	5	5	5
ENSG00000227817.4	ARHGAP42P1	chr2	131328176	131330857	5	5	5
ENSG00000284706.1	AC073869.7	chr2	131335502	131355769	5	5	5
ENSG00000224425.2	SSBP3P2	chr2	131352214	131353239	5	5	5
ENSG00000233087.7	RAB6D	chr2	131361111	131364142	5	5	5
ENSG00000283303.1	AC073869.3	chr2	131363364	131364881	5	5	5
ENSG00000233285.1	MTCYBP10	chr2	131369062	131369711	5	5	5
ENSG00000227275.1	MTND6P10	chr2	131369785	131370301	5	5	5
ENSG00000235080.2	MTND5P23	chr2	131370306	131372075	5	5	5
ENSG00000231777.1	MTND4P21	chr2	131372294	131373650	5	5	5
ENSG00000284003.1	AC073869.4	chr2	131373647	131379675	5	5	5
ENSG00000283865.1	MTND3P18	chr2	131379743	131380083	5	5	5
ENSG00000227661.1	MTCO3P18	chr2	131380153	131380913	5	5	5
ENSG00000236590.1	MTATP6P4	chr2	131380916	131381590	5	5	5
ENSG00000234480.1	MTCO2P18	chr2	131381840	131382497	5	5	5
ENSG00000237910.1	MTCO1P18	chr2	131382643	131384061	5	5	5
ENSG00000234939.1	MTND2P18	chr2	131384461	131385490	5	5	5
ENSG00000234576.2	MTND1P26	chr2	131385700	131386314	5	5	5
ENSG00000226831.1	MED15P3	chr2	131395217	131395542	5	5	5
ENSG00000276460.1	AC073869.2	chr2	131398439	131401250	5	5	5
ENSG00000223631.2	LINC01120	chr2	131402778	131410050	5	5	5
ENSG00000284659.1	AC073869.6	chr2	131419665	131419784	5	5	5
ENSG00000214077.4	GNAQP1	chr2	131423801	131424867	5	5	5
ENSG00000217950.4	NOC2LP2	chr2	131442644	131444587	5	5	5
ENSG00000232742.3	RHOQP2	chr2	131460999	131461577	5	5	5
ENSG00000273073.1	AC073869.1	chr2	131461821	131463615	5	5	5
ENSG00000173272.16	MZT2A	chr2	131464900	131492743	5	5	5
ENSG00000075886.11	TUBA3D	chr2	131476119	131482934	5	5	5
ENSG00000284149.1	MIR4784	chr2	131491160	131491236	5	5	5
ENSG00000152117.17	SMPD4BP	chr2	131492813	131521573	5	5	5
ENSG00000163040.15	CCDC74A	chr2	131527675	131533666	5	5	5
ENSG00000224679.1	MED15P4	chr2	131535187	131536988	5	5	5
ENSG00000286208.1	AC093838.1	chr2	131555007	131568599	5	5	5
ENSG00000204434.6	POTEKP	chr2	131591752	131628147	5	5	5
ENSG00000251956.1	RNU6-617P	chr2	131602790	131602896	5	5	5
ENSG00000224559.2	LINC01087	chr2	131637025	131649615	5	5	5
ENSG00000270930.1	GRAMD4P8	chr2	131646704	131648372	5	5	5
ENSG00000287151.1	C2orf27A	chr2	131647990	131767404	5	5	5
ENSG00000288031.1	AC093838.2	chr2	131692392	131697954	5	5	5
ENSG00000197927.13	NBEAP2	chr2	131722417	131751669	5	5	5
ENSG00000213222.3	TOMM40P4	chr2	131723253	131724279	5	5	5
ENSG00000287071.1	CDRT15P4	chr2	131758031	131767221	5	5	5
ENSG00000186825.6	CDRT15P3	chr2	131794961	131801661	5	5	5
ENSG00000274353.1	AC103564.3	chr2	131821987	131822920	5	5	5
ENSG00000229203.1	AC103564.1	chr2	131829801	131832031	5	5	5
ENSG00000232760.1	AC103564.2	chr2	131833783	131836532	5	5	5
ENSG00000244337.2	AJ239322.2	chr2	131958277	131965535	5	5	5
ENSG00000235615.2	AJ239322.1	chr2	131964731	131979873	5	5	5
ENSG00000236485.1	LINC01945	chr2	131983937	131994161	5	5	5
ENSG00000287414.1	AC093787.2	chr2	132010195	132017000	5	5	5
ENSG00000226886.1	AC093787.1	chr2	132037787	132037993	5	5	5
ENSG00000271179.1	AC098826.3	chr2	132080290	132080755	5	5	5
ENSG00000225594.1	AC098826.1	chr2	132087289	132102564	5	5	5
ENSG00000227745.1	AC098826.2	chr2	132132856	132139429	5	5	5
ENSG00000163046.15	ANKRD30BL	chr2	132147591	132257969	5	5	5
ENSG00000239108.1	RNU6-1132P	chr2	132152243	132152349	5	5	5
ENSG00000202174.1	RNA5-8SP5	chr2	132253154	132253305	5	5	5
ENSG00000221288.1	MIR663B	chr2	132256966	132257080	5	5	5
ENSG00000233786.1	CDC27P1	chr2	132262328	132263042	5	5	5
ENSG00000230803.1	AC097532.1	chr2	132285795	132294377	5	5	5
ENSG00000018607.7	ZNF806	chr2	132304806	132326855	5	5	5
ENSG00000272769.1	AC097532.2	chr2	132345616	132347297	5	5	5
ENSG00000286833.1	AC097532.3	chr2	132347473	132365130	5	5	5
ENSG00000230992.3	FAM201B	chr2	132352722	132353318	5	5	5
ENSG00000252705.1	RNU6-175P	chr2	132406752	132406858	5	5	5
ENSG00000183840.7	GPR39	chr2	132416805	132646582	5	5	5
ENSG00000232349.2	YBX1P7	chr2	132488554	132489088	5	5	5
ENSG00000200718.1	RN7SKP103	chr2	132523617	132523936	5	5	5
ENSG00000150551.11	LYPD1	chr2	132643286	132671579	5	5	5
ENSG00000230065.1	AC010974.1	chr2	132660526	132666990	5	5	5
ENSG00000176771.17	NCKAP5	chr2	132671788	133568463	5	5	5
ENSG00000286068.1	AC010974.2	chr2	132685224	132816896	5	5	5
ENSG00000228721.1	AC016909.1	chr2	132911096	132911261	5	5	5
ENSG00000233729.1	NCKAP5-AS1	chr2	132915557	132931494	5	5	5
ENSG00000279512.1	AC011755.1	chr2	133117004	133119052	5	5	5
ENSG00000226953.8	NCKAP5-AS2	chr2	133264968	133285445	5	5	5
ENSG00000252688.1	RNU6-579P	chr2	133333829	133333930	5	5	5
ENSG00000222068.1	RN7SKP154	chr2	133391109	133391398	5	5	5
ENSG00000232474.1	NCKAP5-IT1	chr2	133431666	133433897	5	5	5
ENSG00000223430.1	AC011243.1	chr2	133554315	133558227	5	5	5
ENSG00000200708.1	RN7SKP93	chr2	133596091	133596399	5	5	5
ENSG00000286697.1	AC092623.1	chr2	134028608	134032597	5	5	5
ENSG00000152127.9	MGAT5	chr2	134119983	134454621	5	5	5
ENSG00000263813.1	MIR3679	chr2	134127125	134127192	5	5	5
ENSG00000222921.1	RNA5SP104	chr2	134231195	134231312	5	5	5
ENSG00000234060.1	EDDM3CP	chr2	134319654	134320078	5	5	5
ENSG00000152128.13	TMEM163	chr2	134455759	134719000	5	5	5
ENSG00000287463.1	AC110620.2	chr2	134718188	134725474	5	5	5
ENSG00000224043.8	CCNT2-AS1	chr2	134735464	134918710	5	5	5
ENSG00000234682.1	VDAC2P4	chr2	134797169	134797879	5	5	5
ENSG00000228098.1	AC110620.1	chr2	134816362	134816589	5	5	5
ENSG00000153086.14	ACMSD	chr2	134838616	134902034	5	5	5
ENSG00000263783.1	MIR5590	chr2	134857820	134857873	5	5	5
ENSG00000082258.13	CCNT2	chr2	134918235	134959342	5	5	5
ENSG00000176601.13	MAP3K19	chr2	134964485	135047468	5	5	5
ENSG00000115839.18	RAB3GAP1	chr2	135052292	135176394	5	5	5
ENSG00000208308.1	SNORA40B	chr2	135136628	135136755	5	5	5
ENSG00000121988.18	ZRANB3	chr2	135136916	135531218	5	5	5
ENSG00000235651.1	G3BP1P1	chr2	135510546	135511943	5	5	5
ENSG00000048991.16	R3HDM1	chr2	135531455	135725270	5	5	5
ENSG00000201308.1	RNU6-512P	chr2	135656477	135656579	5	5	5
ENSG00000207654.4	MIR128-1	chr2	135665397	135665478	5	5	5
ENSG00000144224.17	UBXN4	chr2	135741734	135785056	5	5	5
ENSG00000115850.10	LCT	chr2	135787850	135837184	5	5	5
ENSG00000200664.1	Y_RNA	chr2	135810169	135810279	5	5	5
ENSG00000226806.1	LCT-AS1	chr2	135820191	135823087	5	5	5
ENSG00000076003.5	MCM6	chr2	135839626	135876443	5	5	5
ENSG00000214070.3	MANEALP1	chr2	135897955	135898978	5	5	5
ENSG00000115866.11	DARS1	chr2	135905881	135986100	5	5	5
ENSG00000231890.8	DARS-AS1	chr2	135985176	136022593	5	5	5
ENSG00000237262.1	AC068492.1	chr2	136077892	136078513	5	5	5
ENSG00000121966.7	CXCR4	chr2	136114349	136118149	5	5	5
ENSG00000227347.1	HNRNPKP2	chr2	136199114	136200503	5	5	5
ENSG00000279024.1	AC112255.1	chr2	136230753	136233245	5	5	5
ENSG00000230037.1	UBBP1	chr2	136329441	136329913	5	5	5
ENSG00000251976.1	RN7SKP141	chr2	136390332	136390669	5	5	5
ENSG00000229568.1	SMC4P1	chr2	136544712	136545542	5	5	5
ENSG00000144229.12	THSD7B	chr2	136765545	137677718	5	5	5
ENSG00000212425.1	RNA5SP105	chr2	137512098	137512210	5	5	5
ENSG00000222394.2	Y_RNA	chr2	137715332	137715440	5	5	5
ENSG00000150540.14	HNMT	chr2	137964020	138016364	5	5	5
ENSG00000224231.2	LINC01832	chr2	138101878	138107178	5	5	5
ENSG00000233045.1	RPL15P5	chr2	138278574	138279210	5	5	5
ENSG00000234645.3	YWHAEP5	chr2	138288029	138288793	5	5	5
ENSG00000237939.1	IDI1P1	chr2	138307319	138307970	5	5	5
ENSG00000232915.1	RNF14P1	chr2	138412066	138413318	5	5	5
ENSG00000228043.5	AC114763.1	chr2	138418284	138501698	5	5	5
ENSG00000230569.1	AC114763.2	chr2	138470656	138473932	5	5	5
ENSG00000144228.9	SPOPL	chr2	138501770	138573547	5	5	5
ENSG00000241772.2	AC092620.1	chr2	138569090	138574458	5	5	5
ENSG00000260059.1	AC092620.2	chr2	138599663	138602426	5	5	5
ENSG00000237772.2	LINC02631	chr2	138601599	138617469	5	5	5
ENSG00000144227.5	NXPH2	chr2	138669157	138780390	5	5	5
ENSG00000222826.1	RN7SKP286	chr2	138863597	138863895	5	5	5
ENSG00000229104.1	YY1P2	chr2	138897151	138898098	5	5	5
ENSG00000232992.2	AHCYP4	chr2	138901433	138902747	5	5	5
ENSG00000287147.1	AC023468.1	chr2	138917204	138975006	5	5	5
ENSG00000286778.1	AC013265.1	chr2	139323921	139364583	5	5	5
ENSG00000226939.1	AC062021.1	chr2	139366165	139379147	5	5	5
ENSG00000229131.1	AC016710.1	chr2	139469775	139477747	5	5	5
ENSG00000206901.1	SNORA72	chr2	139511424	139511555	5	5	5
ENSG00000235232.1	MRPS18BP2	chr2	139668547	139669305	5	5	5
ENSG00000228374.1	RPL9P13	chr2	139732708	139733282	5	5	5
ENSG00000223554.1	AC078851.1	chr2	139824896	139825877	5	5	5
ENSG00000240977.3	RN7SL283P	chr2	139982684	139982986	5	5	5
ENSG00000224028.1	LINC01853	chr2	140103583	140131780	5	5	5
ENSG00000227149.1	MTCO1P44	chr2	140216997	140217239	5	5	5
ENSG00000231567.1	MTND2P19	chr2	140217651	140220368	5	5	5
ENSG00000223921.1	MTND1P27	chr2	140220584	140221485	5	5	5
ENSG00000168702.18	LRP1B	chr2	140231423	142131016	5	5	5
ENSG00000277306.1	AC092156.1	chr2	140234737	140234923	5	5	5
ENSG00000283506.1	MIR7157	chr2	140586626	140586685	5	5	5
ENSG00000236440.1	COPRSP1	chr2	140683360	140683888	5	5	5
ENSG00000238065.1	LRRC57P1	chr2	140898423	140899106	5	5	5
ENSG00000201892.1	Y_RNA	chr2	140992543	140992659	5	5	5
ENSG00000252015.1	RNU6-904P	chr2	141167257	141167357	5	5	5
ENSG00000233329.1	RPS16P3	chr2	141208082	141208376	5	5	5
ENSG00000244125.1	AC078882.1	chr2	142131178	142137830	5	5	5
ENSG00000228134.1	UBE2V1P14	chr2	142543418	142543975	5	5	5
ENSG00000229781.1	RRN3P4	chr2	142854095	142855998	5	5	5
ENSG00000115919.15	KYNU	chr2	142877657	143055833	5	5	5
ENSG00000270390.1	SFXN4P1	chr2	142947300	142948086	5	5	5
ENSG00000075884.14	ARHGAP15	chr2	143091362	143768352	5	5	5
ENSG00000224288.2	MTCYBP11	chr2	143093056	143094164	5	5	5
ENSG00000226839.1	MTND6P11	chr2	143094233	143094715	5	5	5
ENSG00000224852.1	MTND5P24	chr2	143094789	143096555	5	5	5
ENSG00000232772.1	MTND4P22	chr2	143096839	143098007	5	5	5
ENSG00000236300.2	MTND4LP12	chr2	143098123	143098417	5	5	5
ENSG00000227557.1	MTND3P9	chr2	143098484	143098829	5	5	5
ENSG00000225476.1	MTCO3P5	chr2	143098898	143099933	5	5	5
ENSG00000284167.1	MTATP6P5	chr2	143099936	143100612	5	5	5
ENSG00000231766.1	MTCO2P5	chr2	143100930	143101355	5	5	5
ENSG00000257284.1	AC013437.1	chr2	143162078	143172172	5	5	5
ENSG00000228655.7	AC079793.1	chr2	143295421	143598002	5	5	5
ENSG00000283994.1	AC092652.2	chr2	143601517	143608759	5	5	5
ENSG00000231758.3	ARHGAP15-AS1	chr2	143629133	143656179	5	5	5
ENSG00000257277.2	AC092652.1	chr2	143674315	143741294	5	5	5
ENSG00000257226.2	AC079584.2	chr2	143765940	143776119	5	5	5
ENSG00000236356.1	AC079584.1	chr2	143799467	143819599	5	5	5
ENSG00000200287.1	Y_RNA	chr2	143897263	143897361	5	5	5
ENSG00000232377.1	AC016910.1	chr2	143937073	143964156	5	5	5
ENSG00000121964.14	GTDC1	chr2	143938068	144332568	5	5	5
ENSG00000169554.22	ZEB2	chr2	144364364	144521057	5	5	5
ENSG00000283118.1	AC009951.5	chr2	144444848	144450450	5	5	5
ENSG00000279166.1	AC009951.4	chr2	144494265	144496878	5	5	5
ENSG00000238057.10	ZEB2-AS1	chr2	144517978	144521477	5	5	5
ENSG00000275372.1	AC009951.2	chr2	144518447	144518574	5	5	5
ENSG00000273537.1	AC009951.1	chr2	144520456	144520555	5	5	5
ENSG00000277444.1	AC009951.3	chr2	144521039	144521116	5	5	5
ENSG00000287115.1	AC009951.6	chr2	144523552	144524651	5	5	5
ENSG00000232606.2	LINC01412	chr2	144523912	144579434	5	5	5
ENSG00000226674.11	TEX41	chr2	144666312	145262988	5	5	5
ENSG00000234940.1	AC023128.1	chr2	144688413	144690185	5	5	5
ENSG00000276706.1	AC023128.2	chr2	144705217	144705419	5	5	5
ENSG00000235352.1	SGCEP1	chr2	144754776	144755998	5	5	5
ENSG00000268580.1	LINC01966	chr2	144877734	144882033	5	5	5
ENSG00000235435.1	AC096666.1	chr2	145294277	145331847	5	5	5
ENSG00000214064.3	RPL6P5	chr2	145337230	145338057	5	5	5
ENSG00000225107.1	AC092484.1	chr2	145569294	145588024	5	5	5
ENSG00000286225.1	AC079163.2	chr2	145572662	145765726	5	5	5
ENSG00000226218.1	AC079163.1	chr2	145600907	145603423	5	5	5
ENSG00000234119.1	METAP2P1	chr2	145826285	145827830	5	5	5
ENSG00000233842.2	AC079248.1	chr2	145872209	145931146	5	5	5
ENSG00000279876.1	AC079248.2	chr2	145874520	145874845	5	5	5
ENSG00000251905.1	RNU7-2P	chr2	146145156	146145217	5	5	5
ENSG00000230559.1	RPL17P12	chr2	146194296	146194821	5	5	5
ENSG00000227134.1	OTX2P2	chr2	146477427	146478113	5	5	5
ENSG00000198526.7	PABPC1P2	chr2	146587506	146589310	5	5	5
ENSG00000271583.1	AC103881.1	chr2	146833501	146834038	5	5	5
ENSG00000231040.2	LINC01911	chr2	146837727	146878220	5	5	5
ENSG00000227902.2	AC062032.1	chr2	146879909	146898218	5	5	5
ENSG00000287847.1	AC018678.1	chr2	147150707	147152047	5	5	5
ENSG00000207225.1	RNU6-692P	chr2	147408342	147408448	5	5	5
ENSG00000207161.1	Y_RNA	chr2	147472133	147472243	5	5	5
ENSG00000202074.1	RNU6-715P	chr2	147495438	147495540	5	5	5
ENSG00000253083.1	RNA5SP106	chr2	147713455	147713554	5	5	5
ENSG00000229143.1	AC009480.2	chr2	147810346	147810777	5	5	5
ENSG00000121989.15	ACVR2A	chr2	147844517	147930826	5	5	5
ENSG00000212389.1	RNU6-1275P	chr2	147877422	147877528	5	5	5
ENSG00000223911.1	AC009480.1	chr2	147899401	147902956	5	5	5
ENSG00000115947.14	ORC4	chr2	147930396	148021604	5	5	5
ENSG00000204406.14	MBD5	chr2	148021011	148516971	5	5	5
ENSG00000281469.1	AC019226.1	chr2	148044380	148044894	5	5	5
ENSG00000281772.1	AC019226.2	chr2	148062154	148062577	5	5	5
ENSG00000212181.1	AC019070.1	chr2	148260574	148260708	5	5	5
ENSG00000224007.1	USP12P2	chr2	148295656	148296679	5	5	5
ENSG00000232238.1	RPS29P8	chr2	148595158	148595328	5	5	5
ENSG00000135999.12	EPC2	chr2	148644440	148787569	5	5	5
ENSG00000222126.1	RNU2-9P	chr2	148825691	148825835	5	5	5
ENSG00000223962.1	UBBP3	chr2	148863564	148863804	5	5	5
ENSG00000231079.7	KIF5C-AS1	chr2	148866470	148888823	5	5	5
ENSG00000228848.3	RPS20P13	chr2	148870024	148870381	5	5	5
ENSG00000226340.1	USP8P2	chr2	148872253	148872797	5	5	5
ENSG00000168280.18	KIF5C	chr2	148875227	149026759	5	5	5
ENSG00000286167.1	AC105402.1	chr2	148909406	148927254	5	5	5
ENSG00000150556.17	LYPD6B	chr2	149038107	149215262	5	5	5
ENSG00000228236.2	TXNP5	chr2	149068596	149068910	5	5	5
ENSG00000286335.1	AC009230.1	chr2	149170561	149184570	5	5	5
ENSG00000224337.1	FAM8A3P	chr2	149320593	149321436	5	5	5
ENSG00000187123.15	LYPD6	chr2	149329985	149474138	5	5	5
ENSG00000223604.1	RPL17P13	chr2	149439897	149440427	5	5	5
ENSG00000168288.13	MMADHC	chr2	149569637	149587778	5	5	5
ENSG00000231969.2	MMADHC-DT	chr2	149587196	150047447	5	5	5
ENSG00000207270.1	RNU6-601P	chr2	149610668	149610774	5	5	5
ENSG00000162947.5	LINC01931	chr2	149745648	149859191	5	5	5
ENSG00000286081.1	AC016682.1	chr2	150150633	150166266	5	5	5
ENSG00000230645.2	LINC01818	chr2	150169474	150356460	5	5	5
ENSG00000231420.1	LINC01817	chr2	150234892	150257007	5	5	5
ENSG00000115963.13	RND3	chr2	150468195	150539011	5	5	5
ENSG00000236049.1	LINC01920	chr2	150552532	150572221	5	5	5
ENSG00000237220.1	AC104777.2	chr2	150566134	150568080	5	5	5
ENSG00000232359.1	AC104777.1	chr2	150595102	150620067	5	5	5
ENSG00000224048.6	LINC02612	chr2	150612381	150635818	5	5	5
ENSG00000228064.1	AC023469.2	chr2	150982506	151003474	5	5	5
ENSG00000222031.1	AC023469.1	chr2	151001220	151048774	5	5	5
ENSG00000236885.2	AC018731.1	chr2	151114811	151186209	5	5	5
ENSG00000213201.3	FABP5P10	chr2	151186188	151186595	5	5	5
ENSG00000184898.7	RBM43	chr2	151247940	151261863	5	5	5
ENSG00000123609.11	NMI	chr2	151270470	151289894	5	5	5
ENSG00000123610.5	TNFAIP6	chr2	151357592	151380046	5	5	5
ENSG00000264684.1	MIR4773-1	chr2	151368334	151368411	5	5	5
ENSG00000283569.1	MIR4773-2	chr2	151368334	151368411	5	5	5
ENSG00000242113.3	RN7SL124P	chr2	151372003	151372287	5	5	5
ENSG00000080345.18	RIF1	chr2	151409883	151508013	5	5	5
ENSG00000183091.19	NEB	chr2	151485336	151734487	5	5	5
ENSG00000162980.17	ARL5A	chr2	151788984	151828492	5	5	5
ENSG00000288066.1	AC097448.1	chr2	151796688	151798688	5	5	5
ENSG00000283228.1	AC068547.1	chr2	151802651	151973949	5	5	5
ENSG00000182389.20	CACNB4	chr2	151832771	152099167	5	5	5
ENSG00000225214.1	AC079790.1	chr2	152098328	152109202	5	5	5
ENSG00000115145.10	STAM2	chr2	152116801	152175763	5	5	5
ENSG00000234272.1	RPL30P2	chr2	152131555	152131845	5	5	5
ENSG00000286234.1	AC079790.2	chr2	152176020	152225211	5	5	5
ENSG00000199884.1	Y_RNA	chr2	152284350	152284460	5	5	5
ENSG00000157827.20	FMNL2	chr2	152335174	152649826	5	5	5
ENSG00000213197.3	NUDCP1	chr2	152389937	152390630	5	5	5
ENSG00000287085.1	AC012066.1	chr2	152450162	152452891	5	5	5
ENSG00000270776.1	AC012443.1	chr2	152539197	152539427	5	5	5
ENSG00000286207.1	AC012443.2	chr2	152635268	152641275	5	5	5
ENSG00000196504.19	PRPF40A	chr2	152651593	152717997	5	5	5
ENSG00000177917.11	ARL6IP6	chr2	152717893	152762396	5	5	5
ENSG00000234932.2	AC009969.1	chr2	152850653	152850824	5	5	5
ENSG00000226213.1	UBQLN4P2	chr2	152876820	152877767	5	5	5
ENSG00000214025.2	ATP5PBP4	chr2	153158938	153159683	5	5	5
ENSG00000224612.2	AC011901.1	chr2	153168399	153201762	5	5	5
ENSG00000226338.1	AC079150.1	chr2	153208086	153208163	5	5	5
ENSG00000227708.1	LINC01850	chr2	153337705	153357422	5	5	5
ENSG00000214024.2	RPL23AP29	chr2	153370612	153371064	5	5	5
ENSG00000242575.1	TUBAP13	chr2	153420677	153421957	5	5	5
ENSG00000227400.2	AC012501.2	chr2	153421616	153593288	5	5	5
ENSG00000200377.1	AC012501.1	chr2	153446813	153446883	5	5	5
ENSG00000177519.4	RPRM	chr2	153477338	153478762	5	5	5
ENSG00000236917.1	DNAJA1P2	chr2	153761450	153762646	5	5	5
ENSG00000144278.15	GALNT13	chr2	153871922	154453979	5	5	5
ENSG00000230251.1	PHBP4	chr2	154286589	154287425	5	5	5
ENSG00000224675.1	AC009227.1	chr2	154435853	154457438	5	5	5
ENSG00000238004.1	AC009227.2	chr2	154459857	154460820	5	5	5
ENSG00000223290.1	RNA5SP107	chr2	154590407	154590528	5	5	5
ENSG00000287900.1	AC061961.1	chr2	154688296	154697817	5	5	5
ENSG00000162989.5	KCNJ3	chr2	154697855	154858354	5	5	5
ENSG00000228837.2	CBX3P6	chr2	154940541	154941067	5	5	5
ENSG00000230991.2	AC092625.1	chr2	154964308	154969101	5	5	5
ENSG00000223197.1	RNU6-1001P	chr2	155089439	155089538	5	5	5
ENSG00000232982.1	MTCO1P45	chr2	155263458	155263724	5	5	5
ENSG00000229701.1	MTND2P20	chr2	155264163	155264823	5	5	5
ENSG00000227682.2	ATP5F1AP2	chr2	155269633	155270134	5	5	5
ENSG00000233709.1	MTND4P28	chr2	155311023	155311409	5	5	5
ENSG00000233039.1	MTND5P30	chr2	155311697	155313427	5	5	5
ENSG00000233248.1	MTND6P9	chr2	155313440	155313958	5	5	5
ENSG00000229935.1	MTCYBP9	chr2	155314066	155314368	5	5	5
ENSG00000206718.1	RNU6-546P	chr2	155330421	155330527	5	5	5
ENSG00000286679.1	AC073225.1	chr2	155525424	155664668	5	5	5
ENSG00000226383.7	LINC01876	chr2	156011530	156254950	5	5	5
ENSG00000235548.1	HEBP2P1	chr2	156033247	156034080	5	5	5
ENSG00000282440.1	AC074099.1	chr2	156305108	156320255	5	5	5
ENSG00000153234.15	NR4A2	chr2	156324437	156342348	5	5	5
ENSG00000115159.16	GPD2	chr2	156435290	156613735	5	5	5
ENSG00000283436.1	LINC01958	chr2	156655224	156695659	5	5	5
ENSG00000238069.1	RPLP0P7	chr2	156777706	156778372	5	5	5
ENSG00000287048.1	AC096589.2	chr2	156788731	156865701	5	5	5
ENSG00000286889.1	AC096589.1	chr2	156803339	156891160	5	5	5
ENSG00000286530.1	AC108057.1	chr2	157033837	157049716	5	5	5
ENSG00000213194.3	CDK7P1	chr2	157210847	157211539	5	5	5
ENSG00000136542.9	GALNT5	chr2	157257705	157318491	5	5	5
ENSG00000222404.1	RN7SKP281	chr2	157298807	157299158	5	5	5
ENSG00000136541.15	ERMN	chr2	157318631	157327713	5	5	5
ENSG00000230562.3	FAM133DP	chr2	157379724	157380414	5	5	5
ENSG00000115165.10	CYTIP	chr2	157414619	157488961	5	5	5
ENSG00000123612.16	ACVR1C	chr2	157526767	157628864	5	5	5
ENSG00000234584.1	AC019186.1	chr2	157725708	157736005	5	5	5
ENSG00000115170.15	ACVR1	chr2	157736444	157876330	5	5	5
ENSG00000007001.13	UPP2	chr2	157876702	158136154	5	5	5
ENSG00000270557.1	AC013731.1	chr2	157877683	157878565	5	5	5
ENSG00000251980.1	RNU6-436P	chr2	157912772	157912885	5	5	5
ENSG00000271320.1	AC091488.1	chr2	157917712	157918371	5	5	5
ENSG00000228937.1	MTA3P1	chr2	157961410	157962888	5	5	5
ENSG00000212410.1	RNU6-932P	chr2	157985789	157985894	5	5	5
ENSG00000231158.1	PTP4A1P1	chr2	158065545	158066059	5	5	5
ENSG00000237327.1	UPP2-IT1	chr2	158127957	158133988	5	5	5
ENSG00000227480.2	CCDC148-AS1	chr2	158166650	158236169	5	5	5
ENSG00000153237.18	CCDC148	chr2	158171073	158456753	5	5	5
ENSG00000234890.1	HNRNPDLP2	chr2	158419955	158425303	5	5	5
ENSG00000243723.3	RN7SL393P	chr2	158447166	158447461	5	5	5
ENSG00000144283.22	PKP4	chr2	158456952	158682879	5	5	5
ENSG00000227331.1	RPL7AP22	chr2	158548425	158549224	5	5	5
ENSG00000204380.4	PKP4-AS1	chr2	158658337	158735002	5	5	5
ENSG00000228586.1	AC005042.1	chr2	158685903	158753775	5	5	5
ENSG00000231675.1	AC005042.2	chr2	158703287	158703460	5	5	5
ENSG00000163331.12	DAPL1	chr2	158795317	158862781	5	5	5
ENSG00000286621.1	AC064843.1	chr2	158847619	158870393	5	5	5
ENSG00000243792.1	OR7E89P	chr2	158853755	158854576	5	5	5
ENSG00000251491.2	OR7E28P	chr2	158862311	158863285	5	5	5
ENSG00000188668.4	OR7E90P	chr2	158874642	158875670	5	5	5
ENSG00000222300.1	RNU2-21P	chr2	158935798	158935985	5	5	5
ENSG00000115183.15	TANC1	chr2	158968640	159232659	5	5	5
ENSG00000213189.5	BTF3L4P2	chr2	159003975	159004320	5	5	5
ENSG00000202029.1	RNU6-580P	chr2	159027036	159027142	5	5	5
ENSG00000226878.2	GSTM3P2	chr2	159056005	159056859	5	5	5
ENSG00000275141.1	MIR6888	chr2	159186835	159186901	5	5	5
ENSG00000196151.11	WDSUB1	chr2	159235798	159286703	5	5	5
ENSG00000123636.18	BAZ2B	chr2	159318979	159616569	5	5	5
ENSG00000223642.7	AC008277.1	chr2	159386367	159404636	5	5	5
ENSG00000270893.1	AC008277.2	chr2	159444117	159444913	5	5	5
ENSG00000225369.1	CAPZA1P2	chr2	159462417	159463256	5	5	5
ENSG00000207117.1	Y_RNA	chr2	159536244	159536346	5	5	5
ENSG00000224152.1	AC009506.1	chr2	159615296	159617082	5	5	5
ENSG00000226266.6	AC009961.1	chr2	159670708	159712435	5	5	5
ENSG00000230783.1	RPS3AP13	chr2	159689217	159690291	5	5	5
ENSG00000136536.15	MARCHF7	chr2	159712457	159771027	5	5	5
ENSG00000241399.7	CD302	chr2	159768628	159798255	5	5	5
ENSG00000248672.5	LY75-CD302	chr2	159771851	159904710	5	5	5
ENSG00000287091.1	AC009961.3	chr2	159797288	159798043	5	5	5
ENSG00000054219.11	LY75	chr2	159803355	159904756	5	5	5
ENSG00000227055.1	AC009961.2	chr2	159812234	159814009	5	5	5
ENSG00000153246.13	PLA2R1	chr2	159932006	160062615	5	5	5
ENSG00000115221.12	ITGB6	chr2	160099667	160200313	5	5	5
ENSG00000285155.1	AC092153.1	chr2	160141981	160271888	5	5	5
ENSG00000285373.2	LINC02478	chr2	160257718	160271880	5	5	5
ENSG00000153250.20	RBMS1	chr2	160272151	160493807	5	5	5
ENSG00000283734.1	MIR4785	chr2	160407810	160407882	5	5	5
ENSG00000279844.1	AC096656.1	chr2	160849313	160850676	5	5	5
ENSG00000244372.3	RN7SL423P	chr2	160877547	160877850	5	5	5
ENSG00000232337.1	AC009313.1	chr2	161048606	161050546	5	5	5
ENSG00000224467.1	TANK-AS1	chr2	161096231	161160224	5	5	5
ENSG00000136560.14	TANK	chr2	161136908	161236230	5	5	5
ENSG00000235724.10	AC009299.2	chr2	161222785	161308389	5	5	5
ENSG00000227403.2	LINC01806	chr2	161244730	161249050	5	5	5
ENSG00000225813.1	AC009299.1	chr2	161281902	161282618	5	5	5
ENSG00000115233.12	PSMD14	chr2	161308425	161411717	5	5	5
ENSG00000232320.6	MXRA7P1	chr2	161340816	161341326	5	5	5
ENSG00000271924.1	RNA5SP108	chr2	161409554	161409670	5	5	5
ENSG00000136535.15	TBR1	chr2	161416297	161425870	5	5	5
ENSG00000224076.5	AC009487.1	chr2	161422659	161423577	5	5	5
ENSG00000251621.1	AC009487.2	chr2	161424015	161428774	5	5	5
ENSG00000144290.17	SLC4A10	chr2	161424332	161985282	5	5	5
ENSG00000280105.1	AC009487.3	chr2	161433874	161437458	5	5	5
ENSG00000226121.2	AHCTF1P1	chr2	161500885	161507705	5	5	5
ENSG00000238570.1	AC092654.1	chr2	161558544	161558646	5	5	5
ENSG00000226946.1	AC062022.1	chr2	161568502	161570185	5	5	5
ENSG00000288091.1	AC062022.2	chr2	161577192	161625752	5	5	5
ENSG00000235716.1	KRT18P46	chr2	161580072	161581350	5	5	5
ENSG00000234732.1	RPEP5	chr2	161931199	161931466	5	5	5
ENSG00000197635.11	DPP4	chr2	161992245	162074394	5	5	5
ENSG00000230918.2	DPP4-DT	chr2	162073256	162077911	5	5	5
ENSG00000231445.1	TIMM8AP1	chr2	162077357	162077651	5	5	5
ENSG00000224674.1	EIF3EP2	chr2	162088259	162090072	5	5	5
ENSG00000233397.3	AC008063.1	chr2	162092232	162095032	5	5	5
ENSG00000115263.15	GCG	chr2	162142882	162152404	5	5	5
ENSG00000236841.8	AC007750.1	chr2	162159762	162173223	5	5	5
ENSG00000078098.14	FAP	chr2	162170684	162245151	5	5	5
ENSG00000115267.8	IFIH1	chr2	162267074	162318684	5	5	5
ENSG00000115271.11	GCA	chr2	162318840	162371595	5	5	5
ENSG00000184611.12	KCNH7	chr2	162371407	162838767	5	5	5
ENSG00000212312.1	RNA5SP109	chr2	162496936	162497051	5	5	5
ENSG00000237750.2	KCNH7-AS1	chr2	162768936	162797972	5	5	5
ENSG00000230282.1	RPL7P61	chr2	163152251	163153307	5	5	5
ENSG00000200902.1	RNU6-627P	chr2	163288995	163289096	5	5	5
ENSG00000182263.14	FIGN	chr2	163593396	163736012	5	5	5
ENSG00000237844.2	AC016766.1	chr2	163743913	164352223	5	5	5
ENSG00000226847.1	PRPS1P1	chr2	164213539	164214414	5	5	5
ENSG00000229641.1	CYP2C56P	chr2	164321933	164322223	5	5	5
ENSG00000115290.10	GRB14	chr2	164492417	164621482	5	5	5
ENSG00000277998.1	AC107075.1	chr2	164573741	164574054	5	5	5
ENSG00000082438.17	COBLL1	chr2	164653624	164843679	5	5	5
ENSG00000224331.2	AC019181.1	chr2	164687287	164687596	5	5	5
ENSG00000206869.1	SNORA70F	chr2	164687643	164687777	5	5	5
ENSG00000236283.5	AC019197.1	chr2	164840661	165208261	5	5	5
ENSG00000199508.1	RNA5SP110	chr2	164858432	164858546	5	5	5
ENSG00000223318.1	RNA5SP111	chr2	164895677	164895777	5	5	5
ENSG00000169507.9	SLC38A11	chr2	164896186	164955525	5	5	5
ENSG00000153253.19	SCN3A	chr2	165087526	165204050	5	5	5
ENSG00000136531.18	SCN2A	chr2	165194993	165392310	5	5	5
ENSG00000233204.1	MAPRE1P3	chr2	165285253	165286048	5	5	5
ENSG00000288089.1	AC011303.1	chr2	165433438	165436614	5	5	5
ENSG00000178662.16	CSRNP3	chr2	165469647	165689407	5	5	5
ENSG00000115339.14	GALNT3	chr2	165747588	165794659	5	5	5
ENSG00000235192.1	AC009495.3	chr2	165794851	165810010	5	5	5
ENSG00000229195.1	AC009495.1	chr2	165794857	165846091	5	5	5
ENSG00000232411.1	AC009495.2	chr2	165833048	165839098	5	5	5
ENSG00000123607.15	TTC21B	chr2	165857475	165953816	5	5	5
ENSG00000224490.5	TTC21B-AS1	chr2	165933857	165949891	5	5	5
ENSG00000236107.10	SCN1A-AS1	chr2	165957188	166390771	5	5	5
ENSG00000144285.22	SCN1A	chr2	165984641	166149214	5	5	5
ENSG00000238813.1	Y_RNA	chr2	166123494	166123597	5	5	5
ENSG00000222376.1	RN7SKP152	chr2	166180652	166180966	5	5	5
ENSG00000169432.18	SCN9A	chr2	166195185	166376001	5	5	5
ENSG00000136546.16	SCN7A	chr2	166403573	166611482	5	5	5
ENSG00000283657.1	AC074101.1	chr2	166414489	166414729	5	5	5
ENSG00000163092.21	XIRP2	chr2	166888480	167259753	5	5	5
ENSG00000225182.1	AC092601.1	chr2	166889502	166889884	5	5	5
ENSG00000254552.1	XIRP2-AS1	chr2	167123904	167140955	5	5	5
ENSG00000228222.1	AC073050.1	chr2	167293171	167558333	5	5	5
ENSG00000238357.1	RNU7-148P	chr2	167631480	167631541	5	5	5
ENSG00000214211.2	CTAGE14P	chr2	167713663	167716065	5	5	5
ENSG00000235335.3	B3GALT1-AS1	chr2	167814757	167941180	5	5	5
ENSG00000172318.5	B3GALT1	chr2	167868948	167874041	5	5	5
ENSG00000198648.11	STK39	chr2	167954020	168247595	5	5	5
ENSG00000238259.1	PHF5GP	chr2	168231921	168232220	5	5	5
ENSG00000241074.3	RN7SL813P	chr2	168451324	168451606	5	5	5
ENSG00000172292.15	CERS6	chr2	168456249	168775134	5	5	5
ENSG00000265694.1	MIR4774	chr2	168582943	168583018	5	5	5
ENSG00000199348.1	RNU6-766P	chr2	168606390	168606496	5	5	5
ENSG00000227617.9	CERS6-AS1	chr2	168771951	168786961	5	5	5
ENSG00000163072.16	NOSTRIN	chr2	168786539	168865514	5	5	5
ENSG00000152253.9	SPC25	chr2	168834132	168913371	5	5	5
ENSG00000152254.11	G6PC2	chr2	168901291	168910000	5	5	5
ENSG00000073734.10	ABCB11	chr2	168915498	169031324	5	5	5
ENSG00000073737.17	DHRS9	chr2	169064789	169096167	5	5	5
ENSG00000235321.1	AC007556.1	chr2	169100743	169101210	5	5	5
ENSG00000235995.1	UBE2V1P6	chr2	169115195	169115680	5	5	5
ENSG00000081479.15	LRP2	chr2	169127109	169362534	5	5	5
ENSG00000163093.12	BBS5	chr2	169479480	169506655	5	5	5
ENSG00000251569.1	AC093899.2	chr2	169479480	169525922	5	5	5
ENSG00000239474.7	KLHL41	chr2	169509702	169526258	5	5	5
ENSG00000138399.18	FASTKD1	chr2	169528508	169573875	5	5	5
ENSG00000229827.1	AC093899.1	chr2	169577371	169577746	5	5	5
ENSG00000138398.17	PPIG	chr2	169584342	169641406	5	5	5
ENSG00000154479.13	CCDC173	chr2	169645425	169694405	5	5	5
ENSG00000226072.1	AC016772.1	chr2	169658132	169661357	5	5	5
ENSG00000144362.12	PHOSPHO2	chr2	169694454	169701708	5	5	5
ENSG00000213160.10	KLHL23	chr2	169694488	169776989	5	5	5
ENSG00000206961.1	AC009967.1	chr2	169727872	169728003	5	5	5
ENSG00000231550.1	PTCHD3P2	chr2	169767185	169768799	5	5	5
ENSG00000214369.2	CYB5AP2	chr2	169790093	169790885	5	5	5
ENSG00000138385.16	SSB	chr2	169791933	169812064	5	5	5
ENSG00000138382.15	METTL5	chr2	169810081	169824931	5	5	5
ENSG00000144357.18	UBR3	chr2	169827454	170084131	5	5	5
ENSG00000227176.1	NSA2P5	chr2	170077224	170078294	5	5	5
ENSG00000252807.1	RNU6-1006P	chr2	170119996	170120098	5	5	5
ENSG00000071909.19	MYO3B	chr2	170178145	170655171	5	5	5
ENSG00000231898.9	MYO3B-AS1	chr2	170332085	170408564	5	5	5
ENSG00000214821.4	HMGB1P4	chr2	170601662	170602228	5	5	5
ENSG00000213981.8	AC007277.1	chr2	170640374	170695374	5	5	5
ENSG00000275414.1	AC007277.2	chr2	170690564	170690742	5	5	5
ENSG00000234350.5	AC007405.1	chr2	170700368	170813670	5	5	5
ENSG00000222033.1	LINC01124	chr2	170712451	170714567	5	5	5
ENSG00000204335.4	SP5	chr2	170715337	170718078	5	5	5
ENSG00000128692.8	EIF2S2P4	chr2	170751805	170752788	5	5	5
ENSG00000239467.6	AC007405.3	chr2	170766878	170778729	5	5	5
ENSG00000222509.1	Y_RNA	chr2	170783167	170783271	5	5	5
ENSG00000204334.7	ERICH2	chr2	170783786	170798971	5	5	5
ENSG00000128683.14	GAD1	chr2	170813213	170861151	5	5	5
ENSG00000235934.2	AC007405.2	chr2	170814686	170818037	5	5	5
ENSG00000286611.1	AC007405.4	chr2	170820066	170821295	5	5	5
ENSG00000286115.1	AC010092.1	chr2	170890393	170914873	5	5	5
ENSG00000115806.13	GORASP2	chr2	170928464	170967130	5	5	5
ENSG00000198586.14	TLK1	chr2	170990823	171231314	5	5	5
ENSG00000123600.20	METTL8	chr2	171317405	171434802	5	5	5
ENSG00000224553.1	RPS26P20	chr2	171374931	171375278	5	5	5
ENSG00000115827.14	DCAF17	chr2	171434217	171485052	5	5	5
ENSG00000228507.1	DAP3P2	chr2	171491422	171491931	5	5	5
ENSG00000234061.1	AC007969.1	chr2	171492905	171493095	5	5	5
ENSG00000233762.3	RPS15P4	chr2	171517270	171517716	5	5	5
ENSG00000071967.12	CYBRD1	chr2	171522247	171558129	5	5	5
ENSG00000233934.2	RPL21P38	chr2	171587093	171587259	5	5	5
ENSG00000077380.16	DYNC1I2	chr2	171687409	171750158	5	5	5
ENSG00000115840.14	SLC25A12	chr2	171783405	171999859	5	5	5
ENSG00000252779.1	RNU6-182P	chr2	171856566	171856670	5	5	5
ENSG00000128708.13	HAT1	chr2	171922448	171983686	5	5	5
ENSG00000172878.14	METAP1D	chr2	171999943	172082430	5	5	5
ENSG00000144355.15	DLX1	chr2	172084740	172089677	5	5	5
ENSG00000115844.11	DLX2	chr2	172099438	172102900	5	5	5
ENSG00000236651.1	DLX2-DT	chr2	172103006	172109982	5	5	5
ENSG00000232555.2	AC104088.1	chr2	172137345	172370401	5	5	5
ENSG00000288048.1	AC104088.3	chr2	172234230	172237223	5	5	5
ENSG00000286557.1	AC104088.2	chr2	172323260	172330582	5	5	5
ENSG00000278924.1	AC078883.3	chr2	172423807	172424173	5	5	5
ENSG00000091409.15	ITGA6	chr2	172427354	172506459	5	5	5
ENSG00000226963.1	AC078883.2	chr2	172427774	172428603	5	5	5
ENSG00000232788.1	ITGA6-AS1	chr2	172464262	172466022	5	5	5
ENSG00000225205.5	AC078883.1	chr2	172480840	172556596	5	5	5
ENSG00000152256.14	PDK1	chr2	172555373	172608669	5	5	5
ENSG00000199866.1	Y_RNA	chr2	172558151	172558252	5	5	5
ENSG00000230104.1	AC018712.1	chr2	172674212	172674898	5	5	5
ENSG00000228016.1	RAPGEF4-AS1	chr2	172677141	172736206	5	5	5
ENSG00000239041.1	AC018712.2	chr2	172691299	172691402	5	5	5
ENSG00000091428.18	RAPGEF4	chr2	172735274	173052893	5	5	5
ENSG00000232292.1	ALDH7A1P2	chr2	172893763	172894383	5	5	5
ENSG00000091436.17	MAP3K20	chr2	173075435	173268015	5	5	5
ENSG00000238133.6	MAP3K20-AS1	chr2	173166446	173282036	5	5	5
ENSG00000231735.1	RPS2P18	chr2	173297629	173298512	5	5	5
ENSG00000236391.3	AC092573.1	chr2	173338219	173356208	5	5	5
ENSG00000144354.14	CDCA7	chr2	173354820	173368997	5	5	5
ENSG00000213148.3	JPT1P1	chr2	173431349	173431812	5	5	5
ENSG00000236832.1	CBY1P1	chr2	173477996	173478400	5	5	5
ENSG00000226131.1	PPIAP66	chr2	173485865	173486362	5	5	5
ENSG00000237016.1	AC013410.1	chr2	173575110	173576341	5	5	5
ENSG00000237617.1	AC013410.2	chr2	173705948	173706148	5	5	5
ENSG00000270460.1	AC106900.1	chr2	173811076	173811392	5	5	5
ENSG00000234415.1	RPL5P7	chr2	173871653	173872465	5	5	5
ENSG00000172845.17	SP3	chr2	173880850	173965702	5	5	5
ENSG00000271151.1	AC016737.1	chr2	173968351	173969418	5	5	5
ENSG00000273258.1	AC016737.2	chr2	174011856	174012975	5	5	5
ENSG00000260868.1	LINC01960	chr2	174025280	174027163	5	5	5
ENSG00000235414.3	RPSAP24	chr2	174043008	174043880	5	5	5
ENSG00000138430.16	OLA1	chr2	174072447	174248599	5	5	5
ENSG00000270799.1	AC013467.1	chr2	174171891	174172725	5	5	5
ENSG00000243770.3	RN7SL65P	chr2	174240143	174240457	5	5	5
ENSG00000201088.1	Y_RNA	chr2	174264878	174264981	5	5	5
ENSG00000227180.1	LRRC2P1	chr2	174299324	174300956	5	5	5
ENSG00000237804.1	HNRNPA1P39	chr2	174310015	174310974	5	5	5
ENSG00000231453.1	LINC01305	chr2	174326027	174330643	5	5	5
ENSG00000280414.1	AC018470.1	chr2	174334438	174337566	5	5	5
ENSG00000217236.2	SP9	chr2	174334954	174338500	5	5	5
ENSG00000138433.16	CIR1	chr2	174348022	174395712	5	5	5
ENSG00000144306.15	SCRN3	chr2	174395730	174429575	5	5	5
ENSG00000163328.14	GPR155	chr2	174431571	174487094	5	5	5
ENSG00000226853.3	AC010894.1	chr2	174487380	174488386	5	5	5
ENSG00000179997.8	RPA3P1	chr2	174501952	174502312	5	5	5
ENSG00000279884.1	AC010894.4	chr2	174545385	174546335	5	5	5
ENSG00000236449.2	AC010894.2	chr2	174547141	174776720	5	5	5
ENSG00000206965.1	RNU6-5P	chr2	174557966	174558072	5	5	5
ENSG00000115935.18	WIPF1	chr2	174559572	174682916	5	5	5
ENSG00000237798.1	AC010894.3	chr2	174575227	174587726	5	5	5
ENSG00000235655.3	H3P6	chr2	174719908	174720318	5	5	5
ENSG00000138435.16	CHRNA1	chr2	174747592	174787935	5	5	5
ENSG00000128656.15	CHN1	chr2	174798809	175005381	5	5	5
ENSG00000212167.1	RNU6-763P	chr2	175022214	175022319	5	5	5
ENSG00000199827.1	RNU6-1290P	chr2	175029769	175029877	5	5	5
ENSG00000227187.1	RPL21P31	chr2	175033778	175034192	5	5	5
ENSG00000115966.17	ATF2	chr2	175072250	175168382	5	5	5
ENSG00000277948.1	AC007435.1	chr2	175092401	175092587	5	5	5
ENSG00000215973.1	MIR933	chr2	175167633	175167709	5	5	5
ENSG00000229750.1	AC096649.1	chr2	175167904	175168522	5	5	5
ENSG00000154518.10	ATP5MC3	chr2	175176258	175181710	5	5	5
ENSG00000200121.2	Y_RNA	chr2	175176493	175176586	5	5	5
ENSG00000233131.1	RPS15AP14	chr2	175184215	175184607	5	5	5
ENSG00000229066.2	AC093459.1	chr2	175257250	175463180	5	5	5
ENSG00000223976.1	EXTL2P1	chr2	175842887	175843302	5	5	5
ENSG00000235047.1	AC016751.2	chr2	175897336	175904232	5	5	5
ENSG00000229779.1	AC016751.1	chr2	175904371	175905502	5	5	5
ENSG00000144320.14	LNPK	chr2	175923882	176002839	5	5	5
ENSG00000174279.4	EVX2	chr2	176077472	176083913	5	5	5
ENSG00000128714.6	HOXD13	chr2	176092721	176095944	5	5	5
ENSG00000170178.7	HOXD12	chr2	176099795	176102489	5	5	5
ENSG00000128713.14	HOXD11	chr2	176104216	176109754	5	5	5
ENSG00000128710.6	HOXD10	chr2	176108790	176119937	5	5	5
ENSG00000237380.7	HOXD-AS2	chr2	176121611	176137098	5	5	5
ENSG00000128709.13	HOXD9	chr2	176122719	176124937	5	5	5
ENSG00000175879.9	HOXD8	chr2	176129694	176132695	5	5	5
ENSG00000128652.11	HOXD3	chr2	176136612	176173102	5	5	5
ENSG00000207744.1	MIR10B	chr2	176150303	176150412	5	5	5
ENSG00000170166.6	HOXD4	chr2	176151550	176153226	5	5	5
ENSG00000224189.8	HAGLR	chr2	176164051	176188958	5	5	5
ENSG00000272729.1	AC009336.1	chr2	176164164	176165716	5	5	5
ENSG00000226363.3	HAGLROS	chr2	176177717	176179008	5	5	5
ENSG00000128645.15	HOXD1	chr2	176188668	176190907	5	5	5
ENSG00000283880.1	MIR7704	chr2	176188843	176188901	5	5	5
ENSG00000279160.1	AC009336.2	chr2	176189919	176192538	5	5	5
ENSG00000218175.2	AC016739.1	chr2	176200908	176201252	5	5	5
ENSG00000230384.1	RPSAP25	chr2	176242111	176242993	5	5	5
ENSG00000128654.14	MTX2	chr2	176269395	176338025	5	5	5
ENSG00000237260.1	PPIAP67	chr2	176338637	176339077	5	5	5
ENSG00000224577.3	LINC01117	chr2	176495255	176819180	5	5	5
ENSG00000229434.1	AC017048.1	chr2	176506245	176507702	5	5	5
ENSG00000236231.1	AC017048.2	chr2	176524879	176531683	5	5	5
ENSG00000283203.1	MIR1246	chr2	176600980	176601052	5	5	5
ENSG00000272551.1	AC017048.3	chr2	176611437	176612249	5	5	5
ENSG00000163364.10	LINC01116	chr2	176629572	176637931	5	5	5
ENSG00000252027.1	RNU6ATAC14P	chr2	176664676	176664766	5	5	5
ENSG00000230552.6	AC092162.2	chr2	176723614	176819310	5	5	5
ENSG00000237053.1	FUCA1P1	chr2	176804987	176806337	5	5	5
ENSG00000223777.1	AC092162.1	chr2	176809426	176809859	5	5	5
ENSG00000279205.1	AC092162.3	chr2	176822030	176823653	5	5	5
ENSG00000227098.2	AC073636.1	chr2	176830839	176849428	5	5	5
ENSG00000206866.1	RNU6-187P	chr2	176929985	176930090	5	5	5
ENSG00000236501.6	AC074286.1	chr2	176989418	177164656	5	5	5
ENSG00000229337.2	AC079305.2	chr2	177111036	177212662	5	5	5
ENSG00000251746.1	RNA5SP112	chr2	177138699	177138797	5	5	5
ENSG00000226273.2	STUB1P1	chr2	177177695	177178255	5	5	5
ENSG00000201102.1	Y_RNA	chr2	177194983	177195095	5	5	5
ENSG00000213069.3	KRT8P40	chr2	177197985	177198547	5	5	5
ENSG00000170144.21	HNRNPA3	chr2	177212563	177223958	5	5	5
ENSG00000284252.1	MIR4444-1	chr2	177212726	177212799	5	5	5
ENSG00000116044.16	NFE2L2	chr2	177227595	177392697	5	5	5
ENSG00000225808.1	DNAJC19P5	chr2	177229191	177229506	5	5	5
ENSG00000265396.1	MIR3128	chr2	177255945	177256010	5	5	5
ENSG00000222043.2	AC079305.1	chr2	177264359	177265515	5	5	5
ENSG00000213963.6	AC019080.1	chr2	177283508	177392691	5	5	5
ENSG00000271825.1	AC019080.3	chr2	177300600	177302006	5	5	5
ENSG00000271996.1	AC019080.4	chr2	177306373	177310572	5	5	5
ENSG00000278418.1	MIR6512	chr2	177313806	177313882	5	5	5
ENSG00000280374.1	AC019080.5	chr2	177317715	177318471	5	5	5
ENSG00000237178.2	H3P7	chr2	177344443	177344836	5	5	5
ENSG00000238295.1	AC019080.2	chr2	177345858	177345961	5	5	5
ENSG00000018510.17	AGPS	chr2	177392768	177559299	5	5	5
ENSG00000196659.10	TTC30B	chr2	177548998	177552796	5	5	5
ENSG00000237655.1	AC073834.1	chr2	177603089	177618572	5	5	5
ENSG00000197557.7	TTC30A	chr2	177612999	177618742	5	5	5
ENSG00000128655.18	PDE11A	chr2	177623244	178072777	5	5	5
ENSG00000284741.1	PDE11A	chr2	177628069	178108339	5	5	5
ENSG00000229941.6	PDE11A-AS1	chr2	177653419	177723289	5	5	5
ENSG00000236664.1	AC011998.2	chr2	177953111	178011989	5	5	5
ENSG00000213962.2	API5P2	chr2	177997273	177998770	5	5	5
ENSG00000229744.1	SDHDP5	chr2	178017993	178018465	5	5	5
ENSG00000206788.1	RNU6-629P	chr2	178038902	178039004	5	5	5
ENSG00000249909.1	CYCTP	chr2	178092503	178104470	5	5	5
ENSG00000227241.1	AC011998.1	chr2	178105637	178105753	5	5	5
ENSG00000155636.15	RBM45	chr2	178112424	178139011	5	5	5
ENSG00000223096.1	RNU5E-9P	chr2	178142548	178142651	5	5	5
ENSG00000079156.17	OSBPL6	chr2	178194481	178402893	5	5	5
ENSG00000223960.7	CHROMR	chr2	178413635	178440243	5	5	5
ENSG00000180228.14	PRKRA	chr2	178431292	178451512	5	5	5
ENSG00000204311.15	PJVK	chr2	178451346	178462102	5	5	5
ENSG00000238082.1	NUDCP2	chr2	178454716	178455428	5	5	5
ENSG00000079150.18	FKBP7	chr2	178463664	178478600	5	5	5
ENSG00000116095.11	PLEKHA3	chr2	178480457	178516463	5	5	5
ENSG00000237298.10	TTN-AS1	chr2	178521183	178779963	5	5	5
ENSG00000155657.28	TTN	chr2	178525989	178830802	5	5	5
ENSG00000270956.1	AC009948.2	chr2	178541125	178541799	5	5	5
ENSG00000270277.1	AC009948.1	chr2	178548884	178550681	5	5	5
ENSG00000279598.1	AC009948.3	chr2	178554561	178558966	5	5	5
ENSG00000271011.1	AC010680.3	chr2	178577103	178577622	5	5	5
ENSG00000270574.1	AC010680.2	chr2	178578790	178580906	5	5	5
ENSG00000271141.1	AC010680.4	chr2	178616581	178617123	5	5	5
ENSG00000271401.1	AC010680.5	chr2	178644717	178645179	5	5	5
ENSG00000267784.1	AC010680.1	chr2	178723457	178727046	5	5	5
ENSG00000287149.1	AC092640.1	chr2	178828349	179007807	5	5	5
ENSG00000163492.15	CCDC141	chr2	178829757	179050086	5	5	5
ENSG00000238542.1	RNU7-104P	chr2	178831371	178831449	5	5	5
ENSG00000231541.1	RPS6P2	chr2	179001756	179002760	5	5	5
ENSG00000187231.14	SESTD1	chr2	179101678	179264832	5	5	5
ENSG00000237477.1	AC093911.1	chr2	179273831	179285707	5	5	5
ENSG00000237964.3	RAD52P1	chr2	179399728	179400875	5	5	5
ENSG00000144331.20	ZNF385B	chr2	179441982	179861612	5	5	5
ENSG00000213126.2	TXNL4AP1	chr2	179814251	179814675	5	5	5
ENSG00000221240.1	MIR1258	chr2	179860836	179860908	5	5	5
ENSG00000280636.1	AC096587.2	chr2	179934401	179934538	5	5	5
ENSG00000202216.2	AC096587.1	chr2	179934402	179934527	5	5	5
ENSG00000163510.14	CWC22	chr2	179944876	180007297	5	5	5
ENSG00000270289.1	AC012669.1	chr2	180473137	180473419	5	5	5
ENSG00000225258.1	AC009478.1	chr2	180571712	180692454	5	5	5
ENSG00000281131.1	SCHLAP1	chr2	180692104	180916939	5	5	5
ENSG00000279559.1	AC104820.1	chr2	180801227	180801533	5	5	5
ENSG00000226564.1	FTH1P20	chr2	180872867	180873414	5	5	5
ENSG00000236667.1	RPL27AP3	chr2	180938830	180939298	5	5	5
ENSG00000170035.16	UBE2E3	chr2	180967248	181076585	5	5	5
ENSG00000236153.1	AC104076.1	chr2	180979427	180980090	5	5	5
ENSG00000238171.1	AC068196.1	chr2	181076051	181105968	5	5	5
ENSG00000234663.7	LINC01934	chr2	181086076	181409321	5	5	5
ENSG00000266705.1	MIR4437	chr2	181305593	181305652	5	5	5
ENSG00000226681.1	AC020595.1	chr2	181422154	181425749	5	5	5
ENSG00000115232.14	ITGA4	chr2	181457202	181538940	5	5	5
ENSG00000188452.14	CERKL	chr2	181536672	181680665	5	5	5
ENSG00000162992.4	NEUROD1	chr2	181673088	181680547	5	5	5
ENSG00000234595.1	AC013733.2	chr2	181683113	181685707	5	5	5
ENSG00000225570.1	AC013733.1	chr2	181690380	181693415	5	5	5
ENSG00000223873.1	SAP18P2	chr2	181694442	181694900	5	5	5
ENSG00000221023.1	RNU6ATAC19P	chr2	181738606	181738715	5	5	5
ENSG00000260742.1	AC009962.1	chr2	181887851	181891663	5	5	5
ENSG00000138434.17	ITPRID2	chr2	181891730	181930738	5	5	5
ENSG00000150722.10	PPP1R1C	chr2	181954241	182131398	5	5	5
ENSG00000213958.2	KRT18P29	chr2	181961212	181962478	5	5	5
ENSG00000222418.1	RNA5SP113	chr2	182048822	182048905	5	5	5
ENSG00000115252.18	PDE1A	chr2	182140036	182523192	5	5	5
ENSG00000287536.1	AC012500.1	chr2	182278684	182282752	5	5	5
ENSG00000242121.3	RN7SL267P	chr2	182314284	182314544	5	5	5
ENSG00000077232.18	DNAJC10	chr2	182716041	182794464	5	5	5
ENSG00000232430.1	RPL31P15	chr2	182788098	182788435	5	5	5
ENSG00000212404.1	Y_RNA	chr2	182828124	182828221	5	5	5
ENSG00000162998.5	FRZB	chr2	182833275	182866637	5	5	5
ENSG00000207178.1	RNU6-1122P	chr2	182873841	182873947	5	5	5
ENSG00000061676.15	NCKAP1	chr2	182909115	183038858	5	5	5
ENSG00000202141.1	Y_RNA	chr2	183022859	183022971	5	5	5
ENSG00000221498.1	AC064871.1	chr2	183064235	183064346	5	5	5
ENSG00000231203.1	KRT8P10	chr2	183071040	183072486	5	5	5
ENSG00000162999.13	DUSP19	chr2	183078559	183100008	5	5	5
ENSG00000224643.5	AC064871.2	chr2	183083405	183108519	5	5	5
ENSG00000163002.13	NUP35	chr2	183117513	183161680	5	5	5
ENSG00000272800.3	AC021851.1	chr2	183178806	183215414	5	5	5
ENSG00000287621.1	AC021851.2	chr2	183253652	183495501	5	5	5
ENSG00000213120.3	LIN28AP1	chr2	183260642	183261046	5	5	5
ENSG00000177855.8	CACYBPP2	chr2	183607442	183608119	5	5	5
ENSG00000286879.1	AC093639.3	chr2	183897950	183902147	5	5	5
ENSG00000234172.1	AC093639.1	chr2	183904529	183949112	5	5	5
ENSG00000286807.1	AC093639.2	chr2	183997372	184002264	5	5	5
ENSG00000286152.1	AC096555.1	chr2	184049467	184187573	5	5	5
ENSG00000286980.1	AC020584.1	chr2	184204372	184382869	5	5	5
ENSG00000266808.1	MIR548AE1	chr2	184378975	184379044	5	5	5
ENSG00000283839.1	AC096667.1	chr2	184593577	184599008	5	5	5
ENSG00000170396.9	ZNF804A	chr2	184598529	184939492	5	5	5
ENSG00000237824.2	RPL23AP33	chr2	184902111	184902562	5	5	5
ENSG00000286797.1	AC009315.1	chr2	185425063	185505608	5	5	5
ENSG00000225406.1	ELF2P4	chr2	185547135	185547818	5	5	5
ENSG00000231646.6	FSIP2-AS1	chr2	185652374	185800151	5	5	5
ENSG00000212581.1	U8	chr2	185661774	185661906	5	5	5
ENSG00000226747.6	FSIP2-AS2	chr2	185719874	185740479	5	5	5
ENSG00000188738.15	FSIP2	chr2	185738804	185833290	5	5	5
ENSG00000287129.1	AC097500.1	chr2	185950469	185953171	5	5	5
ENSG00000224019.1	RPL21P32	chr2	185956587	185957063	5	5	5
ENSG00000237877.7	LINC01473	chr2	186032884	186422432	5	5	5
ENSG00000226410.1	AC104058.1	chr2	186162949	186163245	5	5	5
ENSG00000232568.2	RPL23AP35	chr2	186261419	186261919	5	5	5
ENSG00000259915.2	AC017071.1	chr2	186354570	186356773	5	5	5
ENSG00000227692.1	MED28P3	chr2	186364598	186365128	5	5	5
ENSG00000065548.18	ZC3H15	chr2	186486253	186509361	5	5	5
ENSG00000224323.2	DPRXP1	chr2	186488624	186489083	5	5	5
ENSG00000138448.12	ITGAV	chr2	186590056	186680901	5	5	5
ENSG00000227227.1	AC017101.1	chr2	186641339	186695287	5	5	5
ENSG00000144369.13	FAM171B	chr2	186694060	186765959	5	5	5
ENSG00000163012.4	ZSWIM2	chr2	186827475	186849208	5	5	5
ENSG00000226553.1	IMPDH1P7	chr2	187001876	187003377	5	5	5
ENSG00000224063.6	AC007319.1	chr2	187003220	187556288	5	5	5
ENSG00000222845.1	RN7SKP42	chr2	187122562	187122861	5	5	5
ENSG00000199626.1	RNU6-989P	chr2	187270698	187270804	5	5	5
ENSG00000064989.13	CALCRL	chr2	187341964	187448460	5	5	5
ENSG00000231739.2	GAPDHP59	chr2	187415552	187415818	5	5	5
ENSG00000003436.16	TFPI	chr2	187464230	187565760	5	5	5
ENSG00000231689.2	LINC01090	chr2	187712816	188384313	5	5	5
ENSG00000235616.1	ST13P2	chr2	187825341	187826449	5	5	5
ENSG00000213115.2	AC104131.1	chr2	188227189	188228382	5	5	5
ENSG00000200650.1	RNA5SP114	chr2	188276732	188276844	5	5	5
ENSG00000144366.16	GULP1	chr2	188291669	188595931	5	5	5
ENSG00000207951.1	MIR561	chr2	188297492	188297588	5	5	5
ENSG00000223523.1	AC092598.1	chr2	188598791	188839445	5	5	5
ENSG00000174325.6	DIRC1	chr2	188734155	188790104	5	5	5
ENSG00000168542.16	COL3A1	chr2	188974373	189012746	5	5	5
ENSG00000221502.1	MIR1245A	chr2	188978092	188978161	5	5	5
ENSG00000283238.1	MIR1245B	chr2	188978093	188978161	5	5	5
ENSG00000284180.1	MIR3606	chr2	188995630	188995692	5	5	5
ENSG00000204262.14	COL5A2	chr2	189031898	189225312	5	5	5
ENSG00000228073.1	AC133106.1	chr2	189095063	189096158	5	5	5
ENSG00000264725.1	MIR3129	chr2	189133036	189133111	5	5	5
ENSG00000213601.3	KRT18P19	chr2	189311263	189311967	5	5	5
ENSG00000115368.10	WDR75	chr2	189441446	189475552	5	5	5
ENSG00000233996.1	KDM3AP1	chr2	189486480	189487992	5	5	5
ENSG00000287418.1	AC013439.1	chr2	189537384	189540417	5	5	5
ENSG00000138449.11	SLC40A1	chr2	189560590	189583758	5	5	5
ENSG00000276828.1	AC012488.1	chr2	189625443	189626259	5	5	5
ENSG00000138381.10	ASNSD1	chr2	189661385	189670831	5	5	5
ENSG00000286053.2	ASDURF	chr2	189661452	189666437	5	5	5
ENSG00000286165.1	AC012488.2	chr2	189661519	189667881	5	5	5
ENSG00000151687.14	ANKAR	chr2	189674290	189761193	5	5	5
ENSG00000128694.12	OSGEPL1	chr2	189746660	189763227	5	5	5
ENSG00000253559.1	OSGEPL1-AS1	chr2	189762704	189765556	5	5	5
ENSG00000273240.1	AC013468.1	chr2	189763859	189764456	5	5	5
ENSG00000128699.14	ORMDL1	chr2	189770267	189784364	5	5	5
ENSG00000064933.18	PMS1	chr2	189784085	189877629	5	5	5
ENSG00000187699.10	C2orf88	chr2	189879609	190203484	5	5	5
ENSG00000223824.1	TERF1P6	chr2	189917254	189917758	5	5	5
ENSG00000204253.4	HNRNPCP2	chr2	189923336	189924216	5	5	5
ENSG00000213110.2	RNF11P1	chr2	189930277	189931010	5	5	5
ENSG00000138379.5	MSTN	chr2	190055700	190062729	5	5	5
ENSG00000198130.16	HIBCH	chr2	190189735	190344193	5	5	5
ENSG00000151689.13	INPP1	chr2	190343570	190371665	5	5	5
ENSG00000151690.15	MFSD6	chr2	190408355	190509205	5	5	5
ENSG00000272979.1	AC093388.1	chr2	190454092	190454521	5	5	5
ENSG00000189362.12	NEMP2	chr2	190504338	190534722	5	5	5
ENSG00000233654.2	AC108047.1	chr2	190534855	190569776	5	5	5
ENSG00000251935.1	RN7SKP179	chr2	190553264	190553480	5	5	5
ENSG00000284052.1	AC006460.2	chr2	190607660	190649840	5	5	5
ENSG00000138386.17	NAB1	chr2	190646746	190692766	5	5	5
ENSG00000228509.6	AC006460.1	chr2	190672297	190843734	5	5	5
ENSG00000235852.1	AC005540.1	chr2	190880797	190882059	5	5	5
ENSG00000115419.13	GLS	chr2	190880821	190965552	5	5	5
ENSG00000115415.20	STAT1	chr2	190908460	191020960	5	5	5
ENSG00000229023.1	RAB1AP1	chr2	190992639	190993567	5	5	5
ENSG00000230686.1	AC067945.1	chr2	191017954	191019079	5	5	5
ENSG00000231858.5	AC067945.2	chr2	191021526	191032314	5	5	5
ENSG00000138378.19	STAT4	chr2	191029576	191151596	5	5	5
ENSG00000288064.1	AC067945.3	chr2	191045458	191065345	5	5	5
ENSG00000207402.1	RNU6-959P	chr2	191121950	191122056	5	5	5
ENSG00000280083.1	AC079777.1	chr2	191154118	191156070	5	5	5
ENSG00000230611.1	HMGB1P27	chr2	191174233	191174835	5	5	5
ENSG00000227542.1	AC092614.1	chr2	191229165	191246172	5	5	5
ENSG00000128641.19	MYO1B	chr2	191245185	191425389	5	5	5
ENSG00000252130.1	RNU6-1045P	chr2	191370938	191371044	5	5	5
ENSG00000173559.14	NABP1	chr2	191678068	191741097	5	5	5
ENSG00000274845.1	AC114778.1	chr2	191682452	191682633	5	5	5
ENSG00000288582.2	NABP1-OT1	chr2	191733428	191741097	5	5	5
ENSG00000225884.3	AC098872.1	chr2	191792797	191820257	5	5	5
ENSG00000168497.5	CAVIN2	chr2	191834310	191847088	5	5	5
ENSG00000233766.7	CAVIN2-AS1	chr2	191846539	192044525	5	5	5
ENSG00000213946.3	DNAJB1P1	chr2	191881182	191882205	5	5	5
ENSG00000144339.12	TMEFF2	chr2	191949043	192194933	5	5	5
ENSG00000229395.1	AC062039.1	chr2	192629919	192645706	5	5	5
ENSG00000232227.5	AC013401.1	chr2	192644102	192645387	5	5	5
ENSG00000227418.6	PCGEM1	chr2	192749845	192776899	5	5	5
ENSG00000226242.1	RPS17P8	chr2	192774082	192774416	5	5	5
ENSG00000278406.1	AC013401.2	chr2	192775943	192776073	5	5	5
ENSG00000286358.1	AC096647.1	chr2	193170704	193172765	5	5	5
ENSG00000232658.1	SLC44A3P1	chr2	193256483	193257757	5	5	5
ENSG00000235218.2	DNAJC17P1	chr2	193276668	193277614	5	5	5
ENSG00000224219.1	SEC61GP1	chr2	193730555	193730689	5	5	5
ENSG00000286868.1	AC074290.1	chr2	193867722	193868982	5	5	5
ENSG00000260142.1	AC068135.2	chr2	193898367	193899394	5	5	5
ENSG00000224670.1	AC068135.1	chr2	194027919	194028164	5	5	5
ENSG00000215043.2	GLULP6	chr2	194129354	194130266	5	5	5
ENSG00000236695.1	HNRNPA1P47	chr2	194187379	194188309	5	5	5
ENSG00000225539.7	LINC01821	chr2	194344190	194576578	5	5	5
ENSG00000225394.1	AC106883.1	chr2	194454581	194455142	5	5	5
ENSG00000286539.1	AC073973.1	chr2	194587925	194612145	5	5	5
ENSG00000276123.1	Metazoa_SRP	chr2	194658376	194658675	5	5	5
ENSG00000252517.1	AC006196.1	chr2	194664107	194664174	5	5	5
ENSG00000230173.1	LINC01790	chr2	194730595	194761435	5	5	5
ENSG00000235056.1	AC010983.1	chr2	195003711	195026370	5	5	5
ENSG00000224099.2	AC104823.1	chr2	195448532	195481827	5	5	5
ENSG00000271893.1	AC064834.1	chr2	195451778	195515699	5	5	5
ENSG00000202206.1	RNU6-169P	chr2	195514036	195514142	5	5	5
ENSG00000223466.2	LINC01825	chr2	195532945	195540287	5	5	5
ENSG00000234919.1	LINC01827	chr2	195569628	195572970	5	5	5
ENSG00000196950.14	SLC39A10	chr2	195575977	195737702	5	5	5
ENSG00000213107.2	AHCYP5	chr2	195582794	195584031	5	5	5
ENSG00000201813.1	RNU6-915P	chr2	195670372	195670474	5	5	5
ENSG00000118997.14	DNAH7	chr2	195737703	196068837	5	5	5
ENSG00000203435.2	E2F3P2	chr2	195994259	195995680	5	5	5
ENSG00000227878.2	AC114760.1	chr2	196063312	196063963	5	5	5
ENSG00000081320.11	STK17B	chr2	196133583	196176503	5	5	5
ENSG00000272211.1	AC114760.2	chr2	196151263	196154881	5	5	5
ENSG00000138411.13	HECW2	chr2	196189099	196593684	5	5	5
ENSG00000229056.2	HECW2-AS1	chr2	196260024	196264204	5	5	5
ENSG00000276200.1	RN7SL820P	chr2	196289409	196289707	5	5	5
ENSG00000282836.1	AC068544.2	chr2	196638422	196639497	5	5	5
ENSG00000144395.18	CCDC150	chr2	196639554	196763490	5	5	5
ENSG00000252923.1	AC068544.1	chr2	196686148	196686330	5	5	5
ENSG00000119041.11	GTF3C3	chr2	196763035	196799725	5	5	5
ENSG00000187944.5	C2orf66	chr2	196804417	196809355	5	5	5
ENSG00000280176.1	AC012486.1	chr2	196831975	196832190	5	5	5
ENSG00000197121.15	PGAP1	chr2	196833004	196927796	5	5	5
ENSG00000065413.20	ANKRD44	chr2	196967017	197311173	5	5	5
ENSG00000225636.1	HNRNPA3P15	chr2	197014990	197016015	5	5	5
ENSG00000224442.1	RPL4P7	chr2	197028711	197030143	5	5	5
ENSG00000231621.1	ANKRD44-AS1	chr2	197197991	197199273	5	5	5
ENSG00000236977.1	ANKRD44-IT1	chr2	197250858	197302519	5	5	5
ENSG00000230482.1	ATP5MC2P3	chr2	197263111	197263535	5	5	5
ENSG00000225979.1	AC010746.2	chr2	197311393	197312740	5	5	5
ENSG00000213104.3	NPM1P46	chr2	197379701	197380892	5	5	5
ENSG00000115524.17	SF3B1	chr2	197388515	197435079	5	5	5
ENSG00000202434.1	AC010746.1	chr2	197404718	197404854	5	5	5
ENSG00000206836.1	RNU6-1029P	chr2	197447745	197447851	5	5	5
ENSG00000115520.8	COQ10B	chr2	197453423	197475308	5	5	5
ENSG00000144381.18	HSPD1	chr2	197486584	197516737	5	5	5
ENSG00000115541.11	HSPE1	chr2	197500140	197503449	5	5	5
ENSG00000270757.1	HSPE1-MOB4	chr2	197500413	197550726	5	5	5
ENSG00000115540.15	MOB4	chr2	197515571	197553699	5	5	5
ENSG00000231699.1	AC020550.1	chr2	197533803	197533965	5	5	5
ENSG00000162944.11	RFTN2	chr2	197568224	197676045	5	5	5
ENSG00000287858.1	AC020550.2	chr2	197640441	197641574	5	5	5
ENSG00000222017.1	AC011997.1	chr2	197693106	197774823	5	5	5
ENSG00000247626.5	MARS2	chr2	197705369	197708395	5	5	5
ENSG00000152430.18	BOLL	chr2	197726879	197786762	5	5	5
ENSG00000115896.16	PLCL1	chr2	197804593	198572581	5	5	5
ENSG00000286020.1	AC011997.2	chr2	197817423	197836326	5	5	5
ENSG00000237035.1	AC020719.1	chr2	198187802	198191521	5	5	5
ENSG00000236653.3	LINC01923	chr2	198299276	198375490	5	5	5
ENSG00000225421.2	AC019330.1	chr2	198493242	198772356	5	5	5
ENSG00000231557.1	AC020718.1	chr2	198882573	199071791	5	5	5
ENSG00000230407.1	AC018717.1	chr2	199108584	199110088	5	5	5
ENSG00000238698.1	RNU7-147P	chr2	199191059	199191120	5	5	5
ENSG00000119042.17	SATB2	chr2	199269500	199471266	5	5	5
ENSG00000257045.1	AC016746.1	chr2	199325310	199329362	5	5	5
ENSG00000225953.3	SATB2-AS1	chr2	199457700	199476935	5	5	5
ENSG00000238217.6	LINC01877	chr2	199608068	199750341	5	5	5
ENSG00000213938.3	SEPHS1P6	chr2	199659551	199660729	5	5	5
ENSG00000226124.8	FTCDNL1	chr2	199760544	199851192	5	5	5
ENSG00000232732.11	AC097717.1	chr2	199867396	199911159	5	5	5
ENSG00000227004.2	AC108032.1	chr2	199872172	199872378	5	5	5
ENSG00000240302.3	RN7SL717P	chr2	199901081	199901377	5	5	5
ENSG00000178074.6	C2orf69	chr2	199911293	199955935	5	5	5
ENSG00000162971.11	TYW5	chr2	199928913	199955736	5	5	5
ENSG00000162972.10	MAIP1	chr2	199955317	200008540	5	5	5
ENSG00000287027.1	AC004464.1	chr2	200086870	200100025	5	5	5
ENSG00000196141.14	SPATS2L	chr2	200305881	200482264	5	5	5
ENSG00000201649.1	RNY4P34	chr2	200373175	200373269	5	5	5
ENSG00000287299.1	AC012459.1	chr2	200390666	200478018	5	5	5
ENSG00000155729.13	KCTD18	chr2	200488958	200519784	5	5	5
ENSG00000163535.18	SGO2	chr2	200510008	200584096	5	5	5
ENSG00000138356.14	AOX1	chr2	200586014	200677064	5	5	5
ENSG00000244301.6	AOX3P	chr2	200678233	200734109	5	5	5
ENSG00000284084.1	AOX3P-AOX2P	chr2	200695723	200748040	5	5	5
ENSG00000237166.2	LINC01792	chr2	200711535	200735186	5	5	5
ENSG00000243478.9	AOX2P	chr2	200738608	200794239	5	5	5
ENSG00000201737.1	RNU1-133P	chr2	200775584	200775750	5	5	5
ENSG00000230408.3	BZW1-AS1	chr2	200780495	200812170	5	5	5
ENSG00000082153.18	BZW1	chr2	200810594	200827338	5	5	5
ENSG00000207116.1	RNU6-31P	chr2	200830009	200830116	5	5	5
ENSG00000224346.1	BICD1P1	chr2	200844240	200845461	5	5	5
ENSG00000223092.1	RNA5SP115	chr2	200849038	200849144	5	5	5
ENSG00000013441.16	CLK1	chr2	200853009	200864744	5	5	5
ENSG00000252759.1	Y_RNA	chr2	200863152	200863247	5	5	5
ENSG00000240344.9	PPIL3	chr2	200870907	200889303	5	5	5
ENSG00000201499.1	RNU6-312P	chr2	200881715	200881821	5	5	5
ENSG00000196290.16	NIF3L1	chr2	200889327	200903938	5	5	5
ENSG00000252916.1	RNU6-762P	chr2	200899020	200899121	5	5	5
ENSG00000115942.9	ORC2	chr2	200908977	200963680	5	5	5
ENSG00000183308.6	AC005037.1	chr2	200963263	201009102	5	5	5
ENSG00000155744.9	FAM126B	chr2	200973718	201071671	5	5	5
ENSG00000225695.1	HNRNPA1P35	chr2	201063089	201064051	5	5	5
ENSG00000226658.1	RPL23AP30	chr2	201066691	201067191	5	5	5
ENSG00000119013.9	NDUFB3	chr2	201071433	201085750	5	5	5
ENSG00000252148.1	RNU6-1206P	chr2	201079842	201079944	5	5	5
ENSG00000273975.1	Metazoa_SRP	chr2	201097744	201098091	5	5	5
ENSG00000232719.1	AC007272.1	chr2	201101382	201103136	5	5	5
ENSG00000224672.4	RPL17P10	chr2	201102089	201102957	5	5	5
ENSG00000003402.20	CFLAR	chr2	201116154	201176687	5	5	5
ENSG00000232133.1	IMPDH1P10	chr2	201137516	201140027	5	5	5
ENSG00000226312.7	CFLAR-AS1	chr2	201140278	201157823	5	5	5
ENSG00000238829.1	RNU7-45P	chr2	201141904	201141966	5	5	5
ENSG00000235579.1	RPL38P5	chr2	201162484	201162680	5	5	5
ENSG00000234431.2	AC007283.1	chr2	201166965	201167546	5	5	5
ENSG00000003400.15	CASP10	chr2	201182898	201229406	5	5	5
ENSG00000227348.1	MTND5P25	chr2	201212283	201213081	5	5	5
ENSG00000225796.2	MTND4P23	chr2	201213298	201214660	5	5	5
ENSG00000235318.3	MTND4LP13	chr2	201214653	201214950	5	5	5
ENSG00000064012.22	CASP8	chr2	201233443	201287711	5	5	5
ENSG00000155749.13	FLACC1	chr2	201288271	201357398	5	5	5
ENSG00000115993.13	TRAK2	chr2	201377207	201451500	5	5	5
ENSG00000082146.13	STRADB	chr2	201387858	201480846	5	5	5
ENSG00000213090.2	SCYL2P1	chr2	201410544	201413308	5	5	5
ENSG00000202008.1	Y_RNA	chr2	201423513	201423604	5	5	5
ENSG00000155754.15	C2CD6	chr2	201487421	201619178	5	5	5
ENSG00000234842.1	MTCO2P16	chr2	201549631	201550307	5	5	5
ENSG00000224299.1	MTATP6P16	chr2	201550524	201551049	5	5	5
ENSG00000227736.1	MTCO3P16	chr2	201552859	201553612	5	5	5
ENSG00000224590.1	MTND3P16	chr2	201553688	201554031	5	5	5
ENSG00000234731.2	MTND4LP16	chr2	201554096	201554390	5	5	5
ENSG00000249177.1	MTND4P29	chr2	201554384	201556051	5	5	5
ENSG00000227841.1	MTND5P31	chr2	201556892	201558265	5	5	5
ENSG00000155755.19	TMEM237	chr2	201620184	201643570	5	5	5
ENSG00000241790.2	ENO1P4	chr2	201621646	201623430	5	5	5
ENSG00000287133.1	AC007279.1	chr2	201643398	201645990	5	5	5
ENSG00000082126.18	MPP4	chr2	201644870	201698694	5	5	5
ENSG00000222972.1	RNU6-651P	chr2	201646716	201646820	5	5	5
ENSG00000003393.15	ALS2	chr2	201700267	201780956	5	5	5
ENSG00000230799.1	RPS2P16	chr2	201762737	201763573	5	5	5
ENSG00000138395.17	CDK15	chr2	201790461	201895550	5	5	5
ENSG00000202137.1	Y_RNA	chr2	201808681	201808782	5	5	5
ENSG00000231124.1	UBE2V1P11	chr2	201824548	201824832	5	5	5
ENSG00000212184.1	RNU6-440P	chr2	201927439	201927543	5	5	5
ENSG00000273209.1	AC069148.1	chr2	202032770	202033537	5	5	5
ENSG00000155760.2	FZD7	chr2	202034587	202038445	5	5	5
ENSG00000182329.14	KIAA2012	chr2	202073255	202205188	5	5	5
ENSG00000222035.4	KIAA2012-AS1	chr2	202075410	202117062	5	5	5
ENSG00000287041.1	AC079354.2	chr2	202137570	202149627	5	5	5
ENSG00000231903.1	AC079354.1	chr2	202178660	202179391	5	5	5
ENSG00000227890.1	PSMA2P3	chr2	202179297	202179971	5	5	5
ENSG00000223825.5	DAZAP2P1	chr2	202201384	202201886	5	5	5
ENSG00000116030.17	SUMO1	chr2	202206182	202238599	5	5	5
ENSG00000224463.1	RPL39P14	chr2	202231696	202231849	5	5	5
ENSG00000055044.11	NOP58	chr2	202265736	202303661	5	5	5
ENSG00000212534.1	SNORD70	chr2	202276431	202276518	5	5	5
ENSG00000212309.1	SNORD70B	chr2	202278108	202278192	5	5	5
ENSG00000271852.1	SNORD11B	chr2	202291332	202291421	5	5	5
ENSG00000238317.2	SNORD11	chr2	202293051	202293134	5	5	5
ENSG00000286223.1	AC064836.3	chr2	202302122	202303614	5	5	5
ENSG00000264275.1	RN7SL753P	chr2	202333439	202333728	5	5	5
ENSG00000226261.1	PIMREGP1	chr2	202336024	202336727	5	5	5
ENSG00000272966.1	AC064836.1	chr2	202336739	202337200	5	5	5
ENSG00000242696.3	RN7SL40P	chr2	202357076	202357417	5	5	5
ENSG00000273456.1	AC064836.2	chr2	202374932	202375604	5	5	5
ENSG00000204217.15	BMPR2	chr2	202376327	202567751	5	5	5
ENSG00000270915.1	H3P8	chr2	202505012	202505343	5	5	5
ENSG00000236047.1	RPL13AP12	chr2	202520401	202520989	5	5	5
ENSG00000223619.1	MTCO1P17	chr2	202614214	202614704	5	5	5
ENSG00000233888.2	MTCO2P17	chr2	202614853	202615529	5	5	5
ENSG00000235433.1	MTATP6P17	chr2	202615769	202616440	5	5	5
ENSG00000237542.1	MTCO3P17	chr2	202616700	202617212	5	5	5
ENSG00000233134.1	MTND3P17	chr2	202617284	202617627	5	5	5
ENSG00000241221.2	MTND4LP17	chr2	202617695	202617987	5	5	5
ENSG00000227454.2	MTND4P30	chr2	202617983	202618881	5	5	5
ENSG00000233311.1	MTCO1P54	chr2	202619185	202619896	5	5	5
ENSG00000138439.12	FAM117B	chr2	202634969	202769757	5	5	5
ENSG00000163596.16	ICA1L	chr2	202773150	202871985	5	5	5
ENSG00000240761.1	AC098831.1	chr2	202773720	202774360	5	5	5
ENSG00000233579.1	KRT8P15	chr2	202840331	202841781	5	5	5
ENSG00000138442.10	WDR12	chr2	202874261	203014798	5	5	5
ENSG00000138380.18	CARF	chr2	202912214	202988263	5	5	5
ENSG00000232479.2	KRT8P52	chr2	202924609	202925904	5	5	5
ENSG00000270664.1	AC010900.1	chr2	202995194	202995403	5	5	5
ENSG00000144426.18	NBEAL1	chr2	203014879	203226378	5	5	5
ENSG00000232994.1	RPL7P14	chr2	203040108	203040899	5	5	5
ENSG00000202059.1	AC023271.1	chr2	203052285	203052418	5	5	5
ENSG00000228513.1	AC023271.2	chr2	203061314	203062403	5	5	5
ENSG00000225124.1	RPL23AP36	chr2	203074685	203075142	5	5	5
ENSG00000204196.5	RPL12P16	chr2	203190780	203191277	5	5	5
ENSG00000119004.16	CYP20A1	chr2	203238977	203306026	5	5	5
ENSG00000264041.2	RN7SL670P	chr2	203259604	203259897	5	5	5
ENSG00000238285.1	MRPL50P2	chr2	203315390	203315871	5	5	5
ENSG00000138443.17	ABI2	chr2	203328280	203447728	5	5	5
ENSG00000256458.1	AC080075.1	chr2	203328459	203329226	5	5	5
ENSG00000173166.18	RAPH1	chr2	203394345	203535335	5	5	5
ENSG00000233459.1	AC125238.2	chr2	203634577	203636016	5	5	5
ENSG00000233031.1	AC125238.1	chr2	203672175	203672423	5	5	5
ENSG00000178562.18	CD28	chr2	203706475	203738912	5	5	5
ENSG00000224791.1	KRT18P39	chr2	203764295	203765593	5	5	5
ENSG00000213925.3	NPM1P33	chr2	203772631	203773502	5	5	5
ENSG00000206970.1	RNU6-474P	chr2	203782037	203782143	5	5	5
ENSG00000163599.17	CTLA4	chr2	203867771	203873965	5	5	5
ENSG00000163600.13	ICOS	chr2	203936763	203961577	5	5	5
ENSG00000235951.1	AC009965.2	chr2	204065706	204067363	5	5	5
ENSG00000234714.1	AC009965.1	chr2	204090457	204109849	5	5	5
ENSG00000237271.2	AC009498.1	chr2	204219984	204234985	5	5	5
ENSG00000236681.1	DSTNP5	chr2	204306842	204307364	5	5	5
ENSG00000225304.1	AC106901.1	chr2	204379095	204379792	5	5	5
ENSG00000236634.1	AC016903.1	chr2	204470076	204473837	5	5	5
ENSG00000237843.2	AC016903.2	chr2	204473834	204507672	5	5	5
ENSG00000116117.18	PARD3B	chr2	204545475	205620162	5	5	5
ENSG00000287524.1	AC007736.1	chr2	204668863	204678698	5	5	5
ENSG00000223890.1	AC008171.1	chr2	205253304	205253503	5	5	5
ENSG00000118257.17	NRP2	chr2	205681990	205798133	5	5	5
ENSG00000225216.6	AC007362.1	chr2	205756469	205764006	5	5	5
ENSG00000201875.1	RN7SKP178	chr2	205900630	205900958	5	5	5
ENSG00000213739.3	PPIAP68	chr2	205949091	205950145	5	5	5
ENSG00000225610.1	AC007679.1	chr2	205989585	206000858	5	5	5
ENSG00000114933.16	INO80D	chr2	205993721	206086303	5	5	5
ENSG00000252485.1	Vault	chr2	206007880	206007974	5	5	5
ENSG00000207386.1	Y_RNA	chr2	206025593	206025697	5	5	5
ENSG00000237041.1	RPL27P8	chr2	206040432	206040845	5	5	5
ENSG00000227946.1	AC007383.1	chr2	206084605	206086564	5	5	5
ENSG00000023228.14	NDUFS1	chr2	206114817	206159509	5	5	5
ENSG00000231955.1	AC007383.2	chr2	206115547	206122323	5	5	5
ENSG00000237580.1	GCSHP3	chr2	206116110	206116500	5	5	5
ENSG00000114942.14	EEF1B2	chr2	206159585	206162928	5	5	5
ENSG00000277502.1	AC007383.3	chr2	206160843	206161024	5	5	5
ENSG00000281780.1	snoZ196	chr2	206161841	206161929	5	5	5
ENSG00000207047.2	SNORD51	chr2	206161878	206161957	5	5	5
ENSG00000207406.1	SNORA41	chr2	206162228	206162359	5	5	5
ENSG00000183671.12	GPR1	chr2	206175316	206218047	5	5	5
ENSG00000279220.4	GPR1-AS	chr2	206203543	206265326	5	5	5
ENSG00000222496.1	RN7SKP200	chr2	206221315	206221634	5	5	5
ENSG00000159186.4	ATP5POP1	chr2	206236236	206236871	5	5	5
ENSG00000224070.1	HMGN1P6	chr2	206259628	206259918	5	5	5
ENSG00000252716.1	RN7SKP260	chr2	206260066	206260214	5	5	5
ENSG00000204186.10	ZDBF2	chr2	206274663	206314427	5	5	5
ENSG00000180105.11	ACER2P1	chr2	206410087	206410909	5	5	5
ENSG00000234491.1	HNRNPA1P51	chr2	206419292	206420238	5	5	5
ENSG00000114948.13	ADAM23	chr2	206443532	206621127	5	5	5
ENSG00000228577.1	AC010731.1	chr2	206606497	206609812	5	5	5
ENSG00000231653.1	AC010731.2	chr2	206640073	206641282	5	5	5
ENSG00000235118.8	FAM237A	chr2	206642412	206649011	5	5	5
ENSG00000232125.5	DYTN	chr2	206651621	206721570	5	5	5
ENSG00000213083.3	VPS26CP1	chr2	206686517	206687362	5	5	5
ENSG00000207319.1	Y_RNA	chr2	206701065	206701185	5	5	5
ENSG00000138400.13	MDH1B	chr2	206737763	206765328	5	5	5
ENSG00000118246.14	FASTKD2	chr2	206765357	206796189	5	5	5
ENSG00000263468.1	MIR3130-2	chr2	206783234	206783308	5	5	5
ENSG00000283469.1	MIR3130-1	chr2	206783234	206783308	5	5	5
ENSG00000229321.2	AC008269.1	chr2	206798325	206926876	5	5	5
ENSG00000260171.1	AC008269.2	chr2	206821190	206822294	5	5	5
ENSG00000144410.5	CPO	chr2	206939518	206969474	5	5	5
ENSG00000118263.15	KLF7	chr2	207074137	207167267	5	5	5
ENSG00000253008.2	MIR2355	chr2	207109987	207110073	5	5	5
ENSG00000237892.1	KLF7-IT1	chr2	207120884	207122044	5	5	5
ENSG00000229647.2	MYOSLID	chr2	207166120	207248668	5	5	5
ENSG00000277590.1	MIR7845	chr2	207166400	207166498	5	5	5
ENSG00000224342.1	AC007879.1	chr2	207173634	207222790	5	5	5
ENSG00000234902.6	AC007879.3	chr2	207186717	207236066	5	5	5
ENSG00000286568.1	AC007879.5	chr2	207217532	207219145	5	5	5
ENSG00000225916.1	AC007879.2	chr2	207226949	207228308	5	5	5
ENSG00000240440.1	AC007879.4	chr2	207235299	207237875	5	5	5
ENSG00000223725.6	AC009226.1	chr2	207239864	207529795	5	5	5
ENSG00000225064.1	LINC01802	chr2	207260445	207270690	5	5	5
ENSG00000221628.1	MIR1302-4	chr2	207269275	207269424	5	5	5
ENSG00000118260.15	CREB1	chr2	207529737	207605988	5	5	5
ENSG00000144401.14	METTL21A	chr2	207580631	207625928	5	5	5
ENSG00000223433.1	RPS29P9	chr2	207654781	207654951	5	5	5
ENSG00000224137.1	LINC01857	chr2	207662375	207667024	5	5	5
ENSG00000199251.1	RNU6-664P	chr2	207680533	207680639	5	5	5
ENSG00000213082.3	PPP1R14BP2	chr2	207681590	207682033	5	5	5
ENSG00000200764.1	Y_RNA	chr2	207687960	207688059	5	5	5
ENSG00000163249.13	CCNYL1	chr2	207711540	207761839	5	5	5
ENSG00000272851.1	AC096772.1	chr2	207753872	207754435	5	5	5
ENSG00000284079.1	MIR4775	chr2	207754807	207754881	5	5	5
ENSG00000163251.4	FZD5	chr2	207762598	207769906	5	5	5
ENSG00000178385.15	PLEKHM3	chr2	207821288	208025527	5	5	5
ENSG00000225111.1	AC083900.1	chr2	207868582	207869915	5	5	5
ENSG00000212246.1	RNU6-360P	chr2	208019638	208019741	5	5	5
ENSG00000185078.3	RPL9P14	chr2	208031383	208031953	5	5	5
ENSG00000251941.1	RNA5SP116	chr2	208054161	208054258	5	5	5
ENSG00000224839.1	RPL12P17	chr2	208057248	208057745	5	5	5
ENSG00000229150.1	CRYGEP	chr2	208108233	208112511	5	5	5
ENSG00000118231.5	CRYGD	chr2	208121607	208124524	5	5	5
ENSG00000163254.5	CRYGC	chr2	208128137	208129828	5	5	5
ENSG00000224529.1	AC093698.1	chr2	208135394	208137697	5	5	5
ENSG00000182187.4	CRYGB	chr2	208142573	208146158	5	5	5
ENSG00000168582.5	CRYGA	chr2	208160740	208163589	5	5	5
ENSG00000188674.11	C2orf80	chr2	208165343	208190030	5	5	5
ENSG00000233869.1	RPSAP27	chr2	208208135	208208984	5	5	5
ENSG00000228111.1	TPT1P2	chr2	208214724	208222625	5	5	5
ENSG00000138413.14	IDH1	chr2	208236229	208266074	5	5	5
ENSG00000231908.1	IDH1-AS1	chr2	208255247	208256181	5	5	5
ENSG00000115020.17	PIKFYVE	chr2	208266255	208358746	5	5	5
ENSG00000228380.1	MYL6BP1	chr2	208269343	208269957	5	5	5
ENSG00000144407.9	PTH2R	chr2	208359714	208854503	5	5	5
ENSG00000213081.3	ARPC1BP1	chr2	208360631	208361369	5	5	5
ENSG00000227430.1	H3P9	chr2	208466238	208466626	5	5	5
ENSG00000231896.1	AC019185.1	chr2	208469850	208540413	5	5	5
ENSG00000232409.1	AC019185.2	chr2	208516908	208517230	5	5	5
ENSG00000287662.1	AC109824.1	chr2	208885755	208888143	5	5	5
ENSG00000202164.1	RNA5SP117	chr2	208920547	208920664	5	5	5
ENSG00000235864.1	HSPA8P6	chr2	209072597	209074148	5	5	5
ENSG00000232799.1	CRYGFP	chr2	209145241	209147687	5	5	5
ENSG00000240286.1	MEAF6P1	chr2	209178804	209182018	5	5	5
ENSG00000229670.2	PKP4P1	chr2	209178966	209181123	5	5	5
ENSG00000286249.1	AC016743.1	chr2	209353977	209387322	5	5	5
ENSG00000078018.20	MAP2	chr2	209424058	209734118	5	5	5
ENSG00000222317.1	RNA5SP118	chr2	209721913	209722021	5	5	5
ENSG00000144406.19	UNC80	chr2	209771832	209999300	5	5	5
ENSG00000237194.1	SNAI1P1	chr2	209808804	209809580	5	5	5
ENSG00000197713.15	RPE	chr2	210002565	210022260	5	5	5
ENSG00000144445.17	KANSL1L	chr2	210021421	210171409	5	5	5
ENSG00000272807.1	AC007038.1	chr2	210028417	210029156	5	5	5
ENSG00000229127.2	KANSL1L-AS1	chr2	210030572	210064356	5	5	5
ENSG00000231063.1	RPL6P6	chr2	210088226	210089064	5	5	5
ENSG00000279317.2	AC006994.1	chr2	210171518	210233976	5	5	5
ENSG00000115361.8	ACADL	chr2	210187126	210225447	5	5	5
ENSG00000199203.1	Y_RNA	chr2	210265963	210266074	5	5	5
ENSG00000168530.16	MYL1	chr2	210290150	210315174	5	5	5
ENSG00000234281.5	LANCL1-AS1	chr2	210324759	210469246	5	5	5
ENSG00000115365.12	LANCL1	chr2	210431249	210477652	5	5	5
ENSG00000021826.17	CPS1	chr2	210477682	210679107	5	5	5
ENSG00000280837.1	CPS1-IT1	chr2	210617571	210619876	5	5	5
ENSG00000271074.1	AC012491.1	chr2	211104934	211105732	5	5	5
ENSG00000231017.1	RPS27P10	chr2	211298941	211299189	5	5	5
ENSG00000178568.15	ERBB4	chr2	211375717	212538841	5	5	5
ENSG00000199585.1	RNA5SP119	chr2	211535653	211535769	5	5	5
ENSG00000232631.1	MTND2P23	chr2	211777206	211777856	5	5	5
ENSG00000236007.1	MTCO1P46	chr2	211778273	211779763	5	5	5
ENSG00000221782.1	MIR548F2	chr2	212426263	212426360	5	5	5
ENSG00000273118.1	AC093865.1	chr2	212581357	213021545	5	5	5
ENSG00000234308.3	LINC01878	chr2	212795300	212819264	5	5	5
ENSG00000231254.2	PCED1CP	chr2	212832161	212832945	5	5	5
ENSG00000223373.1	AC108066.1	chr2	212911003	212919809	5	5	5
ENSG00000266354.1	MIR4776-1	chr2	212926257	212926336	5	5	5
ENSG00000283637.1	MIR4776-2	chr2	212926257	212926336	5	5	5
ENSG00000286965.1	AC108066.2	chr2	212932894	212937520	5	5	5
ENSG00000030419.16	IKZF2	chr2	212999691	213152427	5	5	5
ENSG00000270659.1	AC079610.1	chr2	213152970	213153659	5	5	5
ENSG00000236193.3	LINC01953	chr2	213155806	213167712	5	5	5
ENSG00000272519.1	AC079610.2	chr2	213266995	213276152	5	5	5
ENSG00000196096.3	SPAG16-DT	chr2	213276552	213284205	5	5	5
ENSG00000144451.19	SPAG16	chr2	213284379	214410501	5	5	5
ENSG00000265734.1	MIR4438	chr2	213758067	213758159	5	5	5
ENSG00000197585.10	AC068051.1	chr2	214241676	214684246	5	5	5
ENSG00000213917.2	RPL5P8	chr2	214280638	214281452	5	5	5
ENSG00000174453.10	VWC2L	chr2	214411054	214578976	5	5	5
ENSG00000224257.1	VWC2L-IT1	chr2	214510196	214536890	5	5	5
ENSG00000177261.8	ENSAP3	chr2	214697727	214698059	5	5	5
ENSG00000138376.11	BARD1	chr2	214725646	214809683	5	5	5
ENSG00000229267.3	SNHG31	chr2	214810181	214963575	5	5	5
ENSG00000207274.1	SNORA70I	chr2	214846947	214847081	5	5	5
ENSG00000230076.1	RPL10P6	chr2	214847128	214847445	5	5	5
ENSG00000144452.15	ABCA12	chr2	214931542	215138626	5	5	5
ENSG00000227769.7	AC072062.1	chr2	215004782	215085488	5	5	5
ENSG00000286836.1	AC092844.1	chr2	215178791	215310947	5	5	5
ENSG00000237571.1	LINC02862	chr2	215274992	215277947	5	5	5
ENSG00000138363.15	ATIC	chr2	215311956	215349773	5	5	5
ENSG00000115414.21	FN1	chr2	215360440	215436073	5	5	5
ENSG00000230695.1	AC012462.3	chr2	215436253	215436992	5	5	5
ENSG00000225166.2	AC012462.1	chr2	215453688	215486639	5	5	5
ENSG00000228618.1	AC012462.2	chr2	215476667	215480248	5	5	5
ENSG00000234938.2	AC012668.2	chr2	215530447	215545526	5	5	5
ENSG00000237525.7	AC012668.3	chr2	215533133	215713895	5	5	5
ENSG00000227981.2	AC012668.1	chr2	215579407	215582635	5	5	5
ENSG00000235770.6	LINC00607	chr2	215611563	215848954	5	5	5
ENSG00000230838.1	LINC01614	chr2	215718043	215719424	5	5	5
ENSG00000216721.3	AC093850.1	chr2	215804731	215804981	5	5	5
ENSG00000227824.1	AC122136.1	chr2	215869923	215870518	5	5	5
ENSG00000226276.1	AC093382.1	chr2	215939308	215941719	5	5	5
ENSG00000118242.16	MREG	chr2	215942584	216034096	5	5	5
ENSG00000115425.14	PECR	chr2	215996329	216082955	5	5	5
ENSG00000163449.11	TMEM169	chr2	216081866	216102783	5	5	5
ENSG00000079246.16	XRCC5	chr2	216107464	216206303	5	5	5
ENSG00000232970.1	POLHP1	chr2	216156342	216156811	5	5	5
ENSG00000236478.2	AC012513.2	chr2	216174896	216176032	5	5	5
ENSG00000279348.1	AC012513.3	chr2	216211404	216213519	5	5	5
ENSG00000260804.3	LINC01963	chr2	216217045	216220192	5	5	5
ENSG00000144583.5	MARCHF4	chr2	216257865	216372483	5	5	5
ENSG00000231092.1	AC012513.1	chr2	216259595	216266130	5	5	5
ENSG00000233581.1	AC069155.1	chr2	216303325	216321737	5	5	5
ENSG00000207303.1	Y_RNA	chr2	216351403	216351504	5	5	5
ENSG00000235042.1	SMARCAL1-AS1	chr2	216385288	216412696	5	5	5
ENSG00000138375.13	SMARCAL1	chr2	216412414	216483053	5	5	5
ENSG00000232485.3	RPL37A-DT	chr2	216479030	216498761	5	5	5
ENSG00000241520.1	AC098820.1	chr2	216483032	216487196	5	5	5
ENSG00000197756.10	RPL37A	chr2	216498825	216579180	5	5	5
ENSG00000224391.1	LINC01280	chr2	216590426	216606938	5	5	5
ENSG00000225794.3	AC073321.1	chr2	216594359	216611206	5	5	5
ENSG00000235444.2	PSMB3P2	chr2	216610342	216610959	5	5	5
ENSG00000115457.10	IGFBP2	chr2	216632828	216664436	5	5	5
ENSG00000115461.5	IGFBP5	chr2	216672105	216695549	5	5	5
ENSG00000236886.2	AC007563.2	chr2	216694464	216994079	5	5	5
ENSG00000237930.1	RPL31P14	chr2	216785774	216786144	5	5	5
ENSG00000222832.1	RNA5SP120	chr2	216793489	216793600	5	5	5
ENSG00000229352.1	AC007563.1	chr2	216799608	216805335	5	5	5
ENSG00000234588.1	FABP5P14	chr2	216805737	216806129	5	5	5
ENSG00000286601.1	AC007563.3	chr2	216821077	216831910	5	5	5
ENSG00000231597.1	AC007557.2	chr2	216854389	216855132	5	5	5
ENSG00000118245.2	TNP1	chr2	216859458	216860064	5	5	5
ENSG00000223874.2	LINC01921	chr2	216859948	216871643	5	5	5
ENSG00000237479.1	AC007557.4	chr2	216866332	216867813	5	5	5
ENSG00000227021.1	AC007557.1	chr2	216868012	216869156	5	5	5
ENSG00000236295.1	AC007557.3	chr2	216870441	216873932	5	5	5
ENSG00000259855.1	AC007749.1	chr2	216995906	216996490	5	5	5
ENSG00000287498.1	AC007749.2	chr2	217061067	217064818	5	5	5
ENSG00000251982.1	RN7SKP43	chr2	217251556	217251875	5	5	5
ENSG00000233143.2	DIRC3-AS1	chr2	217261699	217336120	5	5	5
ENSG00000278004.1	AC009492.1	chr2	217283370	217283523	5	5	5
ENSG00000231672.8	DIRC3	chr2	217284019	217756593	5	5	5
ENSG00000224414.1	AC010886.1	chr2	217693895	217696763	5	5	5
ENSG00000231035.1	RPL7L1P9	chr2	217760547	217761291	5	5	5
ENSG00000079308.19	TNS1	chr2	217799588	218033982	5	5	5
ENSG00000275458.1	MIR6809	chr2	217900513	217900628	5	5	5
ENSG00000223923.2	TNS1-AS1	chr2	217978707	217993747	5	5	5
ENSG00000188282.12	RUFY4	chr2	218034960	218090581	5	5	5
ENSG00000229754.1	CXCR2P1	chr2	218059155	218065729	5	5	5
ENSG00000180871.8	CXCR2	chr2	218125289	218137251	5	5	5
ENSG00000163464.8	CXCR1	chr2	218162841	218166962	5	5	5
ENSG00000224159.1	HMGB1P9	chr2	218200434	218201388	5	5	5
ENSG00000163466.16	ARPC2	chr2	218217141	218254356	5	5	5
ENSG00000261338.2	AC021016.1	chr2	218255319	218257366	5	5	5
ENSG00000179921.15	GPBAR1	chr2	218259496	218263861	5	5	5
ENSG00000127837.10	AAMP	chr2	218264129	218270178	5	5	5
ENSG00000127838.14	PNKD	chr2	218270392	218346793	5	5	5
ENSG00000135926.15	TMBIM1	chr2	218274197	218292586	5	5	5
ENSG00000284173.1	MIR6513	chr2	218280125	218280188	5	5	5
ENSG00000237281.1	CATIP-AS2	chr2	218326889	218357966	5	5	5
ENSG00000278524.1	MIR6810	chr2	218341911	218341980	5	5	5
ENSG00000230580.1	RPL19P5	chr2	218354075	218354572	5	5	5
ENSG00000158428.4	CATIP	chr2	218356857	218368099	5	5	5
ENSG00000225062.1	CATIP-AS1	chr2	218366665	218367835	5	5	5
ENSG00000018280.17	SLC11A1	chr2	218382029	218396894	5	5	5
ENSG00000144579.8	CTDSP1	chr2	218398256	218405941	5	5	5
ENSG00000273361.1	AC021016.2	chr2	218398743	218399219	5	5	5
ENSG00000199121.4	MIR26B	chr2	218402646	218402722	5	5	5
ENSG00000127831.11	VIL1	chr2	218419121	218453295	5	5	5
ENSG00000135913.11	USP37	chr2	218450251	218568351	5	5	5
ENSG00000222714.1	RN7SKP38	chr2	218500729	218501037	5	5	5
ENSG00000144580.14	CNOT9	chr2	218568580	218597080	5	5	5
ENSG00000207393.1	RNU6-136P	chr2	218589214	218589320	5	5	5
ENSG00000115556.14	PLCD4	chr2	218607855	218637184	5	5	5
ENSG00000115568.16	ZNF142	chr2	218633329	218659655	5	5	5
ENSG00000074582.15	BCS1L	chr2	218658764	218663443	5	5	5
ENSG00000163481.8	RNF25	chr2	218663892	218672002	5	5	5
ENSG00000163482.12	STK36	chr2	218672069	218702716	5	5	5
ENSG00000135912.11	TTLL4	chr2	218710835	218755416	5	5	5
ENSG00000135929.9	CYP27A1	chr2	218781749	218815293	5	5	5
ENSG00000286154.1	AC009974.2	chr2	218799729	218802554	5	5	5
ENSG00000272555.1	AC009974.1	chr2	218818690	218819144	5	5	5
ENSG00000115592.11	PRKAG3	chr2	218822383	218832086	5	5	5
ENSG00000283639.1	MIR9500	chr2	218823090	218823154	5	5	5
ENSG00000232625.1	RPL23AP31	chr2	218841599	218842065	5	5	5
ENSG00000115596.4	WNT6	chr2	218859805	218874233	5	5	5
ENSG00000135925.9	WNT10A	chr2	218880852	218899581	5	5	5
ENSG00000228135.1	LINC01494	chr2	218900811	218930636	5	5	5
ENSG00000200029.1	RNU6-642P	chr2	218916184	218916287	5	5	5
ENSG00000235024.1	AC097468.2	chr2	218944629	218961903	5	5	5
ENSG00000224928.2	KRT8P30	chr2	218953401	218954050	5	5	5
ENSG00000171450.6	CDK5R2	chr2	218959666	218962155	5	5	5
ENSG00000236445.5	LINC00608	chr2	218975393	218989940	5	5	5
ENSG00000163497.3	FEV	chr2	218981087	218985184	5	5	5
ENSG00000163499.12	CRYBA2	chr2	218990189	218993422	5	5	5
ENSG00000198973.4	MIR375	chr2	219001645	219001708	5	5	5
ENSG00000224090.1	AC097468.1	chr2	219002215	219015721	5	5	5
ENSG00000181378.14	CFAP65	chr2	219002846	219041527	5	5	5
ENSG00000163501.7	IHH	chr2	219054424	219060921	5	5	5
ENSG00000264755.1	MIR3131	chr2	219058688	219058750	5	5	5
ENSG00000286606.1	AC097468.3	chr2	219065308	219070022	5	5	5
ENSG00000187736.13	NHEJ1	chr2	219069357	219160865	5	5	5
ENSG00000280537.2	AC068946.1	chr2	219075329	219170827	5	5	5
ENSG00000240317.3	RN7SL764P	chr2	219102434	219102719	5	5	5
ENSG00000213901.11	SLC23A3	chr2	219161465	219170095	5	5	5
ENSG00000115649.16	CNPPD1	chr2	219171897	219178106	5	5	5
ENSG00000144567.11	RETREG2	chr2	219176225	219185475	5	5	5
ENSG00000158552.13	ZFAND2B	chr2	219195237	219209651	5	5	5
ENSG00000287529.1	AC068946.3	chr2	219198640	219200034	5	5	5
ENSG00000115657.14	ABCB6	chr2	219209772	219218994	5	5	5
ENSG00000284820.1	AC068946.2	chr2	219209772	219222738	5	5	5
ENSG00000198925.12	ATG9A	chr2	219219380	219229717	5	5	5
ENSG00000163516.14	ANKZF1	chr2	219229783	219236679	5	5	5
ENSG00000163521.16	GLB1L	chr2	219236598	219245478	5	5	5
ENSG00000115661.14	STK16	chr2	219245455	219250337	5	5	5
ENSG00000127824.14	TUBA4A	chr2	219249710	219278170	5	5	5
ENSG00000243910.8	TUBA4B	chr2	219253243	219272197	5	5	5
ENSG00000135924.16	DNAJB2	chr2	219279342	219286898	5	5	5
ENSG00000054356.14	PTPRN	chr2	219289623	219309648	5	5	5
ENSG00000207647.1	MIR153-1	chr2	219294111	219294200	5	5	5
ENSG00000230432.1	AC114803.1	chr2	219299002	219304130	5	5	5
ENSG00000182698.12	RESP18	chr2	219327407	219333177	5	5	5
ENSG00000232789.1	AC053503.2	chr2	219358870	219358983	5	5	5
ENSG00000123992.20	DNPEP	chr2	219372043	219400022	5	5	5
ENSG00000229525.1	AC053503.1	chr2	219388496	219403633	5	5	5
ENSG00000175084.12	DES	chr2	219418377	219426734	5	5	5
ENSG00000234638.1	AC053503.3	chr2	219425071	219426184	5	5	5
ENSG00000280323.1	AC053503.5	chr2	219427477	219429319	5	5	5
ENSG00000072195.15	SPEG	chr2	219434843	219493629	5	5	5
ENSG00000227432.1	ASIC4-AS1	chr2	219482073	219516877	5	5	5
ENSG00000286143.1	AC053503.6	chr2	219491867	219498244	5	5	5
ENSG00000286095.1	SPEGNB	chr2	219496125	219498287	5	5	5
ENSG00000268603.1	AC053503.4	chr2	219497611	219498246	5	5	5
ENSG00000144591.19	GMPPA	chr2	219498884	219506989	5	5	5
ENSG00000072182.13	ASIC4	chr2	219514170	219538772	5	5	5
ENSG00000123989.14	CHPF	chr2	219538948	219543809	5	5	5
ENSG00000188760.11	TMEM198	chr2	219543663	219550595	5	5	5
ENSG00000268896.1	AC009955.3	chr2	219547211	219547658	5	5	5
ENSG00000265252.1	MIR3132	chr2	219549073	219549147	5	5	5
ENSG00000124006.15	OBSL1	chr2	219550728	219571859	5	5	5
ENSG00000269068.1	AC009955.4	chr2	219559083	219559626	5	5	5
ENSG00000123999.5	INHA	chr2	219569162	219575711	5	5	5
ENSG00000222678.1	RN7SKP213	chr2	219590687	219590984	5	5	5
ENSG00000144589.22	STK11IP	chr2	219597857	219616451	5	5	5
ENSG00000228973.1	AC009955.1	chr2	219625059	219626693	5	5	5
ENSG00000114923.17	SLC4A3	chr2	219627394	219641980	5	5	5
ENSG00000267919.1	AC009955.2	chr2	219645090	219645631	5	5	5
ENSG00000231802.1	DNAJB6P3	chr2	219684030	219684795	5	5	5
ENSG00000227308.2	LINC02832	chr2	219685381	219737937	5	5	5
ENSG00000223903.1	RPL23P4	chr2	219697799	219698214	5	5	5
ENSG00000228909.2	LINC01803	chr2	219903900	219904923	5	5	5
ENSG00000286199.1	AC008281.1	chr2	219904983	219912834	5	5	5
ENSG00000266518.1	MIR4268	chr2	219906502	219906565	5	5	5
ENSG00000225911.1	AC009310.1	chr2	220048822	220049272	5	5	5
ENSG00000239498.1	AC019211.1	chr2	220105656	220450778	5	5	5
ENSG00000235337.1	AC093083.1	chr2	220127546	220212491	5	5	5
ENSG00000236451.3	AC067956.1	chr2	220450679	220741493	5	5	5
ENSG00000224819.2	AC093843.1	chr2	220776818	220855873	5	5	5
ENSG00000286272.1	AC093843.2	chr2	220811618	220853456	5	5	5
ENSG00000232089.1	AC011233.1	chr2	221162771	221163053	5	5	5
ENSG00000286170.1	AC011233.2	chr2	221306290	221308329	5	5	5
ENSG00000116106.12	EPHA4	chr2	221418027	221574202	5	5	5
ENSG00000226726.1	TMEM256P2	chr2	221532668	221533008	5	5	5
ENSG00000272944.1	AC079834.1	chr2	221572506	221574454	5	5	5
ENSG00000230406.2	RPL23P5	chr2	221592441	221592861	5	5	5
ENSG00000234446.3	AC068489.1	chr2	221609324	221650218	5	5	5
ENSG00000233868.1	LLPHP3	chr2	221944223	221944612	5	5	5
ENSG00000226666.1	HSPA9P1	chr2	221961737	221963765	5	5	5
ENSG00000226331.1	RPL23AP28	chr2	222044525	222044994	5	5	5
ENSG00000135903.20	PAX3	chr2	222199887	222298998	5	5	5
ENSG00000163081.4	CCDC140	chr2	222298147	222305217	5	5	5
ENSG00000288658.1	AC010980.1	chr2	222317242	222320208	5	5	5
ENSG00000237732.9	CT75	chr2	222318275	222352989	5	5	5
ENSG00000200822.1	Y_RNA	chr2	222404985	222405095	5	5	5
ENSG00000163082.10	SGPP2	chr2	222424543	222562621	5	5	5
ENSG00000228670.4	NANOGP2	chr2	222452400	222453126	5	5	5
ENSG00000202016.1	RNU6-619P	chr2	222498291	222498398	5	5	5
ENSG00000234285.1	GAPDHP49	chr2	222503883	222504843	5	5	5
ENSG00000116120.11	FARSB	chr2	222566899	222656092	5	5	5
ENSG00000124003.13	MOGAT1	chr2	222671658	222709930	5	5	5
ENSG00000233751.1	RRAS2P2	chr2	222677677	222678289	5	5	5
ENSG00000203531.3	AC104772.1	chr2	222698623	222699484	5	5	5
ENSG00000235225.1	RPL31P17	chr2	222726457	222726834	5	5	5
ENSG00000123983.14	ACSL3	chr2	222860942	222944639	5	5	5
ENSG00000224121.1	ATG12P2	chr2	222904640	222905055	5	5	5
ENSG00000234193.1	ACSL3-AS1	chr2	222917387	222919363	5	5	5
ENSG00000278083.1	AC013476.1	chr2	222945930	222946388	5	5	5
ENSG00000152049.6	KCNE4	chr2	223051814	223198399	5	5	5
ENSG00000243125.3	RN7SL807P	chr2	223248498	223248794	5	5	5
ENSG00000233299.1	HIGD1AP4	chr2	223398267	223398546	5	5	5
ENSG00000231189.1	AC013448.1	chr2	223498773	223504611	5	5	5
ENSG00000235610.1	AC013448.2	chr2	223505476	223510933	5	5	5
ENSG00000171951.5	SCG2	chr2	223596940	223602361	5	5	5
ENSG00000226539.1	MLXP1	chr2	223704621	223705338	5	5	5
ENSG00000152056.17	AP1S3	chr2	223751686	223838027	5	5	5
ENSG00000286239.1	AC093884.1	chr2	223757258	223945299	5	5	5
ENSG00000085449.15	WDFY1	chr2	223855716	223945357	5	5	5
ENSG00000135900.4	MRPL44	chr2	223957463	223967714	5	5	5
ENSG00000228802.1	AC073641.1	chr2	223965701	223967706	5	5	5
ENSG00000135919.14	SERPINE2	chr2	223975045	224039318	5	5	5
ENSG00000224826.1	USP21P1	chr2	224169664	224171537	5	5	5
ENSG00000228681.1	AC008072.1	chr2	224294930	224295753	5	5	5
ENSG00000124019.10	FAM124B	chr2	224378698	224402107	5	5	5
ENSG00000274629.1	AC073052.1	chr2	224464682	224474500	5	5	5
ENSG00000036257.13	CUL3	chr2	224470150	224585397	5	5	5
ENSG00000228446.2	ANKRD49P1	chr2	224499387	224500100	5	5	5
ENSG00000283428.1	CCDC195	chr2	224703764	224716365	5	5	5
ENSG00000135905.20	DOCK10	chr2	224765090	225042468	5	5	5
ENSG00000263828.1	MIR4439	chr2	225010461	225010540	5	5	5
ENSG00000144460.12	NYAP2	chr2	225399710	225654018	5	5	5
ENSG00000228206.2	AC016717.1	chr2	225698254	225698539	5	5	5
ENSG00000273301.1	AC016717.2	chr2	225698514	225703654	5	5	5
ENSG00000279015.1	AC016717.3	chr2	225761559	225762112	5	5	5
ENSG00000230621.1	AC068138.1	chr2	225992981	225993197	5	5	5
ENSG00000235070.3	AC062015.1	chr2	226180044	226185371	5	5	5
ENSG00000263363.1	MIR5702	chr2	226658710	226658793	5	5	5
ENSG00000169047.5	IRS1	chr2	226731317	226799759	5	5	5
ENSG00000272622.2	AC010735.2	chr2	226800146	226813741	5	5	5
ENSG00000261379.1	AC010735.1	chr2	226804036	226805061	5	5	5
ENSG00000144468.17	RHBDD1	chr2	226835581	226999215	5	5	5
ENSG00000212391.1	AC073149.1	chr2	226968989	226969122	5	5	5
ENSG00000081052.13	COL4A4	chr2	227002714	227164453	5	5	5
ENSG00000169031.20	COL4A3	chr2	227164624	227314792	5	5	5
ENSG00000236432.8	MFF-DT	chr2	227221052	227325711	5	5	5
ENSG00000168958.20	MFF	chr2	227325151	227357836	5	5	5
ENSG00000168955.4	TM4SF20	chr2	227362038	227381995	5	5	5
ENSG00000284629.1	SCYGR1	chr2	227387683	227387949	5	5	5
ENSG00000284092.1	MIR5703	chr2	227472132	227472187	5	5	5
ENSG00000173744.18	AGFG1	chr2	227472152	227561217	5	5	5
ENSG00000285843.1	SCYGR9	chr2	227587237	227587515	5	5	5
ENSG00000284643.1	SCYGR2	chr2	227598893	227599255	5	5	5
ENSG00000284622.2	SCYGR10	chr2	227608784	227609101	5	5	5
ENSG00000042304.12	C2orf83	chr2	227610090	227648606	5	5	5
ENSG00000284704.1	SCYGR3	chr2	227614538	227614840	5	5	5
ENSG00000236116.1	AC064853.1	chr2	227616998	227617790	5	5	5
ENSG00000284631.1	SCYGR4	chr2	227616998	227618655	5	5	5
ENSG00000284667.1	SCYGR5	chr2	227666804	227667061	5	5	5
ENSG00000135917.16	SLC19A3	chr2	227683763	227718028	5	5	5
ENSG00000284725.1	SCYGR6	chr2	227724440	227724757	5	5	5
ENSG00000284718.1	SCYGR7	chr2	227728335	227728625	5	5	5
ENSG00000284635.1	SCYGR8	chr2	227745845	227746681	5	5	5
ENSG00000252346.1	RNA5SP121	chr2	227763052	227763152	5	5	5
ENSG00000226718.1	SNRPGP8	chr2	227778510	227778735	5	5	5
ENSG00000229172.1	AC073065.1	chr2	227801840	227804705	5	5	5
ENSG00000115009.13	CCL20	chr2	227805739	227817564	5	5	5
ENSG00000183514.4	TDGF1P2	chr2	227870083	227870644	5	5	5
ENSG00000123977.10	DAW1	chr2	227871054	227924344	5	5	5
ENSG00000272237.1	AC073065.2	chr2	227887631	227887744	5	5	5
ENSG00000153820.13	SPHKAP	chr2	227979955	228181687	5	5	5
ENSG00000200281.1	RNU6-624P	chr2	228169743	228169849	5	5	5
ENSG00000203387.2	SNF8P1	chr2	228352120	228353215	5	5	5
ENSG00000286772.1	AC009410.1	chr2	228378500	228379773	5	5	5
ENSG00000232023.3	LINC01807	chr2	228475224	228841689	5	5	5
ENSG00000228226.1	AC012070.1	chr2	228683537	228684580	5	5	5
ENSG00000237322.1	RPL7L1P10	chr2	228753324	228753786	5	5	5
ENSG00000153823.19	PID1	chr2	228850526	229271287	5	5	5
ENSG00000226297.1	RPL17P14	chr2	229003886	229004400	5	5	5
ENSG00000253006.1	RN7SKP283	chr2	229236340	229236609	5	5	5
ENSG00000187957.8	DNER	chr2	229357629	229714555	5	5	5
ENSG00000287791.1	AC008273.1	chr2	229407358	229408328	5	5	5
ENSG00000238782.1	RNU7-9P	chr2	229606238	229606299	5	5	5
ENSG00000235993.1	AC007559.1	chr2	229701794	229702148	5	5	5
ENSG00000153827.14	TRIP12	chr2	229763837	229923239	5	5	5
ENSG00000222344.1	RNU6-613P	chr2	229894346	229894453	5	5	5
ENSG00000153832.12	FBXO36	chr2	229922302	230013119	5	5	5
ENSG00000252333.1	RNU6-964P	chr2	229937814	229937882	5	5	5
ENSG00000231534.1	FBXO36-IT1	chr2	229942728	229945137	5	5	5
ENSG00000206725.1	RNU6-1027P	chr2	229973315	229973421	5	5	5
ENSG00000163053.11	SLC16A14	chr2	230034982	230068993	5	5	5
ENSG00000199400.1	RNY4P19	chr2	230058229	230058324	5	5	5
ENSG00000225963.8	AC009950.1	chr2	230121370	230174223	5	5	5
ENSG00000283451.1	AC009950.2	chr2	230138601	230138783	5	5	5
ENSG00000135899.19	SP110	chr2	230165186	230225729	5	5	5
ENSG00000079263.19	SP140	chr2	230203110	230313215	5	5	5
ENSG00000185404.17	SP140L	chr2	230327184	230403732	5	5	5
ENSG00000279964.1	AC009949.1	chr2	230410700	230412529	5	5	5
ENSG00000067066.17	SP100	chr2	230415942	230545606	5	5	5
ENSG00000243650.3	RN7SL834P	chr2	230507101	230507386	5	5	5
ENSG00000250011.1	HMGB1P3	chr2	230515023	230515638	5	5	5
ENSG00000235419.5	AC010149.1	chr2	230520594	230580006	5	5	5
ENSG00000183022.5	TPM3P8	chr2	230573167	230573809	5	5	5
ENSG00000283202.1	AC010149.2	chr2	230584815	230586715	5	5	5
ENSG00000199791.1	RNU6-451P	chr2	230587121	230587227	5	5	5
ENSG00000226125.2	LINC01907	chr2	230690065	230700529	5	5	5
ENSG00000135932.11	CAB39	chr2	230712842	230821075	5	5	5
ENSG00000237758.1	BANF1P3	chr2	230725143	230725403	5	5	5
ENSG00000201044.1	RNU6-268P	chr2	230752141	230752247	5	5	5
ENSG00000270891.1	AC012507.2	chr2	230836909	230837385	5	5	5
ENSG00000135916.16	ITM2C	chr2	230864639	230879248	5	5	5
ENSG00000232520.2	GCSIR	chr2	230886474	230904693	5	5	5
ENSG00000135898.10	GPR55	chr2	230907318	230961066	5	5	5
ENSG00000230385.1	AC012507.1	chr2	230908852	230910102	5	5	5
ENSG00000283164.1	AC012507.3	chr2	230924567	230929919	5	5	5
ENSG00000235013.1	COX20P2	chr2	230957593	230957950	5	5	5
ENSG00000238062.6	SPATA3-AS1	chr2	230984368	230996032	5	5	5
ENSG00000173699.16	SPATA3	chr2	230990324	231025055	5	5	5
ENSG00000204128.6	C2orf72	chr2	231037523	231049719	5	5	5
ENSG00000261829.1	AC009407.1	chr2	231052040	231052637	5	5	5
ENSG00000173692.14	PSMD1	chr2	231056845	231173116	5	5	5
ENSG00000135914.6	HTR2B	chr2	231108230	231125042	5	5	5
ENSG00000201574.1	RNU1-93P	chr2	231133462	231133630	5	5	5
ENSG00000135931.18	ARMC9	chr2	231198546	231376848	5	5	5
ENSG00000237039.1	RPS28P4	chr2	231256097	231256306	5	5	5
ENSG00000263641.1	MIR4777	chr2	231362708	231362793	5	5	5
ENSG00000224376.1	AC017104.1	chr2	231388976	231394991	5	5	5
ENSG00000156966.7	B3GNT7	chr2	231395710	231401164	5	5	5
ENSG00000172799.5	ZBTB8OSP2	chr2	231433923	231434426	5	5	5
ENSG00000230047.1	HIGD2AP1	chr2	231437101	231437421	5	5	5
ENSG00000233538.1	AC017104.2	chr2	231452195	231453153	5	5	5
ENSG00000115053.17	NCL	chr2	231453531	231483641	5	5	5
ENSG00000206885.1	SNORA75	chr2	231455800	231455936	5	5	5
ENSG00000207280.1	SNORD20	chr2	231456444	231456523	5	5	5
ENSG00000202400.1	SNORD82	chr2	231460371	231460440	5	5	5
ENSG00000283312.1	AC017104.3	chr2	231493708	231495299	5	5	5
ENSG00000283491.1	AC017104.4	chr2	231497090	231507256	5	5	5
ENSG00000223198.1	RNU2-22P	chr2	231501990	231502201	5	5	5
ENSG00000181798.3	LINC00471	chr2	231508422	231514366	5	5	5
ENSG00000286942.1	AC017104.5	chr2	231518582	231521067	5	5	5
ENSG00000171596.7	NMUR1	chr2	231523187	231530445	5	5	5
ENSG00000231494.1	RPL21P35	chr2	231559903	231560364	5	5	5
ENSG00000228884.2	RPL23AP26	chr2	231585864	231586327	5	5	5
ENSG00000286399.1	AC104634.1	chr2	231588959	231592776	5	5	5
ENSG00000177673.4	TEX44	chr2	231592864	231594276	5	5	5
ENSG00000239202.3	RN7SL499P	chr2	231645998	231646273	5	5	5
ENSG00000187514.17	PTMA	chr2	231706895	231713551	5	5	5
ENSG00000277986.1	U4	chr2	231711525	231711647	5	5	5
ENSG00000284378.1	MIR1244-1	chr2	231713314	231713398	5	5	5
ENSG00000156973.14	PDE6D	chr2	231732433	231786272	5	5	5
ENSG00000281072.1	AC073476.3	chr2	231768604	231768680	5	5	5
ENSG00000144524.18	COPS7B	chr2	231781671	231809254	5	5	5
ENSG00000237641.1	RPL28P2	chr2	231789481	231789887	5	5	5
ENSG00000261096.1	AC073476.2	chr2	231809846	231812352	5	5	5
ENSG00000260622.1	AC073476.1	chr2	231810348	231810844	5	5	5
ENSG00000222246.1	MIR1471	chr2	231892242	231892298	5	5	5
ENSG00000163273.4	NPPC	chr2	231921809	231926396	5	5	5
ENSG00000144535.20	DIS3L2	chr2	231961245	232344350	5	5	5
ENSG00000227033.1	AC019130.1	chr2	231978488	232015720	5	5	5
ENSG00000207626.1	MIR562	chr2	232172653	232172747	5	5	5
ENSG00000251485.1	NRBF2P6	chr2	232343116	232343903	5	5	5
ENSG00000230122.1	ECEL1P3	chr2	232349754	232351309	5	5	5
ENSG00000275157.1	AC068134.3	chr2	232368576	232368697	5	5	5
ENSG00000163283.7	ALPP	chr2	232378724	232382889	5	5	5
ENSG00000224516.5	AC068134.1	chr2	232379635	232381674	5	5	5
ENSG00000244280.1	ECEL1P2	chr2	232385750	232387457	5	5	5
ENSG00000163286.9	ALPG	chr2	232406844	232410714	5	5	5
ENSG00000204121.2	ECEL1P1	chr2	232415818	232419816	5	5	5
ENSG00000237087.1	AC068134.2	chr2	232420661	232421461	5	5	5
ENSG00000223788.4	DIS3L2P1	chr2	232442034	232447418	5	5	5
ENSG00000163295.5	ALPI	chr2	232456125	232460753	5	5	5
ENSG00000171551.12	ECEL1	chr2	232479827	232487834	5	5	5
ENSG00000237412.7	PRSS56	chr2	232520388	232525716	5	5	5
ENSG00000135902.10	CHRND	chr2	232525993	232536667	5	5	5
ENSG00000196811.13	CHRNG	chr2	232539692	232548115	5	5	5
ENSG00000221944.9	TIGD1	chr2	232543883	232550557	5	5	5
ENSG00000284407.1	MIR5001	chr2	232550474	232550573	5	5	5
ENSG00000135930.14	EIF4E2	chr2	232550674	232583644	5	5	5
ENSG00000237126.8	AC073254.1	chr2	232580948	232611971	5	5	5
ENSG00000115468.12	EFHD1	chr2	232606057	232682780	5	5	5
ENSG00000244384.3	RN7SL359P	chr2	232649849	232650136	5	5	5
ENSG00000204120.16	GIGYF2	chr2	232697299	232860605	5	5	5
ENSG00000213055.3	EEF1B2P7	chr2	232729523	232730198	5	5	5
ENSG00000241409.1	AC064852.1	chr2	232760146	232767949	5	5	5
ENSG00000115474.7	KCNJ13	chr2	232765802	232776565	5	5	5
ENSG00000252452.1	RNU6-107P	chr2	232782665	232782766	5	5	5
ENSG00000199781.1	Y_RNA	chr2	232828653	232828751	5	5	5
ENSG00000182600.9	SNORC	chr2	232857270	232878708	5	5	5
ENSG00000066248.15	NGEF	chr2	232878701	233013256	5	5	5
ENSG00000222001.2	AC106876.1	chr2	233012614	233015885	5	5	5
ENSG00000115488.3	NEU2	chr2	233032672	233035057	5	5	5
ENSG00000168918.14	INPP5D	chr2	233059967	233207903	5	5	5
ENSG00000263941.2	RN7SL32P	chr2	233205199	233205479	5	5	5
ENSG00000085978.22	ATG16L1	chr2	233210051	233295674	5	5	5
ENSG00000252010.1	SCARNA5	chr2	233275727	233276002	5	5	5
ENSG00000251791.1	SCARNA6	chr2	233288676	233288940	5	5	5
ENSG00000130561.17	SAG	chr2	233307816	233347055	5	5	5
ENSG00000259793.1	AC013726.1	chr2	233351132	233353416	5	5	5
ENSG00000077044.11	DGKD	chr2	233354494	233472104	5	5	5
ENSG00000201013.1	Y_RNA	chr2	233379843	233379955	5	5	5
ENSG00000085982.14	USP40	chr2	233475520	233566782	5	5	5
ENSG00000271639.1	PPFIA1P1	chr2	233545482	233547032	5	5	5
ENSG00000228949.1	UGT1A12P	chr2	233585439	233586291	5	5	5
ENSG00000227846.1	UGT1A11P	chr2	233603553	233604401	5	5	5
ENSG00000242366.3	UGT1A8	chr2	233617645	233773310	5	5	5
ENSG00000242515.5	UGT1A10	chr2	233636454	233773305	5	5	5
ENSG00000234143.1	UGT1A13P	chr2	233647926	233649026	5	5	5
ENSG00000241119.2	UGT1A9	chr2	233671898	233773300	5	5	5
ENSG00000244122.2	UGT1A7	chr2	233681938	233773299	5	5	5
ENSG00000167165.19	UGT1A6	chr2	233691607	233773300	5	5	5
ENSG00000224814.1	AC114812.2	chr2	233693434	233708699	5	5	5
ENSG00000240224.1	UGT1A5	chr2	233712992	233773299	5	5	5
ENSG00000244474.6	UGT1A4	chr2	233718736	233773300	5	5	5
ENSG00000233445.1	RPL17P11	chr2	233721522	233722065	5	5	5
ENSG00000243135.6	UGT1A3	chr2	233729108	233773299	5	5	5
ENSG00000248114.1	AC114812.3	chr2	233738952	233741957	5	5	5
ENSG00000227802.1	DNAJB3	chr2	233742750	233744015	5	5	5
ENSG00000228445.1	UGT1A2P	chr2	233747214	233748079	5	5	5
ENSG00000248705.1	AC114812.4	chr2	233750617	233753656	5	5	5
ENSG00000178836.6	AC114812.1	chr2	233754305	233755345	5	5	5
ENSG00000241635.8	UGT1A1	chr2	233760270	233773300	5	5	5
ENSG00000185038.14	MROH2A	chr2	233775679	233833423	5	5	5
ENSG00000123485.12	HJURP	chr2	233833416	233854566	5	5	5
ENSG00000224287.2	MSL3P1	chr2	233865437	233868444	5	5	5
ENSG00000279809.1	AC005538.2	chr2	233865496	233867359	5	5	5
ENSG00000144481.17	TRPM8	chr2	233917373	234019522	5	5	5
ENSG00000237581.1	AC005538.1	chr2	233946146	233955435	5	5	5
ENSG00000286059.1	AC005538.3	chr2	233977872	233980018	5	5	5
ENSG00000072080.11	SPP2	chr2	234050679	234077134	5	5	5
ENSG00000279218.1	AC006037.2	chr2	234082259	234084490	5	5	5
ENSG00000226442.2	AC006037.1	chr2	234109081	234109481	5	5	5
ENSG00000261298.1	AC122134.1	chr2	234222838	234224514	5	5	5
ENSG00000237784.1	RPS20P12	chr2	234329483	234329838	5	5	5
ENSG00000288040.1	AC097713.2	chr2	234351247	234356038	5	5	5
ENSG00000228162.1	AC097713.1	chr2	234438328	234462127	5	5	5
ENSG00000231682.1	LINC01891	chr2	234444590	234454595	5	5	5
ENSG00000232690.1	HSPE1P9	chr2	234455157	234455783	5	5	5
ENSG00000188042.8	ARL4C	chr2	234493041	234497081	5	5	5
ENSG00000280744.1	LINC01173	chr2	234682668	234717764	5	5	5
ENSG00000278593.1	AC104394.1	chr2	234743542	234745606	5	5	5
ENSG00000235726.7	AC010148.1	chr2	234803808	234913384	5	5	5
ENSG00000130147.16	SH3BP4	chr2	234952017	235055714	5	5	5
ENSG00000226542.1	AC114814.1	chr2	235084822	235088586	5	5	5
ENSG00000231032.1	CEP19P1	chr2	235147016	235147500	5	5	5
ENSG00000235293.1	AC114814.2	chr2	235177896	235178905	5	5	5
ENSG00000157985.19	AGAP1	chr2	235494043	236131800	5	5	5
ENSG00000235529.1	AGAP1-IT1	chr2	235505751	235507566	5	5	5
ENSG00000222007.6	AC064874.1	chr2	235773855	235783387	5	5	5
ENSG00000228499.1	TMSB10P1	chr2	235882362	235882493	5	5	5
ENSG00000238812.1	RNU7-127P	chr2	236037250	236037311	5	5	5
ENSG00000264676.2	RN7SL204P	chr2	236072295	236072556	5	5	5
ENSG00000207049.1	Y_RNA	chr2	236153071	236153172	5	5	5
ENSG00000168505.7	GBX2	chr2	236165236	236168386	5	5	5
ENSG00000233611.3	AC019068.1	chr2	236167447	236294927	5	5	5
ENSG00000182177.14	ASB18	chr2	236194872	236264409	5	5	5
ENSG00000200745.1	RNU1-31P	chr2	236210373	236210548	5	5	5
ENSG00000132321.17	IQCA1	chr2	236324147	236507535	5	5	5
ENSG00000270540.1	AC093915.1	chr2	236367560	236369102	5	5	5
ENSG00000232893.1	IQCA1-AS1	chr2	236391074	236392388	5	5	5
ENSG00000231546.1	RPL3P5	chr2	236407846	236409077	5	5	5
ENSG00000144476.6	ACKR3	chr2	236567787	236582354	5	5	5
ENSG00000232328.3	AC084030.1	chr2	236733289	236754363	5	5	5
ENSG00000227252.2	AC012063.1	chr2	236910797	237085838	5	5	5
ENSG00000202341.1	RNU6-1051P	chr2	237015204	237015305	5	5	5
ENSG00000124835.2	AC105760.1	chr2	237048599	237056167	5	5	5
ENSG00000198612.11	COPS8	chr2	237085882	237100474	5	5	5
ENSG00000224844.1	AC107079.1	chr2	237122910	237124097	5	5	5
ENSG00000224132.2	AC112715.1	chr2	237257091	237257676	5	5	5
ENSG00000163359.16	COL6A3	chr2	237324003	237414207	5	5	5
ENSG00000222022.1	AC112721.1	chr2	237421420	237425276	5	5	5
ENSG00000222032.1	AC112721.2	chr2	237428920	237434822	5	5	5
ENSG00000115648.14	MLPH	chr2	237485428	237555322	5	5	5
ENSG00000277842.1	MIR6811	chr2	237510931	237510988	5	5	5
ENSG00000222449.1	RNU6-1140P	chr2	237563165	237563270	5	5	5
ENSG00000071677.1	PRLH	chr2	237566574	237567175	5	5	5
ENSG00000124839.13	RAB17	chr2	237574322	237601614	5	5	5
ENSG00000234949.2	AC104667.2	chr2	237591020	237595981	5	5	5
ENSG00000227107.1	AC104667.1	chr2	237612977	237626525	5	5	5
ENSG00000124831.19	LRRFIP1	chr2	237627587	237813682	5	5	5
ENSG00000286864.1	AC012076.1	chr2	237728569	237731131	5	5	5
ENSG00000177483.11	RBM44	chr2	237798389	237842808	5	5	5
ENSG00000132329.11	RAMP1	chr2	237858893	237912106	5	5	5
ENSG00000263723.1	SNORD39	chr2	237869904	237869982	5	5	5
ENSG00000184182.19	UBE2F	chr2	237966827	238042782	5	5	5
ENSG00000258984.5	UBE2F-SCLY	chr2	237967014	238099412	5	5	5
ENSG00000251971.1	RNU6-1333P	chr2	238028971	238029063	5	5	5
ENSG00000132330.18	SCLY	chr2	238060924	238099413	5	5	5
ENSG00000144488.15	ESPNL	chr2	238100340	238133287	5	5	5
ENSG00000168427.9	KLHL30	chr2	238138668	238152947	5	5	5
ENSG00000279484.2	KLHL30-AS1	chr2	238152889	238155994	5	5	5
ENSG00000178752.16	ERFE	chr2	238158970	238168900	5	5	5
ENSG00000132323.9	ILKAP	chr2	238170402	238203708	5	5	5
ENSG00000186235.11	LINC02610	chr2	238224552	238231699	5	5	5
ENSG00000225057.2	AC012485.1	chr2	238231684	238255633	5	5	5
ENSG00000144485.11	HES6	chr2	238238267	238240662	5	5	5
ENSG00000132326.12	PER2	chr2	238244044	238290102	5	5	5
ENSG00000283635.1	AC012485.3	chr2	238289127	238300185	5	5	5
ENSG00000232306.2	AC012485.2	chr2	238295392	238300620	5	5	5
ENSG00000204104.12	TRAF3IP1	chr2	238320441	238400897	5	5	5
ENSG00000202099.1	RNU6-234P	chr2	238412642	238412745	5	5	5
ENSG00000065802.12	ASB1	chr2	238426742	238452250	5	5	5
ENSG00000229915.1	AC016999.1	chr2	238427077	238427729	5	5	5
ENSG00000274346.1	AC016999.2	chr2	238454908	238457520	5	5	5
ENSG00000225493.1	LINC01107	chr2	238510690	238555054	5	5	5
ENSG00000234279.2	LINC01937	chr2	238554541	238740849	5	5	5
ENSG00000286160.2	AC113618.2	chr2	238711224	238722543	5	5	5
ENSG00000224252.1	AC113618.1	chr2	238735263	238735547	5	5	5
ENSG00000286748.1	AC145625.2	chr2	238771768	238784764	5	5	5
ENSG00000226992.1	AC145625.1	chr2	238788648	238789716	5	5	5
ENSG00000233608.4	TWIST2	chr2	238848032	238910534	5	5	5
ENSG00000227744.4	LINC01940	chr2	238919302	238926269	5	5	5
ENSG00000068024.17	HDAC4	chr2	239048168	239401654	5	5	5
ENSG00000266109.1	MIR4440	chr2	239068817	239068914	5	5	5
ENSG00000264810.1	MIR4441	chr2	239085827	239085926	5	5	5
ENSG00000286307.1	AC017028.1	chr2	239114858	239118842	5	5	5
ENSG00000287405.1	AC017028.2	chr2	239194118	239197654	5	5	5
ENSG00000265215.1	MIR4269	chr2	239305462	239305545	5	5	5
ENSG00000264292.1	MIR2467	chr2	239351724	239351804	5	5	5
ENSG00000222020.3	HDAC4-AS1	chr2	239401436	239402364	5	5	5
ENSG00000286525.1	AC023787.2	chr2	239439643	239531363	5	5	5
ENSG00000288082.1	AC023787.3	chr2	239493587	239496697	5	5	5
ENSG00000286188.1	AC023787.1	chr2	239538379	239544876	5	5	5
ENSG00000196758.3	AC079612.1	chr2	239578301	239586094	5	5	5
ENSG00000227459.1	AC079612.2	chr2	239625698	239630839	5	5	5
ENSG00000259889.1	AC093802.2	chr2	239734956	239735538	5	5	5
ENSG00000220256.4	AC093802.1	chr2	239762860	239824764	5	5	5
ENSG00000130414.13	NDUFA10	chr2	239892450	240025743	5	5	5
ENSG00000264279.1	MIR4786	chr2	239943015	239943094	5	5	5
ENSG00000182083.7	OR6B2	chr2	240028965	240030456	5	5	5
ENSG00000178586.5	OR6B3	chr2	240045077	240047027	5	5	5
ENSG00000231278.1	OR9S24P	chr2	240079433	240080362	5	5	5
ENSG00000213048.3	OR5S1P	chr2	240109102	240110052	5	5	5
ENSG00000172428.11	COPS9	chr2	240126563	240136807	5	5	5
ENSG00000178602.8	OTOS	chr2	240139026	240144562	5	5	5
ENSG00000286325.1	AC124861.3	chr2	240184716	240187878	5	5	5
ENSG00000286183.1	AC124861.2	chr2	240189710	240194408	5	5	5
ENSG00000227479.1	AC124861.1	chr2	240227560	240256035	5	5	5
ENSG00000276366.1	U3	chr2	240289216	240289443	5	5	5
ENSG00000063660.9	GPC1	chr2	240435663	240468076	5	5	5
ENSG00000218416.4	AC110619.1	chr2	240449315	240456714	5	5	5
ENSG00000207611.1	MIR149	chr2	240456001	240456089	5	5	5
ENSG00000144504.15	ANKMY1	chr2	240479422	240569209	5	5	5
ENSG00000287049.1	AC124862.1	chr2	240558089	240558925	5	5	5
ENSG00000188542.10	DUSP28	chr2	240560054	240565256	5	5	5
ENSG00000142327.13	RNPEPL1	chr2	240565804	240581372	5	5	5
ENSG00000260942.1	CAPN10-DT	chr2	240582700	240586699	5	5	5
ENSG00000142330.20	CAPN10	chr2	240586734	240617705	5	5	5
ENSG00000178623.12	GPR35	chr2	240605430	240631259	5	5	5
ENSG00000276949.1	AC011298.3	chr2	240672530	240672812	5	5	5
ENSG00000185176.13	AQP12B	chr2	240676418	240682906	5	5	5
ENSG00000219159.4	AC011298.1	chr2	240686334	240690414	5	5	5
ENSG00000184945.14	AQP12A	chr2	240691851	240698483	5	5	5
ENSG00000274977.1	AC011298.2	chr2	240701204	240701685	5	5	5
ENSG00000130294.17	KIF1A	chr2	240713761	240824293	5	5	5
ENSG00000172482.5	AGXT	chr2	240868824	240880502	5	5	5
ENSG00000172478.18	MAB21L4	chr2	240886048	240896889	5	5	5
ENSG00000226321.5	CROCC2	chr2	240906330	240993311	5	5	5
ENSG00000233392.5	UICLM	chr2	240954617	240967451	5	5	5
ENSG00000223991.1	AC104809.1	chr2	240981515	240986072	5	5	5
ENSG00000162804.14	SNED1	chr2	240998618	241095568	5	5	5
ENSG00000229996.1	AC093585.1	chr2	241010045	241010744	5	5	5
ENSG00000225521.1	SNED1-AS1	chr2	241015599	241064116	5	5	5
ENSG00000122085.17	MTERF4	chr2	241072169	241102332	5	5	5
ENSG00000115687.14	PASK	chr2	241106099	241150264	5	5	5
ENSG00000235861.1	AC005237.1	chr2	241118725	241118943	5	5	5
ENSG00000115685.15	PPP1R7	chr2	241149576	241183652	5	5	5
ENSG00000146205.14	ANO7	chr2	241188509	241225377	5	5	5
ENSG00000115677.17	HDLBP	chr2	241227264	241317061	5	5	5
ENSG00000168385.18	SEPTIN2	chr2	241315100	241354027	5	5	5
ENSG00000286588.1	AC104841.1	chr2	241326334	241327039	5	5	5
ENSG00000223374.1	AC005104.1	chr2	241351340	241353104	5	5	5
ENSG00000006607.14	FARP2	chr2	241356285	241494841	5	5	5
ENSG00000288080.1	AC005104.2	chr2	241360891	241372749	5	5	5
ENSG00000263752.1	MIR3133	chr2	241477905	241477982	5	5	5
ENSG00000224232.1	KCTD5P1	chr2	241478316	241478993	5	5	5
ENSG00000115694.15	STK25	chr2	241492670	241509730	5	5	5
ENSG00000234235.1	BOK-AS1	chr2	241544403	241558977			
ENSG00000176720.6	BOK	chr2	241551424	241574131			
ENSG00000273113.1	AC133528.1	chr2	241581922	241582726			
ENSG00000176946.12	THAP4	chr2	241584405	241637158			
ENSG00000207186.1	RNA5SP122	chr2	241584968	241585075			
ENSG00000168397.17	ATG4B	chr2	241637213	241673857			
ENSG00000168393.13	DTYMK	chr2	241675747	241686944			
ENSG00000168395.16	ING5	chr2	241687085	241729478			
ENSG00000235351.1	AC114730.3	chr2	241724615	241725693			
ENSG00000180902.18	D2HGDH	chr2	241734602	241768816			
ENSG00000215692.2	AC114730.1	chr2	241734715	241735498			
ENSG00000234793.1	AC114730.2	chr2	241754793	241755740			
ENSG00000154252.12	GAL3ST2	chr2	241776822	241804287			
ENSG00000215023.2	AC131097.1	chr2	241800916	241801907			
ENSG00000224272.2	AC131097.2	chr2	241808312	241812016			
ENSG00000204099.12	NEU4	chr2	241809065	241817413			
ENSG00000235151.1	AC131097.3	chr2	241844380	241845036			
ENSG00000188389.11	PDCD1	chr2	241849884	241858894			
ENSG00000188011.5	RTP5	chr2	241869600	241873823			
ENSG00000233806.7	LINC01237	chr2	241881363	242078722			
ENSG00000216921.9	FAM240C	chr2	241893988	241902551			
ENSG00000237940.3	LINC01238	chr2	241970683	241977276			
ENSG00000280119.1	AC093642.3	chr2	242001209	242006013			
ENSG00000226423.1	AC093642.1	chr2	242025183	242026176			
ENSG00000287971.1	AC093642.6	chr2	242037716	242041501			
ENSG00000232002.2	LINC01880	chr2	242047695	242084233			
ENSG00000261186.2	AC093642.2	chr2	242087351	242088457			
ENSG00000220804.8	LINC01881	chr2	242088633	242160153			
ENSG00000224160.1	CICP10	chr2	242119856	242120053			
ENSG00000244528.1	SEPTIN14P2	chr2	242122287	242122469			
ENSG00000271153.1	RPL23AP88	chr2	242175181	242175634			
ENSG00000223587.2	LINC01986	chr3	11745	24849			
ENSG00000224918.1	AC066595.1	chr3	53348	54346			
ENSG00000224318.6	CHL1-AS2	chr3	109707	197341			
ENSG00000287140.1	AC066595.2	chr3	123563	133500			
ENSG00000134121.10	CHL1	chr3	196763	409417			
ENSG00000252017.1	RNU6-1194P	chr3	282689	282792			
ENSG00000231660.1	RPS8P6	chr3	308714	309322			
ENSG00000234661.2	CHL1-AS1	chr3	363370	385795			
ENSG00000287505.1	AC087428.1	chr3	524012	551657			
ENSG00000224957.6	LINC01266	chr3	536062	846561			
ENSG00000238075.1	RPSAP32	chr3	617789	618314			
ENSG00000224239.1	AC090044.1	chr3	857124	858091			
ENSG00000235158.1	AC087430.1	chr3	1008135	1012934			
ENSG00000244169.3	RN7SL120P	chr3	1065580	1065875			
ENSG00000134115.13	CNTN6	chr3	1092658	1404217			
ENSG00000232563.1	CRB3P1	chr3	1394173	1394448			
ENSG00000184423.5	RPL23AP38	chr3	1595777	1596245			
ENSG00000214074.3	RPL23AP39	chr3	1730070	1730474			
ENSG00000214073.2	RPL21P17	chr3	1905651	1906125			
ENSG00000225044.1	AC018814.1	chr3	1962381	1987470			
ENSG00000223040.1	RN7SKP144	chr3	2088933	2089211			
ENSG00000144619.15	CNTN4	chr3	2098813	3057959	3	3	3
ENSG00000227588.2	CNTN4-AS2	chr3	2110409	2144241			
ENSG00000286363.1	AC087427.1	chr3	2135757	2141988			
ENSG00000230398.1	HINT2P1	chr3	2362258	2362738	3	3	3
ENSG00000225310.1	DNAJC19P4	chr3	2985231	2985575	3	3	3
ENSG00000237990.3	CNTN4-AS1	chr3	3039033	3069242	3	3	3
ENSG00000091181.20	IL5RA	chr3	3066324	3126613	3	3	3
ENSG00000253049.1	AC024060.1	chr3	3102913	3103015	3	3	3
ENSG00000072756.17	TRNT1	chr3	3126933	3150879	3	3	3
ENSG00000113851.14	CRBN	chr3	3144628	3179727	3	3	3
ENSG00000271870.1	AC024060.2	chr3	3152942	3153435	3	3	3
ENSG00000223727.6	AC034195.1	chr3	3250687	3627296	3	3	3
ENSG00000144455.14	SUMF1	chr3	3700814	4467273	3	3	3
ENSG00000175928.6	LRRN1	chr3	3799431	3849834	3	3	3
ENSG00000287720.1	AC023480.1	chr3	3918709	4046722	3	3	3
ENSG00000229241.1	PNPT1P1	chr3	3981981	3984295	3	3	3
ENSG00000286579.1	AC023483.1	chr3	4269153	4311495	3	3	3
ENSG00000170364.12	SETMAR	chr3	4303304	4317567	3	3	3
ENSG00000234325.1	MRPS10P2	chr3	4414580	4414960	3	3	3
ENSG00000231249.1	ITPR1-DT	chr3	4490891	4493163	3	3	3
ENSG00000150995.20	ITPR1	chr3	4493345	4847840	3	3	3
ENSG00000235947.1	EGOT	chr3	4749192	4751590	3	3	3
ENSG00000275981.1	AC018816.2	chr3	4750333	4750685	3	3	3
ENSG00000235978.6	AC018816.1	chr3	4814294	4887293	3	3	3
ENSG00000235831.7	BHLHE40-AS1	chr3	4896809	4980414	3	3	3
ENSG00000134107.5	BHLHE40	chr3	4979437	4985323	3	3	3
ENSG00000230182.1	RNF10P1	chr3	5068676	5069044	3	3	3
ENSG00000224082.1	UBTFL8	chr3	5080212	5084429	3	3	3
ENSG00000207283.1	Y_RNA	chr3	5086178	5086279	3	3	3
ENSG00000237566.1	AC090955.1	chr3	5099627	5099861	3	3	3
ENSG00000134108.14	ARL8B	chr3	5122249	5180911	3	3	3
ENSG00000233912.1	AC026202.2	chr3	5156905	5187329	3	3	3
ENSG00000268509.2	AC026202.3	chr3	5187172	5188298	3	3	3
ENSG00000134109.11	EDEM1	chr3	5187646	5219958	3	3	3
ENSG00000265180.1	MIR4790	chr3	5250177	5250255	3	3	3
ENSG00000241227.3	RN7SL553P	chr3	5252926	5253223	3	3	3
ENSG00000230944.1	AC026202.1	chr3	5255535	5256761	3	3	3
ENSG00000229642.1	AC087857.1	chr3	5962842	6124120	3	3	3
ENSG00000226022.1	AC026167.1	chr3	6148484	6365885	3	3	3
ENSG00000232958.1	AC027119.1	chr3	6208269	6208571	3	3	3
ENSG00000189229.11	AC069277.1	chr3	6490460	6736750	3	3	3
ENSG00000226258.7	GRM7-AS3	chr3	6631008	6805479	3	3	3
ENSG00000223719.1	AC069277.2	chr3	6692319	6693088	3	3	3
ENSG00000196277.16	GRM7	chr3	6770001	7741533	3	3	3
ENSG00000236152.1	MRPS36P1	chr3	6773037	6773343	3	3	3
ENSG00000237665.1	GRM7-AS2	chr3	6892632	6894022	3	3	3
ENSG00000288030.1	AC066585.1	chr3	7241916	7250209	3	3	3
ENSG00000236202.1	GRM7-AS1	chr3	7519741	7560333	3	3	3
ENSG00000270207.2	AC077690.1	chr3	7606890	7790482	3	3	3
ENSG00000227110.7	LMCD1-AS1	chr3	7951263	8611924	3	3	3
ENSG00000228351.3	AC018832.1	chr3	8079322	8125538	3	3	3
ENSG00000231401.2	AC023481.1	chr3	8359344	8366427	3	3	3
ENSG00000253081.1	RNU4ATAC17P	chr3	8364529	8364648	3	3	3
ENSG00000071282.12	LMCD1	chr3	8501807	8574668	3	3	3
ENSG00000224884.1	AC034187.1	chr3	8573726	8593124	3	3	3
ENSG00000125046.15	SSUH2	chr3	8619400	8745040	3	3	3
ENSG00000215160.3	OR7E122P	chr3	8682943	8693701	3	3	3
ENSG00000182533.7	CAV3	chr3	8733802	8841808	3	3	3
ENSG00000180914.10	OXTR	chr3	8750408	8769628	3	3	3
ENSG00000070950.10	RAD18	chr3	8775402	8963773	3	3	3
ENSG00000281863.1	AC034186.2	chr3	8931495	8931632	3	3	3
ENSG00000199815.2	AC034186.1	chr3	8931506	8931631	3	3	3
ENSG00000196220.16	SRGAP3	chr3	8980591	9363053	3	3	3
ENSG00000224808.1	SRGAP3-AS1	chr3	9014123	9015979	3	3	3
ENSG00000287623.1	AC037193.1	chr3	9100803	9104078	3	3	3
ENSG00000228723.6	SRGAP3-AS2	chr3	9192493	9194453	3	3	3
ENSG00000227929.4	SRGAP3-AS3	chr3	9216895	9219508	3	3	3
ENSG00000235830.2	SRGAP3-AS4	chr3	9249742	9257507	3	3	3
ENSG00000254485.5	AC026191.1	chr3	9292588	9363303	3	3	3
ENSG00000214041.4	PGAM1P4	chr3	9348443	9349192	3	3	3
ENSG00000206573.9	THUMPD3-AS1	chr3	9349689	9398579	3	3	3
ENSG00000134077.16	THUMPD3	chr3	9362971	9386791	3	3	3
ENSG00000168137.18	SETD5	chr3	9397615	9479240	3	3	3
ENSG00000156959.9	LHFPL4	chr3	9498361	9553822	3	3	3
ENSG00000235338.1	DUSP5P2	chr3	9600748	9602728	3	3	3
ENSG00000163719.20	MTMR14	chr3	9649433	9702393	3	3	3
ENSG00000287878.1	AC022382.2	chr3	9693182	9721399	3	3	3
ENSG00000144550.13	CPNE9	chr3	9703826	9729908	3	3	3
ENSG00000156983.16	BRPF1	chr3	9731729	9748015	3	3	3
ENSG00000114026.21	OGG1	chr3	9749944	9788219	3	3	3
ENSG00000134072.11	CAMK1	chr3	9757347	9769992	3	3	3
ENSG00000171148.13	TADA3	chr3	9779860	9793011	3	3	3
ENSG00000241553.12	ARPC4	chr3	9792495	9807726	3	3	3
ENSG00000250151.9	ARPC4-TTLL3	chr3	9793082	9835401	3	3	3
ENSG00000214021.16	TTLL3	chr3	9808086	9855138	3	3	3
ENSG00000269886.1	AC022382.1	chr3	9812762	9813097	3	3	3
ENSG00000156990.14	RPUSD3	chr3	9837849	9844602	3	3	3
ENSG00000187288.12	CIDEC	chr3	9866711	9880255	3	3	3
ENSG00000171135.15	JAGN1	chr3	9890574	9894349	3	3	3
ENSG00000163701.19	IL17RE	chr3	9902612	9916402	3	3	3
ENSG00000163702.20	IL17RC	chr3	9917074	9933630	3	3	3
ENSG00000212327.1	RNU6-882P	chr3	9919051	9919153	3	3	3
ENSG00000288550.1	AC018809.3	chr3	9929852	9945358	3	3	3
ENSG00000163703.19	CRELD1	chr3	9933816	9945406	3	3	3
ENSG00000269894.1	AC018809.1	chr3	9935706	9936258	3	3	3
ENSG00000163704.12	PRRT3	chr3	9945542	9952408	3	3	3
ENSG00000230082.1	PRRT3-AS1	chr3	9947404	9954787	3	3	3
ENSG00000269982.1	AC018809.2	chr3	9958717	9962539	3	3	3
ENSG00000125037.12	EMC3	chr3	9962537	10011116	3	3	3
ENSG00000180385.8	EMC3-AS1	chr3	9986893	10006990	3	3	3
ENSG00000232901.1	CYCSP10	chr3	10000647	10000940	3	3	3
ENSG00000206567.10	AC022007.1	chr3	10004048	10011209	3	3	3
ENSG00000186162.10	CIDECP1	chr3	10014238	10026365	3	3	3
ENSG00000144554.12	FANCD2	chr3	10026414	10101932	3	3	3
ENSG00000201182.1	RNU6-670P	chr3	10037552	10037655	3	3	3
ENSG00000229217.1	CYCSP11	chr3	10057973	10058287	3	3	3
ENSG00000163705.13	FANCD2OS	chr3	10081317	10108255	3	3	3
ENSG00000254999.4	BRK1	chr3	10115675	10127190	3	3	3
ENSG00000134086.8	VHL	chr3	10141778	10153667	3	3	3
ENSG00000287086.1	AC034193.1	chr3	10149986	10153326	3	3	3
ENSG00000134070.5	IRAK2	chr3	10164919	10243745	3	3	3
ENSG00000157014.11	TATDN2	chr3	10248023	10281218	3	3	3
ENSG00000272410.5	AC022384.1	chr3	10249372	10285796	3	3	3
ENSG00000231177.4	LINC00852	chr3	10284419	10285746	3	3	3
ENSG00000157017.16	GHRL	chr3	10285666	10292947	3	3	3
ENSG00000240288.8	GHRLOS	chr3	10285754	10294903	3	3	3
ENSG00000276678.1	AC022384.2	chr3	10287413	10287482	3	3	3
ENSG00000157020.18	SEC13	chr3	10293131	10321112	3	3	3
ENSG00000157087.20	ATP2B2	chr3	10324023	10708007	3	3	3
ENSG00000264534.3	MIR378B	chr3	10330229	10330285	3	3	3
ENSG00000216135.3	MIR885	chr3	10394489	10394562	3	3	3
ENSG00000236999.1	ATP2B2-IT1	chr3	10566255	10570375	3	3	3
ENSG00000224771.2	ATP2B2-IT2	chr3	10626015	10629307	3	3	3
ENSG00000226567.2	LINC00606	chr3	10759350	10764209	3	3	3
ENSG00000230599.2	AC018495.1	chr3	10767464	10771718	3	3	3
ENSG00000132164.10	SLC6A11	chr3	10816201	10940714	3	3	3
ENSG00000286962.1	AC027128.1	chr3	10914196	10977981	3	3	3
ENSG00000157103.12	SLC6A1	chr3	10992186	11039247	3	3	3
ENSG00000232287.2	SLC6A1-AS1	chr3	11006098	11019224	3	3	3
ENSG00000287964.1	AC066580.1	chr3	11060973	11091548	3	3	3
ENSG00000196639.7	HRH1	chr3	11137093	11263557	3	3	3
ENSG00000285906.2	AC083855.2	chr3	11193439	11225877	3	3	3
ENSG00000213964.3	CHCHD4P4	chr3	11234256	11234582	3	3	3
ENSG00000197548.12	ATG7	chr3	11272309	11557665	3	3	3
ENSG00000226621.1	AC083855.1	chr3	11290406	11290663	3	3	3
ENSG00000235240.1	AC026185.1	chr3	11488300	11488473	3	3	3
ENSG00000270531.1	AC022001.1	chr3	11529488	11529755	3	3	3
ENSG00000144560.15	VGLL4	chr3	11556069	11771350	3	3	3
ENSG00000271716.1	AC022001.2	chr3	11607184	11610748	3	3	3
ENSG00000272483.1	AC022001.3	chr3	11611602	11612197	3	3	3
ENSG00000144559.10	TAMM41	chr3	11790442	11846919	3	3	3
ENSG00000230342.2	FANCD2P2	chr3	11859674	11891172	3	3	3
ENSG00000224263.1	CYCSP12	chr3	11878830	11879129	3	3	3
ENSG00000225275.4	NUP210P2	chr3	11900011	11901245	3	3	3
ENSG00000231897.1	MARK2P14	chr3	11906527	11912313	3	3	3
ENSG00000251038.1	AC090958.1	chr3	11909634	11910765	3	3	3
ENSG00000263988.2	RN7SL147P	chr3	11952788	11953085	3	3	3
ENSG00000157152.17	SYN2	chr3	12004388	12192032	3	3	3
ENSG00000226642.1	ACTG1P12	chr3	12070195	12071360	3	3	3
ENSG00000157150.5	TIMP4	chr3	12153068	12158912	3	3	3
ENSG00000233026.1	MTCO1P5	chr3	12165299	12165642	3	3	3
ENSG00000236062.1	GSTM5P1	chr3	12257801	12258460	3	3	3
ENSG00000132170.23	PPARG	chr3	12287368	12434356	3	3	3
ENSG00000225026.1	AC091492.1	chr3	12328003	12328274	3	3	3
ENSG00000154743.18	TSEN2	chr3	12484432	12539623	3	3	3
ENSG00000200114.1	RNA5SP123	chr3	12511095	12511213	3	3	3
ENSG00000251774.1	RNU6-377P	chr3	12514706	12514807	3	3	3
ENSG00000225526.5	MKRN2OS	chr3	12514934	12561059	3	3	3
ENSG00000075975.17	MKRN2	chr3	12557057	12586208	3	3	3
ENSG00000274514.1	Metazoa_SRP	chr3	12576961	12577237	3	3	3
ENSG00000132155.13	RAF1	chr3	12583601	12664125	3	3	3
ENSG00000233252.1	CRIP1P1	chr3	12673699	12673883	3	3	3
ENSG00000088726.16	TMEM40	chr3	12733528	12769457	3	3	3
ENSG00000213943.3	KRT18P17	chr3	12787393	12788671	3	3	3
ENSG00000144712.12	CAND2	chr3	12796472	12871916	3	3	3
ENSG00000272263.1	AC034198.2	chr3	12832219	12832728	3	3	3
ENSG00000144713.13	RPL32	chr3	12834485	12841582	3	3	3
ENSG00000207496.1	SNORA7A	chr3	12840312	12840450	3	3	3
ENSG00000250939.2	AC034198.1	chr3	12850659	12850860	3	3	3
ENSG00000232746.1	LINC02022	chr3	12877522	12885211	3	3	3
ENSG00000144711.16	IQSEC1	chr3	12897043	13283281	3	3	3
ENSG00000231362.1	AC069271.1	chr3	13052967	13053122	3	3	3
ENSG00000132182.12	NUP210	chr3	13316235	13420322	3	3	3
ENSG00000238138.1	AC027124.2	chr3	13460294	13460398	3	3	3
ENSG00000223398.1	AC027124.1	chr3	13460424	13460889	3	3	3
ENSG00000244502.2	HDAC11-AS1	chr3	13476982	13480053	3	3	3
ENSG00000163517.15	HDAC11	chr3	13479724	13506424	3	3	3
ENSG00000163520.14	FBLN2	chr3	13549125	13638422	3	3	3
ENSG00000224514.3	LINC00620	chr3	13650696	13746638	3	3	3
ENSG00000154764.6	WNT7A	chr3	13816258	13880071	3	3	3
ENSG00000233121.1	VN1R20P	chr3	13926813	13927778	3	3	3
ENSG00000275340.1	FGD5P1	chr3	13933056	13937477	3	3	3
ENSG00000180438.15	TPRXL	chr3	13937273	14082811	3	3	3
ENSG00000287059.1	AC090004.2	chr3	14038647	14047181	3	3	3
ENSG00000224752.1	VN1R21P	chr3	14089107	14089871	3	3	3
ENSG00000163528.13	CHCHD4	chr3	14112077	14124870	3	3	3
ENSG00000170876.8	TMEM43	chr3	14125015	14143680	3	3	3
ENSG00000268279.4	AC090004.1	chr3	14135217	14148252	3	3	3
ENSG00000228242.6	XPC-AS1	chr3	14144637	14165978	3	3	3
ENSG00000154767.15	XPC	chr3	14145147	14178621	3	3	3
ENSG00000170860.4	LSM3	chr3	14178817	14201122	3	3	3
ENSG00000255021.1	AC093496.1	chr3	14272373	14303845	3	3	3
ENSG00000251576.1	LINC01267	chr3	14348451	14352568	3	3	3
ENSG00000199609.1	RNA5SP124	chr3	14394648	14394757	3	3	3
ENSG00000131389.17	SLC6A6	chr3	14402576	14489349	3	3	3
ENSG00000144596.13	GRIP2	chr3	14489107	14556075	3	3	3
ENSG00000207163.1	RNU6-905P	chr3	14530982	14531088	3	3	3
ENSG00000234123.1	RHBDF1P1	chr3	14572852	14574792	3	3	3
ENSG00000283392.1	AC090952.2	chr3	14602035	14641443	3	3	3
ENSG00000235629.1	AC090952.1	chr3	14648194	14649432	3	3	3
ENSG00000154781.16	CCDC174	chr3	14651746	14672659	3	3	3
ENSG00000131379.10	C3orf20	chr3	14675141	14773036	3	3	3
ENSG00000230172.1	AC090957.1	chr3	14764952	14767440	3	3	3
ENSG00000285969.1	AC087591.1	chr3	14791534	14793504	3	3	3
ENSG00000260902.1	LINC02011	chr3	14799331	14811414	3	3	3
ENSG00000154783.12	FGD5	chr3	14810853	14934571	3	3	3
ENSG00000225733.6	FGD5-AS1	chr3	14920347	14948424	3	3	3
ENSG00000177463.15	NR2C2	chr3	14947584	15053600	3	3	3
ENSG00000131368.8	MRPS25	chr3	15042460	15065317	3	3	3
ENSG00000131381.12	RBSN	chr3	15070073	15099163	3	3	3
ENSG00000228874.1	AC090954.1	chr3	15131848	15132208	3	3	3
ENSG00000227578.1	RPS3AP53	chr3	15141380	15142157	3	3	3
ENSG00000230524.8	COL6A4P1	chr3	15151833	15205959	3	3	3
ENSG00000131375.10	CAPN7	chr3	15206152	15252916	3	3	3
ENSG00000224660.2	SH3BP5-AS1	chr3	15254184	15264515	3	3	3
ENSG00000131370.16	SH3BP5	chr3	15254353	15341368	3	3	3
ENSG00000201162.1	RNU6-454P	chr3	15339749	15339855	3	3	3
ENSG00000226427.1	HMGN2P7	chr3	15375373	15375645	3	3	3
ENSG00000206562.12	METTL6	chr3	15381275	15440566	3	3	3
ENSG00000144597.14	EAF1	chr3	15427598	15450635	3	3	3
ENSG00000206926.1	RNU6-1024P	chr3	15433110	15433216	3	3	3
ENSG00000249786.7	EAF1-AS1	chr3	15436171	15455940	3	3	3
ENSG00000206561.13	COLQ	chr3	15450133	15521751	3	3	3
ENSG00000263573.1	MIR4270	chr3	15496239	15496308	3	3	3
ENSG00000288077.1	AC027129.1	chr3	15501439	15504060	3	3	3
ENSG00000241064.3	RN7SL110P	chr3	15506623	15506905	3	3	3
ENSG00000131373.15	HACL1	chr3	15560699	15601852	3	3	3
ENSG00000169814.16	BTD	chr3	15601341	15722311	3	3	3
ENSG00000206560.11	ANKRD28	chr3	15667236	15859771	3	3	3
ENSG00000264354.1	MIR3134	chr3	15697298	15697371	3	3	3
ENSG00000279465.1	AC090950.2	chr3	15731877	15732536	3	3	3
ENSG00000270409.1	AC090950.1	chr3	15732252	15733470	3	3	3
ENSG00000263740.2	RN7SL4P	chr3	15738515	15738809	3	3	3
ENSG00000287042.1	AC090945.1	chr3	15860158	15875979	3	3	3
ENSG00000207815.1	MIR563	chr3	15873771	15873849	3	3	3
ENSG00000224728.1	IMPDH1P8	chr3	15878047	15879571	3	3	3
ENSG00000286689.1	AC090946.1	chr3	15970003	15971253	3	3	3
ENSG00000131386.19	GALNT15	chr3	16174680	16231992	3	3	3
ENSG00000285654.1	AC090953.2	chr3	16252123	16253130	3	3	3
ENSG00000154813.10	DPH3	chr3	16257061	16264969	3	3	3
ENSG00000154814.14	OXNAD1	chr3	16265160	16350299	3	3	3
ENSG00000270739.1	AC090953.1	chr3	16275060	16276632	3	3	3
ENSG00000131378.14	RFTN1	chr3	16313574	16514026	3	3	3
ENSG00000271964.1	AC090948.1	chr3	16314439	16314987	3	3	3
ENSG00000272498.1	AC090948.2	chr3	16339308	16339871	3	3	3
ENSG00000272529.1	AC090948.3	chr3	16345126	16346440	3	3	3
ENSG00000287377.1	AC090948.4	chr3	16361348	16370398	3	3	3
ENSG00000288050.1	AC010727.1	chr3	16444540	16447914	3	3	3
ENSG00000233570.2	LINC00690	chr3	16524771	16541903	3	3	3
ENSG00000269391.2	AC010139.1	chr3	16524800	16531807	3	3	3
ENSG00000092345.14	DAZL	chr3	16586792	16670306	3	3	3
ENSG00000229271.1	AC091493.1	chr3	16687986	16697479	3	3	3
ENSG00000224039.1	CDYLP1	chr3	16692745	16694202	3	3	3
ENSG00000154822.18	PLCL2	chr3	16802651	17090604	3	3	3
ENSG00000283885.1	MIR3714	chr3	16933196	16933260	3	3	3
ENSG00000226441.2	PLCL2-AS1	chr3	17042742	17044192	3	3	3
ENSG00000285731.1	AC090644.1	chr3	17141015	17205165	3	3	3
ENSG00000131374.14	TBC1D5	chr3	17157162	18444817	3	3	3
ENSG00000231780.1	AC090960.1	chr3	17333126	17333431	3	3	3
ENSG00000227309.1	AC140076.1	chr3	17465150	17465510	3	3	3
ENSG00000271841.1	RNU7-10P	chr3	17664963	17665025	3	3	3
ENSG00000233133.1	AC104451.1	chr3	17706058	17706233	3	3	3
ENSG00000286352.1	AC104451.2	chr3	17742952	17745665	3	3	3
ENSG00000213383.2	AC104297.1	chr3	17871729	17872598	3	3	3
ENSG00000214286.2	PDCL3P3	chr3	17877455	17878169	3	3	3
ENSG00000226238.1	AC132807.1	chr3	17990023	17995544	3	3	3
ENSG00000274840.4	AC132807.2	chr3	18013226	18041603	3	3	3
ENSG00000182568.17	SATB1	chr3	18345377	18445588	3	3	3
ENSG00000272477.1	AC144521.1	chr3	18408680	18409635	3	3	3
ENSG00000228956.8	SATB1-AS1	chr3	18445024	18920401	3	3	3
ENSG00000236570.1	RAD23BP1	chr3	18538673	18539899	3	3	3
ENSG00000251761.1	RNU6-138P	chr3	18954943	18955049	3	3	3
ENSG00000183960.9	KCNH8	chr3	19148510	19535642	3	3	3
ENSG00000271898.1	MIR4791	chr3	19314848	19314931	3	3	3
ENSG00000287069.1	AC061958.1	chr3	19389185	19702795	3	3	3
ENSG00000163576.18	EFHB	chr3	19879472	19947025	3	3	3
ENSG00000232953.1	HSPA8P18	chr3	19940269	19943310	3	3	3
ENSG00000144566.11	RAB5A	chr3	19947097	19985175	3	3	3
ENSG00000183977.14	PP2D1	chr3	19979961	20012267	3	3	3
ENSG00000201545.1	RNU4-85P	chr3	19996803	19996925	3	3	3
ENSG00000230697.1	SAP18P3	chr3	20007852	20008247	3	3	3
ENSG00000229468.1	RPL39P18	chr3	20012452	20012606	3	3	3
ENSG00000114166.8	KAT2B	chr3	20040446	20154404	3	3	3
ENSG00000266745.1	MIR3135A	chr3	20137565	20137641	3	3	3
ENSG00000129810.15	SGO1	chr3	20160593	20186206	3	3	3
ENSG00000231304.2	SGO1-AS1	chr3	20174244	21145967	3	3	3
ENSG00000199577.1	RNU6-822P	chr3	20268965	20269070	3	3	3
ENSG00000261734.1	AC116096.1	chr3	20388249	20390562	3	3	3
ENSG00000206807.1	RNU6-815P	chr3	20507644	20507756	3	3	3
ENSG00000282987.1	AC099753.1	chr3	21006730	21226305	3	3	3
ENSG00000236380.5	VENTXP7	chr3	21405737	21406508	3	3	3
ENSG00000151789.12	ZNF385D	chr3	21412218	22373321	3	3	3
ENSG00000225542.2	ZNF385D-AS1	chr3	21542789	21579959	3	3	3
ENSG00000223351.5	ZNF385D-AS2	chr3	21942566	21979828	3	3	3
ENSG00000132967.9	HMGB1P5	chr3	22381819	22382929	3	3	3
ENSG00000234723.1	AC092421.1	chr3	22670201	22670711	3	3	3
ENSG00000271235.1	AC114477.1	chr3	22811390	22812047	3	3	3
ENSG00000226183.1	RANP7	chr3	22904135	22905151	3	3	3
ENSG00000231915.2	SALL4P5	chr3	22989823	22991582	3	3	3
ENSG00000215016.2	RPL24P7	chr3	23134372	23134824	3	3	3
ENSG00000233153.6	UBE2E2-AS1	chr3	23194929	23202703	3	3	3
ENSG00000182247.10	UBE2E2	chr3	23203020	23591794	3	3	3
ENSG00000206728.1	Y_RNA	chr3	23273807	23273910	3	3	3
ENSG00000228171.1	AC121251.1	chr3	23389661	23389909	3	3	3
ENSG00000252562.1	RNU6-922P	chr3	23613661	23613759	3	3	3
ENSG00000212269.1	RNU6-788P	chr3	23641489	23641592	3	3	3
ENSG00000223791.1	UBE2E1-AS1	chr3	23804024	23806905	3	3	3
ENSG00000170142.12	UBE2E1	chr3	23805955	23891640	3	3	3
ENSG00000231395.1	ARL4AP4	chr3	23878981	23879498	3	3	3
ENSG00000197885.11	NKIRAS1	chr3	23889951	23946591	3	3	3
ENSG00000174748.22	RPL15	chr3	23916591	23924374	3	3	3
ENSG00000174738.13	NR1D2	chr3	23945286	23980617	3	3	3
ENSG00000224074.3	LINC00691	chr3	24096269	24103238	3	3	3
ENSG00000242109.1	NPM1P23	chr3	24096512	24097360	3	3	3
ENSG00000151090.20	THRB	chr3	24117153	24495756	3	3	3
ENSG00000229756.1	RPL31P20	chr3	24430748	24431107	3	3	3
ENSG00000224822.1	THRB-IT1	chr3	24455136	24459434	3	3	3
ENSG00000228791.8	THRB-AS1	chr3	24494087	24681711	3	3	3
ENSG00000272554.1	AC012087.2	chr3	24496272	24499580	3	3	3
ENSG00000265028.1	AC012087.1	chr3	24521362	24521435	3	3	3
ENSG00000233544.1	EIF3KP2	chr3	24555834	24556459	3	3	3
ENSG00000237838.1	AC092422.1	chr3	24687919	25174305	3	3	3
ENSG00000244404.3	RN7SL216P	chr3	25020166	25020463	3	3	3
ENSG00000201713.1	RNA5SP125	chr3	25025007	25025126	3	3	3
ENSG00000077092.19	RARB	chr3	25174332	25597932	3	3	3
ENSG00000213877.3	CFL1P7	chr3	25324174	25324659	3	3	3
ENSG00000201962.1	RNA5SP126	chr3	25352284	25352392	3	3	3
ENSG00000229421.1	H3P10	chr3	25441164	25441502	3	3	3
ENSG00000272166.1	AC093416.1	chr3	25555543	25555606	3	3	3
ENSG00000077097.15	TOP2B	chr3	25597905	25664907	3	3	3
ENSG00000275227.1	AC093416.2	chr3	25618132	25618312	3	3	3
ENSG00000283971.1	MIR4442	chr3	25664873	25664939	3	3	3
ENSG00000238225.1	CRIP1P2	chr3	25686896	25687123	3	3	3
ENSG00000151092.18	NGLY1	chr3	25718944	25790039	3	3	3
ENSG00000213872.3	AC092798.1	chr3	25749488	25749896	3	3	3
ENSG00000213871.3	TAF9BP1	chr3	25754925	25755670	3	3	3
ENSG00000151093.8	OXSM	chr3	25782917	25794534	3	3	3
ENSG00000230891.7	LINC00692	chr3	25858525	25873748	3	3	3
ENSG00000234158.1	RPEP2	chr3	26015669	26016369	3	3	3
ENSG00000237603.1	HMGB3P12	chr3	26216322	26216877	3	3	3
ENSG00000230465.1	VENTXP4	chr3	26346681	26347638	3	3	3
ENSG00000225386.2	AC099754.1	chr3	26614261	26622943	3	3	3
ENSG00000179796.12	LRRC3B	chr3	26622806	26717537	3	3	3
ENSG00000163491.16	NEK10	chr3	27110085	27369460	3	3	3
ENSG00000224237.1	MICOS10P3	chr3	27214816	27215018	3	3	3
ENSG00000207251.1	RNU6-342P	chr3	27265580	27265683	3	3	3
ENSG00000287348.1	AC099535.2	chr3	27369568	27387960	3	3	3
ENSG00000033867.16	SLC4A7	chr3	27372721	27484420	3	3	3
ENSG00000227523.1	RPS20P15	chr3	27462506	27462816	3	3	3
ENSG00000230807.1	AC099535.1	chr3	27486247	27486617	3	3	3
ENSG00000201033.1	RNU1-96P	chr3	27513871	27514032	3	3	3
ENSG00000232167.1	AC137675.1	chr3	27525353	27525394	3	3	3
ENSG00000238912.1	Y_RNA	chr3	27547757	27547858	3	3	3
ENSG00000223968.1	AC098614.1	chr3	27624202	27624456	3	3	3
ENSG00000271943.2	AC098614.2	chr3	27632976	27639111	3	3	3
ENSG00000232766.1	KIAA1143P2	chr3	27703129	27703568	3	3	3
ENSG00000272282.1	LINC02084	chr3	27712910	27714005	3	3	3
ENSG00000163508.13	EOMES	chr3	27715949	27722711	3	3	3
ENSG00000225548.7	LINC01980	chr3	27797552	27931579	3	3	3
ENSG00000229243.2	LINC01981	chr3	27830886	27834136	3	3	3
ENSG00000235493.2	LINC01967	chr3	27916774	28059268	3	3	3
ENSG00000187118.14	CMC1	chr3	28241584	28325142	3	3	3
ENSG00000163512.14	AZI2	chr3	28315003	28349050	3	3	3
ENSG00000206559.8	ZCWPW2	chr3	28348721	28538122	3	3	3
ENSG00000283563.1	AC098650.1	chr3	28349178	29767537	3	3	3
ENSG00000234048.1	FAM96AP1	chr3	28427963	28428444	3	3	3
ENSG00000230480.1	AC093142.1	chr3	28447725	28448073	3	3	3
ENSG00000144642.22	RBMS3	chr3	28574791	30010391	3	3	3
ENSG00000235904.3	RBMS3-AS3	chr3	29054570	29290726	3	3	3
ENSG00000215004.3	MESTP4	chr3	29087396	29088599	3	3	3
ENSG00000226216.1	RPS12P5	chr3	29390848	29391218	3	3	3
ENSG00000203506.5	RBMS3-AS2	chr3	29526251	29642809	3	3	3
ENSG00000227795.1	MTND4LP9	chr3	29797652	29797825	3	3	3
ENSG00000235593.1	RBMS3-AS1	chr3	29926811	29934156	3	3	3
ENSG00000287774.1	AC025614.2	chr3	30292548	30305037	3	3	3
ENSG00000199927.2	AC025614.1	chr3	30304320	30304536	3	3	3
ENSG00000281710.1	U3	chr3	30304321	30304536	3	3	3
ENSG00000227260.2	LINC01985	chr3	30518833	30527193	3	3	3
ENSG00000227549.2	AC116035.1	chr3	30521664	30526254	3	3	3
ENSG00000163513.19	TGFBR2	chr3	30606601	30694142	3	3	3
ENSG00000224618.1	AC096921.1	chr3	30626423	30626797	3	3	3
ENSG00000261468.1	AC096921.2	chr3	30697661	30699576	3	3	3
ENSG00000144644.14	GADL1	chr3	30726200	30894765	3	3	3
ENSG00000265376.1	MIR466	chr3	31161704	31161787	3	3	3
ENSG00000213854.3	CNN2P6	chr3	31181751	31182650	3	3	3
ENSG00000222983.1	RNA5SP127	chr3	31228715	31228847	3	3	3
ENSG00000230111.1	H3P11	chr3	31269007	31269406	3	3	3
ENSG00000227339.1	THRAP3P1	chr3	31452832	31455894	3	3	3
ENSG00000163527.10	STT3B	chr3	31532638	31637616	3	3	3
ENSG00000144645.14	OSBPL10	chr3	31657890	32077580	3	3	3
ENSG00000232490.6	OSBPL10-AS1	chr3	31704058	31721652	3	3	3
ENSG00000223965.2	ZNF587P1	chr3	31794470	31796175	3	3	3
ENSG00000197385.6	ZNF860	chr3	31981750	31991723	3	3	3
ENSG00000235670.1	RPL21P40	chr3	32030196	32030678	3	3	3
ENSG00000201701.1	AC094019.1	chr3	32037526	32037653	3	3	3
ENSG00000252398.1	Y_RNA	chr3	32045873	32045979	3	3	3
ENSG00000251590.1	NIFKP7	chr3	32063974	32066611	3	3	3
ENSG00000152642.11	GPD1L	chr3	32105689	32168709	3	3	3
ENSG00000236732.1	AC094019.2	chr3	32151083	32151895	3	3	3
ENSG00000237433.1	RPSAP11	chr3	32190747	32191627	3	3	3
ENSG00000261572.1	AC097639.1	chr3	32236688	32238578	3	3	3
ENSG00000170293.9	CMTM8	chr3	32238679	32370321	3	3	3
ENSG00000270377.1	AC097639.2	chr3	32243847	32244018	3	3	3
ENSG00000234737.1	KRT18P15	chr3	32258940	32260230	3	3	3
ENSG00000153551.14	CMTM7	chr3	32391698	32483067	3	3	3
ENSG00000091317.8	CMTM6	chr3	32481312	32502852	3	3	3
ENSG00000276147.1	MIR548AY	chr3	32506283	32506389	3	3	3
ENSG00000213849.3	AC104306.1	chr3	32507955	32508325	3	3	3
ENSG00000144635.9	DYNC1LI1	chr3	32525974	32570858	3	3	3
ENSG00000226955.1	AC104306.2	chr3	32592972	32593312	3	3	3
ENSG00000231552.1	IGBP1P3	chr3	32620903	32621902	3	3	3
ENSG00000237676.1	RPL30P4	chr3	32635222	32635554	3	3	3
ENSG00000182973.19	CNOT10	chr3	32685145	32773875	3	3	3
ENSG00000251224.1	CNOT10-AS1	chr3	32730635	32737454	3	3	3
ENSG00000213842.2	SUGT1P2	chr3	32752910	32753901	3	3	3
ENSG00000227337.1	RPL23AP43	chr3	32785646	32786116	3	3	3
ENSG00000206557.6	TRIM71	chr3	32817997	32897824	3	3	3
ENSG00000183813.7	CCR4	chr3	32951644	32956349	3	3	3
ENSG00000170266.16	GLB1	chr3	32996609	33097202	3	3	3
ENSG00000223899.1	SEC13P1	chr3	33033863	33034810	3	3	3
ENSG00000235424.1	SUMO2P10	chr3	33077204	33077491	3	3	3
ENSG00000188167.9	TMPPE	chr3	33090421	33097146	3	3	3
ENSG00000275090.1	RN7SL296P	chr3	33103008	33103306	3	3	3
ENSG00000170275.15	CRTAP	chr3	33114014	33147773	3	3	3
ENSG00000272149.1	AC112211.1	chr3	33144104	33147721	3	3	3
ENSG00000173705.9	SUSD5	chr3	33150043	33218810	3	3	3
ENSG00000230119.1	AC123900.1	chr3	33190233	33190328	3	3	3
ENSG00000153558.16	FBXL2	chr3	33277025	33403662	3	3	3
ENSG00000153560.12	UBP1	chr3	33388336	33441371	3	3	3
ENSG00000252700.1	RNU7-110P	chr3	33414150	33414211	3	3	3
ENSG00000202175.1	RNA5SP128	chr3	33491983	33492098	3	3	3
ENSG00000163539.17	CLASP2	chr3	33496245	33718356	3	3	3
ENSG00000238008.1	COX6CP10	chr3	33554636	33554859	3	3	3
ENSG00000228112.1	AC112220.1	chr3	33727250	33727604	3	3	3
ENSG00000227707.1	SDAD1P3	chr3	33771963	33772295	3	3	3
ENSG00000271643.2	AC112220.2	chr3	33793644	33798539	3	3	3
ENSG00000170248.15	PDCD6IP	chr3	33798571	33869707	3	3	3
ENSG00000226320.6	LINC01811	chr3	33956972	34677247	3	3	3
ENSG00000287981.1	AC123023.2	chr3	34152979	34157297	3	3	3
ENSG00000236452.1	AC123023.1	chr3	34203244	34268811	3	3	3
ENSG00000227498.2	AC018359.1	chr3	34524818	34543880	3	3	3
ENSG00000287641.1	AC007483.1	chr3	34692820	34694174	3	3	3
ENSG00000235534.1	FECHP1	chr3	34872641	34873854	3	3	3
ENSG00000228767.1	KRT8P18	chr3	35215705	35217149	3	3	3
ENSG00000212442.1	RNU6-243P	chr3	35256840	35256946	3	3	3
ENSG00000172995.16	ARPP21	chr3	35638945	35794496	3	3	3
ENSG00000230830.1	ARPP21-AS1	chr3	35650197	35651961	3	3	3
ENSG00000207625.1	MIR128-2	chr3	35744476	35744559	3	3	3
ENSG00000226489.1	AC104308.1	chr3	35871866	35872198	3	3	3
ENSG00000236158.1	RFC3P1	chr3	36169767	36170448	3	3	3
ENSG00000144681.10	STAC	chr3	36380344	36548007	3	3	3
ENSG00000231382.1	NBPF21P	chr3	36616006	36637457	3	3	3
ENSG00000201315.1	RN7SKP227	chr3	36685040	36685369	3	3	3
ENSG00000163673.7	DCLK3	chr3	36712422	36764349	3	3	3
ENSG00000230067.3	HSPD1P6	chr3	36767117	36784167	3	3	3
ENSG00000279727.1	LINC02033	chr3	36819276	36822498	3	3	3
ENSG00000281100.1	AC105749.1	chr3	36823151	36825158	3	3	3
ENSG00000168016.15	TRANK1	chr3	36826819	36945057	3	3	3
ENSG00000234073.1	AC011816.1	chr3	36880184	36880729	3	3	3
ENSG00000210181.1	RNU6ATAC4P	chr3	36968191	36968316	3	3	3
ENSG00000272334.1	AC011816.2	chr3	36973117	36973672	3	3	3
ENSG00000236165.1	PRADC1P1	chr3	36976316	36976840	3	3	3
ENSG00000178567.8	EPM2AIP1	chr3	36985043	36993131	3	3	3
ENSG00000076242.16	MLH1	chr3	36993350	37050846	3	3	3
ENSG00000224858.5	RPL29P11	chr3	37016523	37017014	3	3	3
ENSG00000093167.18	LRRFIP2	chr3	37052626	37183689	3	3	3
ENSG00000206645.1	Y_RNA	chr3	37093133	37093234	3	3	3
ENSG00000225558.1	UBE2D3P2	chr3	37134658	37135102	3	3	3
ENSG00000199594.1	RNU6-1301P	chr3	37140327	37140430	3	3	3
ENSG00000224080.1	UBE2FP1	chr3	37143512	37143958	3	3	3
ENSG00000271993.1	AC126118.1	chr3	37182107	37182734	3	3	3
ENSG00000231449.1	AC097359.1	chr3	37196204	37196666	3	3	3
ENSG00000271653.1	AC097359.3	chr3	37216779	37217988	3	3	3
ENSG00000270194.1	AC097359.2	chr3	37241789	37244177	3	3	3
ENSG00000144674.16	GOLGA4	chr3	37243177	37366751	3	3	3
ENSG00000230409.3	TCEA1P2	chr3	37275693	37276598	3	3	3
ENSG00000222208.1	RNA5SP129	chr3	37341649	37341766	3	3	3
ENSG00000198590.12	C3orf35	chr3	37381062	37440186	3	3	3
ENSG00000144668.12	ITGA9	chr3	37452115	37823507	3	3	3
ENSG00000239105.1	RNU7-73P	chr3	37573151	37573213	3	3	3
ENSG00000235257.9	ITGA9-AS1	chr3	37693655	37861802	3	3	3
ENSG00000235482.1	RPL21P135	chr3	37748110	37748900	3	3	3
ENSG00000236411.1	NDUFAF4P3	chr3	37789921	37790445	3	3	3
ENSG00000144677.15	CTDSPL	chr3	37861880	37984469	3	3	3
ENSG00000199075.1	MIR26A1	chr3	37969404	37969480	3	3	3
ENSG00000136059.14	VILL	chr3	37988059	38007188	3	3	3
ENSG00000187091.14	PLCD1	chr3	38007496	38029642	3	3	3
ENSG00000200579.1	Y_RNA	chr3	38014568	38014669	3	3	3
ENSG00000008226.20	DLEC1	chr3	38039205	38124025	3	3	3
ENSG00000231668.2	PPP2R2DP1	chr3	38051759	38052395	3	3	3
ENSG00000060971.19	ACAA1	chr3	38103129	38137242	3	3	3
ENSG00000201965.1	Y_RNA	chr3	38125292	38125394	3	3	3
ENSG00000172936.16	MYD88	chr3	38138478	38143022	3	3	3
ENSG00000172939.9	OXSR1	chr3	38165089	38255484	3	3	3
ENSG00000172940.13	SLC22A13	chr3	38265812	38278757	3	3	3
ENSG00000237982.1	AP006193.1	chr3	38270283	38270767	3	3	3
ENSG00000144671.10	SLC22A14	chr3	38282294	38318575	3	3	3
ENSG00000199514.1	RNU6-235P	chr3	38303773	38303879	3	3	3
ENSG00000230123.1	DLEC1P1	chr3	38325237	38329070	3	3	3
ENSG00000093217.11	XYLB	chr3	38346760	38421348	3	3	3
ENSG00000229589.1	ACVR2B-AS1	chr3	38451027	38454820	3	3	3
ENSG00000114739.14	ACVR2B	chr3	38453890	38493142	3	3	3
ENSG00000157036.13	EXOG	chr3	38496127	38542161	3	3	3
ENSG00000207512.1	Y_RNA	chr3	38505480	38505581	3	3	3
ENSG00000230683.1	DDTP1	chr3	38515448	38515830	3	3	3
ENSG00000232439.1	RPL18AP7	chr3	38526802	38527325	3	3	3
ENSG00000183873.18	SCN5A	chr3	38548057	38649687	3	3	3
ENSG00000185313.8	SCN10A	chr3	38696802	38816286	3	3	3
ENSG00000231243.1	AC116038.1	chr3	38823902	38825302	3	3	3
ENSG00000168356.13	SCN11A	chr3	38845764	39052157	3	3	3
ENSG00000206708.1	RNU6-1227P	chr3	39025987	39026093	3	3	3
ENSG00000114742.14	WDR48	chr3	39052013	39096671	3	3	3
ENSG00000114745.13	GORASP1	chr3	39096659	39108363	3	3	3
ENSG00000168026.18	TTC21A	chr3	39107704	39138903	3	3	3
ENSG00000284158.1	MIR6822	chr3	39138206	39138266	3	3	3
ENSG00000144655.15	CSRNP1	chr3	39141855	39154562	3	3	3
ENSG00000284669.1	AC092053.3	chr3	39148281	39172952	3	3	3
ENSG00000283849.1	AC092053.2	chr3	39152906	39154723	3	3	3
ENSG00000214305.4	Metazoa_SRP	chr3	39161270	39161520	3	3	3
ENSG00000287620.1	AC092053.4	chr3	39177761	39179586	3	3	3
ENSG00000168334.9	XIRP1	chr3	39183210	39192596	3	3	3
ENSG00000287995.1	AC092053.6	chr3	39213069	39216585	3	3	3
ENSG00000215034.4	DSTNP4	chr3	39214199	39214672	3	3	3
ENSG00000287958.1	AC092053.5	chr3	39258194	39263352	3	3	3
ENSG00000168329.14	CX3CR1	chr3	39263495	39281735	3	3	3
ENSG00000270367.1	AC092053.1	chr3	39285985	39287920	3	3	3
ENSG00000287780.1	AC104850.2	chr3	39292556	39384300	3	3	3
ENSG00000179934.7	CCR8	chr3	39329709	39333680	3	3	3
ENSG00000228168.1	HNRNPA1P21	chr3	39334979	39335939	3	3	3
ENSG00000238267.1	AC104850.1	chr3	39338129	39338879	3	3	3
ENSG00000223668.1	EEF1A1P24	chr3	39358545	39359922	3	3	3
ENSG00000144659.13	SLC25A38	chr3	39383370	39397351	3	3	3
ENSG00000168028.14	RPSA	chr3	39406716	39412542	3	3	3
ENSG00000206760.1	SNORA6	chr3	39408389	39408539	3	3	3
ENSG00000202363.1	SNORA62	chr3	39411054	39411206	3	3	3
ENSG00000286996.1	AC099332.2	chr3	39420644	39424870	3	3	3
ENSG00000286781.1	AC099332.1	chr3	39425342	39448037	3	3	3
ENSG00000168314.17	MOBP	chr3	39467198	39529479	3	3	3
ENSG00000285885.1	AC092058.1	chr3	39494837	39502567	3	3	3
ENSG00000230757.1	NFU1P1	chr3	39643638	39644705	3	3	3
ENSG00000170011.14	MYRIP	chr3	39808914	40260321	3	3	3
ENSG00000201570.1	RNU4-56P	chr3	39970125	39970266	3	3	3
ENSG00000280739.3	EIF1B-AS1	chr3	40061110	40309698	3	3	3
ENSG00000265327.2	RN7SL411P	chr3	40209005	40209304	3	3	3
ENSG00000202517.1	AC099331.1	chr3	40238608	40238741	3	3	3
ENSG00000114784.4	EIF1B	chr3	40309707	40312424	3	3	3
ENSG00000223797.6	ENTPD3-AS1	chr3	40313802	40453329	3	3	3
ENSG00000230274.1	PGAM1P3	chr3	40322715	40323279	3	3	3
ENSG00000168032.10	ENTPD3	chr3	40387184	40428744	3	3	3
ENSG00000188846.14	RPL14	chr3	40457292	40468587	3	3	3
ENSG00000177873.14	ZNF619	chr3	40477113	40491053	3	3	3
ENSG00000177842.12	ZNF620	chr3	40477131	40518736	3	3	3
ENSG00000199906.1	RNU5B-2P	chr3	40498891	40499003	3	3	3
ENSG00000172888.12	ZNF621	chr3	40524878	40574685	3	3	3
ENSG00000234067.1	RPL5P10	chr3	40586535	40587428	3	3	3
ENSG00000226845.1	EEF1GP3	chr3	40596207	40597494	3	3	3
ENSG00000226302.1	AC122683.1	chr3	40603125	40605427	3	3	3
ENSG00000229072.1	HMGN2P24	chr3	40699066	40699338	3	3	3
ENSG00000231873.2	AC099560.1	chr3	40719859	40862626	3	3	3
ENSG00000234287.1	AC099560.2	chr3	40761545	40761799	3	3	3
ENSG00000287415.1	AC099541.2	chr3	40869548	40875980	3	3	3
ENSG00000233096.1	AC099541.1	chr3	40970541	40971578	3	3	3
ENSG00000233919.1	AC009743.1	chr3	41162287	41168547	3	3	3
ENSG00000275256.1	MRPS31P1	chr3	41189041	41189236	3	3	3
ENSG00000168036.18	CTNNB1	chr3	41194741	41260096	3	3	3
ENSG00000168038.11	ULK4	chr3	41246599	41962130	3	3	3
ENSG00000252409.1	AC099537.1	chr3	41687868	41688033	3	3	3
ENSG00000222942.1	RN7SKP58	chr3	41766615	41766919	3	3	3
ENSG00000223513.1	ATP6V0E1P2	chr3	41859350	41859594	3	3	3
ENSG00000251986.1	Y_RNA	chr3	41868998	41869095	3	3	3
ENSG00000212145.2	U8	chr3	41899111	41899253	3	3	3
ENSG00000234270.1	RPL36P20	chr3	41955445	41955763	3	3	3
ENSG00000235339.1	GEMIN2P2	chr3	41977008	41978034	3	3	3
ENSG00000182606.17	TRAK1	chr3	42013802	42225890	3	3	3
ENSG00000229339.1	AC093414.1	chr3	42051181	42051694	3	3	3
ENSG00000234562.1	TPMTP2	chr3	42145646	42146371	3	3	3
ENSG00000222872.1	RNU4-78P	chr3	42221840	42221965	3	3	3
ENSG00000187094.12	CCK	chr3	42257825	42266185	3	3	3
ENSG00000281160.1	AC018358.1	chr3	42264989	42266390	3	3	3
ENSG00000231280.1	SALL4P6	chr3	42321005	42322695	3	3	3
ENSG00000229572.1	EIF4BP4	chr3	42340588	42342367	3	3	3
ENSG00000157093.9	LYZL4	chr3	42397083	42410610	3	3	3
ENSG00000235787.1	RPL35AP8	chr3	42469640	42469879	3	3	3
ENSG00000114812.13	VIPR1	chr3	42489299	42537573	3	3	3
ENSG00000232354.8	VIPR1-AS1	chr3	42506465	42533258	3	3	3
ENSG00000093183.14	SEC22C	chr3	42547969	42601080	3	3	3
ENSG00000008324.12	SS18L2	chr3	42581840	42596934	3	3	3
ENSG00000114857.18	NKTR	chr3	42600655	42648735	3	3	3
ENSG00000230084.6	AC006059.1	chr3	42601963	42654388	3	3	3
ENSG00000114853.14	ZBTB47	chr3	42653697	42667580	3	3	3
ENSG00000287629.1	AC006059.5	chr3	42665873	42683793	3	3	3
ENSG00000240203.3	RN7SL567P	chr3	42676189	42676491	3	3	3
ENSG00000157119.12	KLHL40	chr3	42685537	42692544	3	3	3
ENSG00000010282.15	HHATL	chr3	42692663	42702824	3	3	3
ENSG00000285539.1	AC006059.3	chr3	42692663	42732922	3	3	3
ENSG00000230970.4	HHATL-AS1	chr3	42702541	42706776	3	3	3
ENSG00000244607.7	CCDC13	chr3	42705756	42773253	3	3	3
ENSG00000280571.2	AC006059.2	chr3	42705756	42804518	3	3	3
ENSG00000287417.1	AC006059.4	chr3	42719401	42723136	3	3	3
ENSG00000173811.11	CCDC13-AS1	chr3	42732575	42746768	3	3	3
ENSG00000225611.1	LINC02158	chr3	42770612	42773635	3	3	3
ENSG00000181061.14	HIGD1A	chr3	42782908	42804490	3	3	3
ENSG00000235288.3	AC099329.1	chr3	42785087	42852428	3	3	3
ENSG00000144648.16	ACKR2	chr3	42804752	42887974	3	3	3
ENSG00000273328.5	AC099329.2	chr3	42809414	42908105	3	3	3
ENSG00000273291.5	AC092042.3	chr3	42809446	43055871	3	3	3
ENSG00000240747.8	KRBOX1	chr3	42809483	42942792	3	3	3
ENSG00000180432.6	CYP8B1	chr3	42856005	42875898	3	3	3
ENSG00000236459.1	HNRNPA1P22	chr3	42889361	42890306	3	3	3
ENSG00000182983.15	ZNF662	chr3	42906142	42919334	3	3	3
ENSG00000206552.4	KRBOX1-AS1	chr3	42934252	42936785	3	3	3
ENSG00000144649.9	GASK1A	chr3	42979267	43060211	3	3	3
ENSG00000232375.1	AC092042.2	chr3	43037121	43037451	3	3	3
ENSG00000144647.6	POMGNT2	chr3	43079232	43106079	3	3	3
ENSG00000227245.1	AC092042.1	chr3	43087479	43088068	3	3	3
ENSG00000285766.1	AC092042.4	chr3	43088236	43090443	3	3	3
ENSG00000163788.14	SNRK	chr3	43286512	43424764	3	3	3
ENSG00000241939.3	RN7SL517P	chr3	43314951	43315255	3	3	3
ENSG00000234617.2	SNRK-AS1	chr3	43346923	43352152	3	3	3
ENSG00000160746.13	ANO10	chr3	43354859	43691594	3	3	3
ENSG00000251811.1	Y_RNA	chr3	43472477	43472596	3	3	3
ENSG00000223916.1	AC097638.1	chr3	43484972	43485880	3	3	3
ENSG00000011198.10	ABHD5	chr3	43690108	43734371	3	3	3
ENSG00000235886.1	AC006055.1	chr3	43778961	43779982	3	3	3
ENSG00000271192.1	AC006058.2	chr3	43996896	43997443	3	3	3
ENSG00000272121.1	AC006058.3	chr3	43998081	43999149	3	3	3
ENSG00000252980.1	RNU6-367P	chr3	44071087	44071186	3	3	3
ENSG00000207954.1	MIR138-1	chr3	44114212	44114310	3	3	3
ENSG00000280435.1	AC006058.4	chr3	44115818	44117487	3	3	3
ENSG00000261786.1	AC006058.1	chr3	44117299	44122365	3	3	3
ENSG00000173769.4	TOPAZ1	chr3	44241886	44332098	3	3	3
ENSG00000271937.1	AC104187.1	chr3	44337941	44338552	3	3	3
ENSG00000179152.20	TCAIM	chr3	44338119	44409451	3	3	3
ENSG00000225873.4	C3orf86	chr3	44421127	44439946	3	3	3
ENSG00000283036.3	LINC01988	chr3	44424134	44429529	3	3	3
ENSG00000185219.17	ZNF445	chr3	44431705	44477670	3	3	3
ENSG00000178917.16	ZNF852	chr3	44494847	44510636	3	3	3
ENSG00000214825.2	EI24P3	chr3	44524744	44525805	3	3	3
ENSG00000277509.1	AC099669.1	chr3	44528955	44529391	3	3	3
ENSG00000196345.13	ZKSCAN7	chr3	44555193	44594173	3	3	3
ENSG00000236869.1	ZKSCAN7-AS1	chr3	44557357	44685653	3	3	3
ENSG00000144792.9	ZNF660	chr3	44578223	44599694	3	3	3
ENSG00000214820.3	MPRIPP1	chr3	44579938	44581026	3	3	3
ENSG00000186448.15	ZNF197	chr3	44584888	44648471	3	3	3
ENSG00000233509.2	ZNF197-AS1	chr3	44617128	44624797	3	3	3
ENSG00000169981.11	ZNF35	chr3	44648732	44660791	3	3	3
ENSG00000272077.1	AC124045.1	chr3	44667412	44669364	3	3	3
ENSG00000235805.1	SOCS5P3	chr3	44709311	44710886	3	3	3
ENSG00000196653.12	ZNF502	chr3	44712643	44723831	3	3	3
ENSG00000186446.12	ZNF501	chr3	44729596	44737083	3	3	3
ENSG00000163807.6	KIAA1143	chr3	44737661	44761619	3	3	3
ENSG00000163808.17	KIF15	chr3	44761721	44873376	3	3	3
ENSG00000284498.1	MIR564	chr3	44861888	44861981	3	3	3
ENSG00000169964.8	TMEM42	chr3	44861904	44865670	3	3	3
ENSG00000163810.12	TGM4	chr3	44874608	44914990	3	3	3
ENSG00000235845.1	AC098649.1	chr3	44899178	44900925	3	3	3
ENSG00000163812.15	ZDHHC3	chr3	44915257	44976185	3	3	3
ENSG00000227123.1	RPL12P44	chr3	44937673	44938482	3	3	3
ENSG00000075914.13	EXOSC7	chr3	44975241	45036066	3	3	3
ENSG00000163815.6	CLEC3B	chr3	45001548	45036071	3	3	3
ENSG00000252410.1	RNU5B-3P	chr3	45034474	45034588	3	3	3
ENSG00000163814.8	CDCP1	chr3	45082277	45146422	3	3	3
ENSG00000224094.1	RPS24P8	chr3	45159774	45160175	3	3	3
ENSG00000249992.2	TMEM158	chr3	45224466	45226287	3	3	3
ENSG00000202268.2	U3	chr3	45255409	45255620	3	3	3
ENSG00000011376.12	LARS2	chr3	45388561	45554726	3	3	3
ENSG00000232455.2	LARS2-AS1	chr3	45483974	45509545	3	3	3
ENSG00000144791.10	LIMD1	chr3	45555394	45686341	3	3	3
ENSG00000230530.2	LIMD1-AS1	chr3	45676369	45689200	3	3	3
ENSG00000211456.13	SACM1L	chr3	45689056	45745409	3	3	3
ENSG00000244357.3	RN7SL145P	chr3	45742675	45742970	3	3	3
ENSG00000279017.1	AC098476.1	chr3	45749627	45750651	3	3	3
ENSG00000163817.16	SLC6A20	chr3	45755449	45796536	3	3	3
ENSG00000163818.17	LZTFL1	chr3	45823316	45916042	3	3	3
ENSG00000285788.1	AC099782.1	chr3	45842265	45866571	3	3	3
ENSG00000236930.1	SDHDP4	chr3	45883640	45884113	3	3	3
ENSG00000173585.16	CCR9	chr3	45886504	45903175	3	3	3
ENSG00000201635.1	Y_RNA	chr3	45903187	45903298	3	3	3
ENSG00000163820.15	FYCO1	chr3	45917899	45995824	3	3	3
ENSG00000172215.6	CXCR6	chr3	45940933	45948351	3	3	3
ENSG00000173578.8	XCR1	chr3	46017007	46027487	3	3	3
ENSG00000226933.1	NRBF2P2	chr3	46023296	46024156	3	3	3
ENSG00000229515.1	FLT1P1	chr3	46142358	46143677	3	3	3
ENSG00000183625.15	CCR3	chr3	46163604	46266706	3	3	3
ENSG00000163823.4	CCR1	chr3	46201711	46208313	3	3	3
ENSG00000236736.1	UQCRC2P1	chr3	46310591	46311922	3	3	3
ENSG00000121807.6	CCR2	chr3	46353744	46360940	3	3	3
ENSG00000223552.1	CCR5AS	chr3	46364955	46407059	3	3	3
ENSG00000160791.13	CCR5	chr3	46370854	46376206	3	3	3
ENSG00000121797.10	CCRL2	chr3	46407166	46412997	3	3	3
ENSG00000283646.2	LINC02009	chr3	46416524	46423591	3	3	3
ENSG00000012223.13	LTF	chr3	46435645	46485234	3	3	3
ENSG00000163825.4	RTP3	chr3	46497976	46500950	3	3	3
ENSG00000163827.13	LRRC2	chr3	46515385	46580099	3	3	3
ENSG00000268324.2	LRRC2-AS1	chr3	46557398	46559694	3	3	3
ENSG00000241186.10	TDGF1	chr3	46574534	46582457	3	3	3
ENSG00000283877.1	AC104304.2	chr3	46581150	46617226	3	3	3
ENSG00000283473.4	FAM240A	chr3	46612435	46626543	3	3	3
ENSG00000286570.1	AC104304.3	chr3	46647171	46661507	3	3	3
ENSG00000251967.1	AC104304.1	chr3	46650510	46650590	3	3	3
ENSG00000178038.17	ALS2CL	chr3	46668995	46693704	3	3	3
ENSG00000181585.7	TMIE	chr3	46694528	46710886	3	3	3
ENSG00000206549.13	AC109583.1	chr3	46712115	46812574	3	3	3
ENSG00000283706.2	PRSS50	chr3	46712117	46717869	3	3	3
ENSG00000261603.3	PRSS46P	chr3	46719583	46736429	3	3	3
ENSG00000188086.15	PRSS45P	chr3	46742092	46750891	3	3	3
ENSG00000284672.1	AC109583.4	chr3	46742092	46812558	3	3	3
ENSG00000286651.2	PRSS43P	chr3	46753045	46756857	3	3	3
ENSG00000238013.1	AC109583.2	chr3	46798123	46798390	3	3	3
ENSG00000226074.5	PRSS44P	chr3	46809359	46812486	3	3	3
ENSG00000178055.13	PRSS42P	chr3	46829542	46834095	3	3	3
ENSG00000160808.11	MYL3	chr3	46835111	46882172	3	3	3
ENSG00000160801.14	PTH1R	chr3	46877721	46903799	3	3	3
ENSG00000273682.1	AC109583.3	chr3	46918807	46918935	3	3	3
ENSG00000160799.11	CCDC12	chr3	46921726	46982010	3	3	3
ENSG00000160796.18	NBEAL2	chr3	46979666	47009704	3	3	3
ENSG00000236409.2	NRADDP	chr3	47010824	47013465	3	3	3
ENSG00000181555.21	SETD2	chr3	47016429	47164113	3	3	3
ENSG00000275940.1	MRPL57P3	chr3	47028855	47029030	3	3	3
ENSG00000227398.4	KIF9-AS1	chr3	47164186	47246601	3	3	3
ENSG00000088727.13	KIF9	chr3	47228395	47283451	3	3	3
ENSG00000239128.1	SNORD13P3	chr3	47250523	47250626	3	3	3
ENSG00000114648.12	KLHL18	chr3	47282917	47346816	3	3	3
ENSG00000280173.1	AC104447.1	chr3	47346950	47349073	3	3	3
ENSG00000260236.1	AC099778.1	chr3	47379089	47380999	3	3	3
ENSG00000076201.15	PTPN23	chr3	47381011	47413435	3	3	3
ENSG00000114650.20	SCAP	chr3	47413681	47477126	3	3	3
ENSG00000276925.1	AC099778.2	chr3	47469777	47469987	3	3	3
ENSG00000163832.16	ELP6	chr3	47495640	47513712	3	3	3
ENSG00000271161.1	BOLA2P2	chr3	47499841	47500407	3	3	3
ENSG00000244732.3	RN7SL870P	chr3	47560229	47560524	3	3	3
ENSG00000114646.10	CSPG5	chr3	47562238	47580792	3	3	3
ENSG00000173473.11	SMARCC1	chr3	47585269	47782106	3	3	3
ENSG00000214773.1	AC112512.1	chr3	47601715	47604677	3	3	3
ENSG00000235695.1	HIGD2AP2	chr3	47663626	47663934	3	3	3
ENSG00000132153.15	DHX30	chr3	47802909	47850195	3	3	3
ENSG00000274420.1	AC026318.1	chr3	47818005	47818128	3	3	3
ENSG00000221585.1	MIR1226	chr3	47849555	47849629	3	3	3
ENSG00000047849.21	MAP4	chr3	47850690	48089272	3	3	3
ENSG00000199591.1	Y_RNA	chr3	47931808	47931914	3	3	3
ENSG00000224895.1	VPS26BP1	chr3	47960327	47961081	3	3	3
ENSG00000270285.1	AC124916.2	chr3	48039267	48039490	3	3	3
ENSG00000265078.2	RN7SL664P	chr3	48094801	48095105	3	3	3
ENSG00000236768.1	AC124916.1	chr3	48120669	48121215	3	3	3
ENSG00000164045.12	CDC25A	chr3	48157146	48188417	3	3	3
ENSG00000235627.1	SNRPFP4	chr3	48161176	48161417	3	3	3
ENSG00000253056.1	RNU7-128P	chr3	48180328	48180389	3	3	3
ENSG00000231884.1	NDUFB1P1	chr3	48181547	48181726	3	3	3
ENSG00000265483.1	MIR4443	chr3	48196564	48196616	3	3	3
ENSG00000164047.6	CAMP	chr3	48223347	48225491	3	3	3
ENSG00000164048.14	ZNF589	chr3	48241100	48299253	3	3	3
ENSG00000229759.1	MRPS18AP1	chr3	48256350	48256938	3	3	3
ENSG00000199476.1	Y_RNA	chr3	48288587	48288694	3	3	3
ENSG00000172113.9	NME6	chr3	48290722	48301685	3	3	3
ENSG00000228638.1	FCF1P2	chr3	48290793	48291375	3	3	3
ENSG00000229453.2	SPINK8	chr3	48306842	48328341	3	3	3
ENSG00000252466.1	MIR2115	chr3	48316360	48316459	3	3	3
ENSG00000164049.14	FBXW12	chr3	48372219	48401259	3	3	3
ENSG00000277483.1	RN7SL321P	chr3	48379834	48380132	3	3	3
ENSG00000164050.13	PLXNB1	chr3	48403854	48430086	3	3	3
ENSG00000164051.14	CCDC51	chr3	48432164	48440456	3	3	3
ENSG00000232112.3	TMA7	chr3	48440257	48444208	3	3	3
ENSG00000244380.1	AC134772.1	chr3	48440352	48446656	3	3	3
ENSG00000164053.21	ATRIP	chr3	48446710	48467645	3	3	3
ENSG00000213689.14	TREX1	chr3	48465811	48467645	3	3	3
ENSG00000164054.15	SHISA5	chr3	48467798	48504826	3	3	3
ENSG00000114268.12	PFKFB4	chr3	48517684	48562015	3	3	3
ENSG00000278799.1	MIR6823	chr3	48549961	48550021	3	3	3
ENSG00000145040.4	UCN2	chr3	48561718	48563781	3	3	3
ENSG00000114270.17	COL7A1	chr3	48564073	48595267	3	3	3
ENSG00000284251.1	MIR711	chr3	48578902	48578977	3	3	3
ENSG00000010256.11	UQCRC1	chr3	48599002	48610976	3	3	3
ENSG00000183396.4	TMEM89	chr3	48620759	48621769	3	3	3
ENSG00000225697.13	SLC26A6	chr3	48625723	48635493	3	3	3
ENSG00000284364.1	MIR6824	chr3	48633636	48633698	3	3	3
ENSG00000008300.17	CELSR3	chr3	48636463	48662886	3	3	3
ENSG00000284575.1	MIR4793	chr3	48644194	48644280	3	3	3
ENSG00000228350.1	LINC02585	chr3	48663776	48669174	3	3	3
ENSG00000271973.1	AC141002.1	chr3	48672455	48672733	3	3	3
ENSG00000213672.8	NCKIPSD	chr3	48673844	48686364	3	3	3
ENSG00000068745.15	IP6K2	chr3	48688003	48740353	3	3	3
ENSG00000114302.16	PRKAR2A	chr3	48744597	48847874	3	3	3
ENSG00000224424.8	PRKAR2A-AS1	chr3	48847572	48851981	3	3	3
ENSG00000178537.10	SLC25A20	chr3	48856926	48898904	3	3	3
ENSG00000221883.4	ARIH2OS	chr3	48917782	48918823	3	3	3
ENSG00000177479.20	ARIH2	chr3	48918821	48986382	3	3	3
ENSG00000235236.1	AC137630.2	chr3	48979918	48983985	3	3	3
ENSG00000223343.1	AC137630.1	chr3	48985049	48989988	3	3	3
ENSG00000273211.1	AC137630.4	chr3	48985485	48985963	3	3	3
ENSG00000178467.18	P4HTM	chr3	48989889	49007153	3	3	3
ENSG00000285416.1	AC137630.5	chr3	48997221	48999442	3	3	3
ENSG00000178252.18	WDR6	chr3	49007062	49015953	3	3	3
ENSG00000178149.17	DALRD3	chr3	49015488	49022293	3	3	3
ENSG00000199032.1	MIR425	chr3	49020148	49020234	3	3	3
ENSG00000178057.15	NDUFAF3	chr3	49020459	49023495	3	3	3
ENSG00000207605.3	MIR191	chr3	49020618	49020709	3	3	3
ENSG00000178035.13	IMPDH2	chr3	49024325	49029447	3	3	3
ENSG00000272434.1	AC137630.3	chr3	49029316	49029706	3	3	3
ENSG00000198218.11	QRICH1	chr3	49029707	49094363	3	3	3
ENSG00000241461.3	RN7SL182P	chr3	49083233	49083532	3	3	3
ENSG00000172053.18	QARS1	chr3	49095932	49105130	3	3	3
ENSG00000284488.1	MIR6890	chr3	49099854	49099914	3	3	3
ENSG00000172046.19	USP19	chr3	49108046	49120938	3	3	3
ENSG00000172037.14	LAMB2	chr3	49121114	49133118	3	3	3
ENSG00000270441.1	LAMB2P1	chr3	49140086	49160851	3	3	3
ENSG00000177352.10	CCDC71	chr3	49162535	49166331	3	3	3
ENSG00000185909.15	KLHDC8B	chr3	49171598	49176486	3	3	3
ENSG00000236980.10	C3orf84	chr3	49177634	49191858	3	3	3
ENSG00000173421.17	IHO1	chr3	49198428	49258106	3	3	3
ENSG00000270538.1	AC121247.2	chr3	49252129	49252264	3	3	3
ENSG00000225399.4	AC121247.1	chr3	49260085	49261316	3	3	3
ENSG00000188315.8	C3orf62	chr3	49268596	49277232	3	3	3
ENSG00000199546.1	Y_RNA	chr3	49270132	49270239	3	3	3
ENSG00000264633.1	MIR4271	chr3	49274120	49274186	3	3	3
ENSG00000114316.13	USP4	chr3	49277144	49340712	3	3	3
ENSG00000233276.7	GPX1	chr3	49357176	49358358	3	3	3
ENSG00000067560.13	RHOA	chr3	49359139	49412998	3	3	3
ENSG00000235908.1	RHOA-IT1	chr3	49365145	49367006	3	3	3
ENSG00000145022.4	TCTA	chr3	49412206	49416475	3	3	3
ENSG00000283189.2	AC104452.1	chr3	49416777	49429314	3	3	3
ENSG00000145020.16	AMT	chr3	49416778	49422685	3	3	3
ENSG00000145029.14	NICN1	chr3	49422333	49429326	3	3	3
ENSG00000201301.1	RNA5SP130	chr3	49467115	49467228	3	3	3
ENSG00000173402.12	DAG1	chr3	49468703	49535618	3	3	3
ENSG00000226913.2	BSN-DT	chr3	49549306	49554366	3	3	3
ENSG00000164061.5	BSN	chr3	49554477	49671549	3	3	3
ENSG00000235120.1	BSN-AS1	chr3	49640483	49641769	3	3	3
ENSG00000164062.13	APEH	chr3	49674014	49683971	3	3	3
ENSG00000173531.15	MST1	chr3	49683947	49689501	3	3	3
ENSG00000259970.1	AC099668.1	chr3	49684480	49684983	3	3	3
ENSG00000164068.16	RNF123	chr3	49689538	49721529	3	3	3
ENSG00000176020.9	AMIGO3	chr3	49716829	49719684	3	3	3
ENSG00000173540.14	GMPPB	chr3	49716844	49723973	3	3	3
ENSG00000176095.12	IP6K1	chr3	49724294	49786542	3	3	3
ENSG00000239576.1	COX6CP14	chr3	49758483	49758656	3	3	3
ENSG00000244730.1	AC139451.1	chr3	49775285	49775614	3	3	3
ENSG00000187492.9	CDHR4	chr3	49790732	49799873	3	3	3
ENSG00000185614.7	INKA1	chr3	49803261	49805030	3	3	3
ENSG00000182179.13	UBA7	chr3	49805209	49813953	3	3	3
ENSG00000283726.1	MIR5193	chr3	49806137	49806245	3	3	3
ENSG00000183763.9	TRAIP	chr3	49828601	49856574	3	3	3
ENSG00000164076.17	CAMKV	chr3	49857988	49869935	3	3	3
ENSG00000264706.2	RN7SL217P	chr3	49863375	49863660	3	3	3
ENSG00000234667.2	ACTBP13	chr3	49873347	49877305	3	3	3
ENSG00000164078.13	MST1R	chr3	49887002	49903873	3	3	3
ENSG00000230698.1	AC105935.2	chr3	49899302	49903757	3	3	3
ENSG00000228008.1	AC105935.1	chr3	49903845	49916937	3	3	3
ENSG00000164077.14	MON1A	chr3	49907160	49930173	3	3	3
ENSG00000004534.15	RBM6	chr3	49940007	50100045	3	3	3
ENSG00000003756.17	RBM5	chr3	50088919	50119021	3	3	3
ENSG00000281691.1	RBM5-AS1	chr3	50099603	50100988	3	3	3
ENSG00000235016.1	SEMA3F-AS1	chr3	50116022	50156085	3	3	3
ENSG00000001617.12	SEMA3F	chr3	50155045	50189075	3	3	3
ENSG00000207922.1	AC104450.1	chr3	50173326	50173419	3	3	3
ENSG00000114349.10	GNAT1	chr3	50191610	50197696	3	3	3
ENSG00000188338.15	SLC38A3	chr3	50205246	50221486	3	3	3
ENSG00000114353.17	GNAI2	chr3	50226292	50259362	3	3	3
ENSG00000275334.1	MIR5787	chr3	50227436	50227490	3	3	3
ENSG00000213600.3	U73169.1	chr3	50239618	50239984	3	3	3
ENSG00000230454.1	U73166.1	chr3	50260303	50263358	3	3	3
ENSG00000232352.1	SEMA3B-AS1	chr3	50266641	50267371	3	3	3
ENSG00000012171.20	SEMA3B	chr3	50267558	50277546	3	3	3
ENSG00000283848.1	MIR6872	chr3	50273236	50273297	3	3	3
ENSG00000179564.4	LSMEM2	chr3	50279087	50288114	3	3	3
ENSG00000214706.10	IFRD2	chr3	50287732	50292918	3	3	3
ENSG00000186792.17	HYAL3	chr3	50292831	50299405	3	3	3
ENSG00000243477.6	NAA80	chr3	50296402	50299416	3	3	3
ENSG00000114378.17	HYAL1	chr3	50299890	50312381	3	3	3
ENSG00000068001.14	HYAL2	chr3	50317790	50322782	3	3	3
ENSG00000114383.10	TUSC2	chr3	50320027	50328251	3	3	3
ENSG00000068028.17	RASSF1	chr3	50329782	50340980	3	3	3
ENSG00000281358.1	RASSF1-AS1	chr3	50337511	50338300	3	3	3
ENSG00000235058.1	ZMYND10-AS1	chr3	50341106	50345697	3	3	3
ENSG00000004838.14	ZMYND10	chr3	50341110	50345732	3	3	3
ENSG00000114388.14	NPRL2	chr3	50347330	50350826	3	3	3
ENSG00000114395.11	CYB561D2	chr3	50350845	50358460	3	3	3
ENSG00000272104.1	Z84492.2	chr3	50350892	50367923	3	3	3
ENSG00000126062.4	TMEM115	chr3	50354750	50359521	3	3	3
ENSG00000007402.12	CACNA2D2	chr3	50362613	50504244	3	3	3
ENSG00000271858.5	Z84492.1	chr3	50365334	50368197	3	3	3
ENSG00000202322.1	RNA5SP131	chr3	50419781	50419899	3	3	3
ENSG00000088543.15	C3orf18	chr3	50558025	50571027	3	3	3
ENSG00000114735.10	HEMK1	chr3	50569152	50596168	3	3	3
ENSG00000280382.1	AC096920.1	chr3	50599879	50601148	3	3	3
ENSG00000114737.16	CISH	chr3	50606489	50611774	3	3	3
ENSG00000114738.11	MAPKAPK3	chr3	50611520	50649291	3	3	3
ENSG00000273356.1	LINC02019	chr3	50669989	50672048	3	3	3
ENSG00000088538.13	DOCK3	chr3	50674927	51384198	3	3	3
ENSG00000272543.1	MIR4787	chr3	50675080	50675163	3	3	3
ENSG00000228337.1	PPIAP69	chr3	50685551	50685791	3	3	3
ENSG00000213587.3	AC126120.1	chr3	50719482	50719951	3	3	3
ENSG00000235278.2	ZNF652P1	chr3	50786674	50788285	3	3	3
ENSG00000240959.1	ST13P14	chr3	50876712	50877657	3	3	3
ENSG00000145050.19	MANF	chr3	51385291	51389397	3	3	3
ENSG00000259956.2	RBM15B	chr3	51391285	51397908	3	3	3
ENSG00000145041.15	DCAF1	chr3	51395867	51500002	3	3	3
ENSG00000164080.13	RAD54L2	chr3	51541144	51668667	3	3	3
ENSG00000221015.1	RNU6ATAC29P	chr3	51611438	51611562	3	3	3
ENSG00000164081.13	TEX264	chr3	51662693	51704323	3	3	3
ENSG00000288063.1	AC099050.1	chr3	51668592	51671176	3	3	3
ENSG00000201595.1	RNA5SP132	chr3	51694465	51694582	3	3	3
ENSG00000164082.15	GRM2	chr3	51707068	51718613	3	3	3
ENSG00000214686.7	IQCF6	chr3	51778561	51779241	3	3	3
ENSG00000285749.2	AC097636.1	chr3	51798803	51833389	3	3	3
ENSG00000224792.7	IQCF4P	chr3	51817603	51819635	3	3	3
ENSG00000229972.8	IQCF3	chr3	51826883	51830856	3	3	3
ENSG00000184345.5	IQCF2	chr3	51861615	51863424	3	3	3
ENSG00000241789.3	RN7SL504P	chr3	51872178	51872464	3	3	3
ENSG00000235455.1	IQCF5-AS1	chr3	51873596	51875767	3	3	3
ENSG00000214681.4	IQCF5	chr3	51873721	51875601	3	3	3
ENSG00000173389.16	IQCF1	chr3	51894876	51903353	3	3	3
ENSG00000287707.1	AC115284.4	chr3	51927071	51932483	3	3	3
ENSG00000114767.7	RRP9	chr3	51933429	51941904	3	3	3
ENSG00000041880.14	PARP3	chr3	51942345	51948867	3	3	3
ENSG00000280422.1	AC115284.2	chr3	51951849	51953902	3	3	3
ENSG00000180929.6	GPR62	chr3	51955381	51957499	3	3	3
ENSG00000090097.22	PCBP4	chr3	51957454	51974016	3	3	3
ENSG00000272762.5	AC115284.1	chr3	51961212	51974031	3	3	3
ENSG00000114779.19	ABHD14B	chr3	51968510	51983409	3	3	3
ENSG00000248487.9	ABHD14A	chr3	51971426	51981199	3	3	3
ENSG00000114786.16	ABHD14A-ACY1	chr3	51974706	51989183	3	3	3
ENSG00000243989.9	ACY1	chr3	51983340	51989197	3	3	3
ENSG00000162244.12	RPL29	chr3	51993522	51995895	3	3	3
ENSG00000285685.1	AC115284.3	chr3	52046763	52048657	3	3	3
ENSG00000164086.10	DUSP7	chr3	52048919	52056571	3	3	3
ENSG00000164087.8	POC1A	chr3	52075226	52154690	3	3	3
ENSG00000286419.1	AC097637.3	chr3	52183722	52186834	3	3	3
ENSG00000242849.2	ALDOAP1	chr3	52193170	52194785	3	3	3
ENSG00000023330.15	ALAS1	chr3	52198086	52214327	3	3	3
ENSG00000280003.1	AC097637.2	chr3	52217016	52219012	3	3	3
ENSG00000239732.3	TLR9	chr3	52221080	52226163	3	3	3
ENSG00000173366.11	AC097637.1	chr3	52221081	52231190	3	3	3
ENSG00000247596.10	TWF2	chr3	52228612	52246788	3	3	3
ENSG00000243224.1	AC006252.1	chr3	52239258	52241097	3	3	3
ENSG00000164088.18	PPM1M	chr3	52245759	52250599	3	3	3
ENSG00000164091.12	WDR82	chr3	52254434	52288020	3	3	3
ENSG00000199150.3	MIRLET7G	chr3	52268278	52268361	3	3	3
ENSG00000168237.18	GLYCTK	chr3	52287089	52295257	3	3	3
ENSG00000242797.3	GLYCTK-AS1	chr3	52288580	52299067	3	3	3
ENSG00000207926.1	MIR135A1	chr3	52294219	52294308	3	3	3
ENSG00000114841.17	DNAH1	chr3	52316319	52400491	3	3	3
ENSG00000239557.1	PPP2R5CP	chr3	52373652	52374882	3	3	3
ENSG00000163930.10	BAP1	chr3	52401008	52410008	3	3	3
ENSG00000010318.21	PHF7	chr3	52410660	52423641	3	3	3
ENSG00000010319.7	SEMA3G	chr3	52433035	52445103	3	3	3
ENSG00000114854.8	TNNC1	chr3	52451100	52454041	3	3	3
ENSG00000010322.16	NISCH	chr3	52455118	52493068	3	3	3
ENSG00000010327.10	STAB1	chr3	52495338	52524495	3	3	3
ENSG00000168268.11	NT5DC2	chr3	52524385	52535054	3	3	3
ENSG00000168273.8	SMIM4	chr3	52534013	52579237	3	3	3
ENSG00000163939.18	PBRM1	chr3	52545352	52685917	3	3	3
ENSG00000252768.1	RNU6-856P	chr3	52551846	52551943	3	3	3
ENSG00000221518.1	RNU6ATAC16P	chr3	52560570	52560707	3	3	3
ENSG00000163938.17	GNL3	chr3	52681156	52694497	3	3	3
ENSG00000280904.1	AC104446.3	chr3	52688882	52688961	3	3	3
ENSG00000252787.2	AC104446.1	chr3	52688890	52688962	3	3	3
ENSG00000212493.1	SNORD19	chr3	52689248	52689315	3	3	3
ENSG00000238862.1	SNORD19B	chr3	52690744	52690827	3	3	3
ENSG00000222345.1	SNORD19C	chr3	52691378	52691453	3	3	3
ENSG00000212452.1	SNORD69	chr3	52692736	52692812	3	3	3
ENSG00000016864.18	GLT8D1	chr3	52694488	52706032	3	3	3
ENSG00000114902.14	SPCS1	chr3	52704955	52711148	3	3	3
ENSG00000114904.13	NEK4	chr3	52708444	52770946	3	3	3
ENSG00000275956.1	AC104446.2	chr3	52732547	52733867	3	3	3
ENSG00000270941.1	AC006254.2	chr3	52734735	52735013	3	3	3
ENSG00000271137.1	AC006254.3	chr3	52753526	52754690	3	3	3
ENSG00000055957.11	ITIH1	chr3	52777595	52792068	3	3	3
ENSG00000162267.12	ITIH3	chr3	52794768	52809009	3	3	3
ENSG00000055955.17	ITIH4	chr3	52812962	52830688	3	3	3
ENSG00000243696.5	AC006254.1	chr3	52813282	52835729	3	3	3
ENSG00000239799.1	ITIH4-AS1	chr3	52823935	52825314	3	3	3
ENSG00000272573.6	MUSTN1	chr3	52833114	52835019	3	3	3
ENSG00000248592.7	STIMATE-MUSTN1	chr3	52833121	52897562	3	3	3
ENSG00000213533.13	STIMATE	chr3	52836219	52897548	3	3	3
ENSG00000275789.1	MIR8064	chr3	52846463	52846552	3	3	3
ENSG00000279144.1	AC099667.1	chr3	52848085	52848553	3	3	3
ENSG00000163935.14	SFMBT1	chr3	52903572	53046750	3	3	3
ENSG00000272305.5	AC096887.1	chr3	52969119	53099453	3	3	3
ENSG00000280417.1	AC096887.2	chr3	53046166	53048122	3	3	3
ENSG00000242142.1	SERBP1P3	chr3	53064283	53065091	3	3	3
ENSG00000163933.10	RFT1	chr3	53088483	53130453	3	3	3
ENSG00000163932.15	PRKCD	chr3	53156009	53192717	3	3	3
ENSG00000286531.1	AC097015.1	chr3	53196820	53197359	3	3	3
ENSG00000163931.16	TKT	chr3	53224712	53256052	3	3	3
ENSG00000272886.6	DCP1A	chr3	53283429	53347586	3	3	3
ENSG00000274967.1	Y_RNA	chr3	53290640	53290751	3	3	3
ENSG00000157388.19	CACNA1D	chr3	53328963	53813733	3	3	3
ENSG00000207109.1	SNORD38C	chr3	53333060	53333128	3	3	3
ENSG00000212608.1	AC112218.1	chr3	53387713	53387836	3	3	3
ENSG00000227224.1	AC092035.1	chr3	53474700	53475089	3	3	3
ENSG00000251987.1	SNORD63	chr3	53530322	53530401	3	3	3
ENSG00000271916.1	AC012467.1	chr3	53797764	53798019	3	3	3
ENSG00000016391.11	CHDH	chr3	53812335	53846419	3	3	3
ENSG00000056736.10	IL17RB	chr3	53846568	53865794	3	3	3
ENSG00000271976.1	AC012467.2	chr3	53858994	53861576	3	3	3
ENSG00000113812.14	ACTR8	chr3	53867066	53882152	3	3	3
ENSG00000113811.11	SELENOK	chr3	53884417	53891962	3	3	3
ENSG00000288029.1	AC115282.2	chr3	54033988	54058864	3	3	3
ENSG00000242983.1	CABYRP1	chr3	54047749	54048793	3	3	3
ENSG00000286353.1	AC115282.1	chr3	54057690	54125377	3	3	3
ENSG00000157445.15	CACNA2D3	chr3	54122547	55074557	3	3	3
ENSG00000229806.1	RPS15P5	chr3	54626215	54626646	3	3	3
ENSG00000265992.1	ESRG	chr3	54632122	54639857	3	3	3
ENSG00000243715.1	CACNA2D3-AS1	chr3	54874605	54901255	3	3	3
ENSG00000144771.8	LRTM1	chr3	54918231	54967088	3	3	3
ENSG00000239991.1	AC092059.1	chr3	55166910	55175732	3	3	3
ENSG00000243572.1	LINC02017	chr3	55178172	55189214	3	3	3
ENSG00000240708.2	LINC02030	chr3	55226862	55300738	3	3	3
ENSG00000242568.1	AC121764.2	chr3	55335462	55350915	3	3	3
ENSG00000242775.1	AC121764.3	chr3	55360443	55361829	3	3	3
ENSG00000114251.15	WNT5A	chr3	55465715	55490539	3	3	3
ENSG00000244586.1	WNT5A-AS1	chr3	55487699	55488308	3	3	3
ENSG00000242317.1	AC121764.1	chr3	55493830	55505261	3	3	3
ENSG00000187672.14	ERC2	chr3	55508311	56468467	3	3	3
ENSG00000240777.2	AC025572.1	chr3	55610603	55613104	3	3	3
ENSG00000281708.1	ERC2-IT1	chr3	55657206	55659382	3	3	3
ENSG00000264013.1	MIR3938	chr3	55852492	55852594	3	3	3
ENSG00000200379.1	RN7SKP45	chr3	56072104	56072407	3	3	3
ENSG00000200238.1	RNA5SP133	chr3	56185104	56185222	3	3	3
ENSG00000180376.17	CCDC66	chr3	56557161	56621837	3	3	3
ENSG00000163946.13	TASOR	chr3	56620133	56683237	3	3	3
ENSG00000163947.12	ARHGEF3	chr3	56727418	57079329	3	3	3
ENSG00000240198.5	ARHGEF3-AS1	chr3	56940040	56960854	3	3	3
ENSG00000186451.2	SPATA12	chr3	57060664	57075432	3	3	3
ENSG00000272202.1	AC097358.2	chr3	57078943	57080101	3	3	3
ENSG00000144730.19	IL17RD	chr3	57089982	57170306	3	3	3
ENSG00000229863.1	AC097358.1	chr3	57134142	57134723	3	3	3
ENSG00000163666.10	HESX1	chr3	57197838	57227606	3	3	3
ENSG00000157500.12	APPL1	chr3	57227726	57278105	3	3	3
ENSG00000239388.9	ASB14	chr3	57268342	57292685	3	3	3
ENSG00000286952.1	AC093928.1	chr3	57293083	57300187	3	3	3
ENSG00000174844.14	DNAH12	chr3	57293699	57544344	3	3	3
ENSG00000212392.1	Y_RNA	chr3	57493667	57493780	3	3	3
ENSG00000206918.1	RNU6-1181P	chr3	57512450	57512555	3	3	3
ENSG00000239831.1	RNF7P1	chr3	57519669	57520010	3	3	3
ENSG00000237186.1	AC092418.1	chr3	57530345	57530967	3	3	3
ENSG00000202428.1	RNU6-108P	chr3	57536252	57536358	3	3	3
ENSG00000206815.1	RNU6-483P	chr3	57548838	57548945	3	3	3
ENSG00000287502.1	AC092418.2	chr3	57555581	57556054	3	3	3
ENSG00000174840.9	PDE12	chr3	57556274	57566848	3	3	3
ENSG00000168374.11	ARF4	chr3	57571363	57598220	3	3	3
ENSG00000272146.6	ARF4-AS1	chr3	57597531	57600927	3	3	3
ENSG00000210841.1	RNU6ATAC26P	chr3	57619447	57619572	3	3	3
ENSG00000174839.13	DENND6A	chr3	57625454	57693077	3	3	3
ENSG00000239801.1	DENND6A-AS1	chr3	57628810	57654918	3	3	3
ENSG00000241933.1	DENND6A-DT	chr3	57693205	57696596	3	3	3
ENSG00000163681.16	SLMAP	chr3	57755450	57930003	3	3	3
ENSG00000270772.1	PDHA1P1	chr3	57800056	57801448	3	3	3
ENSG00000213509.4	PPIAP16	chr3	57941818	57942304	3	3	3
ENSG00000136068.15	FLNB	chr3	58008400	58172251	3	3	3
ENSG00000244161.1	FLNB-AS1	chr3	58162547	58170636	3	3	3
ENSG00000283148.1	AC137936.1	chr3	58174478	58178374	3	3	3
ENSG00000283511.1	AC137936.2	chr3	58180009	58187495	3	3	3
ENSG00000163687.14	DNASE1L3	chr3	58192257	58214697	3	3	3
ENSG00000163686.15	ABHD6	chr3	58237532	58295693	3	3	3
ENSG00000255154.8	HTD2	chr3	58306245	58320193	3	3	3
ENSG00000163684.12	RPP14	chr3	58306245	58324695	3	3	3
ENSG00000273493.1	AC098479.1	chr3	58329965	58330118	3	3	3
ENSG00000168297.16	PXK	chr3	58332880	58426127	3	3	3
ENSG00000275607.1	AC135507.2	chr3	58379217	58379525	3	3	3
ENSG00000168291.13	PDHB	chr3	58427630	58433857	3	3	3
ENSG00000272182.1	AC135507.1	chr3	58428255	58428815	3	3	3
ENSG00000272360.1	AC116036.2	chr3	58490830	58491291	3	3	3
ENSG00000168301.13	KCTD6	chr3	58492096	58502360	3	3	3
ENSG00000168306.13	ACOX2	chr3	58505136	58537283	3	3	3
ENSG00000236722.1	AC116036.1	chr3	58511310	58511676	3	3	3
ENSG00000168309.18	FAM107A	chr3	58564117	58627610	3	3	3
ENSG00000243384.1	AC119424.1	chr3	58572744	58574319	3	3	3
ENSG00000244383.2	FAM3D-AS1	chr3	58607080	58644491	3	3	3
ENSG00000198643.7	FAM3D	chr3	58633946	58666834	3	3	3
ENSG00000163689.20	CFAP20DC	chr3	58717365	59050084	3	3	3
ENSG00000242428.6	CFAP20DC-AS1	chr3	58824437	59019093	3	3	3
ENSG00000243295.2	AC126121.3	chr3	59050164	59754808	3	3	3
ENSG00000243903.1	AC138057.1	chr3	59380024	59388704	3	3	3
ENSG00000242545.1	AC126121.2	chr3	59464330	59510678	3	3	3
ENSG00000241804.1	AC126121.1	chr3	59535863	59536415	3	3	3
ENSG00000277592.1	Metazoa_SRP	chr3	59584169	59584445	3	3	3
ENSG00000189283.10	FHIT	chr3	59747277	61251459	3	3	3
ENSG00000287649.1	AC093418.1	chr3	59809269	59811310	3	3	3
ENSG00000240097.1	AC104164.2	chr3	60616822	60618079	3	3	3
ENSG00000281426.1	MIR548BB	chr3	60617805	60617870	3	3	3
ENSG00000232407.3	PPIAP70	chr3	60690225	60690719	3	3	3
ENSG00000225673.3	AC104164.1	chr3	60730055	60730644	3	3	3
ENSG00000244183.1	PPIAP71	chr3	60732144	60732636	3	3	3
ENSG00000212211.2	U3	chr3	60856389	60856605	3	3	3
ENSG00000144724.20	PTPRG	chr3	61561569	62297609	3	3	3
ENSG00000252420.1	Y_RNA	chr3	61739127	61739229	3	3	3
ENSG00000226360.5	RPL10AP6	chr3	61742455	61743106	3	3	3
ENSG00000252184.1	RNU2-10P	chr3	62118300	62118510	3	3	3
ENSG00000237456.3	ID2B	chr3	62124204	62124608	3	3	3
ENSG00000241472.7	PTPRG-AS1	chr3	62221249	62369406	3	3	3
ENSG00000114405.11	C3orf14	chr3	62319015	62336213	3	3	3
ENSG00000153266.13	FEZF2	chr3	62369681	62374324	3	3	3
ENSG00000163618.18	CADPS	chr3	62398346	62875416	3	3	3
ENSG00000225662.2	AC012519.1	chr3	62779176	62779785	3	3	3
ENSG00000244632.3	RN7SL863P	chr3	62796124	62796419	3	3	3
ENSG00000252449.1	RNU6-139P	chr3	62814382	62814491	3	3	3
ENSG00000226082.2	AC096915.1	chr3	62926371	62926882	3	3	3
ENSG00000244342.5	LINC00698	chr3	62950430	63125062	3	3	3
ENSG00000242841.1	KRT8P35	chr3	63096374	63097711	3	3	3
ENSG00000240359.1	UBL5P3	chr3	63203218	63203448	3	3	3
ENSG00000163630.11	SYNPR	chr3	63228315	63616924	3	3	3
ENSG00000241359.1	SYNPR-AS1	chr3	63423596	63550051	3	3	3
ENSG00000252301.1	RNA5SP134	chr3	63545440	63545535	3	3	3
ENSG00000188817.8	SNTN	chr3	63652675	63679020	3	3	3
ENSG00000224479.6	AC104162.1	chr3	63741827	63827445	3	3	3
ENSG00000163632.14	C3orf49	chr3	63819299	63848636	3	3	3
ENSG00000163634.12	THOC7	chr3	63833870	63863868	3	3	3
ENSG00000240549.2	THOC7-AS1	chr3	63860645	63861819	3	3	3
ENSG00000163635.20	ATXN7	chr3	63863155	64003462	3	3	3
ENSG00000280620.1	SCAANT1	chr3	63911518	63911772	3	3	3
ENSG00000239653.1	PSMD6-AS2	chr3	64004022	64012148	3	3	3
ENSG00000271843.1	AC012557.1	chr3	64008082	64008692	3	3	3
ENSG00000163636.11	PSMD6	chr3	64010550	64024010	3	3	3
ENSG00000243410.1	PSMD6-AS1	chr3	64011964	64016246	3	3	3
ENSG00000272181.1	AC012557.2	chr3	64019508	64019925	3	3	3
ENSG00000241111.1	PRICKLE2-AS1	chr3	64067964	64103131	3	3	3
ENSG00000200222.2	U3	chr3	64071807	64072019	3	3	3
ENSG00000189196.4	LINC00994	chr3	64078361	64087363	3	3	3
ENSG00000163637.13	PRICKLE2	chr3	64092236	64445476	3	3	3
ENSG00000241572.1	PRICKLE2-AS1	chr3	64099273	64101122	3	3	3
ENSG00000241101.1	PRICKLE2-AS2	chr3	64103470	64106056	3	3	3
ENSG00000239926.1	PRDX3P4	chr3	64174401	64175147	3	3	3
ENSG00000226017.2	PRICKLE2-AS3	chr3	64187544	64200965	3	3	3
ENSG00000244564.2	PRICKLE2-DT	chr3	64445231	64456070	3	3	3
ENSG00000212340.1	RNU6-739P	chr3	64511755	64511857	3	3	3
ENSG00000163638.13	ADAMTS9	chr3	64515654	64688000	3	3	3
ENSG00000241158.7	ADAMTS9-AS1	chr3	64561322	64592757	3	3	3
ENSG00000241684.6	ADAMTS9-AS2	chr3	64684909	65053439	3	3	3
ENSG00000243149.2	LINC02040	chr3	65174916	65193509	3	3	3
ENSG00000151276.23	MAGI1	chr3	65353525	66038834	2	2	3
ENSG00000270059.1	AC121493.1	chr3	65359268	65359717	3	3	3
ENSG00000244226.1	ILF2P1	chr3	65687301	65688468	2	2	2
ENSG00000223409.1	RPL17P17	chr3	65843890	65844446	2	2	2
ENSG00000272610.1	MAGI1-IT1	chr3	65872815	65954558	2	2	2
ENSG00000240175.1	MAGI1-AS1	chr3	65893816	65925297	2	2	2
ENSG00000202071.1	Y_RNA	chr3	66003839	66003940	2	2	2
ENSG00000203647.2	AC106827.1	chr3	66008770	66009200	2	2	2
ENSG00000144741.18	SLC25A26	chr3	66133610	66388116	2	2	2
ENSG00000206759.1	RNU6-787P	chr3	66293114	66293220	2	2	2
ENSG00000241587.3	RN7SL482P	chr3	66323855	66324152	2	2	2
ENSG00000144749.14	LRIG1	chr3	66378797	66501263	2	2	2
ENSG00000271174.1	AC104440.1	chr3	66622760	66623102	2	2	2
ENSG00000214560.4	RPL21P41	chr3	66637149	66637412	2	2	2
ENSG00000288039.1	AC098969.2	chr3	66780076	66824439	2	2	2
ENSG00000285738.1	AC098969.1	chr3	66794041	66796921	2	2	2
ENSG00000287873.1	AC020655.1	chr3	66997168	66998020	2	2	2
ENSG00000163376.11	KBTBD8	chr3	66998307	67011210	2	2	2
ENSG00000283298.1	MIR4272	chr3	67225464	67225527	2	2	2
ENSG00000241884.2	AC114401.1	chr3	67296300	67306359	2	2	2
ENSG00000172340.15	SUCLG2	chr3	67360460	67654612	2	2	2
ENSG00000242510.1	NDUFB4P1	chr3	67513940	67514320	2	2	2
ENSG00000241316.8	SUCLG2-AS1	chr3	67654669	67947713	2	2	2
ENSG00000183662.11	TAFA1	chr3	68004247	68545621	2	2	2
ENSG00000214552.4	COPS8P2	chr3	68145004	68145630	2	2	2
ENSG00000240568.1	AC107626.1	chr3	68192398	68192580	2	2	2
ENSG00000286967.1	AC104167.1	chr3	68500613	68505873	2	2	2
ENSG00000244640.1	AC096922.1	chr3	68633706	68634356	2	2	2
ENSG00000241506.1	PSMC1P1	chr3	68635705	68637024	2	2	2
ENSG00000163377.16	TAFA4	chr3	68731766	68953297	2	2	2
ENSG00000252828.1	RNA5SP135	chr3	68882967	68883091	2	2	2
ENSG00000163378.14	EOGT	chr3	68975217	69013684	2	2	2
ENSG00000244513.7	AC109587.1	chr3	69013941	69056622	2	2	2
ENSG00000144747.17	TMF1	chr3	69019827	69052339	2	2	2
ENSG00000265355.1	MIR3136	chr3	69048958	69049035	2	2	2
ENSG00000144744.17	UBA3	chr3	69054730	69080408	2	2	2
ENSG00000144746.7	ARL6IP5	chr3	69084937	69106092	2	2	2
ENSG00000163380.16	LMOD3	chr3	69106065	69123032	2	2	2
ENSG00000114541.15	FRMD4B	chr3	69168782	69542583	2	2	2
ENSG00000239263.1	RBM43P1	chr3	69471452	69472532	2	2	2
ENSG00000240265.1	AC099328.1	chr3	69535664	69536693	2	2	2
ENSG00000240842.2	AC099328.2	chr3	69564106	69571172	2	2	2
ENSG00000241667.1	AC104445.1	chr3	69591341	69593121	2	2	2
ENSG00000187098.17	MITF	chr3	69739464	69968336	2	2	2
ENSG00000241665.3	RN7SL418P	chr3	69769487	69769773	2	2	2
ENSG00000240405.7	SAMMSON	chr3	69999550	70518064	2	2	2
ENSG00000271034.1	AC139700.1	chr3	70125070	70126609	2	2	2
ENSG00000242728.1	UQCRHP4	chr3	70140217	70140488	2	2	2
ENSG00000242120.4	MDFIC2	chr3	70194479	70312638	2	2	2
ENSG00000287487.1	AC104633.1	chr3	70605420	70617605	2	2	2
ENSG00000287669.1	AC104633.2	chr3	70617766	70620325	2	2	2
ENSG00000240156.1	COX6CP6	chr3	70751123	70751350	2	2	2
ENSG00000243873.1	HMGB1P36	chr3	70753854	70754573	2	2	2
ENSG00000206939.1	RNU6-281P	chr3	70808350	70808452	2	2	2
ENSG00000114861.23	FOXP1	chr3	70954708	71583989	2	2	2
ENSG00000285708.1	AC097634.4	chr3	70959226	71754229	2	2	2
ENSG00000244203.2	FOXP1-AS1	chr3	71289769	71305853	2	2	2
ENSG00000221264.1	MIR1284	chr3	71541970	71542089	2	2	2
ENSG00000274387.1	AC097634.2	chr3	71567863	71571112	2	2	2
ENSG00000242094.1	FOXP1-IT1	chr3	71570255	71574457	2	2	2
ENSG00000277855.1	AC097634.3	chr3	71581721	71628558	2	2	2
ENSG00000270562.1	AC097634.1	chr3	71584943	71587409	2	2	2
ENSG00000163412.13	EIF4E3	chr3	71675414	71754773	2	2	2
ENSG00000170837.3	GPR27	chr3	71753855	71756496	2	2	2
ENSG00000163421.9	PROK2	chr3	71771655	71785206	2	2	2
ENSG00000287131.1	AC096970.1	chr3	71785428	71786425	2	2	2
ENSG00000239250.3	RN7SL271P	chr3	71827177	71827471	2	2	2
ENSG00000241163.8	LINC00877	chr3	71943592	72279503	2	2	2
ENSG00000244130.1	UBE2Q2P9	chr3	72006774	72006975	2	2	2
ENSG00000273461.5	AC105265.2	chr3	72061061	72069933	2	2	2
ENSG00000276471.1	AC105265.3	chr3	72080564	72084641	2	2	2
ENSG00000239350.2	AC105265.1	chr3	72085109	72085287	2	2	2
ENSG00000242609.1	CCDC137P	chr3	72086888	72087725	2	2	2
ENSG00000243083.7	LINC00870	chr3	72151236	72207776	2	2	2
ENSG00000272774.1	AC112219.2	chr3	72178279	72178810	2	2	2
ENSG00000242618.2	AC112219.1	chr3	72202944	72209914	2	2	2
ENSG00000287882.1	AC134508.2	chr3	72301616	72319429	2	2	2
ENSG00000260670.1	AC134508.1	chr3	72321051	72324027	2	2	2
ENSG00000163602.11	RYBP	chr3	72371825	72446623	2	2	2
ENSG00000244345.1	AC104435.2	chr3	72504806	72550552	2	2	2
ENSG00000199469.1	RNU1-62P	chr3	72576691	72576854	2	2	2
ENSG00000239568.1	AC104435.1	chr3	72583370	72583535	2	2	2
ENSG00000222838.1	RNA5SP136	chr3	72691705	72691811	2	2	2
ENSG00000287595.1	AC097369.4	chr3	72738918	72740525	2	2	2
ENSG00000144736.14	SHQ1	chr3	72749277	72861914	2	2	2
ENSG00000241537.1	AC134050.1	chr3	72772539	72773471	2	2	2
ENSG00000240135.1	PSMD12P1	chr3	72876737	72878102	2	2	2
ENSG00000271266.1	LAPTM4BP2	chr3	72884234	72884679	2	2	2
ENSG00000172986.13	GXYLT2	chr3	72888046	72998138	2	2	2
ENSG00000276890.1	Metazoa_SRP	chr3	72926955	72927237	2	2	2
ENSG00000242960.1	FTH1P23	chr3	72929044	72929593	2	2	2
ENSG00000163605.15	PPP4R2	chr3	72996803	73069198	2	2	2
ENSG00000238959.1	RNU7-19P	chr3	73027808	73027873	2	2	2
ENSG00000255423.1	EBLN2	chr3	73061659	73063337	2	2	2
ENSG00000252651.1	RNU6-557P	chr3	73092148	73092257	2	2	2
ENSG00000223247.1	RNU2-64P	chr3	73110992	73111182	2	2	2
ENSG00000182921.9	CCDC75P1	chr3	73182501	73183291	2	2	2
ENSG00000252937.1	RNU6-1270P	chr3	73241789	73241896	2	2	2
ENSG00000121440.15	PDZRN3	chr3	73382431	73624941	2	2	2
ENSG00000239119.1	RNU7-119P	chr3	73593940	73594002	2	2	2
ENSG00000239677.6	PDZRN3-AS1	chr3	73621713	73626796	2	2	2
ENSG00000278934.1	AC117489.1	chr3	73624410	73627626	2	2	2
ENSG00000242364.1	AC108725.1	chr3	73648399	73648807	2	2	2
ENSG00000242741.2	LINC02005	chr3	73805754	73902960	2	2	2
ENSG00000278554.1	Metazoa_SRP	chr3	73959642	73959927	2	2	2
ENSG00000239454.1	LINC02047	chr3	73999805	74005609	2	2	2
ENSG00000223738.3	AC016930.1	chr3	74101349	74103553	2	2	2
ENSG00000213452.4	AKR1B1P2	chr3	74135959	74136892	2	2	2
ENSG00000113805.8	CNTN3	chr3	74262568	74521140	2	2	2
ENSG00000241022.1	NIPA2P2	chr3	75084155	75085237	2	2	2
ENSG00000242638.3	RN7SL294P	chr3	75182754	75183048	2	2	2
ENSG00000266780.1	MIR4444-2	chr3	75214476	75214549	2	2	2
ENSG00000287398.1	AC117481.1	chr3	75214510	75240770	2	2	2
ENSG00000213300.5	HNRNPA3P6	chr3	75214631	75215636	2	2	2
ENSG00000228868.3	MYLKP1	chr3	75328549	75339071	2	2	2
ENSG00000243674.1	OR7E66P	chr3	75347833	75348787	2	2	2
ENSG00000179799.9	OR7E22P	chr3	75356437	75362268	2	2	2
ENSG00000230655.3	OR7E55P	chr3	75370448	75371342	2	2	2
ENSG00000244699.1	AC139453.2	chr3	75384059	75391810	2	2	2
ENSG00000240665.1	LSP1P2	chr3	75395188	75395320	2	2	2
ENSG00000242953.1	AC139453.1	chr3	75395404	75395536	2	2	2
ENSG00000238278.3	ALG1L6P	chr3	75415070	75422143	2	2	2
ENSG00000244026.6	FAM86DP	chr3	75421552	75435110	2	2	2
ENSG00000272690.6	LINC02018	chr3	75435232	75538029	2	2	2
ENSG00000239959.1	ENPP7P2	chr3	75446769	75491202	2	2	2
ENSG00000243794.1	SNRPCP10	chr3	75521803	75522012	2	2	2
ENSG00000272710.2	AC133041.1	chr3	75540049	75580199	2	2	2
ENSG00000244674.1	RPS3AP15	chr3	75542149	75542929	2	2	2
ENSG00000239383.1	AC108724.1	chr3	75590298	75590649	2	2	2
ENSG00000244222.2	OR7E121P	chr3	75598652	75599673	2	2	2
ENSG00000172971.7	UNC93B3	chr3	75619506	75623849	2	2	2
ENSG00000243422.2	RPL23AP49	chr3	75624275	75670156	2	2	2
ENSG00000282912.1	AC108724.2	chr3	75624899	75625188	2	2	2
ENSG00000282511.1	CLUHP10	chr3	75629993	75634057	2	2	2
ENSG00000283894.1	MIR1324	chr3	75630763	75630858	2	2	2
ENSG00000241532.1	AGGF1P3	chr3	75653561	75654773	2	2	2
ENSG00000241622.1	RARRES2P1	chr3	75658534	75659014	2	2	2
ENSG00000172969.7	FRG2C	chr3	75664330	75667220	2	2	2
ENSG00000236138.4	DUX4L26	chr3	75668931	75670185	2	2	2
ENSG00000242516.2	LINC00960	chr3	75672300	75742048	2	2	2
ENSG00000227124.11	ZNF717	chr3	75678660	75785583	2	2	2
ENSG00000266396.1	MIR4273	chr3	75738280	75738363	2	2	2
ENSG00000185008.17	ROBO2	chr3	75906695	77649964	2	2	2
ENSG00000222883.1	Y_RNA	chr3	75964980	75965069	2	2	2
ENSG00000240809.1	CAP1P1	chr3	76434018	76435428	2	2	2
ENSG00000199520.1	RNU6-386P	chr3	77092057	77092163	2	2	2
ENSG00000213450.4	VDAC1P7	chr3	77316752	77317598	2	2	2
ENSG00000287567.1	AC133040.1	chr3	77567508	77571881	2	2	2
ENSG00000206891.1	RNU6-217P	chr3	77811741	77811844	2	2	2
ENSG00000244461.1	LINC02077	chr3	78038705	78046794	2	2	2
ENSG00000240573.1	AC117462.1	chr3	78087404	78092270	4	4	4
ENSG00000243957.3	RN7SL647P	chr3	78115158	78115457	4	4	4
ENSG00000222574.1	RN7SKP61	chr3	78161698	78161992	4	4	4
ENSG00000240241.5	AC108752.1	chr3	78266940	78294731	4	4	4
ENSG00000239226.1	MRPS17P3	chr3	78525101	78525485	4	4	4
ENSG00000169855.20	ROBO1	chr3	78597239	79767998	4	4	4
ENSG00000240752.1	AC055731.1	chr3	78758974	78759374	4	4	4
ENSG00000240964.3	RN7SL751P	chr3	78938009	78938292	4	4	4
ENSG00000288105.1	AC117461.1	chr3	79411714	79470827	4	4	4
ENSG00000265193.1	MIR3923	chr3	79507887	79507969	4	4	4
ENSG00000243877.1	HMGB1P38	chr3	79957566	79958142	4	4	4
ENSG00000271389.1	OSBPL9P1	chr3	80163327	80164795	4	4	4
ENSG00000239699.1	HNRNPA3P8	chr3	80216261	80217234	4	4	4
ENSG00000242586.1	AC108740.1	chr3	80442081	80442305	4	4	4
ENSG00000286329.1	AC108690.1	chr3	80602716	80677898	4	4	4
ENSG00000242828.1	AC068756.1	chr3	80761042	80788963	4	4	4
ENSG00000242781.2	LINC02050	chr3	80764862	80789388	4	4	4
ENSG00000243694.3	LINC02027	chr3	80993854	81105182	4	4	4
ENSG00000242145.1	AC099542.2	chr3	81208193	81208914	4	4	4
ENSG00000241593.5	AC099542.1	chr3	81246579	81297345	4	4	4
ENSG00000287053.1	AC107302.2	chr3	81359739	81368191	4	4	4
ENSG00000244281.1	AC107302.1	chr3	81366990	81368021	4	4	4
ENSG00000114480.13	GBE1	chr3	81489703	81761645	4	4	4
ENSG00000222389.1	RNU2-28P	chr3	81509476	81509664	4	4	4
ENSG00000241319.1	SETP6	chr3	81612238	81612805	4	4	4
ENSG00000240404.2	AC017015.1	chr3	81612790	81613075	4	4	4
ENSG00000242190.1	AC017015.2	chr3	81762706	81764756	4	4	4
ENSG00000242009.2	AC129807.1	chr3	81840514	81953534	4	4	4
ENSG00000239440.6	LINC02008	chr3	81986138	82463675	4	4	4
ENSG00000241367.1	RPL7AP23	chr3	82319172	82320279	4	4	4
ENSG00000241095.1	CYP51A1P1	chr3	82806515	82808021	4	4	4
ENSG00000288004.1	AC023503.1	chr3	83384445	83437728	4	4	4
ENSG00000286567.1	AC092825.1	chr3	83924157	83937031	4	4	4
ENSG00000242195.1	SRRM1P2	chr3	83937045	83938236	4	4	4
ENSG00000287158.1	AC117464.1	chr3	83953639	84051419	4	4	4
ENSG00000242641.6	LINC00971	chr3	84638405	84881924	4	4	4
ENSG00000241776.1	AC117482.1	chr3	84691681	84692591	4	4	4
ENSG00000242339.2	LINC02025	chr3	84881984	84893379	4	4	4
ENSG00000287273.1	AC132660.2	chr3	84940619	84947061	4	4	4
ENSG00000175161.14	CADM2	chr3	84958989	86074429	4	4	5
ENSG00000264084.1	MIR5688	chr3	85385710	85385792	4	4	4
ENSG00000241648.1	CADM2-AS2	chr3	85799987	85828050	4	4	4
ENSG00000239519.1	CADM2-AS1	chr3	85992183	86028007	4	4	4
ENSG00000243915.1	THAP12P2	chr3	86012561	86015120	4	4	4
ENSG00000201410.1	AC107024.1	chr3	86125216	86125287	4	4	4
ENSG00000251773.1	RNU6-1129P	chr3	86235321	86235424	4	4	4
ENSG00000239767.2	AC108733.1	chr3	86258936	86267424	4	4	4
ENSG00000222934.1	RN7SKP284	chr3	86362132	86362474	4	4	4
ENSG00000241328.1	LINC02070	chr3	86481943	86496996	4	4	4
ENSG00000277746.1	AC108706.1	chr3	86816740	86817036	4	4	4
ENSG00000206538.9	VGLL3	chr3	86876388	86991149	4	4	4
ENSG00000241293.1	PPATP1	chr3	87051192	87052738	4	4	4
ENSG00000281392.2	LINC00506	chr3	87089129	87158363	4	4	4
ENSG00000264119.1	MIR4795	chr3	87226189	87226277	4	4	4
ENSG00000083937.10	CHMP2B	chr3	87227271	87255556	4	4	4
ENSG00000064835.11	POU1F1	chr3	87259404	87276584	4	4	4
ENSG00000239829.1	KRT8P25	chr3	87323268	87324723	4	4	4
ENSG00000240902.1	APOOP2	chr3	87594838	87595376	4	4	4
ENSG00000240255.1	PSMC1P6	chr3	87630301	87631619	4	4	4
ENSG00000239572.3	AC108749.1	chr3	87641412	87793629	4	4	4
ENSG00000200703.1	RNU6-873P	chr3	87742543	87742649	4	4	4
ENSG00000179097.6	HTR1F	chr3	87792492	87993787	4	4	4
ENSG00000221059.1	RNU6ATAC6P	chr3	87910220	87910345	4	4	4
ENSG00000163320.12	CGGBP1	chr3	88051944	88149885	4	4	4
ENSG00000288654.1	AC119733.1	chr3	88058139	88058216	4	4	4
ENSG00000175105.8	ZNF654	chr3	88059255	88144660	4	4	4
ENSG00000241535.1	CBX5P1	chr3	88095408	88095968	4	4	4
ENSG00000179021.10	C3orf38	chr3	88149959	88168729	4	4	4
ENSG00000242159.1	ABCF2P1	chr3	88317156	88319022	4	4	4
ENSG00000283434.2	CSNKA2IP	chr3	88338416	88467594	4	4	4
ENSG00000207316.1	Y_RNA	chr3	88431191	88431309	4	4	4
ENSG00000242365.1	NDUFA5P5	chr3	88601061	88601402	4	4	4
ENSG00000242705.1	ICE2P2	chr3	88948142	88950928	4	4	4
ENSG00000241861.2	GAPDHP50	chr3	89047442	89048434	4	4	4
ENSG00000044524.11	EPHA3	chr3	89107621	89482134	4	4	4
ENSG00000285780.2	AC109129.1	chr3	89283016	89314604	4	4	4
ENSG00000240951.1	MTCO2P6	chr3	89587886	89588570	4	4	4
ENSG00000240309.1	MTCO1P6	chr3	89588714	89590097	4	4	4
ENSG00000212598.2	U3	chr3	90030284	90030495	4	4	4
ENSG00000222490.1	RNU6-712P	chr3	90184634	90184733	4	4	4
ENSG00000189002.10	PROS2P	chr3	90202316	90257415	4	4	4
ENSG00000271024.1	HSPE1P19	chr3	90261414	90261708	4	4	4
ENSG00000283367.1	ABBA01000933.1	chr3	91356755	91356914			
ENSG00000283544.1	ABBA01000935.2	chr3	91374236	91513775			
ENSG00000251727.1	RNU6-488P	chr3	93843764	93843862	4	4	4
ENSG00000184500.16	PROS1	chr3	93873051	93980003	4	4	4
ENSG00000201339.1	Y_RNA	chr3	93967926	93968020	4	4	4
ENSG00000200366.1	RNU6-511P	chr3	93977029	93977135	4	4	4
ENSG00000169379.16	ARL13B	chr3	93980139	94055678	4	4	4
ENSG00000239614.1	HMGN1P7	chr3	93988634	93988946	4	4	4
ENSG00000178750.3	STX19	chr3	94014365	94028597	4	4	4
ENSG00000178700.9	DHFR2	chr3	94047836	94063389	4	4	4
ENSG00000178694.10	NSUN3	chr3	94062980	94131832	4	4	4
ENSG00000242457.1	RBBP4P2	chr3	94075912	94077175	4	4	4
ENSG00000178660.6	ARMC10P1	chr3	94506766	94507620	4	4	4
ENSG00000242911.1	AC140059.1	chr3	94935760	94936120	4	4	4
ENSG00000234629.1	WDR82P1	chr3	94937086	94938024	4	4	4
ENSG00000239589.7	LINC00879	chr3	94937980	95168351	4	4	4
ENSG00000244048.1	RPS18P6	chr3	95171920	95172377	4	4	4
ENSG00000244681.1	MTHFD2P1	chr3	95654423	95683193	4	4	4
ENSG00000286516.1	AC106719.1	chr3	95916726	95919552	4	4	4
ENSG00000271671.1	AC107304.1	chr3	96244732	96245335	4	4	4
ENSG00000243547.1	HNRNPKP4	chr3	96349554	96350939	4	4	4
ENSG00000278103.1	MIR8060	chr3	96359964	96360039	4	4	4
ENSG00000241815.1	AC107015.1	chr3	96566357	96567103	4	4	4
ENSG00000199286.1	RNU6-1094P	chr3	96608814	96608917	4	4	4
ENSG00000269028.3	MTRNR2L12	chr3	96617188	96618236	4	4	4
ENSG00000218754.4	RPL18AP8	chr3	96619304	96619831	4	4	4
ENSG00000241018.1	RCC2P5	chr3	96753185	96754671	4	4	4
ENSG00000176243.9	CDV3P1	chr3	96776945	96777683	4	4	4
ENSG00000286447.1	AC109782.1	chr3	96810838	96814407	4	4	4
ENSG00000080224.17	EPHA6	chr3	96814581	97752460	4	4	4
ENSG00000251172.1	AC117470.1	chr3	97481177	97481506	4	4	4
ENSG00000261292.2	AC110491.1	chr3	97759523	97761532	4	4	4
ENSG00000113966.10	ARL6	chr3	97764521	97801229	4	4	4
ENSG00000282527.1	AC110491.3	chr3	97800733	97821884	4	4	4
ENSG00000080200.10	CRYBG3	chr3	97822011	97944984	4	4	4
ENSG00000279658.1	AC110491.2	chr3	97836986	97874691	4	4	4
ENSG00000170854.18	RIOX2	chr3	97941818	97972457	4	4	4
ENSG00000285614.1	AC026100.1	chr3	97973012	97975056	4	4	4
ENSG00000183185.9	GABRR3	chr3	97986673	98035304	4	4	4
ENSG00000250750.1	OR5BM1P	chr3	98053374	98053739	4	4	4
ENSG00000213439.3	OR5AC1	chr3	98064472	98065396	4	4	4
ENSG00000196578.4	OR5AC2	chr3	98087173	98088102	4	4	4
ENSG00000249225.1	AC117460.1	chr3	98099908	98148134	4	4	4
ENSG00000251090.2	OR5AC4P	chr3	98100793	98105672	4	4	4
ENSG00000248365.3	POU5F1P7	chr3	98119191	98119731	4	4	4
ENSG00000231192.2	OR5H1	chr3	98130721	98138548	4	4	4
ENSG00000236032.3	OR5H14	chr3	98147479	98156614	4	4	4
ENSG00000233412.5	OR5H15	chr3	98166696	98169774	4	4	4
ENSG00000249321.1	OR5H5P	chr3	98197211	98198138	4	4	4
ENSG00000249975.1	OR5H3P	chr3	98207423	98208341	4	4	4
ENSG00000248507.1	OR5H4P	chr3	98222044	98222966	4	4	4
ENSG00000251088.1	AC117473.1	chr3	98233651	98457898	4	4	4
ENSG00000187900.4	OR5H7P	chr3	98238352	98239281	4	4	4
ENSG00000230301.6	OR5H6	chr3	98263252	98265356	4	4	4
ENSG00000197938.5	OR5H2	chr3	98282888	98283832	4	4	4
ENSG00000232535.2	OR5H8	chr3	98306752	98312843	4	4	4
ENSG00000196098.2	OR5K4	chr3	98353854	98354819	4	4	4
ENSG00000206536.1	OR5K3	chr3	98390666	98391631	4	4	4
ENSG00000244653.1	UBFD1P1	chr3	98434034	98434847	4	4	4
ENSG00000232382.2	OR5K1	chr3	98463201	98472924	4	4	4
ENSG00000231861.2	OR5K2	chr3	98497604	98498663	4	4	4
ENSG00000080822.17	CLDND1	chr3	98497912	98523066	4	4	4
ENSG00000285635.1	AC021660.3	chr3	98521133	98585498	4	4	4
ENSG00000248839.1	AC021660.2	chr3	98522570	98525334	4	4	4
ENSG00000250562.1	RPL38P4	chr3	98525061	98525274	4	4	4
ENSG00000154165.5	GPR15	chr3	98531978	98534681	4	4	4
ENSG00000286602.1	AC021660.4	chr3	98573061	98578231	4	4	4
ENSG00000080819.9	CPOX	chr3	98579446	98593648	4	4	4
ENSG00000240827.1	AC021660.1	chr3	98620065	98620618	4	4	4
ENSG00000244153.1	WWP1P1	chr3	98657802	98660570	4	4	4
ENSG00000239445.6	ST3GAL6-AS1	chr3	98706236	98732757	4	4	4
ENSG00000064225.12	ST3GAL6	chr3	98732236	98821201	4	4	4
ENSG00000249274.1	PDLIM1P4	chr3	98782188	98783193	4	4	4
ENSG00000057019.16	DCBLD2	chr3	98795941	98901695	4	4	4
ENSG00000206712.1	RNU6-26P	chr3	98804978	98805084	4	4	4
ENSG00000239462.1	AC091212.1	chr3	98902424	99018562	4	4	4
ENSG00000207331.1	RNU6-1263P	chr3	98908459	98908564	4	4	4
ENSG00000240476.1	LINC00973	chr3	98981058	98983096	4	4	4
ENSG00000275108.1	U7	chr3	98987387	98987449	4	4	4
ENSG00000241305.1	ACTG1P13	chr3	99215224	99216266	4	4	4
ENSG00000240572.1	AC107297.1	chr3	99326377	99326552	4	4	4
ENSG00000243296.1	AC078828.1	chr3	99500347	99505508	4	4	4
ENSG00000243089.2	AC107029.1	chr3	99507187	99529985	4	4	4
ENSG00000244464.2	AC107029.2	chr3	99598064	99637308	4	4	4
ENSG00000144810.16	COL8A1	chr3	99638475	99799226	4	4	4
ENSG00000273374.1	AC069222.1	chr3	99802699	99806058	4	4	4
ENSG00000184220.12	CMSS1	chr3	99817837	100181732	4	4	4
ENSG00000168386.18	FILIP1L	chr3	99830141	100114513	4	4	4
ENSG00000264897.1	MIR3921	chr3	99964314	99964398	4	4	4
ENSG00000287378.1	AC129803.1	chr3	100132903	100260264	4	4	4
ENSG00000235156.5	TMEM30CP	chr3	100185687	100211766	4	4	4
ENSG00000277000.1	DUSP12P1	chr3	100221268	100223858	4	4	4
ENSG00000243974.1	VTI1BP1	chr3	100225374	100226073	4	4	4
ENSG00000036054.13	TBC1D23	chr3	100260992	100325251	4	4	4
ENSG00000114021.12	NIT2	chr3	100334739	100361635	4	4	4
ENSG00000154174.8	TOMM70	chr3	100363431	100401089	4	4	4
ENSG00000206535.8	LNP1	chr3	100401532	100456319	4	4	4
ENSG00000181458.10	TMEM45A	chr3	100492619	100577444	4	4	4
ENSG00000144820.8	ADGRG7	chr3	100609601	100695479	4	4	4
ENSG00000252989.1	AC069223.1	chr3	100646121	100646197	4	4	4
ENSG00000243495.1	GMFBP1	chr3	100665050	100665476	4	4	4
ENSG00000114354.15	TFG	chr3	100709295	100748964	4	4	4
ENSG00000154175.18	ABI3BP	chr3	100749156	100993515	4	4	4
ENSG00000213431.4	AC080014.1	chr3	100910975	100912175	4	4	4
ENSG00000201642.1	RNU6-865P	chr3	100952627	100952733	4	4	4
ENSG00000242573.1	ACTR3P3	chr3	101163094	101163986	4	4	4
ENSG00000081148.12	IMPG2	chr3	101222546	101320575	4	4	4
ENSG00000138468.16	SENP7	chr3	101324205	101513241	4	4	4
ENSG00000241738.1	ZNF90P1	chr3	101357292	101359242	4	4	4
ENSG00000232830.5	AC110994.1	chr3	101414228	101414633	4	4	4
ENSG00000282978.1	AC110994.2	chr3	101457241	101457732	4	4	4
ENSG00000201554.1	Y_RNA	chr3	101458530	101458626	4	4	4
ENSG00000175841.8	FAM172BP	chr3	101521891	101522979	4	4	4
ENSG00000174173.7	TRMT10C	chr3	101561868	101566446	4	4	4
ENSG00000081154.12	PCNP	chr3	101574180	101594465	4	4	4
ENSG00000242299.1	AC073861.1	chr3	101576489	101576947	4	4	4
ENSG00000243396.1	AC084198.1	chr3	101599243	101599644	4	4	4
ENSG00000252348.1	RNU6-1256P	chr3	101615826	101615928	4	4	4
ENSG00000212319.1	Y_RNA	chr3	101628310	101628406	4	4	4
ENSG00000201511.1	Y_RNA	chr3	101647421	101647522	4	4	4
ENSG00000066422.5	ZBTB11	chr3	101648889	101677132	4	4	4
ENSG00000201121.1	RNY1P12	chr3	101662060	101662164	4	4	4
ENSG00000256628.3	ZBTB11-AS1	chr3	101676475	101679217	4	4	4
ENSG00000114391.13	RPL24	chr3	101681091	101686718	4	4	4
ENSG00000286699.1	AC084198.2	chr3	101686827	101700926	4	4	4
ENSG00000244119.1	PDCL3P4	chr3	101712472	101713191	4	4	4
ENSG00000182504.11	CEP97	chr3	101724593	101770562	4	4	4
ENSG00000144815.16	NXPE3	chr3	101779202	101828231	4	4	4
ENSG00000249474.1	AC020651.1	chr3	101823793	101824998	4	4	4
ENSG00000144802.11	NFKBIZ	chr3	101827991	101861022	4	4	4
ENSG00000287682.1	AC020651.2	chr3	101878333	101925726	4	4	4
ENSG00000214407.3	LINC02085	chr3	101940859	101997926	4	4	4
ENSG00000202177.1	Y_RNA	chr3	101955077	101955185	4	4	4
ENSG00000241280.1	AC106712.1	chr3	101960358	101997926	4	4	4
ENSG00000170044.8	ZPLD1	chr3	102099244	102479841	4	4	4
ENSG00000241754.2	AC063938.1	chr3	102621061	102673986	4	4	4
ENSG00000201065.1	RNU6-461P	chr3	102755064	102755170	4	4	4
ENSG00000201922.1	RNU1-43P	chr3	103159960	103160124	4	4	4
ENSG00000236691.3	NDUFA4P2	chr3	103240987	103241230	4	4	4
ENSG00000265328.1	MIR548AB	chr3	103524033	103524116	4	4	4
ENSG00000240107.1	AC046144.1	chr3	103538635	103540487	4	4	4
ENSG00000243195.1	TUBBP11	chr3	103630661	103630912	4	4	4
ENSG00000214405.3	RAP1BP2	chr3	104063039	104063582	4	4	4
ENSG00000243635.1	AC091804.1	chr3	104502700	104503266	4	4	4
ENSG00000170017.12	ALCAM	chr3	105366909	105576900	4	4	4
ENSG00000114423.23	CBLB	chr3	105655461	105869552	4	4	4
ENSG00000287421.1	AC131237.1	chr3	106160417	106224375	4	4	4
ENSG00000244652.1	AC079382.1	chr3	106325737	106326293	4	4	4
ENSG00000286854.1	AC079382.2	chr3	106367979	106427977	4	4	4
ENSG00000242759.8	LINC00882	chr3	106449775	107240671	4	4	4
ENSG00000200610.1	Y_RNA	chr3	106515897	106515998	4	4	4
ENSG00000288557.1	AC080097.1	chr3	106684388	106691320	4	4	4
ENSG00000200361.1	Y_RNA	chr3	106688678	106688779	4	4	4
ENSG00000239997.1	FCF1P3	chr3	106848671	106849260	4	4	4
ENSG00000241787.1	MTND4P16	chr3	106894352	106895718	4	4	4
ENSG00000239632.1	MTND4LP3	chr3	106895729	106896408	4	4	4
ENSG00000242214.1	MTND3P6	chr3	106896483	106896821	4	4	4
ENSG00000242836.1	MTCO3P35	chr3	106896891	106897671	4	4	4
ENSG00000249580.1	MTATP6P22	chr3	106897671	106898268	4	4	4
ENSG00000243658.1	MTND5P16	chr3	106898889	106900591	4	4	4
ENSG00000240034.1	MTND6P6	chr3	106900593	106900855	4	4	4
ENSG00000250630.1	MTCO1P35	chr3	106900854	106901081	4	4	4
ENSG00000239586.1	MTND1P16	chr3	106901068	106901965	4	4	4
ENSG00000240796.1	MTND2P14	chr3	106902173	106902523	4	4	4
ENSG00000252626.1	RNU6-1308P	chr3	107007568	107007670	4	4	4
ENSG00000286956.1	AC117435.1	chr3	107046026	107053166	4	4	4
ENSG00000239455.1	AC074043.1	chr3	107104911	107107000	4	4	4
ENSG00000243701.7	DUBR	chr3	107220744	107348464	4	4	4
ENSG00000239828.7	AC063944.1	chr3	107272611	107421338	4	4	4
ENSG00000241218.1	CSP2	chr3	107327830	107329197	4	4	4
ENSG00000272597.1	AC063944.2	chr3	107329430	107329962	4	4	4
ENSG00000138483.3	CCDC54	chr3	107377439	107378635	4	4	4
ENSG00000273125.2	LINC01990	chr3	107430892	107463912	4	4	4
ENSG00000114439.19	BBX	chr3	107522936	107811339	4	4	4
ENSG00000240423.3	LINC00636	chr3	107834586	107928907	4	4	4
ENSG00000241469.9	LINC00635	chr3	107840228	107882250	4	4	4
ENSG00000279277.2	AC012020.1	chr3	108032456	108039916	4	4	4
ENSG00000196776.17	CD47	chr3	108043091	108091862	4	4	4
ENSG00000271856.1	LINC01215	chr3	108125821	108138610	4	4	4
ENSG00000114446.5	IFT57	chr3	108160812	108222435	4	4	4
ENSG00000114455.13	HHLA2	chr3	108296490	108378285	4	4	4
ENSG00000243188.1	HNRNPA1P17	chr3	108325520	108326814	4	4	4
ENSG00000144821.10	MYH15	chr3	108380368	108529322	4	4	4
ENSG00000241634.1	AC069499.1	chr3	108543367	108543875	4	4	4
ENSG00000163507.14	CIP2A	chr3	108549864	108589644	4	4	4
ENSG00000202379.1	SNORA70	chr3	108574565	108574698	4	4	4
ENSG00000276763.1	AC069499.2	chr3	108574683	108575064	4	4	4
ENSG00000198919.13	DZIP3	chr3	108589705	108694840	4	4	4
ENSG00000241777.1	AC092185.1	chr3	108725440	108725536	4	4	4
ENSG00000163515.6	RETNLB	chr3	108743424	108757384	4	4	4
ENSG00000163519.14	TRAT1	chr3	108822770	108855005	4	4	4
ENSG00000138472.11	GUCA1C	chr3	108907792	108953879	4	4	4
ENSG00000114487.10	MORC1	chr3	108958248	109118134	4	4	4
ENSG00000221633.2	U3	chr3	109018909	109019116	4	4	4
ENSG00000239314.1	MORC1-AS1	chr3	109101456	109110342	4	4	4
ENSG00000241224.8	C3orf85	chr3	109118252	109151401	4	4	4
ENSG00000261364.1	AC063923.2	chr3	109176438	109177365	4	4	4
ENSG00000214381.6	LINC00488	chr3	109178143	109216965	4	4	4
ENSG00000252889.1	RNU6-1236P	chr3	109225129	109225227	4	4	4
ENSG00000239288.1	AC063923.1	chr3	109241507	109243125	4	4	4
ENSG00000163530.4	DPPA2	chr3	109293788	109316517	4	4	4
ENSG00000277635.1	Metazoa_SRP	chr3	109295239	109295498	4	4	4
ENSG00000121570.12	DPPA4	chr3	109326141	109337572	4	4	4
ENSG00000241257.1	AC124945.1	chr3	109364047	109364234	4	4	4
ENSG00000244561.1	AC092905.1	chr3	109396616	109397870	4	4	4
ENSG00000230618.3	H3P12	chr3	109409678	109410084	4	4	4
ENSG00000228980.4	LINC01205	chr3	109409990	109723273	4	4	4
ENSG00000244196.1	PPIAP15	chr3	109471329	109471812	4	4	4
ENSG00000265956.1	MIR4445	chr3	109602828	109602897	4	4	4
ENSG00000242029.1	AC078980.1	chr3	109648107	109810861	4	4	4
ENSG00000271249.1	DIMT1P1	chr3	109701456	109702218	4	4	4
ENSG00000214380.4	NFYBP1	chr3	109915976	109916940	4	4	4
ENSG00000243945.1	AC078918.1	chr3	109977540	109977767	4	4	4
ENSG00000240895.1	AC117430.1	chr3	110527482	110529582	4	4	4
ENSG00000221206.1	RNU6ATAC15P	chr3	110551845	110551965	4	4	4
ENSG00000244722.1	RPSAP29	chr3	110682286	110683154	4	4	4
ENSG00000201426.1	Y_RNA	chr3	110727021	110727121	4	4	4
ENSG00000242242.6	NECTIN3-AS1	chr3	110888384	111071553	4	4	4
ENSG00000177707.11	NECTIN3	chr3	111070071	111275563	4	4	4
ENSG00000153283.13	CD96	chr3	111292719	111665750	4	4	4
ENSG00000239311.1	AC092916.1	chr3	111466313	111497095	4	4	4
ENSG00000244142.1	ATP6V0CP2	chr3	111478737	111478943	4	4	4
ENSG00000240787.1	AC092916.2	chr3	111570638	111571054	4	4	4
ENSG00000177494.6	ZBED2	chr3	111592900	111595346	4	4	4
ENSG00000244720.1	NT5C3AP2	chr3	111633672	111635089	4	4	4
ENSG00000240891.8	PLCXD2	chr3	111674676	111846447	4	4	4
ENSG00000240766.1	PLCXD2-AS1	chr3	111676736	111677433	4	4	4
ENSG00000144824.21	PHLDB2	chr3	111732497	111976517	4	4	4
ENSG00000286492.1	AC117509.1	chr3	111835723	111860730	4	4	4
ENSG00000144827.9	ABHD10	chr3	111979010	111993368	4	4	4
ENSG00000144834.14	TAGLN3	chr3	111998739	112013887	4	4	4
ENSG00000239439.1	RFKP2	chr3	112030931	112031649	4	4	4
ENSG00000176040.13	TMPRSS7	chr3	112034843	112081269	4	4	4
ENSG00000114529.13	C3orf52	chr3	112086335	112131004	4	4	4
ENSG00000207940.1	MIR567	chr3	112112801	112112898	4	4	4
ENSG00000174500.13	GCSAM	chr3	112120839	112133270	4	4	4
ENSG00000261488.1	TBILA	chr3	112133423	112135359	4	4	4
ENSG00000172139.15	SLC9C1	chr3	112140898	112294227	4	4	4
ENSG00000244144.1	AC128688.1	chr3	112185480	112185998	4	4	4
ENSG00000239482.6	AC112487.1	chr3	112302478	112332791	4	4	4
ENSG00000283669.1	AC112487.2	chr3	112321140	112321443	4	4	4
ENSG00000091972.18	CD200	chr3	112332347	112362812	4	4	4
ENSG00000243081.2	AC092894.1	chr3	112396647	112409134	4	4	4
ENSG00000186265.10	BTLA	chr3	112463966	112499472	4	4	4
ENSG00000242525.1	OR7E100P	chr3	112524187	112525201	4	4	4
ENSG00000279349.1	AC092692.1	chr3	112525548	112528142	4	4	4
ENSG00000144848.11	ATG3	chr3	112532510	112562046	4	4	4
ENSG00000138459.9	SLC35A5	chr3	112561709	112585579	4	4	4
ENSG00000091986.16	CCDC80	chr3	112596797	112649530	4	4	4
ENSG00000242308.2	AC048334.1	chr3	112696908	112697706	4	4	4
ENSG00000240893.1	LINC02042	chr3	112736447	112749319	4	4	4
ENSG00000242770.2	CD200R1L-AS1	chr3	112802478	112812819	4	4	4
ENSG00000206531.10	CD200R1L	chr3	112815709	112846856	4	4	4
ENSG00000163606.11	CD200R1	chr3	112921205	112975103	4	4	4
ENSG00000272844.1	AC074044.1	chr3	112990447	112991153	4	4	4
ENSG00000163607.17	GTPBP8	chr3	112990984	113015060	4	4	4
ENSG00000163608.15	NEPRO	chr3	113002444	113019861	4	4	4
ENSG00000240057.6	AC078785.1	chr3	113019468	113184377	4	4	5
ENSG00000243483.1	AC078785.3	chr3	113041390	113041814	4	4	4
ENSG00000241219.1	AC078785.2	chr3	113050912	113063443	4	4	4
ENSG00000243795.1	LINC02044	chr3	113142350	113167819	4	4	4
ENSG00000144857.14	BOC	chr3	113211003	113287459	4	4	4
ENSG00000288079.1	AC026329.1	chr3	113259786	113266824	4	4	4
ENSG00000206530.11	CFAP44	chr3	113286930	113441610	4	4	4
ENSG00000240751.1	AC026348.1	chr3	113360267	113361319	4	4	4
ENSG00000285943.1	AC112128.1	chr3	113361901	113515151	4	4	4
ENSG00000243849.2	CFAP44-AS1	chr3	113403988	113433992	4	4	4
ENSG00000275670.1	MIR8076	chr3	113432118	113432200	4	4	4
ENSG00000163611.11	SPICE1	chr3	113442718	113515187	4	4	4
ENSG00000072858.11	SIDT1	chr3	113532555	113629575	4	4	4
ENSG00000239453.1	SIDT1-AS1	chr3	113588748	113590189	4	4	4
ENSG00000265253.1	MIR4446	chr3	113594876	113594942	4	4	4
ENSG00000241529.3	RN7SL767P	chr3	113632704	113632998	4	4	4
ENSG00000176542.10	USF3	chr3	113648385	113696646	4	4	4
ENSG00000121579.13	NAA50	chr3	113716458	113746300	4	4	4
ENSG00000239280.1	AC108693.1	chr3	113740823	113741254	4	4	4
ENSG00000242659.1	AC108693.2	chr3	113746872	113747408	4	4	4
ENSG00000114573.10	ATP6V1A	chr3	113747033	113812056	4	4	4
ENSG00000178075.20	GRAMD1C	chr3	113828182	113947174	4	4	4
ENSG00000240776.1	AC079944.1	chr3	113850237	113850731	4	4	4
ENSG00000241889.1	AC079944.2	chr3	113885298	113886031	4	4	4
ENSG00000240375.1	VPS26AP1	chr3	113919222	113920200	4	4	4
ENSG00000273394.1	AC128687.2	chr3	113947005	113947570	4	4	4
ENSG00000184307.16	ZDHHC23	chr3	113947901	113965401	4	4	4
ENSG00000163617.11	CCDC191	chr3	113964137	114056594	4	4	4
ENSG00000270880.1	AC128687.1	chr3	113984037	113984655	4	4	4
ENSG00000287805.1	AC128687.3	chr3	113986835	113992113	4	4	4
ENSG00000285836.1	AC092896.1	chr3	113998782	114016261	4	4	4
ENSG00000151576.10	QTRT2	chr3	114005833	114088422	4	4	4
ENSG00000240912.1	H2BP3	chr3	114103249	114103628	4	4	4
ENSG00000151577.13	DRD3	chr3	114127580	114199407	4	4	4
ENSG00000241490.1	AC093010.1	chr3	114214313	114236204	4	4	4
ENSG00000240487.1	FAM214BP1	chr3	114231398	114233021	4	4	4
ENSG00000174255.8	ZNF80	chr3	114234631	114237578	4	4	4
ENSG00000181847.12	TIGIT	chr3	114276913	114310288	4	4	4
ENSG00000181722.17	ZBTB20	chr3	114314500	115147288	4	4	4
ENSG00000259976.3	AC093010.2	chr3	114314501	114329714	4	4	4
ENSG00000284134.1	MIR568	chr3	114316475	114316569	4	4	4
ENSG00000241560.7	ZBTB20-AS1	chr3	114351771	114388978	4	4	4
ENSG00000242290.2	ZBTB20-AS5	chr3	114445521	114529452	4	4	4
ENSG00000241295.1	ZBTB20-AS2	chr3	114684580	114687609	4	4	4
ENSG00000264623.3	MIR4796	chr3	114743445	114743525	4	4	4
ENSG00000239946.1	ZBTB20-AS3	chr3	114873114	114876514	4	4	4
ENSG00000240002.1	YBX1P3	chr3	114930541	114931449	4	4	4
ENSG00000242767.1	ZBTB20-AS4	chr3	115100423	115103061	4	4	4
ENSG00000242880.2	AC026341.1	chr3	115147605	115564389	4	4	4
ENSG00000244157.1	EIF4E2P2	chr3	115279125	115279860	4	4	4
ENSG00000287795.1	AC026341.2	chr3	115413476	115486449	4	4	4
ENSG00000288074.1	AC026341.3	chr3	115418862	115438550	4	4	4
ENSG00000172020.13	GAP43	chr3	115623510	115721490	4	4	4
ENSG00000241596.1	AC092468.1	chr3	115658533	115661279	4	4	4
ENSG00000185565.12	LSAMP	chr3	115802363	117139389	4	4	4
ENSG00000243359.3	RN7SL815P	chr3	115837870	115838159	4	4	4
ENSG00000240922.1	LSAMP-AS1	chr3	116360024	116370090	4	4	4
ENSG00000241397.1	LINC00903	chr3	116552473	116568264	4	4	4
ENSG00000241156.3	RN7SL582P	chr3	116582552	116582830	4	4	4
ENSG00000198406.7	BZW1P2	chr3	116645902	116646727	4	4	4
ENSG00000243197.8	TUSC7	chr3	116709235	116723581	4	4	4
ENSG00000278072.1	AC108713.1	chr3	116716460	116716624	4	4	4
ENSG00000265433.1	MIR4447	chr3	116850277	116850367	4	4	4
ENSG00000274732.1	AC069504.1	chr3	116921328	116921479	4	4	4
ENSG00000242385.1	LINC00901	chr3	116921431	116932238	4	4	4
ENSG00000200372.1	RNU5E-8P	chr3	116965112	116965227	4	4	4
ENSG00000243014.1	PTMAP8	chr3	117026698	117027039	4	4	4
ENSG00000206889.1	RNU6-1200P	chr3	117544205	117544311	4	4	4
ENSG00000239268.3	AC092691.1	chr3	117672154	117997592	4	4	4
ENSG00000240393.1	AC092691.2	chr3	117674342	117675144	4	4	4
ENSG00000241213.2	LINC02024	chr3	117678693	117691005	4	4	4
ENSG00000242816.2	AC092691.3	chr3	117719859	117794384	4	4	4
ENSG00000243276.6	AC068633.1	chr3	118004819	118810836	4	4	4
ENSG00000286660.1	AC068633.2	chr3	118488876	118491760	4	4	4
ENSG00000144847.13	IGSF11	chr3	118900557	119146068	4	4	4
ENSG00000239877.3	IGSF11-AS1	chr3	118943073	118948241	4	4	4
ENSG00000163424.9	TEX55	chr3	119146151	119160042	4	4	4
ENSG00000251012.2	AC083800.1	chr3	119147375	119187807	4	4	4
ENSG00000114638.8	UPK1B	chr3	119173517	119205143	4	4	4
ENSG00000121578.13	B4GALT4	chr3	119211732	119240946	4	4	4
ENSG00000240254.2	B4GALT4-AS1	chr3	119226486	119290666	4	4	4
ENSG00000031081.11	ARHGAP31	chr3	119294383	119420714	4	4	4
ENSG00000242829.1	RPS26P21	chr3	119298665	119299012	4	4	4
ENSG00000241155.1	ARHGAP31-AS1	chr3	119314293	119322760	4	4	4
ENSG00000207310.1	RNU6-1127P	chr3	119341834	119341940	4	4	4
ENSG00000176142.13	TMEM39A	chr3	119428949	119468830	4	4	4
ENSG00000163389.12	POGLUT1	chr3	119468963	119494708	4	4	4
ENSG00000272662.1	AC073352.1	chr3	119497678	119498181	4	4	4
ENSG00000113845.10	TIMMDC1	chr3	119498547	119525090	4	4	4
ENSG00000121594.12	CD80	chr3	119524293	119559614	4	4	4
ENSG00000272967.1	AC073352.2	chr3	119579212	119579650	4	4	4
ENSG00000144843.11	ADPRH	chr3	119579268	119589945	4	4	4
ENSG00000144837.9	PLA1A	chr3	119597875	119629811	4	4	4
ENSG00000242052.1	RPL10P7	chr3	119635526	119636150	4	4	4
ENSG00000121577.14	POPDC2	chr3	119636457	119665324	4	4	4
ENSG00000138495.7	COX17	chr3	119654513	119677454	4	4	4
ENSG00000286584.2	AC023494.1	chr3	119666236	119670688	4	4	4
ENSG00000183833.16	CFAP91	chr3	119703022	119767102	4	4	4
ENSG00000285585.1	AC069444.2	chr3	119703076	119807570	4	4	4
ENSG00000239994.2	AC069444.1	chr3	119744139	119750350	4	4	4
ENSG00000144852.19	NR1I2	chr3	119780484	119818485	4	4	4
ENSG00000240471.1	PHBP8	chr3	119791829	119792553	4	4	4
ENSG00000082701.17	GSK3B	chr3	119821321	120094994	4	4	4
ENSG00000288662.1	AC092910.4	chr3	119969044	120068204	4	4	4
ENSG00000288667.1	AC078856.1	chr3	119978153	119990147	4	4	4
ENSG00000239835.1	AC092910.1	chr3	120028740	120029868	4	4	4
ENSG00000241546.1	AC092910.2	chr3	120041190	120041537	4	4	4
ENSG00000242622.2	AC092910.3	chr3	120094895	120136783	4	4	4
ENSG00000244308.2	RN7SL762P	chr3	120110498	120110786	4	4	4
ENSG00000244139.3	RN7SL397P	chr3	120121909	120122206	4	4	4
ENSG00000175697.11	GPR156	chr3	120164645	120285222	4	4	4
ENSG00000206721.1	Y_RNA	chr3	120210320	120210421	4	4	4
ENSG00000240882.1	AC063952.2	chr3	120306726	120307952	4	4	4
ENSG00000163428.4	LRRC58	chr3	120324509	120349354	4	4	4
ENSG00000240661.3	AC063952.1	chr3	120349449	120423826	4	4	4
ENSG00000282950.1	AC063952.4	chr3	120365993	120368326	4	4	4
ENSG00000242613.1	AC063952.3	chr3	120388029	120389315	4	4	4
ENSG00000163430.12	FSTL1	chr3	120392293	120450993	4	4	4
ENSG00000284121.1	MIR198	chr3	120395668	120395729	4	4	4
ENSG00000286735.1	AC126182.3	chr3	120448974	120509675	4	4	4
ENSG00000240774.1	AC126182.1	chr3	120484171	120484527	4	4	4
ENSG00000244441.1	AC126182.2	chr3	120512850	120513188	4	4	4
ENSG00000065518.8	NDUFB4	chr3	120596328	120602507	4	4	4
ENSG00000113924.12	HGD	chr3	120628172	120682269	4	4	4
ENSG00000144840.10	RABL3	chr3	120684938	120742993	4	4	4
ENSG00000240452.1	MTCO1P29	chr3	120722024	120722311	4	4	4
ENSG00000243257.1	MTCO2P29	chr3	120722458	120722646	4	4	4
ENSG00000153767.10	GTF2E1	chr3	120742637	120783069	4	4	4
ENSG00000213371.4	NAP1L1P3	chr3	120805866	120806745	4	4	4
ENSG00000286827.1	AC072026.2	chr3	120811530	120908093	4	4	4
ENSG00000243593.1	LINC02049	chr3	120833440	120836360	4	4	4
ENSG00000287366.1	AC072026.3	chr3	120833936	120871794	4	4	4
ENSG00000145087.13	STXBP5L	chr3	120908072	121424761	4	4	4
ENSG00000270782.1	AC072026.1	chr3	120924612	120925158	4	4	4
ENSG00000264477.1	MIR5682	chr3	121049640	121049715	4	4	4
ENSG00000243813.1	AC078857.1	chr3	121099108	121099774	4	4	4
ENSG00000242103.1	AC079841.1	chr3	121356991	121357940	4	4	4
ENSG00000287022.1	AC079841.2	chr3	121394772	121431198	4	4	4
ENSG00000051341.14	POLQ	chr3	121431427	121546641	4	4	4
ENSG00000242445.1	RPL7AP11	chr3	121494110	121494908	4	4	4
ENSG00000186103.5	ARGFX	chr3	121567949	121590622	4	4	4
ENSG00000163833.8	FBXO40	chr3	121593379	121630295	4	4	4
ENSG00000180353.11	HCLS1	chr3	121631399	121660927	4	4	4
ENSG00000243544.3	RN7SL172P	chr3	121653994	121654296	4	4	4
ENSG00000222057.1	RNU4-62P	chr3	121655475	121655604	4	4	4
ENSG00000173230.15	GOLGB1	chr3	121663199	121749767	4	4	4
ENSG00000173226.17	IQCB1	chr3	121769761	121835079	4	4	4
ENSG00000145088.9	EAF2	chr3	121835183	121886526	4	4	4
ENSG00000163406.11	SLC15A2	chr3	121894401	121944188	4	4	4
ENSG00000145103.15	ILDR1	chr3	121987323	122022247	4	4	4
ENSG00000202388.1	Y_RNA	chr3	122025195	122025304	4	4	4
ENSG00000114013.16	CD86	chr3	122055362	122121139	4	4	4
ENSG00000287977.1	AC068630.1	chr3	122172405	122174099	4	4	4
ENSG00000036828.17	CASR	chr3	122183668	122291629	4	4	4
ENSG00000240236.1	HNRNPA1P23	chr3	122317609	122318741	4	4	4
ENSG00000121552.4	CSTA	chr3	122325248	122341969	4	4	4
ENSG00000160124.9	CCDC58	chr3	122359591	122383231	4	4	4
ENSG00000114023.15	FAM162A	chr3	122384176	122412334	4	4	4
ENSG00000196981.4	WDR5B	chr3	122411846	122416062	4	4	4
ENSG00000272758.6	AC083798.2	chr3	122416207	122443180	4	4	4
ENSG00000242531.1	AC083798.1	chr3	122416882	122417012	4	4	4
ENSG00000114030.13	KPNA1	chr3	122421902	122514945	4	4	4
ENSG00000275348.1	AC096861.1	chr3	122482990	122483229	4	4	4
ENSG00000287207.1	AC096861.2	chr3	122515006	122518172	4	4	4
ENSG00000138496.16	PARP9	chr3	122527924	122564577	4	4	4
ENSG00000163840.10	DTX3L	chr3	122564338	122575203	4	4	4
ENSG00000173200.13	PARP15	chr3	122577628	122639047	4	4	4
ENSG00000243918.1	EIF4BP8	chr3	122660613	122662438	4	4	4
ENSG00000173193.15	PARP14	chr3	122680839	122730840	4	4	4
ENSG00000169087.11	HSPBAP1	chr3	122739999	122793831	4	4	4
ENSG00000138463.9	SLC49A4	chr3	122795069	122881139	4	4	4
ENSG00000273033.2	LINC02035	chr3	122886941	122892416	4	4	4
ENSG00000082684.16	SEMA5B	chr3	122909082	123028605	4	4	4
ENSG00000065485.20	PDIA5	chr3	123067025	123225227	4	4	4
ENSG00000284421.1	MIR7110	chr3	123161794	123161879	4	4	4
ENSG00000121542.12	SEC22A	chr3	123201927	123274136	4	4	4
ENSG00000273454.1	AC112503.2	chr3	123277353	123277904	4	4	4
ENSG00000173175.15	ADCY5	chr3	123282296	123449090	4	4	4
ENSG00000272678.1	AC112503.1	chr3	123283593	123283983	4	4	4
ENSG00000206527.10	HACD2	chr3	123490820	123585053	4	4	4
ENSG00000239523.6	MYLK-AS1	chr3	123585300	123644568	4	4	4
ENSG00000065534.19	MYLK	chr3	123610049	123884332	4	4	4
ENSG00000250174.5	MYLK-AS2	chr3	123689644	123692407	4	4	4
ENSG00000273123.1	AC020634.2	chr3	123715851	123716399	4	4	4
ENSG00000207002.1	AC020634.1	chr3	123814077	123814207	4	4	4
ENSG00000175455.16	CCDC14	chr3	123897305	123961408	4	4	4
ENSG00000065371.17	ROPN1	chr3	123968521	123992178	4	4	4
ENSG00000160145.15	KALRN	chr3	124080023	124726325	4	4	4
ENSG00000266383.1	MIR5002	chr3	124132929	124133025	4	4	4
ENSG00000240622.1	RPL7P15	chr3	124151960	124153063	4	4	4
ENSG00000276656.1	MIR6083	chr3	124374332	124374437	4	4	4
ENSG00000252751.1	RNU6-143P	chr3	124407691	124407783	4	4	4
ENSG00000260391.2	AC022336.2	chr3	124723788	124726325	4	4	4
ENSG00000114491.14	UMPS	chr3	124730433	124749273	4	4	4
ENSG00000265981.1	MIR544B	chr3	124732439	124732516	4	4	4
ENSG00000242199.1	AC022336.1	chr3	124733418	124733754	4	4	4
ENSG00000082781.12	ITGB5	chr3	124761948	124901418	4	4	4
ENSG00000244286.1	ITGB5-AS1	chr3	124781155	124787757	4	4	4
ENSG00000280042.1	AC022336.3	chr3	124791119	124793104	4	4	4
ENSG00000276626.1	7SK	chr3	124792319	124792562	4	4	4
ENSG00000243986.2	ENO1P3	chr3	124862094	124863317	4	4	4
ENSG00000173702.7	MUC13	chr3	124905442	124953819	4	4	4
ENSG00000173706.14	HEG1	chr3	124965710	125055997	4	4	4
ENSG00000252642.1	RNA5SP137	chr3	125058304	125058438	4	4	4
ENSG00000288022.1	AC117488.1	chr3	125061448	125063710	4	4	4
ENSG00000221955.11	SLC12A8	chr3	125082636	125212864	4	4	4
ENSG00000199327.1	RNU6-230P	chr3	125119097	125119200	4	4	4
ENSG00000264986.1	MIR5092	chr3	125151465	125151552	4	4	4
ENSG00000163848.20	ZNF148	chr3	125225669	125375325	4	4	4
ENSG00000229048.5	DUTP1	chr3	125310881	125311350	4	4	4
ENSG00000243508.1	DNAJB6P7	chr3	125344085	125344797	4	4	4
ENSG00000252953.1	RNU6-232P	chr3	125388934	125388997	4	4	4
ENSG00000114520.11	SNX4	chr3	125446650	125520202	4	4	4
ENSG00000201800.1	Y_RNA	chr3	125516979	125517086	4	4	4
ENSG00000252965.1	Y_RNA	chr3	125528244	125528349	4	4	4
ENSG00000144909.8	OSBPL11	chr3	125528858	125595497	4	4	4
ENSG00000243072.1	AF186996.3	chr3	125679573	125679781	4	4	4
ENSG00000242001.1	AF186996.2	chr3	125681305	125681453	4	4	4
ENSG00000234458.4	OR7E130P	chr3	125703349	125704312	4	4	4
ENSG00000243429.1	OR7E29P	chr3	125712139	125713045	4	4	4
ENSG00000228963.3	OR7E93P	chr3	125724539	125725445	4	4	4
ENSG00000239978.1	OR7E53P	chr3	125734295	125735198	4	4	4
ENSG00000179170.11	OR7E97P	chr3	125747084	125748098	4	4	4
ENSG00000239432.1	AF186996.1	chr3	125756086	125756462	4	4	4
ENSG00000284624.1	AC092902.4	chr3	125766516	125852936	4	4	4
ENSG00000284660.1	AC092902.5	chr3	125766601	125766818	4	4	4
ENSG00000272840.1	AC092902.2	chr3	125774714	125797953	4	4	4
ENSG00000239804.1	AC092902.1	chr3	125787888	125788146	4	4	4
ENSG00000221737.1	MIR548I1	chr3	125790404	125790552	4	4	4
ENSG00000242229.1	RPS3AP14	chr3	125795106	125795885	4	4	4
ENSG00000287617.1	AC092902.6	chr3	125799887	125800616	4	4	4
ENSG00000241346.1	SNRPCP11	chr3	125816082	125816286	4	4	4
ENSG00000241288.8	LINC02614	chr3	125827238	125916384	4	4	4
ENSG00000241278.1	ENPP7P4	chr3	125848223	125909372	4	4	4
ENSG00000248787.2	AC092903.2	chr3	125907765	125916360	4	4	4
ENSG00000171084.15	FAM86JP	chr3	125916620	125930024	4	4	4
ENSG00000189366.9	ALG1L	chr3	125929275	125937039	4	4	4
ENSG00000241439.1	AC092903.1	chr3	125958556	125958817	4	4	4
ENSG00000114547.10	ROPN1B	chr3	125969160	125983454	4	4	4
ENSG00000114544.17	SLC41A3	chr3	126006357	126101561	4	4	4
ENSG00000248607.1	AC117422.1	chr3	126056923	126058228	4	4	4
ENSG00000250012.2	AC079848.1	chr3	126083659	126095349	4	4	4
ENSG00000144908.14	ALDH1L1	chr3	126103562	126197994	4	4	4
ENSG00000250218.1	ALDH1L1-AS1	chr3	126103640	126108069	4	4	4
ENSG00000272020.1	RNU1-30P	chr3	126160283	126160445	4	4	4
ENSG00000246022.3	ALDH1L1-AS2	chr3	126180012	126210169	4	4	4
ENSG00000287232.1	AC079848.2	chr3	126213204	126247714	4	4	4
ENSG00000250934.2	AC016924.1	chr3	126266747	126291525	4	4	4
ENSG00000251448.2	AC063919.1	chr3	126288123	126301213	4	4	4
ENSG00000287440.1	AC063919.2	chr3	126312385	126323406	4	4	4
ENSG00000163884.4	KLF15	chr3	126342635	126357408	4	4	4
ENSG00000249833.7	CCDC37-DT	chr3	126393032	126394851	4	4	4
ENSG00000163885.12	CFAP100	chr3	126394909	126436556	4	4	4
ENSG00000279328.1	AC073439.1	chr3	126432796	126434569	4	4	4
ENSG00000070476.15	ZXDC	chr3	126437601	126475891	4	4	4
ENSG00000159650.9	UROC1	chr3	126481166	126517773	4	4	4
ENSG00000180767.10	CHST13	chr3	126524155	126543291	4	4	4
ENSG00000180697.9	C3orf22	chr3	126526999	126558965	4	4	4
ENSG00000201968.1	RNA5SP138	chr3	126564565	126564678	4	4	4
ENSG00000197763.19	TXNRD3	chr3	126571779	126655124	4	4	4
ENSG00000248557.1	AC024558.1	chr3	126624792	126626061	4	4	4
ENSG00000198284.9	NUP210P1	chr3	126660609	126671939	4	4	4
ENSG00000248850.1	AC078867.1	chr3	126672106	126673223	4	4	4
ENSG00000159685.11	CHCHD6	chr3	126704240	126960420	4	4	4
ENSG00000249558.1	RCC2P4	chr3	126766434	126767475	4	4	4
ENSG00000280053.1	AC011199.1	chr3	126973065	126976426	4	4	4
ENSG00000114554.11	PLXNA1	chr3	126988594	127037392	4	4	4
ENSG00000287784.1	AC112482.2	chr3	127165506	127218473	4	4	4
ENSG00000214324.5	C3orf56	chr3	127193131	127198185	4	4	4
ENSG00000212556.1	Y_RNA	chr3	127202372	127202473	4	4	4
ENSG00000243016.1	AC112482.1	chr3	127221194	127221881	4	4	4
ENSG00000201288.1	RNU6-1047P	chr3	127240968	127241074	4	4	4
ENSG00000286919.1	AC133681.1	chr3	127274581	127278304	4	4	4
ENSG00000239620.3	PRR20G	chr3	127283783	127288046	4	4	4
ENSG00000244215.2	LINC02016	chr3	127322307	127390670	4	4	4
ENSG00000239921.6	LINC01471	chr3	127480690	127537817	4	4	4
ENSG00000240562.1	AC016968.1	chr3	127489553	127490787	4	4	4
ENSG00000282975.1	LINC02034	chr3	127537937	127540485	4	4	4
ENSG00000282860.1	AC084035.1	chr3	127571232	127571838	4	4	4
ENSG00000163870.16	TPRA1	chr3	127571232	127598267	4	4	4
ENSG00000275067.1	MIR6825	chr3	127575266	127575331	4	4	4
ENSG00000276083.1	MIR7976	chr3	127587111	127587176	4	4	4
ENSG00000073111.14	MCM2	chr3	127598410	127622436	4	4	4
ENSG00000285600.1	AC023593.1	chr3	127620106	127629049	4	4	4
ENSG00000114631.11	PODXL2	chr3	127629185	127672802	4	4	4
ENSG00000114626.18	ABTB1	chr3	127672935	127680926	4	4	4
ENSG00000074416.14	MGLL	chr3	127689062	128052190	4	4	4
ENSG00000287143.1	AC117480.1	chr3	127837436	127845499	4	4	4
ENSG00000187715.13	KBTBD12	chr3	127915232	127987671	4	4	4
ENSG00000201210.1	RNA5SP139	chr3	127963608	127963724	4	4	4
ENSG00000058262.10	SEC61A1	chr3	128051641	128071683	4	4	4
ENSG00000175792.12	RUVBL1	chr3	128064778	128153914	4	4	4
ENSG00000222627.1	RNU2-37P	chr3	128075073	128075249	4	4	4
ENSG00000239608.1	RUVBL1-AS1	chr3	128075810	128079056	4	4	4
ENSG00000212344.1	RNU6-823P	chr3	128141875	128141977	4	4	4
ENSG00000132394.11	EEFSEC	chr3	128153481	128408646	4	4	4
ENSG00000285619.1	AL449214.1	chr3	128181402	128194452	4	4	4
ENSG00000179407.3	DNAJB8	chr3	128462439	128467248	4	4	4
ENSG00000242049.1	DNAJB8-AS1	chr3	128463594	128472317	4	4	4
ENSG00000179348.12	GATA2	chr3	128479427	128493201	4	4	4
ENSG00000244300.3	GATA2-AS1	chr3	128489212	128502970	4	4	4
ENSG00000239405.1	TMED10P2	chr3	128538020	128538631	4	4	4
ENSG00000286806.1	AC080005.1	chr3	128563316	128564431	4	4	4
ENSG00000198685.4	LINC01565	chr3	128572000	128576086	4	4	4
ENSG00000163902.12	RPN1	chr3	128619969	128681075	4	4	4
ENSG00000277250.1	Metazoa_SRP	chr3	128673681	128674021	4	4	4
ENSG00000242551.2	POU5F1P6	chr3	128674735	128677005	4	4	4
ENSG00000075785.14	RAB7A	chr3	128693669	128825942	4	4	4
ENSG00000207130.1	AC079945.1	chr3	128714571	128714705	4	4	4
ENSG00000239503.1	MARK2P8	chr3	128748538	128749489	4	4	4
ENSG00000242992.3	FTH1P4	chr3	128764466	128765018	4	4	4
ENSG00000244232.3	RN7SL698P	chr3	128785147	128785448	4	4	4
ENSG00000239483.1	RPS15AP16	chr3	128798841	128799201	4	4	4
ENSG00000244065.1	MARK2P17	chr3	128843564	128844404	4	4	4
ENSG00000243022.1	MARK3P3	chr3	128848673	128849399	4	4	4
ENSG00000242062.1	MARK2P6	chr3	128852112	128853008	4	4	4
ENSG00000261159.1	AC112484.3	chr3	128859716	128860526	4	4	4
ENSG00000231305.4	AC112484.1	chr3	128860620	128871540	4	4	4
ENSG00000250796.1	AC112484.2	chr3	128869624	128870026	4	4	4
ENSG00000287110.1	AC112484.5	chr3	128872349	128876218	4	4	4
ENSG00000177646.19	ACAD9	chr3	128879596	128916067	4	4	4
ENSG00000114656.12	CFAP92	chr3	128909866	129002690	4	4	4
ENSG00000279507.1	AC112484.4	chr3	128914833	128915060	4	4	4
ENSG00000114654.7	EFCC1	chr3	129001629	129040742	4	4	4
ENSG00000249505.1	AC108673.1	chr3	129045763	129046921	4	4	4
ENSG00000169704.5	GP9	chr3	129060779	129062406	4	4	4
ENSG00000172780.17	RAB43	chr3	129087569	129122801	4	4	4
ENSG00000261796.1	ISY1-RAB43	chr3	129087575	129161036	4	4	4
ENSG00000273174.1	AC108673.2	chr3	129123439	129124003	4	4	4
ENSG00000240682.10	ISY1	chr3	129127415	129161063	4	4	4
ENSG00000273437.1	AC108673.3	chr3	129163606	129163940	4	4	4
ENSG00000169714.17	CNBP	chr3	129167827	129183922	4	4	4
ENSG00000241673.1	RPS27P12	chr3	129218093	129218350	4	4	4
ENSG00000181789.14	COPG1	chr3	129249606	129277773	4	4	4
ENSG00000278658.1	MIR6826	chr3	129272146	129272243	4	4	4
ENSG00000286729.1	AC137695.3	chr3	129277753	129278782	4	4	4
ENSG00000183624.14	HMCES	chr3	129278828	129306186	4	4	4
ENSG00000184897.6	H1-10	chr3	129314771	129316286	4	4	4
ENSG00000206417.8	H1-10-AS1	chr3	129315392	129326225	4	4	4
ENSG00000248916.1	NUP210P3	chr3	129323046	129325426	4	4	4
ENSG00000270492.1	AC137695.1	chr3	129334586	129335074	4	4	4
ENSG00000270773.1	AC137695.2	chr3	129345411	129346164	4	4	4
ENSG00000244932.2	AL449212.1	chr3	129381298	129394149	4	4	4
ENSG00000251474.6	RPL32P3	chr3	129382922	129399655	4	4	4
ENSG00000207088.1	SNORA7B	chr3	129397210	129397348	4	4	4
ENSG00000172771.12	EFCAB12	chr3	129401321	129428651	4	4	4
ENSG00000129071.10	MBD4	chr3	129430947	129440179	4	4	4
ENSG00000163913.12	IFT122	chr3	129440036	129520507	4	4	4
ENSG00000163914.5	RHO	chr3	129528639	129535344	4	4	4
ENSG00000178804.7	H1-8	chr3	129543214	129551467	4	4	4
ENSG00000004399.13	PLXND1	chr3	129555214	129606676	4	4	4
ENSG00000239437.3	RN7SL752P	chr3	129591349	129591635	4	4	4
ENSG00000248659.1	AC023162.1	chr3	129632019	129632492	4	4	4
ENSG00000172765.17	TMCC1	chr3	129647792	129893606	4	4	4
ENSG00000202412.1	RNY3P13	chr3	129818932	129819033	4	4	4
ENSG00000283509.1	U6	chr3	129819777	129819876	4	4	4
ENSG00000203644.3	AC083799.1	chr3	129847048	129847957	4	4	4
ENSG00000271270.7	TMCC1-AS1	chr3	129893811	129918575	4	4	4
ENSG00000250643.1	AC083906.3	chr3	129954105	129969294	4	4	4
ENSG00000170893.4	TRH	chr3	129974688	129977935	4	4	4
ENSG00000248459.1	AC083906.1	chr3	129998531	129998936	4	4	4
ENSG00000284731.1	AC083906.5	chr3	130002789	130003007	4	4	4
ENSG00000249869.1	AC083906.2	chr3	130013182	130013541	4	4	4
ENSG00000180770.3	OR7E129P	chr3	130021553	130022520	4	4	4
ENSG00000251178.1	OR7E21P	chr3	130034553	130035539	4	4	4
ENSG00000251610.2	AC083906.4	chr3	130048143	130055920	4	4	4
ENSG00000251287.8	ALG1L2	chr3	130081831	130113227	4	4	4
ENSG00000248243.1	LINC02014	chr3	130089433	130094304	4	4	4
ENSG00000253540.5	FAM86HP	chr3	130099092	130111472	4	4	4
ENSG00000249846.7	LINC02021	chr3	130111669	130201336	4	4	4
ENSG00000248618.1	ENPP7P3	chr3	130167790	130168030	4	4	4
ENSG00000288111.1	AC130888.1	chr3	130181346	130188814	4	4	4
ENSG00000250580.1	SNRPCP8	chr3	130199708	130199918	4	4	4
ENSG00000228252.9	COL6A4P2	chr3	130212823	130273806	4	4	4
ENSG00000249253.1	AC093004.1	chr3	130293337	130293760	4	4	4
ENSG00000172752.14	COL6A5	chr3	130345516	130484844	4	4	4
ENSG00000206384.10	COL6A6	chr3	130560334	130678155	4	4	4
ENSG00000196455.8	PIK3R4	chr3	130678934	130746829	4	4	4
ENSG00000222783.1	RN7SKP212	chr3	130811768	130812095	4	4	4
ENSG00000285631.1	AC097105.1	chr3	130821184	130823914	4	4	4
ENSG00000232829.3	GSTO3P	chr3	130827659	130828376	4	4	4
ENSG00000017260.20	ATP2C1	chr3	130850595	131016712	4	4	4
ENSG00000284095.1	AC055733.4	chr3	130868004	130869357	4	4	4
ENSG00000250592.1	AC055733.2	chr3	130899414	130929976	4	4	4
ENSG00000252894.2	Y_RNA	chr3	130914340	130914452	4	4	4
ENSG00000249098.1	AC055733.1	chr3	130918226	130919120	4	4	4
ENSG00000251579.1	AC055733.3	chr3	130927754	130928276	4	4	4
ENSG00000034533.12	ASTE1	chr3	131013875	131027649	4	4	4
ENSG00000114670.14	NEK11	chr3	131026850	131350465	4	4	5
ENSG00000250129.5	AC116424.1	chr3	131053317	131072339	4	4	4
ENSG00000201550.1	RNU6-726P	chr3	131092821	131092927	4	4	4
ENSG00000250608.2	AC010210.1	chr3	131325092	131381656	4	4	4
ENSG00000246082.2	NUDT16P1	chr3	131361898	131365122	4	4	4
ENSG00000198585.12	NUDT16	chr3	131381671	131388830	4	4	4
ENSG00000261167.1	AC107027.3	chr3	131455126	131458598	4	4	4
ENSG00000114686.9	MRPL3	chr3	131462212	131502983	4	4	4
ENSG00000249020.1	SNORA58	chr3	131479097	131479233	4	4	4
ENSG00000248468.2	AC107027.1	chr3	131502573	131520880	4	4	4
ENSG00000248530.1	BCL2L12P1	chr3	131526447	131527179	4	4	4
ENSG00000196353.11	CPNE4	chr3	131533555	132285410	4	4	6
ENSG00000251447.1	AC107027.2	chr3	131537571	131537685	4	4	4
ENSG00000265859.1	MIR5704	chr3	131985855	131985931	4	4	4
ENSG00000240854.1	PSMC2P1	chr3	132175402	132176711	4	4	4
ENSG00000242899.1	RPL7P16	chr3	132243528	132244265	4	4	4
ENSG00000014257.16	ACP3	chr3	132317369	132368298	4	4	4
ENSG00000240890.2	AC020633.1	chr3	132386522	132389074	4	4	4
ENSG00000213264.3	NIP7P2	chr3	132401253	132401796	4	4	4
ENSG00000138246.17	DNAJC13	chr3	132417502	132539032	4	4	4
ENSG00000240303.8	ACAD11	chr3	132558138	132660082	4	4	4
ENSG00000274810.4	NPHP3-ACAD11	chr3	132558142	132722459	4	4	4
ENSG00000129048.7	ACKR4	chr3	132597270	132618967	4	4	4
ENSG00000251614.1	HSPA8P19	chr3	132645831	132650383	4	4	4
ENSG00000081307.14	UBA5	chr3	132654446	132679794	4	4	4
ENSG00000113971.20	NPHP3	chr3	132680609	132722414	4	4	4
ENSG00000248724.6	NPHP3-AS1	chr3	132721750	132874223	4	4	4
ENSG00000249725.1	AC079942.1	chr3	133015004	133037052	4	4	4
ENSG00000144868.14	TMEM108	chr3	133038391	133397775	4	4	4
ENSG00000251011.6	TMEM108-AS1	chr3	133245603	133257207	4	4	4
ENSG00000170819.5	BFSP2	chr3	133400056	133475222	4	4	4
ENSG00000249820.1	AC055753.1	chr3	133409955	133410843	4	4	4
ENSG00000249993.1	BFSP2-AS1	chr3	133429269	133455776	4	4	4
ENSG00000214301.4	AC022296.2	chr3	133490824	133491505	4	4	4
ENSG00000272832.1	AC022296.4	chr3	133543064	133543466	4	4	4
ENSG00000250983.1	AC022296.3	chr3	133546071	133546272	4	4	4
ENSG00000201827.1	AC022296.1	chr3	133551186	133551315	4	4	4
ENSG00000091527.16	CDV3	chr3	133573686	133590261	4	4	4
ENSG00000163781.14	TOPBP1	chr3	133598175	133662380	4	4	4
ENSG00000242337.5	INHCAP	chr3	133661998	133754576	4	4	4
ENSG00000252641.2	RNU6-678P	chr3	133664926	133665034	4	4	4
ENSG00000201394.1	RNA5SP140	chr3	133710076	133710167	4	4	4
ENSG00000091513.16	TF	chr3	133746040	133796641	4	4	4
ENSG00000244062.1	AC080128.1	chr3	133760300	133762363	4	4	4
ENSG00000144867.13	SRPRB	chr3	133784023	133825772	4	4	4
ENSG00000285908.1	AC080128.2	chr3	133799440	133806139	4	4	4
ENSG00000154917.11	RAB6B	chr3	133824235	133895882	4	4	4
ENSG00000288547.3	C3orf36	chr3	133928145	133929812	4	4	4
ENSG00000174640.15	SLCO2A1	chr3	133932701	134052184	4	4	4
ENSG00000243832.1	LINC02000	chr3	134055256	134057648	4	4	4
ENSG00000163785.13	RYK	chr3	134065303	134250859	4	4	4
ENSG00000231845.3	HMGB3P14	chr3	134170487	134171085	4	4	4
ENSG00000240006.1	LINC02004	chr3	134313576	134321171	4	4	4
ENSG00000260633.1	AC010207.1	chr3	134347288	134349233	4	4	4
ENSG00000214289.2	RPL39P5	chr3	134351852	134356561	4	4	4
ENSG00000114019.15	AMOTL2	chr3	134355347	134375479	4	4	4
ENSG00000277723.1	MIR6827	chr3	134367804	134367862	4	4	4
ENSG00000248377.1	HMGN1P9	chr3	134385197	134385494	4	4	4
ENSG00000214288.4	HMGB3P13	chr3	134437605	134438211	4	4	4
ENSG00000284561.1	MIR4788	chr3	134437827	134437906	4	4	4
ENSG00000129055.13	ANAPC13	chr3	134477706	134486716	4	4	4
ENSG00000182923.19	CEP63	chr3	134485721	134575017	4	4	4
ENSG00000249691.1	AC026117.1	chr3	134510531	134511413	4	4	4
ENSG00000154928.18	EPHB1	chr3	134597801	135260467	4	4	4
ENSG00000174611.12	KY	chr3	134599923	134651636	4	4	4
ENSG00000286982.1	AC016931.1	chr3	134774543	134796493	4	4	4
ENSG00000253087.1	RNU6-1174P	chr3	134780527	134780627	4	4	4
ENSG00000201413.1	RNA5SP141	chr3	134783436	134783555	4	4	4
ENSG00000240086.7	AC092969.1	chr3	135138469	135439888	4	4	4
ENSG00000242222.1	AC092989.1	chr3	135925891	135926167	4	4	4
ENSG00000241905.1	NDUFS6P1	chr3	135959275	135959590	4	4	4
ENSG00000073711.11	PPP2R3A	chr3	135965728	136147894	4	4	4
ENSG00000227267.3	AC072039.1	chr3	136055184	136055764	4	4	4
ENSG00000273455.1	AC072039.2	chr3	136087475	136087913	4	4	4
ENSG00000174579.4	MSL2	chr3	136148917	136197241	4	4	4
ENSG00000241438.1	TDGF1P6	chr3	136155549	136155996	4	4	4
ENSG00000244740.1	AC092991.1	chr3	136205540	136205915	4	4	4
ENSG00000114054.14	PCCB	chr3	136250340	136337896	4	4	4
ENSG00000118007.13	STAG1	chr3	136336236	136752403	4	4	4
ENSG00000200571.1	RNU6-1284P	chr3	136430084	136430183	4	4	4
ENSG00000244101.1	HMGN1P10	chr3	136609050	136609602	4	4	4
ENSG00000252914.1	RNU6-789P	chr3	136721394	136721495	4	4	4
ENSG00000240695.1	AC117382.1	chr3	136736500	136737229	4	4	4
ENSG00000261758.1	AC117382.2	chr3	136752630	136755780	4	4	4
ENSG00000286915.1	AC096992.3	chr3	136778181	136806308	4	4	4
ENSG00000242968.1	AC096992.1	chr3	136808551	136809623	4	4	4
ENSG00000168917.9	SLC35G2	chr3	136818647	136855888	4	4	4
ENSG00000239213.6	NCK1-DT	chr3	136835345	136862618	4	4	4
ENSG00000273486.1	AC096992.2	chr3	136837338	136839021	4	4	4
ENSG00000158092.7	NCK1	chr3	136862208	136951606	4	4	4
ENSG00000214283.4	RAD51AP1P1	chr3	136899076	136900076	4	4	4
ENSG00000174564.13	IL20RB	chr3	136946230	137011085	4	4	4
ENSG00000249407.1	IL20RB-AS1	chr3	136959125	136982196	4	4	4
ENSG00000201325.1	RNA5SP142	chr3	137518134	137518255	4	4	4
ENSG00000243886.1	AC117440.1	chr3	137535572	137536142	4	4	4
ENSG00000242070.1	NPM1P17	chr3	137723774	137724543	4	4	4
ENSG00000168875.3	SOX14	chr3	137764315	137766334	4	4	4
ENSG00000239513.6	LINC01210	chr3	137771660	137780882	4	4	4
ENSG00000261146.1	AC007159.1	chr3	137791973	137796678	4	4	4
ENSG00000241478.1	HSPA8P9	chr3	137880295	137882237	4	4	4
ENSG00000066405.13	CLDN18	chr3	137998735	138033655	4	4	4
ENSG00000272609.1	AC016252.1	chr3	138004649	138005122	4	4	4
ENSG00000158163.15	DZIP1L	chr3	138061990	138115818	4	4	4
ENSG00000240668.1	KRT8P36	chr3	138101478	138102917	4	4	4
ENSG00000118017.4	A4GNT	chr3	138123713	138132390	4	4	4
ENSG00000286396.1	AC023049.1	chr3	138125695	138125812	4	4	4
ENSG00000138231.13	DBR1	chr3	138160988	138174921	4	4	4
ENSG00000114098.18	ARMC8	chr3	138187248	138298384	4	4	4
ENSG00000181322.15	NME9	chr3	138261437	138329886	4	4	4
ENSG00000158186.13	MRAS	chr3	138347648	138405534	4	4	4
ENSG00000158220.14	ESYT3	chr3	138434586	138481686	4	4	4
ENSG00000280399.1	AC022497.1	chr3	138482065	138485755	4	4	4
ENSG00000114107.9	CEP70	chr3	138494344	138594538	4	4	4
ENSG00000158234.12	FAIM	chr3	138608606	138633376	4	4	4
ENSG00000174715.7	PPIAP72	chr3	138643874	138644694	4	4	4
ENSG00000051382.9	PIK3CB	chr3	138652698	138834928	4	4	4
ENSG00000239207.2	GAPDHP39	chr3	138777832	138778810	4	4	4
ENSG00000242321.1	RPL23AP40	chr3	138796851	138797240	4	4	4
ENSG00000241429.1	EEF1A1P25	chr3	138825063	138826329	4	4	4
ENSG00000242244.1	ATP5MC1P3	chr3	138889255	138889957	4	4	4
ENSG00000244578.1	LINC01391	chr3	138935189	138944020	4	4	4
ENSG00000183770.7	FOXL2	chr3	138944224	138947137	4	4	4
ENSG00000206262.9	FOXL2NB	chr3	138947217	138953990	4	4	4
ENSG00000206260.4	PRR23A	chr3	139003962	139006268	4	4	4
ENSG00000175110.12	MRPS22	chr3	139005806	139357223	4	4	4
ENSG00000184814.5	PRR23B	chr3	139019031	139020926	4	4	4
ENSG00000233701.3	PRR23C	chr3	139042102	139044892	4	4	4
ENSG00000251137.1	RPL7L1P7	chr3	139081654	139082377	4	4	4
ENSG00000232416.3	BPESC1	chr3	139104185	139125171	4	4	4
ENSG00000281473.1	PISRT1	chr3	139232992	139233522	4	4	4
ENSG00000276304.1	AC119740.1	chr3	139233414	139233520	4	4	4
ENSG00000286988.1	AC024933.2	chr3	139316157	139340870	4	4	4
ENSG00000272656.1	AC024933.1	chr3	139349024	139349371	4	4	4
ENSG00000184432.11	COPB2	chr3	139353946	139389736	4	4	4
ENSG00000283418.1	U6	chr3	139388277	139388364	4	4	4
ENSG00000248932.6	AC046134.2	chr3	139389761	139782699	4	4	4
ENSG00000114113.6	RBP2	chr3	139452884	139480747	4	4	4
ENSG00000248790.1	AC097103.1	chr3	139466430	139466795	4	4	4
ENSG00000178631.7	ACTG1P1	chr3	139493809	139494937	4	4	4
ENSG00000114115.10	RBP1	chr3	139517434	139539829	4	4	4
ENSG00000163864.17	NMNAT3	chr3	139560180	139678017	4	4	4
ENSG00000214280.3	AC046134.1	chr3	139582928	139583593	4	4	4
ENSG00000201600.1	RN7SKP124	chr3	139584105	139584445	4	4	4
ENSG00000244692.3	RN7SL724P	chr3	139609669	139609939	4	4	4
ENSG00000261763.1	AC110716.2	chr3	139678620	139682564	4	4	4
ENSG00000250543.1	AC110716.1	chr3	139688403	139689342	4	4	4
ENSG00000251471.1	AC016933.1	chr3	139837220	139859894	4	4	4
ENSG00000250161.1	TRMT112P5	chr3	139845078	139845411	4	4	4
ENSG00000158258.16	CLSTN2	chr3	139935185	140577397	4	4	4
ENSG00000249290.5	AC010181.1	chr3	140449435	140460351	4	4	4
ENSG00000251058.1	AC010181.2	chr3	140461000	140462825	4	4	4
ENSG00000250433.1	CLSTN2-AS1	chr3	140505611	140508789	4	4	4
ENSG00000249305.1	AC048346.1	chr3	140619694	140619837	4	4	4
ENSG00000155890.4	TRIM42	chr3	140678064	140701150	4	4	4
ENSG00000261826.1	AC121333.1	chr3	140865075	140867783	4	4	4
ENSG00000224085.3	RPL23AP41	chr3	140902194	140902651	4	4	4
ENSG00000114120.14	SLC25A36	chr3	140941830	140980995	4	4	4
ENSG00000248773.1	AC108727.1	chr3	140972744	140973255	4	4	4
ENSG00000175093.5	SPSB4	chr3	141051347	141148611	4	4	4
ENSG00000251270.1	AC108727.2	chr3	141115124	141124182	4	4	4
ENSG00000155893.13	PXYLP1	chr3	141228726	141367753	4	4	4
ENSG00000287155.1	AC022215.2	chr3	141251004	141284306	4	4	4
ENSG00000241400.1	AC022215.1	chr3	141258418	141258779	4	4	4
ENSG00000249417.1	AC117383.1	chr3	141267353	141367137	4	4	4
ENSG00000249540.1	AC117383.2	chr3	141307612	141307933	4	4	4
ENSG00000177311.11	ZBTB38	chr3	141324213	141449792	4	4	4
ENSG00000288585.1	AC010184.1	chr3	141449745	141456434	4	4	4
ENSG00000215606.4	KRT18P35	chr3	141470634	141471902	4	4	4
ENSG00000155903.13	RASA2	chr3	141487027	141615344	4	4	4
ENSG00000250170.1	RASA2-IT1	chr3	141525133	141526121	4	4	4
ENSG00000249986.1	YWHAQP6	chr3	141600276	141600579	4	4	4
ENSG00000242104.5	LINC02618	chr3	141660536	141729405	4	4	4
ENSG00000241899.1	TPT1P3	chr3	141709016	141709832	4	4	4
ENSG00000241526.1	AC112771.1	chr3	141724425	141724526	4	4	4
ENSG00000114125.14	RNF7	chr3	141738249	141747560	4	4	4
ENSG00000285558.1	AC112504.2	chr3	141738474	141807919	4	4	4
ENSG00000114124.2	GRK7	chr3	141778148	141818490	4	4	4
ENSG00000286822.1	AC112504.3	chr3	141851549	141861168	4	4	4
ENSG00000228398.3	HMGN2P25	chr3	141865012	141865279	4	4	4
ENSG00000069849.11	ATP1B3	chr3	141876124	141926549	4	4	4
ENSG00000200389.1	RNU6-509P	chr3	141902924	141903030	4	4	4
ENSG00000244124.1	ATP1B3-AS1	chr3	141918252	141919021	4	4	4
ENSG00000279147.1	AC112504.1	chr3	141936707	141938547	4	4	4
ENSG00000114126.18	TFDP2	chr3	141944428	142149544	4	4	4
ENSG00000233597.3	AC133435.1	chr3	142043623	142044198	4	4	4
ENSG00000206604.1	RNU6-425P	chr3	142145454	142145555	4	4	4
ENSG00000175066.16	GK5	chr3	142157527	142225592	4	4	4
ENSG00000114127.11	XRN1	chr3	142306607	142448062	4	4	4
ENSG00000251804.1	RNU6-1294P	chr3	142407657	142407737	4	4	4
ENSG00000202125.1	RNU1-100P	chr3	142420205	142420369	4	4	4
ENSG00000175054.16	ATR	chr3	142449007	142578733	4	4	4
ENSG00000242479.1	AC109992.1	chr3	142450102	142452149	4	4	4
ENSG00000244327.1	AC109992.2	chr3	142465315	142472337	4	4	4
ENSG00000242390.1	RPL6P9	chr3	142580910	142582399	4	4	4
ENSG00000252745.1	RNA5SP143	chr3	142591677	142591791	4	4	4
ENSG00000120756.13	PLS1	chr3	142596393	142713664	4	4	4
ENSG00000239641.1	PLS1-AS1	chr3	142654784	142656745	4	4	4
ENSG00000199319.1	RN7SKP25	chr3	142673597	142673904	4	4	4
ENSG00000287045.1	AC072028.1	chr3	142687982	142723881	4	4	4
ENSG00000144935.15	TRPC1	chr3	142724034	142807888	4	4	4
ENSG00000251787.1	RNU7-47P	chr3	142801207	142801268	4	4	4
ENSG00000163710.9	PCOLCE2	chr3	142815922	142889206	4	4	4
ENSG00000240950.1	AC021074.1	chr3	142827096	142827728	4	4	4
ENSG00000243818.5	AC021074.3	chr3	142912116	142942537	4	4	4
ENSG00000188582.10	PAQR9	chr3	142949164	142963674	4	4	4
ENSG00000241592.1	AC021074.2	chr3	142960372	142960543	4	4	4
ENSG00000241570.8	PAQR9-AS1	chr3	142960650	143001559	4	4	4
ENSG00000163714.18	U2SURP	chr3	142964497	143060725	4	4	4
ENSG00000268129.1	AC026304.1	chr3	143000907	143001467	4	4	4
ENSG00000243733.1	AC018450.2	chr3	143111802	143112359	4	4	4
ENSG00000175040.6	CHST2	chr3	143119771	143124014	4	4	4
ENSG00000241679.2	AC018450.1	chr3	143123362	143131893	4	4	4
ENSG00000244171.4	PBX2P1	chr3	143176327	143177617	4	4	4
ENSG00000181804.15	SLC9A9	chr3	143265222	143848485	4	4	4
ENSG00000240888.1	AC131210.1	chr3	143313067	143314429	4	4	4
ENSG00000240012.1	SLC9A9-AS1	chr3	143342246	143347071	4	4	4
ENSG00000244493.1	SLC9A9-AS2	chr3	143381338	143382161	4	4	4
ENSG00000243033.2	GAPDHP47	chr3	143503275	143504273	4	4	4
ENSG00000243759.1	ST13P15	chr3	143517123	143518229	4	4	4
ENSG00000248374.1	AC073358.1	chr3	143620528	143627690	4	4	4
ENSG00000235110.5	AC107421.1	chr3	143855739	143856142	4	4	4
ENSG00000181744.9	DIPK2A	chr3	143971823	144048719	4	4	4
ENSG00000222778.1	RNA5SP144	chr3	144186905	144187020	4	4	4
ENSG00000280397.1	AC011592.1	chr3	144442211	144445844	4	4	4
ENSG00000244024.1	LARP7P4	chr3	145523538	145524415	4	4	4
ENSG00000241695.1	GM2AP1	chr3	145684572	145685092	4	4	4
ENSG00000239797.1	RPL21P39	chr3	145824257	145824739	4	4	4
ENSG00000244358.1	AC055758.2	chr3	145939912	145961536	4	4	4
ENSG00000240095.1	AC055758.1	chr3	145961755	145963623	4	4	4
ENSG00000261051.1	AC107021.2	chr3	146059585	146061679	4	4	4
ENSG00000243415.2	AC107021.1	chr3	146064042	146105204	4	4	4
ENSG00000240032.1	LNCSRLR	chr3	146066344	146069185	4	4	4
ENSG00000152952.12	PLOD2	chr3	146069440	146163653	4	4	4
ENSG00000114698.15	PLSCR4	chr3	146192335	146251179	4	4	4
ENSG00000243596.1	AC130509.1	chr3	146342996	146348480	4	4	4
ENSG00000241358.1	AC069528.1	chr3	146391363	146416603	4	4	4
ENSG00000163746.12	PLSCR2	chr3	146391421	146495991	4	4	4
ENSG00000279320.1	AC069528.2	chr3	146504570	146506560	4	4	4
ENSG00000188313.13	PLSCR1	chr3	146515180	146544856	4	4	4
ENSG00000199812.1	RNU6-428P	chr3	146571477	146571583	4	4	4
ENSG00000231213.6	PLSCR5	chr3	146576555	146606216	4	4	4
ENSG00000241457.1	PLSCR5-AS1	chr3	146589602	146590325	4	4	4
ENSG00000243620.2	AC092957.1	chr3	146909685	147370656	4	4	4
ENSG00000242671.2	LINC02010	chr3	146921795	146927429	4	4	4
ENSG00000207156.1	RNU6-505P	chr3	146996607	146996713	4	4	4
ENSG00000239412.1	RPL21P71	chr3	147276768	147277252	4	4	4
ENSG00000174963.18	ZIC4	chr3	147386046	147406809	4	4	4
ENSG00000241202.1	ZIC4-AS1	chr3	147386967	147387453	4	4	4
ENSG00000152977.10	ZIC1	chr3	147393422	147510293	4	4	4
ENSG00000240804.1	NPM1P28	chr3	147590996	147591835	4	4	4
ENSG00000239661.1	AC092925.1	chr3	147844123	147846657	4	4	4
ENSG00000239922.2	AC092958.1	chr3	147939905	148007127	4	4	4
ENSG00000285798.1	AC092958.4	chr3	148028046	148079637	4	4	4
ENSG00000241131.2	LINC02032	chr3	148076432	148089134	4	4	4
ENSG00000285660.1	AC092958.3	chr3	148090341	148096921	4	4	4
ENSG00000241792.1	AC092958.2	chr3	148093175	148127233	4	4	4
ENSG00000244650.2	AC025566.1	chr3	148160911	148226606	4	4	4
ENSG00000205412.5	HNRNPA1P20	chr3	148166344	148167298	4	4	4
ENSG00000243347.2	LINC02045	chr3	148192872	148280098	4	4	4
ENSG00000242440.2	LINC02046	chr3	148279682	148401084	4	4	4
ENSG00000285557.1	AC069410.1	chr3	148368384	148591927	4	4	4
ENSG00000241993.1	RPL38P1	chr3	148695994	148696204	4	4	4
ENSG00000144891.18	AGTR1	chr3	148697784	148743008	4	4	4
ENSG00000153002.12	CPB1	chr3	148791102	148860187	4	4	4
ENSG00000244089.1	HMGB1P30	chr3	148824782	148825387	4	4	4
ENSG00000240521.1	AC092979.1	chr3	148850933	148960112	4	4	4
ENSG00000163751.4	CPA3	chr3	148865296	148897203	4	4	4
ENSG00000287198.1	AC092979.2	chr3	148922703	148956088	4	4	4
ENSG00000241627.3	UBQLN4P1	chr3	148985868	148987668	4	4	4
ENSG00000163754.18	GYG1	chr3	148991408	149031775	4	4	4
ENSG00000071794.16	HLTF	chr3	149030127	149086554	4	4	4
ENSG00000239718.1	HLTF-AS1	chr3	149086332	149102823	4	4	4
ENSG00000201031.1	Y_RNA	chr3	149094353	149094462	4	4	4
ENSG00000240511.1	MED28P2	chr3	149099499	149099815	4	4	4
ENSG00000163755.9	HPS3	chr3	149129638	149173732	4	4	4
ENSG00000047457.14	CP	chr3	149162410	149221829	4	4	4
ENSG00000286714.1	AC093001.2	chr3	149224138	149226334	4	4	4
ENSG00000240216.7	CPHL1P	chr3	149229356	149291800	4	4	4
ENSG00000244468.1	AC093001.1	chr3	149284782	149333653	4	4	4
ENSG00000163762.7	TM4SF18	chr3	149318498	149334414	4	4	4
ENSG00000243822.1	AC073522.1	chr3	149357169	149357545	4	4	4
ENSG00000169908.12	TM4SF1	chr3	149369022	149377692	4	4	4
ENSG00000240541.3	TM4SF1-AS1	chr3	149377778	149386583	4	4	4
ENSG00000243885.1	AC108751.4	chr3	149384179	149385800	4	4	4
ENSG00000240246.1	AC108751.2	chr3	149433044	149433274	4	4	4
ENSG00000241929.1	AC108751.3	chr3	149462182	149464830	4	4	4
ENSG00000282502.1	FKBP1AP4	chr3	149463779	149464114	4	4	4
ENSG00000239408.1	AC108751.1	chr3	149464839	149465201	4	4	4
ENSG00000169903.7	TM4SF4	chr3	149474697	149503394	4	4	4
ENSG00000244503.1	AC108751.5	chr3	149494660	149495995	4	4	4
ENSG00000018408.15	WWTR1	chr3	149517235	149736714	4	4	4
ENSG00000252581.1	RNU6-1098P	chr3	149525631	149525726	4	4	4
ENSG00000241985.1	WWTR1-IT1	chr3	149648997	149650184	4	4	4
ENSG00000241313.3	WWTR1-AS1	chr3	149656999	149661364	4	4	4
ENSG00000114744.9	COMMD2	chr3	149738472	149752495	4	4	4
ENSG00000206199.11	ANKUB1	chr3	149761100	149968385	4	4	4
ENSG00000251854.1	RNU6-507P	chr3	149779009	149779108	4	4	4
ENSG00000082996.20	RNF13	chr3	149812770	149962139	4	4	4
ENSG00000252172.1	RNU6-720P	chr3	149917342	149917449	4	4	4
ENSG00000239351.1	NPM1P29	chr3	149938997	149939799	4	4	4
ENSG00000070087.14	PFN2	chr3	149964904	150050788	4	4	4
ENSG00000242791.2	AC117395.1	chr3	149976755	149979355	4	4	4
ENSG00000224831.3	TMEM183B	chr3	149982181	149983308	4	4	4
ENSG00000182000.9	PPIAP73	chr3	149984395	149984797	4	4	4
ENSG00000241947.1	HNRNPA1P24	chr3	149999645	150000690	4	4	4
ENSG00000243944.5	AC117386.2	chr3	150039214	150213726	4	4	4
ENSG00000240477.1	AC022494.1	chr3	150050729	150051456	4	4	4
ENSG00000243321.3	LINC01998	chr3	150077494	150080117	4	4	4
ENSG00000241143.1	RPL32P9	chr3	150150538	150150944	4	4	4
ENSG00000241048.1	AC117386.1	chr3	150202174	150225190	4	4	4
ENSG00000244541.6	LINC01213	chr3	150238519	150244232	4	4	4
ENSG00000278234.1	U2	chr3	150241777	150241860	4	4	4
ENSG00000243550.3	LINC01214	chr3	150265407	150296605	4	4	4
ENSG00000286501.1	AC018545.1	chr3	150339478	150343210	4	4	4
ENSG00000196428.12	TSC22D2	chr3	150408335	150466431	4	4	4
ENSG00000120742.11	SERP1	chr3	150541998	150603228	4	4	4
ENSG00000144895.12	EIF2A	chr3	150546678	150586016	4	4	4
ENSG00000198843.13	SELENOT	chr3	150602875	150630445	4	4	4
ENSG00000271711.1	AC069236.1	chr3	150611262	150611877	4	4	4
ENSG00000163645.15	ERICH6	chr3	150659885	150703971	4	4	4
ENSG00000240137.6	ERICH6-AS1	chr3	150703564	150723005	4	4	4
ENSG00000244668.1	SNRPCP3	chr3	150719997	150720836	4	4	4
ENSG00000287688.1	AC011317.1	chr3	150734469	150738977	4	4	4
ENSG00000181788.4	SIAH2	chr3	150741125	150763477	4	4	4
ENSG00000244265.2	SIAH2-AS1	chr3	150761937	150873554	4	3	4
ENSG00000239265.5	CLRN1-AS1	chr3	150852484	151080726	4	4	4
ENSG00000214237.11	MINDY4B	chr3	150870376	150905439	4	4	4
ENSG00000260234.5	AC020636.2	chr3	150882997	150941743	4	4	4
ENSG00000243273.1	AC020636.1	chr3	150890636	151038818	4	4	4
ENSG00000163646.12	CLRN1	chr3	150926163	150972727	4	4	4
ENSG00000276055.1	AC108726.1	chr3	151079506	151079584	4	4	4
ENSG00000144893.12	MED12L	chr3	151085697	151437072	4	4	4
ENSG00000199994.1	RNA5SP145	chr3	151188099	151188223	4	4	4
ENSG00000174946.7	GPR171	chr3	151197832	151203216	4	4	4
ENSG00000174944.9	P2RY14	chr3	151212117	151278542	4	4	4
ENSG00000239570.1	SETP11	chr3	151269440	151270129	4	4	4
ENSG00000286273.1	AC078816.1	chr3	151293317	151295494	4	4	4
ENSG00000138271.6	GPR87	chr3	151294086	151316820	4	4	4
ENSG00000181631.7	P2RY13	chr3	151326312	151329549	4	4	4
ENSG00000169313.10	P2RY12	chr3	151336843	151384753	4	4	4
ENSG00000152580.8	IGSF10	chr3	151425384	151458709	4	4	4
ENSG00000242810.1	MRPL42P6	chr3	151475804	151476174	4	4	4
ENSG00000242119.1	AC117454.1	chr3	151499639	151499806	4	4	4
ENSG00000264330.1	MIR5186	chr3	151565876	151565995	4	4	4
ENSG00000241151.1	LINC02066	chr3	151637174	151657966	4	4	4
ENSG00000197953.6	AADACL2	chr3	151733916	151761339	4	4	4
ENSG00000242908.6	AADACL2-AS1	chr3	151751443	151928175	4	4	4
ENSG00000242097.1	AC068647.1	chr3	151759747	151762011	4	4	4
ENSG00000240602.7	AADACP1	chr3	151770428	151784894	4	4	4
ENSG00000250271.2	AC068647.2	chr3	151797047	151808249	4	4	4
ENSG00000114771.14	AADAC	chr3	151814073	151828488	4	4	4
ENSG00000198829.6	SUCNR1	chr3	151873643	151884619	4	4	4
ENSG00000239941.1	AC108718.1	chr3	152118173	152151724	4	4	4
ENSG00000152601.17	MBNL1	chr3	152243828	152465780	4	4	4
ENSG00000229619.4	MBNL1-AS1	chr3	152245262	152269557	4	4	4
ENSG00000221962.5	TMEM14EP	chr3	152339695	152340990	4	4	4
ENSG00000201217.1	Y_RNA	chr3	152449272	152449384	4	4	4
ENSG00000243305.1	AC026347.1	chr3	152457759	152496813	4	4	4
ENSG00000244545.1	AC092924.1	chr3	152648146	152650447	4	4	4
ENSG00000287706.1	AC092924.2	chr3	152650519	152679450	4	4	4
ENSG00000242561.1	ATP5MGP5	chr3	152800434	152800732	4	4	4
ENSG00000169860.7	P2RY1	chr3	152835131	152841439	4	4	4
ENSG00000241810.1	HMGN2P13	chr3	153067278	153067551	4	4	4
ENSG00000241671.1	AC117394.1	chr3	153129074	153129640	4	4	4
ENSG00000244268.1	AC117394.2	chr3	153156511	153161775	4	4	4
ENSG00000181467.5	RAP2B	chr3	153162226	153170627	4	4	4
ENSG00000265813.2	RN7SL300P	chr3	153199700	153200017	4	4	4
ENSG00000241220.1	AC078788.1	chr3	153357107	153374186	4	4	4
ENSG00000241912.1	AC078788.2	chr3	153376831	153377562	4	4	4
ENSG00000238755.3	LINC02006	chr3	153384934	153980186	4	4	4
ENSG00000237787.5	LINC02877	chr3	153431856	153502697	4	4	4
ENSG00000207323.1	RNU6-901P	chr3	153471466	153471571	4	4	4
ENSG00000200162.1	Y_RNA	chr3	153607377	153607479	4	4	4
ENSG00000243486.1	AC068985.1	chr3	153881526	153940836	4	4	4
ENSG00000201398.1	U8	chr3	154007367	154007502	4	4	4
ENSG00000240068.1	RPL21P42	chr3	154023835	154024298	4	4	4
ENSG00000243069.8	ARHGEF26-AS1	chr3	154024401	154121347	4	4	4
ENSG00000114790.13	ARHGEF26	chr3	154121003	154257827	4	4	4
ENSG00000174953.14	DHX36	chr3	154272546	154324487	4	4	4
ENSG00000271922.1	AC134026.1	chr3	154329716	154329819	4	4	4
ENSG00000279305.1	AC134026.2	chr3	154334809	154337047	4	4	4
ENSG00000174948.6	GPR149	chr3	154334943	154430190	4	4	4
ENSG00000240048.1	DDX50P2	chr3	154352136	154354799	4	4	4
ENSG00000243861.1	AC092994.1	chr3	154511535	154539309	4	4	4
ENSG00000243154.1	SYPL1P1	chr3	154651656	154652423	4	4	4
ENSG00000242151.1	DYNLL1P5	chr3	154657294	154657563	4	4	4
ENSG00000240601.1	RPL9P15	chr3	154676588	154677119	4	4	4
ENSG00000243969.1	AC073359.2	chr3	154827016	154861017	4	4	4
ENSG00000243953.1	AC073359.1	chr3	154969283	154970223	4	4	4
ENSG00000196549.12	MME	chr3	155024124	155183704	4	4	4
ENSG00000240666.2	MME-AS1	chr3	155158370	155183285	4	4	4
ENSG00000241336.2	LINC01487	chr3	155240919	155258766	4	4	4
ENSG00000240045.2	STRIT1	chr3	155290227	155293683	4	4	4
ENSG00000242790.1	AC104831.1	chr3	155291188	155294176	4	4	4
ENSG00000239443.1	PABPC1P10	chr3	155309427	155309807	4	4	4
ENSG00000114805.18	PLCH1	chr3	155375580	155745071	4	4	4
ENSG00000248772.1	AC108729.3	chr3	155375683	155375790	4	4	4
ENSG00000243518.1	AC108729.2	chr3	155401329	155403399	4	4	4
ENSG00000242152.1	AC108729.1	chr3	155431229	155433398	4	4	4
ENSG00000272096.2	RN7SL715P	chr3	155437538	155437823	4	4	4
ENSG00000239508.1	PLCH1-AS1	chr3	155449184	155457753	4	4	4
ENSG00000242925.1	PLCH1-AS2	chr3	155485803	155487121	4	4	4
ENSG00000239212.2	RPL6P7	chr3	155657760	155658612	4	4	4
ENSG00000214919.3	AC104472.1	chr3	155742142	155743726	4	4	4
ENSG00000241307.1	AC104472.2	chr3	155760617	155761217	4	4	4
ENSG00000174928.16	C3orf33	chr3	155762617	155806278	4	4	4
ENSG00000284952.1	AC104472.3	chr3	155763043	155854442	4	4	4
ENSG00000169359.16	SLC33A1	chr3	155821024	155854456	4	4	4
ENSG00000286585.1	AC104472.4	chr3	155854752	155863191	4	4	4
ENSG00000163655.16	GMPS	chr3	155870650	155944020	4	4	4
ENSG00000288032.1	AC104472.5	chr3	155886615	155890729	4	4	4
ENSG00000240489.1	SETP14	chr3	155987304	155988176	4	4	4
ENSG00000174930.4	VN2R1P	chr3	156019646	156037647	4	4	4
ENSG00000169282.18	KCNAB1	chr3	156037701	156539138	4	4	4
ENSG00000242017.1	ALG1L15P	chr3	156044155	156044948	4	4	4
ENSG00000242537.1	MRE11P1	chr3	156111432	156114198	4	4	4
ENSG00000287916.1	AC091607.2	chr3	156143570	156540627	4	4	4
ENSG00000227709.4	AC091607.1	chr3	156175852	156176911	4	4	4
ENSG00000240596.1	KCNAB1-AS2	chr3	156215560	156227883	4	4	4
ENSG00000242370.1	KCNAB1-AS1	chr3	156441157	156446905	4	4	4
ENSG00000272990.1	AC084036.1	chr3	156523740	156524247	4	4	4
ENSG00000114850.7	SSR3	chr3	156539553	156555149	4	4	4
ENSG00000243926.2	TIPARP-AS1	chr3	156671862	156674446	4	4	4
ENSG00000163659.13	TIPARP	chr3	156673235	156706770	4	4	4
ENSG00000174912.7	METTL15P1	chr3	156713884	156714928	4	4	4
ENSG00000240875.6	LINC00886	chr3	156747343	156817062	4	4	4
ENSG00000230457.3	PA2G4P4	chr3	156809551	156810732	4	4	4
ENSG00000197980.13	LEKR1	chr3	156825481	157046129	4	4	4
ENSG00000241879.1	KLF3P2	chr3	156977558	156977825	4	4	4
ENSG00000239706.1	AC117392.1	chr3	156988117	156988712	4	4	4
ENSG00000222499.1	RN7SKP177	chr3	157017342	157017696	4	4	4
ENSG00000243629.2	LINC00880	chr3	157081667	157128595	4	4	4
ENSG00000241544.2	LINC02029	chr3	157081738	157088547	4	4	4
ENSG00000241135.6	LINC00881	chr3	157089634	157135557	4	4	4
ENSG00000163660.12	CCNL1	chr3	157146508	157160760	4	4	4
ENSG00000201778.1	Y_RNA	chr3	157153548	157153640	4	4	4
ENSG00000244515.1	KRT18P34	chr3	157162663	157163932	4	4	4
ENSG00000241770.1	AC104411.1	chr3	157163452	157169133	4	4	4
ENSG00000222675.1	RNA5SP146	chr3	157173918	157174040	4	4	4
ENSG00000243176.6	AC092944.1	chr3	157174201	157381265	4	4	4
ENSG00000270981.1	AC092944.2	chr3	157230320	157231208	4	4	4
ENSG00000286361.1	AC092944.3	chr3	157234580	157235149	4	4	4
ENSG00000197415.12	VEPH1	chr3	157259742	157533619	4	4	4
ENSG00000163661.4	PTX3	chr3	157436850	157443633	4	4	4
ENSG00000174899.12	SLC66A1L	chr3	157543246	157677749	4	4	4
ENSG00000286892.1	AC084212.1	chr3	157579694	157587495	4	4	4
ENSG00000242536.2	AC079943.2	chr3	157814822	158088997	4	4	4
ENSG00000251751.1	RN7SKP46	chr3	157930492	157930725	4	4	4
ENSG00000239716.1	AC079943.1	chr3	157976561	157978136	4	4	4
ENSG00000168779.20	SHOX2	chr3	158095905	158106420	4	4	4
ENSG00000174891.13	RSRC1	chr3	158105855	158545730	4	4	4
ENSG00000241723.1	AC074276.1	chr3	158275809	158276421	4	4	4
ENSG00000277143.1	AC074276.2	chr3	158336430	158336777	4	4	4
ENSG00000243314.1	AC106707.2	chr3	158496561	158496934	4	4	4
ENSG00000243150.6	AC106707.1	chr3	158545189	158571066	4	4	4
ENSG00000178053.20	MLF1	chr3	158571163	158607252	4	4	4
ENSG00000243025.1	MTAPP1	chr3	158609610	158610857	4	4	4
ENSG00000243165.1	AC025033.1	chr3	158626656	158626849	4	4	4
ENSG00000168827.15	GFM1	chr3	158644527	158695581	4	4	4
ENSG00000079257.8	LXN	chr3	158645822	158672648	4	4	4
ENSG00000272087.1	AC080013.3	chr3	158693120	158693768	4	4	4
ENSG00000118849.10	RARRES1	chr3	158696892	158732489	4	4	4
ENSG00000118855.21	MFSD1	chr3	158732198	158829719	4	4	4
ENSG00000240207.7	AC080013.1	chr3	158732263	158784070	4	4	4
ENSG00000243675.1	RPL35AP9	chr3	158763431	158763753	4	4	4
ENSG00000271778.1	AC080013.2	chr3	158782547	158783124	4	4	4
ENSG00000272247.1	AC080013.4	chr3	158801257	158801935	4	4	4
ENSG00000232374.5	GPR79	chr3	158841093	158841960	4	4	4
ENSG00000279311.1	AC092999.1	chr3	158869898	158871821	4	4	4
ENSG00000283154.2	IQCJ-SCHIP1	chr3	158962235	159897366	4	4	4
ENSG00000214216.11	IQCJ	chr3	158962928	159266307	4	4	4
ENSG00000263634.1	MIR3919	chr3	159282646	159282734	4	4	4
ENSG00000244249.1	AC063955.1	chr3	159386756	159387440	4	4	4
ENSG00000286913.1	AC092943.2	chr3	159711852	159731646	4	4	4
ENSG00000243116.1	AC092943.1	chr3	159721524	159722401	4	4	4
ENSG00000241211.1	IQCJ-SCHIP1-AS1	chr3	159765387	159768612	4	4	4
ENSG00000252763.1	RNU2-31P	chr3	159808416	159808570	4	4	4
ENSG00000151967.18	SCHIP1	chr3	159839861	159897360	4	4	4
ENSG00000244040.7	IL12A-AS1	chr3	159902045	160225299	4	4	4
ENSG00000168811.7	IL12A	chr3	159988835	159996019	4	4	4
ENSG00000242107.2	LINC01100	chr3	160016024	160031423	4	4	4
ENSG00000184100.6	BRD7P2	chr3	160100850	160102793	4	4	4
ENSG00000180044.5	C3orf80	chr3	160225496	160228213	4	4	4
ENSG00000248710.1	AC079594.1	chr3	160227454	160449829	4	4	4
ENSG00000068885.15	IFT80	chr3	160256986	160399880	4	4	4
ENSG00000243687.1	RPL35AP10	chr3	160342685	160343015	4	4	4
ENSG00000113810.16	SMC4	chr3	160399274	160434954	4	4	4
ENSG00000207779.1	MIR15B	chr3	160404588	160404685	4	4	4
ENSG00000198987.1	MIR16-2	chr3	160404745	160404825	4	4	4
ENSG00000213186.8	TRIM59	chr3	160432445	160485773	4	4	4
ENSG00000244009.1	B3GAT3P1	chr3	160452598	160453403	4	4	4
ENSG00000238427.1	RNU7-136P	chr3	160472348	160472416	4	4	4
ENSG00000186432.10	KPNA4	chr3	160495007	160565571	4	4	4
ENSG00000238741.1	SCARNA7	chr3	160514907	160515236	4	4	4
ENSG00000229320.3	KRT8P12	chr3	160565447	160569248	4	4	4
ENSG00000242285.1	RPL6P8	chr3	160584945	160585787	4	4	4
ENSG00000179674.4	ARL14	chr3	160677160	160678448	4	4	4
ENSG00000207084.1	SNORA72	chr3	160696929	160697060	4	4	4
ENSG00000260572.1	AC069224.1	chr3	160753428	160755142	4	4	4
ENSG00000163590.14	PPM1L	chr3	160755602	161078902	4	4	4
ENSG00000169255.15	B3GALNT1	chr3	161083883	161105411	4	4	4
ENSG00000169251.13	NMD3	chr3	161104696	161253532	4	4	4
ENSG00000271052.1	AC108738.1	chr3	161222911	161223147	4	4	4
ENSG00000240138.1	EEF1GP4	chr3	161324913	161326219	4	4	4
ENSG00000243838.1	PSMC1P7	chr3	161328924	161330238	4	4	4
ENSG00000196542.8	SPTSSB	chr3	161344792	161372880	4	4	4
ENSG00000240567.1	LINC02067	chr3	161426427	161448242	4	4	4
ENSG00000269888.1	AC112491.1	chr3	161429112	161429613	4	4	4
ENSG00000234851.4	RPL23AP42	chr3	161429127	161429597	4	4	4
ENSG00000182447.4	OTOL1	chr3	161496808	161503942	4	4	4
ENSG00000288087.1	AC112770.1	chr3	161600438	161735399	4	4	4
ENSG00000240354.1	AC131211.1	chr3	161816909	161821908	4	4	4
ENSG00000241874.1	TOMM22P6	chr3	162486541	162486949	4	4	4
ENSG00000243044.1	AC128716.1	chr3	162601627	162601792	4	4	4
ENSG00000241168.1	AC128685.1	chr3	163026396	163232149	4	4	4
ENSG00000241369.6	LINC01192	chr3	163109152	163361563	4	4	4
ENSG00000244571.1	RPS6P4	chr3	163115429	163116186	4	4	4
ENSG00000240792.2	AC079910.1	chr3	163455568	163479500	4	4	4
ENSG00000238924.2	RNU7-82P	chr3	163470205	163470266	4	4	4
ENSG00000214210.4	AC084017.1	chr3	164001606	164002465	4	4	4
ENSG00000221251.1	MIR1263	chr3	164171471	164171556	4	4	4
ENSG00000241636.1	LINC01323	chr3	164670878	164686076	4	4	4
ENSG00000241767.2	LINC01324	chr3	164714095	164831480	4	4	4
ENSG00000090402.8	SI	chr3	164978898	165078496	4	4	4
ENSG00000200052.1	Y_RNA	chr3	165122713	165122823	4	4	4
ENSG00000239205.1	LINC02023	chr3	165150006	165158062	4	4	4
ENSG00000121871.4	SLITRK3	chr3	165186720	165197109	4	4	4
ENSG00000244128.7	LINC01322	chr3	165206929	165846519	4	4	4
ENSG00000114200.10	BCHE	chr3	165772904	165837462	4	4	4
ENSG00000242178.1	MTND4P17	chr3	166160021	166160370	4	4	4
ENSG00000240084.1	MTND4LP10	chr3	166160414	166160704	4	4	4
ENSG00000240824.1	MTND3P7	chr3	166160777	166161119	4	4	4
ENSG00000242456.1	MTCO3P38	chr3	166161203	166161968	4	4	4
ENSG00000242326.1	MCUR1P2	chr3	166181313	166181820	4	4	4
ENSG00000244429.1	AC104629.1	chr3	166293756	166294353	4	4	4
ENSG00000244321.1	LINC01326	chr3	166569693	166570763	4	4	4
ENSG00000274149.1	AC072046.2	chr3	166605188	166605455	4	4	4
ENSG00000251759.1	RN7SKP298	chr3	166670029	166670122	4	4	4
ENSG00000224962.4	PSAT1P4	chr3	166691187	166691712	4	4	4
ENSG00000240458.1	AC072046.1	chr3	166721458	166721610	4	4	4
ENSG00000231516.3	CBX1P5	chr3	166811009	166811567	4	4	4
ENSG00000240033.1	AC069439.2	chr3	166835021	166844956	4	4	4
ENSG00000239227.1	AC069439.1	chr3	166861944	166862110	4	4	4
ENSG00000220343.5	PPIAP74	chr3	167065831	167066320	4	4	4
ENSG00000169064.13	ZBBX	chr3	167239843	167407874	4	4	4
ENSG00000241669.1	LINC01327	chr3	167392796	167408519	4	4	4
ENSG00000114204.15	SERPINI2	chr3	167441789	167479004	4	4	4
ENSG00000174776.11	WDR49	chr3	167478684	167653983	4	4	4
ENSG00000114209.15	PDCD10	chr3	167683298	167734939	4	4	4
ENSG00000241120.1	HMGN1P8	chr3	167694355	167694642	4	4	4
ENSG00000163536.13	SERPINI1	chr3	167735243	167825569	4	4	4
ENSG00000287319.1	AC079822.1	chr3	167794947	167811081	4	4	4
ENSG00000244227.7	LRRC77P	chr3	167864773	167924011	4	4	4
ENSG00000244706.4	AC026353.1	chr3	167866500	167950292	4	4	4
ENSG00000239238.1	MEMO1P3	chr3	167888414	167888715	4	4	4
ENSG00000242036.1	AC128713.1	chr3	167956311	167956616	4	4	4
ENSG00000241203.1	HMGN2P26	chr3	167958744	167959082	4	4	4
ENSG00000173905.9	GOLIM4	chr3	168008689	168095924	4	4	4
ENSG00000286994.1	AC069243.1	chr3	168094049	168095087	4	4	4
ENSG00000206120.11	EGFEM1P	chr3	168249522	168830599	4	4	4
ENSG00000241882.1	AC124893.1	chr3	168288553	168291228	4	4	4
ENSG00000222357.1	RNU2-20P	chr3	168475198	168475388	4	4	4
ENSG00000207717.1	MIR551B	chr3	168551854	168551949	4	4	4
ENSG00000226765.1	RPSAP33	chr3	168666559	168667423	4	4	4
ENSG00000231688.1	RPL21P43	chr3	168858659	168859130	4	4	4
ENSG00000242268.3	LINC02082	chr3	168902194	168924590	4	4	4
ENSG00000272797.1	AC092954.1	chr3	168927475	168927919	4	4	4
ENSG00000273177.1	AC092954.2	chr3	168928169	168928598	4	4	4
ENSG00000241383.2	LINC01997	chr3	169003022	169038416	4	4	4
ENSG00000085276.19	MECOM	chr3	169083499	169663775	4	4	4
ENSG00000241479.1	MECOM-AS1	chr3	169447867	169477052	4	4	4
ENSG00000213178.3	RPL22P1	chr3	169483671	169484080	4	4	4
ENSG00000242795.2	AC007849.1	chr3	169613510	169623951	4	4	4
ENSG00000244381.1	SDHDP3	chr3	169709295	169709765	4	4	4
ENSG00000206777.1	RNU6-637P	chr3	169720187	169720293	4	4	4
ENSG00000270141.3	TERC	chr3	169764520	169765060	4	4	4
ENSG00000277925.1	Telomerase-vert	chr3	169764610	169765047	4	4	4
ENSG00000184378.3	ACTRT3	chr3	169766921	169769561	4	4	4
ENSG00000269889.1	AC078802.1	chr3	169769649	169772043	4	4	4
ENSG00000085274.16	MYNN	chr3	169773396	169789716	4	4	4
ENSG00000269984.1	AC078795.1	chr3	169777192	169780334	4	4	4
ENSG00000171757.17	LRRC34	chr3	169793003	169812986	4	4	4
ENSG00000270135.1	AC078795.3	chr3	169793495	169793966	4	4	4
ENSG00000270096.1	AC078795.2	chr3	169794962	169796213	4	4	4
ENSG00000188306.6	LRRIQ4	chr3	169821922	169837775	4	4	4
ENSG00000114248.10	LRRC31	chr3	169839172	169869935	4	4	4
ENSG00000240128.1	KRT18P43	chr3	169902980	169904260	4	4	4
ENSG00000187033.9	SAMD7	chr3	169911572	169939175	4	4	4
ENSG00000244039.1	AC008040.2	chr3	169931998	169933229	4	4	4
ENSG00000239219.2	AC008040.1	chr3	169939353	169966734	4	4	4
ENSG00000244193.1	AC008040.3	chr3	169945987	169946754	4	4	4
ENSG00000008952.17	SEC62	chr3	169966635	169998373	4	4	4
ENSG00000240373.1	SEC62-AS1	chr3	169978536	169985715	4	4	4
ENSG00000173890.17	GPR160	chr3	170037995	170085392	4	4	4
ENSG00000201342.1	RNU4-38P	chr3	170057301	170057429	4	4	4
ENSG00000242583.1	KMT5AP3	chr3	170062244	170062951	4	4	4
ENSG00000173889.16	PHC3	chr3	170086732	170181749	4	4	4
ENSG00000199536.1	RNU6-315P	chr3	170149845	170149951	4	4	4
ENSG00000163558.13	PRKCI	chr3	170222424	170305977	4	4	4
ENSG00000200118.1	Y_RNA	chr3	170244782	170244881	4	4	4
ENSG00000239628.1	AC073288.1	chr3	170345678	170353961	4	4	4
ENSG00000136603.14	SKIL	chr3	170357678	170396835	4	4	4
ENSG00000242578.1	AC073288.2	chr3	170410512	170418615	4	4	4
ENSG00000013297.12	CLDN11	chr3	170418868	170454733	4	4	4
ENSG00000285218.1	AC026316.4	chr3	170418868	170860380	4	4	4
ENSG00000283474.1	MIR6828	chr3	170423103	170423162	4	4	4
ENSG00000285051.2	SLC7A14-AS1	chr3	170448639	170860993	4	4	4
ENSG00000013293.6	SLC7A14	chr3	170459548	170586075	4	4	4
ENSG00000241416.1	KRT8P13	chr3	170495627	170496636	4	4	4
ENSG00000213174.3	AC026316.1	chr3	170653846	170654259	4	4	4
ENSG00000244738.1	AC026316.3	chr3	170656562	170662123	4	4	4
ENSG00000286695.1	AC026316.5	chr3	170691997	170736061	4	4	4
ENSG00000239739.1	AC026316.2	chr3	170740351	170741365	4	4	4
ENSG00000163584.18	RPL22L1	chr3	170864875	170870208	4	4	4
ENSG00000163577.8	EIF5A2	chr3	170888418	170908644	4	4	4
ENSG00000286856.1	AC061708.1	chr3	170908857	171054973	4	4	4
ENSG00000240704.1	KLF7P1	chr3	170952850	170953897	4	4	4
ENSG00000199488.1	RNU1-70P	chr3	170994870	170995033	4	4	4
ENSG00000163581.14	SLC2A2	chr3	170996347	171026743	4	4	4
ENSG00000154310.17	TNIK	chr3	171058414	171460408	4	4	4
ENSG00000207963.1	MIR569	chr3	171106664	171106759	4	4	4
ENSG00000222506.1	Y_RNA	chr3	171439526	171439627	4	4	4
ENSG00000240497.3	AC092919.1	chr3	171459248	171469702	4	4	4
ENSG00000279673.1	AC092919.2	chr3	171460612	171462256	4	4	4
ENSG00000207114.1	RNU6-348P	chr3	171504245	171504351	4	4	4
ENSG00000234594.1	AC008134.1	chr3	171534423	171534615	4	4	4
ENSG00000075651.16	PLD1	chr3	171600404	171810950	4	4	4
ENSG00000234717.2	TMEM212-AS1	chr3	171815586	171900749	4	4	4
ENSG00000186329.9	TMEM212	chr3	171843349	171938715	4	4	4
ENSG00000235943.1	TMEM212-IT1	chr3	171894436	171895240	4	4	4
ENSG00000287899.1	AC055714.1	chr3	171941607	171996871	4	4	4
ENSG00000075420.13	FNDC3B	chr3	172039578	172401669	4	4	4
ENSG00000237483.1	RPS27AP8	chr3	172225428	172225872	4	4	4
ENSG00000243398.3	RN7SL141P	chr3	172237326	172237591	4	4	4
ENSG00000279862.1	AC092964.1	chr3	172301654	172303052	4	4	4
ENSG00000236686.1	BZW1P1	chr3	172425850	172427089	4	4	4
ENSG00000121853.4	GHSR	chr3	172443291	172448456	4	4	4
ENSG00000121858.11	TNFSF10	chr3	172505508	172523475	4	4	4
ENSG00000224611.1	AC007919.1	chr3	172522228	172522444	4	4	4
ENSG00000223387.6	LINC02068	chr3	172560888	172595607	4	4	4
ENSG00000224426.1	SLC31A1P1	chr3	172603440	172604006	4	4	4
ENSG00000144959.11	NCEH1	chr3	172630249	172711218	4	4	4
ENSG00000231384.1	AC007919.2	chr3	172680714	172681224	4	4	4
ENSG00000252082.1	RNU6-547P	chr3	172703124	172703225	4	4	4
ENSG00000287012.1	AC108667.2	chr3	172711151	172725038	4	4	4
ENSG00000114346.14	ECT2	chr3	172750682	172821474	4	4	4
ENSG00000200355.1	SNORA72	chr3	172771277	172771405	4	4	4
ENSG00000201458.1	RNU4-4P	chr3	172796429	172796558	4	4	4
ENSG00000227440.1	ATP5MC1P4	chr3	172828736	172829176	4	4	4
ENSG00000237501.1	AC108667.1	chr3	172830981	172831229	4	4	4
ENSG00000144962.7	SPATA16	chr3	172889357	173141235	4	4	4
ENSG00000237473.2	AC068759.1	chr3	173153737	173336965	4	4	4
ENSG00000169760.17	NLGN1	chr3	173396284	174286644	4	4	4
ENSG00000237645.1	AC092967.1	chr3	173644231	173644711	4	4	4
ENSG00000228213.5	NLGN1-AS1	chr3	173910498	173920796	4	4	4
ENSG00000252982.1	RN7SKP234	chr3	174057641	174057864	4	4	4
ENSG00000232601.1	ANAPC15P2	chr3	174302944	174303287	4	4	4
ENSG00000213169.3	AC069218.1	chr3	174377244	174378005	4	4	4
ENSG00000177694.16	NAALADL2	chr3	174438573	175810548	4	4	4
ENSG00000253020.2	RN7SKP40	chr3	174631823	174632064	4	4	4
ENSG00000230497.2	EEF1B2P8	chr3	175059361	175060031	4	4	4
ENSG00000230292.5	NAALADL2-AS3	chr3	175079307	175115242	4	4	4
ENSG00000226779.1	NAALADL2-AS2	chr3	175234861	175271096	4	4	4
ENSG00000264974.1	MIR4789	chr3	175369540	175369621	4	4	4
ENSG00000199792.1	RNU6-1233P	chr3	175397247	175397348	4	4	4
ENSG00000288104.1	AC008180.3	chr3	175473919	175477602	4	4	4
ENSG00000201648.1	RNU4-91P	chr3	175609479	175609613	4	4	4
ENSG00000236241.1	AC119744.1	chr3	175675087	175676801	4	4	4
ENSG00000214192.3	UBE2V1P2	chr3	175718231	175718670	4	4	4
ENSG00000201452.1	RNU6-1317P	chr3	175767558	175767661	4	4	4
ENSG00000225552.1	NAALADL2-AS1	chr3	175773145	175776333	4	4	4
ENSG00000260217.1	AC104640.1	chr3	175938929	175941037	4	4	4
ENSG00000230362.1	ACTG1P23	chr3	175977497	175978570	4	4	4
ENSG00000236357.1	EI24P1	chr3	176068042	176068908	4	4	4
ENSG00000271413.1	AC104640.2	chr3	176069107	176069252	4	4	4
ENSG00000238026.1	AC117434.1	chr3	176113702	176114537	4	4	4
ENSG00000223715.3	LINC01208	chr3	176415439	176867838	4	4	6
ENSG00000283333.1	MIR7977	chr3	176515103	176515151	4	4	4
ENSG00000252302.1	RNA5SP147	chr3	176763233	176763341	4	4	4
ENSG00000228308.2	LINC01209	chr3	176814155	176817001	4	4	4
ENSG00000231888.1	MTND5P15	chr3	177010719	177011067	4	4	4
ENSG00000177565.18	TBL1XR1	chr3	177019340	177228000	4	4	4
ENSG00000231310.3	TBL1XR1-AS1	chr3	177037405	177047923	4	4	4
ENSG00000201343.1	Y_RNA	chr3	177120691	177120800	4	4	4
ENSG00000200882.1	RNU6-681P	chr3	177126017	177126120	4	4	4
ENSG00000203645.2	LINC00501	chr3	177294442	177323418	4	4	4
ENSG00000236893.1	ASS1P7	chr3	177297161	177298386	4	4	4
ENSG00000226782.2	AC117465.1	chr3	177337628	177349166	4	4	4
ENSG00000228221.6	LINC00578	chr3	177441910	177767379	4	4	4
ENSG00000252028.1	RN7SKP52	chr3	177503303	177503552	4	4	4
ENSG00000236385.1	AC026355.3	chr3	177621382	177628287	4	4	4
ENSG00000200288.1	AC026355.1	chr3	177624282	177624409	4	4	4
ENSG00000228561.2	AC026355.2	chr3	177683627	177691250	4	4	4
ENSG00000277241.1	AC026355.4	chr3	177700346	177701072	4	4	4
ENSG00000231574.6	LINC02015	chr3	177816865	177899224	4	4	4
ENSG00000225790.2	AC007953.1	chr3	177930758	177940299	4	4	4
ENSG00000270321.2	AC007953.2	chr3	177952327	177959817	4	4	4
ENSG00000199858.1	RNU6-1120P	chr3	178007672	178007779	4	4	4
ENSG00000286003.1	AC110992.1	chr3	178028130	178172449	4	4	4
ENSG00000223930.7	AC117453.1	chr3	178164008	178385479	4	4	4
ENSG00000197584.12	KCNMB2	chr3	178272932	178844429	4	4	4
ENSG00000275163.1	AC117457.1	chr3	178419123	178843300	4	4	4
ENSG00000223941.5	LINC01014	chr3	178419201	178457309	4	4	4
ENSG00000252336.1	RNA5SP148	chr3	178429197	178429290	4	4	4
ENSG00000271131.1	PPIAP75	chr3	178493327	178493810	4	4	4
ENSG00000237978.6	KCNMB2-AS1	chr3	178526505	178937352	4	4	4
ENSG00000172667.11	ZMAT3	chr3	178960121	179072215	4	4	4
ENSG00000200616.1	Y_RNA	chr3	179097731	179097840	4	4	4
ENSG00000229102.1	AC076966.2	chr3	179101366	179147973	4	4	4
ENSG00000121879.6	PIK3CA	chr3	179148114	179240093	4	4	4
ENSG00000201957.1	AC076966.1	chr3	179169083	179169210	4	4	4
ENSG00000171121.16	KCNMB3	chr3	179236691	179267002	4	4	4
ENSG00000240429.1	LRRFIP1P1	chr3	179259028	179261273	4	4	4
ENSG00000121864.10	ZNF639	chr3	179323031	179338583	4	4	4
ENSG00000260743.1	AC007823.1	chr3	179340322	179341887	4	4	4
ENSG00000171109.19	MFN1	chr3	179347709	179394936	4	4	4
ENSG00000114450.11	GNB4	chr3	179396088	179451476	4	4	4
ENSG00000242539.2	AC007620.2	chr3	179396961	179399191	4	4	4
ENSG00000272699.1	AC007620.3	chr3	179405448	179405944	4	4	4
ENSG00000239255.1	AC007620.1	chr3	179452395	179452419	4	4	4
ENSG00000181260.8	MTHFD2P7	chr3	179464346	179465328	4	4	4
ENSG00000136518.17	ACTL6A	chr3	179562886	179588407	4	4	4
ENSG00000272910.1	AC090425.3	chr3	179583262	179583762	4	4	4
ENSG00000272660.1	AC090425.2	chr3	179584271	179584410	4	4	4
ENSG00000136522.14	MRPL47	chr3	179588285	179604649	4	4	4
ENSG00000136521.13	NDUFB5	chr3	179604690	179627647	4	4	4
ENSG00000239096.1	AC090425.1	chr3	179614775	179614878	4	4	4
ENSG00000243977.1	H3P13	chr3	179649494	179650200	4	4	4
ENSG00000058056.9	USP13	chr3	179653040	179789401	4	4	4
ENSG00000114757.19	PEX5L	chr3	179794958	180037053	4	4	4
ENSG00000270178.1	AC007687.1	chr3	179804063	179804366	4	4	4
ENSG00000243799.1	PEX5L-AS1	chr3	179875376	179881609	4	4	4
ENSG00000244302.2	PEX5L-AS2	chr3	179898199	179921895	4	4	4
ENSG00000287645.1	AC092939.1	chr3	179971494	180017083	4	4	4
ENSG00000201822.1	RNA5SP149	chr3	180161886	180161977	4	4	4
ENSG00000282327.1	AC134503.1	chr3	180201159	180201212	4	4	4
ENSG00000213158.6	GAPDHP36	chr3	180212191	180213108	4	4	4
ENSG00000239880.1	RALBP1P1	chr3	180323107	180325059	4	4	4
ENSG00000241696.2	LINC02053	chr3	180413008	180476778	4	4	4
ENSG00000201810.1	U8	chr3	180542701	180542836	4	4	4
ENSG00000239774.1	AC125618.1	chr3	180566718	180601935	4	4	4
ENSG00000199986.1	RNU6-486P	chr3	180581057	180581163	4	4	4
ENSG00000241946.1	AC068298.1	chr3	180589887	180590047	4	4	4
ENSG00000163728.11	TTC14	chr3	180602163	180617828	4	4	4
ENSG00000284862.3	CCDC39	chr3	180602858	180684942	4	4	4
ENSG00000145075.13	CCDC39	chr3	180614008	180870933	4	4	4
ENSG00000243187.1	CCDC39-AS1	chr3	180680084	180700449	4	4	4
ENSG00000285336.1	AC108734.4	chr3	180707589	180871005	4	4	4
ENSG00000242811.3	RN7SL229P	chr3	180736405	180736703	4	4	4
ENSG00000242068.1	AC108734.3	chr3	180772750	180773914	4	4	4
ENSG00000241473.1	AC108734.2	chr3	180820544	180821612	4	4	4
ENSG00000239516.1	FLYWCH1P1	chr3	180827977	180829850	4	4	4
ENSG00000114416.18	FXR1	chr3	180868141	180982753	4	4	4
ENSG00000213157.3	AC108734.1	chr3	180887677	180888075	4	4	4
ENSG00000205981.8	DNAJC19	chr3	180983709	180989774	4	4	4
ENSG00000242808.10	SOX2-OT	chr3	180989762	181836880	4	4	4
ENSG00000242140.1	AC083904.1	chr3	181146233	181146463	4	4	4
ENSG00000206932.1	RNU6-4P	chr3	181231737	181231843	4	4	4
ENSG00000237806.1	FAUP2	chr3	181242345	181242901	4	4	4
ENSG00000241231.2	AC068308.1	chr3	181372732	181442597	4	4	4
ENSG00000235294.1	RPL7AP25	chr3	181505075	181505879	4	4	4
ENSG00000239381.7	AC125613.1	chr3	181534177	181700611	4	4	4
ENSG00000276074.1	AC125613.2	chr3	181610498	181610729	4	4	4
ENSG00000276690.1	AC117415.1	chr3	181699608	181699883	4	4	4
ENSG00000181449.4	SOX2	chr3	181711925	181714436	4	4	4
ENSG00000278026.1	AC117415.2	chr3	181715185	181715293	4	4	4
ENSG00000266317.2	RN7SL703P	chr3	181813401	181813702	4	4	4
ENSG00000199839.1	RNA5SP150	chr3	181822872	181822990	4	4	4
ENSG00000239805.1	AC007547.2	chr3	181847526	181847885	4	4	4
ENSG00000213155.4	AC007547.1	chr3	181866351	181867154	4	4	4
ENSG00000242512.9	LINC01206	chr3	181952343	182035644	4	4	4
ENSG00000252257.1	RN7SKP265	chr3	181968459	181968681	4	4	4
ENSG00000286453.1	AC012081.2	chr3	182049058	182052270	4	4	4
ENSG00000240478.1	AC012081.1	chr3	182121884	182142137	4	4	4
ENSG00000287605.1	AC109131.1	chr3	182149430	182158313	4	4	4
ENSG00000242012.1	AC084211.1	chr3	182365147	182368256	4	4	4
ENSG00000241098.1	LINC01994	chr3	182446970	182486364	4	4	4
ENSG00000244199.1	EIF4EP3	chr3	182460417	182461072	4	4	4
ENSG00000244247.2	LINC01995	chr3	182498187	182536772	4	4	4
ENSG00000287941.1	AC021055.1	chr3	182588093	182617810	4	4	4
ENSG00000228766.3	RPL7L1P8	chr3	182610674	182611414	4	4	4
ENSG00000238837.3	LINC02031	chr3	182644214	182655880	4	4	4
ENSG00000243378.1	AC083801.1	chr3	182691928	182692285	4	4	4
ENSG00000260377.1	AC083801.2	chr3	182739669	182740848	4	4	4
ENSG00000240063.1	AC069431.1	chr3	182783236	182793394	4	4	4
ENSG00000058063.16	ATP11B	chr3	182793503	182921629	4	4	4
ENSG00000270554.1	AC069431.2	chr3	182843521	182844619	4	4	4
ENSG00000273261.1	AC092953.2	chr3	182921240	182921938	4	4	4
ENSG00000043093.15	DCUN1D1	chr3	182938074	182985953	4	4	4
ENSG00000244346.1	AC092953.1	chr3	182950783	182956307	4	4	4
ENSG00000078070.13	MCCC1	chr3	183015218	183116075	4	4	4
ENSG00000243368.2	MCCC1-AS1	chr3	183016255	183017808	4	4	4
ENSG00000078081.8	LAMP3	chr3	183122215	183163839	4	4	4
ENSG00000053524.12	MCF2L2	chr3	183178043	183428778	4	4	4
ENSG00000176597.12	B3GNT5	chr3	183253253	183298504	4	4	4
ENSG00000202502.1	RNA5SP151	chr3	183258300	183258416	4	4	4
ENSG00000240024.5	LINC00888	chr3	183447608	183456013	4	4	4
ENSG00000201229.1	SNORA63D	chr3	183451857	183451988	4	4	4
ENSG00000253092.1	AC092960.2	chr3	183452567	183452764	4	4	4
ENSG00000199363.1	SNORA63E	chr3	183453814	183453944	4	4	4
ENSG00000251730.1	AC092960.1	chr3	183454128	183454262	4	4	4
ENSG00000271682.1	AC092960.3	chr3	183462851	183463201	4	4	4
ENSG00000172578.12	KLHL6	chr3	183487551	183555706	4	4	4
ENSG00000242522.1	KLHL6-AS1	chr3	183548735	183552326	4	4	4
ENSG00000243584.1	AC068769.1	chr3	183613620	183616742	4	4	4
ENSG00000114796.16	KLHL24	chr3	183635610	183684519	4	4	4
ENSG00000163872.16	YEATS2	chr3	183697797	183812624	4	4	4
ENSG00000233885.7	YEATS2-AS1	chr3	183806457	183810783	4	4	4
ENSG00000283765.1	AC131160.1	chr3	183815568	183884889	4	4	4
ENSG00000180834.8	MAP6D1	chr3	183815922	183825594	4	4	4
ENSG00000175193.14	PARL	chr3	183829271	183884933	4	4	4
ENSG00000234371.6	RPSAP31	chr3	183884924	183888449	4	4	4
ENSG00000263932.1	MIR4448	chr3	183886800	183886885	4	4	4
ENSG00000233441.6	CYP2AB1P	chr3	183895900	183910936	4	4	4
ENSG00000114770.17	ABCC5	chr3	183919934	184017939	4	4	4
ENSG00000223882.1	ABCC5-AS1	chr3	184006338	184011419	4	4	4
ENSG00000223529.1	EEF1A1P8	chr3	184026369	184027756	4	4	4
ENSG00000186090.11	HTR3D	chr3	184031544	184039369	4	4	4
ENSG00000178084.2	HTR3C	chr3	184053047	184060673	4	4	4
ENSG00000233576.1	HTR3C2P	chr3	184076779	184084219	4	4	4
ENSG00000207351.1	Y_RNA	chr3	184086791	184086903	4	4	4
ENSG00000238020.1	HTR3E-AS1	chr3	184095118	184105178	4	4	4
ENSG00000186038.9	HTR3E	chr3	184097064	184106995	4	4	4
ENSG00000205955.4	HSP90AA5P	chr3	184115352	184117898	4	4	4
ENSG00000273181.1	AC131235.3	chr3	184132942	184133561	4	4	4
ENSG00000272721.5	AC131235.2	chr3	184134019	184135238	4	4	4
ENSG00000145191.15	EIF2B5	chr3	184135038	184146127	4	4	4
ENSG00000228205.1	AC131235.1	chr3	184149704	184150435	4	4	4
ENSG00000161202.20	DVL3	chr3	184155377	184173614	4	4	4
ENSG00000161203.13	AP2M1	chr3	184174689	184184091	4	4	4
ENSG00000161204.11	ABCF3	chr3	184186023	184194012	4	4	4
ENSG00000145198.14	VWA5B2	chr3	184230429	184242329	4	4	4
ENSG00000221120.1	MIR1224	chr3	184241405	184241489	4	4	4
ENSG00000214160.10	ALG3	chr3	184242301	184249548	4	4	4
ENSG00000284753.2	EEF1AKMT4	chr3	184249672	184258759	4	4	4
ENSG00000284917.1	EEF1AKMT4-ECE2	chr3	184249695	184293031	4	4	4
ENSG00000163888.4	CAMK2N2	chr3	184259213	184261553	4	4	4
ENSG00000145194.19	ECE2	chr3	184276011	184293031	4	4	4
ENSG00000175166.17	PSMD2	chr3	184299198	184309050	4	4	4
ENSG00000114867.22	EIF4G1	chr3	184314495	184335358	4	4	4
ENSG00000212158.1	SNORD66	chr3	184325696	184325771	4	4	4
ENSG00000175182.15	FAM131A	chr3	184335926	184348421	4	4	4
ENSG00000114859.16	CLCN2	chr3	184346185	184361650	4	4	4
ENSG00000163882.9	POLR2H	chr3	184361718	184368596	4	4	4
ENSG00000090534.20	THPO	chr3	184371935	184381968	4	4	4
ENSG00000090539.15	CHRD	chr3	184380073	184390736	4	4	4
ENSG00000224153.3	LINC02054	chr3	184399790	184457891	4	4	4
ENSG00000283625.1	AC128714.2	chr3	184499484	184500370	4	4	4
ENSG00000227509.1	LINC01839	chr3	184505113	184508399	4	4	4
ENSG00000230215.1	LINC01840	chr3	184546714	184556918	4	4	4
ENSG00000182580.3	EPHB3	chr3	184561785	184582408	4	4	4
ENSG00000177383.5	MAGEF1	chr3	184710364	184712064	4	4	4
ENSG00000272970.3	AC107294.2	chr3	184712245	184740104	4	4	4
ENSG00000229433.2	LINC02069	chr3	184725013	184773178	4	4	4
ENSG00000273403.1	AC107294.3	chr3	184741937	184742462	4	4	4
ENSG00000272922.1	AC107294.1	chr3	184742818	184743284	4	4	4
ENSG00000288576.1	AC107294.4	chr3	184778723	184780720	4	4	4
ENSG00000156931.16	VPS8	chr3	184812143	185052614	4	4	4
ENSG00000187068.3	C3orf70	chr3	185076838	185153060	4	4	4
ENSG00000223358.5	EHHADH-AS1	chr3	185162871	185191955	4	4	4
ENSG00000113790.11	EHHADH	chr3	185190624	185281990	4	4	4
ENSG00000229704.1	EIF2S2P2	chr3	185245460	185246441	4	4	4
ENSG00000264614.1	MIR5588	chr3	185253210	185253272	4	4	4
ENSG00000073803.14	MAP3K13	chr3	185282941	185489094	4	4	4
ENSG00000229638.1	RPL4P4	chr3	185417495	185418778	4	4	4
ENSG00000163900.11	TMEM41A	chr3	185476496	185499057	4	4	4
ENSG00000286086.1	AC099661.1	chr3	185499140	185501109	4	4	4
ENSG00000163898.10	LIPH	chr3	185506262	185552588	4	4	4
ENSG00000163904.13	SENP2	chr3	185582496	185633551	4	4	4
ENSG00000236489.1	AC133473.1	chr3	185606575	185606873	4	4	4
ENSG00000073792.16	IGF2BP2	chr3	185643130	185825042	4	4	4
ENSG00000163915.7	IGF2BP2-AS1	chr3	185712528	185729787	4	4	4
ENSG00000265470.1	MIR548AQ	chr3	185767847	185767904	4	4	4
ENSG00000136527.18	TRA2B	chr3	185914558	185938103	4	4	4
ENSG00000171658.8	NMRAL2P	chr3	185959943	185980872	4	4	4
ENSG00000244405.8	ETV5	chr3	186046314	186110318	4	4	4
ENSG00000277118.1	Metazoa_SRP	chr3	186076306	186076591	4	4	4
ENSG00000234197.1	ETV5-AS1	chr3	186079170	186080947	4	4	4
ENSG00000058866.15	DGKG	chr3	186105668	186362234	4	4	4
ENSG00000234548.7	LINC02020	chr3	186439239	186457299	4	4	4
ENSG00000224406.6	LINC02052	chr3	186454969	186493661	4	4	4
ENSG00000226859.1	LINC02051	chr3	186476727	186478370	4	4	4
ENSG00000213139.8	CRYGS	chr3	186538441	186546702	4	4	4
ENSG00000113838.13	TBCCD1	chr3	186546067	186570543	4	4	4
ENSG00000090520.11	DNAJB11	chr3	186567403	186585800	4	4	4
ENSG00000197099.8	AC068631.1	chr3	186579476	186772986	4	4	4
ENSG00000283149.1	AC068631.2	chr3	186581995	186597103	4	4	4
ENSG00000283390.1	AC068631.3	chr3	186596976	186597200	4	4	4
ENSG00000145192.13	AHSG	chr3	186613060	186621318	4	4	4
ENSG00000275696.1	Metazoa_SRP	chr3	186629936	186630211	4	4	4
ENSG00000090512.12	FETUB	chr3	186635969	186653141	4	4	4
ENSG00000113905.5	HRG	chr3	186660216	186678234	4	4	4
ENSG00000225175.1	AC109780.1	chr3	186687329	186692506	4	4	4
ENSG00000226724.1	AC109780.2	chr3	186698520	186708574	4	4	4
ENSG00000113889.14	KNG1	chr3	186717348	186744410	4	4	4
ENSG00000226652.3	PSMD10P2	chr3	186760693	186762050	4	4	4
ENSG00000207505.1	RNU6-1105P	chr3	186771841	186771947	4	4	4
ENSG00000230951.1	GPS2P2	chr3	186772589	186773476	4	4	4
ENSG00000263826.1	AC112907.3	chr3	186781780	186784179	4	4	4
ENSG00000156976.17	EIF4A2	chr3	186783205	186789897	4	4	4
ENSG00000238942.1	SNORD2	chr3	186784796	186784864	4	4	4
ENSG00000200418.1	SNORA63B	chr3	186786323	186786445	4	4	4
ENSG00000283958.1	MIR1248	chr3	186786672	186786777	4	4	4
ENSG00000221420.2	SNORA81	chr3	186786675	186786852	4	4	4
ENSG00000200320.1	SNORA63	chr3	186787300	186787431	4	4	4
ENSG00000263776.1	SNORA4	chr3	186787612	186787749	4	4	4
ENSG00000163918.11	RFC4	chr3	186789880	186807058	4	4	4
ENSG00000231724.1	AC112907.1	chr3	186807692	186818121	4	4	4
ENSG00000232233.1	LINC02043	chr3	186810880	186825521	4	4	4
ENSG00000231982.1	AC112907.2	chr3	186826549	186827337	4	4	4
ENSG00000181092.10	ADIPOQ	chr3	186842704	186858463	4	4	4
ENSG00000226482.1	ADIPOQ-AS1	chr3	186851886	186856123	4	4	4
ENSG00000223803.1	RPS20P14	chr3	186900198	186900557	4	4	4
ENSG00000233565.1	AC007690.1	chr3	186922286	186922753	4	4	4
ENSG00000073849.16	ST6GAL1	chr3	186930325	187078553	4	4	4
ENSG00000163923.10	RPL39L	chr3	187120948	187180908	4	4	4
ENSG00000198491.3	AC007920.1	chr3	187197090	187207629	4	4	4
ENSG00000175077.6	RTP1	chr3	187197486	187201462	4	4	4
ENSG00000127241.18	MASP1	chr3	187217282	187291980	4	4	4
ENSG00000283175.1	AC007920.2	chr3	187291272	187297933	4	4	4
ENSG00000136514.3	RTP4	chr3	187368385	187372076	4	4	4
ENSG00000280270.1	AC068299.2	chr3	187383101	187384849	4	4	4
ENSG00000239093.1	AC068299.1	chr3	187423315	187423419	4	4	4
ENSG00000228952.1	LINC02041	chr3	187448845	187449450	4	4	4
ENSG00000157005.4	SST	chr3	187668912	187670394	4	4	4
ENSG00000198471.1	RTP2	chr3	187698259	187702557	4	4	4
ENSG00000228804.5	AC072022.1	chr3	187702313	187733849	4	4	4
ENSG00000113916.18	BCL6	chr3	187721377	187745725	4	4	4
ENSG00000285938.1	AC072022.2	chr3	187743686	187746028	4	4	4
ENSG00000224049.1	AC108681.1	chr3	187796187	187805258	4	4	4
ENSG00000236864.1	AC068295.1	chr3	187932764	187946221	4	4	4
ENSG00000224187.1	LINC01991	chr3	187958775	187976407	4	4	4
ENSG00000225058.1	AC092941.1	chr3	187997422	188003990	4	4	4
ENSG00000236412.1	AC092941.2	chr3	188001700	188003406	4	4	4
ENSG00000234238.2	AC022498.1	chr3	188107072	188147310	4	4	4
ENSG00000270959.1	LPP-AS2	chr3	188151206	188154057	4	4	4
ENSG00000145012.13	LPP	chr3	188153284	188890671	4	4	4
ENSG00000279891.1	FLJ42393	chr3	188178543	188180812	4	4	4
ENSG00000224563.1	LPP-AS1	chr3	188562238	188568666	4	4	4
ENSG00000207651.1	MIR28	chr3	188688781	188688866	4	4	4
ENSG00000234076.1	TPRG1-AS1	chr3	188941715	188947639	4	4	4
ENSG00000188001.10	TPRG1	chr3	188947214	189325304	4	4	4
ENSG00000236182.1	AC009319.1	chr3	188989382	188990135	4	4	4
ENSG00000230115.1	TPRG1-AS2	chr3	189238686	189240594	4	4	4
ENSG00000073282.14	TP63	chr3	189631389	189897276	4	4	4
ENSG00000227971.1	AC078809.1	chr3	189645327	189645466	4	4	4
ENSG00000216058.1	MIR944	chr3	189829922	189830009	4	4	4
ENSG00000090530.10	P3H2	chr3	189956728	190122437	4	4	4
ENSG00000230077.1	MTAPP2	chr3	189969030	189969861	4	4	4
ENSG00000225764.2	P3H2-AS1	chr3	190120964	190145107	4	4	4
ENSG00000212489.1	RNU6-1109P	chr3	190165417	190165523	4	4	4
ENSG00000238077.1	NMNAT1P3	chr3	190166764	190167651	4	4	4
ENSG00000163347.6	CLDN1	chr3	190305707	190322446	4	4	4
ENSG00000113946.4	CLDN16	chr3	190322541	190412138	4	4	4
ENSG00000198398.2	TMEM207	chr3	190428655	190449876	4	4	4
ENSG00000196083.10	IL1RAP	chr3	190514051	190659750	4	4	4
ENSG00000231047.1	GCNT1P3	chr3	190624595	190625169	4	4	4
ENSG00000223117.1	RN7SKP296	chr3	190642163	190642503	4	4	4
ENSG00000273370.1	AC108747.1	chr3	190659216	190659750	4	4	4
ENSG00000228730.2	LINC02013	chr3	190680421	190699314	4	4	4
ENSG00000232610.1	CCT6P4	chr3	190714811	190716399	4	4	4
ENSG00000214147.2	AC092952.1	chr3	190830965	190832173	4	4	4
ENSG00000205835.9	GMNC	chr3	190852737	190892429	4	4	4
ENSG00000188729.6	OSTN	chr3	191199241	191265615	4	4	4
ENSG00000233308.2	OSTN-AS1	chr3	191213291	191234605	4	4	4
ENSG00000188958.9	UTS2B	chr3	191267168	191330536	4	4	4
ENSG00000152492.15	CCDC50	chr3	191329085	191398659	4	4	4
ENSG00000223812.8	AC073365.1	chr3	191425493	191591097	4	4	4
ENSG00000253548.1	PYDC2	chr3	191461163	191461456	4	4	4
ENSG00000201860.1	Y_RNA	chr3	191641135	191641237	4	4	4
ENSG00000237653.2	AC026320.2	chr3	191952349	191952826	4	4	4
ENSG00000232353.5	AC026320.1	chr3	192029880	192036557	4	4	4
ENSG00000287178.1	AC026320.3	chr3	192078950	192119864	4	4	4
ENSG00000222583.1	RN7SKP222	chr3	192093122	192093436	4	4	4
ENSG00000114279.13	FGF12	chr3	192139395	192767764	4	4	4
ENSG00000231383.2	FGF12-AS1	chr3	192238037	192283097	4	4	4
ENSG00000230126.1	FGF12-AS2	chr3	192515022	192516573	4	4	4
ENSG00000226709.1	FGF12-AS3	chr3	192516831	192521398	4	4	4
ENSG00000238902.1	AC026671.1	chr3	192534009	192534112	4	4	4
ENSG00000200184.1	RNU1-20P	chr3	192729555	192729716	4	4	4
ENSG00000180611.7	MB21D2	chr3	192796815	192917856	4	4	4
ENSG00000232130.1	AC092966.1	chr3	193144464	193176864	4	4	4
ENSG00000236229.1	VEZF1P1	chr3	193155456	193157208	4	4	4
ENSG00000127252.7	PLAAT1	chr3	193241128	193277738	4	4	4
ENSG00000187527.11	ATP13A5	chr3	193274789	193378820	4	4	4
ENSG00000236508.1	ATP13A5-AS1	chr3	193307244	193314362	4	4	4
ENSG00000127249.15	ATP13A4	chr3	193398967	193593111	4	4	4
ENSG00000225473.1	ATP13A4-AS1	chr3	193553213	193555088	4	4	4
ENSG00000236297.1	AC048351.1	chr3	193578812	193593090	4	4	4
ENSG00000198836.11	OPA1	chr3	193593144	193697811	4	4	4
ENSG00000224855.5	OPA1-AS1	chr3	193618609	193627337	4	4	4
ENSG00000207370.1	Y_RNA	chr3	193624189	193624301	4	4	4
ENSG00000243991.3	RN7SL447P	chr3	193740471	193740715	4	4	4
ENSG00000223986.1	AC069421.1	chr3	193765681	193766003	4	4	4
ENSG00000286624.1	AC069421.2	chr3	193770543	193772424	4	4	4
ENSG00000287206.1	AC069421.3	chr3	193771874	193782758	4	4	4
ENSG00000229155.1	LINC02038	chr3	193842560	193844024	4	4	4
ENSG00000214146.3	LINC02026	chr3	193957372	194003760	4	4	4
ENSG00000238043.1	AC024559.1	chr3	193980614	194006098	4	4	4
ENSG00000224403.1	DPPA2P3	chr3	193993331	193993985	4	4	4
ENSG00000230102.8	LINC02028	chr3	194005259	194071025	4	4	4
ENSG00000276407.5	AC024559.2	chr3	194070103	194086826	4	4	4
ENSG00000229964.1	AC080129.1	chr3	194091561	194109174	4	4	4
ENSG00000232874.1	AC080129.2	chr3	194130616	194131201	4	4	4
ENSG00000114315.4	HES1	chr3	194136148	194138732	4	4	4
ENSG00000242201.3	RN7SL215P	chr3	194145674	194145971	4	4	4
ENSG00000225742.6	LINC02036	chr3	194202392	194250203	4	4	4
ENSG00000238097.2	LINC02037	chr3	194247638	194260720	4	4	4
ENSG00000228271.2	LINC02048	chr3	194276682	194287368	4	4	4
ENSG00000214145.7	LINC00887	chr3	194296191	194322871	4	4	4
ENSG00000286317.1	AC117469.1	chr3	194300329	194302048	4	4	4
ENSG00000178772.7	CPN2	chr3	194339768	194351328	4	4	4
ENSG00000172061.9	LRRC15	chr3	194355249	194369743	4	4	4
ENSG00000178732.5	GP5	chr3	194394821	194398354	4	4	4
ENSG00000133657.16	ATP13A3	chr3	194402672	194498364	4	4	4
ENSG00000271483.1	AC108676.2	chr3	194471923	194472085	4	4	4
ENSG00000233058.2	LINC00884	chr3	194487140	194521156	4	4	4
ENSG00000244675.2	AC108676.1	chr3	194496317	194501503	4	4	4
ENSG00000252053.1	RNU6-1101P	chr3	194533503	194533583	4	4	4
ENSG00000232873.1	RPL23AP93	chr3	194562978	194564001	4	4	4
ENSG00000231770.6	TMEM44-AS1	chr3	194584004	194590260	4	4	4
ENSG00000145014.18	TMEM44	chr3	194587673	194633689	4	4	4
ENSG00000229334.1	AC046143.1	chr3	194632923	194645401	4	4	4
ENSG00000272707.1	AC046143.2	chr3	194637505	194637664	4	4	4
ENSG00000041802.11	LSG1	chr3	194640791	194672463	4	4	4
ENSG00000185112.6	FAM43A	chr3	194685883	194689037	4	4	4
ENSG00000233987.2	AC106706.1	chr3	194702667	194727675	4	4	4
ENSG00000287073.1	AC106706.2	chr3	194708010	194709395	4	4	4
ENSG00000237222.4	LINC01968	chr3	194708093	194826008	4	4	4
ENSG00000234805.1	AC090505.1	chr3	194755589	194757422	4	4	4
ENSG00000230401.1	LINC01972	chr3	194765238	194768712	4	4	4
ENSG00000238031.1	AC090505.2	chr3	194827890	194832592	4	4	4
ENSG00000173950.16	XXYLT1	chr3	195068284	195271159	4	4	4
ENSG00000233303.1	XXYLT1-AS1	chr3	195094588	195096057	4	4	4
ENSG00000265333.1	MIR3137	chr3	195134506	195134580	4	4	4
ENSG00000244314.3	RN7SL36P	chr3	195146728	195147003	4	4	4
ENSG00000230266.1	XXYLT1-AS2	chr3	195147871	195152790	4	4	4
ENSG00000206600.1	RNU6-25P	chr3	195214787	195214893	4	4	4
ENSG00000287005.1	AC090018.2	chr3	195260632	195263628	4	4	4
ENSG00000114331.15	ACAP2	chr3	195274745	195443044	4	4	4
ENSG00000229325.1	ACAP2-IT1	chr3	195280723	195282741	4	4	4
ENSG00000227433.1	AC090018.1	chr3	195349664	195350030	4	4	4
ENSG00000207368.1	Y_RNA	chr3	195419436	195419546	4	4	4
ENSG00000184203.8	PPP1R2	chr3	195514428	195543386	4	4	4
ENSG00000252620.1	RNU6ATAC24P	chr3	195523087	195523221	4	4	4
ENSG00000223711.1	AC069213.1	chr3	195544048	195550581	4	4	4
ENSG00000265882.2	RN7SL73P	chr3	195553792	195554043	4	4	4
ENSG00000236844.1	AC069213.3	chr3	195554610	195555083	4	4	4
ENSG00000236425.1	AC069213.2	chr3	195561215	195561580	4	4	4
ENSG00000189058.9	APOD	chr3	195568705	195584033	4	4	4
ENSG00000224769.1	MUC20P1	chr3	195614947	195620233	4	4	4
ENSG00000282206.1	AC233280.36	chr3	195635188	195636301	4	4	4
ENSG00000271662.1	AC233280.2	chr3	195650146	195651472	4	4	4
ENSG00000229178.1	AC233280.1	chr3	195655565	195657927	4	4	4
ENSG00000242086.8	MUC20-OT1	chr3	195658062	195739964	4	4	4
ENSG00000215837.7	SDHAP2	chr3	195658096	195685904	4	4	4
ENSG00000207650.1	MIR570	chr3	195699401	195699497	4	4	4
ENSG00000283426.1	SMBD1P	chr3	195701618	195711643	4	4	4
ENSG00000176945.17	MUC20	chr3	195720884	195741123	4	4	4
ENSG00000145113.22	MUC4	chr3	195746765	195811973	4	4	4
ENSG00000223783.1	LINC01983	chr3	195836193	195860404	4	4	4
ENSG00000235836.1	KIF3AP1	chr3	195843986	195844596	4	4	4
ENSG00000061938.20	TNK2	chr3	195863364	195911945	4	4	4
ENSG00000276489.1	MIR6829	chr3	195882329	195882395	4	4	4
ENSG00000286004.1	AC124944.3	chr3	195900986	195903417	4	4	4
ENSG00000224614.2	TNK2-AS1	chr3	195908076	195913986	4	4	4
ENSG00000260261.2	AC124944.2	chr3	195913078	195954485	4	4	4
ENSG00000239122.1	RNU2-11P	chr3	195928589	195928775	4	4	4
ENSG00000231443.2	AC124944.1	chr3	195937243	195938739	4	4	4
ENSG00000185485.14	SDHAP1	chr3	195959748	195990318	4	4	4
ENSG00000286168.2	AC024937.3	chr3	195996262	196027694	4	4	4
ENSG00000231464.1	AC024937.2	chr3	195996738	195998233	4	4	4
ENSG00000072274.13	TFRC	chr3	196027183	196082096	4	4	4
ENSG00000228413.1	AC024937.1	chr3	196044695	196045254	4	4	4
ENSG00000252174.1	RNU7-18P	chr3	196072819	196072880	4	4	4
ENSG00000224652.2	LINC00885	chr3	196142525	196160893	4	4	4
ENSG00000163958.14	ZDHHC19	chr3	196197452	196211437	4	4	4
ENSG00000222335.1	Y_RNA	chr3	196202349	196202453	4	4	4
ENSG00000163959.10	SLC51A	chr3	196211487	196243178	4	4	4
ENSG00000161217.12	PCYT1A	chr3	196214222	196287957	4	4	4
ENSG00000272741.1	AC069257.3	chr3	196248230	196318222	4	4	4
ENSG00000228028.2	AC069257.1	chr3	196250542	196251654	4	4	4
ENSG00000213123.11	TCTEX1D2	chr3	196291219	196318299	4	4	4
ENSG00000237418.1	AC069257.2	chr3	196298061	196298215	4	4	4
ENSG00000273331.1	TM4SF19-TCTEX1D2	chr3	196316082	196338373	4	4	4
ENSG00000235897.1	TM4SF19-AS1	chr3	196318330	196325570	4	4	4
ENSG00000145107.16	TM4SF19	chr3	196319342	196338503	4	4	4
ENSG00000212146.1	RNU6-910P	chr3	196341609	196341715	4	4	4
ENSG00000163960.12	UBXN7	chr3	196347662	196432430	4	4	4
ENSG00000206644.1	RNU6-1279P	chr3	196393710	196393812	4	4	4
ENSG00000241868.3	RN7SL434P	chr3	196397508	196397778	4	4	4
ENSG00000243339.3	RN7SL738P	chr3	196399911	196400207	4	4	4
ENSG00000226345.1	AC083822.1	chr3	196423322	196423522	4	4	4
ENSG00000225822.4	UBXN7-AS1	chr3	196431385	196432530	4	4	4
ENSG00000225240.1	AC117490.1	chr3	196452996	196453055	4	4	4
ENSG00000163961.4	RNF168	chr3	196468783	196503768	4	4	4
ENSG00000273013.1	AC117490.2	chr3	196474801	196475394	4	4	4
ENSG00000214097.5	SMCO1	chr3	196506879	196515346	4	4	4
ENSG00000213358.3	AC092933.1	chr3	196527339	196528791	4	4	4
ENSG00000225770.1	RPS29P3	chr3	196536532	196536702	4	4	4
ENSG00000185798.8	WDR53	chr3	196554177	196568674	4	4	4
ENSG00000174013.8	FBXO45	chr3	196568611	196589059	4	4	4
ENSG00000286661.1	AC092933.2	chr3	196598549	196609410	4	4	4
ENSG00000232065.1	LINC01063	chr3	196631498	196632587	4	4	4
ENSG00000174004.6	NRROS	chr3	196639694	196662004	4	4	4
ENSG00000163964.17	PIGX	chr3	196639775	196736007	4	4	4
ENSG00000174007.9	CEP19	chr3	196706277	196712250	4	4	4
ENSG00000201441.1	RNU6-646P	chr3	196708859	196708964	4	4	4
ENSG00000180370.10	PAK2	chr3	196739857	196832647	4	4	4
ENSG00000272359.1	RNU4-89P	chr3	196747192	196747324	4	4	4
ENSG00000206892.1	RNU6-42P	chr3	196784980	196785086	4	4	4
ENSG00000119231.11	SENP5	chr3	196867856	196934714	4	4	4
ENSG00000230732.4	AC016949.1	chr3	196912646	196914579	4	4	4
ENSG00000114503.11	NCBP2	chr3	196935402	196942594	4	4	4
ENSG00000225578.1	NCBP2-AS1	chr3	196939877	196942534	4	4	4
ENSG00000270170.2	NCBP2AS2	chr3	196942674	196943543	4	4	4
ENSG00000119227.8	PIGZ	chr3	196946356	196969060	4	4	4
ENSG00000286017.1	AC011322.1	chr3	196973709	196979197	4	4	4
ENSG00000233487.6	RPSAP69	chr3	196983890	196987558	4	4	4
ENSG00000163975.12	MELTF	chr3	196988621	197029817	4	4	4
ENSG00000228109.1	MELTF-AS1	chr3	196999460	197004744	4	4	4
ENSG00000075711.21	DLG1	chr3	197042560	197299330	4	4	4
ENSG00000265850.1	MIR4797	chr3	197293878	197293948	4	4	4
ENSG00000227375.6	DLG1-AS1	chr3	197298252	197303755	4	4	4
ENSG00000286870.1	AL121981.1	chr3	197333944	197340706	4	4	4
ENSG00000235126.1	AC128709.2	chr3	197445061	197458323	4	4	4
ENSG00000229912.1	AC128709.1	chr3	197450327	197456654	4	4	4
ENSG00000237167.1	AC128709.3	chr3	197458405	197467105	4	4	4
ENSG00000272989.1	LINC02012	chr3	197505262	197506986	4	4	4
ENSG00000161267.12	BDH1	chr3	197509783	197573323	4	4	4
ENSG00000214135.8	AC132008.2	chr3	197578213	197627906	4	4	4
ENSG00000213519.2	AC132008.1	chr3	197580344	197580629	4	4	4
ENSG00000249626.1	AC024560.2	chr3	197634315	197635811	4	4	4
ENSG00000273308.1	AC024560.3	chr3	197645669	197646017	4	4	4
ENSG00000286909.1	AC024560.4	chr3	197649303	197651482	4	4	4
ENSG00000236833.1	AC024560.1	chr3	197660565	197665757	4	4	4
ENSG00000287286.1	AC024560.5	chr3	197665316	197674863	4	4	4
ENSG00000145016.16	RUBCN	chr3	197668867	197749727	4	4	4
ENSG00000284146.1	MIR922	chr3	197674496	197674576	4	4	4
ENSG00000122068.13	FYTTD1	chr3	197737179	197787596	4	4	4
ENSG00000273375.1	AC055764.2	chr3	197789700	197790369	4	4	4
ENSG00000186001.14	LRCH3	chr3	197791226	197888436	4	4	4
ENSG00000234136.1	AC055764.1	chr3	197830685	197831296			
ENSG00000234742.1	AC144530.1	chr3	197850400	197850954			
ENSG00000114473.14	IQCG	chr3	197889077	197960142			
ENSG00000199306.1	RNU6-858P	chr3	197894507	197894613			
ENSG00000182899.17	RPL35A	chr3	197950190	197956610			
ENSG00000185621.11	LMLN	chr3	197960200	198043720			
ENSG00000201622.1	RNU6-621P	chr3	197994601	197994709			
ENSG00000286755.1	AC135893.1	chr3	198027956	198035970			
ENSG00000232832.1	LMLN-AS1	chr3	198038321	198039234			
ENSG00000226435.10	ANKRD18DP	chr3	198053522	198080720			
ENSG00000212297.1	RNU6-821P	chr3	198071311	198071417			
ENSG00000232783.5	FRG2FP	chr3	198110112	198111878			
ENSG00000213113.3	TUBB8P8	chr3	198119721	198120778			
ENSG00000236246.2	AC073135.1	chr3	198121479	198123232			
ENSG00000236438.7	FAM157A	chr3	198153287	198222513			
ENSG00000222792.1	RNU6-860P	chr3	198196746	198196849			
ENSG00000230304.1	CICP6	chr3	198223497	198226310			
ENSG00000226008.1	SEPTIN14P3	chr3	198228194	198228376			
ENSG00000248302.3	BNIP3P41	chr4	49096	50124			
ENSG00000272602.6	ZNF595	chr4	53286	88208			
ENSG00000250238.1	AC253576.1	chr4	105959	107114			
ENSG00000250312.8	ZNF718	chr4	124501	202303			
ENSG00000275426.1	AC253576.2	chr4	149738	150317			
ENSG00000250892.1	AC108475.1	chr4	201409	205009			
ENSG00000198155.5	ZNF876P	chr4	212610	255985			
ENSG00000251188.1	AC079140.3	chr4	268982	269531			
ENSG00000251689.1	AC079140.5	chr4	269866	270175			
ENSG00000186777.12	ZNF732	chr4	270675	305474			
ENSG00000286705.1	AC079140.6	chr4	307335	337433			
ENSG00000251535.1	AC079140.4	chr4	336258	336786			
ENSG00000131127.14	ZNF141	chr4	337814	384868			
ENSG00000248564.1	AC079140.1	chr4	338097	338583			
ENSG00000250321.1	AC079140.2	chr4	342821	342962			
ENSG00000207642.1	MIR571	chr4	350157	350252			
ENSG00000281016.1	AC092574.2	chr4	386174	454070			
ENSG00000249025.1	ZNF519P4	chr4	393534	393658			
ENSG00000272885.1	AC092574.1	chr4	416118	416537			
ENSG00000251595.7	ABCA11P	chr4	425435	474129			
ENSG00000182903.16	ZNF721	chr4	425815	499156			
ENSG00000174227.16	PIGG	chr4	499210	540200			
ENSG00000273238.3	TMEM271	chr4	573880	576295			
ENSG00000283183.2	AC116565.1	chr4	577168	618076			
ENSG00000133256.13	PDE6B	chr4	625573	670782			
ENSG00000242686.4	PDE6B-AS1	chr4	652850	656213			
ENSG00000272927.1	AC107464.2	chr4	661209	661945			
ENSG00000169020.10	ATP5ME	chr4	672436	674330			
ENSG00000215375.6	MYL5	chr4	673580	682033			
ENSG00000169026.13	SLC49A3	chr4	681829	689271			
ENSG00000185619.18	PCGF3	chr4	705748	770640			
ENSG00000248416.1	AC107464.1	chr4	722275	724034			
ENSG00000272588.1	AC139887.4	chr4	757022	757740			
ENSG00000249592.6	AC139887.2	chr4	760202	781859			
ENSG00000233799.1	AC139887.1	chr4	764487	765074			
ENSG00000168993.15	CPLX1	chr4	784957	826129			
ENSG00000260262.1	AC139887.3	chr4	836512	837224			
ENSG00000286205.1	AC139887.5	chr4	843963	846294			
ENSG00000178950.17	GAK	chr4	849276	932373			
ENSG00000127419.17	TMEM175	chr4	932387	958656			
ENSG00000145214.14	DGKQ	chr4	958887	986895			
ENSG00000145217.14	SLC26A1	chr4	979073	993440			
ENSG00000127415.13	IDUA	chr4	986997	1004564			
ENSG00000127418.15	FGFRL1	chr4	1009936	1026898			
ENSG00000250259.1	AC019103.1	chr4	1027678	1028972			
ENSG00000178222.13	RNF212	chr4	1056250	1113564	3	3	3
ENSG00000251639.2	AC092535.3	chr4	1100016	1101558	3	3	3
ENSG00000251652.1	AC092535.4	chr4	1113639	1132977	3	3	3
ENSG00000215367.10	TMED11P	chr4	1115197	1153726	3	3	3
ENSG00000212458.1	AC092535.1	chr4	1118884	1119013	3	3	3
ENSG00000227189.2	AC092535.2	chr4	1151372	1153701	3	3	3
ENSG00000159674.12	SPON2	chr4	1166932	1208962	3	3	3
ENSG00000273179.1	AC092535.5	chr4	1167778	1168174	3	3	3
ENSG00000280927.1	CTBP1-AS	chr4	1210120	1218591	3	3	3
ENSG00000159692.16	CTBP1	chr4	1211445	1249953	3	3	3
ENSG00000196810.5	CTBP1-DT	chr4	1249300	1288291	3	3	3
ENSG00000090316.16	MAEA	chr4	1289887	1340147	3	3	3
ENSG00000163945.19	UVSSA	chr4	1345691	1395989	3	3	3
ENSG00000254094.1	AC078852.2	chr4	1356581	1358075	3	3	3
ENSG00000253399.1	AC078852.1	chr4	1358479	1359461	3	3	3
ENSG00000235608.2	NKX1-1	chr4	1402932	1406442	3	3	3
ENSG00000272783.1	AC147067.2	chr4	1550284	1550572	3	3	3
ENSG00000244459.2	AC147067.1	chr4	1574062	1580253	3	3	3
ENSG00000174137.13	FAM53A	chr4	1617915	1684261	3	3	3
ENSG00000207009.1	Y_RNA	chr4	1683420	1683529	3	3	3
ENSG00000163950.13	SLBP	chr4	1692731	1712344	3	3	3
ENSG00000270195.2	AC016773.1	chr4	1712821	1715945	3	3	3
ENSG00000013810.20	TACC3	chr4	1712891	1745171	3	3	3
ENSG00000168936.11	TMEM129	chr4	1715952	1721358	3	3	3
ENSG00000068078.20	FGFR3	chr4	1793293	1808872	3	3	3
ENSG00000168924.15	LETM1	chr4	1811479	1856156	3	3	3
ENSG00000109685.19	NSD2	chr4	1871393	1982207	3	3	3
ENSG00000249784.1	SCARNA22	chr4	1974636	1974760	3	3	3
ENSG00000185049.16	NELFA	chr4	1982717	2041903	3	3	3
ENSG00000284587.1	MIR943	chr4	1986384	1986477	3	3	3
ENSG00000243449.6	C4orf48	chr4	2041993	2043970	3	3	3
ENSG00000185818.8	NAT8L	chr4	2059327	2069089	3	3	3
ENSG00000130997.16	POLN	chr4	2071918	2242121	3	3	3
ENSG00000214367.9	HAUS3	chr4	2078998	2242276	3	3	3
ENSG00000249006.1	AL136360.1	chr4	2088718	2090617	3	3	3
ENSG00000250623.1	AL136360.2	chr4	2139673	2141058	3	3	3
ENSG00000249047.2	COX6B1P5	chr4	2234251	2234499	3	3	3
ENSG00000123933.17	MXD4	chr4	2247432	2262109	3	3	3
ENSG00000284276.1	MIR4800	chr4	2250077	2250156	3	3	3
ENSG00000159733.14	ZFYVE28	chr4	2269582	2418651	3	3	3
ENSG00000251148.1	AL158068.2	chr4	2295584	2319089	3	3	3
ENSG00000239247.3	RN7SL589P	chr4	2316197	2316506	3	3	3
ENSG00000249077.1	AL158068.1	chr4	2324467	2325082	3	3	3
ENSG00000206113.11	CFAP99	chr4	2418974	2462942	3	3	3
ENSG00000063978.16	RNF4	chr4	2462220	2625320	3	3	3
ENSG00000248399.1	AL645924.1	chr4	2463797	2464124	3	3	3
ENSG00000251229.1	AL645924.2	chr4	2505081	2506279	3	3	3
ENSG00000125386.16	FAM193A	chr4	2536647	2732573	3	3	3
ENSG00000248155.1	CR545473.1	chr4	2607870	2608146	3	3	3
ENSG00000206738.1	Y_RNA	chr4	2615124	2615224	3	3	3
ENSG00000168884.15	TNIP2	chr4	2741648	2756342	3	3	3
ENSG00000087266.17	SH3BP2	chr4	2793071	2841098	3	3	3
ENSG00000087274.17	ADD1	chr4	2843857	2930076	3	3	3
ENSG00000287099.1	AL121750.1	chr4	2859983	2862673	3	3	3
ENSG00000109736.15	MFSD10	chr4	2930561	2934834	3	3	3
ENSG00000249673.7	NOP14-AS1	chr4	2934882	2961738	3	3	3
ENSG00000087269.16	NOP14	chr4	2937933	2963406	3	3	3
ENSG00000125388.20	GRK4	chr4	2963571	3040760	3	3	3
ENSG00000197386.12	HTT	chr4	3041422	3243960	3	3	3
ENSG00000199335.1	RNU6-204P	chr4	3044101	3044207	3	3	3
ENSG00000251075.2	HTT-AS	chr4	3049094	3074538	3	3	3
ENSG00000278778.1	AL390065.2	chr4	3063472	3063701	3	3	3
ENSG00000274693.1	AL390065.1	chr4	3069977	3070151	3	3	3
ENSG00000188981.11	MSANTD1	chr4	3244369	3271738	3	3	3
ENSG00000159788.19	RGS12	chr4	3293028	3439913	3	3	3
ENSG00000248840.2	AL645949.1	chr4	3312512	3313058	3	3	3
ENSG00000248843.1	AL645949.2	chr4	3323977	3324762	3	3	3
ENSG00000109758.9	HGFAC	chr4	3441968	3449486	3	3	3
ENSG00000286900.1	AL590235.2	chr4	3450638	3453108	3	3	3
ENSG00000175920.18	DOK7	chr4	3463306	3501473	3	3	3
ENSG00000163956.13	LRPAP1	chr4	3503612	3532446	3	3	3
ENSG00000270090.5	AL590235.1	chr4	3544555	3548796	3	3	3
ENSG00000216560.4	LINC00955	chr4	3576869	3590711	3	3	3
ENSG00000250681.1	AL121796.1	chr4	3633029	3633975	3	3	3
ENSG00000250632.1	LINC02171	chr4	3673593	3677855	3	3	3
ENSG00000250986.1	LINC02600	chr4	3758748	3763390	3	3	3
ENSG00000184160.8	ADRA2C	chr4	3766348	3768526	3	3	3
ENSG00000251166.1	OR7E163P	chr4	3889356	3890249	3	3	3
ENSG00000234386.4	OR7E162P	chr4	3901566	3902594	3	3	3
ENSG00000249522.1	AC147876.1	chr4	3910283	3910604	3	3	3
ENSG00000253917.4	AC226119.1	chr4	3915183	3955419	3	3	3
ENSG00000271977.1	AC226119.2	chr4	3915187	3924274	3	3	3
ENSG00000251271.3	ALG1L7P	chr4	3935447	3942519	3	3	3
ENSG00000251669.6	FAM86EP	chr4	3941760	3955432	3	3	3
ENSG00000250476.1	ENPP7P9	chr4	3967034	3967660	3	3	3
ENSG00000288589.1	AC226119.3	chr4	3972360	3973254	3	3	3
ENSG00000284727.1	AC116562.3	chr4	4048211	4107583	3	3	3
ENSG00000243894.1	RPS3AP16	chr4	4076711	4077491	3	3	3
ENSG00000250940.1	AC116562.2	chr4	4086638	4086814	3	3	3
ENSG00000248669.1	AC116562.1	chr4	4117925	4118284	3	3	3
ENSG00000198787.5	OR7E103P	chr4	4126659	4127569	3	3	3
ENSG00000250381.1	UNC93B4	chr4	4143458	4150421	3	3	3
ENSG00000250710.3	OR7E99P	chr4	4156522	4157443	3	3	3
ENSG00000249844.1	OR7E43P	chr4	4174319	4175238	3	3	3
ENSG00000163982.6	OTOP1	chr4	4188726	4226929	3	3	3
ENSG00000132406.12	TMEM128	chr4	4235542	4248223	3	3	3
ENSG00000145220.14	LYAR	chr4	4267701	4290154	3	3	3
ENSG00000168826.16	ZBTB49	chr4	4290251	4321786	3	3	3
ENSG00000248516.1	AC105415.1	chr4	4321962	4334182	3	3	3
ENSG00000168824.14	NSG1	chr4	4348140	4419058	3	3	3
ENSG00000168818.10	STX18	chr4	4415742	4542346	3	3	3
ENSG00000248221.1	STX18-IT1	chr4	4476121	4481700	3	3	3
ENSG00000237170.3	RPS7P15	chr4	4507078	4507777	3	3	3
ENSG00000247708.8	STX18-AS1	chr4	4542131	4787359	3	3	3
ENSG00000280310.1	AC092437.1	chr4	4820405	4821452	3	3	3
ENSG00000273396.3	LINC01396	chr4	4844188	4850827	3	3	3
ENSG00000163132.8	MSX1	chr4	4859665	4863936	3	3	3
ENSG00000251587.1	LDHAP1	chr4	4894182	4895173	3	3	3
ENSG00000200761.1	RN7SKP113	chr4	4920770	4921064	3	3	3
ENSG00000170891.11	CYTL1	chr4	5014586	5019458	3	3	3
ENSG00000152953.13	STK32B	chr4	5051480	5500994	3	3	3
ENSG00000252266.1	Y_RNA	chr4	5426885	5426984	3	3	3
ENSG00000201496.1	RN7SKP275	chr4	5458581	5458881	3	3	3
ENSG00000082929.8	LINC01587	chr4	5524569	5527801	3	3	3
ENSG00000173040.13	EVC2	chr4	5542772	5709548	3	3	3
ENSG00000072840.13	EVC	chr4	5711201	5814305	3	3	3
ENSG00000072832.15	CRMP1	chr4	5748084	5893086	3	3	3
ENSG00000181215.15	C4orf50	chr4	5897373	6200555	3	3	3
ENSG00000263631.1	MIR378D1	chr4	5923275	5923328	3	3	3
ENSG00000152969.20	JAKMIP1	chr4	6026199	6200591	3	3	3
ENSG00000284684.1	AC092442.1	chr4	6064977	6070162	3	3	3
ENSG00000287786.1	AC113615.2	chr4	6178186	6184925	3	3	3
ENSG00000249896.2	LINC02495	chr4	6200733	6239937	3	3	3
ENSG00000251408.1	AC113615.1	chr4	6202328	6206649	3	3	3
ENSG00000288588.1	AC116317.2	chr4	6245563	6261639	3	3	3
ENSG00000109501.14	WFS1	chr4	6269849	6303265	3	3	3
ENSG00000286176.2	AC116317.1	chr4	6292369	6308636	3	3	3
ENSG00000074211.14	PPP2R2C	chr4	6320578	6563600	3	3	3
ENSG00000013288.9	MAN2B2	chr4	6575189	6623362	3	3	3
ENSG00000179010.14	MRFAP1	chr4	6640091	6642745	3	3	3
ENSG00000251580.3	LINC02482	chr4	6648695	6673965	3	3	3
ENSG00000284847.1	AC093323.4	chr4	6658690	6658981	3	3	3
ENSG00000170846.17	AC093323.1	chr4	6663396	6676755	3	3	3
ENSG00000246526.2	LINC02481	chr4	6687448	6690519	3	3	3
ENSG00000279859.2	AC093323.2	chr4	6691995	6692970	3	3	3
ENSG00000163993.7	S100P	chr4	6693878	6697170	3	3	3
ENSG00000282742.1	AC093323.3	chr4	6697861	6698809	3	3	3
ENSG00000178988.11	MRFAP1L1	chr4	6707701	6709865	3	3	3
ENSG00000186222.5	BLOC1S4	chr4	6716174	6717664	3	3	3
ENSG00000287331.1	AC106045.1	chr4	6763508	6767660	3	3	3
ENSG00000170871.12	KIAA0232	chr4	6781375	6884170	3	3	3
ENSG00000132405.19	TBC1D14	chr4	6909242	7033118	3	3	3
ENSG00000287104.1	AC097382.3	chr4	6985926	6987036	3	3	3
ENSG00000187904.3	AC097382.1	chr4	6995341	6998958	3	3	3
ENSG00000202392.1	RN7SKP292	chr4	6997012	6997328	3	3	3
ENSG00000245748.1	AC097382.2	chr4	7030554	7046231	3	3	3
ENSG00000173013.6	CCDC96	chr4	7040849	7043001	3	3	3
ENSG00000173011.12	TADA2B	chr4	7041899	7057952	3	3	3
ENSG00000109519.13	GRPEL1	chr4	7058895	7068064	3	3	3
ENSG00000245468.4	LINC02447	chr4	7093776	7103394	3	3	3
ENSG00000200867.1	RN7SKP36	chr4	7112088	7112399	3	3	3
ENSG00000184985.16	SORCS2	chr4	7192538	7742836	3	3	3
ENSG00000264658.1	MIR4798	chr4	7310450	7310524	3	3	3
ENSG00000178597.7	PSAPL1	chr4	7430285	7434930	3	3	3
ENSG00000266690.1	MIR4274	chr4	7460028	7460118	3	3	3
ENSG00000272620.2	AFAP1-AS1	chr4	7754077	7778928	3	3	3
ENSG00000196526.10	AFAP1	chr4	7758714	7939926	3	3	3
ENSG00000287164.1	AC112254.1	chr4	7798527	7808051	3	3	3
ENSG00000228919.5	AC097381.1	chr4	7939001	7940296	3	3	3
ENSG00000163995.21	ABLIM2	chr4	7965310	8158832	3	3	3
ENSG00000207807.1	MIR95	chr4	8005301	8005381	3	3	3
ENSG00000273267.1	AC097381.3	chr4	8022665	8023126	3	3	3
ENSG00000251460.1	AC097381.2	chr4	8066528	8067724	3	3	3
ENSG00000250471.2	GMPSP1	chr4	8174421	8174999	3	3	3
ENSG00000125089.17	SH3TC1	chr4	8182072	8241803	3	3	3
ENSG00000170801.10	HTRA3	chr4	8269754	8307098	3	3	3
ENSG00000249145.3	LINC02517	chr4	8320105	8327165	3	3	3
ENSG00000251615.3	AC104825.1	chr4	8355090	8358338	3	3	3
ENSG00000087008.16	ACOX3	chr4	8366282	8440723	3	3	3
ENSG00000202054.1	RNA5SP152	chr4	8393015	8393124	3	3	3
ENSG00000155275.19	TRMT44	chr4	8436140	8493531	3	3	3
ENSG00000251186.1	AC105345.2	chr4	8453410	8454942	3	3	3
ENSG00000205959.4	AC105345.1	chr4	8482270	8516759	3	3	3
ENSG00000155269.12	GPR78	chr4	8558725	8619761	3	3	3
ENSG00000109625.19	CPZ	chr4	8592660	8619759	3	3	3
ENSG00000250915.2	AC209005.1	chr4	8745391	8747727	3	3	3
ENSG00000215612.8	HMX1	chr4	8846076	8871839	3	3	3
ENSG00000258507.1	AC116612.1	chr4	8858715	8860827	3	3	3
ENSG00000197468.5	AC073648.1	chr4	8949630	8950559	3	3	3
ENSG00000249272.1	UNC93B8	chr4	8959628	8963981	3	3	3
ENSG00000250804.1	AC073648.3	chr4	8981436	8982360	3	3	3
ENSG00000249347.1	AC073648.2	chr4	8990455	8990806	3	3	3
ENSG00000284636.1	AC073648.6	chr4	9000841	9001058	3	3	3
ENSG00000271057.1	AC073648.5	chr4	9020857	9021161	3	3	3
ENSG00000251313.1	AC073648.4	chr4	9030286	9031066	3	3	3
ENSG00000288075.1	AC108519.1	chr4	9034519	9381269	3	3	3
ENSG00000250342.1	SNRPCP16	chr4	9051842	9052051	3	3	3
ENSG00000287972.1	AC073648.7	chr4	9076949	9092530	3	3	3
ENSG00000249767.1	ENPP7P10	chr4	9079023	9141608	3	3	3
ENSG00000163612.10	FAM86KP	chr4	9153296	9165451	3	3	3
ENSG00000250268.3	ALG1L14P	chr4	9166297	9170270	3	3	3
ENSG00000229924.3	FAM90A26	chr4	9170409	9176730	3	3	3
ENSG00000231396.3	USP17L10	chr4	9210657	9212249	3	3	3
ENSG00000233136.3	USP17L11	chr4	9215405	9216997	3	3	3
ENSG00000227551.1	USP17L12	chr4	9220152	9221744	3	3	3
ENSG00000232399.4	USP17L13	chr4	9224896	9226488	3	3	3
ENSG00000249482.1	USP17L14P	chr4	9229641	9231233	3	3	3
ENSG00000223569.8	USP17L15	chr4	9234385	9236046	3	3	3
ENSG00000250231.1	USP17L16P	chr4	9239130	9240722	3	3	3
ENSG00000249104.3	USP17L17	chr4	9243879	9245471	3	3	3
ENSG00000250844.3	USP17L18	chr4	9248630	9250222	3	3	3
ENSG00000248920.3	USP17L19	chr4	9253378	9254970	3	3	3
ENSG00000250745.3	USP17L20	chr4	9258124	9259716	3	3	3
ENSG00000249811.3	USP17L21	chr4	9262872	9264464	3	3	3
ENSG00000248933.3	USP17L22	chr4	9267619	9269211	3	3	3
ENSG00000250913.2	USP17L23	chr4	9272364	9272914	3	3	3
ENSG00000232264.5	USP17L24	chr4	9325165	9326757	3	3	3
ENSG00000230430.5	USP17L25	chr4	9329911	9331503	3	3	3
ENSG00000229579.5	USP17L26	chr4	9334658	9336250	3	3	3
ENSG00000227140.3	USP17L5	chr4	9339403	9340995	3	3	3
ENSG00000235780.3	USP17L27	chr4	9344148	9345740	3	3	3
ENSG00000231051.3	USP17L28	chr4	9348893	9350485	3	3	3
ENSG00000231637.3	USP17L29	chr4	9353638	9355230	3	3	3
ENSG00000251694.1	USP17L9P	chr4	9358383	9359975	3	3	3
ENSG00000228856.3	USP17L30	chr4	9363129	9364721	3	3	3
ENSG00000205946.1	USP17L6P	chr4	9367874	9369070	3	3	3
ENSG00000219492.4	AC116655.1	chr4	9384017	9388983	3	3	3
ENSG00000188438.4	DEFB108F	chr4	9399204	9403565	3	3	3
ENSG00000252307.1	RNA5SP153	chr4	9411178	9411253	3	3	3
ENSG00000232773.2	DEFB130D	chr4	9422313	9429702	3	3	3
ENSG00000186146.1	DEFB131A	chr4	9444534	9450514	3	3	3
ENSG00000248364.1	OR7E86P	chr4	9459255	9460244	3	3	3
ENSG00000284689.1	OR7E84P	chr4	9468974	9469983	3	3	3
ENSG00000250884.1	OR7E85P	chr4	9483718	9484702	3	3	3
ENSG00000251624.1	UNC93B7	chr4	9493736	9498066	3	3	3
ENSG00000249866.1	OR7E83P	chr4	9512905	9513874	3	3	3
ENSG00000249443.1	AC097493.2	chr4	9521910	9522276	3	3	3
ENSG00000284648.1	AC097493.3	chr4	9532429	9532647	3	3	3
ENSG00000242034.1	AC097493.1	chr4	9553614	9553985	3	3	3
ENSG00000221275.1	MIR548I2	chr4	9556168	9556316	3	3	3
ENSG00000244004.1	RPS3AP19	chr4	9563171	9563950	3	3	3
ENSG00000287117.1	AC105916.1	chr4	9567474	9691786	3	3	3
ENSG00000249799.1	SNRPCP13	chr4	9583942	9584131	3	3	3
ENSG00000250942.1	ENPP7P11	chr4	9677308	9677934	3	3	3
ENSG00000186234.7	FAM86MP	chr4	9692495	9702954	3	3	3
ENSG00000251087.3	ALG1L3P	chr4	9703754	9710812	3	3	3
ENSG00000203436.2	Metazoa_SRP	chr4	9711953	9712233	3	3	3
ENSG00000249563.1	AC098976.1	chr4	9733370	9742361	3	3	3
ENSG00000250425.1	OR7E35P	chr4	9754898	9755778	3	3	3
ENSG00000109667.12	SLC2A9	chr4	9771153	10054936	3	3	3
ENSG00000169676.6	DRD5	chr4	9781634	9784009	3	3	3
ENSG00000252002.1	RNA5SP154	chr4	9792751	9792861	3	3	3
ENSG00000249219.1	AC108199.1	chr4	9922814	9924146	3	3	3
ENSG00000250413.1	SLC2A9-AS1	chr4	10006482	10009725	3	3	3
ENSG00000261490.1	AC005674.1	chr4	10068089	10073019	3	3	3
ENSG00000071127.17	WDR1	chr4	10074339	10116949	3	3	3
ENSG00000264931.1	MIR3138	chr4	10078611	10078692	3	3	3
ENSG00000223086.1	RNA5SP155	chr4	10115756	10115884	3	3	3
ENSG00000250393.1	AC093664.1	chr4	10143367	10143655	3	3	3
ENSG00000251296.1	AC006499.6	chr4	10167159	10167765	3	3	3
ENSG00000248777.1	AC006499.1	chr4	10199823	10200672	3	3	3
ENSG00000271544.1	AC006499.8	chr4	10238213	10238235	3	3	3
ENSG00000250040.2	RAF1P1	chr4	10254926	10256621	3	3	3
ENSG00000250573.1	AC006499.4	chr4	10259445	10260138	3	3	3
ENSG00000250074.1	AC006499.2	chr4	10267895	10268231	3	3	3
ENSG00000250505.1	AC006499.3	chr4	10284961	10285708	3	3	3
ENSG00000251278.1	AC006499.5	chr4	10292195	10292708	3	3	3
ENSG00000251338.1	AC006499.7	chr4	10294463	10295579	3	3	3
ENSG00000250613.1	AC110768.2	chr4	10410996	10411644	3	3	3
ENSG00000178163.8	ZNF518B	chr4	10439880	10457426	3	3	3
ENSG00000287154.1	AC005599.1	chr4	10456745	10531022	3	3	3
ENSG00000248419.2	AC110768.1	chr4	10478524	10478923	3	3	3
ENSG00000109684.15	CLNK	chr4	10486395	10684768	3	3	3
ENSG00000249334.1	AC084048.1	chr4	10685003	10697661	3	3	3
ENSG00000283083.2	LINC02498	chr4	10737558	10749586	3	3	3
ENSG00000207716.1	MIR572	chr4	11368827	11368921	3	3	3
ENSG00000250896.1	RNPS1P1	chr4	11371975	11372892	3	3	3
ENSG00000002587.10	HS3ST1	chr4	11393150	11429564	3	3	3
ENSG00000222182.1	RNA5SP156	chr4	11414051	11414160	3	3	3
ENSG00000287778.1	AC006230.1	chr4	11426874	11467802	3	3	3
ENSG00000251152.1	AC025539.1	chr4	11469250	11478196	3	3	3
ENSG00000249631.6	AC005699.1	chr4	11625714	11823906	3	3	3
ENSG00000248300.1	LINC02360	chr4	11740948	11769468	3	3	3
ENSG00000248262.1	AC108037.1	chr4	11914667	11919688	3	3	3
ENSG00000251210.6	LINC02270	chr4	12223445	12251286	3	3	3
ENSG00000212282.1	RNU6-578P	chr4	12312588	12312690	3	3	3
ENSG00000249995.1	ECM1P2	chr4	12639086	12641009	3	3	3
ENSG00000249780.1	AC093809.1	chr4	12640298	12640637	3	3	3
ENSG00000250371.1	AC007370.2	chr4	12859101	12864961	3	3	3
ENSG00000250098.1	AC007370.1	chr4	12947574	12948670	3	3	3
ENSG00000283271.1	U6	chr4	13051342	13051411	3	3	3
ENSG00000205940.8	HSP90AB2P	chr4	13333414	13338657	3	3	3
ENSG00000157869.16	RAB28	chr4	13361354	13484365	3	3	3
ENSG00000286297.1	AC006445.3	chr4	13491185	13516498	3	3	3
ENSG00000281202.2	LINC01097	chr4	13526319	13534335	3	3	3
ENSG00000109705.8	NKX3-2	chr4	13540830	13544508	3	3	3
ENSG00000246095.2	LINC01096	chr4	13546075	13547801	3	3	3
ENSG00000038219.13	BOD1L1	chr4	13568738	13627725	3	3	3
ENSG00000266240.1	MIR5091	chr4	13627865	13627957	3	3	3
ENSG00000249148.2	AC006445.2	chr4	13631820	13632599	3	3	3
ENSG00000242209.1	AC006445.1	chr4	13647697	13648400	3	3	3
ENSG00000250634.6	LINC01182	chr4	13654374	14003756	3	3	3
ENSG00000250497.1	AC007126.1	chr4	13777377	13782157	3	3	3
ENSG00000224569.3	AC095052.1	chr4	13977166	13978028	3	3	3
ENSG00000248698.6	LINC01085	chr4	14111968	14140052	3	3	3
ENSG00000251679.1	AC073848.1	chr4	14134936	14143592	3	3	3
ENSG00000249988.1	AC092546.1	chr4	14164455	14242813	3	3	3
ENSG00000287360.1	AC006296.3	chr4	14359400	14453625	3	3	3
ENSG00000251412.1	AC006296.2	chr4	14383123	14409078	3	3	3
ENSG00000248425.1	AC006296.1	chr4	14390439	14393992	3	3	3
ENSG00000248360.7	LINC00504	chr4	14470465	14888169	3	3	3
ENSG00000251252.1	MTND2P31	chr4	14505865	14506480	3	3	3
ENSG00000202449.1	SNORA63	chr4	14690710	14690832	3	3	3
ENSG00000247624.6	CPEB2-DT	chr4	14909961	15002045	3	3	3
ENSG00000137449.17	CPEB2	chr4	15002481	15070153	3	3	3
ENSG00000249252.5	C1QTNF7-AS1	chr4	15004942	15427914	3	3	3
ENSG00000199420.1	RN7SKP170	chr4	15093767	15094094	3	3	3
ENSG00000163145.13	C1QTNF7	chr4	15339818	15446167	3	3	3
ENSG00000251379.1	AC099550.1	chr4	15358141	15420032	3	3	3
ENSG00000048342.17	CC2D2A	chr4	15469865	15601552	3	3	3
ENSG00000249930.1	AC007016.1	chr4	15492729	15492972	3	3	3
ENSG00000273133.1	AC116651.1	chr4	15563698	15564253	3	3	3
ENSG00000118564.15	FBXL5	chr4	15604381	15681679	3	3	3
ENSG00000237765.8	FAM200B	chr4	15681662	15690447	3	3	3
ENSG00000288606.1	AC114744.2	chr4	15681756	15705565	3	3	3
ENSG00000109743.11	BST1	chr4	15703065	15738313	3	3	3
ENSG00000214846.4	AC114744.1	chr4	15730962	15731627	3	3	3
ENSG00000248188.2	AC005798.1	chr4	15743196	15743582	3	3	3
ENSG00000004468.13	CD38	chr4	15778275	15853232	3	3	3
ENSG00000251644.1	HPRT1P1	chr4	15864938	15865940	3	3	3
ENSG00000137440.5	FGFBP1	chr4	15935577	15938740	3	3	3
ENSG00000137441.8	FGFBP2	chr4	15960245	15969309	3	3	3
ENSG00000007062.12	PROM1	chr4	15963076	16084378	3	3	3
ENSG00000286280.1	AC108063.2	chr4	16114233	16117479	3	3	3
ENSG00000169762.17	TAPT1	chr4	16160505	16227410	3	3	3
ENSG00000249234.1	AC108063.1	chr4	16178939	16183120	3	3	3
ENSG00000263327.6	TAPT1-AS1	chr4	16226685	16320140	3	3	3
ENSG00000242358.1	RPS21P4	chr4	16256308	16256555	3	3	3
ENSG00000248851.1	AC006427.1	chr4	16307456	16308167	3	3	3
ENSG00000286888.1	AC006427.2	chr4	16322954	16326967	3	3	3
ENSG00000249506.3	ZEB2P1	chr4	16360686	16397323	3	3	3
ENSG00000248138.5	AC097515.1	chr4	16400430	16512187	3	3	3
ENSG00000169744.13	LDB2	chr4	16501541	16898678	3	3	3
ENSG00000287081.1	AC104656.1	chr4	16598718	16604593	3	3	3
ENSG00000249998.1	AC106894.1	chr4	16973275	17073903	3	3	3
ENSG00000251212.1	MTND5P4	chr4	17061878	17062165	3	3	3
ENSG00000250819.2	LINC02493	chr4	17171757	17186079	3	3	3
ENSG00000206780.1	SNORA75B	chr4	17320746	17320882	3	3	3
ENSG00000215278.4	RPS7P6	chr4	17427696	17428274	3	3	3
ENSG00000151552.12	QDPR	chr4	17460261	17512206	3	3	3
ENSG00000249581.2	CLRN2	chr4	17515165	17527104	3	3	3
ENSG00000249488.1	NACAP5	chr4	17552117	17552752	3	3	3
ENSG00000283219.1	AC006160.2	chr4	17557892	17558045	3	3	3
ENSG00000002549.12	LAP3	chr4	17577192	17607972	3	3	3
ENSG00000249502.3	AC006160.1	chr4	17586267	17614585	3	3	3
ENSG00000118579.13	MED28	chr4	17614641	17634105	3	3	3
ENSG00000047662.5	FAM184B	chr4	17629306	17781621	3	3	3
ENSG00000163257.11	DCAF16	chr4	17800655	17810758	3	3	3
ENSG00000109805.10	NCAPG	chr4	17810979	17844865	3	3	3
ENSG00000178177.16	LCORL	chr4	17841199	18021876	3	3	3
ENSG00000235413.3	KRT18P63	chr4	17911674	17912976	3	3	3
ENSG00000286046.1	AC093898.1	chr4	18418662	18888662	3	3	3
ENSG00000251048.1	AC093871.1	chr4	18488062	18489508	3	3	3
ENSG00000279918.1	AC006840.1	chr4	19098199	19098740	3	3	3
ENSG00000248238.2	LINC02438	chr4	19172335	19456994	3	3	3
ENSG00000251816.1	RNA5SP157	chr4	19181814	19181856	3	3	3
ENSG00000279379.1	AC024595.1	chr4	19257951	19258337	3	3	3
ENSG00000248515.2	AC024230.1	chr4	19455418	19938448	3	3	3
ENSG00000249441.1	AC110767.1	chr4	19747179	19754591	3	3	3
ENSG00000241612.1	AC114728.1	chr4	19813749	19814231	3	3	3
ENSG00000250611.1	AC098862.1	chr4	20037560	20037972	3	3	3
ENSG00000145147.20	SLIT2	chr4	20251905	20620561	3	3	3
ENSG00000248228.2	SLIT2-IT1	chr4	20392154	20394856	3	3	3
ENSG00000207732.1	MIR218-1	chr4	20528275	20528384	3	3	3
ENSG00000163138.19	PACRGL	chr4	20696282	20752907	3	3	3
ENSG00000185774.16	KCNIP4	chr4	20728606	21948772	3	3	3
ENSG00000272995.1	AC097505.1	chr4	20766808	20767372	3	3	3
ENSG00000250243.3	AC110296.1	chr4	21304468	21350673	3	3	3
ENSG00000283281.1	MIR7978	chr4	21464700	21464758	3	3	3
ENSG00000286318.1	AC096576.7	chr4	21520854	21523709	3	3	3
ENSG00000250092.2	AC096576.3	chr4	21582096	21613728	3	3	3
ENSG00000242768.2	AC096576.1	chr4	21656511	21656869	3	3	3
ENSG00000248343.1	AC096576.2	chr4	21697450	21719026	3	3	3
ENSG00000280650.1	KCNIP4-IT1	chr4	21843341	21853188	3	3	3
ENSG00000250039.4	AC096719.1	chr4	21949015	22330330	3	3	3
ENSG00000239001.1	RNU6-420P	chr4	22118983	22119089	3	3	3
ENSG00000152990.14	ADGRA3	chr4	22345071	22516066	3	3	3
ENSG00000244538.1	AC098583.1	chr4	22594196	22594450	3	3	3
ENSG00000251516.1	AC098583.2	chr4	22607501	22611063	3	3	3
ENSG00000249948.6	GBA3	chr4	22692914	22819575	3	3	3
ENSG00000237350.1	CDC42P6	chr4	22727375	22727950	3	3	3
ENSG00000248837.7	AC097512.1	chr4	22989147	23193740	3	3	3
ENSG00000249547.1	AC092440.1	chr4	23234625	23285573	3	3	3
ENSG00000251220.2	RFPL4AP3	chr4	23514940	23515284	3	3	3
ENSG00000250137.1	AC093607.1	chr4	23560923	23768652	3	3	3
ENSG00000251292.1	ERVH-1	chr4	23723262	23733579	3	3	3
ENSG00000109819.9	PPARGC1A	chr4	23755041	23904089	3	3	3
ENSG00000249453.1	AC092834.1	chr4	23779590	23782560	3	3	3
ENSG00000109606.13	DHX15	chr4	24517441	24584554	3	3	3
ENSG00000207697.1	MIR573	chr4	24520192	24520290	3	3	3
ENSG00000243005.3	RN7SL16P	chr4	24563193	24563461	3	3	3
ENSG00000249256.2	ATP5MGP3	chr4	24658072	24658375	3	3	3
ENSG00000261121.2	LINC02473	chr4	24659856	24671568	3	3	3
ENSG00000251638.1	AC006390.1	chr4	24768049	24768331	3	3	3
ENSG00000248444.1	HNRNPA1P65	chr4	24771467	24772420	3	3	3
ENSG00000109610.6	SOD3	chr4	24789912	24800842	3	3	3
ENSG00000181982.19	CCDC149	chr4	24806117	24980204	3	3	3
ENSG00000153012.12	LGI2	chr4	24998847	25030946	3	3	3
ENSG00000109618.12	SEPSECS	chr4	25120014	25160449	3	3	3
ENSG00000281501.1	SEPSECS-AS1	chr4	25160641	25201440	3	3	3
ENSG00000038210.14	PI4K2B	chr4	25160663	25279204	3	3	3
ENSG00000271172.1	AC104662.1	chr4	25220403	25220913	3	3	3
ENSG00000278135.1	U2	chr4	25250545	25250639	3	3	3
ENSG00000168228.15	ZCCHC4	chr4	25312774	25370383	3	3	3
ENSG00000053900.11	ANAPC4	chr4	25377263	25418498	3	3	3
ENSG00000249320.1	AC133963.2	chr4	25472517	25473815	3	3	3
ENSG00000248608.2	AC133963.1	chr4	25504997	25506675	3	3	3
ENSG00000248545.3	AC105290.1	chr4	25529177	25619468	3	3	3
ENSG00000238632.1	RNU7-126P	chr4	25598564	25598625	3	3	3
ENSG00000228154.3	AC092436.1	chr4	25622777	25623601	3	3	3
ENSG00000157765.13	SLC34A2	chr4	25648011	25678748	3	3	3
ENSG00000242640.1	RPS29P11	chr4	25678850	25679020	3	3	3
ENSG00000249277.1	AC092436.2	chr4	25686202	25686458	3	3	3
ENSG00000250050.1	MTND4P9	chr4	25718082	25719745	3	3	3
ENSG00000248133.1	MTND4LP22	chr4	25719755	25720030	3	3	3
ENSG00000251353.1	MTND3P5	chr4	25720099	25720431	3	3	3
ENSG00000248654.1	MTCO3P44	chr4	25720516	25721056	3	3	3
ENSG00000091490.11	SEL1L3	chr4	25747433	25863760	3	3	3
ENSG00000250541.1	AC092436.3	chr4	25770266	25773577	3	3	3
ENSG00000250317.8	SMIM20	chr4	25861830	25929874	3	3	3
ENSG00000251009.2	AC133961.1	chr4	25864881	25869550	3	3	3
ENSG00000283314.1	LINC02357	chr4	26070754	26104258	3	3	3
ENSG00000248452.2	AC097714.1	chr4	26111865	26113839	3	3	3
ENSG00000168214.20	RBPJ	chr4	26163455	26435131	3	3	3
ENSG00000163394.6	CCKAR	chr4	26481396	26490484	3	3	3
ENSG00000109680.11	TBC1D19	chr4	26576437	26756223	3	3	3
ENSG00000200999.1	AC107390.1	chr4	26702309	26702388	3	3	3
ENSG00000109689.18	STIM2	chr4	26857601	27025381	3	3	3
ENSG00000240005.6	STIM2-AS1	chr4	26859806	26860632	3	3	3
ENSG00000248340.2	PIMREGP4	chr4	26873561	26874349	3	3	3
ENSG00000251080.1	AC024132.2	chr4	27133996	27140051	3	3	3
ENSG00000205830.1	AC024132.1	chr4	27207505	27218404	3	3	3
ENSG00000249699.1	LINC02261	chr4	27217479	27282225	3	3	3
ENSG00000222206.1	Y_RNA	chr4	27223319	27223427	3	3	3
ENSG00000251325.1	AC024132.3	chr4	27262506	27267254	3	3	3
ENSG00000250858.1	IGBP1P5	chr4	27585145	27586144	3	3	3
ENSG00000287389.1	AC007106.2	chr4	27917753	27943065	3	3	3
ENSG00000251410.2	AC007106.1	chr4	27964517	27985063	3	3	3
ENSG00000286321.1	AC093791.2	chr4	28225969	28288297	3	3	3
ENSG00000250038.7	AC093791.1	chr4	28343862	28402936	3	3	3
ENSG00000250064.1	AC097480.1	chr4	28435449	28600275	3	3	3
ENSG00000286141.1	AC097480.2	chr4	28580991	28600845	3	3	3
ENSG00000243548.3	RN7SL101P	chr4	28711198	28711476	3	3	3
ENSG00000283275.1	MIR4275	chr4	28819582	28819668	3	3	3
ENSG00000250927.1	MESTP3	chr4	28823244	28824211	3	3	3
ENSG00000250190.2	LINC02364	chr4	28996498	29017256	3	3	3
ENSG00000276507.1	AC068944.2	chr4	29010619	29011021	3	3	3
ENSG00000249228.1	AC068944.1	chr4	29046591	29048765	3	3	3
ENSG00000248176.2	AC109349.1	chr4	29118304	29211696	3	3	3
ENSG00000248338.2	LINC02472	chr4	29214253	29291869	3	3	3
ENSG00000251373.1	AC092593.2	chr4	29407100	29408012	3	3	3
ENSG00000251113.2	AC092593.1	chr4	29465701	29467850	3	3	3
ENSG00000283666.1	U6	chr4	29510635	29510737	3	3	3
ENSG00000249542.2	EEF1A1P21	chr4	29748757	29750100	3	3	3
ENSG00000249564.1	AC097510.1	chr4	29907659	29907791	3	3	3
ENSG00000244031.3	RPS3AP17	chr4	29962644	29963758	3	3	3
ENSG00000248281.1	AC106868.1	chr4	30006951	30008316	3	3	3
ENSG00000286596.1	AC098595.1	chr4	30718805	30721970	3	3	3
ENSG00000169851.15	PCDH7	chr4	30720415	31146805	3	3	3
ENSG00000249678.1	AC097716.1	chr4	30776257	30793970	3	3	3
ENSG00000250624.1	MTCYBP43	chr4	30884443	30885182	3	3	3
ENSG00000251182.2	LINC02497	chr4	31171013	31211678	3	3	3
ENSG00000251434.1	AC104071.1	chr4	31350284	31351725	3	3	3
ENSG00000249882.2	LINC02501	chr4	31506422	31558831	3	3	3
ENSG00000251129.2	LINC02506	chr4	31997376	32228543	3	3	3
ENSG00000286212.2	AC097654.1	chr4	32005076	32022483	3	3	3
ENSG00000251329.1	LINC02353	chr4	32351038	32353220	3	3	3
ENSG00000286784.1	AC116611.1	chr4	32583855	32745525	3	3	3
ENSG00000250076.1	MAPRE1P2	chr4	33010948	33011746	3	3	3
ENSG00000287968.1	AC093606.1	chr4	33150326	33208430	3	3	3
ENSG00000249452.2	AC093878.1	chr4	33238239	33238670	3	3	3
ENSG00000249766.1	AC097535.2	chr4	33400538	33400679	3	3	3
ENSG00000248417.1	AC097535.1	chr4	33433510	33437877	3	3	3
ENSG00000288321.1	AC079772.1	chr4	33467398	33693993	3	3	3
ENSG00000250954.6	AC016687.3	chr4	33775498	34039914	3	3	3
ENSG00000250723.7	AC016687.2	chr4	33850591	33982349	3	3	3
ENSG00000239983.1	AC016687.1	chr4	33968174	33968526	3	3	3
ENSG00000248685.6	LINC02484	chr4	34120090	34335351	3	3	3
ENSG00000287320.1	AC110790.1	chr4	34140598	34180729	3	3	3
ENSG00000250597.5	AC093689.1	chr4	34657606	34669432	3	3	3
ENSG00000275250.1	AC093913.1	chr4	34714270	34714598	3	3	3
ENSG00000238694.1	AC020589.1	chr4	34966241	34966344	3	3	3
ENSG00000250416.2	SEC63P2	chr4	35487812	35489750	3	3	3
ENSG00000206665.1	RNU6-573P	chr4	35495898	35496003	3	3	3
ENSG00000047365.12	ARAP2	chr4	35948221	36244514	3	3	3
ENSG00000248466.1	AC098827.1	chr4	36065060	36065726	3	3	3
ENSG00000247193.3	AC104078.1	chr4	36244116	36274220	3	3	3
ENSG00000197057.10	DTHD1	chr4	36281616	36347511	3	3	3
ENSG00000251438.1	AC104078.2	chr4	36311190	36392410	3	3	3
ENSG00000283207.1	MIR1255B1	chr4	36426366	36426428	3	3	3
ENSG00000248215.6	LINC02505	chr4	36496128	36641939	3	3	3
ENSG00000251588.2	AC125336.1	chr4	36506043	36508869	3	3	3
ENSG00000287416.1	AC093746.1	chr4	36902242	36913339	3	3	3
ENSG00000261761.5	LINC02616	chr4	37001772	37023499	3	3	3
ENSG00000247810.8	AL136537.1	chr4	37073681	37133849	3	3	3
ENSG00000264319.1	MIR4801	chr4	37241910	37241991	3	3	3
ENSG00000174145.8	NWD2	chr4	37244743	37449463	3	3	3
ENSG00000154274.15	C4orf19	chr4	37453925	37623495	3	3	3
ENSG00000288073.1	AC022463.1	chr4	37454698	37476401	3	3	3
ENSG00000248936.1	AC027607.1	chr4	37588087	37588875	3	3	3
ENSG00000181826.10	RELL1	chr4	37590800	37686376	3	3	3
ENSG00000207075.1	Y_RNA	chr4	37699895	37700002	3	3	3
ENSG00000239532.1	AC108022.1	chr4	37821361	37821838	3	3	3
ENSG00000169299.14	PGM2	chr4	37826660	37862937	3	3	3
ENSG00000279386.1	AC021106.2	chr4	37866561	37867091	3	3	3
ENSG00000249863.2	AC021106.1	chr4	37868292	37869978	3	3	3
ENSG00000065882.16	TBC1D1	chr4	37891084	38139175	3	3	3
ENSG00000250254.2	PTTG2	chr4	37960398	37961128	3	3	3
ENSG00000251332.1	PSME2P4	chr4	37995494	37996203	3	3	3
ENSG00000249649.1	MRPS33P2	chr4	38006784	38007105	3	3	3
ENSG00000287659.1	AC098680.2	chr4	38276178	38279880	3	3	3
ENSG00000251642.1	AC098680.1	chr4	38286994	38287491	3	3	3
ENSG00000248227.1	LINC02513	chr4	38366914	38385759	3	3	3
ENSG00000280015.1	AC024023.1	chr4	38390754	38391675	3	3	3
ENSG00000249534.2	LINC01258	chr4	38420662	38523180	3	3	3
ENSG00000249667.1	LINC01259	chr4	38509767	38518056	3	3	3
ENSG00000251635.2	LINC02278	chr4	38564003	38572022	3	3	3
ENSG00000231160.10	KLF3-AS1	chr4	38602438	38664914	3	3	3
ENSG00000271958.1	AC021860.1	chr4	38618265	38619437	3	3	3
ENSG00000109787.13	KLF3	chr4	38664197	38701517	3	3	3
ENSG00000222230.1	RNA5SP158	chr4	38758791	38758892	3	3	3
ENSG00000174123.11	TLR10	chr4	38772238	38782990	3	3	3
ENSG00000174125.8	TLR1	chr4	38790677	38856817	3	3	3
ENSG00000174130.12	TLR6	chr4	38823715	38856817	3	3	3
ENSG00000197712.12	FAM114A1	chr4	38867677	38945739	3	3	3
ENSG00000207944.1	MIR574	chr4	38868032	38868127	3	3	3
ENSG00000121895.8	TMEM156	chr4	38966744	39032922	3	3	3
ENSG00000109790.16	KLHL5	chr4	39045039	39126857	3	3	3
ENSG00000249207.2	AC079921.1	chr4	39066974	39182258	3	3	3
ENSG00000249685.1	AC079921.2	chr4	39133913	39135608	3	3	3
ENSG00000157796.18	WDR19	chr4	39182504	39285810	3	3	3
ENSG00000035928.16	RFC1	chr4	39287456	39366375	3	3	3
ENSG00000206675.1	RNU6-32P	chr4	39297605	39297711	3	3	3
ENSG00000222592.1	RNU6-887P	chr4	39399149	39399248	3	3	3
ENSG00000134962.7	KLB	chr4	39406930	39451533	3	3	3
ENSG00000264621.1	MIR5591	chr4	39411910	39411974	3	3	3
ENSG00000238797.1	Y_RNA	chr4	39441665	39441764	3	3	3
ENSG00000163682.17	RPL9	chr4	39452587	39458931	3	3	3
ENSG00000121897.15	LIAS	chr4	39459004	39485109	3	3	3
ENSG00000224097.5	AC021148.1	chr4	39480255	39481905	3	3	3
ENSG00000109814.12	UGDH	chr4	39498755	39528311	3	3	3
ENSG00000249348.1	UGDH-AS1	chr4	39528019	39594707	3	3	3
ENSG00000287262.1	AC021148.2	chr4	39539395	39546073	3	3	3
ENSG00000163683.12	SMIM14	chr4	39546336	39638902	3	3	3
ENSG00000286349.1	AC108471.3	chr4	39614465	39618488	3	3	3
ENSG00000252796.1	RNU7-11P	chr4	39621012	39621073	3	3	3
ENSG00000255458.7	AC108471.2	chr4	39639107	39666879	3	3	3
ENSG00000078140.14	UBE2K	chr4	39698109	39782792	3	3	3
ENSG00000252975.1	Y_RNA	chr4	39710085	39710176	3	3	3
ENSG00000249019.2	AC108471.1	chr4	39713842	39714451	3	3	3
ENSG00000243260.3	RN7SL558P	chr4	39761000	39761298	3	3	3
ENSG00000180610.10	ZBTB12BP	chr4	39770081	39771371	3	3	3
ENSG00000121892.15	PDS5A	chr4	39822863	39977956	3	3	3
ENSG00000271278.1	ELOCP33	chr4	39932454	39933561	3	3	3
ENSG00000252970.1	RNA5SP159	chr4	39936753	39936855	3	3	3
ENSG00000250568.1	AC098591.3	chr4	39973128	39973442	3	3	3
ENSG00000231707.4	PABPC1P1	chr4	39973444	39974338	3	3	3
ENSG00000249064.1	KRT18P25	chr4	40020240	40021517	3	3	3
ENSG00000205794.4	AC098591.2	chr4	40042917	40057199	3	3	3
ENSG00000078177.14	N4BP2	chr4	40056850	40158252	3	3	3
ENSG00000200455.1	RNU6-1112P	chr4	40077884	40077982	3	3	3
ENSG00000201863.1	AC098591.1	chr4	40082983	40083106	3	3	3
ENSG00000248977.1	AC095057.1	chr4	40142198	40142365	3	3	3
ENSG00000260296.1	AC095057.3	chr4	40166675	40167831	3	3	3
ENSG00000286089.1	AC095057.4	chr4	40187170	40190464	3	3	3
ENSG00000168421.13	RHOH	chr4	40191053	40246967	3	3	3
ENSG00000250338.1	AC095057.2	chr4	40265472	40266457	3	3	3
ENSG00000249241.1	LINC02265	chr4	40316485	40330419	3	3	3
ENSG00000174343.6	CHRNA9	chr4	40335333	40355217	3	3	3
ENSG00000239010.1	RNU7-74P	chr4	40377452	40377513	3	3	3
ENSG00000163694.15	RBM47	chr4	40423267	40630875	3	3	3
ENSG00000250893.1	AC098869.2	chr4	40426119	40427585	3	3	3
ENSG00000242197.2	AC098869.1	chr4	40491733	40492024	3	3	3
ENSG00000263642.1	MIR4802	chr4	40502040	40502119	3	3	3
ENSG00000287182.1	AC131953.2	chr4	40743627	40750865	3	3	3
ENSG00000179299.17	NSUN7	chr4	40749925	40811184	3	3	3
ENSG00000248780.1	ARL4AP2	chr4	40786110	40786710	3	3	3
ENSG00000163697.17	APBB2	chr4	40810027	41216714	3	3	3
ENSG00000250906.1	AC131953.1	chr4	40812779	40826151	3	3	3
ENSG00000207195.1	Y_RNA	chr4	40826655	40826765	3	3	3
ENSG00000201736.1	RNA5SP160	chr4	40990154	40990273	3	3	3
ENSG00000199790.1	RNU6-836P	chr4	41084607	41084713	3	3	3
ENSG00000207198.1	RNU6-1195P	chr4	41113942	41114045	3	3	3
ENSG00000251173.1	UCHL1-AS1	chr4	41220074	41256727	3	3	3
ENSG00000154277.13	UCHL1	chr4	41256413	41268455	3	3	3
ENSG00000207481.1	Y_RNA	chr4	41303237	41303337	3	3	3
ENSG00000064042.18	LIMCH1	chr4	41359607	41700044	3	3	3
ENSG00000239627.3	RPL12P20	chr4	41389115	41389593	3	3	3
ENSG00000287762.1	AC108050.1	chr4	41608312	41612411	3	3	3
ENSG00000249216.1	AC105389.2	chr4	41688858	41692797	3	3	3
ENSG00000249081.1	OR5M14P	chr4	41722538	41723512	3	3	3
ENSG00000109132.7	PHOX2B	chr4	41744082	41748725	3	3	3
ENSG00000250467.1	PHOX2B-AS1	chr4	41748293	41824119	3	3	3
ENSG00000249122.1	AC105389.1	chr4	41750345	41757341	3	3	3
ENSG00000200338.1	RNU1-49P	chr4	41771945	41772103	3	3	3
ENSG00000249745.1	HMGB1P28	chr4	41842154	41843950	3	3	3
ENSG00000245870.4	LINC00682	chr4	41872747	41882955	3	3	3
ENSG00000249771.2	AC108210.1	chr4	41883060	41935075	3	3	3
ENSG00000249887.1	AC108210.2	chr4	41924180	41924380	3	3	3
ENSG00000109133.13	TMEM33	chr4	41935129	41960803	3	3	3
ENSG00000182308.7	DCAF4L1	chr4	41981756	41986465	3	3	3
ENSG00000272862.1	AC106052.1	chr4	41988741	41989237	3	3	3
ENSG00000014824.14	SLC30A9	chr4	41990502	42090461	3	3	3
ENSG00000249212.1	ATP1B1P1	chr4	42029209	42030123	3	3	3
ENSG00000188848.16	BEND4	chr4	42110853	42152878	3	3	3
ENSG00000285454.1	AC111006.1	chr4	42151028	42268110	3	3	3
ENSG00000250781.2	AC024022.1	chr4	42281830	42391651	3	3	3
ENSG00000178343.5	SHISA3	chr4	42397488	42402487	3	3	3
ENSG00000124406.16	ATP8A1	chr4	42408373	42657105	3	3	3
ENSG00000240167.1	RPS7P7	chr4	42471810	42472380	3	3	3
ENSG00000248283.2	CCNL2P1	chr4	42561457	42562425	3	3	3
ENSG00000260519.1	AC096734.2	chr4	42657496	42657928	3	3	3
ENSG00000251517.1	AC096734.1	chr4	42706107	42707335	3	3	3
ENSG00000252595.1	RN7SKP82	chr4	42892396	42892618	3	3	3
ENSG00000215203.3	GRXCR1	chr4	42892713	43030658	3	3	3
ENSG00000248939.1	AC111198.1	chr4	43133867	43234956	3	3	3
ENSG00000250657.1	AC097451.1	chr4	43340875	43345600	3	3	3
ENSG00000277096.1	AC098590.2	chr4	43388157	43388437	3	3	3
ENSG00000213851.3	AC098590.1	chr4	43410041	43410937	3	3	3
ENSG00000248143.1	LINC02383	chr4	43457527	43492543	3	3	3
ENSG00000251501.1	AC114774.1	chr4	43586328	43588097	3	3	3
ENSG00000239464.3	RN7SL691P	chr4	43598544	43598844	3	3	3
ENSG00000286891.1	AC080132.1	chr4	43763134	43972184	3	3	3
ENSG00000239679.3	RN7SL193P	chr4	43863274	43863549	3	3	3
ENSG00000124399.4	NDUFB4P12	chr4	43898962	43899351	3	3	3
ENSG00000250863.2	AC114757.1	chr4	43972921	44025516	3	3	3
ENSG00000251350.2	LINC02475	chr4	44016700	44022063	3	3	3
ENSG00000183783.7	KCTD8	chr4	44173903	44448809	3	3	3
ENSG00000251159.1	AC093852.1	chr4	44533615	44533880	3	3	3
ENSG00000177752.14	YIPF7	chr4	44622065	44678556	3	3	3
ENSG00000151806.14	GUF1	chr4	44678420	44700928	3	3	3
ENSG00000163281.12	GNPDA2	chr4	44682200	44726588	3	3	3
ENSG00000273369.1	AC096586.2	chr4	44693946	44694386	3	3	3
ENSG00000272936.1	AC096586.1	chr4	44704405	44704965	3	3	3
ENSG00000249729.2	AC093755.1	chr4	44840380	44841402	3	3	3
ENSG00000248987.2	PRDX4P1	chr4	44944015	44944961	3	3	3
ENSG00000275959.1	AC108467.2	chr4	44994426	44996022	3	3	3
ENSG00000248744.1	AC108467.1	chr4	45009540	45051652	3	3	3
ENSG00000248320.1	THAP12P9	chr4	45323253	45326028	3	3	3
ENSG00000224560.3	AC108043.1	chr4	45414337	45414910	3	3	3
ENSG00000200720.1	RNU6-931P	chr4	45480030	45480136	3	3	3
ENSG00000222257.1	RN7SKP199	chr4	45995119	45995423	3	3	3
ENSG00000163285.8	GABRG1	chr4	46035769	46124054	3	3	3
ENSG00000260878.1	AC104072.1	chr4	46243548	46244215	3	3	3
ENSG00000151834.16	GABRA2	chr4	46243548	46475230	3	3	3
ENSG00000249330.3	AC095060.1	chr4	46390255	46510194	3	3	3
ENSG00000252243.1	RNU6-412P	chr4	46531237	46531342	3	3	3
ENSG00000249936.3	RAC1P2	chr4	46723830	46724408	3	3	3
ENSG00000170516.17	COX7B2	chr4	46734827	46909245	3	3	3
ENSG00000109158.11	GABRA4	chr4	46918900	46993581	3	3	3
ENSG00000163288.14	GABRB1	chr4	46993723	47426447	3	3	3
ENSG00000260918.1	AC107398.3	chr4	47431960	47438959	3	3	3
ENSG00000169019.11	COMMD8	chr4	47450787	47463702	3	3	3
ENSG00000282904.2	AC107398.4	chr4	47463590	47470477	3	3	3
ENSG00000286294.1	AC107398.5	chr4	47481001	47485210	3	3	3
ENSG00000145246.14	ATP10D	chr4	47485275	47593486	3	3	3
ENSG00000242431.2	AC107398.1	chr4	47490967	47491471	3	3	3
ENSG00000248254.1	AC107398.2	chr4	47556731	47560259	3	3	3
ENSG00000145244.12	CORIN	chr4	47593999	47838106	3	3	3
ENSG00000277388.1	MIR8053	chr4	47652669	47652743	3	3	3
ENSG00000242262.1	AC092597.1	chr4	47706372	47706987	3	3	3
ENSG00000282917.2	AC107068.2	chr4	47831330	47897965	3	3	3
ENSG00000259959.1	AC107068.1	chr4	47840122	47844339	3	3	3
ENSG00000170448.12	NFXL1	chr4	47847233	47914667	3	3	3
ENSG00000163293.12	NIPAL1	chr4	47914142	48040173	3	3	3
ENSG00000198515.16	CNGA1	chr4	47935977	48016681	3	3	3
ENSG00000074966.11	TXK	chr4	48066393	48134250	3	3	3
ENSG00000200269.1	RNU6-838P	chr4	48106081	48106188	3	3	3
ENSG00000283499.1	U6	chr4	48109353	48109410	3	3	3
ENSG00000135605.13	TEC	chr4	48135783	48269838	3	3	3
ENSG00000202014.1	Y_RNA	chr4	48153434	48153535	3	3	3
ENSG00000109171.15	SLAIN2	chr4	48341529	48426201	3	3	3
ENSG00000145248.7	SLC10A4	chr4	48483343	48489526	3	3	3
ENSG00000182223.7	ZAR1	chr4	48490252	48494389	3	3	3
ENSG00000075539.15	FRYL	chr4	48497357	48780322	3	3	3
ENSG00000251722.1	RNU5E-3P	chr4	48574453	48574520	3	3	3
ENSG00000109180.15	OCIAD1	chr4	48805212	48861817	3	3	3
ENSG00000248256.1	OCIAD1-AS1	chr4	48852008	48860203	3	3	3
ENSG00000145247.12	OCIAD2	chr4	48885019	48906937	3	3	3
ENSG00000252913.1	RNU6-158P	chr4	48932755	48932854	3	3	3
ENSG00000251334.2	AC020593.1	chr4	48936582	48936880	3	3	3
ENSG00000109182.12	CWH43	chr4	48986275	49062081	3	3	3
ENSG00000225455.3	TPI1P4	chr4	49016682	49017154	3	3	3
ENSG00000249828.2	AC118282.3	chr4	49203171	49203726	3	3	3
ENSG00000249079.1	AC118282.2	chr4	49212251	49212624	3	3	3
ENSG00000280043.1	AC118282.4	chr4	49229573	49231284	3	3	3
ENSG00000250016.2	SNX18P23	chr4	49233289	49233965	3	3	3
ENSG00000237961.4	AC118282.1	chr4	49238032	49245419	3	3	3
ENSG00000268736.1	MTCO3P39	chr4	49246021	49246538	3	3	3
ENSG00000248946.2	MTND3P22	chr4	49246601	49246915	3	3	3
ENSG00000248583.1	AC119751.3	chr4	49486926	49489554	3	3	3
ENSG00000251056.1	ANKRD20A17P	chr4	49502145	49506022	3	3	3
ENSG00000250769.2	AC119751.5	chr4	49507764	49508806	3	3	3
ENSG00000248532.2	AC119751.2	chr4	49523648	49523857	3	3	3
ENSG00000269848.1	AC119751.8	chr4	49524030	49524185	3	3	3
ENSG00000268967.1	AC119751.7	chr4	49548564	49548855	3	3	3
ENSG00000268391.1	MTCO3P42	chr4	49548918	49549435	3	3	3
ENSG00000232471.3	AC119751.1	chr4	49550032	49557400	3	3	3
ENSG00000251630.1	AC119751.6	chr4	49561285	49561470	3	3	3
ENSG00000251539.1	SNX18P24	chr4	49561479	49562149	3	3	3
ENSG00000250753.2	AC119751.4	chr4	49579833	49580189	3	3	3
ENSG00000249337.2	SNX18P25	chr4	49588772	49589529	3	3	3
ENSG00000109184.15	DCUN1D4	chr4	51843000	51916837	3	3	3
ENSG00000250473.1	DUTP7	chr4	51865050	51865535	3	3	3
ENSG00000272576.1	AC027271.1	chr4	51918772	51919381	3	3	3
ENSG00000243929.1	AC104784.1	chr4	51978079	51978372	3	3	3
ENSG00000188993.3	LRRC66	chr4	51993702	52017620	3	3	3
ENSG00000163069.13	SGCB	chr4	52020706	52038299	3	3	3
ENSG00000251040.1	LINC02480	chr4	52044805	52046954	3	3	3
ENSG00000163071.11	SPATA18	chr4	52051304	52097299	3	3	3
ENSG00000287999.1	AC097522.2	chr4	52252820	52551574	3	3	3
ENSG00000251286.2	AC097522.1	chr4	52440494	52441535	3	3	3
ENSG00000199924.1	RNU6-1252P	chr4	52494849	52494952	3	3	3
ENSG00000109189.13	USP46	chr4	52590960	52659301	3	3	3
ENSG00000248866.1	USP46-DT	chr4	52659406	52661668	3	3	3
ENSG00000260120.2	AC104066.3	chr4	52680609	52692999	3	3	3
ENSG00000226950.8	DANCR	chr4	52712325	52723623	3	3	3
ENSG00000250302.3	LINC01618	chr4	52712394	52866821	3	3	3
ENSG00000264585.1	MIR4449	chr4	52712682	52712747	3	3	3
ENSG00000286161.1	AC104066.4	chr4	52712713	52722377	3	3	3
ENSG00000212588.1	SNORA26	chr4	52713249	52713370	3	3	3
ENSG00000248375.1	AC104066.2	chr4	52720081	52720831	3	3	3
ENSG00000226887.8	ERVMER34-1	chr4	52722618	52751586	3	3	3
ENSG00000212490.1	AC104066.1	chr4	52748137	52748259	3	3	3
ENSG00000199901.1	Y_RNA	chr4	52786537	52786638	3	3	3
ENSG00000128045.7	RASL11B	chr4	52862317	52866835	3	3	3
ENSG00000184178.16	SCFD2	chr4	52872982	53366066	3	3	3
ENSG00000248115.1	AC023154.1	chr4	52945649	52958087	3	3	3
ENSG00000207385.1	RNU6-310P	chr4	53265461	53265567	3	3	3
ENSG00000145216.16	FIP1L1	chr4	53377641	53460862	3	3	3
ENSG00000282278.1	AC058822.1	chr4	53377839	54295272	3	3	3
ENSG00000072201.14	LNX1	chr4	53459301	53701405	3	3	3
ENSG00000250930.5	LNX1-AS1	chr4	53496400	53549578	3	3	3
ENSG00000173966.7	AC095040.1	chr4	53575713	53576387	3	3	3
ENSG00000248494.1	LNX1-AS2	chr4	53592956	53604047	3	3	3
ENSG00000249341.1	AC124017.1	chr4	53659208	53737156	3	3	3
ENSG00000249706.1	AC105384.1	chr4	53899871	53916835	3	3	3
ENSG00000250815.1	AC105384.2	chr4	53927499	53928138	3	3	3
ENSG00000229585.4	RPL21P44	chr4	53986587	53987058	3	3	3
ENSG00000272650.1	AC110792.3	chr4	53997415	53997712	3	3	3
ENSG00000109220.11	CHIC2	chr4	54009789	54064605	3	3	3
ENSG00000269506.2	AC110792.2	chr4	54059597	54061210	3	3	3
ENSG00000287534.1	AC110792.4	chr4	54065239	54078454	3	3	3
ENSG00000251105.1	AC110792.1	chr4	54076625	54076848	3	3	3
ENSG00000250147.1	MORF4L2P1	chr4	54086926	54087783	3	3	3
ENSG00000180613.11	GSX2	chr4	54099523	54102498	3	3	3
ENSG00000242670.1	RPL22P13	chr4	54221126	54221472	3	3	3
ENSG00000134853.12	PDGFRA	chr4	54229280	54298245	3	3	3
ENSG00000248184.1	LINC02283	chr4	54332892	54355954	3	3	3
ENSG00000248518.1	AC098587.1	chr4	54376002	54376752	3	3	3
ENSG00000251264.1	AC098868.1	chr4	54440502	54446723	3	3	3
ENSG00000250456.1	LINC02260	chr4	54603211	54607131	3	3	3
ENSG00000157404.16	KIT	chr4	54657918	54740715	3	3	3
ENSG00000249727.2	AC097494.1	chr4	54836041	54845470	3	3	3
ENSG00000251256.1	LINC02358	chr4	54845568	54859241	3	3	3
ENSG00000248317.2	AC111194.1	chr4	54943626	54957832	3	3	3
ENSG00000244422.3	RPL38P3	chr4	54976159	54976371	3	3	3
ENSG00000252815.1	RNU6-410P	chr4	55031965	55032071	3	3	3
ENSG00000250646.1	AC111194.2	chr4	55053060	55092534	3	3	3
ENSG00000244034.3	RN7SL424P	chr4	55063738	55064026	3	3	3
ENSG00000128052.10	KDR	chr4	55078481	55125595	3	3	3
ENSG00000287060.1	AC021220.2	chr4	55157877	55161880	3	3	3
ENSG00000239545.3	RN7SL822P	chr4	55215624	55215919	3	3	3
ENSG00000250812.2	AC021220.1	chr4	55219344	55219973	3	3	3
ENSG00000206839.1	RNU6-746P	chr4	55294490	55294598	3	3	3
ENSG00000250464.1	LRRC34P2	chr4	55313011	55313924	3	3	3
ENSG00000128039.12	SRD5A3	chr4	55346242	55373100	3	3	3
ENSG00000251111.2	FCF1P8	chr4	55351812	55352408	3	3	3
ENSG00000249700.9	SRD5A3-AS1	chr4	55363971	55395847	3	3	3
ENSG00000273257.1	AC069200.1	chr4	55387949	55388271	3	3	3
ENSG00000134851.13	TMEM165	chr4	55395957	55453397	3	3	3
ENSG00000239040.1	Y_RNA	chr4	55412636	55412738	3	3	3
ENSG00000134852.15	CLOCK	chr4	55427903	55546909	3	3	3
ENSG00000238585.1	Y_RNA	chr4	55501595	55501708	3	3	3
ENSG00000223305.1	RN7SKP30	chr4	55540502	55540835	3	3	3
ENSG00000272969.1	AC024243.1	chr4	55547112	55547889	3	3	3
ENSG00000163440.12	PDCL2	chr4	55556519	55592245	3	3	3
ENSG00000109255.11	NMU	chr4	55595229	55636698	3	3	3
ENSG00000251923.1	RNU6-276P	chr4	55798636	55798731	3	3	3
ENSG00000250821.3	EXOC1L	chr4	55819790	55837489	3	3	3
ENSG00000090989.18	EXOC1	chr4	55853648	55905086	3	3	3
ENSG00000202358.1	RNU6-652P	chr4	55885595	55885701	3	3	3
ENSG00000286599.1	AC110611.1	chr4	55889743	55903177	3	3	3
ENSG00000287382.1	AC110611.2	chr4	55938153	55947996	3	3	3
ENSG00000174799.11	CEP135	chr4	55948871	56033361	3	3	3
ENSG00000109265.14	CRACD	chr4	56049073	56328625	3	3	3
ENSG00000200741.1	RNA5SP161	chr4	56097390	56097504	3	3	3
ENSG00000252489.1	RNU6-197P	chr4	56288485	56288584	3	3	3
ENSG00000286093.1	AC022267.1	chr4	56291601	56299873	3	3	3
ENSG00000250324.2	MRPL22P1	chr4	56320719	56321334	3	3	3
ENSG00000157426.14	AASDH	chr4	56338287	56387508	3	3	3
ENSG00000242083.2	RPL7AP31	chr4	56356135	56356932	3	3	3
ENSG00000269921.1	AC068620.1	chr4	56387625	56388153	3	3	3
ENSG00000128059.8	PPAT	chr4	56393362	56435615	3	3	3
ENSG00000270147.1	AC068620.2	chr4	56396312	56396871	3	3	3
ENSG00000283156.1	AC068620.3	chr4	56410516	56431548	3	3	3
ENSG00000128050.9	PAICS	chr4	56435741	56464578	3	3	3
ENSG00000174780.17	SRP72	chr4	56467617	56503681	3	3	3
ENSG00000196503.5	ARL9	chr4	56505209	56524959	3	3	3
ENSG00000249693.3	THEGL	chr4	56530606	56603507	3	3	3
ENSG00000248590.2	GLDCP1	chr4	56593004	56595681	3	3	3
ENSG00000171476.22	HOPX	chr4	56647988	56681899	3	3	3
ENSG00000280285.1	AC108215.1	chr4	56662469	56665694	3	3	3
ENSG00000241250.1	RPL17P20	chr4	56710060	56710614	3	3	3
ENSG00000227040.4	AC022483.1	chr4	56760919	56761485	3	3	3
ENSG00000240545.3	RN7SL492P	chr4	56794348	56794642	3	3	3
ENSG00000265894.2	RN7SL357P	chr4	56805834	56806131	3	3	3
ENSG00000128040.11	SPINK2	chr4	56809860	56821742	3	3	3
ENSG00000278226.1	Metazoa_SRP	chr4	56810422	56810681	3	3	3
ENSG00000251799.1	Y_RNA	chr4	56818218	56818314	3	3	3
ENSG00000084093.19	REST	chr4	56907876	56966808	3	3	3
ENSG00000269949.1	AC069307.1	chr4	56960927	56961373	3	3	3
ENSG00000084092.7	NOA1	chr4	56963350	56977606	3	3	3
ENSG00000047315.17	POLR2B	chr4	56977722	57031158	3	3	3
ENSG00000251703.1	RNU6-998P	chr4	57002692	57002792	3	3	3
ENSG00000163453.11	IGFBP7	chr4	57030773	57110385	3	3	3
ENSG00000250384.1	UBE2CP3	chr4	57072683	57073132	3	3	3
ENSG00000245067.7	IGFBP7-AS1	chr4	57109762	57207459	3	3	3
ENSG00000287369.1	AC111197.1	chr4	57110547	57111400	3	3	3
ENSG00000250192.1	AC105390.1	chr4	57154577	57156452	3	3	3
ENSG00000243920.2	RPS26P24	chr4	57352999	57353329	3	3	3
ENSG00000248505.2	LINC02380	chr4	57424495	57478341	3	3	3
ENSG00000251459.2	AC013724.1	chr4	57490808	57495844	3	3	3
ENSG00000251049.2	AC107396.1	chr4	57595940	57605872	3	3	3
ENSG00000250333.2	AC093725.2	chr4	57605694	57658800	3	3	3
ENSG00000249831.2	AC093725.1	chr4	57720035	57724655	3	3	3
ENSG00000285998.1	AC104790.1	chr4	57841721	57855271	3	3	3
ENSG00000248660.1	SRIP1	chr4	58103147	58103434	3	3	3
ENSG00000249105.2	AC096725.1	chr4	58117758	58118070	3	3	3
ENSG00000250340.1	LINC02494	chr4	58524515	58536328	3	3	3
ENSG00000250078.2	AC019133.1	chr4	58562160	58565212	3	3	3
ENSG00000251339.6	AC017091.1	chr4	58780626	58984194	3	3	3
ENSG00000249382.3	LINC02619	chr4	58939288	58988182	3	3	3
ENSG00000251266.2	LINC02429	chr4	58984215	59046959	3	3	3
ENSG00000250375.2	AC097501.1	chr4	59047020	59075256	3	3	3
ENSG00000286097.1	AC108517.2	chr4	59150924	59180414	3	3	3
ENSG00000249111.1	AC108517.1	chr4	59152834	59176146	3	3	3
ENSG00000199780.1	Y_RNA	chr4	59533786	59533898	3	3	3
ENSG00000249392.1	AC096588.1	chr4	59551142	59630324	3	3	3
ENSG00000249892.1	AC093857.1	chr4	59767816	59792114	3	3	3
ENSG00000201676.1	Y_RNA	chr4	59833175	59833276	3	3	3
ENSG00000201775.1	RNU6-1325P	chr4	59834063	59834167	3	3	3
ENSG00000287174.1	AC092596.1	chr4	59903404	59920670	3	3	3
ENSG00000283043.1	AC097655.1	chr4	60038269	60038586	3	3	3
ENSG00000249066.2	LINC02496	chr4	60750575	60796103	3	3	3
ENSG00000248237.2	AC105420.1	chr4	60784115	60784696	3	3	3
ENSG00000265829.1	MIR548AG1	chr4	60922619	60922684	3	3	3
ENSG00000240152.2	LINC02271	chr4	61143656	61153962	3	3	3
ENSG00000150471.16	ADGRL3	chr4	61201258	62078335	3	3	3
ENSG00000241261.1	RPL17P19	chr4	61211652	61212203	3	3	3
ENSG00000205682.2	AC020741.1	chr4	61420246	61428221	3	3	3
ENSG00000226439.3	AC108161.1	chr4	61775449	61775850	3	3	3
ENSG00000202169.1	Y_RNA	chr4	61906313	61906408	3	3	3
ENSG00000248692.5	ADGRL3-AS1	chr4	62071752	62165554	3	3	3
ENSG00000225405.3	RPS15AP17	chr4	62105660	62106049	3	3	3
ENSG00000288659.1	AC007511.1	chr4	62133796	62220470	3	3	3
ENSG00000241344.1	RPL21P47	chr4	62248294	62248770	3	3	3
ENSG00000250249.2	AC105313.1	chr4	62291562	62292337	3	3	3
ENSG00000288567.1	AC074087.2	chr4	62454245	62454403	3	3	3
ENSG00000248847.2	AC074087.1	chr4	62489495	62490218	3	3	3
ENSG00000248336.1	HMGN1P11	chr4	62510469	62510771	3	3	3
ENSG00000180673.9	EXOC5P1	chr4	62816826	62818794	3	3	3
ENSG00000251055.2	AC097491.1	chr4	63128311	63143881	3	3	3
ENSG00000231442.3	LARP1BP1	chr4	63350114	63351472	3	3	3
ENSG00000250775.2	AC093730.1	chr4	63465511	63529761	3	3	3
ENSG00000205678.8	TECRL	chr4	64275257	64409468	3	3	3
ENSG00000252104.1	RNU6-191P	chr4	64397694	64397787	3	3	3
ENSG00000250768.1	DPP3P1	chr4	64430909	64433215	3	3	3
ENSG00000251430.1	MTCO3P27	chr4	64606418	64606613	3	3	3
ENSG00000251385.2	MTCYBP16	chr4	64607703	64608831	3	3	3
ENSG00000249893.1	MTND6P16	chr4	64608905	64609424	3	3	3
ENSG00000250169.1	MTND5P13	chr4	64609454	64610532	3	3	3
ENSG00000248259.1	MTND4LP31	chr4	64610616	64610909	3	3	3
ENSG00000249045.1	MTND3P24	chr4	64610980	64611308	3	3	3
ENSG00000248328.1	MTCO3P28	chr4	64611374	64611888	3	3	3
ENSG00000244669.1	AC104689.1	chr4	64767130	64767897	3	3	3
ENSG00000286664.1	AC104689.2	chr4	64836361	64883916	3	3	3
ENSG00000250125.4	LINC02232	chr4	64914281	65024485	3	3	3
ENSG00000248447.2	AC107058.1	chr4	65034634	65036017	3	3	3
ENSG00000248998.2	EFL1P2	chr4	65142703	65145763	3	3	3
ENSG00000249351.2	AC096754.1	chr4	65216616	65217433	3	3	3
ENSG00000285711.1	LINC02835	chr4	65225867	65241814	3	3	3
ENSG00000145242.13	EPHA5	chr4	65319563	65670495	3	3	3
ENSG00000243199.1	AC115223.1	chr4	65573459	65574328	3	3	3
ENSG00000250846.6	EPHA5-AS1	chr4	65669961	65698029	3	3	3
ENSG00000248479.1	AC104137.1	chr4	65702202	65705553	3	3	3
ENSG00000222765.1	RNU2-40P	chr4	65807240	65807435	3	3	3
ENSG00000251527.1	AC097110.1	chr4	65858761	65860204	3	3	3
ENSG00000249413.2	AC116049.1	chr4	65998846	66150012	3	3	3
ENSG00000272304.1	AC096721.1	chr4	66003281	66016792	3	3	3
ENSG00000236562.4	IFITM3P1	chr4	66094142	66094526	3	3	3
ENSG00000287383.1	AC110809.1	chr4	66169778	66329377	3	3	3
ENSG00000221563.1	MIR1269A	chr4	66276824	66276928	3	3	3
ENSG00000244099.1	RPS23P3	chr4	66431092	66431521	3	3	3
ENSG00000252890.1	RNU6-699P	chr4	66897262	66897371	3	3	3
ENSG00000250075.7	AC104806.2	chr4	67417305	67468251	3	3	3
ENSG00000206629.1	RNU1-63P	chr4	67429591	67429754	3	3	3
ENSG00000274759.1	RNA5SP527	chr4	67439992	67440118	3	3	3
ENSG00000250030.2	AC104806.1	chr4	67446267	67446574	3	3	3
ENSG00000145241.11	CENPC	chr4	67468762	67545503	3	3	3
ENSG00000035720.8	STAP1	chr4	67558727	67607337	3	3	3
ENSG00000279464.1	AC096720.2	chr4	67607856	67610313	3	3	3
ENSG00000033178.13	UBA6	chr4	67612652	67701155	3	3	3
ENSG00000270257.1	AC096720.1	chr4	67638177	67638359	3	3	3
ENSG00000248049.7	UBA6-AS1	chr4	67701209	68080952	3	3	3
ENSG00000250656.2	ST3GAL1P1	chr4	67716375	67717388	3	3	3
ENSG00000270228.1	AC079880.1	chr4	67718996	67724262	3	3	3
ENSG00000270292.1	AC079880.2	chr4	67725183	67726395	3	3	3
ENSG00000109163.7	GNRHR	chr4	67737118	67754388	3	3	3
ENSG00000202374.1	SNORA62	chr4	67747236	67747386	3	3	3
ENSG00000232398.1	TMPRSS11CP	chr4	67766480	67773854	3	3	3
ENSG00000153802.12	TMPRSS11D	chr4	67820876	67884002	3	3	3
ENSG00000187054.16	TMPRSS11A	chr4	67909395	67964140	3	3	3
ENSG00000229009.7	TMPRSS11GP	chr4	67991684	68015768	3	3	3
ENSG00000207428.1	RNU6-95P	chr4	68003895	68004001	3	3	3
ENSG00000227725.3	GCOM2	chr4	68038544	68039647	3	3	3
ENSG00000283131.1	MTND2P41	chr4	68049706	68050478	3	3	3
ENSG00000198092.6	TMPRSS11F	chr4	68053198	68129869	3	3	3
ENSG00000215127.6	SYT14P1	chr4	68061822	68063269	3	3	3
ENSG00000250426.2	FTLP10	chr4	68182292	68212470	3	3	3
ENSG00000250026.5	TMPRSS11BNL	chr4	68184081	68218080	3	3	3
ENSG00000185873.8	TMPRSS11B	chr4	68226653	68245694	3	3	3
ENSG00000250642.3	AC098799.3	chr4	68282461	68285959	3	3	3
ENSG00000248639.2	AC098799.1	chr4	68293127	68294364	3	3	3
ENSG00000249531.2	AC098799.2	chr4	68300325	68302459	3	3	3
ENSG00000248122.1	APOOP4	chr4	68304343	68304939	3	3	3
ENSG00000083896.13	YTHDC1	chr4	68310387	68350090	3	3	3
ENSG00000162840.4	MT2P1	chr4	68376323	68376505	3	3	3
ENSG00000087128.10	TMPRSS11E	chr4	68447463	68497604	3	3	3
ENSG00000250566.1	UGT2B29P	chr4	68509441	68517647	3	3	3
ENSG00000197888.2	UGT2B17	chr4	68537184	68568527	3	3	3
ENSG00000249472.1	AC147055.2	chr4	68614419	68615013	3	3	3
ENSG00000251101.1	AC147055.4	chr4	68615393	68616137	3	3	3
ENSG00000251074.1	AC147055.3	chr4	68626847	68628899	3	3	3
ENSG00000196620.10	UGT2B15	chr4	68646597	68670652	3	3	3
ENSG00000248635.1	AC147055.1	chr4	68704600	68712498	3	3	3
ENSG00000250376.1	AC093720.1	chr4	68784618	68787474	3	3	3
ENSG00000251236.1	AC021146.8	chr4	68813995	68814727	3	3	3
ENSG00000109181.12	UGT2B10	chr4	68815994	68832023	3	3	3
ENSG00000251424.1	AC021146.9	chr4	68834213	68834368	3	3	3
ENSG00000249235.1	AC021146.4	chr4	68861332	68861610	3	3	3
ENSG00000251529.1	AC021146.11	chr4	68877626	68880131	3	3	3
ENSG00000248547.2	AC021146.2	chr4	68883885	68884440	3	3	3
ENSG00000248613.1	AC021146.3	chr4	68900651	68900910	3	3	3
ENSG00000272626.1	AC021146.12	chr4	68901008	68906983	3	3	3
ENSG00000249985.1	AC021146.6	chr4	68907918	68908034	3	3	3
ENSG00000198277.6	AC021146.1	chr4	68914928	68924741	3	3	3
ENSG00000135220.11	UGT2A3	chr4	68928463	68951804	3	3	3
ENSG00000251498.1	AC021146.10	chr4	68972999	68975993	3	3	3
ENSG00000249735.1	AC021146.5	chr4	68985009	68988533	3	3	3
ENSG00000250277.2	AC021146.7	chr4	68996935	68997709	3	3	3
ENSG00000251685.3	UGT2B27P	chr4	69004862	69020414	3	3	3
ENSG00000249890.1	AC107401.1	chr4	69021656	69022340	3	3	3
ENSG00000250919.1	UGT2B26P	chr4	69027831	69044578	3	3	3
ENSG00000171234.14	UGT2B7	chr4	69051363	69112987	3	3	3
ENSG00000248763.2	AC111000.2	chr4	69066395	69069888	3	3	3
ENSG00000251284.2	AC111000.5	chr4	69125274	69126451	3	3	3
ENSG00000250100.2	AC111000.3	chr4	69131351	69134814	3	3	3
ENSG00000251427.1	AC111000.6	chr4	69144734	69147671	3	3	3
ENSG00000196472.4	AC111000.1	chr4	69181660	69182372	3	3	3
ENSG00000250696.5	AC111000.4	chr4	69182100	69216766	3	3	3
ENSG00000213759.10	UGT2B11	chr4	69199951	69214748	3	3	3
ENSG00000268803.1	AC114797.1	chr4	69215908	69216635	3	3	3
ENSG00000249763.1	AC114786.1	chr4	69242628	69250815	3	3	3
ENSG00000135226.18	UGT2B28	chr4	69280475	69295050	3	3	3
ENSG00000251691.2	AC114786.3	chr4	69306469	69307173	3	3	3
ENSG00000250612.2	AC114786.2	chr4	69346609	69358177	3	3	3
ENSG00000268209.1	AC114786.4	chr4	69387580	69388307	3	3	3
ENSG00000215110.7	UGT2B25P	chr4	69389492	69402081	3	3	3
ENSG00000248824.2	AC108078.1	chr4	69406931	69407655	3	3	3
ENSG00000249956.4	UGT2B24P	chr4	69408828	69423164	3	3	3
ENSG00000250828.2	AC108078.3	chr4	69437357	69441050	3	3	3
ENSG00000249686.1	AC108078.2	chr4	69450014	69451613	3	3	3
ENSG00000156096.14	UGT2B4	chr4	69480165	69526014	3	3	3
ENSG00000248886.2	UGT2A3P7	chr4	69517667	69518400	3	3	3
ENSG00000251177.2	AC093829.1	chr4	69572391	69585527	3	3	3
ENSG00000271271.6	UGT2A2	chr4	69588417	69639642	3	3	3
ENSG00000173610.12	UGT2A1	chr4	69588417	69653249	3	3	3
ENSG00000173597.9	SULT1B1	chr4	69721167	69787961	3	3	3
ENSG00000236959.1	SULT1D1P	chr4	69791872	69813888	3	3	3
ENSG00000284695.1	AC108941.3	chr4	69810780	69847786	3	3	3
ENSG00000109193.12	SULT1E1	chr4	69841212	69860145	3	3	3
ENSG00000251489.2	AC108941.1	chr4	69888877	69889406	3	3	3
ENSG00000126545.14	CSN1S1	chr4	69931068	69946574	3	3	3
ENSG00000135222.6	CSN2	chr4	69955256	69961007	3	3	3
ENSG00000126549.11	STATH	chr4	69995966	70002570	3	3	3
ENSG00000205649.9	HTN3	chr4	70028455	70036538	3	3	3
ENSG00000126550.10	HTN1	chr4	70050438	70058848	3	3	3
ENSG00000234124.6	CSN1S2AP	chr4	70067386	70085290	3	3	3
ENSG00000187533.14	PRR27	chr4	70133616	70176799	3	3	3
ENSG00000109205.16	ODAM	chr4	70196496	70204576	3	3	3
ENSG00000181617.6	FDCSP	chr4	70226124	70235252	3	3	3
ENSG00000171209.3	CSN3	chr4	70242588	70251428	3	3	3
ENSG00000145309.6	CABS1	chr4	70334981	70337116	3	3	3
ENSG00000109208.5	SMR3A	chr4	70360760	70367158	3	3	3
ENSG00000171201.12	SMR3B	chr4	70370093	70390244	3	3	3
ENSG00000171199.11	OPRPN	chr4	70397931	70410195	3	3	3
ENSG00000171195.11	MUC7	chr4	70430492	70482997	3	3	3
ENSG00000187689.10	AMTN	chr4	70518569	70532743	3	3	3
ENSG00000178522.14	AMBN	chr4	70592256	70607288	3	3	3
ENSG00000132464.13	ENAM	chr4	70628744	70646824	3	3	3
ENSG00000286848.1	AC009570.2	chr4	70637745	70686816	3	3	3
ENSG00000132465.12	JCHAIN	chr4	70655541	70681817	3	3	3
ENSG00000132467.4	UTP3	chr4	70688532	70690551	3	3	3
ENSG00000207448.1	RNU6-520P	chr4	70701755	70701858	3	3	3
ENSG00000207058.1	RNU6-784P	chr4	70703018	70703123	3	3	3
ENSG00000272986.1	AC009570.1	chr4	70703747	70704491	3	3	3
ENSG00000018189.13	RUFY3	chr4	70704204	70808619	3	3	3
ENSG00000132463.14	GRSF1	chr4	70815783	70839897	3	3	3
ENSG00000283313.1	U6	chr4	70848136	70848218	3	3	3
ENSG00000207007.1	RNU6-891P	chr4	70852130	70852240	3	3	3
ENSG00000173542.9	MOB1B	chr4	70902326	71022449	3	3	3
ENSG00000156136.10	DCK	chr4	70992538	71030914	3	3	3
ENSG00000080493.18	SLC4A4	chr4	71062667	71572087	3	3	3
ENSG00000249170.1	AC096713.1	chr4	71300258	71301235	3	3	3
ENSG00000270098.1	LDHAL6EP	chr4	71434405	71437924	3	3	3
ENSG00000145321.13	GC	chr4	71741696	71804041	3	3	3
ENSG00000222236.1	RNA5SP163	chr4	71759518	71759616	3	3	3
ENSG00000248567.1	AC068721.1	chr4	71821305	71823980	3	3	3
ENSG00000056291.17	NPFFR2	chr4	72031804	72148067	3	3	3
ENSG00000156140.10	ADAMTS3	chr4	72280969	72569221	3	3	3
ENSG00000250877.1	AC095056.1	chr4	72323028	72330751	3	3	3
ENSG00000270665.1	HNRNPA1P67	chr4	72807267	72808192	3	3	3
ENSG00000252955.1	RNU4ATAC9P	chr4	72965178	72965303	3	3	3
ENSG00000210839.1	RNU6ATAC5P	chr4	73026748	73026873	3	3	3
ENSG00000163626.17	COX18	chr4	73052362	73069755	3	3	3
ENSG00000132466.19	ANKRD17	chr4	73073376	73258798	3	3	3
ENSG00000248641.1	HMGA1P2	chr4	73098822	73099145	3	3	3
ENSG00000250220.1	AC053527.2	chr4	73259209	73317953	3	3	3
ENSG00000221639.1	AC053527.1	chr4	73263960	73264084	3	3	3
ENSG00000249976.2	AC108157.1	chr4	73337233	73337771	3	3	3
ENSG00000163631.17	ALB	chr4	73397114	73421482	3	3	3
ENSG00000081051.8	AFP	chr4	73431138	73456174	3	3	3
ENSG00000079557.5	AFM	chr4	73481745	73504001	3	3	3
ENSG00000250436.1	LINC02499	chr4	73508803	73534128	3	3	3
ENSG00000249970.1	AC074250.1	chr4	73543822	73544013	3	3	3
ENSG00000169435.14	RASSF6	chr4	73571550	73620631	3	3	3
ENSG00000228277.1	UMLILO	chr4	73710302	73714527	3	3	3
ENSG00000169429.11	CXCL8	chr4	73740541	73743716	3	3	3
ENSG00000249051.2	AC112518.1	chr4	73777636	73778060	3	3	3
ENSG00000124875.10	CXCL6	chr4	73836640	73849064	3	3	3
ENSG00000250550.3	PPBPP1	chr4	73847866	73848829	3	3	3
ENSG00000109272.4	PF4V1	chr4	73853296	73854483	3	3	3
ENSG00000163739.5	CXCL1	chr4	73869393	73871308	3	3	3
ENSG00000249920.2	HNRNPA1P55	chr4	73938604	73939558	3	3	3
ENSG00000250339.2	CXCL1P1	chr4	73944011	73944324	3	3	3
ENSG00000163737.4	PF4	chr4	73980811	73982027	3	3	3
ENSG00000163736.4	PPBP	chr4	73986439	73988190	3	3	3
ENSG00000163735.7	CXCL5	chr4	73995642	73998677	3	3	3
ENSG00000287037.1	AC097709.1	chr4	73997933	74007682	3	3	3
ENSG00000244194.3	RN7SL218P	chr4	74011578	74011876	3	3	3
ENSG00000163734.4	CXCL3	chr4	74036589	74038807	3	3	3
ENSG00000248848.1	PPBPP2	chr4	74054038	74055399	3	3	3
ENSG00000288019.1	AC093677.3	chr4	74076533	74078973	3	3	3
ENSG00000251017.1	AC093677.1	chr4	74085995	74086672	3	3	3
ENSG00000081041.9	CXCL2	chr4	74097040	74099196	3	3	3
ENSG00000163738.18	MTHFD2L	chr4	74114174	74303099	3	3	3
ENSG00000269559.2	AC093677.2	chr4	74156511	74158373	3	3	3
ENSG00000182585.10	EPGN	chr4	74308470	74316789	3	3	3
ENSG00000124882.4	EREG	chr4	74365145	74388749	3	3	3
ENSG00000250532.1	AC021180.1	chr4	74418917	74440457	3	3	3
ENSG00000109321.11	AREG	chr4	74445136	74455005	3	3	3
ENSG00000249942.1	AC239584.1	chr4	74552584	74589481	3	3	3
ENSG00000174808.12	BTC	chr4	74744759	74794523	3	3	3
ENSG00000287375.1	AC098825.1	chr4	74881174	74882934	3	3	3
ENSG00000250356.1	HSPE1P23	chr4	74917822	74918138	3	3	3
ENSG00000169116.11	PARM1	chr4	74933095	75050115	3	3	3
ENSG00000249717.1	PARM1-AS1	chr4	74955974	74970362	3	3	3
ENSG00000248165.1	AC110760.1	chr4	74993877	75034824	3	3	3
ENSG00000260265.1	LINC02562	chr4	75081702	75084717	3	3	3
ENSG00000250315.2	AC110760.2	chr4	75101477	75101943	3	3	3
ENSG00000250560.2	AC093870.1	chr4	75194867	75195079	3	3	3
ENSG00000251185.1	AC025244.1	chr4	75269068	75361182	3	3	3
ENSG00000251454.1	AC025244.2	chr4	75341279	75359024	3	3	3
ENSG00000251383.1	LINC02483	chr4	75354076	75362566	3	3	3
ENSG00000248646.1	AC096759.1	chr4	75361207	75434449	3	3	3
ENSG00000250735.5	AC096759.2	chr4	75401195	75423023	3	3	3
ENSG00000163743.13	RCHY1	chr4	75479037	75514764	3	3	3
ENSG00000174796.12	THAP6	chr4	75513946	75550473	3	3	3
ENSG00000174792.11	ODAPH	chr4	75556048	75565871	3	3	3
ENSG00000138769.11	CDKL2	chr4	75576496	75630716	3	3	3
ENSG00000138757.15	G3BP2	chr4	75641849	75724589	3	3	3
ENSG00000201644.2	Y_RNA	chr4	75662120	75662213	3	3	3
ENSG00000138768.15	USO1	chr4	75724577	75814286	3	3	3
ENSG00000229717.3	AC110615.1	chr4	75822966	75838389	3	3	3
ENSG00000222644.1	RNU2-16P	chr4	75829454	75829589	3	3	3
ENSG00000156194.18	PPEF2	chr4	75859864	75902571	3	3	3
ENSG00000138744.16	NAAA	chr4	75913660	75941013	3	3	3
ENSG00000198301.12	SDAD1	chr4	75940950	75990962	3	3	3
ENSG00000245928.2	SDAD1-AS1	chr4	75980790	76005942	3	3	3
ENSG00000138755.6	CXCL9	chr4	76001275	76007509	3	3	3
ENSG00000156219.17	ART3	chr4	76011184	76112802	3	3	3
ENSG00000169245.6	CXCL10	chr4	76021118	76023497	3	3	3
ENSG00000169248.13	CXCL11	chr4	76033682	76041415	3	3	3
ENSG00000225846.4	AC112719.1	chr4	76036750	76037064	3	3	3
ENSG00000138750.15	NUP54	chr4	76114659	76148444	3	3	3
ENSG00000286074.1	AC110795.1	chr4	76148561	76200666	3	3	3
ENSG00000138760.10	SCARB2	chr4	76158737	76234536	3	3	3
ENSG00000189157.14	FAM47E	chr4	76214040	76283783	3	3	3
ENSG00000287401.1	AC034139.1	chr4	76240740	76312098	3	3	3
ENSG00000272414.6	FAM47E-STBD1	chr4	76251721	76311129	3	3	3
ENSG00000118804.8	STBD1	chr4	76306026	76311599	3	3	3
ENSG00000163749.17	CCDC158	chr4	76312997	76421868	3	3	3
ENSG00000249858.2	SNX5P1	chr4	76344550	76345590	3	3	3
ENSG00000212368.1	RNU6-1000P	chr4	76356610	76356715	3	3	3
ENSG00000240426.1	AC096743.2	chr4	76401251	76401569	3	3	3
ENSG00000199857.1	AC096743.1	chr4	76402076	76402146	3	3	3
ENSG00000138771.16	SHROOM3	chr4	76435229	76783253	3	3	3
ENSG00000249278.1	AC112249.1	chr4	76509284	76509719	3	3	3
ENSG00000207307.1	RNU6-145P	chr4	76532222	76532327	3	3	3
ENSG00000263445.1	MIR4450	chr4	76573568	76573632	3	3	3
ENSG00000283682.1	MIR548AH	chr4	76575551	76575626	3	3	3
ENSG00000233860.2	SHROOM3-AS1	chr4	76708853	76802426	3	3	3
ENSG00000224218.1	AC107072.1	chr4	76758554	76801964	3	3	3
ENSG00000270244.1	AC104687.2	chr4	76886029	76886370	3	3	3
ENSG00000242727.2	AC104687.1	chr4	76891034	76891445	3	3	3
ENSG00000186212.4	SOWAHB	chr4	76894152	76898144	3	3	3
ENSG00000138758.12	SEPTIN11	chr4	76949751	77040384	3	3	3
ENSG00000234036.4	TXNP6	chr4	76958860	76959169	3	3	3
ENSG00000118816.11	CCNI	chr4	77047155	77076309	3	3	3
ENSG00000214062.5	RPL7P17	chr4	77082403	77083126	3	3	3
ENSG00000271676.1	AC104771.1	chr4	77112495	77113458	3	3	3
ENSG00000201641.1	RNU6-1187P	chr4	77150328	77150437	3	3	3
ENSG00000138764.15	CCNG2	chr4	77157207	77433388	3	3	3
ENSG00000270669.1	AC008638.3	chr4	77216416	77216878	3	3	3
ENSG00000250006.2	AC008638.2	chr4	77311397	77312111	3	3	3
ENSG00000248831.2	AC008638.1	chr4	77350370	77351235	3	3	3
ENSG00000249036.1	AC092674.1	chr4	77394491	77494286	3	3	3
ENSG00000156234.7	CXCL13	chr4	77511753	77611834	3	3	3
ENSG00000221711.1	AC104701.1	chr4	77702746	77702803	3	3	3
ENSG00000138767.13	CNOT6L	chr4	77713387	77819615	3	3	3
ENSG00000169288.18	MRPL1	chr4	77862830	77952785	3	3	3
ENSG00000250214.1	AC112225.1	chr4	77864508	77864804	3	3	3
ENSG00000248926.1	AC114801.2	chr4	77958000	77958780	3	3	3
ENSG00000248956.1	HMGB1P44	chr4	77963940	77964511	3	3	3
ENSG00000248640.1	HNRNPA1P56	chr4	77987860	77988813	3	3	3
ENSG00000248128.1	AC114801.1	chr4	78003143	78003439	3	3	3
ENSG00000249072.1	AC114801.3	chr4	78008512	78008688	3	3	3
ENSG00000138759.19	FRAS1	chr4	78057323	78544269	3	3	3
ENSG00000249565.2	SERBP1P5	chr4	78180866	78182046	3	3	3
ENSG00000248117.1	MICOS10P4	chr4	78379197	78379514	3	3	3
ENSG00000138772.13	ANXA3	chr4	78551747	78610451	3	3	3
ENSG00000200998.1	Y_RNA	chr4	78632273	78632385	3	3	3
ENSG00000251442.6	LINC01094	chr4	78638780	78683185	3	3	3
ENSG00000251019.1	HIGD1AP13	chr4	78648954	78649242	3	3	3
ENSG00000287632.1	AC112253.1	chr4	78669690	78691671	3	3	3
ENSG00000239793.1	AC098818.1	chr4	78768499	78768750	3	3	3
ENSG00000260278.1	AC098818.2	chr4	78773654	78775973	3	3	3
ENSG00000138756.18	BMP2K	chr4	78776342	78916372	3	3	3
ENSG00000266270.1	AC098818.3	chr4	78820752	78820821	3	3	3
ENSG00000163291.14	PAQR3	chr4	78887127	78939438	3	3	3
ENSG00000242175.3	RN7SL127P	chr4	78898855	78899154	3	3	3
ENSG00000249307.7	LINC01088	chr4	78939485	79309673	3	3	3
ENSG00000156269.5	NAA11	chr4	79225694	79326061	3	3	3
ENSG00000196475.6	GK2	chr4	79406361	79408228	3	3	3
ENSG00000250334.6	LINC00989	chr4	79491802	79623479	3	3	3
ENSG00000249646.2	OR7E94P	chr4	79587302	79588130	3	3	3
ENSG00000251399.1	AC092542.1	chr4	79596542	79597173	3	3	3
ENSG00000248408.1	LINC02469	chr4	79663761	79696837	3	3	3
ENSG00000251321.1	PCAT4	chr4	79827471	79877770	3	3	3
ENSG00000212620.1	SNORA75	chr4	79843102	79843228	3	3	3
ENSG00000163297.17	ANTXR2	chr4	79901146	80125454	3	3	3
ENSG00000236530.2	KPNA2P1	chr4	80079532	80081122	3	3	3
ENSG00000244002.1	RPSAP39	chr4	80161129	80162011	3	3	3
ENSG00000248719.2	AC021127.1	chr4	80182637	80197410	3	3	3
ENSG00000152784.16	PRDM8	chr4	80183879	80204329	3	3	3
ENSG00000138675.16	FGF5	chr4	80266599	80336680	3	3	3
ENSG00000197826.12	CFAP299	chr4	80335730	80963750	3	3	3
ENSG00000232327.4	AC105917.1	chr4	80386178	80388716	3	3	3
ENSG00000152785.8	BMP3	chr4	81030708	81057627	3	3	3
ENSG00000138669.9	PRKG2	chr4	81087370	81215117	3	3	3
ENSG00000251059.6	PRKG2-AS1	chr4	81164922	81193395	3	3	3
ENSG00000207065.1	RNU5A-2P	chr4	81334303	81334418	3	3	3
ENSG00000138670.18	RASGEF1B	chr4	81426393	82044244	3	3	3
ENSG00000248282.1	MTCYBP44	chr4	81733385	81734207	3	3	3
ENSG00000248448.2	COX5BP1	chr4	81919995	81920387	3	3	3
ENSG00000252762.1	AC021863.1	chr4	81928313	81928439	3	3	3
ENSG00000248543.2	NPM1P41	chr4	82010665	82013095	3	3	3
ENSG00000250826.2	HNRNPA3P13	chr4	82128535	82129656	3	3	3
ENSG00000202485.1	RNU6-499P	chr4	82174547	82174653	3	3	3
ENSG00000234568.3	BIN2P1	chr4	82275071	82276600	3	3	3
ENSG00000284516.1	VAMP9P	chr4	82284971	82340013	3	3	3
ENSG00000273156.2	AC124016.2	chr4	82344876	82346842	3	3	3
ENSG00000138668.19	HNRNPD	chr4	82352498	82374503	3	3	3
ENSG00000272677.1	AC124016.1	chr4	82374301	82384027	3	3	3
ENSG00000250325.1	IGBP1P4	chr4	82401578	82402456	3	3	3
ENSG00000202440.1	SNORD42	chr4	82402638	82402706	3	3	3
ENSG00000152795.17	HNRNPDL	chr4	82422564	82430408	3	3	3
ENSG00000145293.16	ENOPH1	chr4	82430590	82461177	3	3	3
ENSG00000249242.8	TMEM150C	chr4	82483170	82562357	3	3	3
ENSG00000214988.4	RPL7AP26	chr4	82490823	82491635	3	3	3
ENSG00000227304.3	AC067942.1	chr4	82494786	82496278	3	3	3
ENSG00000249960.2	AC067942.3	chr4	82571137	82571814	3	3	3
ENSG00000248113.2	AC067942.2	chr4	82580117	82581384	3	3	3
ENSG00000231782.7	LINC00575	chr4	82610974	82621610	3	3	3
ENSG00000286490.1	AC067942.4	chr4	82612184	82615575	3	3	3
ENSG00000145284.12	SCD5	chr4	82629539	82798796	3	3	3
ENSG00000270480.1	AC073413.1	chr4	82691737	82692468	3	3	3
ENSG00000207746.1	MIR575	chr4	82753337	82753430	3	3	3
ENSG00000270842.1	AC073413.2	chr4	82775461	82776101	3	3	3
ENSG00000138674.17	SEC31A	chr4	82818509	82901166	3	3	3
ENSG00000251022.6	THAP9-AS1	chr4	82893009	82900960	3	3	3
ENSG00000168152.13	THAP9	chr4	82900684	82919969	3	3	3
ENSG00000189308.11	LIN54	chr4	82909973	83012926	3	3	3
ENSG00000199530.1	Y_RNA	chr4	82944738	82944845	3	3	3
ENSG00000251874.1	RNU6-615P	chr4	83003412	83003517	3	3	3
ENSG00000138663.9	COPS4	chr4	83034447	83075818	3	3	3
ENSG00000286035.1	AC073840.1	chr4	83075957	83085600	3	3	3
ENSG00000145287.11	PLAC8	chr4	83090048	83137075	3	3	3
ENSG00000250057.1	AC114781.2	chr4	83233512	83247213	3	3	3
ENSG00000250677.1	AC114781.3	chr4	83237303	83237444	3	3	3
ENSG00000248401.2	AC114781.1	chr4	83247179	83248206	3	3	3
ENSG00000173085.15	COQ2	chr4	83261536	83284914	3	3	3
ENSG00000173083.15	HPSE	chr4	83292461	83335153	3	3	3
ENSG00000274154.1	AC114781.5	chr4	83369416	83369523	3	3	3
ENSG00000251647.2	AC114781.4	chr4	83377363	83378076	3	3	3
ENSG00000163312.11	HELQ	chr4	83407343	83455855	3	3	3
ENSG00000163319.11	MRPS18C	chr4	83455932	83469735	3	3	3
ENSG00000163322.14	ABRAXAS1	chr4	83459517	83523348	3	3	3
ENSG00000213608.5	SLC25A14P1	chr4	83477524	83478424	3	3	3
ENSG00000239525.1	RPL30P5	chr4	83502699	83503034	3	3	3
ENSG00000138678.11	GPAT3	chr4	83535914	83605875	3	3	3
ENSG00000201633.1	Y_RNA	chr4	83636196	83636290	3	3	3
ENSG00000249171.1	AC021192.1	chr4	83668510	83731755	3	3	3
ENSG00000250546.6	AC079160.1	chr4	83796436	84299189	3	3	3
ENSG00000200108.1	RNU6-774P	chr4	84233657	84233763	3	3	3
ENSG00000214980.4	AC025538.1	chr4	84244003	84245488	3	3	3
ENSG00000248749.1	AC104063.1	chr4	84371393	84380189	3	3	3
ENSG00000163623.9	NKX6-1	chr4	84491987	84498450	3	3	3
ENSG00000258013.2	RPL3P13	chr4	84544304	84544519	3	3	3
ENSG00000163624.6	CDS1	chr4	84583127	84651334	3	3	3
ENSG00000163625.16	WDFY3	chr4	84669597	84966690	3	3	3
ENSG00000239466.3	RN7SL552P	chr4	84687725	84688000	3	3	3
ENSG00000251260.2	WDFY3-AS1	chr4	84796614	84810403	3	3	3
ENSG00000252062.1	RNU6-469P	chr4	84886386	84886486	3	3	3
ENSG00000180769.10	WDFY3-AS2	chr4	84965534	85011277	3	3	3
ENSG00000286189.1	AC108021.1	chr4	84970180	84970730	3	3	3
ENSG00000201901.1	RN7SKP48	chr4	85100496	85100823	3	3	3
ENSG00000248725.3	AC097488.1	chr4	85246157	85246912	3	3	3
ENSG00000138639.18	ARHGAP24	chr4	85475150	86002668	3	3	3
ENSG00000266421.3	MIR4451	chr4	85722468	85722533	3	3	3
ENSG00000109339.24	MAPK10	chr4	85990007	86594625	3	3	3
ENSG00000250062.5	MAPK10-AS1	chr4	86117912	86219926	3	3	3
ENSG00000252757.1	RN7SKP96	chr4	86336318	86336614	3	3	3
ENSG00000266515.1	MIR4452	chr4	86542482	86542552	3	3	3
ENSG00000163629.13	PTPN13	chr4	86594315	86815171	3	3	3
ENSG00000145283.8	SLC10A6	chr4	86823468	86849384	3	3	3
ENSG00000243312.3	AC093827.1	chr4	86870191	86871404	3	3	3
ENSG00000163633.12	C4orf36	chr4	86876205	86892422	3	3	3
ENSG00000250202.2	AC093827.2	chr4	86876338	86876652	3	3	3
ENSG00000285458.1	AC093827.5	chr4	86886472	86936178	3	3	3
ENSG00000251411.1	AC093827.3	chr4	86913266	86914817	3	3	3
ENSG00000284968.1	AC093827.4	chr4	86924630	86936202	3	3	3
ENSG00000172493.22	AFF1	chr4	86935002	87141054	3	3	3
ENSG00000235043.3	TECRP1	chr4	86949669	86950113	3	3	3
ENSG00000145332.14	KLHL8	chr4	87160103	87240314	3	3	3
ENSG00000248196.1	AC092658.1	chr4	87166844	87167734	3	3	3
ENSG00000248180.1	GAPDHP60	chr4	87207092	87208086	3	3	3
ENSG00000250572.1	AC108516.1	chr4	87261931	87266822	3	3	3
ENSG00000263981.1	MIR5705	chr4	87300495	87300583	3	3	3
ENSG00000170509.12	HSD17B13	chr4	87303789	87322886	3	3	3
ENSG00000255723.1	AC108516.2	chr4	87317170	87345210	3	3	3
ENSG00000198189.11	HSD17B11	chr4	87336515	87391188	3	3	5
ENSG00000240966.3	RN7SL681P	chr4	87386883	87387174	3	3	3
ENSG00000249262.2	AC112250.1	chr4	87410644	87411388	3	3	3
ENSG00000170502.13	NUDT9	chr4	87422573	87459455	3	3	3
ENSG00000272856.1	AC112250.2	chr4	87460807	87462280	3	3	3
ENSG00000152583.12	SPARCL1	chr4	87473335	87531061	3	3	3
ENSG00000249001.5	AC093895.1	chr4	87568035	87733956	3	3	3
ENSG00000152591.15	DSPP	chr4	87608529	87616873	3	3	3
ENSG00000152592.14	DMP1	chr4	87650280	87664361	3	3	3
ENSG00000200024.1	Y_RNA	chr4	87743952	87744053	3	3	3
ENSG00000249973.2	CHCHD2P7	chr4	87785920	87786371	3	3	3
ENSG00000029559.7	IBSP	chr4	87799554	87812435	3	3	3
ENSG00000152595.16	MEPE	chr4	87821411	87846817	3	3	3
ENSG00000183199.6	HSP90AB3P	chr4	87891843	87894015	3	3	3
ENSG00000286618.1	AC131944.1	chr4	87974385	88008477	3	3	3
ENSG00000118785.14	SPP1	chr4	87975650	87983426	3	3	3
ENSG00000202000.1	RNU1-36P	chr4	88000237	88000401	3	3	3
ENSG00000118762.8	PKD2	chr4	88007635	88077777	3	3	3
ENSG00000118777.12	ABCG2	chr4	88090150	88231628	3	3	3
ENSG00000241853.1	AC097484.1	chr4	88163579	88163967	3	3	3
ENSG00000201707.1	RNU6-818P	chr4	88201703	88201810	3	3	3
ENSG00000221440.1	RNU6ATAC31P	chr4	88206427	88206552	3	3	3
ENSG00000251285.2	AC097484.2	chr4	88220569	88223837	3	3	3
ENSG00000199326.1	RNU6-1298P	chr4	88226729	88226829	3	3	3
ENSG00000163644.15	PPM1K	chr4	88257620	88284769	3	3	3
ENSG00000200469.1	RNU6-112P	chr4	88275205	88275308	3	3	3
ENSG00000246375.3	PPM1K-DT	chr4	88284507	88331421	3	3	3
ENSG00000207480.1	Y_RNA	chr4	88330176	88330278	3	3	3
ENSG00000287181.1	AC107067.2	chr4	88352222	88358423	3	3	3
ENSG00000286978.1	AC107067.1	chr4	88358945	88361304	3	3	3
ENSG00000138642.15	HERC6	chr4	88378739	88443097	3	3	3
ENSG00000138646.9	HERC5	chr4	88457119	88506163	3	3	3
ENSG00000249934.2	NCOA4P2	chr4	88508591	88510403	3	3	3
ENSG00000145337.5	PYURF	chr4	88520998	88523776	3	3	3
ENSG00000255072.2	PIGY	chr4	88520998	88523776	3	3	3
ENSG00000287542.1	AC098582.1	chr4	88523810	88708450	3	3	3
ENSG00000285122.1	PIGY-DT	chr4	88523826	88524983	3	3	3
ENSG00000249755.2	AC083829.1	chr4	88527160	88528170	3	3	3
ENSG00000252322.1	RN7SKP244	chr4	88583666	88583972	3	3	3
ENSG00000138641.18	HERC3	chr4	88592434	88708541	3	3	3
ENSG00000207524.1	RNU6-33P	chr4	88684848	88684954	3	3	3
ENSG00000177432.8	NAP1L5	chr4	88695913	88697829	3	3	3
ENSG00000248019.3	FAM13A-AS1	chr4	88709298	88730103	3	3	3
ENSG00000278151.1	AC108065.2	chr4	88710147	88710265	3	3	3
ENSG00000276003.1	AC108065.1	chr4	88723209	88723316	3	3	3
ENSG00000138640.15	FAM13A	chr4	88725955	89111398	3	3	3
ENSG00000180346.4	TIGD2	chr4	89111533	89114901	3	3	3
ENSG00000270720.1	AC104785.1	chr4	89119284	89119871	3	3	3
ENSG00000212226.1	RNU6-907P	chr4	89130852	89130953	3	3	3
ENSG00000185477.5	GPRIN3	chr4	89236383	89307800	3	3	3
ENSG00000251095.7	AC093866.1	chr4	89410960	89726752	3	3	3
ENSG00000288563.1	AC097478.4	chr4	89582507	89704590	3	3	3
ENSG00000145335.17	SNCA	chr4	89700345	89838315	3	3	3
ENSG00000274238.1	AC097478.1	chr4	89743792	89744305	3	3	3
ENSG00000277695.1	AC097478.3	chr4	89747802	89755853	3	3	3
ENSG00000276542.1	AC097478.2	chr4	89748283	89749154	3	3	3
ENSG00000247775.2	SNCA-AS1	chr4	89836408	89841978	3	3	3
ENSG00000138722.10	MMRN1	chr4	89879532	89954629	3	3	3
ENSG00000287239.1	AC105445.1	chr4	89995223	89999409	3	3	3
ENSG00000184305.15	CCSER1	chr4	90127535	91601913	3	3	3
ENSG00000252087.1	RN7SKP248	chr4	90370123	90370427	3	3	3
ENSG00000251401.2	AC093729.1	chr4	90682996	90683123	3	3	3
ENSG00000187653.11	TMSB4XP8	chr4	90838903	90839037	3	3	3
ENSG00000248984.1	AC004054.1	chr4	91108023	91112790	3	3	3
ENSG00000249049.1	AC074124.1	chr4	91319034	91325306	3	3	3
ENSG00000279013.1	AC110774.1	chr4	91603275	91605292	3	3	3
ENSG00000249891.2	KRT19P6	chr4	91885046	91885254	3	3	3
ENSG00000249052.1	AC093810.1	chr4	91887886	91904335	3	3	3
ENSG00000248817.1	PMPCAP1	chr4	92182477	92184052	3	3	3
ENSG00000287392.1	AC097520.2	chr4	92183235	92265316	3	3	3
ENSG00000280056.1	AC097520.1	chr4	92260367	92260751	3	3	3
ENSG00000249152.1	LNCPRESS2	chr4	92268767	92277075	3	3	3
ENSG00000248511.1	AC112695.1	chr4	92297251	92304178	3	3	3
ENSG00000152208.13	GRID2	chr4	92303966	93810157	3	3	3
ENSG00000251449.2	MTND1P19	chr4	92702345	92702659	3	3	3
ENSG00000249239.2	AC095059.2	chr4	92821986	92822918	3	3	3
ENSG00000248627.1	AC095059.1	chr4	92833685	92838842	3	3	3
ENSG00000248750.2	AC020699.1	chr4	92884663	92885107	3	3	3
ENSG00000250908.1	AC110800.1	chr4	93318623	93319786	3	3	3
ENSG00000252342.1	RNA5SP164	chr4	93820171	93820280	3	3	3
ENSG00000172238.6	ATOH1	chr4	93828753	93830964	3	3	3
ENSG00000246541.2	AC096746.1	chr4	94117792	94207556	3	3	3
ENSG00000250897.2	HMGB3P15	chr4	94195940	94196513	3	3	3
ENSG00000163104.18	SMARCAD1	chr4	94207611	94291292	3	3	3
ENSG00000163106.11	HPGDS	chr4	94298535	94342876	3	3	3
ENSG00000287552.1	AC109925.1	chr4	94315486	94343041	3	3	3
ENSG00000241103.1	RPL35AP11	chr4	94369833	94370163	3	3	3
ENSG00000163110.15	PDLIM5	chr4	94451857	94668227	3	3	3
ENSG00000249951.1	AC108067.1	chr4	94675245	94702570	3	3	3
ENSG00000249599.2	BMPR1B-DT	chr4	94743668	94757681	3	3	3
ENSG00000138696.11	BMPR1B	chr4	94757955	95158448	3	3	3
ENSG00000182168.15	UNC5C	chr4	95162504	95549206	3	3	3
ENSG00000271474.1	AC106881.1	chr4	95549129	95552457	3	3	3
ENSG00000242936.1	RPL30P6	chr4	95644952	95645293	3	3	3
ENSG00000163114.6	PDHA2	chr4	95840093	95841464	3	3	3
ENSG00000200622.1	RNU6-1059P	chr4	95868667	95868764	3	3	3
ENSG00000201744.1	RNU6-34P	chr4	96152297	96152403	3	3	3
ENSG00000250655.1	AC096661.1	chr4	96212279	96213100	3	3	3
ENSG00000248510.2	LINC02267	chr4	96310701	96818864	3	3	3
ENSG00000201640.2	RN7SKP28	chr4	96348734	96349038	3	3	3
ENSG00000287841.1	AC096585.1	chr4	96841995	96857900	3	3	3
ENSG00000236764.4	COX7A2P2	chr4	96902801	96903050	3	3	3
ENSG00000253170.1	AC108515.1	chr4	97120701	97135059	3	3	3
ENSG00000163116.10	STPG2	chr4	97184093	98143476	3	3	3
ENSG00000254044.5	AC034154.1	chr4	97334635	97633823	3	3	3
ENSG00000251620.3	STPG2-AS1	chr4	97366681	97491899	3	3	3
ENSG00000250293.1	CRYZP2	chr4	97916353	97917401	3	3	3
ENSG00000242697.2	RPL5P12	chr4	98025390	98026240	3	3	3
ENSG00000214904.5	DUTP8	chr4	98048555	98049043	3	3	3
ENSG00000214559.3	AC019077.1	chr4	98251688	98261630	3	3	3
ENSG00000138698.15	RAP1GDS1	chr4	98261384	98443858	3	3	3
ENSG00000242318.1	AC058823.1	chr4	98409290	98409763	3	3	3
ENSG00000168785.8	TSPAN5	chr4	98470367	98658611	3	3	3
ENSG00000251523.1	AC108159.1	chr4	98496364	98509935	3	3	3
ENSG00000260641.1	AC114811.2	chr4	98658904	98664550	3	3	3
ENSG00000249764.1	AC114811.1	chr4	98713804	98713971	3	3	3
ENSG00000227118.3	BTF3P13	chr4	98740742	98741231	3	3	3
ENSG00000151247.12	EIF4E	chr4	98871684	98930637	3	3	3
ENSG00000249055.1	TBCAP3	chr4	98909537	98909848	3	3	3
ENSG00000263923.1	AC019131.1	chr4	98928897	98994994	3	3	3
ENSG00000214886.4	FAM177A1P1	chr4	98955982	98956767	3	3	3
ENSG00000287512.1	AC019131.3	chr4	98961083	98964790	3	3	3
ENSG00000252548.1	RNU7-149P	chr4	98966815	98966873	3	3	3
ENSG00000251437.1	NDUFS5P4	chr4	98976800	98977117	3	3	3
ENSG00000164024.12	METAP1	chr4	98995659	99062809	3	3	3
ENSG00000265213.1	MIR3684	chr4	98997387	98997460	3	3	3
ENSG00000250496.2	ABT1P1	chr4	99022311	99023131	3	3	3
ENSG00000272777.1	AC019131.2	chr4	99067256	99068125	3	3	3
ENSG00000197894.11	ADH5	chr4	99070978	99088801	3	3	3
ENSG00000246090.7	AP002026.1	chr4	99088805	99301356	3	3	3
ENSG00000198099.9	ADH4	chr4	99123657	99157792	3	3	3
ENSG00000249065.2	PCNAP1	chr4	99160514	99161645	3	3	3
ENSG00000172955.17	ADH6	chr4	99202638	99219537	3	3	3
ENSG00000187758.8	ADH1A	chr4	99276369	99291003	3	3	3
ENSG00000196616.14	ADH1B	chr4	99304971	99352760	3	3	3
ENSG00000248144.6	ADH1C	chr4	99336497	99352746	3	3	3
ENSG00000196344.11	ADH7	chr4	99412261	99435737	3	3	3
ENSG00000250300.1	AP001960.1	chr4	99469598	99498698	3	3	3
ENSG00000138813.10	C4orf17	chr4	99511012	99542303	3	3	3
ENSG00000145331.14	TRMT10A	chr4	99546709	99564039	3	3	3
ENSG00000138823.13	MTTP	chr4	99563761	99623999	3	3	3
ENSG00000248676.1	AC083902.1	chr4	99594799	99625913	3	3	3
ENSG00000248713.1	C4orf54	chr4	99636529	99654648	3	3	3
ENSG00000070190.13	DAPP1	chr4	99816827	99870190	3	3	3
ENSG00000279913.1	AP001962.1	chr4	99844138	99844696	3	3	3
ENSG00000109270.13	LAMTOR3	chr4	99878336	99894428	3	3	3
ENSG00000164031.17	DNAJB14	chr4	99896248	99946618	3	3	3
ENSG00000279098.1	AC097460.2	chr4	99942081	99942522	3	3	3
ENSG00000164032.12	H2AZ1	chr4	99948086	99950355	3	3	3
ENSG00000245322.7	H2AZ1-DT	chr4	99950006	100195099	3	3	3
ENSG00000250403.1	AC097460.1	chr4	99990737	99991477	3	3	3
ENSG00000248820.2	DYNLL1P6	chr4	100041841	100042104	3	3	3
ENSG00000145358.6	DDIT4L	chr4	100185870	100190782	3	3	3
ENSG00000249710.1	AP001961.1	chr4	100190033	100215505	3	3	3
ENSG00000164035.10	EMCN	chr4	100395341	100880126	3	3	3
ENSG00000286150.1	AC097459.1	chr4	100421655	100474461	3	3	3
ENSG00000250223.1	LINC01216	chr4	100660279	100675113	3	3	3
ENSG00000251219.2	LINC01217	chr4	100778582	100791426	3	3	3
ENSG00000251636.1	LINC01218	chr4	100812255	100814280	3	3	3
ENSG00000138814.17	PPP3CA	chr4	101023409	101348278	3	3	3
ENSG00000273882.1	MIR8066	chr4	101240795	101240872	3	3	3
ENSG00000221265.1	MIR1255A	chr4	101330302	101330414	3	3	3
ENSG00000254531.1	FLJ20021	chr4	101347780	101348883	3	3	3
ENSG00000153064.12	BANK1	chr4	101411286	102074812	3	3	3
ENSG00000286124.1	AC084277.1	chr4	101640946	101649974	3	3	3
ENSG00000199529.1	RNU6-462P	chr4	101723876	101723980	3	3	3
ENSG00000251149.1	MTND5P5	chr4	101972423	101972798	3	3	3
ENSG00000251309.1	AP002075.1	chr4	101976894	102036903	3	3	3
ENSG00000138821.13	SLC39A8	chr4	102251041	102431258	3	3	3
ENSG00000241144.3	RN7SL728P	chr4	102348392	102348691	3	3	3
ENSG00000248161.5	AC098487.1	chr4	102418602	102450010	3	3	3
ENSG00000251572.2	AF213884.2	chr4	102461250	102462152	3	3	3
ENSG00000260651.1	AF213884.3	chr4	102500841	102501319	3	3	3
ENSG00000109320.13	NFKB1	chr4	102501331	102617302	3	3	3
ENSG00000109323.11	MANBA	chr4	102630770	102760994	3	3	3
ENSG00000241981.2	AF213884.1	chr4	102662611	102663073	3	3	3
ENSG00000230069.3	LRRC37A15P	chr4	102727274	102730721	3	3	3
ENSG00000248971.2	KRT8P46	chr4	102728746	102730171	3	3	3
ENSG00000224207.3	AC018797.1	chr4	102734358	102734612	3	3	3
ENSG00000251288.2	AC018797.2	chr4	102751401	102752641	3	3	3
ENSG00000109332.20	UBE2D3	chr4	102794383	102868896	3	3	3
ENSG00000286242.1	AC018797.3	chr4	102814252	102819881	3	3	3
ENSG00000246560.2	UBE2D3-AS1	chr4	102828055	102844075	3	3	3
ENSG00000252739.1	RNU7-151P	chr4	102837047	102837099	3	3	3
ENSG00000145354.12	CISD2	chr4	102868974	102892807	3	3	3
ENSG00000164037.17	SLC9B1	chr4	102885048	103019719	3	3	3
ENSG00000250651.1	PABPC1P7	chr4	102896725	102898237	3	3	3
ENSG00000249283.3	ACTR3BP4	chr4	102961956	102963327	3	3	3
ENSG00000164038.16	SLC9B2	chr4	103019868	103085829	3	3	3
ENSG00000164039.15	BDH2	chr4	103077592	103099870	3	3	3
ENSG00000138778.13	CENPE	chr4	103105349	103198445	3	3	3
ENSG00000248740.6	LINC02428	chr4	103255822	103454667	3	3	3
ENSG00000251577.5	AC105460.2	chr4	103548745	103624534	3	3	3
ENSG00000250920.3	AC105460.1	chr4	103550586	103559277	3	3	3
ENSG00000251571.1	DDX3P3	chr4	103572089	103574082	3	3	3
ENSG00000169836.5	TACR3	chr4	103586031	103719985	3	3	3
ENSG00000286291.1	AC004047.1	chr4	103871890	103878436	3	3	3
ENSG00000252460.1	RNU6-635P	chr4	103924540	103924641	3	3	3
ENSG00000249614.2	LINC02503	chr4	103961616	104037543	3	3	3
ENSG00000251170.6	AC004052.1	chr4	104230380	104411035	3	3	3
ENSG00000168772.11	CXXC4	chr4	104468308	104494901	3	3	3
ENSG00000245384.2	CXXC4-AS1	chr4	104490849	104734546	3	3	3
ENSG00000250670.1	AC004063.1	chr4	104556960	104568877	3	3	3
ENSG00000248242.1	AC004053.1	chr4	104653874	104966793	3	3	3
ENSG00000244470.2	AC105918.1	chr4	104886118	104886955	3	3	3
ENSG00000248373.6	AC096577.1	chr4	104900125	105120000	3	3	3
ENSG00000251906.2	RNU6-351P	chr4	104974672	104974771	3	3	3
ENSG00000276992.1	AC096577.2	chr4	104996900	104997052	3	3	3
ENSG00000251473.2	AC004069.2	chr4	105102891	105104004	3	3	3
ENSG00000252136.1	AC004069.3	chr4	105105987	105106094	3	3	3
ENSG00000251259.1	AC004069.1	chr4	105137280	105140619	3	3	3
ENSG00000168769.14	TET2	chr4	105145875	105279816	3	3	3
ENSG00000251586.1	TET2-AS1	chr4	105171354	105178063	3	3	3
ENSG00000243383.3	RN7SL89P	chr4	105293664	105293946	3	3	3
ENSG00000138777.20	PPA2	chr4	105369077	105474067	3	3	3
ENSG00000200917.1	RNU6-553P	chr4	105406997	105407092	3	3	3
ENSG00000249264.1	EEF1A1P9	chr4	105484698	105486080	3	3	3
ENSG00000216425.4	PIMREGP2	chr4	105526596	105527397	3	3	3
ENSG00000250922.1	ATP5F1EP1	chr4	105532475	105532630	3	3	3
ENSG00000250522.1	AC004066.1	chr4	105540190	105552355	3	3	3
ENSG00000236699.9	ARHGEF38	chr4	105552620	105708093	3	3	3
ENSG00000249885.1	ARHGEF38-IT1	chr4	105561591	105570238	3	3	3
ENSG00000248778.1	AC105391.1	chr4	105679050	105680094	3	3	3
ENSG00000138785.15	INTS12	chr4	105682627	105895986	3	3	3
ENSG00000138780.15	GSTCD	chr4	105708778	105847725	3	3	3
ENSG00000251175.5	GSTCD-AS1	chr4	105746245	105827172	3	3	3
ENSG00000168743.13	NPNT	chr4	105894775	106004027	3	3	3
ENSG00000250740.1	AC109361.2	chr4	105927060	105932722	3	3	3
ENSG00000249635.1	AC109361.1	chr4	106003317	106022478	3	3	3
ENSG00000145348.17	TBCK	chr4	106041599	106316683	3	3	3
ENSG00000164022.17	AIMP1	chr4	106315544	106349456	3	3	3
ENSG00000250298.6	GIMD1	chr4	106357392	106368778	3	3	3
ENSG00000249613.2	LINC02173	chr4	106433489	106453449	3	3	3
ENSG00000286147.1	AC092445.1	chr4	106525401	106938640	3	3	3
ENSG00000248915.2	ACTR6P1	chr4	106836498	106837601	3	3	3
ENSG00000155011.9	DKK2	chr4	106921802	107283806	3	3	3
ENSG00000213522.4	RAC1P5	chr4	107203349	107203924	3	3	3
ENSG00000251081.1	AC104663.1	chr4	107258700	107301870	3	3	3
ENSG00000252470.1	RNU6-551P	chr4	107435118	107435220	3	3	3
ENSG00000138801.9	PAPSS1	chr4	107590276	107720234	3	3	3
ENSG00000164023.14	SGMS2	chr4	107824563	107915047	3	3	3
ENSG00000245293.3	CYP2U1-AS1	chr4	107863473	107989679	3	3	3
ENSG00000222691.1	RNU6-733P	chr4	107867807	107867910	3	3	3
ENSG00000155016.18	CYP2U1	chr4	107931549	107953461	3	3	3
ENSG00000249604.1	AC096564.1	chr4	107936031	107941255	3	3	3
ENSG00000138796.17	HADH	chr4	107989714	108035174	3	3	3
ENSG00000138795.10	LEF1	chr4	108047545	108168956	3	3	3
ENSG00000232021.7	LEF1-AS1	chr4	108167525	108258037	3	3	3
ENSG00000239939.1	RPSAP34	chr4	108407843	108408578	3	3	3
ENSG00000278589.1	ZACNP1	chr4	108415220	108416639	3	3	3
ENSG00000250485.1	EXOC7P1	chr4	108417705	108419763	3	3	3
ENSG00000234492.4	RPL34-DT	chr4	108538190	108620460	3	3	3
ENSG00000109475.16	RPL34	chr4	108620566	108630412	3	3	3
ENSG00000198856.13	OSTC	chr4	108650585	108667820	3	3	3
ENSG00000206601.1	RNU6-431P	chr4	108652150	108652256	3	3	3
ENSG00000286136.2	AC107071.1	chr4	108669949	108678874	3	3	3
ENSG00000164089.9	ETNPPL	chr4	108742048	108763054	3	3	3
ENSG00000249257.1	AC097473.1	chr4	108773613	108774020	3	3	3
ENSG00000250185.2	RCC2P8	chr4	108788745	108789779	3	3	3
ENSG00000188517.16	COL25A1	chr4	108808725	109302752	3	3	3
ENSG00000246774.1	COL25A1-DT	chr4	109303035	109316135	3	3	3
ENSG00000249465.1	RBMXP4	chr4	109346326	109347459	3	3	3
ENSG00000247950.7	SEC24B-AS1	chr4	109347475	109433817	3	3	3
ENSG00000138802.11	SEC24B	chr4	109433772	109540896	3	3	3
ENSG00000243227.3	RN7SL55P	chr4	109450772	109451068	3	3	3
ENSG00000207988.1	MIR576	chr4	109488698	109488795	3	3	3
ENSG00000225094.3	SETP20	chr4	109553243	109554094	3	3	3
ENSG00000249965.2	CDC42P4	chr4	109555170	109555732	3	3	3
ENSG00000005059.16	MCUB	chr4	109560209	109688719	3	3	3
ENSG00000248785.1	HIGD1AP14	chr4	109673843	109674124	3	3	3
ENSG00000138794.10	CASP6	chr4	109688622	109703583	3	3	3
ENSG00000273447.1	AC004067.1	chr4	109692004	109692703	3	3	3
ENSG00000123739.11	PLA2G12A	chr4	109709989	109730070	3	3	3
ENSG00000285330.1	AC126283.2	chr4	109713916	109801999	3	3	3
ENSG00000205403.13	CFI	chr4	109740694	109802179	3	3	3
ENSG00000272795.1	AC126283.1	chr4	109815047	109815410	3	3	3
ENSG00000109534.17	GAR1	chr4	109815510	109824740	3	3	3
ENSG00000180245.7	RRH	chr4	109827972	109849123	3	3	3
ENSG00000183423.12	LRIT3	chr4	109848107	109872315	3	3	3
ENSG00000249681.2	KRT19P3	chr4	109879070	109879897	3	3	3
ENSG00000138798.13	EGF	chr4	109912883	110013766	3	3	3
ENSG00000207260.1	RNU6-35P	chr4	109992325	109992431	3	3	3
ENSG00000170522.10	ELOVL6	chr4	110045846	110199199	3	3	3
ENSG00000263940.2	RN7SL275P	chr4	110117736	110118070	3	3	3
ENSG00000248200.2	AC093770.1	chr4	110146374	110147248	3	3	3
ENSG00000166530.8	HSBP1P2	chr4	110251871	110252099	3	3	3
ENSG00000250594.2	RNF14P2	chr4	110264865	110265017	3	3	3
ENSG00000212160.1	RNU6-205P	chr4	110278185	110278291	3	3	3
ENSG00000250304.2	ZBED1P1	chr4	110291644	110293573	3	3	3
ENSG00000138792.10	ENPEP	chr4	110365733	110565285	3	3	3
ENSG00000251464.2	RPL7L1P13	chr4	110399773	110400511	3	3	3
ENSG00000251046.2	ZNF969P	chr4	110415898	110418504	3	3	3
ENSG00000199894.1	AC093872.1	chr4	110433109	110433188	3	3	3
ENSG00000250511.1	AC098798.1	chr4	110512488	110519505	3	3	3
ENSG00000250103.2	PANCR	chr4	110595513	110615458	3	3	3
ENSG00000164093.17	PITX2	chr4	110617423	110642123	3	3	3
ENSG00000249519.1	LINC01438	chr4	110794403	110797344	3	3	3
ENSG00000215961.1	MIR297	chr4	110860582	110860647	3	3	3
ENSG00000251483.2	LYPLA1P2	chr4	110945109	110945799	3	3	3
ENSG00000251312.2	AC004062.1	chr4	111063583	111064227	3	3	3
ENSG00000200963.1	RNU6-289P	chr4	111331412	111331518	3	3	3
ENSG00000241722.2	AC083795.1	chr4	111551854	111552173	3	3	3
ENSG00000248656.2	AC083795.2	chr4	111632172	111648962	3	3	3
ENSG00000250855.1	AC139718.2	chr4	111802801	111839886	3	3	3
ENSG00000248432.1	AC139718.1	chr4	111804418	111809694	3	3	3
ENSG00000249815.1	AC004704.1	chr4	111826881	112072698	3	3	3
ENSG00000250556.1	CCDC34P1	chr4	112068010	112068526	3	3	3
ENSG00000250307.2	TUBB8P3	chr4	112077598	112078400	3	3	3
ENSG00000240459.2	AC093663.1	chr4	112116510	112116903	3	3	3
ENSG00000174749.6	FAM241A	chr4	112145454	112195256	3	3	3
ENSG00000243280.2	AC093663.2	chr4	112171215	112171527	3	3	3
ENSG00000260526.1	AC109347.1	chr4	112229561	112231596	3	3	3
ENSG00000138660.12	AP1AR	chr4	112231740	112273110	3	3	3
ENSG00000272567.1	AC109347.2	chr4	112272968	112273316	3	3	3
ENSG00000145365.11	TIFA	chr4	112274537	112285904	3	3	3
ENSG00000073331.18	ALPK1	chr4	112285509	112442621	3	3	3
ENSG00000251441.3	RTEL1P1	chr4	112356135	112370959	3	3	3
ENSG00000248697.1	TOX4P1	chr4	112455924	112457785	3	3	3
ENSG00000178403.4	NEUROG2	chr4	112513516	112516180	3	3	3
ENSG00000249509.1	NEUROG2-AS1	chr4	112515385	112546881	3	3	3
ENSG00000248439.2	RPL23AP94	chr4	112530371	112530672	3	3	3
ENSG00000138658.16	ZGRF1	chr4	112539333	112636995	3	3	3
ENSG00000250966.2	H3P14	chr4	112564988	112565398	3	3	3
ENSG00000174720.16	LARP7	chr4	112637107	112657592	3	3	3
ENSG00000249532.5	MIR302CHG	chr4	112646476	112650051	3	3	3
ENSG00000199169.1	MIR367	chr4	112647874	112647941	3	3	3
ENSG00000199145.1	MIR302D	chr4	112648004	112648071	3	3	3
ENSG00000207927.1	MIR302A	chr4	112648183	112648251	3	3	3
ENSG00000199102.1	MIR302C	chr4	112648363	112648430	3	3	3
ENSG00000284463.1	MIR302B	chr4	112648485	112648557	3	3	3
ENSG00000220924.4	OSTCP4	chr4	112685055	112685503	3	3	3
ENSG00000250046.3	AC106864.1	chr4	112693047	112706810	3	3	3
ENSG00000248633.1	WRBP1	chr4	112693459	112693792	3	3	3
ENSG00000241002.1	AC017007.3	chr4	112738672	112739106	3	3	3
ENSG00000202536.2	Y_RNA	chr4	112755816	112755917	3	3	3
ENSG00000241741.1	RPL7AP30	chr4	112788083	112788878	3	3	3
ENSG00000250500.1	AC017007.4	chr4	112797050	112798691	3	3	3
ENSG00000145362.20	ANK2	chr4	112818032	113384221	3	3	3
ENSG00000234841.4	AC017007.2	chr4	112826307	112827607	3	3	3
ENSG00000251126.2	AC017007.5	chr4	112880298	112882330	3	3	3
ENSG00000228814.4	AC017007.1	chr4	112881718	112882132	3	3	3
ENSG00000248152.2	ANK2-AS1	chr4	112973272	113071962	3	3	3
ENSG00000249373.2	AC093879.1	chr4	113031287	113034551	3	3	3
ENSG00000283193.1	MIR1243	chr4	113106863	113106955	3	3	3
ENSG00000275810.1	MIR8082	chr4	113152282	113152362	3	3	3
ENSG00000196656.7	AC004057.1	chr4	113214046	113217170	3	3	3
ENSG00000239279.3	RN7SL184P	chr4	113419840	113420136	3	3	3
ENSG00000206820.1	RNU1-138P	chr4	113420323	113420486	3	3	3
ENSG00000145349.17	CAMK2D	chr4	113451032	113761927	3	3	3
ENSG00000250229.1	AC111193.1	chr4	113840050	113840236	3	3	3
ENSG00000180801.14	ARSJ	chr4	113900284	113979727	3	3	3
ENSG00000249304.1	AC104779.1	chr4	113943256	113944320	3	3	3
ENSG00000248716.2	AC093815.1	chr4	114103938	114104225	3	3	3
ENSG00000174607.11	UGT8	chr4	114598770	114678225	3	3	3
ENSG00000207931.1	MIR577	chr4	114656759	114656854	3	3	3
ENSG00000250215.1	CIR1P2	chr4	114713579	114714920	3	3	3
ENSG00000240637.3	RN7SL808P	chr4	114799331	114799629	3	3	3
ENSG00000138653.10	NDST4	chr4	114827763	115113876	3	3	3
ENSG00000251308.1	MRPS33P3	chr4	115142982	115143303	3	3	3
ENSG00000250693.2	RPF2P2	chr4	115628812	115629707	3	3	3
ENSG00000248488.2	PGAM4P2	chr4	115764099	115764819	3	3	3
ENSG00000250363.1	KRT18P21	chr4	115920707	115921978	3	3	3
ENSG00000249259.3	AC027613.1	chr4	115922015	116297160	3	3	3
ENSG00000250442.1	EIF3KP3	chr4	116043407	116044045	3	3	3
ENSG00000250627.2	TTC39CP1	chr4	116193997	116194751	3	3	3
ENSG00000270394.4	MTRNR2L13	chr4	116298876	116300320	3	3	3
ENSG00000284253.1	MIR1973	chr4	116299725	116299768	3	3	3
ENSG00000250272.1	TRMT112P1	chr4	116378919	116379269	3	3	3
ENSG00000248139.2	CUL4AP1	chr4	116425983	116430892	3	3	3
ENSG00000250791.2	AC106892.1	chr4	116489364	116515619	3	3	3
ENSG00000213493.3	ACTN4P1	chr4	116598161	116599611	3	3	3
ENSG00000287845.1	AC093765.5	chr4	116714844	116719669	3	3	3
ENSG00000287520.1	AC093765.4	chr4	116720123	116739945	3	3	3
ENSG00000287290.1	AC093765.3	chr4	116751473	116952699	3	3	3
ENSG00000286637.1	AC093765.2	chr4	116754453	116921792	3	3	3
ENSG00000201752.1	RNU6-119P	chr4	116839279	116839385	3	3	3
ENSG00000271053.1	AC093765.1	chr4	116858093	116858973	3	3	3
ENSG00000174599.5	TRAM1L1	chr4	117083554	117085576	3	3	3
ENSG00000223605.1	AC107399.1	chr4	117249924	117250188	3	3	3
ENSG00000224932.2	LINC02262	chr4	117314597	117360655	3	3	3
ENSG00000228358.6	LINC02263	chr4	117360596	117412712	3	3	3
ENSG00000236922.10	LINC01378	chr4	117406166	117691188	3	3	3
ENSG00000237684.1	RPSAP35	chr4	117413462	117414279	3	3	3
ENSG00000213492.2	NT5C3AP1	chr4	117574512	117576174	3	3	3
ENSG00000286269.1	AC092661.1	chr4	117648832	117657312	3	3	3
ENSG00000229565.2	LINC02264	chr4	117834145	117869960	3	3	3
ENSG00000164100.9	NDST3	chr4	118033618	118258634	3	3	3
ENSG00000251463.2	FKBP4P1	chr4	118193405	118194751	3	3	3
ENSG00000269893.8	SNHG8	chr4	118278709	118285316	3	3	3
ENSG00000275994.1	SNORA24	chr4	118279190	118279320	3	3	3
ENSG00000164099.3	PRSS12	chr4	118280038	118353003	3	3	3
ENSG00000230671.2	NDUFS5P5	chr4	118400514	118400834	3	3	3
ENSG00000273716.2	AC092670.1	chr4	118460224	118460301	3	3	3
ENSG00000154608.14	CEP170P1	chr4	118467590	118554100	3	3	3
ENSG00000260404.3	AC110079.1	chr4	118591773	118633729	3	3	3
ENSG00000223225.1	RNU6-1054P	chr4	118606450	118606553	3	3	3
ENSG00000248213.3	CICP16	chr4	118635970	118638782	3	3	3
ENSG00000251155.2	SEPTIN14P4	chr4	118640673	118640858	3	3	3
ENSG00000281731.3	METTL14-DT	chr4	118664087	118685343	3	3	3
ENSG00000145388.15	METTL14	chr4	118685392	118715433	3	3	3
ENSG00000150961.15	SEC24D	chr4	118722823	118838683	3	3	3
ENSG00000172403.11	SYNPO2	chr4	118850688	119061247	3	3	3
ENSG00000249002.2	AC096745.1	chr4	119006032	119006401	3	3	3
ENSG00000172399.6	MYOZ2	chr4	119135832	119187789	3	3	3
ENSG00000178636.8	AC092656.1	chr4	119192773	119212644	3	3	3
ENSG00000145390.11	USP53	chr4	119212587	119295517	3	3	3
ENSG00000164096.13	C4orf3	chr4	119296419	119304445	3	3	3
ENSG00000145384.4	FABP2	chr4	119317250	119322138	3	3	3
ENSG00000250412.1	KLHL2P1	chr4	119334329	119378233	3	3	3
ENSG00000201186.1	RNU4-33P	chr4	119367562	119367646	3	3	3
ENSG00000249244.1	AC110373.1	chr4	119391831	119395335	3	3	3
ENSG00000283050.2	GTF2IP12	chr4	119405523	119454638	3	3	3
ENSG00000260091.1	AC093752.3	chr4	119409333	119410233	3	3	3
ENSG00000223208.1	RNU6-1217P	chr4	119434005	119434108	3	3	3
ENSG00000245958.6	AC093752.1	chr4	119454791	119552025	3	3	3
ENSG00000250950.1	AC093752.2	chr4	119456350	119457277	3	3	3
ENSG00000138735.16	PDE5A	chr4	119494397	119628804	3	3	3
ENSG00000221245.1	AC080089.1	chr4	119569699	119569825	3	3	3
ENSG00000286241.1	AC080089.2	chr4	119686538	119693563	3	3	3
ENSG00000250772.6	LINC01365	chr4	119799089	119804554	3	3	3
ENSG00000250183.2	AC097173.1	chr4	119937557	119963898	3	3	5
ENSG00000250392.2	LINC02502	chr4	119939540	119964293	3	3	5
ENSG00000200553.1	Y_RNA	chr4	119947131	119947232	3	3	5
ENSG00000253825.1	AC097173.2	chr4	120035033	120040615	3	3	5
ENSG00000164109.14	MAD2L1	chr4	120055623	120066858	3	3	5
ENSG00000250938.6	AC073475.1	chr4	120066958	120564789	3	3	5
ENSG00000250219.2	LTV1P1	chr4	120091046	120092282	3	3	5
ENSG00000225665.4	SAR1AP3	chr4	120342056	120342647	3	3	5
ENSG00000249409.1	AC025741.1	chr4	120639090	120650796	3	3	5
ENSG00000138738.11	PRDM5	chr4	120684919	120922870	3	3	5
ENSG00000212359.1	RNU6-550P	chr4	120810469	120810569	3	3	5
ENSG00000251609.2	SETP12	chr4	120895494	120897083	3	3	5
ENSG00000173376.14	NDNF	chr4	121035613	121073021	3	3	5
ENSG00000223006.1	RN7SKP137	chr4	121061172	121061478	3	3	5
ENSG00000250344.1	AC105254.1	chr4	121071429	121080476	3	3	5
ENSG00000271302.1	AC105254.2	chr4	121118299	121118734	3	3	5
ENSG00000050730.16	TNIP3	chr4	121131408	121227466	3	3	5
ENSG00000252183.1	RNU6-948P	chr4	121192797	121192903	3	3	5
ENSG00000186867.11	QRFPR	chr4	121328642	121381059	3	3	5
ENSG00000207148.1	Y_RNA	chr4	121329069	121329170	3	3	5
ENSG00000213480.3	AC093816.1	chr4	121369433	121370345	3	3	5
ENSG00000224062.4	TUBB4BP5	chr4	121451541	121451967	3	3	5
ENSG00000164111.15	ANXA5	chr4	121667946	121696995	3	3	5
ENSG00000164112.13	TMEM155	chr4	121758930	121765427	3	3	5
ENSG00000226757.2	PP12613	chr4	121764585	121766814	3	3	5
ENSG00000123737.13	EXOSC9	chr4	121801318	121817021	3	3	5
ENSG00000145386.11	CCNA2	chr4	121816444	121823883	3	3	5
ENSG00000138686.10	BBS7	chr4	121824329	121870487	3	3	5
ENSG00000261501.1	AC079341.1	chr4	121870583	121872848	3	3	5
ENSG00000138741.11	TRPC3	chr4	121874481	121952060	3	3	5
ENSG00000237868.1	AC097533.1	chr4	122077840	122078318	3	3	5
ENSG00000241037.3	RN7SL335P	chr4	122087508	122087811	3	3	5
ENSG00000138688.15	KIAA1109	chr4	122152333	122362758	3	3	5
ENSG00000164113.11	ADAD1	chr4	122378966	122429802	3	3	5
ENSG00000109471.5	IL2	chr4	122451470	122456725	3	3	5
ENSG00000138684.9	IL21	chr4	122610108	122621066	3	3	5
ENSG00000227145.2	IL21-AS1	chr4	122618983	122689156	3	3	5
ENSG00000287692.1	AC053545.1	chr4	122700445	122708788	3	3	5
ENSG00000224786.2	CETN4P	chr4	122728532	122732482	3	3	5
ENSG00000181004.10	BBS12	chr4	122732702	122744942	3	3	5
ENSG00000244083.1	AC021205.2	chr4	122815771	122816117	3	3	5
ENSG00000138685.17	FGF2	chr4	122826708	122898236	3	3	5
ENSG00000240775.1	AC021205.1	chr4	122840343	122840690	3	3	5
ENSG00000273007.2	AC021205.3	chr4	122879778	122885805	3	3	5
ENSG00000170917.14	NUDT6	chr4	122888697	122922968	3	3	5
ENSG00000145375.9	SPATA5	chr4	122923070	123319433	3	3	5
ENSG00000250322.2	AC026402.1	chr4	123259949	123260118	3	3	5
ENSG00000287951.1	AC026402.2	chr4	123349250	123351221	3	3	5
ENSG00000164056.11	SPRY1	chr4	123396795	123403760	3	3	5
ENSG00000249125.2	AC093821.1	chr4	123490242	123522106	3	3	5
ENSG00000251526.1	LINC02435	chr4	123505279	123527525	3	3	5
ENSG00000249464.6	LINC01091	chr4	123539026	123962698	3	3	5
ENSG00000226655.1	AC096732.1	chr4	123744923	123745673	3	3	5
ENSG00000228489.1	RPL21P50	chr4	123745750	123746226	3	3	5
ENSG00000250458.2	AC093767.1	chr4	123861860	123862015	3	3	5
ENSG00000286700.1	AC108075.1	chr4	124025295	124028268	3	3	5
ENSG00000250484.2	PPIAP76	chr4	124062462	124062990	3	3	5
ENSG00000249837.1	AC121154.1	chr4	124149377	124252044	3	3	5
ENSG00000286734.1	AC133530.1	chr4	124324973	124339047	3	3	5
ENSG00000248506.1	TUBAP10	chr4	124435750	124437120	3	3	5
ENSG00000248565.2	TECRP2	chr4	124462863	124463790	3	3	5
ENSG00000261083.3	LINC02516	chr4	124499940	124558445	3	3	5
ENSG00000151458.12	ANKRD50	chr4	124664048	124712732	3	3	5
ENSG00000196159.14	FAT4	chr4	125314918	125492932	3	3	5
ENSG00000201297.1	Y_RNA	chr4	125362819	125362929	3	3	5
ENSG00000283550.1	MIR2054	chr4	125507259	125507307	3	3	5
ENSG00000250149.2	AC104664.1	chr4	125676718	126017357	3	3	5
ENSG00000251436.2	NUP58P1	chr4	125681177	125683668	3	3	5
ENSG00000249555.2	TMEM248P1	chr4	125723267	125724217	3	3	5
ENSG00000251649.2	LINC02379	chr4	126064128	126073370	3	3	3
ENSG00000251005.1	H3P15	chr4	126106139	126106923	3	3	3
ENSG00000286251.2	AC097528.1	chr4	126431694	126735523	3	3	3
ENSG00000223620.3	RBM48P1	chr4	126563509	126564776	3	3	3
ENSG00000199862.1	Y_RNA	chr4	127028107	127028219	3	3	3
ENSG00000250945.1	AC096773.1	chr4	127043430	127077762	3	3	3
ENSG00000248491.6	AC093772.1	chr4	127094410	127470569	3	3	3
ENSG00000287101.1	AC093772.2	chr4	127228519	127352379	3	3	3
ENSG00000248209.1	AC097462.1	chr4	127493505	127493828	3	3	3
ENSG00000249795.1	AC097462.2	chr4	127498327	127498807	3	3	3
ENSG00000287021.1	AC097462.3	chr4	127532828	127623803	3	3	3
ENSG00000164066.13	INTU	chr4	127623271	127726737	3	3	3
ENSG00000151475.6	SLC25A31	chr4	127730400	127774292	3	3	3
ENSG00000164070.12	HSPA4L	chr4	127781821	127840733	3	3	3
ENSG00000282855.1	AC093591.3	chr4	127809170	127809477	3	3	3
ENSG00000244021.4	AC093591.1	chr4	127812720	127813200	3	3	3
ENSG00000261668.1	AC093591.2	chr4	127840198	127844040	3	3	3
ENSG00000142731.11	PLK4	chr4	127880893	127899224	3	3	3
ENSG00000251821.1	RNU6-583P	chr4	127891991	127892082	3	3	3
ENSG00000164073.11	MFSD8	chr4	127917799	127966034	3	3	3
ENSG00000164074.15	ABHD18	chr4	127965306	128039927	3	3	3
ENSG00000138709.19	LARP1B	chr4	128061286	128222931	3	3	3
ENSG00000241651.4	AC099340.1	chr4	128069014	128069612	3	3	3
ENSG00000248394.1	FOSL1P1	chr4	128155389	128156204	3	3	3
ENSG00000164040.18	PGRMC2	chr4	128269237	128288829	3	3	3
ENSG00000251432.7	LINC02615	chr4	128292751	128519398	3	3	3
ENSG00000273077.1	AC110609.1	chr4	128552590	128553416	3	3	3
ENSG00000248187.1	AC078850.1	chr4	128567972	128570531	3	3	3
ENSG00000248802.1	AC078850.2	chr4	128582999	128601407	3	3	3
ENSG00000280711.1	JADRR	chr4	128768228	128769948	3	3	3
ENSG00000077684.16	JADE1	chr4	128809700	128875224	3	3	3
ENSG00000151466.12	SCLT1	chr4	128864921	129093600	3	3	3
ENSG00000275647.1	AC093783.1	chr4	128944628	128944956	3	3	3
ENSG00000281369.1	AC093826.1	chr4	129041766	129041877	3	3	3
ENSG00000151470.13	C4orf33	chr4	129093317	129116640	3	3	3
ENSG00000251345.2	CDRT15P11	chr4	129133106	129134098	3	3	3
ENSG00000248958.2	ZSWIM5P3	chr4	129135926	129139740	3	3	3
ENSG00000251195.1	AC105417.1	chr4	129177386	129179094	3	3	3
ENSG00000250193.1	AC082650.1	chr4	129299175	129305022	3	3	3
ENSG00000287748.1	AC082650.2	chr4	129362911	129377504	3	3	3
ENSG00000246876.7	LINC02466	chr4	129612330	129771527	3	3	3
ENSG00000249618.6	LINC02465	chr4	129771596	129975329	3	3	3
ENSG00000234125.5	EEF1GP8	chr4	129903010	129904163	3	3	3
ENSG00000251326.2	LINC02479	chr4	130376229	130432227	3	3	3
ENSG00000248877.2	PGBD4P4	chr4	130494673	130495285	3	3	3
ENSG00000249018.2	GAPDHP56	chr4	130503357	130504344	3	3	3
ENSG00000280059.1	AC093831.2	chr4	130808507	130811933	3	3	3
ENSG00000250503.1	AC093831.1	chr4	130881027	130885641	3	3	3
ENSG00000287924.1	AC093902.1	chr4	130963925	130967575	3	3	3
ENSG00000250213.2	AC025554.1	chr4	131112748	131113255	3	3	3
ENSG00000206782.1	RNU6-224P	chr4	131273242	131273348	3	3	3
ENSG00000250102.6	LINC02377	chr4	131379717	131591825	3	3	3
ENSG00000248715.2	AC105424.1	chr4	131540281	131540489	3	3	3
ENSG00000241392.3	RN7SL205P	chr4	131720260	131720543	3	3	3
ENSG00000251676.2	SNHG27	chr4	131727587	131791492	3	3	3
ENSG00000252014.1	SNORA70	chr4	131768140	131768249	3	3	3
ENSG00000249416.2	AC107393.1	chr4	131768233	131768578	3	3	3
ENSG00000184139.8	RPL7AP28	chr4	131857343	131857913	3	3	3
ENSG00000251555.1	AC096711.2	chr4	131930031	131975952	3	3	3
ENSG00000251598.2	AC093916.1	chr4	131978485	132345621	3	3	3
ENSG00000249463.1	AC096711.1	chr4	132027175	132028434	3	3	3
ENSG00000251051.1	ELL2P2	chr4	132367786	132368479	3	3	3
ENSG00000248369.1	AC114741.1	chr4	132435802	132447235	3	3	3
ENSG00000251398.2	LINC01256	chr4	132591064	132678503	3	3	3
ENSG00000249038.2	AARS1P1	chr4	132592084	132592536	3	3	3
ENSG00000251488.1	AC115622.1	chr4	132836772	132981677	3	3	3
ENSG00000249513.2	AC110751.1	chr4	132985510	132988677	3	3	3
ENSG00000250241.6	AC105383.1	chr4	133075311	133149147	3	3	3
ENSG00000248735.2	R3HDM2P1	chr4	133124104	133126063	3	3	3
ENSG00000138650.9	PCDH10	chr4	133149294	133208606	3	3	3
ENSG00000286467.1	AC108052.1	chr4	133261022	133263115	3	3	3
ENSG00000250191.1	AC105252.1	chr4	133574566	133575208	3	3	3
ENSG00000251388.1	AC079380.1	chr4	133871246	134010690	3	3	3
ENSG00000251199.6	AC015631.1	chr4	134026665	134327977	3	3	3
ENSG00000286253.1	AC096763.1	chr4	134057468	134085506	3	3	3
ENSG00000254535.4	PABPC4L	chr4	134196333	134201789	3	3	3
ENSG00000248191.1	PES1P1	chr4	134327063	134328798	3	3	3
ENSG00000251291.2	LINC02462	chr4	134383467	134545648	3	3	3
ENSG00000249000.1	AC093722.1	chr4	134759399	134817289	3	3	3
ENSG00000249847.1	AC104619.2	chr4	134932889	134934131	3	3	3
ENSG00000251228.1	AC104619.4	chr4	134944275	134944523	3	3	3
ENSG00000241411.1	AC104619.1	chr4	134952259	134952889	3	3	3
ENSG00000250144.1	AC104619.3	chr4	135045464	135046850	3	3	3
ENSG00000248434.1	AC107463.1	chr4	135067233	135097658	3	3	3
ENSG00000248456.1	LINC02485	chr4	135112905	135123779	3	3	3
ENSG00000283432.1	U6	chr4	135315418	135315522	3	3	3
ENSG00000250834.1	KRT18P54	chr4	135371177	135371924	3	3	3
ENSG00000248104.1	TARS2P1	chr4	135565117	135567157	3	3	3
ENSG00000250865.1	AC105362.1	chr4	135792384	135805904	3	3	3
ENSG00000248330.5	LINC00613	chr4	135866983	135913680	3	3	3
ENSG00000207322.1	RNU1-89P	chr4	135995929	135996092	3	3	3
ENSG00000251492.1	AC104136.1	chr4	136004509	136004902	3	3	3
ENSG00000261166.1	AC073429.2	chr4	136097797	136099240	3	3	3
ENSG00000251567.5	AC018680.1	chr4	136118675	136395471	3	3	3
ENSG00000250665.1	AC073429.1	chr4	136125909	136138874	3	3	3
ENSG00000249311.4	TERF1P3	chr4	136355110	136356336	3	3	3
ENSG00000279749.1	AC093875.1	chr4	136553236	136553739	3	3	3
ENSG00000248869.7	LINC02511	chr4	136795919	137212799	3	3	3
ENSG00000250341.1	LINC02510	chr4	137193756	137198367	3	3	3
ENSG00000250813.1	SERF1AP1	chr4	137301001	137301187	3	3	3
ENSG00000251440.2	STMN1P2	chr4	137425426	137425864	3	3	3
ENSG00000213448.3	RPS23P2	chr4	137448087	137448501	3	3	3
ENSG00000189184.12	PCDH18	chr4	137518918	137532494	3	3	3
ENSG00000251632.1	LINC02172	chr4	137545731	137603430	3	3	3
ENSG00000280352.1	AC116563.2	chr4	137601899	137602433	3	3	3
ENSG00000250126.1	AC116563.1	chr4	137645265	137655174	3	3	3
ENSG00000250777.2	AC131956.2	chr4	137690477	137734977	3	3	3
ENSG00000287441.1	AC131956.3	chr4	137751029	137755300	3	3	3
ENSG00000250034.1	AC131956.1	chr4	137807706	137816402	3	3	3
ENSG00000287144.1	AC097511.1	chr4	137943022	138051288	3	3	3
ENSG00000248307.6	LINC00616	chr4	137978547	138131182	3	3	3
ENSG00000250033.5	SLC7A11-AS1	chr4	138057464	138178177	3	3	3
ENSG00000151012.13	SLC7A11	chr4	138164097	138242349	3	3	3
ENSG00000249091.1	AC093903.1	chr4	138277115	138281784	3	3	3
ENSG00000248397.1	LINC00498	chr4	138298856	138312658	3	3	3
ENSG00000251372.6	LINC00499	chr4	138309613	138663403	3	3	3
ENSG00000249381.1	LINC00500	chr4	138425523	138436869	3	3	3
ENSG00000248305.1	AC105416.1	chr4	138481255	138482096	3	3	3
ENSG00000248795.1	AC098859.1	chr4	138560704	138561941	3	3	3
ENSG00000250977.1	AC098859.2	chr4	138664725	138665569	3	3	3
ENSG00000250501.3	AC093766.1	chr4	138773537	138803567	3	3	3
ENSG00000250195.1	AC109927.1	chr4	138819954	139012646	3	3	3
ENSG00000250577.1	AC109927.2	chr4	138923930	138924232	3	3	3
ENSG00000151014.6	NOCT	chr4	139015781	139045939	3	3	3
ENSG00000109381.20	ELF2	chr4	139028112	139177218	3	3	3
ENSG00000252503.1	RNU6-531P	chr4	139055475	139055578	3	3	3
ENSG00000240723.3	RN7SL382P	chr4	139100377	139100658	3	3	3
ENSG00000179967.11	PPP1R14BP3	chr4	139114930	139115374	3	3	3
ENSG00000276396.1	Metazoa_SRP	chr4	139155153	139155444	3	3	3
ENSG00000265892.2	RN7SL311P	chr4	139185441	139185746	3	3	3
ENSG00000207384.1	Y_RNA	chr4	139200395	139200513	3	3	3
ENSG00000252362.1	RNU6-506P	chr4	139231026	139231119	3	3	3
ENSG00000206722.1	RNU6-1074P	chr4	139256657	139256760	3	3	3
ENSG00000137463.5	MGARP	chr4	139266165	139280225	3	3	3
ENSG00000109390.13	NDUFC1	chr4	139266880	139302551	3	3	3
ENSG00000164134.13	NAA15	chr4	139301505	139420033	3	3	3
ENSG00000200520.1	RNU6-1214P	chr4	139318378	139318486	3	3	3
ENSG00000273247.5	AC097376.3	chr4	139411927	139454034	3	3	3
ENSG00000248863.2	AC097376.2	chr4	139426299	139430884	3	3	3
ENSG00000239005.1	AC097376.1	chr4	139436368	139436494	3	3	3
ENSG00000172007.7	RAB33B	chr4	139453232	139476609	3	3	3
ENSG00000145391.13	SETD7	chr4	139495941	139606699	3	3	3
ENSG00000249302.2	FTH1P24	chr4	139546266	139546727	3	3	3
ENSG00000272717.1	AC112236.2	chr4	139556799	139557643	3	3	3
ENSG00000286896.1	AC112236.3	chr4	139568573	139580143	3	3	3
ENSG00000261268.1	AC112236.1	chr4	139618136	139623232	3	3	3
ENSG00000085871.9	MGST2	chr4	139665768	139740745	3	3	3
ENSG00000201533.1	RN7SKP237	chr4	139685127	139685427	3	3	3
ENSG00000178458.5	H3P16	chr4	139698144	139698554	3	3	3
ENSG00000196782.12	MAML3	chr4	139716753	140154184	3	3	3
ENSG00000286320.1	AC108053.1	chr4	139763080	139770391	3	3	3
ENSG00000252233.1	RN7SKP253	chr4	139794125	139794433	3	3	3
ENSG00000250698.1	AC131182.1	chr4	140128015	140134565	3	3	3
ENSG00000153130.17	SCOC	chr4	140257286	140385726	3	3	3
ENSG00000196951.11	SCOC-AS1	chr4	140283724	140373403	3	3	3
ENSG00000249754.2	NDUFB4P9	chr4	140314163	140314550	3	3	3
ENSG00000241923.2	RPL14P3	chr4	140366240	140366861	3	3	3
ENSG00000153132.13	CLGN	chr4	140388453	140427661	3	3	3
ENSG00000205301.12	MGAT4D	chr4	140442262	140498377	3	3	3
ENSG00000280262.1	AC093671.1	chr4	140498402	140501330	3	3	3
ENSG00000179387.10	ELMOD2	chr4	140524168	140553770	3	3	3
ENSG00000109424.4	UCP1	chr4	140559431	140568961	3	3	3
ENSG00000287449.1	AC108019.2	chr4	140577845	140579657	3	3	3
ENSG00000242102.3	RN7SL152P	chr4	140577925	140578222	3	3	3
ENSG00000248621.2	AC108019.1	chr4	140600401	140600575	3	3	3
ENSG00000109436.8	TBC1D9	chr4	140620782	140756385	3	3	3
ENSG00000249661.1	TNRC18P1	chr4	140641840	140645489	3	3	3
ENSG00000207155.1	RNY1P14	chr4	140700835	140700942	3	3	3
ENSG00000248335.1	AC096733.1	chr4	140712168	140716081	3	3	3
ENSG00000273472.1	AC096733.2	chr4	140756528	140757921	3	3	3
ENSG00000222613.1	Y_RNA	chr4	140779039	140779141	3	3	3
ENSG00000170153.11	RNF150	chr4	140859807	141212877	3	3	3
ENSG00000109445.11	ZNF330	chr4	141220887	141234697	3	3	3
ENSG00000248747.1	AC107220.1	chr4	141240739	141278789	3	3	3
ENSG00000248810.2	LINC02432	chr4	141302910	141357096	3	3	3
ENSG00000250189.2	AC097504.1	chr4	141405172	141407586	3	3	3
ENSG00000272632.1	AC097504.2	chr4	141430831	141431284	3	3	3
ENSG00000250141.1	LINC02276	chr4	141569931	141576077	3	3	3
ENSG00000164136.17	IL15	chr4	141636583	141733987	3	3	3
ENSG00000109452.12	INPP4B	chr4	142023160	142847432	3	3	3
ENSG00000242134.2	RPL5P13	chr4	142286917	142287625	3	3	3
ENSG00000250835.1	LSM3P4	chr4	142317238	142317546	3	3	3
ENSG00000251248.1	AC139720.2	chr4	142514446	142518983	3	3	3
ENSG00000249806.1	AC139720.1	chr4	142566019	142660950	3	3	3
ENSG00000250326.2	AC104596.1	chr4	142933195	143184861	3	3	3
ENSG00000251300.1	AC104596.2	chr4	143045086	143045878	3	3	3
ENSG00000170185.10	USP38	chr4	143184917	143223874	3	3	3
ENSG00000250969.1	AC097658.2	chr4	143286293	143329858	3	3	3
ENSG00000200049.1	Y_RNA	chr4	143309466	143309566	3	3	3
ENSG00000109458.8	GAB1	chr4	143336762	143474568	3	3	3
ENSG00000265623.1	MIR3139	chr4	143343460	143343535	3	3	3
ENSG00000228981.3	AC097658.1	chr4	143349275	143350117	3	3	3
ENSG00000286771.1	AC097658.3	chr4	143351515	143355794	3	3	3
ENSG00000243175.1	RPSAP36	chr4	143424753	143426013	3	3	3
ENSG00000250540.1	AC104685.1	chr4	143497412	143498126	3	3	3
ENSG00000245112.2	SMARCA5-AS1	chr4	143513472	143514635	3	3	3
ENSG00000153147.6	SMARCA5	chr4	143513702	143557486	3	3	3
ENSG00000248924.2	AC139713.1	chr4	143555082	143555583	3	3	3
ENSG00000251600.8	AC107223.1	chr4	143559457	144343750	3	3	3
ENSG00000236296.8	GUSBP5	chr4	143559472	143561460	3	3	3
ENSG00000183090.5	FREM3	chr4	143577302	143700675	3	3	3
ENSG00000250345.2	AC104090.1	chr4	143760399	143762093	3	3	3
ENSG00000197465.14	GYPE	chr4	143870864	143905563	3	3	3
ENSG00000249741.2	AC093890.1	chr4	143911514	143912053	3	3	3
ENSG00000250361.9	GYPB	chr4	143996104	144019380	3	3	3
ENSG00000286055.1	AC093890.2	chr4	144010237	144012598	3	3	3
ENSG00000170180.22	GYPA	chr4	144109303	144140751	3	3	3
ENSG00000285783.1	AC098588.3	chr4	144111039	144870953	3	3	3
ENSG00000285713.1	AC098588.2	chr4	144210701	145098174	3	3	3
ENSG00000261129.1	AC106871.1	chr4	144505900	144509001	3	3	3
ENSG00000250504.2	KRT18P51	chr4	144572238	144572983	3	3	3
ENSG00000248890.2	HHIP-AS1	chr4	144642922	144661357	3	3	3
ENSG00000164161.10	HHIP	chr4	144646156	144745271	3	3	3
ENSG00000273621.1	AC098588.1	chr4	144739762	144739941	3	3	3
ENSG00000164162.14	ANAPC10	chr4	144831908	145098541	3	3	3
ENSG00000249193.1	HSPD1P5	chr4	144845625	144847344	3	3	3
ENSG00000250406.2	AC109811.1	chr4	144851572	144874787	3	3	3
ENSG00000251452.2	AC109811.2	chr4	144920713	144921164	3	3	3
ENSG00000222594.1	RN7SKP235	chr4	145035132	145035436	3	3	3
ENSG00000164163.11	ABCE1	chr4	145098288	145129524	3	3	3
ENSG00000164164.17	OTUD4	chr4	145110838	145180589	3	3	3
ENSG00000238713.1	Y_RNA	chr4	145149537	145149649	3	3	3
ENSG00000240992.1	RPS23P4	chr4	145269810	145270558	3	3	3
ENSG00000272727.2	LINC02266	chr4	145335263	145343559	3	3	3
ENSG00000251333.3	RTN3P1	chr4	145375543	145376253	3	3	3
ENSG00000278943.1	AC079228.1	chr4	145376909	145377957	3	3	3
ENSG00000286420.1	AC093796.1	chr4	145444899	145469638	3	3	3
ENSG00000248745.2	NMNAT1P4	chr4	145456005	145456844	3	3	3
ENSG00000170365.10	SMAD1	chr4	145481194	145559176	3	3	3
ENSG00000250582.1	SMAD1-AS2	chr4	145497073	145502971	3	3	3
ENSG00000250902.1	SMAD1-AS1	chr4	145514615	145517118	3	3	3
ENSG00000151611.16	MMAA	chr4	145599042	145660033	3	3	3
ENSG00000249245.2	NCOA4P3	chr4	145624159	145626035	3	3	3
ENSG00000248356.1	AC093864.1	chr4	145642336	145650624	3	3	3
ENSG00000237136.8	C4orf51	chr4	145680146	145771032	3	3	3
ENSG00000151612.18	ZNF827	chr4	145757627	145938823	3	3	3
ENSG00000279481.1	AC104791.2	chr4	145830456	145832980	3	3	3
ENSG00000251687.1	AC104791.1	chr4	145833118	145839580	3	3	3
ENSG00000201314.1	Y_RNA	chr4	145958128	145958240	3	3	3
ENSG00000260303.1	AC108206.1	chr4	146052604	146056762	3	3	3
ENSG00000248809.6	LINC01095	chr4	146077717	146121913	3	3	3
ENSG00000164167.12	LSM6	chr4	146175703	146200000	3	3	3
ENSG00000279845.1	AC097372.2	chr4	146180851	146181316	3	3	3
ENSG00000250673.2	REELD1	chr4	146214515	146230878	3	3	3
ENSG00000280250.1	AC097372.3	chr4	146231892	146232267	3	3	3
ENSG00000251010.1	AC097372.1	chr4	146241806	146243669	3	3	3
ENSG00000120519.15	SLC10A7	chr4	146253975	146521964	3	3	3
ENSG00000278438.1	MIR7849	chr4	146408583	146408688	3	3	3
ENSG00000207182.1	RNU1-44P	chr4	146580048	146580210	3	3	3
ENSG00000151615.3	POU4F2	chr4	146638893	146642474	3	3	3
ENSG00000137473.18	TTC29	chr4	146706638	146945882	3	3	3
ENSG00000248764.1	AC092435.2	chr4	146934001	146945471	3	3	3
ENSG00000248346.1	AC092435.1	chr4	146957438	146975457	3	3	3
ENSG00000260090.1	AC092435.3	chr4	147005492	147009145	3	3	3
ENSG00000279376.1	AC092435.4	chr4	147025914	147030072	3	3	3
ENSG00000286371.1	AC097450.1	chr4	147060613	147159068	3	3	3
ENSG00000221369.1	MIR548G	chr4	147344629	147344717	3	3	3
ENSG00000241281.1	AC010683.1	chr4	147425974	147426351	3	3	3
ENSG00000249004.1	PRMT5P1	chr4	147458724	147459321	3	3	3
ENSG00000151617.17	EDNRA	chr4	147480917	147544954	3	3	3
ENSG00000280219.1	AC093908.1	chr4	147487971	147496062	3	3	3
ENSG00000251254.1	GTF2F2P1	chr4	147506091	147506765	3	3	3
ENSG00000251688.2	LINC02507	chr4	147567606	147594589	3	3	3
ENSG00000251298.1	AC093835.1	chr4	147609552	147617245	3	3	3
ENSG00000164168.8	TMEM184C	chr4	147617386	147672044	3	3	3
ENSG00000164169.13	PRMT9	chr4	147637785	147684163	3	3	3
ENSG00000071205.12	ARHGAP10	chr4	147732063	148072776	3	3	3
ENSG00000252951.1	RNA5SP165	chr4	147745303	147745417	3	3	3
ENSG00000264274.1	MIR4799	chr4	147782595	147782668	3	3	3
ENSG00000240014.3	RN7SL254P	chr4	147808926	147809209	3	3	3
ENSG00000270387.1	AC115621.1	chr4	147916529	147917386	3	3	3
ENSG00000151623.15	NR3C2	chr4	148078762	148444698	3	3	3
ENSG00000250354.1	AC069272.1	chr4	148146471	148208880	3	3	3
ENSG00000287292.1	AC002460.2	chr4	148445703	149024624	3	3	3
ENSG00000251418.2	ASS1P8	chr4	148526493	148527139	3	3	3
ENSG00000201846.1	RNA5SP166	chr4	148557947	148558048	3	3	3
ENSG00000250357.1	AC108935.1	chr4	148693032	148694323	3	3	3
ENSG00000225176.2	ATP5MGP4	chr4	148703526	148703832	3	3	3
ENSG00000279016.1	AC093648.1	chr4	148819351	148819956	3	3	3
ENSG00000249317.2	AC002460.1	chr4	148940941	148942415	3	3	3
ENSG00000239168.1	RNU7-197P	chr4	148991572	148991633	3	3	3
ENSG00000249752.1	AC108156.1	chr4	149027445	149062522	3	3	3
ENSG00000250252.2	LINC02430	chr4	149147793	149154175	3	3	3
ENSG00000248210.2	LINC02355	chr4	149154279	149278123	3	3	3
ENSG00000234828.9	IQCM	chr4	149351709	149896233	3	3	3
ENSG00000287565.1	AC108168.1	chr4	149377257	149380107	3	3	3
ENSG00000250905.1	AC093893.1	chr4	149666057	149711149	3	3	3
ENSG00000251482.1	AKIRIN2P1	chr4	149789952	149790303	3	3	3
ENSG00000202331.1	RNA5SP167	chr4	149907560	149907675	3	3	3
ENSG00000207121.1	RNU6-1230P	chr4	149934376	149934483	3	3	3
ENSG00000250704.1	AC105343.1	chr4	149956208	149958572	3	3	3
ENSG00000286711.1	AC105343.2	chr4	150047004	150051290	3	3	3
ENSG00000170390.16	DCLK2	chr4	150078445	150257438	3	3	3
ENSG00000238721.1	RNU7-194P	chr4	150209706	150209768	3	3	3
ENSG00000198589.14	LRBA	chr4	150264435	151015727	3	3	3
ENSG00000248521.1	AC092612.1	chr4	150422645	150423642	3	3	3
ENSG00000249690.1	AC110813.1	chr4	150579089	150581545	3	3	3
ENSG00000181541.6	MAB21L2	chr4	150582151	150584693	3	3	3
ENSG00000183432.6	ZBTB8OSP1	chr4	150720981	150721478	3	3	3
ENSG00000252451.1	RNA5SP168	chr4	150970671	150970782	3	3	3
ENSG00000235606.3	AK4P6	chr4	151027090	151027617	3	3	3
ENSG00000145425.10	RPS3A	chr4	151099624	151104642	3	3	3
ENSG00000201264.1	SNORD73B	chr4	151102057	151102128	3	3	3
ENSG00000109686.19	SH3D19	chr4	151102751	151325605	3	3	3
ENSG00000208797.1	SNORD73A	chr4	151103827	151103891	3	3	3
ENSG00000270681.1	AC095055.1	chr4	151139991	151141103	3	3	3
ENSG00000249012.2	AC104819.1	chr4	151259503	151262849	3	3	3
ENSG00000189099.11	PRSS48	chr4	151277171	151291453	3	3	3
ENSG00000250350.1	AC104819.2	chr4	151279030	151279192	3	3	3
ENSG00000252544.1	RNU6-1282P	chr4	151300518	151300613	3	3	3
ENSG00000270265.1	AC104819.3	chr4	151333775	151353224	3	3	3
ENSG00000251611.1	FAM160A1-DT	chr4	151407551	151408835	3	3	3
ENSG00000164142.16	FAM160A1	chr4	151409176	151670503	3	3	3
ENSG00000253019.1	RN7SKP35	chr4	151576766	151576916	3	3	3
ENSG00000059691.12	GATB	chr4	151670504	151761007	3	3	3
ENSG00000251455.1	AC092611.1	chr4	151674483	151677893	3	3	3
ENSG00000249184.2	AC107074.1	chr4	151798917	151833097	3	3	3
ENSG00000286761.1	AC112242.2	chr4	151883711	151886239	3	3	3
ENSG00000249708.1	AC112242.1	chr4	151887543	151891263	3	3	3
ENSG00000249818.2	AC097375.2	chr4	151904932	151928710	3	3	3
ENSG00000248991.1	AC097375.1	chr4	151919468	151943933	3	3	3
ENSG00000286066.1	AC097375.4	chr4	151949338	151991925	3	3	3
ENSG00000251249.2	AC097375.3	chr4	151955991	151969381	3	3	3
ENSG00000253077.1	RNA5SP169	chr4	151971497	151971613	3	3	3
ENSG00000286720.1	AC097375.5	chr4	151988526	152045275	3	3	3
ENSG00000245954.8	LINC02273	chr4	152090459	152104720	3	3	3
ENSG00000287504.1	AC079340.3	chr4	152113857	152116497	3	3	3
ENSG00000250706.1	AC079340.1	chr4	152146385	152178573	3	3	3
ENSG00000251377.2	AC079340.2	chr4	152206987	152225870	3	3	3
ENSG00000244544.2	RN7SL446P	chr4	152264150	152264445	3	3	3
ENSG00000270302.1	AC080078.1	chr4	152308283	152309983	3	3	3
ENSG00000270883.1	AC080078.2	chr4	152317902	152318364	3	3	3
ENSG00000109670.16	FBXW7	chr4	152320544	152536092	3	3	3
ENSG00000270751.1	FBXW7-AS1	chr4	152337655	152338098	3	3	3
ENSG00000287555.1	AC023424.2	chr4	152448275	152513788	3	3	3
ENSG00000264678.1	MIR3140	chr4	152489327	152489416	3	3	3
ENSG00000268471.6	MIR4453HG	chr4	152536264	152539263	3	3	3
ENSG00000283792.1	MIR4453	chr4	152536428	152536516	3	3	3
ENSG00000243417.1	RPS3AP18	chr4	152551277	152552364	3	3	3
ENSG00000240669.1	AC023424.1	chr4	152613875	152614333	3	3	3
ENSG00000170006.12	TMEM154	chr4	152618628	152680012	3	3	3
ENSG00000248571.1	AC106882.1	chr4	152666368	152670107	3	3	3
ENSG00000169989.3	TIGD4	chr4	152769354	152779730	3	3	3
ENSG00000164144.16	ARFIP1	chr4	152779937	152918463	3	3	3
ENSG00000250980.1	NSA2P6	chr4	152796063	152796831	3	3	3
ENSG00000231841.1	FAM192BP	chr4	152927446	152928207	3	3	3
ENSG00000287642.1	AC093599.2	chr4	152934516	152936761	3	3	3
ENSG00000137460.9	FHDC1	chr4	152936352	152979686	3	3	3
ENSG00000249022.2	AC093599.1	chr4	153034211	153091563	3	3	3
ENSG00000109654.16	TRIM2	chr4	153152163	153339319	3	3	3
ENSG00000288637.1	AC013477.1	chr4	153152435	153415081	3	3	3
ENSG00000252030.1	RNU6-1196P	chr4	153265662	153265755	3	3	3
ENSG00000201786.1	Y_RNA	chr4	153266909	153267010	3	3	3
ENSG00000213406.3	ANXA2P1	chr4	153307792	153308717	3	3	3
ENSG00000121211.8	MND1	chr4	153344649	153415118	3	3	3
ENSG00000243883.3	RN7SL419P	chr4	153381729	153382015	3	3	3
ENSG00000121210.16	TMEM131L	chr4	153466346	153636711	3	3	3
ENSG00000287216.1	AC106865.2	chr4	153633692	153655689	3	3	3
ENSG00000250771.2	AC106865.1	chr4	153640168	153681180	3	3	3
ENSG00000248208.1	WDR45P1	chr4	153658572	153659653	3	3	3
ENSG00000137462.9	TLR2	chr4	153684070	153706260	3	3	3
ENSG00000145428.15	RNF175	chr4	153710160	153760024	3	3	3
ENSG00000249309.1	AC020703.1	chr4	153720327	153727722	3	3	3
ENSG00000145423.5	SFRP2	chr4	153780591	153789083	3	3	3
ENSG00000280241.4	AC079298.3	chr4	153948718	154300500	3	3	3
ENSG00000197410.14	DCHS2	chr4	154231742	154491799	3	3	3
ENSG00000278981.1	AC079298.1	chr4	154235980	154237598	3	3	3
ENSG00000280005.1	AC079298.2	chr4	154261735	154262193	3	3	3
ENSG00000249200.1	AC110775.1	chr4	154373886	154374347	3	3	3
ENSG00000250609.1	AC110753.1	chr4	154523487	154524807	3	3	3
ENSG00000171566.12	PLRG1	chr4	154535005	154550400	3	3	3
ENSG00000200350.1	RNU6-1285P	chr4	154543933	154544037	3	3	3
ENSG00000248611.1	AC107385.1	chr4	154555208	154555985	3	3	3
ENSG00000171564.12	FGB	chr4	154563011	154572807	3	3	3
ENSG00000171560.16	FGA	chr4	154583128	154590745	3	3	3
ENSG00000171557.17	FGG	chr4	154604134	154612967	3	3	3
ENSG00000287770.1	AC107385.2	chr4	154605952	154606077	3	3	3
ENSG00000121207.12	LRAT	chr4	154626945	154753120	3	3	3
ENSG00000249074.1	NDUFB2P1	chr4	154724586	154724880	3	3	3
ENSG00000249041.1	AC009567.1	chr4	154754756	154781873	3	3	3
ENSG00000249692.1	AC009567.2	chr4	154770568	154770916	3	3	3
ENSG00000151962.8	RBM46	chr4	154781213	154828813	3	3	3
ENSG00000222582.1	RNU2-66P	chr4	154787118	154787278	3	3	3
ENSG00000252604.1	RNU2-44P	chr4	154790291	154790484	3	3	3
ENSG00000250910.8	AC097467.3	chr4	155173716	155381694	3	3	3
ENSG00000250538.6	AC104407.1	chr4	155206529	155209027	3	3	3
ENSG00000185149.6	NPY2R	chr4	155208636	155217078	3	3	3
ENSG00000249924.2	AC097467.1	chr4	155286162	155287136	3	3	3
ENSG00000164114.19	MAP9	chr4	155342658	155376970	3	3	3
ENSG00000250205.1	YWHAEP4	chr4	155381042	155381239	3	3	3
ENSG00000250398.1	AC097467.2	chr4	155383107	155384102	3	3	3
ENSG00000271606.1	AC097467.4	chr4	155385352	155385492	3	3	3
ENSG00000287730.1	AC097526.1	chr4	155442650	155448610	3	3	3
ENSG00000249247.1	MTCYBP17	chr4	155451617	155452405	3	3	3
ENSG00000249770.1	MTND6P17	chr4	155452526	155453044	3	3	3
ENSG00000248748.1	MTND5P9	chr4	155453049	155454803	3	3	3
ENSG00000248548.1	MTND4P8	chr4	155455050	155456411	3	3	3
ENSG00000249127.1	MTND3P3	chr4	155456638	155456981	3	3	3
ENSG00000249698.1	MTCO3P9	chr4	155457180	155457960	3	3	3
ENSG00000248420.1	MTATP6P9	chr4	155457961	155458640	3	3	3
ENSG00000249386.1	MTCO2P9	chr4	155458870	155459563	3	3	3
ENSG00000251223.1	MTCO1P9	chr4	155459704	155461237	3	3	3
ENSG00000248907.1	MTND2P33	chr4	155461633	155462663	3	3	3
ENSG00000251407.1	MTND1P22	chr4	155462873	155463823	3	3	3
ENSG00000251244.2	AC107208.1	chr4	155496110	155520353	3	3	3
ENSG00000164116.17	GUCY1A1	chr4	155666726	155737059	3	3	3
ENSG00000260244.1	AC104083.1	chr4	155734448	155737062	3	3	3
ENSG00000061918.14	GUCY1B1	chr4	155758992	155807811	3	3	3
ENSG00000256394.3	ASIC5	chr4	155829729	155866277	3	3	3
ENSG00000151790.9	TDO2	chr4	155854738	155920406	3	3	3
ENSG00000256043.4	CTSO	chr4	155924118	155953910	3	3	3
ENSG00000249013.1	FTH1P21	chr4	156006478	156006988	3	3	3
ENSG00000251511.1	AC096736.3	chr4	156585979	156590039	3	3	3
ENSG00000251283.1	LINC02272	chr4	156634494	156642454	3	3	3
ENSG00000249479.1	AC096736.2	chr4	156642580	156643569	3	3	3
ENSG00000248912.1	AC096736.1	chr4	156686664	156692636	3	3	3
ENSG00000145431.11	PDGFC	chr4	156760454	156971799	3	3	3
ENSG00000248629.1	AC092608.1	chr4	156841359	156842236	3	3	3
ENSG00000280284.1	AC092608.3	chr4	156876435	156876820	3	3	3
ENSG00000278880.1	AC092608.2	chr4	156886645	156886862	3	3	3
ENSG00000250622.1	AC093325.1	chr4	156972631	156972956	3	3	3
ENSG00000252350.1	RPPH1-3P	chr4	156986372	156986693	3	3	3
ENSG00000252524.1	Y_RNA	chr4	157064557	157064663	3	3	3
ENSG00000109738.11	GLRB	chr4	157076125	157172090	3	3	3
ENSG00000199859.1	RNU6-582P	chr4	157201562	157201668	3	3	3
ENSG00000120251.21	GRIA2	chr4	157204182	157366075	3	3	3
ENSG00000249819.1	AC112240.1	chr4	157204462	157204855	3	3	3
ENSG00000286133.2	AC093817.2	chr4	157568731	157824256	3	3	3
ENSG00000234111.6	LINC02433	chr4	157572490	157576154	3	3	3
ENSG00000249275.1	AC093817.1	chr4	157637687	157667044	3	3	3
ENSG00000200521.1	Y_RNA	chr4	157768013	157768113	3	3	3
ENSG00000249627.1	AC017037.1	chr4	157815010	157815480	3	3	3
ENSG00000279703.1	AC017037.3	chr4	157818101	157818572	3	3	3
ENSG00000286862.1	AC017037.5	chr4	157879902	157962924	3	3	3
ENSG00000287226.1	AC084740.1	chr4	157929071	158094763	3	3	3
ENSG00000279994.1	AC017037.4	chr4	157945817	157946642	3	3	3
ENSG00000250475.1	AC017037.2	chr4	157968412	157969615	3	3	3
ENSG00000279139.1	AC098679.2	chr4	158109500	158110153	3	3	3
ENSG00000280140.1	AC098679.3	chr4	158111361	158111931	3	3	3
ENSG00000164125.16	GASK1B	chr4	158124474	158173318	3	3	3
ENSG00000248429.5	FAM198B-AS1	chr4	158170752	158202877	3	3	3
ENSG00000287822.1	AC098679.5	chr4	158178168	158182806	3	3	3
ENSG00000251073.1	NUDT19P5	chr4	158182825	158183393	3	3	3
ENSG00000250604.1	AC098679.1	chr4	158199105	158200442	3	3	3
ENSG00000164124.11	TMEM144	chr4	158201604	158255416	3	3	3
ENSG00000286558.1	AC098679.4	chr4	158262995	158270211	3	3	3
ENSG00000251429.1	AIDAP2	chr4	158270378	158278676	3	3	3
ENSG00000171509.16	RXFP1	chr4	158315311	158653372	3	3	3
ENSG00000199634.1	RNU4-79P	chr4	158395394	158395534	3	3	3
ENSG00000248387.1	AC121161.1	chr4	158469586	158470702	3	3	3
ENSG00000249901.1	AC121161.2	chr4	158490766	158509908	3	3	3
ENSG00000205208.5	C4orf46	chr4	158666675	158672255	3	3	3
ENSG00000171503.12	ETFDH	chr4	158672125	158709623	3	3	3
ENSG00000271817.2	U3	chr4	158700691	158700909	3	3	3
ENSG00000171497.5	PPID	chr4	158709127	158723396	3	3	3
ENSG00000052795.13	FNIP2	chr4	158769026	158908050	3	3	3
ENSG00000206703.1	RNU6-128P	chr4	158794590	158794696	3	3	3
ENSG00000164123.7	C4orf45	chr4	158893134	159038760	3	3	3
ENSG00000274535.1	SNORD39	chr4	158909373	158909450	3	3	3
ENSG00000248988.1	PSME2P3	chr4	159007119	159007835	3	3	3
ENSG00000249367.1	FABP5P12	chr4	159026139	159026527	3	3	3
ENSG00000206978.1	Y_RNA	chr4	159064297	159064398	3	3	3
ENSG00000109756.9	RAPGEF2	chr4	159103013	159360174	3	3	3
ENSG00000264105.1	MIR3688-1	chr4	159128802	159128894	3	3	3
ENSG00000283379.1	MIR3688-2	chr4	159128805	159128891	3	3	3
ENSG00000248552.1	AC074344.1	chr4	159375099	159375322	3	3	3
ENSG00000250180.1	AC074344.2	chr4	159398533	159401246	3	3	3
ENSG00000250488.2	LINC02233	chr4	159665833	159777828	3	3	3
ENSG00000250997.1	AC093853.1	chr4	160521829	160522311	3	3	3
ENSG00000249425.1	LINC02477	chr4	160539254	160586817	3	3	3
ENSG00000242635.2	RPS14P7	chr4	160818422	160818869	3	3	3
ENSG00000249568.1	AC104793.1	chr4	161378953	161388417	3	3	3
ENSG00000168843.14	FSTL5	chr4	161383897	162164004	3	3	3
ENSG00000249419.1	AC023136.1	chr4	162022733	162047567	3	3	3
ENSG00000251253.1	MTHFD2P4	chr4	162322188	162323907	3	3	3
ENSG00000248396.1	TOMM22P4	chr4	162521682	162522041	3	3	3
ENSG00000248431.2	AC021134.1	chr4	162705359	162907428	3	3	3
ENSG00000287072.1	AC021134.2	chr4	162806370	162844690	3	3	3
ENSG00000251123.1	AC084752.1	chr4	162984795	162985416	3	3	3
ENSG00000283468.1	MIR4454	chr4	163093574	163093628	3	3	3
ENSG00000250027.1	AC022272.1	chr4	163108785	163119965	3	3	3
ENSG00000145414.9	NAF1	chr4	163110073	163166890	3	3	3
ENSG00000250547.1	AC079238.1	chr4	163265575	163266583	3	3	3
ENSG00000164128.7	NPY1R	chr4	163323962	163344832	3	3	3
ENSG00000164129.12	NPY5R	chr4	163343892	163351934	3	3	3
ENSG00000227283.1	RPL35AP12	chr4	163382179	163382516	3	3	3
ENSG00000151005.5	TKTL2	chr4	163471095	163473754	3	3	3
ENSG00000198498.10	TMA16	chr4	163494442	163520539	3	3	3
ENSG00000145416.13	MARCHF1	chr4	163524298	164384050	3	3	3
ENSG00000273449.1	AC093788.1	chr4	163529771	163530697	3	3	3
ENSG00000253001.1	RN7SKP105	chr4	163828800	163829113	3	3	3
ENSG00000177803.7	YWHAQP4	chr4	163932526	163933182	3	3	3
ENSG00000250746.1	AC105250.1	chr4	164188311	164190367	3	3	3
ENSG00000248546.3	ANP32C	chr4	164197007	164197711	3	3	3
ENSG00000251162.1	AC074198.1	chr4	164597719	164597976	3	3	3
ENSG00000223037.1	RNU6-284P	chr4	164620732	164620837	3	3	3
ENSG00000248162.1	CHORDC1P3	chr4	164725310	164726706	3	3	3
ENSG00000248771.5	SMIM31	chr4	164754064	164803795	3	3	3
ENSG00000201050.1	RNU6-668P	chr4	164787290	164787396	3	3	3
ENSG00000248329.6	APELA	chr4	164877178	164898965	3	3	3
ENSG00000250227.1	TRIM60P14	chr4	164915565	164916983	3	3	3
ENSG00000244146.1	AC106872.3	chr4	164920618	164921063	3	3	3
ENSG00000285563.1	AC106872.12	chr4	164920894	164931047	3	3	3
ENSG00000221891.2	FAM218BP	chr4	164929494	164929951	3	3	3
ENSG00000270960.1	AC106872.10	chr4	164933086	164933506	3	3	3
ENSG00000248645.1	AC106872.5	chr4	164938322	164939990	3	3	3
ENSG00000121089.4	NACA3P	chr4	164943290	164943937	3	3	3
ENSG00000236941.6	AC106872.1	chr4	164948079	164949438	3	3	3
ENSG00000183439.9	TRIM61	chr4	164954446	164977668	3	3	3
ENSG00000250486.5	FAM218A	chr4	164956948	164959122	3	3	3
ENSG00000248229.1	AC106872.4	chr4	164987265	164987787	3	3	3
ENSG00000250887.1	AC106872.9	chr4	165007086	165007959	3	3	3
ENSG00000250712.1	AC106872.8	chr4	165010459	165011851	3	3	3
ENSG00000240674.1	AC106872.2	chr4	165012366	165012845	3	3	3
ENSG00000176979.14	TRIM60	chr4	165016458	165041749	3	3	3
ENSG00000276623.1	AC106872.11	chr4	165016887	165017433	3	3	3
ENSG00000250430.1	AC106872.7	chr4	165026261	165026944	3	3	3
ENSG00000249617.1	AC106872.6	chr4	165045969	165046280	3	3	3
ENSG00000250374.4	TRIM75P	chr4	165053864	165060554	3	3	3
ENSG00000170088.14	TMEM192	chr4	165070608	165208549	3	3	3
ENSG00000109466.14	KLHL2	chr4	165207561	165323156	3	3	3
ENSG00000200974.1	RNU4-87P	chr4	165252580	165252661	3	3	3
ENSG00000229894.4	GK3P	chr4	165277812	165279679	3	3	3
ENSG00000052802.13	MSMO1	chr4	165327667	165343164	3	3	3
ENSG00000109472.14	CPE	chr4	165361194	165498547	3	3	3
ENSG00000207559.1	MIR578	chr4	165386242	165386337	3	3	3
ENSG00000251596.1	HADHAP1	chr4	165404067	165406350	3	3	3
ENSG00000248287.1	SCGB1D5P	chr4	165517255	165517501	3	3	3
ENSG00000248327.1	NOL8P1	chr4	165547532	165551060	3	3	3
ENSG00000287424.1	AC080079.2	chr4	165647636	165757667	3	3	3
ENSG00000250725.2	AC080079.1	chr4	165664350	165665671	3	3	3
ENSG00000249500.1	LINC01179	chr4	165684639	165762778	3	3	3
ENSG00000038295.8	TLL1	chr4	165873237	166104457	3	3	3
ENSG00000252959.1	RNA5SP170	chr4	166053187	166053287	3	3	3
ENSG00000206711.1	Y_RNA	chr4	166312935	166313034	3	3	3
ENSG00000249675.1	AC097487.1	chr4	166388701	166526119	3	3	3
ENSG00000196104.11	SPOCK3	chr4	166733384	167234796	3	3	3
ENSG00000212373.1	RNA5SP171	chr4	166918364	166918478	3	3	3
ENSG00000250150.1	AC079349.1	chr4	167306910	167308789	3	3	3
ENSG00000240772.3	RN7SL776P	chr4	167400495	167400762	3	3	3
ENSG00000248913.1	PHBP14	chr4	167648430	167648796	3	3	3
ENSG00000222721.1	RN7SKP188	chr4	167662986	167663302	3	3	3
ENSG00000270336.1	AC105148.1	chr4	167741879	167742287	3	3	3
ENSG00000248601.1	AC116634.1	chr4	167946674	168113331	3	3	3
ENSG00000109511.12	ANXA10	chr4	168092537	168187736	3	3	3
ENSG00000287188.1	AC068989.1	chr4	168170097	168194861	3	3	3
ENSG00000137628.17	DDX60	chr4	168216294	168318804	3	3	3
ENSG00000181381.14	DDX60L	chr4	168356735	168537786	3	3	3
ENSG00000207171.1	AC079926.1	chr4	168471409	168471539	3	3	3
ENSG00000129116.19	PALLD	chr4	168497052	168928457	3	3	3
ENSG00000229226.3	BTF3L4P4	chr4	168598240	168598757	3	3	3
ENSG00000249623.1	PALLD-AS1	chr4	168647896	168648587	3	3	3
ENSG00000206613.1	RNU6-1336P	chr4	168686608	168686716	3	3	3
ENSG00000214676.4	RPL9P16	chr4	168755816	168756382	3	3	3
ENSG00000249609.1	AC080188.1	chr4	168828919	168832937	3	3	3
ENSG00000279384.1	AC080188.2	chr4	168843988	168844735	3	3	3
ENSG00000145439.12	CBR4	chr4	168863770	169010275	3	3	3
ENSG00000201176.1	RNU6-853P	chr4	168885355	168885461	3	3	3
ENSG00000201818.1	RNY4P17	chr4	169005249	169005344	3	3	3
ENSG00000251445.1	AC021151.1	chr4	169010430	169010939	3	3	3
ENSG00000154447.15	SH3RF1	chr4	169094259	169270956	3	3	3
ENSG00000214671.4	RPL6P12	chr4	169166272	169167117	3	3	3
ENSG00000251171.1	AC096741.1	chr4	169201794	169220349	3	3	3
ENSG00000137601.17	NEK1	chr4	169392809	169612627	3	3	3
ENSG00000286302.1	AC084724.1	chr4	169572328	169576451	3	3	3
ENSG00000109572.14	CLCN3	chr4	169612633	169723673	3	3	3
ENSG00000056050.7	HPF1	chr4	169729470	169757944	3	3	3
ENSG00000229204.3	PTGES3P3	chr4	169791221	169791702	3	3	3
ENSG00000248625.1	AC079768.1	chr4	169832653	169833363	3	3	3
ENSG00000287660.1	AC079768.3	chr4	169849053	169867346	3	3	3
ENSG00000288003.1	AC079768.4	chr4	169912705	169919663	3	3	3
ENSG00000248319.2	LINC02275	chr4	169917761	169975904	3	3	3
ENSG00000287298.1	AC079768.2	chr4	169921417	169923442	3	3	3
ENSG00000251200.2	AC084866.2	chr4	169945981	169963337	3	3	3
ENSG00000249955.2	AC084866.1	chr4	169981744	169994488	3	3	3
ENSG00000198948.12	MFAP3L	chr4	169986597	170033031	3	3	3
ENSG00000109576.14	AADAT	chr4	170060222	170091699	3	3	3
ENSG00000248822.1	APOBEC3AP1	chr4	170099818	170100104	3	3	3
ENSG00000248739.1	AC069306.1	chr4	170141292	170142532	3	3	3
ENSG00000250266.2	LINC01612	chr4	170226535	170283723	3	3	3
ENSG00000251061.2	LINC02512	chr4	170343089	170372311	3	3	3
ENSG00000250082.1	AC074255.1	chr4	170481695	170482195	3	3	3
ENSG00000181359.5	HSP90AA6P	chr4	170581470	170605450	3	3	3
ENSG00000250968.1	LINC02382	chr4	170742469	170743718	3	3	3
ENSG00000249943.1	AC097486.1	chr4	170814339	170814548	3	3	3
ENSG00000251961.1	RNU6ATAC13P	chr4	170891467	170891597	3	3	3
ENSG00000286580.1	AC034159.2	chr4	170979831	170994656	3	3	3
ENSG00000248872.2	LINC02431	chr4	171040564	171059163	3	3	3
ENSG00000249525.1	AC034159.1	chr4	171113789	171114581	3	3	3
ENSG00000248755.1	AC092639.1	chr4	171169209	171169942	3	3	3
ENSG00000278502.1	MIR6082	chr4	171186184	171186292	3	3	3
ENSG00000248339.1	LINC02504	chr4	171289475	171298267	3	3	3
ENSG00000287210.1	AC074254.2	chr4	171494684	171525072	3	3	3
ENSG00000249297.2	LINC02174	chr4	171536034	171638763	3	3	3
ENSG00000251176.1	AC074254.1	chr4	171553000	171564267	3	3	3
ENSG00000174473.16	GALNTL6	chr4	171812254	173041559	3	3	3
ENSG00000248637.1	AC108064.1	chr4	172380028	172380487	3	3	3
ENSG00000245213.7	AC105285.1	chr4	173094868	173169652	3	3	3
ENSG00000241652.3	RN7SL253P	chr4	173141643	173141938	3	3	3
ENSG00000109586.12	GALNT7	chr4	173168811	173323967	3	3	3
ENSG00000221296.2	MIR548T	chr4	173268160	173268233	3	3	3
ENSG00000248774.1	AC097534.1	chr4	173322206	173329694	3	3	3
ENSG00000164104.12	HMGB2	chr4	173331376	173334432	3	3	3
ENSG00000272870.3	SAP30-DT	chr4	173349543	173370721	3	3	3
ENSG00000164105.4	SAP30	chr4	173369969	173377532	3	3	3
ENSG00000164106.8	SCRG1	chr4	173384701	173406380	3	3	3
ENSG00000288025.1	AC093849.4	chr4	173397770	173409559	3	3	3
ENSG00000242882.1	RPL5P11	chr4	173419245	173420137	3	3	3
ENSG00000286226.1	AC093849.3	chr4	173445033	173446596	3	3	3
ENSG00000252898.1	RNU6-1096P	chr4	173446603	173446704	3	3	3
ENSG00000261646.1	AC093849.1	chr4	173467833	173470041	3	3	3
ENSG00000286039.1	AC093849.2	chr4	173509633	173511764	3	3	3
ENSG00000164107.9	HAND2	chr4	173524969	173530229	3	3	3
ENSG00000237125.11	HAND2-AS1	chr4	173527270	173659696	3	3	3
ENSG00000234801.3	MORF4	chr4	173615936	173616906	3	3	3
ENSG00000213370.3	RANP6	chr4	173633728	173634371	3	3	3
ENSG00000250708.2	LINC02269	chr4	173699082	174001488	3	3	3
ENSG00000250043.1	AC106895.1	chr4	173877471	173913252	3	3	3
ENSG00000251216.2	AC106895.2	chr4	173924207	173991024	3	3	3
ENSG00000248174.6	LINC02268	chr4	174091766	174220398	3	3	3
ENSG00000250957.1	AC012055.1	chr4	174135055	174154637	3	3	3
ENSG00000251213.1	AC012055.2	chr4	174164441	174168913	3	3	3
ENSG00000164117.14	FBXO8	chr4	174236658	174283667	3	3	3
ENSG00000164118.13	CEP44	chr4	174283730	174333380	3	3	3
ENSG00000249875.1	AC116616.1	chr4	174354854	174376445	3	3	3
ENSG00000265846.1	MIR4276	chr4	174423795	174423864	3	3	3
ENSG00000164120.14	HPGD	chr4	174490175	174523154	3	3	3
ENSG00000251584.2	AC096751.2	chr4	174522617	174541047	3	3	3
ENSG00000250596.2	AC096751.1	chr4	174523701	174540344	3	3	3
ENSG00000145451.13	GLRA3	chr4	174636920	174829247	3	3	3
ENSG00000168594.15	ADAM29	chr4	174829668	174978180	3	3	3
ENSG00000250200.1	AC105914.1	chr4	174923813	174924038	3	3	3
ENSG00000250431.1	AC105914.2	chr4	174977571	174979381	3	3	3
ENSG00000249411.1	AC022325.1	chr4	175017016	175019214	3	3	3
ENSG00000286494.1	AC022325.2	chr4	175038080	175236669	3	3	3
ENSG00000249284.1	AC095050.2	chr4	175286605	175290767	3	3	3
ENSG00000248551.1	AC095050.1	chr4	175346358	175403110	3	3	3
ENSG00000249945.2	AC131094.1	chr4	175457726	175473197	3	3	3
ENSG00000251174.1	TSEN2P1	chr4	175494614	175496000	3	3	3
ENSG00000248574.1	ADAM20P2	chr4	175574868	175576140	3	3	3
ENSG00000150625.16	GPM6A	chr4	175632934	176002664	3	3	3
ENSG00000249106.1	AC097537.1	chr4	175790307	175812189	3	3	3
ENSG00000248249.1	AC110794.1	chr4	175962061	175962485	3	3	3
ENSG00000250372.1	MARK2P4	chr4	176012038	176014417	3	3	3
ENSG00000150627.16	WDR17	chr4	176065841	176182818	3	3	3
ENSG00000201516.1	AC093605.1	chr4	176098163	176098285	3	3	3
ENSG00000150628.7	SPATA4	chr4	176184579	176195585	3	3	3
ENSG00000164122.9	ASB5	chr4	176213673	176277571	3	3	3
ENSG00000248980.1	SPCS3-AS1	chr4	176308268	176320458	3	3	3
ENSG00000129128.13	SPCS3	chr4	176319966	176332245	3	3	3
ENSG00000248480.1	AC093801.2	chr4	176631392	176633231	3	3	3
ENSG00000248388.5	AC093801.1	chr4	176669621	176706145	3	3	3
ENSG00000150630.4	VEGFC	chr4	176683538	176792922	3	3	3
ENSG00000287544.1	AC097518.2	chr4	176844493	177301253	3	3	3
ENSG00000249458.1	AC092673.1	chr4	176866614	176875457	3	3	3
ENSG00000250263.2	LINC02509	chr4	176875688	176908031	3	3	3
ENSG00000222859.1	RN7SKP136	chr4	177181442	177181741	3	3	3
ENSG00000249008.1	AC097518.1	chr4	177242539	177248773	3	3	3
ENSG00000109674.4	NEIL3	chr4	177309874	177362936	3	3	3
ENSG00000249084.1	AC027627.1	chr4	177343004	177357032	3	3	3
ENSG00000038002.9	AGA	chr4	177430774	177442437	3	3	3
ENSG00000250131.2	AC078881.1	chr4	177442519	177681381	3	3	3
ENSG00000201931.1	RNA5SP172	chr4	177457111	177457228	3	3	3
ENSG00000251416.1	AC103879.1	chr4	177686673	177691068	3	3	3
ENSG00000231171.4	LINC01098	chr4	177728757	178028971	3	3	3
ENSG00000251504.1	LINC01099	chr4	177729638	177907936	3	3	3
ENSG00000253000.1	RNU1-45P	chr4	178116721	178116861	3	3	3
ENSG00000241877.1	AC095041.1	chr4	178286695	178287285	3	3	3
ENSG00000201727.1	RNA5SP173	chr4	178406695	178406830	3	3	3
ENSG00000212191.1	AC017087.1	chr4	178685886	178685956	3	3	3
ENSG00000250839.1	AC018710.1	chr4	179069437	179069594	3	3	3
ENSG00000250993.1	AC020551.1	chr4	179389134	179465305	3	3	3
ENSG00000248921.1	AC021193.1	chr4	179856853	179857581	3	3	3
ENSG00000287083.1	AC108169.1	chr4	179923773	180059792	3	3	3
ENSG00000287775.1	AC096747.1	chr4	180095527	180117163	3	3	3
ENSG00000251025.1	NDUFB5P1	chr4	180573464	180574027	3	3	3
ENSG00000249883.1	AC104803.1	chr4	180731164	180759038	3	3	3
ENSG00000248197.1	LINC00290	chr4	181064089	181159149	3	3	3
ENSG00000248770.1	AC019235.1	chr4	181237358	181237564	3	3	3
ENSG00000249460.2	LINC02500	chr4	181260442	181265145	3	3	3
ENSG00000225356.3	AC093840.1	chr4	181522666	181523001	3	3	3
ENSG00000286860.1	AC093840.2	chr4	181590255	181591969	3	3	3
ENSG00000287948.1	AC084741.1	chr4	181686182	181700142	3	3	3
ENSG00000251336.1	TEMN3-AS1	chr4	181820019	181829973	3	3	3
ENSG00000251742.1	RN7SKP13	chr4	181834865	181835108	3	3	3
ENSG00000177822.8	TENM3-AS1	chr4	181874438	182145249	3	3	3
ENSG00000251433.1	CCNHP1	chr4	181905790	181906467	3	3	3
ENSG00000218336.9	TENM3	chr4	182143987	182803024	3	3	3
ENSG00000248266.1	AC108142.1	chr4	182144852	182190382	3	3	3
ENSG00000221227.1	MIR1305	chr4	182169293	182169378	3	3	3
ENSG00000252343.1	RNU2-34P	chr4	182548659	182548779	3	3	3
ENSG00000251714.1	RN7SKP67	chr4	182631454	182631688	3	3	3
ENSG00000248816.1	AC079226.2	chr4	182697902	182708042	3	3	3
ENSG00000248694.1	AC079226.1	chr4	182772565	182773931	3	3	3
ENSG00000286119.1	AC114798.1	chr4	182828100	182830597	3	3	3
ENSG00000272646.1	AC079766.1	chr4	182881777	182882203	3	3	3
ENSG00000129187.14	DCTD	chr4	182890060	182917936	3	3	3
ENSG00000286821.1	AC019193.4	chr4	183017426	183036100	3	3	3
ENSG00000250636.1	AC019193.1	chr4	183028601	183029720	3	3	3
ENSG00000230219.3	CIBAR1P2	chr4	183037665	183040119	3	3	3
ENSG00000273180.1	AC019193.3	chr4	183075480	183076033	3	3	3
ENSG00000272784.1	AC019193.2	chr4	183094423	183095056	3	3	3
ENSG00000251359.4	WWC2-AS2	chr4	183097017	183099199	3	3	3
ENSG00000151718.16	WWC2	chr4	183099257	183320777	3	3	3
ENSG00000251128.1	WWC2-AS1	chr4	183233628	183240634	3	3	3
ENSG00000177300.7	CLDN22	chr4	183318100	183320276	3	3	3
ENSG00000185758.9	CLDN24	chr4	183321764	183322426	3	3	3
ENSG00000250292.1	AC093844.1	chr4	183380345	183381705	3	3	3
ENSG00000248376.2	AC112698.1	chr4	183418890	183419805	3	3	3
ENSG00000168564.6	CDKN2AIP	chr4	183444635	183449064	3	3	3
ENSG00000213434.2	VTI1BP2	chr4	183483490	183484185	3	3	3
ENSG00000232648.4	AC107214.1	chr4	183494884	183504494	3	3	3
ENSG00000168556.7	ING2	chr4	183505058	183512429	3	3	3
ENSG00000272744.1	AC107214.2	chr4	183516894	183517527	3	3	3
ENSG00000182552.15	RWDD4	chr4	183639635	183659203	3	3	3
ENSG00000252157.1	RNU6-479P	chr4	183653572	183653676	3	3	3
ENSG00000168538.16	TRAPPC11	chr4	183659267	183713594	3	3	3
ENSG00000201433.1	RNU6-335P	chr4	183675603	183675715	3	3	3
ENSG00000251739.1	RNU6-1053P	chr4	183705931	183706031	3	3	3
ENSG00000287349.1	AC108477.2	chr4	183725830	183732570	3	3	3
ENSG00000283383.1	AC108477.1	chr4	183762115	183765721	3	3	3
ENSG00000173320.12	STOX2	chr4	183797692	184023526	3	3	3
ENSG00000248206.2	AC074194.1	chr4	183987669	183996680	3	3	3
ENSG00000283355.1	AC074194.2	chr4	184014035	184016382	3	3	3
ENSG00000250726.1	AC107222.1	chr4	184072403	184073039	3	3	3
ENSG00000164303.11	ENPP6	chr4	184088706	184221230	3	3	3
ENSG00000287433.1	AC107222.2	chr4	184100482	184106038	3	3	3
ENSG00000240159.1	AC079080.1	chr4	184254509	184255330	3	3	3
ENSG00000244512.3	RN7SL28P	chr4	184278936	184279233	3	3	3
ENSG00000227765.4	MYL12BP2	chr4	184299129	184299640	3	3	3
ENSG00000180712.4	LINC02363	chr4	184334292	184353977	3	3	3
ENSG00000249096.7	LINC02362	chr4	184365180	184382416	3	3	3
ENSG00000168310.11	IRF2	chr4	184387729	184474550	3	3	3
ENSG00000251878.1	SNORD79	chr4	184431966	184432049	3	3	3
ENSG00000270426.1	AC099343.2	chr4	184471924	184472609	3	3	3
ENSG00000271646.1	IRF2-DT	chr4	184474802	184477304	3	3	3
ENSG00000286292.1	AC099343.3	chr4	184484141	184490293	3	3	3
ENSG00000271538.6	LINC02427	chr4	184503271	184537626	3	3	3
ENSG00000249056.1	AC099343.1	chr4	184559175	184559783	3	3	3
ENSG00000254233.1	LINC02365	chr4	184584093	184625030	3	3	3
ENSG00000164305.19	CASP3	chr4	184627696	184649509	3	3	3
ENSG00000164306.11	PRIMPOL	chr4	184649667	184694963	3	3	3
ENSG00000151725.12	CENPU	chr4	184694085	184734130	3	3	3
ENSG00000151726.15	ACSL1	chr4	184755595	184826818	3	3	3
ENSG00000249138.1	SLED1	chr4	184798296	184799046	3	3	3
ENSG00000251139.2	AC084871.1	chr4	184813619	184821300	3	3	3
ENSG00000286256.2	AC084871.3	chr4	184826607	184850920	3	3	3
ENSG00000251230.6	MIR3945HG	chr4	184844554	184855751	3	3	3
ENSG00000266698.1	MIR3945	chr4	184851013	184851110	3	3	3
ENSG00000249173.6	LINC01093	chr4	184892858	184899553	3	3	3
ENSG00000251147.1	AC084871.2	chr4	184910889	184911352	3	3	3
ENSG00000263458.1	MIR4455	chr4	184938383	184938440	3	3	3
ENSG00000279460.1	AC112243.1	chr4	184984277	184988127	3	3	3
ENSG00000248517.1	LINC02437	chr4	184988997	185005186	3	3	3
ENSG00000187821.8	HELT	chr4	185018841	185020804	3	3	3
ENSG00000250754.6	LINC02436	chr4	185051081	185115500	3	3	3
ENSG00000249520.1	AC093824.1	chr4	185064981	185065323	3	3	3
ENSG00000287183.1	AC093824.2	chr4	185118984	185127478	3	3	3
ENSG00000151729.11	SLC25A4	chr4	185143266	185150382	3	3	3
ENSG00000164323.14	CFAP97	chr4	185159665	185209504	3	3	3
ENSG00000109762.16	SNX25	chr4	185204237	185370185	3	3	3
ENSG00000109771.15	LRP2BP	chr4	185363879	185395899	3	3	3
ENSG00000250410.1	AC112722.1	chr4	185370725	185390928	3	3	3
ENSG00000186352.9	ANKRD37	chr4	185396021	185400628	3	3	3
ENSG00000109775.11	UFSP2	chr4	185399537	185425979	3	3	3
ENSG00000207231.1	Y_RNA	chr4	185415973	185416086	3	3	3
ENSG00000205129.8	C4orf47	chr4	185426249	185449826	3	3	3
ENSG00000168491.10	CCDC110	chr4	185445182	185471752	3	3	3
ENSG00000249679.2	AC106897.1	chr4	185471461	185507055	3	3	3
ENSG00000154553.16	PDLIM3	chr4	185500660	185535507	3	3	3
ENSG00000154556.18	SORBS2	chr4	185585444	185956652	3	3	3
ENSG00000233110.1	AC093797.1	chr4	185587909	185594003	3	3	3
ENSG00000235902.1	AC108472.1	chr4	185665885	185675417	3	3	3
ENSG00000207497.1	Y_RNA	chr4	185709873	185709967	3	3	3
ENSG00000285745.1	AC104805.1	chr4	185756929	185757048	3	3	3
ENSG00000235149.1	AC096659.1	chr4	185918140	185919460	3	3	3
ENSG00000222727.1	RNU4-64P	chr4	186026456	186026586	3	3	3
ENSG00000164342.13	TLR3	chr4	186069155	186088073	3	3	3
ENSG00000109794.13	FAM149A	chr4	186104419	186172667	3	3	3
ENSG00000253013.1	AC104070.1	chr4	186130021	186130155	3	3	3
ENSG00000250327.1	RPSAP70	chr4	186157896	186158843	3	3	3
ENSG00000251008.1	ORAOV1P1	chr4	186170863	186171257	3	3	3
ENSG00000279943.1	FLJ38576	chr4	186189032	186191490	3	3	3
ENSG00000145476.16	CYP4V2	chr4	186191567	186213463	3	3	3
ENSG00000164344.16	KLKB1	chr4	186208979	186258471	3	3	3
ENSG00000088926.14	F11	chr4	186266189	186289681	3	3	3
ENSG00000251165.6	F11-AS1	chr4	186286094	186500997	3	3	3
ENSG00000287667.1	AC109517.1	chr4	186326302	186336662	3	3	3
ENSG00000213332.4	SLC25A5P6	chr4	186328716	186329601	3	3	3
ENSG00000272297.2	AC018709.1	chr4	186426546	186555328	3	3	3
ENSG00000212387.1	RNU6-1055P	chr4	186501109	186501215	3	3	3
ENSG00000168412.6	MTNR1A	chr4	186533655	186555567	3	3	3
ENSG00000083857.14	FAT1	chr4	186587794	186726722	3	3	3
ENSG00000287169.1	AC107050.1	chr4	186701579	186704086	3	3	3
ENSG00000250829.2	AC108865.1	chr4	186890969	186892366	3	3	3
ENSG00000272218.1	AC108865.2	chr4	186892552	186892983	3	3	3
ENSG00000249539.1	MRPS36P2	chr4	186900540	186900838	3	3	3
ENSG00000249742.2	AC110772.1	chr4	186979490	187027451	3	3	3
ENSG00000250971.3	AC110772.2	chr4	187005944	187060930	3	3	3
ENSG00000287571.1	AC108046.1	chr4	187198218	187201894	3	3	3
ENSG00000249747.1	LINC02374	chr4	187201986	187209346	3	3	3
ENSG00000250658.1	AC097652.1	chr4	187304083	187309682	3	3	3
ENSG00000250042.1	LINC02514	chr4	187370648	187371921	3	3	3
ENSG00000250620.2	LINC02515	chr4	187408232	187415748	3	3	3
ENSG00000251643.1	AC093763.2	chr4	187441677	187444298	3	3	3
ENSG00000251490.1	AC093763.1	chr4	187516153	187517208	3	3	3
ENSG00000250590.6	LINC02492	chr4	187532873	187672755	3	3	3
ENSG00000249642.2	AC097521.1	chr4	187613708	187712329	3	3	3
ENSG00000249162.1	ADAM20P3	chr4	187746094	187748199	3	3	3
ENSG00000286641.1	AC108073.3	chr4	187942164	187963345			
ENSG00000213331.4	AC108073.1	chr4	187970273	187971284			
ENSG00000179059.10	ZFP42	chr4	187995771	188005046			
ENSG00000179046.8	TRIML2	chr4	188091273	188109603			
ENSG00000241011.1	AC108073.2	chr4	188106558	188106914			
ENSG00000201085.1	RNU6-173P	chr4	188121531	188121634			
ENSG00000184108.8	TRIML1	chr4	188139441	188147743			
ENSG00000247130.2	AC138781.1	chr4	188140822	188143379			
ENSG00000248370.2	LINC02434	chr4	188159705	188161157			
ENSG00000242169.2	AC093789.1	chr4	188349376	188350024			
ENSG00000248880.1	ICE2P1	chr4	188387471	188389666			
ENSG00000249378.6	LINC01060	chr4	188400736	188681051			
ENSG00000250523.1	AC093909.3	chr4	188630924	188631747			
ENSG00000275826.1	AC093909.5	chr4	188713644	188715442			
ENSG00000252275.1	RNU7-192P	chr4	188716665	188716725			
ENSG00000180015.12	AC093909.1	chr4	188738373	188739494			
ENSG00000278974.1	AC093909.6	chr4	188740507	188741281			
ENSG00000249269.2	AC093909.2	chr4	188757678	188779343			
ENSG00000251619.1	LINC02508	chr4	188776657	188785511			
ENSG00000250626.3	AC093909.4	chr4	188777672	188818522			
ENSG00000250024.1	AC122138.1	chr4	188990715	189002075			
ENSG00000251310.1	AC107391.1	chr4	189193100	189204877			
ENSG00000249877.1	AC105924.1	chr4	189288677	189291336			
ENSG00000205100.2	HSP90AA4P	chr4	189472965	189475192			
ENSG00000250739.1	LINC01262	chr4	189659605	189661486			
ENSG00000272566.1	AF250324.1	chr4	189703881	189704490			
ENSG00000202215.1	RNU1-51P	chr4	189709539	189709714			
ENSG00000245685.7	FRG1-DT	chr4	189764391	189940733	6	6	6
ENSG00000250666.1	LINC01596	chr4	189881515	189884868			
ENSG00000109536.12	FRG1	chr4	189940870	189963202			
ENSG00000249462.1	MLLT10P2	chr4	189973599	189973847			
ENSG00000271307.3	AF146191.2	chr4	189979902	189982379			
ENSG00000251297.1	TUBB7P	chr4	189982523	189984871			
ENSG00000199572.1	RNA5SP174	chr4	190015138	190015255			
ENSG00000201145.1	RNA5SP175	chr4	190017696	190017814			
ENSG00000224807.5	DUX4L9	chr4	190021407	190022665			
ENSG00000205097.7	FRG2	chr4	190024367	190027257			
ENSG00000250053.1	RARRES2P4	chr4	190037916	190038399			
ENSG00000214273.4	AGGF1P1	chr4	190041342	190043414			
ENSG00000249003.1	CLUHP4	chr4	190057902	190063005			
ENSG00000281591.1	DBET	chr4	190064502	190067864			
ENSG00000277162.1	U85056.1	chr4	190065233	190065914			
ENSG00000281720.1	DUX4L8	chr4	190067935	190069209			
ENSG00000281652.1	DUX4L7	chr4	190071232	190072506			
ENSG00000281058.1	DUX4L6	chr4	190074525	190075799			
ENSG00000280799.1	DUX4L5	chr4	190077818	190079092			
ENSG00000258834.4	DUX4L4	chr4	190081118	190082386			
ENSG00000280757.1	DUX4L1	chr4	190084412	190085686			
ENSG00000281627.1	DUX4L3	chr4	190087705	190088979			
ENSG00000280457.1	DUX4L2	chr4	190091005	190092279			
ENSG00000260596.5	DUX4	chr4	190173774	190185942			
ENSG00000261914.2	RPL23AP84	chr4	190195727	190196190			
ENSG00000282994.1	AC215524.1	chr4	190195738	190195978			
ENSG00000250020.1	AC113430.1	chr5	58198	58915			
ENSG00000153404.14	PLEKHG4B	chr5	92151	189972			
ENSG00000199540.1	Y_RNA	chr5	144087	144197			
ENSG00000185028.4	LRRC14B	chr5	191495	196334			
ENSG00000261434.1	AC021087.4	chr5	195778	196341			
ENSG00000164366.4	CCDC127	chr5	196868	218153			
ENSG00000260774.1	AC021087.3	chr5	213898	217279			
ENSG00000073578.17	SDHA	chr5	218241	257082			
ENSG00000286001.1	AC021087.5	chr5	218298	314955			
ENSG00000248925.1	AC021087.1	chr5	269858	271516			
ENSG00000249915.8	PDCD6	chr5	271621	314974			
ENSG00000288622.1	PDCD6-AHRR	chr5	271670	438291			
ENSG00000250848.1	AC021087.2	chr5	288833	290321			
ENSG00000063438.19	AHRR	chr5	321759	438291			
ENSG00000214278.4	AC010442.1	chr5	403731	404546			
ENSG00000250645.1	AC010442.2	chr5	418703	419109			
ENSG00000221990.4	EXOC3-AS1	chr5	441498	443160			
ENSG00000180104.16	EXOC3	chr5	443175	471937			
ENSG00000188242.4	PP7080	chr5	466124	473098			
ENSG00000066230.12	SLC9A3	chr5	470456	524449			
ENSG00000225138.8	SLC9A3-AS1	chr5	473236	480884			
ENSG00000250385.2	AC106772.2	chr5	524109	527448			
ENSG00000264233.1	MIR4456	chr5	535840	535882			
ENSG00000249650.1	AC106772.1	chr5	602620	612210			
ENSG00000112877.8	CEP72	chr5	612340	667168			
ENSG00000171368.12	TPPP	chr5	659862	693352			
ENSG00000271781.1	AC026740.1	chr5	675826	676616			
ENSG00000206077.13	ZDHHC11B	chr5	710355	784729			
ENSG00000249908.2	BRD9P2	chr5	767382	768930			
ENSG00000285522.1	AC026740.2	chr5	770005	770113			
ENSG00000188818.12	ZDHHC11	chr5	795606	850986			
ENSG00000247872.2	SPCS2P3	chr5	816346	817001			
ENSG00000028310.18	BRD9	chr5	850291	892801			
ENSG00000071539.14	TRIP13	chr5	892884	919357	4	4	4
ENSG00000287600.1	AC122719.3	chr5	904319	912587			
ENSG00000248949.1	AC122719.1	chr5	946315	956520	4	4	4
ENSG00000250173.1	AC122719.2	chr5	979365	981300	4	4	4
ENSG00000215246.5	AC116351.1	chr5	987180	997308	4	4	4
ENSG00000272347.1	AC116351.2	chr5	1005039	1006623	4	4	4
ENSG00000145506.14	NKD2	chr5	1008802	1038943	4	4	4
ENSG00000113504.21	SLC12A7	chr5	1050384	1112063	4	4	4
ENSG00000263834.1	MIR4635	chr5	1062896	1062974	4	4	4
ENSG00000249201.2	CTD-3080P12.3	chr5	1173141	1178605	4	4	4
ENSG00000174358.16	SLC6A19	chr5	1201595	1225111	4	4	4
ENSG00000164363.10	SLC6A18	chr5	1225381	1246189	4	4	4
ENSG00000287486.1	AC114291.1	chr5	1252006	1255976	4	4	4
ENSG00000164362.21	TERT	chr5	1253147	1295068	4	4	4
ENSG00000263670.1	MIR4457	chr5	1309310	1309377	4	4	4
ENSG00000049656.14	CLPTM1L	chr5	1317752	1345099	4	4	4
ENSG00000286388.1	AC026748.7	chr5	1345197	1350786	4	4	4
ENSG00000250584.3	LINC01511	chr5	1353896	1380107	4	4	4
ENSG00000248951.2	MTCO2P32	chr5	1370543	1370945	4	4	4
ENSG00000279908.1	AC026748.3	chr5	1383159	1386409	4	4	4
ENSG00000142319.18	SLC6A3	chr5	1392794	1445440	4	4	4
ENSG00000153395.10	LPCAT1	chr5	1456480	1523962	4	4	4
ENSG00000273742.1	MIR6075	chr5	1510762	1510856	4	4	4
ENSG00000251532.1	AC091849.2	chr5	1544107	1551710	4	4	4
ENSG00000185986.12	SDHAP3	chr5	1567495	1594620	4	4	4
ENSG00000271119.1	AC026412.3	chr5	1594626	1611467	4	4	4
ENSG00000248126.1	AC091849.1	chr5	1598127	1598247	4	4	4
ENSG00000188002.10	AC026412.1	chr5	1598920	1634005	4	4	4
ENSG00000232615.4	AC026412.2	chr5	1614836	1616334	4	4	4
ENSG00000288549.1	AC026412.4	chr5	1639627	1644700	4	4	4
ENSG00000263746.1	MIR4277	chr5	1708785	1708868	4	4	4
ENSG00000260066.1	AC112176.1	chr5	1725149	1728172	4	4	4
ENSG00000171421.13	MRPL36	chr5	1798385	1801366	4	4	4
ENSG00000145494.12	NDUFS6	chr5	1801407	1816048	4	4	4
ENSG00000249966.1	AC025183.1	chr5	1850950	1851497	4	4	4
ENSG00000250417.1	LINC02116	chr5	1855970	1856568	4	4	4
ENSG00000279222.1	AC025183.2	chr5	1858409	1859890	4	4	4
ENSG00000113430.10	IRX4	chr5	1877413	1887236	4	4	4
ENSG00000249116.1	IRX4-AS1	chr5	1883966	1884649	4	4	4
ENSG00000249326.1	CTD-2194D22.4	chr5	1887332	1900493	4	4	4
ENSG00000288108.1	AC126768.3	chr5	1931058	1933985	4	4	4
ENSG00000248994.2	AC124852.1	chr5	1931064	2119926	4	4	4
ENSG00000248597.2	AC126768.1	chr5	1963346	1967251	4	4	4
ENSG00000249731.1	AC126768.2	chr5	1968094	1969013	4	4	4
ENSG00000201026.1	Y_RNA	chr5	2184710	2184820	4	4	4
ENSG00000275733.1	AC092266.1	chr5	2261859	2262023	4	4	4
ENSG00000281560.1	LSINCT5	chr5	2712591	2715237	4	4	4
ENSG00000259757.1	AC091891.1	chr5	2736662	2737759	4	4	4
ENSG00000170561.13	IRX2	chr5	2745845	2751677	4	4	4
ENSG00000186493.13	C5orf38	chr5	2752131	2755397	4	4	4
ENSG00000249541.1	AC116359.1	chr5	2787451	2788549	4	4	4
ENSG00000248137.1	AC094105.1	chr5	2831021	2835139	4	4	4
ENSG00000248736.3	AC094105.2	chr5	2921496	2967955	4	4	4
ENSG00000249808.3	LINC01377	chr5	3177835	3181487	4	4	4
ENSG00000248118.2	LINC01019	chr5	3357264	3536094	4	4	4
ENSG00000249830.1	LINC02162	chr5	3452816	3461660	4	4	4
ENSG00000250716.1	LINC01017	chr5	3496229	3504004	4	4	4
ENSG00000170549.4	IRX1	chr5	3595832	3601403	4	4	4
ENSG00000259603.1	AC016595.1	chr5	3596211	3600188	4	4	4
ENSG00000248962.1	AC025773.1	chr5	4012708	4013649	4	4	4
ENSG00000249994.1	AC025187.1	chr5	4033713	4041764	4	4	4
ENSG00000250921.2	LINC02063	chr5	4135638	4147429	4	4	4
ENSG00000260763.1	AC106799.3	chr5	4436850	4440259	4	4	4
ENSG00000248973.3	AC106799.2	chr5	4451930	4866311	4	4	4
ENSG00000231291.3	AC106799.1	chr5	4512262	4516776	4	4	4
ENSG00000251371.1	AC010634.1	chr5	4640731	4648254	4	4	4
ENSG00000249521.1	LINC02114	chr5	4773481	4774865	4	4	4
ENSG00000248311.1	AC026719.1	chr5	4775476	4805769	4	4	4
ENSG00000249941.1	AC026415.1	chr5	4866521	4874759	4	4	4
ENSG00000251506.1	AC010451.3	chr5	4967764	4970425	4	4	4
ENSG00000250481.2	AC010451.1	chr5	4974690	5034267	4	4	4
ENSG00000215231.8	LINC01020	chr5	4987789	5070314	4	4	4
ENSG00000251426.1	AC010451.2	chr5	5046796	5049497	4	4	4
ENSG00000250529.1	LINC02121	chr5	5069192	5078311	4	4	4
ENSG00000223007.1	RN7SKP73	chr5	5126046	5126337	4	4	4
ENSG00000250579.2	CTD-2297D10.2	chr5	5132101	5140119	4	4	4
ENSG00000145536.15	ADAMTS16	chr5	5140330	5320304	4	4	4
ENSG00000250866.1	AC022424.1	chr5	5142138	5176214	4	4	4
ENSG00000251568.1	ALG3P1	chr5	5375723	5376836	4	4	4
ENSG00000286753.1	AC091978.1	chr5	5390096	5422116	4	4	4
ENSG00000248729.1	MTCO1P30	chr5	5395378	5395957	4	4	4
ENSG00000250808.1	MTCO2P30	chr5	5395972	5396335	4	4	4
ENSG00000251476.2	MTCO1P31	chr5	5396477	5396968	4	4	4
ENSG00000164151.12	ICE1	chr5	5420664	5490220	4	4	4
ENSG00000286986.1	AC026736.1	chr5	5688805	5694742	4	4	4
ENSG00000261037.1	AC010266.2	chr5	6019029	6022283	4	4	4
ENSG00000259861.1	AC010266.1	chr5	6030035	6030841	4	4	4
ENSG00000278913.1	AC026797.1	chr5	6134303	6137171	4	4	4
ENSG00000250730.2	HMGB3P3	chr5	6289857	6290624	4	4	4
ENSG00000250490.1	LINC02145	chr5	6310441	6339884	4	4	4
ENSG00000133398.4	MED10	chr5	6371874	6378571	4	4	4
ENSG00000287031.1	AC093307.1	chr5	6378674	6411690	4	4	4
ENSG00000215218.4	UBE2QL1	chr5	6448859	6496723	4	4	4
ENSG00000271230.1	AC027334.1	chr5	6532891	6533200	4	4	4
ENSG00000250056.8	LINC01018	chr5	6582136	6600288	4	4	4
ENSG00000037474.15	NSUN2	chr5	6599239	6633291	4	4	4
ENSG00000145545.12	SRD5A1	chr5	6633427	6674386	4	4	4
ENSG00000248677.2	LINC02102	chr5	6686325	6707711	4	4	4
ENSG00000112941.14	TENT4A	chr5	6713432	6757044	4	4	4
ENSG00000251365.4	LINC02236	chr5	6765891	6833120	4	4	4
ENSG00000272071.1	AC122710.2	chr5	6779458	6779998	4	4	4
ENSG00000283420.1	MIR4278	chr5	6827853	6827921	4	4	4
ENSG00000250974.4	LINC02196	chr5	6839460	7219291	4	4	4
ENSG00000200243.1	RN7SKP79	chr5	6848127	6848462	4	4	4
ENSG00000250060.2	AC122710.1	chr5	6868554	6888087	4	4	4
ENSG00000212258.1	RNA5SP176	chr5	7047227	7047336	4	4	4
ENSG00000287790.1	AC025756.1	chr5	7065091	7069351	4	4	4
ENSG00000286254.1	AC091889.1	chr5	7226156	7229357	4	4	4
ENSG00000237611.2	Metazoa_SRP	chr5	7239781	7240018	4	4	4
ENSG00000285689.1	AC091951.4	chr5	7272792	7276923	4	4	4
ENSG00000248775.1	AC091951.2	chr5	7287924	7288477	4	4	4
ENSG00000251250.3	AC091951.3	chr5	7289891	7326609	4	4	4
ENSG00000205976.4	AC091951.1	chr5	7299774	7306592	4	4	4
ENSG00000251678.1	AC027343.3	chr5	7344579	7345921	4	4	4
ENSG00000250668.2	LINC02123	chr5	7346986	7348671	4	4	4
ENSG00000249638.1	AC027343.1	chr5	7362979	7364531	4	4	4
ENSG00000249865.1	AC027343.2	chr5	7367929	7373074	4	4	4
ENSG00000223597.3	LINC02142	chr5	7373115	7391907	4	4	4
ENSG00000078295.17	ADCY2	chr5	7396138	7830081	4	4	4
ENSG00000250761.2	AC093305.1	chr5	7707802	7749766	4	4	4
ENSG00000215217.7	C5orf49	chr5	7830378	7851151	4	4	4
ENSG00000124275.15	MTRR	chr5	7851186	7906025	4	4	4
ENSG00000124279.12	FASTKD3	chr5	7859159	7869037	4	4	4
ENSG00000251168.1	AC025174.1	chr5	7924292	7925398	4	4	4
ENSG00000199773.1	RNU1-76P	chr5	7980146	7980304	4	4	4
ENSG00000287947.1	AC116361.1	chr5	8012377	8014804	4	4	4
ENSG00000280338.1	AC091941.1	chr5	8080186	8080761	4	4	4
ENSG00000280251.1	AC091912.2	chr5	8143618	8143784	4	4	4
ENSG00000249486.1	AC091912.1	chr5	8157541	8157788	4	4	4
ENSG00000288002.1	AC091912.3	chr5	8207019	8366437	4	4	4
ENSG00000245729.2	LINC02226	chr5	8333481	8457558	4	4	4
ENSG00000249159.6	AC091965.1	chr5	8387638	8457564	4	4	4
ENSG00000251549.2	AC091965.3	chr5	8410789	8410996	4	4	4
ENSG00000272049.1	AC091965.4	chr5	8444949	8445535	4	4	4
ENSG00000247516.8	MIR4458HG	chr5	8450701	8486930	4	4	4
ENSG00000250037.1	AC091965.2	chr5	8455946	8456558	4	4	4
ENSG00000279075.1	AC091965.5	chr5	8458842	8459183	4	4	4
ENSG00000284000.1	MIR4458	chr5	8460925	8460999	4	4	4
ENSG00000249782.2	AC091953.1	chr5	8525144	8561682	4	4	4
ENSG00000279097.1	AC091953.3	chr5	8572047	8572206	4	4	4
ENSG00000279264.1	AC091953.5	chr5	8614356	8614696	4	4	4
ENSG00000250389.1	MTND6P2	chr5	8618581	8619104	4	4	4
ENSG00000248765.1	MTCYBP37	chr5	8619178	8620310	4	4	4
ENSG00000279002.1	AC091953.2	chr5	8659764	8660059	4	4	4
ENSG00000280373.1	AC091953.6	chr5	8669018	8669250	4	4	4
ENSG00000279125.1	AC091953.4	chr5	8685581	8685816	4	4	4
ENSG00000280438.1	AC091932.4	chr5	8717684	8717883	4	4	4
ENSG00000278877.1	AC091932.2	chr5	8754869	8755159	4	4	4
ENSG00000260981.1	AC091932.1	chr5	8785042	8785468	4	4	4
ENSG00000280185.1	AC091932.3	chr5	8793875	8794197	4	4	4
ENSG00000250198.3	LINC02199	chr5	8839700	8898052	4	4	4
ENSG00000279635.1	AC091895.1	chr5	8980404	8980659	4	4	4
ENSG00000250619.1	AC021088.1	chr5	9001774	9045940	4	4	4
ENSG00000112902.12	SEMA5A	chr5	9035033	9546075	4	4	4
ENSG00000266415.1	MIR4636	chr5	9053816	9053895	4	4	4
ENSG00000248537.1	AC091906.1	chr5	9363275	9422481	4	4	4
ENSG00000279698.1	AC027335.2	chr5	9498401	9498775	4	4	4
ENSG00000251370.1	SEMA5A-AS1	chr5	9511333	9518086	4	4	4
ENSG00000250001.1	AC027335.1	chr5	9519853	9523178	4	4	4
ENSG00000250786.2	SNHG18	chr5	9546200	9550609	4	4	4
ENSG00000239112.1	SNORD123	chr5	9548836	9548905	4	4	4
ENSG00000248525.2	AC026787.1	chr5	9621377	9658458	4	4	4
ENSG00000169777.6	TAS2R1	chr5	9628997	9712378	4	4	4
ENSG00000249781.7	LINC02112	chr5	9641305	9903852	4	4	4
ENSG00000222054.1	RNA5SP177	chr5	9760907	9761013	4	4	4
ENSG00000286556.1	AC091838.1	chr5	9789295	9812664	4	4	4
ENSG00000250814.3	LINC02221	chr5	9854371	9899970	4	4	4
ENSG00000279011.1	AC091905.2	chr5	10057502	10057807	4	4	4
ENSG00000279755.1	AC091905.3	chr5	10064243	10064476	4	4	4
ENSG00000278874.1	AC091905.1	chr5	10070531	10070841	4	4	4
ENSG00000280016.1	AC091905.4	chr5	10082571	10082772	4	4	4
ENSG00000249807.1	AC034229.1	chr5	10137138	10138365	4	4	4
ENSG00000280449.1	AC034229.6	chr5	10168783	10169006	4	4	4
ENSG00000280368.1	AC034229.5	chr5	10171030	10171214	4	4	4
ENSG00000260515.1	AC034229.2	chr5	10195121	10197628	4	4	4
ENSG00000271998.1	AC034229.3	chr5	10195187	10197622	4	4	4
ENSG00000272417.1	AC034229.4	chr5	10203600	10204040	4	4	4
ENSG00000150756.14	ATPSCKMT	chr5	10225507	10249897	4	4	4
ENSG00000248968.1	AC012640.1	chr5	10248325	10249915	4	4	4
ENSG00000150753.12	CCT5	chr5	10249929	10266389	4	4	4
ENSG00000271980.1	AC012640.4	chr5	10264597	10267146	4	4	4
ENSG00000271715.1	AC012640.3	chr5	10269489	10269918	4	4	4
ENSG00000164237.9	CMBL	chr5	10275875	10307902	4	4	4
ENSG00000252341.1	Y_RNA	chr5	10292041	10292148	4	4	4
ENSG00000252671.1	Y_RNA	chr5	10337277	10337386	4	4	4
ENSG00000280369.1	AC012640.5	chr5	10342813	10343131	4	4	4
ENSG00000259802.1	AC012640.2	chr5	10352701	10353601	4	4	4
ENSG00000145495.16	MARCHF6	chr5	10353695	10440388	4	4	4
ENSG00000250600.1	ROPN1L-AS1	chr5	10441290	10441792	4	4	4
ENSG00000145491.12	ROPN1L	chr5	10441524	10472029	4	4	4
ENSG00000277073.1	MIR6131	chr5	10478037	10478145	4	4	4
ENSG00000246016.2	LINC01513	chr5	10479371	10482309	4	4	4
ENSG00000244361.1	RPL30P7	chr5	10488820	10489142	4	4	4
ENSG00000249166.1	AC092336.1	chr5	10493291	10494094	4	4	4
ENSG00000249396.2	LINC02212	chr5	10493291	10502728	4	4	4
ENSG00000249160.4	LINC02213	chr5	10504996	10522084	4	4	4
ENSG00000280017.1	AC112200.2	chr5	10541454	10543192	4	4	4
ENSG00000279450.1	AC112200.1	chr5	10556582	10556815	4	4	4
ENSG00000164236.12	ANKRD33B	chr5	10564070	10657816	4	4	4
ENSG00000250106.1	ANKRD33B-AS1	chr5	10627260	10628225	4	4	4
ENSG00000251196.1	AC106760.1	chr5	10652211	10655925	4	4	4
ENSG00000251548.1	AC106760.2	chr5	10664495	10665113	4	4	4
ENSG00000279979.1	AC012629.4	chr5	10675317	10675575	4	4	4
ENSG00000278865.1	AC012629.3	chr5	10676096	10676423	4	4	4
ENSG00000112977.16	DAP	chr5	10679230	10761234	4	4	4
ENSG00000272324.5	AC012629.2	chr5	10761065	10770294	4	4	4
ENSG00000250576.1	AC012629.1	chr5	10775058	10777062	4	4	4
ENSG00000169862.19	CTNND2	chr5	10971836	11904446	4	4	4
ENSG00000207312.1	RNU6-429P	chr5	11027200	11027307	4	4	4
ENSG00000212305.1	RNU6-679P	chr5	12297399	12297504	4	4	4
ENSG00000248783.1	AC106771.1	chr5	12553890	12574637	4	4	4
ENSG00000248131.6	LINC01194	chr5	12574830	12804363	4	4	4
ENSG00000251112.2	AC106794.2	chr5	12794100	12794731	4	4	4
ENSG00000249053.1	AC106794.1	chr5	12794731	12795522	4	4	4
ENSG00000248457.1	LINC02220	chr5	12914068	13032886	4	4	4
ENSG00000248145.2	AC016553.1	chr5	13144000	13190677	4	4	4
ENSG00000242608.1	RPS23P5	chr5	13250235	13250662	4	4	4
ENSG00000248462.1	NENFP3	chr5	13553654	13553966	4	4	4
ENSG00000243744.2	AC016546.1	chr5	13637919	13638381	4	4	4
ENSG00000039139.9	DNAH5	chr5	13690331	13944543	4	4	4
ENSG00000251423.3	AC016576.1	chr5	13860303	13901036	4	4	4
ENSG00000038382.20	TRIO	chr5	14143342	14532128	4	4	4
ENSG00000287581.1	AC016549.1	chr5	14356886	14359285	4	4	4
ENSG00000145569.6	OTULINL	chr5	14581792	14616180	4	4	4
ENSG00000248791.1	AC010627.1	chr5	14620020	14621313	4	4	4
ENSG00000250526.1	CCT6P2	chr5	14639426	14641018	4	4	4
ENSG00000250182.3	EEF1A1P13	chr5	14651941	14653329	4	4	4
ENSG00000261360.1	AC010491.1	chr5	14661808	14664604	4	4	4
ENSG00000154124.5	OTULIN	chr5	14664664	14699850	4	4	4
ENSG00000154122.14	ANKH	chr5	14704800	14871778	4	4	4
ENSG00000286970.1	AC010491.2	chr5	14728587	14734258	4	4	4
ENSG00000249485.1	RBBP4P1	chr5	14797125	14798400	4	4	4
ENSG00000264792.1	MIR4637	chr5	14825929	14826012	4	4	4
ENSG00000272057.1	AC016575.1	chr5	14872332	14872713	4	4	4
ENSG00000249928.2	UQCRBP3	chr5	14874400	14874711	4	4	4
ENSG00000250662.1	HNRNPKP5	chr5	14877667	14877919	4	4	4
ENSG00000250247.1	SEPHS2P1	chr5	14960232	14961393	4	4	4
ENSG00000286441.1	AC016575.2	chr5	14970909	14992961	4	4	4
ENSG00000202269.1	U8	chr5	15110786	15110920	4	4	4
ENSG00000249332.2	LINC02149	chr5	15112120	15266541	4	4	4
ENSG00000248834.2	MARK2P5	chr5	15384220	15384853	4	4	4
ENSG00000286377.1	AC114964.2	chr5	15425758	15496353	4	4	4
ENSG00000248699.1	AC114964.1	chr5	15450701	15451811	4	4	4
ENSG00000183580.10	FBXL7	chr5	15500180	15939795	4	4	4
ENSG00000250250.2	CTD-2350J17.1	chr5	15602189	15619109	4	4	4
ENSG00000216077.3	MIR887	chr5	15935182	15935260	4	4	4
ENSG00000222312.1	RNA5SP178	chr5	16033229	16033356	4	4	4
ENSG00000183654.9	MARCHF11	chr5	16067139	16180762	4	4	4
ENSG00000250981.1	MARCHF11-AS1	chr5	16129178	16141602	4	4	4
ENSG00000250448.1	AC092335.1	chr5	16180238	16185585	4	4	4
ENSG00000248403.1	NACAP6	chr5	16192088	16192709	4	4	4
ENSG00000248150.1	LINC02150	chr5	16373361	16440081	4	4	4
ENSG00000249737.1	AC020980.1	chr5	16428536	16432436	4	4	4
ENSG00000173545.5	ZNF622	chr5	16451519	16465800	4	4	4
ENSG00000154153.13	RETREG1	chr5	16473038	16617058	4	4	4
ENSG00000246214.2	AC024588.1	chr5	16615926	16681905	4	4	4
ENSG00000250415.1	AC022113.1	chr5	16617225	16621276	4	4	4
ENSG00000201370.1	Y_RNA	chr5	16623004	16623095	4	4	4
ENSG00000145555.15	MYO10	chr5	16661907	16936288	4	4	4
ENSG00000253093.1	RNA5SP179	chr5	16853994	16854114	4	4	4
ENSG00000243538.1	RPS26P28	chr5	16902294	16902641	4	4	4
ENSG00000201436.1	RNU6-660P	chr5	16941843	16941951	4	4	4
ENSG00000176788.9	BASP1	chr5	17065598	17276843	4	4	4
ENSG00000215196.5	BASP1-AS1	chr5	17089296	17217047	4	4	4
ENSG00000271892.1	AC026790.1	chr5	17107360	17107789	4	4	4
ENSG00000206814.1	Y_RNA	chr5	17117576	17117686	4	4	4
ENSG00000251990.1	RNA5SP180	chr5	17156971	17157071	4	4	4
ENSG00000250816.1	DCAF13P2	chr5	17202274	17203145	4	4	4
ENSG00000252908.1	RNU6-1003P	chr5	17240611	17240715	4	4	4
ENSG00000185296.8	AC026785.1	chr5	17306381	17306960	4	4	4
ENSG00000201715.1	RN7SKP133	chr5	17345616	17345955	4	4	4
ENSG00000223361.5	FTH1P10	chr5	17353695	17354624	4	4	4
ENSG00000248223.1	AC026785.2	chr5	17353910	17354899	4	4	4
ENSG00000249199.2	AC026785.3	chr5	17367588	17375653	4	4	4
ENSG00000250822.1	LINC02111	chr5	17378906	17387310	4	4	4
ENSG00000248455.6	LINC02217	chr5	17403889	17443619	4	4	4
ENSG00000249662.6	LINC02218	chr5	17444010	17486829	4	4	4
ENSG00000268799.4	H3Y2	chr5	17490967	17492076	4	4	4
ENSG00000250667.1	AC106774.1	chr5	17495658	17495826	4	4	4
ENSG00000284373.1	TAF11L2	chr5	17498231	17498827	4	4	4
ENSG00000248205.1	H3P17	chr5	17502043	17502363	4	4	4
ENSG00000249620.1	H3P18	chr5	17511833	17512238	4	4	4
ENSG00000284439.1	TAF11L3	chr5	17518367	17518963	4	4	4
ENSG00000284283.1	TAF11L4	chr5	17521801	17522397	4	4	4
ENSG00000284234.1	TAF11L5	chr5	17525235	17525831	4	4	4
ENSG00000284042.1	TAF11L6	chr5	17528669	17529265	4	4	4
ENSG00000284465.1	TAF11L7	chr5	17585162	17585758	4	4	4
ENSG00000250088.1	AC233724.7	chr5	17587290	17587523	4	4	4
ENSG00000283967.1	TAF11L8	chr5	17590364	17590960	4	4	4
ENSG00000283988.1	TAF11L9	chr5	17593798	17594394	4	4	4
ENSG00000284356.1	TAF11L10	chr5	17597232	17597828	4	4	4
ENSG00000248422.1	AC233724.3	chr5	17598432	17598559	4	4	4
ENSG00000249282.1	AC233724.6	chr5	17601882	17602134	4	4	4
ENSG00000283740.1	TAF11L11	chr5	17604177	17605377	4	4	4
ENSG00000249156.2	TAF11L12	chr5	17610496	17611583	4	4	4
ENSG00000271296.1	H3P19	chr5	17614781	17615111	4	4	4
ENSG00000250351.1	H3P20	chr5	17620533	17620939	4	4	4
ENSG00000250386.1	H3P21	chr5	17625551	17625959	4	4	4
ENSG00000283776.1	TAF11L13	chr5	17632088	17632684	4	4	4
ENSG00000250782.1	TAF11L14	chr5	17634460	17635053	4	4	4
ENSG00000248471.2	AC233724.4	chr5	17642962	17643228	4	4	4
ENSG00000248160.1	AC233724.1	chr5	17647712	17647944	4	4	4
ENSG00000248542.2	AC233724.5	chr5	17649046	17649643	4	4	4
ENSG00000248337.1	AC233724.2	chr5	17654373	17654643	4	4	4
ENSG00000269466.4	H3Y1	chr5	17654868	17655849	4	4	4
ENSG00000274832.1	AC233724.8	chr5	17669283	17669518	4	4	4
ENSG00000250715.1	H3P22	chr5	17670168	17670571	4	4	4
ENSG00000249937.8	LINC02223	chr5	17684584	17955857	4	4	4
ENSG00000240785.2	RPL36AP21	chr5	18049232	18049872	4	4	4
ENSG00000212278.1	SNORD81	chr5	18236123	18236196	4	4	4
ENSG00000241552.3	RN7SL58P	chr5	18547312	18547605	4	4	4
ENSG00000248693.1	LINC02100	chr5	18704433	18746173	4	4	4
ENSG00000249191.1	UBE2V1P12	chr5	18886622	18887095	4	4	4
ENSG00000249927.1	AC025768.1	chr5	18893902	18894168	4	4	4
ENSG00000249285.1	AC114981.1	chr5	18908866	18909543	4	4	4
ENSG00000276764.1	Metazoa_SRP	chr5	18958147	18958413	4	4	4
ENSG00000249174.1	AC106744.1	chr5	18965861	19142346	4	4	4
ENSG00000251487.1	AC106744.2	chr5	19035197	19038799	4	4	4
ENSG00000242654.1	RPL32P14	chr5	19041009	19041386	4	4	4
ENSG00000249557.2	HSPD1P15	chr5	19233366	19234487	4	4	4
ENSG00000145526.12	CDH18	chr5	19471296	20575873	4	4	4
ENSG00000248766.2	AC093303.1	chr5	20158662	20158956	4	4	4
ENSG00000214132.4	AC094103.1	chr5	20304045	20305448	4	4	4
ENSG00000249854.3	CDH18-AS1	chr5	20305565	20347972	4	4	4
ENSG00000249490.2	LINC02146	chr5	20606710	20616441	4	4	4
ENSG00000251629.7	LINC02241	chr5	20611806	20937800	4	4	4
ENSG00000248308.1	AC138938.1	chr5	20830166	20830947	4	4	4
ENSG00000286751.1	AC140168.1	chr5	20967211	21032845	4	4	4
ENSG00000248286.1	AC140172.1	chr5	21196720	21196860	4	4	4
ENSG00000249359.3	AC093274.1	chr5	21323873	21341375	4	4	4
ENSG00000183666.17	GUSBP1	chr5	21341833	21589372	4	4	4
ENSG00000233974.3	AC138951.1	chr5	21481327	21484011	4	4	4
ENSG00000279107.1	AC138951.2	chr5	21493436	21494596	4	4	4
ENSG00000272130.1	AC091946.2	chr5	21569755	21570045	4	4	4
ENSG00000253766.1	AC091946.1	chr5	21616262	21779522	4	4	4
ENSG00000154162.15	CDH12	chr5	21750673	22853344	4	4	4
ENSG00000213430.6	HSPD1P1	chr5	21882585	21884310	4	4	4
ENSG00000253104.1	AC139497.1	chr5	22139247	22141468	4	4	4
ENSG00000168967.14	PMCHL1	chr5	22142352	22152356	4	4	4
ENSG00000287471.1	AC138854.1	chr5	22212476	22213761	4	4	4
ENSG00000249206.2	GCNT1P2	chr5	22580225	22580819	4	4	4
ENSG00000286961.1	AC091938.1	chr5	22754227	22766824	4	4	4
ENSG00000249404.1	AC010445.1	chr5	23013048	23014527	4	4	4
ENSG00000250319.1	AC010460.2	chr5	23262159	23263185	4	4	4
ENSG00000206912.1	Y_RNA	chr5	23299155	23299262	4	4	4
ENSG00000250332.1	AC010460.3	chr5	23303565	23305143	4	4	4
ENSG00000249289.1	AC010460.1	chr5	23329427	23329892	4	4	4
ENSG00000164256.11	PRDM9	chr5	23443586	23528093	4	4	4
ENSG00000248591.1	AC109445.1	chr5	23456468	23456850	4	4	4
ENSG00000249607.1	AC108103.1	chr5	23688927	23689386	4	4	4
ENSG00000248874.5	C5orf17	chr5	23951348	24178263	4	4	4
ENSG00000252083.1	AC026784.1	chr5	23972188	23972294	4	4	4
ENSG00000234865.3	ADH5P5	chr5	23980587	23980938	4	4	4
ENSG00000200600.1	Y_RNA	chr5	23994502	23994603	4	4	4
ENSG00000286134.2	AC114930.1	chr5	24135160	24271863	4	4	6
ENSG00000226432.3	AC010342.1	chr5	24170370	24171246	4	4	4
ENSG00000250694.1	AC010387.1	chr5	24352309	24353443	4	4	4
ENSG00000277455.1	Metazoa_SRP	chr5	24449351	24449615	4	4	4
ENSG00000287199.1	AC010387.2	chr5	24478516	24480057	4	4	4
ENSG00000040731.10	CDH10	chr5	24487100	24644978	4	4	4
ENSG00000251294.1	AC091885.2	chr5	24554018	24613222	4	4	4
ENSG00000249562.1	AC091885.1	chr5	24578294	24578561	4	4	4
ENSG00000286454.1	AC091893.2	chr5	24729379	24738195	4	4	4
ENSG00000250099.1	AC091893.1	chr5	24749374	24749772	4	4	4
ENSG00000286238.1	AC106821.2	chr5	24772144	24850971	4	4	4
ENSG00000248156.2	BTG4P1	chr5	24786842	24787024	4	4	4
ENSG00000223004.1	SNORD29	chr5	24811481	24811548	4	4	4
ENSG00000248908.1	LINC02239	chr5	24835280	24840583	4	4	4
ENSG00000250524.1	AC106821.1	chr5	24881943	24885461	4	4	4
ENSG00000199911.1	Y_RNA	chr5	24910594	24910695	4	4	4
ENSG00000251273.4	LINC02228	chr5	25087450	25190956	4	4	4
ENSG00000245662.4	LINC02211	chr5	25187800	25324386	4	4	4
ENSG00000285042.1	AC099499.2	chr5	25188059	25188778	4	4	4
ENSG00000251654.2	AC099499.1	chr5	25218973	25298612	4	4	4
ENSG00000260761.1	AC106754.1	chr5	25319834	25321346	4	4	4
ENSG00000279671.1	AC106754.2	chr5	25349841	25350073	4	4	4
ENSG00000248605.5	AC022140.1	chr5	25404733	25445925	4	4	4
ENSG00000279531.1	AC022140.2	chr5	25425412	25425599	4	4	4
ENSG00000201016.1	RNU6-374P	chr5	25701217	25701324	4	4	4
ENSG00000279869.1	AC022418.1	chr5	25716271	25716715	4	4	4
ENSG00000251593.1	MSNP1	chr5	25909503	25911234	4	4	4
ENSG00000286625.1	AC113370.1	chr5	25963839	25990687	4	4	4
ENSG00000222560.1	RNU4-43P	chr5	26012889	26013025	4	4	4
ENSG00000249099.1	AC025475.1	chr5	26382519	26399819	4	4	4
ENSG00000286204.1	AC025475.2	chr5	26473505	26484711	4	4	4
ENSG00000230571.2	AC113347.1	chr5	26669346	26669736	4	4	4
ENSG00000248426.1	AC113347.2	chr5	26669711	26669989	4	4	4
ENSG00000250703.1	AC113347.3	chr5	26670334	26670481	4	4	4
ENSG00000251033.1	AC113347.4	chr5	26711551	26749997	4	4	4
ENSG00000249616.1	CCNB3P1	chr5	26739753	26741183	4	4	4
ENSG00000113100.10	CDH9	chr5	26880597	27121150	4	4	4
ENSG00000207261.1	RNU6-738P	chr5	27111569	27111674	4	4	4
ENSG00000250337.7	PURPL	chr5	27217714	27496994	4	4	4
ENSG00000248490.2	AC113355.1	chr5	27406530	27436421	4	4	4
ENSG00000250079.1	AC093300.1	chr5	28213359	28214559	4	4	4
ENSG00000249785.3	LINC02103	chr5	28285964	28287807	4	4	4
ENSG00000250453.2	AC008825.1	chr5	28548135	28809291	4	4	4
ENSG00000286432.1	AC109472.1	chr5	28614613	28654531	4	4	4
ENSG00000252867.1	RNU6-909P	chr5	28624657	28624763	4	4	4
ENSG00000270495.1	AC008825.2	chr5	28808538	28809255	4	4	4
ENSG00000259786.7	LINC02109	chr5	28809331	29217115	4	4	4
ENSG00000271035.1	AC010385.2	chr5	28897785	28898274	4	4	4
ENSG00000162685.6	LSP1P3	chr5	28926816	28927023	4	4	4
ENSG00000226400.2	AC010385.1	chr5	28927029	28927284	4	4	4
ENSG00000277878.1	AC010385.3	chr5	28927298	28927459	4	4	4
ENSG00000249226.1	SUCLG2P4	chr5	29001760	29003357	4	4	4
ENSG00000252601.1	AC024589.2	chr5	29070496	29070610	4	4	4
ENSG00000248687.2	AC024589.1	chr5	29104880	29105438	4	4	4
ENSG00000270430.1	AC024589.3	chr5	29105568	29106861	4	4	4
ENSG00000286182.1	AC112172.2	chr5	29239922	29265940	4	4	4
ENSG00000248391.6	LINC02064	chr5	29304305	29396095	4	4	4
ENSG00000276098.1	AC027345.1	chr5	29516005	29516504	4	4	4
ENSG00000248418.2	UBL5P1	chr5	29600676	29600868	4	4	4
ENSG00000250984.1	AC108082.1	chr5	29795938	29796268	4	4	4
ENSG00000249744.1	AC010374.2	chr5	29848684	29849218	4	4	4
ENSG00000233787.3	AC010374.1	chr5	29881709	29882945	4	4	4
ENSG00000223136.1	RN7SKP207	chr5	29948828	29949130	4	4	4
ENSG00000280305.1	AC018765.1	chr5	29979669	29983114	4	4	4
ENSG00000250587.2	HPRT1P2	chr5	30248350	30248893	4	4	4
ENSG00000250118.1	AC114300.1	chr5	30365405	30365684	4	4	4
ENSG00000287176.1	AC099517.1	chr5	30545177	30693984	4	4	4
ENSG00000287940.1	AC026433.1	chr5	30733557	30743704	4	4	4
ENSG00000241668.2	RPL19P11	chr5	31053565	31054153	4	4	4
ENSG00000253940.1	AC026421.1	chr5	31065970	31066132	4	4	4
ENSG00000254138.1	AC113386.1	chr5	31093977	31267610	4	4	4
ENSG00000113361.13	CDH6	chr5	31193686	31329146	4	4	4
ENSG00000250482.3	DUX4L51	chr5	31249879	31250987	4	4	4
ENSG00000113360.16	DROSHA	chr5	31400497	31532196	4	4	4
ENSG00000206682.1	Y_RNA	chr5	31505684	31505788	4	4	4
ENSG00000082213.18	C5orf22	chr5	31532287	31555053	4	4	4
ENSG00000279923.1	AC022417.1	chr5	31558573	31559875	4	4	4
ENSG00000199765.1	RNU6-363P	chr5	31595565	31595669	4	4	4
ENSG00000133401.16	PDZD2	chr5	31639131	32110932	4	4	4
ENSG00000248624.1	AC022447.2	chr5	31657218	31665067	4	4	4
ENSG00000248878.1	AC022447.4	chr5	31725539	31725902	4	4	4
ENSG00000249114.1	AC022447.5	chr5	31738269	31738660	4	4	4
ENSG00000248813.1	AC022447.3	chr5	31741833	31742327	4	4	4
ENSG00000248378.1	AC022447.1	chr5	31743988	31744451	4	4	4
ENSG00000250164.1	AC022447.7	chr5	31747644	31748078	4	4	4
ENSG00000249688.1	AC022447.6	chr5	31754219	31754656	4	4	4
ENSG00000252373.1	RNU6-358P	chr5	31820564	31820638	4	4	4
ENSG00000224282.3	AC010469.1	chr5	31822561	31823136	4	4	4
ENSG00000251887.2	RNU6-760P	chr5	31832439	31832535	4	4	4
ENSG00000241739.1	AC010469.2	chr5	31840492	31840971	4	4	4
ENSG00000243914.1	RPL5P14	chr5	31847271	31848148	4	4	4
ENSG00000214108.4	TPT1P5	chr5	31908361	31909186	4	4	4
ENSG00000249774.1	AC025458.1	chr5	31923367	31923532	4	4	4
ENSG00000266243.1	MIR4279	chr5	31936102	31936159	4	4	4
ENSG00000250764.1	AC025178.1	chr5	32103445	32121941	4	4	4
ENSG00000113384.14	GOLPH3	chr5	32124716	32174319	4	4	4
ENSG00000200065.1	Y_RNA	chr5	32134738	32134834	4	4	4
ENSG00000272086.1	AC025181.2	chr5	32174471	32175272	4	4	4
ENSG00000230829.3	AC025181.1	chr5	32221932	32222347	4	4	4
ENSG00000150712.11	MTMR12	chr5	32226994	32312987	4	4	4
ENSG00000199731.1	RNU6-1079P	chr5	32234766	32234875	4	4	4
ENSG00000207052.1	RNU6-378P	chr5	32309662	32309768	4	4	4
ENSG00000056097.16	ZFR	chr5	32354350	32444740	4	4	4
ENSG00000207956.1	MIR579	chr5	32394378	32394475	4	4	4
ENSG00000249142.1	AC074134.1	chr5	32522758	32523865	4	4	4
ENSG00000113387.12	SUB1	chr5	32531633	32604079	4	4	4
ENSG00000250885.1	LINC02061	chr5	32646564	32651976	4	4	4
ENSG00000286741.1	AC008766.1	chr5	32653321	32656022	4	4	4
ENSG00000113389.16	NPR3	chr5	32689070	32791724	4	4	4
ENSG00000251062.1	AC025459.1	chr5	32887990	32888145	4	4	4
ENSG00000250697.2	AC010343.3	chr5	32888236	33298066	4	4	4
ENSG00000248279.5	LINC02120	chr5	32947443	32962467	4	4	4
ENSG00000249102.3	AC034223.1	chr5	33008934	33026025	4	4	4
ENSG00000251281.1	AC034223.2	chr5	33011322	33017607	4	4	4
ENSG00000250672.1	AC010343.2	chr5	33090126	33090349	4	4	4
ENSG00000240376.1	AC010343.1	chr5	33162179	33162807	4	4	4
ENSG00000251443.2	LINC02160	chr5	33229516	33284642	4	4	4
ENSG00000288579.1	AC025472.1	chr5	33367179	33368778	4	4	4
ENSG00000249572.1	AC034231.1	chr5	33424025	33440619	4	4	4
ENSG00000113407.14	TARS1	chr5	33440696	33468091	4	4	4
ENSG00000249360.1	TOMM40P3	chr5	33502072	33503135	4	4	4
ENSG00000250583.1	AC034232.1	chr5	33519616	33522230	4	4	4
ENSG00000151388.11	ADAMTS12	chr5	33523535	33892019	4	4	4
ENSG00000201623.1	RNU6-923P	chr5	33888056	33888162	4	4	4
ENSG00000182631.7	RXFP3	chr5	33936386	33938918	4	4	4
ENSG00000164175.15	SLC45A2	chr5	33944623	33984693	4	4	4
ENSG00000250914.1	AC139783.2	chr5	33970863	33972628	4	4	4
ENSG00000242110.8	AMACR	chr5	33986165	34008104	4	4	4
ENSG00000273294.1	C1QTNF3-AMACR	chr5	33987174	34124528	4	4	4
ENSG00000250767.1	AC139783.1	chr5	33997044	33997724	4	4	4
ENSG00000082196.21	C1QTNF3	chr5	34017858	34043213	4	4	4
ENSG00000278900.1	AC139792.2	chr5	34105750	34106336	4	4	4
ENSG00000279995.1	AC139792.3	chr5	34124162	34124385	4	4	4
ENSG00000271771.1	AC139792.1	chr5	34158121	34158767	4	4	4
ENSG00000215158.9	AC138409.2	chr5	34164698	34244796	4	4	4
ENSG00000215156.5	AC138409.1	chr5	34190056	34193653	4	4	4
ENSG00000286543.1	AC138409.3	chr5	34245273	34288755	4	4	4
ENSG00000249380.1	AC138853.1	chr5	34373028	34373850	4	4	4
ENSG00000271874.1	AC025754.2	chr5	34651457	34651888	4	4	4
ENSG00000039560.14	RAI14	chr5	34656328	34832612	4	4	4
ENSG00000250234.1	AC025754.1	chr5	34656412	34657250	4	4	4
ENSG00000272323.1	AC026801.2	chr5	34837549	34839278	4	4	4
ENSG00000205838.14	TTC23L	chr5	34838833	34899456	4	4	4
ENSG00000250140.1	AC026801.1	chr5	34860783	34861506	4	4	4
ENSG00000241829.1	RPL21P54	chr5	34883057	34883520	4	4	4
ENSG00000113456.19	RAD1	chr5	34905260	34918989	4	4	4
ENSG00000113460.13	BRIX1	chr5	34915677	34925996	4	4	4
ENSG00000168724.17	DNAJC21	chr5	34929559	34958964	4	4	4
ENSG00000113492.14	AGXT2	chr5	34998101	35048135	4	4	4
ENSG00000113494.17	PRLR	chr5	35048756	35230487	4	4	4
ENSG00000250886.1	AC010368.1	chr5	35081223	35081992	4	4	4
ENSG00000201368.2	U3	chr5	35429064	35429277	4	4	4
ENSG00000152582.14	SPEF2	chr5	35617844	35814611	4	4	4
ENSG00000238441.1	RNU7-130P	chr5	35632963	35633024	4	4	4
ENSG00000248969.1	AC137810.1	chr5	35678484	35827018	4	4	4
ENSG00000168685.15	IL7R	chr5	35852695	35879603	4	4	4
ENSG00000279737.1	AC112204.3	chr5	35895689	35896020	4	4	4
ENSG00000248349.1	AC112204.1	chr5	35896188	35896290	4	4	4
ENSG00000152611.12	CAPSL	chr5	35904288	35938779	4	4	4
ENSG00000249748.1	AC112204.2	chr5	35938822	35939993	4	4	4
ENSG00000145626.12	UGT3A1	chr5	35951006	36001028	4	4	4
ENSG00000168671.10	UGT3A2	chr5	36035021	36071358	4	4	4
ENSG00000251591.2	AC016612.1	chr5	36071791	36072079	4	4	4
ENSG00000164187.7	LMBRD2	chr5	36098407	36151887	4	4	4
ENSG00000207756.1	MIR580	chr5	36147892	36147988	4	4	4
ENSG00000145604.17	SKP2	chr5	36151989	36196849	4	4	4
ENSG00000201223.1	RNU6-1305P	chr5	36155119	36155222	4	4	4
ENSG00000152620.13	NADK2	chr5	36192589	36242279	4	4	4
ENSG00000245711.2	NADK2-AS1	chr5	36221055	36221902	4	4	4
ENSG00000164188.9	RANBP3L	chr5	36246913	36302114	4	4	4
ENSG00000287634.1	AC114277.1	chr5	36343672	36347157	4	4	4
ENSG00000222178.1	RNA5SP181	chr5	36485343	36485440	4	4	4
ENSG00000242292.2	AC010631.1	chr5	36588506	36588661	4	4	4
ENSG00000079215.14	SLC1A3	chr5	36606355	36688334	4	4	4
ENSG00000274441.1	AC008957.2	chr5	36636019	36649347	4	4	4
ENSG00000250155.2	AC008957.1	chr5	36666214	36725195	4	4	4
ENSG00000279400.1	AC008957.3	chr5	36667717	36669958	4	4	4
ENSG00000272103.2	AC026741.1	chr5	36861736	36867238	4	4	4
ENSG00000285967.1	NIPBL-DT	chr5	36864425	36876700	4	4	4
ENSG00000164190.19	NIPBL	chr5	36876769	37066413	4	4	4
ENSG00000249850.1	KRT18P31	chr5	36885206	36886497	4	4	4
ENSG00000244073.1	RPS4XP6	chr5	37085056	37085852	4	4	4
ENSG00000197603.15	CPLANE1	chr5	37106228	37249421	4	4	4
ENSG00000271378.1	RBISP2	chr5	37130430	37130700	4	4	4
ENSG00000228212.1	OFD1P17	chr5	37209364	37212381	4	4	4
ENSG00000242493.3	RN7SL37P	chr5	37246173	37246479	4	4	4
ENSG00000286193.2	AC025449.2	chr5	37249026	37252617	4	4	4
ENSG00000270558.1	AC025449.1	chr5	37286449	37286977	4	4	4
ENSG00000113569.16	NUP155	chr5	37288137	37371106	4	4	4
ENSG00000251880.1	RNU7-75P	chr5	37327135	37327196	4	4	4
ENSG00000250455.1	AC117532.1	chr5	37377049	37377971	4	4	4
ENSG00000082068.9	WDR70	chr5	37379285	37753435	4	4	4
ENSG00000248216.1	KCTD9P5	chr5	37505688	37506857	4	4	4
ENSG00000222743.1	RNU6-1190P	chr5	37619985	37620088	4	4	4
ENSG00000206743.1	RNU6-484P	chr5	37700331	37700437	4	4	4
ENSG00000248587.8	GDNF-AS1	chr5	37811589	37953827	4	4	4
ENSG00000168621.15	GDNF	chr5	37812677	37840041	4	4	4
ENSG00000248539.1	LINC02117	chr5	37899363	37920869	4	4	4
ENSG00000250032.1	AC008869.1	chr5	37939365	37947955	4	4	4
ENSG00000251518.1	LINC02110	chr5	37948491	37951055	4	4	4
ENSG00000248533.1	AC034226.1	chr5	37953402	37966964	4	4	4
ENSG00000248461.3	LINC02119	chr5	38025568	38184717	4	4	4
ENSG00000276332.1	AC010338.1	chr5	38197432	38198148	4	4	4
ENSG00000164318.18	EGFLAM	chr5	38258409	38465480	4	4	4
ENSG00000248730.1	EGFLAM-AS4	chr5	38282264	38290986	4	4	4
ENSG00000249071.2	EGFLAM-AS3	chr5	38345347	38346551	4	4	4
ENSG00000248572.6	EGFLAM-AS2	chr5	38399814	38403471	4	4	4
ENSG00000249491.1	EGFLAM-AS1	chr5	38425036	38427376	4	4	4
ENSG00000248234.1	AC091839.1	chr5	38429892	38430160	4	4	4
ENSG00000251257.2	AC010457.1	chr5	38460925	38468339	4	4	4
ENSG00000113594.10	LIFR	chr5	38474668	38608354	4	4	4
ENSG00000244968.7	LIFR-AS1	chr5	38556765	38671216	4	4	4
ENSG00000265304.1	MIR3650	chr5	38557502	38557561	4	4	4
ENSG00000251189.1	AC010425.1	chr5	38682070	38685126	4	4	4
ENSG00000249740.3	OSMR-AS1	chr5	38682581	38845829	4	4	4
ENSG00000248577.1	AC091435.1	chr5	38763158	38764289	4	4	4
ENSG00000250629.1	AC091435.2	chr5	38783580	38792754	4	4	4
ENSG00000145623.13	OSMR	chr5	38845858	38945596	4	4	4
ENSG00000164327.13	RICTOR	chr5	38937920	39074399	4	4	4
ENSG00000249089.1	AIG1P1	chr5	39022411	39022558	4	4	4
ENSG00000286809.1	AC008964.1	chr5	39092658	39103677	4	4	4
ENSG00000082074.19	FYB1	chr5	39105252	39274528	4	4	4
ENSG00000251215.1	GOLGA5P1	chr5	39169210	39170335	4	4	4
ENSG00000113600.11	C9	chr5	39284140	39424868	4	4	4
ENSG00000153071.15	DAB2	chr5	39371675	39462300	4	4	4
ENSG00000271334.6	LINC02104	chr5	39520398	39524726	4	4	4
ENSG00000251515.1	CCDC11P1	chr5	39571478	39572639	4	4	4
ENSG00000250492.1	INTS6P1	chr5	39718984	39721513	4	4	4
ENSG00000248651.1	GCSHP1	chr5	39888576	39889059	4	4	4
ENSG00000250048.2	LINC00603	chr5	39892138	40053324	4	4	4
ENSG00000249668.1	KRT18P56	chr5	40066651	40067200	4	4	4
ENSG00000250585.3	LINC00604	chr5	40240167	40267657	4	4	4
ENSG00000199361.1	RNU1-150P	chr5	40269558	40269719	4	4	4
ENSG00000287597.1	AC108105.1	chr5	40306824	40312905	4	4	4
ENSG00000283286.1	AC093277.1	chr5	40415137	40431491	4	4	4
ENSG00000285552.1	AC114977.1	chr5	40463562	40504563	4	4	4
ENSG00000285616.1	AC114977.2	chr5	40474908	40490430	4	4	4
ENSG00000113638.14	TTC33	chr5	40512333	40755963	4	4	4
ENSG00000199552.1	SNORA63	chr5	40654963	40655094	4	4	4
ENSG00000171522.6	PTGER4	chr5	40679915	40693735	4	4	4
ENSG00000132356.11	PRKAA1	chr5	40759379	40798374	4	4	4
ENSG00000212567.1	AC008810.1	chr5	40790077	40790204	4	4	4
ENSG00000145592.14	RPL37	chr5	40825262	40835222	4	4	4
ENSG00000212296.1	SNORD72	chr5	40832656	40832735	4	4	4
ENSG00000132357.14	CARD6	chr5	40841308	40860175	4	4	4
ENSG00000112936.19	C7	chr5	40909497	40984643	4	4	4
ENSG00000253098.1	RNU7-161P	chr5	40911067	40911128	4	4	4
ENSG00000248120.1	AC114967.1	chr5	40967505	40967763	4	4	4
ENSG00000171495.17	MROH2B	chr5	40998017	41071342	4	4	4
ENSG00000039537.14	C6	chr5	41142116	41261438	4	4	4
ENSG00000182836.10	PLCXD3	chr5	41306952	41510628	4	4	4
ENSG00000251478.1	AC008817.1	chr5	41585882	41587787	4	4	4
ENSG00000083720.13	OXCT1	chr5	41730065	41870425	4	4	4
ENSG00000286164.1	AC034222.2	chr5	41868975	41880210	4	4	4
ENSG00000248668.3	OXCT1-AS1	chr5	41869927	41872241	4	4	4
ENSG00000240281.2	AC034222.1	chr5	41895068	41895599	4	4	4
ENSG00000205765.9	C5orf51	chr5	41904188	41921636	4	4	4
ENSG00000151876.13	FBXO4	chr5	41925254	41941743	4	4	4
ENSG00000239694.1	RPSAP38	chr5	41951313	41952193	4	4	4
ENSG00000199487.1	Y_RNA	chr5	41963868	41963969	4	4	4
ENSG00000249266.1	MTHFD2P6	chr5	41967139	41968366	4	4	4
ENSG00000260786.1	AC108099.1	chr5	42188266	42191523	4	4	4
ENSG00000112964.14	GHR	chr5	42423439	42721878	4	4	4
ENSG00000248873.1	SERBP1P6	chr5	42465400	42468868	4	4	4
ENSG00000250860.1	AC093225.1	chr5	42466893	42468300	4	4	4
ENSG00000270513.1	AC113368.1	chr5	42729138	42729519	4	4	4
ENSG00000198865.10	CCDC152	chr5	42756818	42802439	4	4	4
ENSG00000250722.6	SELENOP	chr5	42799880	42887392	4	4	4
ENSG00000272234.1	AC008945.1	chr5	42806394	42806997	4	4	4
ENSG00000286271.2	AC008945.2	chr5	42813647	42924535	4	4	4
ENSG00000249092.1	PPIAP77	chr5	42892319	42892817	4	4	4
ENSG00000251163.1	PRELID3BP4	chr5	42897262	42897832	4	4	4
ENSG00000251656.1	PRELID3BP5	chr5	42908208	42908667	4	4	4
ENSG00000249516.1	PRELID3BP6	chr5	42917414	42917984	4	4	4
ENSG00000250711.1	PRELID3BP7	chr5	42972624	42973092	4	4	4
ENSG00000287263.1	AC008875.3	chr5	42983636	42993276	4	4	4
ENSG00000286656.1	AC008875.2	chr5	42995134	42997480	4	4	4
ENSG00000271788.1	AC008875.1	chr5	43006733	43007543	4	4	4
ENSG00000177738.4	AC025171.1	chr5	43013060	43067452	4	4	4
ENSG00000251131.2	AC025171.3	chr5	43018429	43024678	4	4	4
ENSG00000272382.1	AC025171.5	chr5	43033716	43034635	4	4	4
ENSG00000177721.4	ANXA2R	chr5	43039081	43043170	4	4	4
ENSG00000215068.8	AC025171.2	chr5	43041575	43054603	4	4	4
ENSG00000272144.1	AC025171.4	chr5	43061395	43062441	4	4	4
ENSG00000172262.11	ZNF131	chr5	43065176	43192021	4	4	4
ENSG00000278487.1	AC106800.3	chr5	43143362	43143514	4	4	4
ENSG00000177453.7	NIM1K	chr5	43192071	43280850	4	4	4
ENSG00000249779.1	AC106800.1	chr5	43206709	43207811	4	4	4
ENSG00000249888.1	AC106800.2	chr5	43225506	43225813	4	4	4
ENSG00000247763.2	TUBAP14	chr5	43231812	43233173	4	4	4
ENSG00000112972.15	HMGCS1	chr5	43287470	43313512	4	4	4
ENSG00000261604.1	AC114947.2	chr5	43287601	43290839	4	4	4
ENSG00000188850.9	AC114947.1	chr5	43336164	43348716	4	4	4
ENSG00000151882.11	CCL28	chr5	43376645	43412391	4	4	4
ENSG00000151881.15	TMEM267	chr5	43444252	43483893	4	4	4
ENSG00000249492.2	AC114956.2	chr5	43483913	43509356	4	4	4
ENSG00000172244.9	C5orf34	chr5	43486709	43515148	4	4	4
ENSG00000249855.1	EEF1A1P19	chr5	43495073	43496454	4	4	4
ENSG00000248554.1	C5orf34-AS1	chr5	43511058	43521811	4	4	4
ENSG00000248240.1	AC114956.1	chr5	43515274	43525310	4	4	4
ENSG00000172239.14	PAIP1	chr5	43526267	43557758	4	4	4
ENSG00000248092.8	NNT-AS1	chr5	43571594	43603230	4	4	4
ENSG00000279557.1	AC010435.1	chr5	43586367	43587543	4	4	4
ENSG00000249286.1	AMD1P3	chr5	43586918	43588223	4	4	4
ENSG00000112992.18	NNT	chr5	43602692	43707405	4	4	4
ENSG00000224993.3	RPL29P12	chr5	43666766	43667232	4	4	4
ENSG00000249276.1	AC104119.1	chr5	43874367	43886628	4	4	4
ENSG00000212561.1	RNU6-381P	chr5	44066624	44066731	4	4	4
ENSG00000070193.5	FGF10	chr5	44300247	44389706	4	4	4
ENSG00000248464.1	FGF10-AS1	chr5	44388732	44413989	4	4	4
ENSG00000249203.2	LINC02224	chr5	44495099	44658569	4	4	4
ENSG00000250418.1	AC093292.1	chr5	44698431	44700808	4	4	4
ENSG00000263556.2	RN7SL383P	chr5	44716193	44716486	4	4	4
ENSG00000251141.6	MRPS30-DT	chr5	44742420	44808777	4	4	4
ENSG00000248779.1	AC093297.1	chr5	44752949	44765744	4	4	4
ENSG00000112996.11	MRPS30	chr5	44808947	44820428	4	4	4
ENSG00000272335.1	AC093297.2	chr5	44826076	44828592	4	4	4
ENSG00000248148.1	AC114954.1	chr5	45035199	45098647	4	4	4
ENSG00000287540.1	AC116350.1	chr5	45226286	45228428	4	4	4
ENSG00000164588.8	HCN1	chr5	45254948	45696498	4	4	4
ENSG00000250422.1	AC117529.2	chr5	45557919	45559986	4	4	4
ENSG00000250017.1	AC117529.1	chr5	45574590	45576612	4	4	4
ENSG00000250122.1	AC122694.1	chr5	45890216	45895970	4	4	4
ENSG00000170571.12	EMB	chr5	50396192	50443248	4	4	4
ENSG00000271455.1	AC112187.2	chr5	50603229	50603511	4	4	4
ENSG00000213956.4	AC112187.1	chr5	50633124	50633602	4	4	4
ENSG00000271752.1	AC112187.3	chr5	50662859	50663266	4	4	4
ENSG00000151883.19	PARP8	chr5	50665899	50846519	4	4	4
ENSG00000249405.1	AC022441.1	chr5	50858760	50860020	4	4	4
ENSG00000270830.1	AC022441.3	chr5	50903608	50903743	4	4	4
ENSG00000251601.1	AC022441.2	chr5	50929484	50934521	4	4	4
ENSG00000250360.1	AC008808.2	chr5	50965687	50967008	4	4	4
ENSG00000251573.2	LINC02106	chr5	50969217	50970167	4	4	4
ENSG00000248918.2	AC008808.1	chr5	50969660	50970187	4	4	4
ENSG00000207060.1	RNU6-480P	chr5	51055353	51055459	4	4	4
ENSG00000278734.1	AC091834.1	chr5	51101172	51101643	4	4	4
ENSG00000206606.1	RNU6-1296P	chr5	51167541	51167647	4	4	4
ENSG00000240627.1	AC026798.1	chr5	51275253	51275734	4	4	4
ENSG00000259663.2	AC010478.1	chr5	51372736	51383332	4	4	4
ENSG00000016082.15	ISL1	chr5	51383448	51394730	4	4	4
ENSG00000249338.1	HMGB1P47	chr5	51409617	51410205	4	4	4
ENSG00000248891.2	AC091860.1	chr5	51427996	51428427	4	4	4
ENSG00000288035.1	AC022433.1	chr5	51438792	51665048	4	4	4
ENSG00000251125.1	AC091860.2	chr5	51451158	51462089	4	4	4
ENSG00000251873.1	RNA5SP182	chr5	51886688	51886769	4	4	4
ENSG00000249270.1	KATNBL1P4	chr5	51930808	51932036	4	4	4
ENSG00000279470.1	AC091903.1	chr5	51963992	51964445	4	4	4
ENSG00000248789.5	LINC02118	chr5	52008031	52080987	4	4	4
ENSG00000244621.1	RPS17P11	chr5	52282567	52282859	4	4	4
ENSG00000250827.1	MFSD4BP1	chr5	52579555	52581106	4	4	4
ENSG00000248898.3	AC022126.1	chr5	52673186	52799956	4	4	4
ENSG00000152684.11	PELO	chr5	52787916	52804044	4	4	4
ENSG00000213949.10	ITGA1	chr5	52787916	52959209	4	4	4
ENSG00000288539.1	AC022133.2	chr5	52853183	52872925	4	4	4
ENSG00000251237.1	B3GNTL1P1	chr5	52889666	52889954	4	4	4
ENSG00000241809.1	AC022133.1	chr5	52903908	52904478	4	4	4
ENSG00000249899.6	AC025180.1	chr5	52930606	52990278	4	4	4
ENSG00000164171.11	ITGA2	chr5	52989340	53094779	4	4	4
ENSG00000286048.1	AC008966.3	chr5	53024924	53035884	4	4	4
ENSG00000272123.1	AC008966.2	chr5	53089016	53089468	4	4	4
ENSG00000164172.20	MOCS2	chr5	53095679	53110063	4	4	4
ENSG00000247796.3	AC008966.1	chr5	53109816	53127673	4	4	4
ENSG00000213940.4	AC026477.1	chr5	53206561	53207176	4	4	4
ENSG00000285831.1	AC027329.1	chr5	53297872	53326565	4	4	4
ENSG00000240052.1	AC108114.1	chr5	53413504	53414260	4	4	4
ENSG00000134363.12	FST	chr5	53480626	53487134	4	4	4
ENSG00000164258.12	NDUFS4	chr5	53560633	53683338	4	4	4
ENSG00000250447.6	LINC02105	chr5	53776048	53819722	4	4	4
ENSG00000217791.4	ASS1P9	chr5	53859166	53860401	4	4	4
ENSG00000272416.1	AC025175.1	chr5	53880293	53881051	4	4	4
ENSG00000185305.11	ARL15	chr5	53883942	54310582	4	4	4
ENSG00000287087.1	AC025175.2	chr5	53897464	53899370	4	4	4
ENSG00000222960.1	RNU6-272P	chr5	53912020	53912123	4	4	4
ENSG00000207627.1	MIR581	chr5	53951504	53951599	4	4	4
ENSG00000241230.3	RN7SL801P	chr5	54048007	54048308	4	4	4
ENSG00000265421.1	AC016601.1	chr5	54075518	54075583	4	4	4
ENSG00000279638.1	AC008873.1	chr5	54286194	54286331	4	4	4
ENSG00000249069.8	LINC01033	chr5	54313564	54415238	4	4	4
ENSG00000251597.1	RPL37P25	chr5	54399439	54400033	4	4	4
ENSG00000169271.3	HSPB3	chr5	54455699	54456377	4	4	4
ENSG00000178996.14	SNX18	chr5	54517759	54546586	4	4	4
ENSG00000280159.1	AC016583.1	chr5	54643557	54645987	4	4	4
ENSG00000287367.1	AC016583.2	chr5	54663327	54737057	4	4	4
ENSG00000232517.2	CSPG4BP	chr5	54808210	54872551	4	4	4
ENSG00000226810.3	AC112198.1	chr5	54857272	54858491	4	4	4
ENSG00000249843.1	AC112198.3	chr5	54878238	54878588	4	4	4
ENSG00000249016.1	AC112198.2	chr5	54956235	54957846	4	4	4
ENSG00000164283.13	ESM1	chr5	54977867	55022671	4	4	4
ENSG00000240535.8	AC034238.1	chr5	55021299	55042844	4	4	4
ENSG00000113088.6	GZMK	chr5	55024256	55034570	4	4	4
ENSG00000207229.1	Y_RNA	chr5	55040847	55040945	4	4	4
ENSG00000251376.1	AC034238.3	chr5	55054428	55055140	4	4	4
ENSG00000248029.2	AC034238.2	chr5	55063179	55066230	4	4	4
ENSG00000249454.1	GZMAP1	chr5	55073015	55096553	4	4	4
ENSG00000145649.8	GZMA	chr5	55102646	55110252	4	4	4
ENSG00000164287.13	CDC20B	chr5	55112971	55173177	4	4	4
ENSG00000164294.14	GPX8	chr5	55160167	55167297	4	4	4
ENSG00000198983.1	MIR449A	chr5	55170532	55170622	4	4	4
ENSG00000207728.1	MIR449B	chr5	55170646	55170742	4	4	4
ENSG00000251856.1	MIR449C	chr5	55172262	55172353	4	4	4
ENSG00000234602.9	MCIDAS	chr5	55219564	55227315	4	4	4
ENSG00000152669.9	CCNO	chr5	55231152	55233608	4	4	4
ENSG00000251307.1	AC026704.1	chr5	55233934	55295201	4	4	4
ENSG00000067248.10	DHX29	chr5	55256055	55307694	4	4	4
ENSG00000039123.16	MTREX	chr5	55307989	55425579	4	4	4
ENSG00000271410.1	AC020728.1	chr5	55356308	55357523	4	4	4
ENSG00000067113.17	PLPP1	chr5	55424854	55534969	4	4	4
ENSG00000279883.1	AC010480.1	chr5	55484403	55485086	4	4	4
ENSG00000265135.1	MIR5687	chr5	55508850	55508926	4	4	4
ENSG00000250853.1	RNF138P1	chr5	55530156	55530701	4	4	4
ENSG00000249410.1	AK4P2	chr5	55551885	55552554	4	4	4
ENSG00000177058.12	SLC38A9	chr5	55625845	55773194	4	4	4
ENSG00000152670.19	DDX4	chr5	55738017	55817157	4	4	4
ENSG00000251368.1	AC016632.1	chr5	55750206	55750401	4	4	4
ENSG00000199322.1	RNA5SP183	chr5	55777469	55777587	4	4	4
ENSG00000248854.1	HNRNPH1P3	chr5	55838801	55840025	4	4	4
ENSG00000164509.15	IL31RA	chr5	55851357	55922854	4	4	4
ENSG00000134352.20	IL6ST	chr5	55935095	55995022	4	4	4
ENSG00000262211.1	AC008914.1	chr5	55936143	55941727	4	4	4
ENSG00000264281.3	AC016596.2	chr5	55944656	55944733	4	4	4
ENSG00000249236.2	AC008892.1	chr5	55978248	56111329	4	4	4
ENSG00000227908.3	FLJ31104	chr5	55995167	56003649	4	4	4
ENSG00000238326.1	AC016596.1	chr5	56000518	56000621	4	4	4
ENSG00000164512.18	ANKRD55	chr5	56099680	56233330	4	4	4
ENSG00000253032.1	RNU6-299P	chr5	56125671	56125770	4	4	4
ENSG00000243592.1	RPL17P22	chr5	56136979	56137531	4	4	4
ENSG00000223003.1	RNA5SP184	chr5	56146739	56146846	4	4	4
ENSG00000251435.1	C1GALT1P2	chr5	56192530	56193633	4	4	4
ENSG00000212265.1	RNA5SP185	chr5	56260333	56260446	4	4	4
ENSG00000248781.1	PSMC1P4	chr5	56275304	56276630	4	4	4
ENSG00000210678.1	RNU6ATAC2P	chr5	56297564	56297689	4	4	4
ENSG00000249697.1	AC034245.1	chr5	56313905	56321397	4	4	4
ENSG00000250787.1	HMGN1P17	chr5	56381781	56382075	4	4	4
ENSG00000248727.6	LINC01948	chr5	56451627	56481946	4	4	4
ENSG00000285997.1	AC008391.1	chr5	56488486	56491499	4	4	4
ENSG00000226221.1	RPL26P19	chr5	56504635	56505072	4	4	4
ENSG00000225940.7	C5orf67	chr5	56511567	56606232	4	4	4
ENSG00000234553.1	AC022431.1	chr5	56536583	56537826	4	4	4
ENSG00000228650.2	AC008940.1	chr5	56770799	56772303	4	4	4
ENSG00000095015.6	MAP3K1	chr5	56815549	56896152	4	4	4
ENSG00000237705.1	AC008937.2	chr5	56842016	56862164	4	4	4
ENSG00000225230.1	AC008937.1	chr5	56900041	56910714	4	4	4
ENSG00000155542.12	SETD9	chr5	56909260	56925532	4	4	4
ENSG00000155545.20	MIER3	chr5	56919602	56971675	4	4	4
ENSG00000271828.1	AC008937.3	chr5	56927874	56929573	4	4	4
ENSG00000235635.1	AC016644.1	chr5	56941307	56947152	4	4	4
ENSG00000233943.1	AC114973.1	chr5	56975593	56976224	4	4	4
ENSG00000248652.2	AC034244.1	chr5	57081745	57081951	4	4	4
ENSG00000250480.3	AC034244.2	chr5	57120796	57122624	4	4	4
ENSG00000207293.1	Y_RNA	chr5	57169108	57169209	4	4	4
ENSG00000062194.16	GPBP1	chr5	57173948	57264679	4	4	4
ENSG00000248586.2	AC025470.1	chr5	57317989	57320020	4	4	4
ENSG00000250961.2	AC025470.2	chr5	57395060	57534504	4	4	4
ENSG00000250308.2	SALL4P1	chr5	57422464	57424391	4	4	4
ENSG00000169067.4	ACTBL2	chr5	57480018	57482811	4	4	4
ENSG00000249436.2	LINCR-0003	chr5	57574027	57619816	4	4	4
ENSG00000287709.1	AC008780.1	chr5	57650678	57679842	4	4	4
ENSG00000249198.1	AC106822.1	chr5	57751192	57751717	4	4	4
ENSG00000249584.1	LINC02225	chr5	57890327	57899162	4	4	4
ENSG00000248132.3	LINC02101	chr5	58107631	58122375	4	4	4
ENSG00000286853.1	AC008786.1	chr5	58114598	58145996	4	4	4
ENSG00000248271.1	PGAM1P1	chr5	58161197	58161752	4	4	4
ENSG00000145632.15	PLK2	chr5	58453982	58460139	4	4	4
ENSG00000175857.8	GAPT	chr5	58491435	58497090	4	4	4
ENSG00000271257.1	AC008814.1	chr5	58503295	58503700	4	4	4
ENSG00000265699.1	MIR548AE2	chr5	58530043	58530109	4	4	4
ENSG00000250127.1	LINC02108	chr5	58541567	58558243	4	4	4
ENSG00000152932.8	RAB3C	chr5	58582221	58859394	4	4	4
ENSG00000248475.5	AC016642.1	chr5	58741581	58817099	4	4	4
ENSG00000240412.1	RPL5P15	chr5	58822503	58823714	4	4	4
ENSG00000248733.1	AC008852.1	chr5	58846885	58863414	4	4	4
ENSG00000113448.19	PDE4D	chr5	58969038	60522120	4	4	4
ENSG00000247345.2	AC092343.1	chr5	59039761	59063503	4	4	4
ENSG00000276214.1	AC008833.1	chr5	59314110	59314800	4	4	4
ENSG00000251306.1	NDUFB4P2	chr5	59528861	59529251	4	4	4
ENSG00000202601.4	MIR582	chr5	59703606	59703703	4	4	4
ENSG00000248935.1	AC034234.1	chr5	60021249	60033020	4	4	4
ENSG00000202017.1	RNU6-806P	chr5	60304047	60304151	4	4	4
ENSG00000213896.4	AC109486.1	chr5	60429903	60430276	4	4	4
ENSG00000214244.4	SETP21	chr5	60459848	60460739	4	4	4
ENSG00000273701.1	AC109486.2	chr5	60487713	60487929	4	4	4
ENSG00000152931.9	PART1	chr5	60487713	60548813	4	4	4
ENSG00000275634.1	AC109486.3	chr5	60488078	60488327	4	4	4
ENSG00000276233.1	AC016591.1	chr5	60546219	60546349	4	4	4
ENSG00000035499.13	DEPDC1B	chr5	60596912	60700190	4	4	4
ENSG00000251303.1	CAB39P1	chr5	60630514	60630973	4	4	4
ENSG00000287434.1	AC109133.1	chr5	60699729	60702010	4	4	4
ENSG00000250148.1	KRT8P31	chr5	60743563	60744970	4	4	4
ENSG00000164181.14	ELOVL7	chr5	60751791	60844274	4	4	4
ENSG00000049167.15	ERCC8	chr5	60866454	60945073	4	4	4
ENSG00000215032.2	GNL3LP1	chr5	60891935	60893577	4	4	4
ENSG00000233847.1	ERCC8-AS1	chr5	60917490	60919573	4	4	4
ENSG00000164182.12	NDUFAF2	chr5	60945177	61154531	4	4	4
ENSG00000279985.1	AC008498.2	chr5	61114432	61116753	4	4	4
ENSG00000276945.1	AC008498.1	chr5	61145846	61146376	4	4	4
ENSG00000188725.8	SMIM15	chr5	61157704	61162468	4	4	4
ENSG00000251279.1	SMIM15-AS1	chr5	61162070	61232040	4	4	4
ENSG00000249279.6	LINC02057	chr5	61201304	61304811	4	4	4
ENSG00000130449.6	ZSWIM6	chr5	61332258	61546172	4	4	4
ENSG00000251682.1	AC122718.2	chr5	61347126	61347716	4	4	4
ENSG00000250461.1	AC122718.1	chr5	61375112	61375855	4	4	4
ENSG00000213891.3	RPL3P6	chr5	61390668	61391871	4	4	4
ENSG00000178722.13	C5orf64	chr5	61610424	61793401	4	4	4
ENSG00000248529.5	AC026746.1	chr5	61658474	61698432	4	4	4
ENSG00000212215.1	RNU6-913P	chr5	61664145	61664239	4	4	4
ENSG00000251575.3	C5orf64-AS1	chr5	61732774	61735715	4	4	4
ENSG00000249878.1	AC026434.1	chr5	61831947	61833024	4	4	4
ENSG00000248199.2	AC008877.1	chr5	61878109	61927134	4	4	4
ENSG00000251983.1	RN7SKP157	chr5	62146665	62146946	4	4	4
ENSG00000068796.19	KIF2A	chr5	62306162	62391025	4	4	4
ENSG00000288643.1	AC114982.2	chr5	62306206	62537249	4	4	4
ENSG00000086189.10	DIMT1	chr5	62347284	62403939	4	4	4
ENSG00000086200.17	IPO11	chr5	62403972	62628582	4	4	4
ENSG00000199279.1	RNU6-661P	chr5	62443176	62443282	4	4	4
ENSG00000268942.2	CKS1BP3	chr5	62512246	62512482	4	4	4
ENSG00000241991.1	AC114982.1	chr5	62561859	62562216	4	4	4
ENSG00000240436.1	RPL35AP14	chr5	62575951	62576271	4	4	4
ENSG00000186105.8	LRRC70	chr5	62578819	62581446	4	4	4
ENSG00000217416.4	ISCA1P1	chr5	62776877	62777263	4	4	4
ENSG00000249579.2	AC113420.1	chr5	63022919	63023489	4	4	4
ENSG00000248185.1	AC025445.1	chr5	63301523	63302056	4	4	4
ENSG00000287179.1	AC008558.1	chr5	63569419	63571617	4	4	4
ENSG00000178394.5	HTR1A	chr5	63957874	63962507	4	4	4
ENSG00000248285.1	AC122707.1	chr5	63957893	63981043	4	4	4
ENSG00000164197.12	RNF180	chr5	64165843	64372869	4	4	4
ENSG00000236068.2	AC091862.1	chr5	64404512	64486615	4	4	4
ENSG00000186479.5	RGS7BP	chr5	64506015	64612319	4	4	4
ENSG00000242547.3	RN7SL169P	chr5	64539504	64539792	4	4	4
ENSG00000201869.1	RNU6-294P	chr5	64573569	64573670	4	4	4
ENSG00000224296.3	MRPL49P1	chr5	64674853	64675387	4	4	4
ENSG00000145642.12	SHISAL2B	chr5	64690442	64718190	4	4	4
ENSG00000153006.16	SREK1IP1	chr5	64718148	64768691	4	4	4
ENSG00000153015.16	CWC27	chr5	64768930	65018750	4	4	4
ENSG00000272370.1	AC092354.2	chr5	65020038	65020551	4	4	4
ENSG00000272354.1	AC092354.1	chr5	65020614	65020989	4	4	4
ENSG00000207439.1	Y_RNA	chr5	65123369	65123474	4	4	4
ENSG00000049192.15	ADAMTS6	chr5	65148738	65481920	4	4	4
ENSG00000248288.1	AC008868.1	chr5	65209921	65210948	4	4	4
ENSG00000250732.1	RPEP1	chr5	65251127	65251784	4	4	4
ENSG00000205644.5	AC025186.1	chr5	65415353	65416222	4	4	4
ENSG00000250081.1	AC025176.1	chr5	65486444	65487048	4	4	4
ENSG00000123219.13	CENPK	chr5	65517766	65563168	4	4	4
ENSG00000113593.12	PPWD1	chr5	65563236	65587549	4	4	4
ENSG00000113595.15	TRIM23	chr5	65589690	65625975	4	4	4
ENSG00000207352.1	RNU6-540P	chr5	65604661	65604761	4	4	4
ENSG00000113597.18	TRAPPC13	chr5	65625004	65666233	4	4	4
ENSG00000253251.3	SHLD3	chr5	65625027	65630928	4	4	4
ENSG00000197860.10	SGTB	chr5	65665928	65723035	4	4	4
ENSG00000123213.23	NLN	chr5	65722205	65871725	4	4	4
ENSG00000251648.2	AC008958.1	chr5	65732973	65733654	4	4	4
ENSG00000269961.1	AC010359.2	chr5	65924629	65925135	4	4	4
ENSG00000112851.15	ERBIN	chr5	65926556	66082546	4	4	4
ENSG00000252904.1	AC010359.1	chr5	65961183	65961319	4	4	4
ENSG00000286314.1	AC010359.3	chr5	65965373	65969143	4	4	4
ENSG00000285999.1	AC025442.2	chr5	66085405	66093937	4	4	4
ENSG00000153914.16	SREK1	chr5	66139971	66183615	4	4	4
ENSG00000253744.1	AC025442.1	chr5	66144156	66144795	4	4	4
ENSG00000248846.3	LINC02065	chr5	66205120	66209893	4	4	4
ENSG00000251391.5	AC092353.1	chr5	66298394	66393521	4	4	4
ENSG00000286062.1	AC092353.2	chr5	66350148	66440356	4	4	4
ENSG00000250313.3	LINC02229	chr5	66507380	66511644	4	4	4
ENSG00000234838.3	PPIAP78	chr5	66572057	66572546	4	4	4
ENSG00000069020.18	MAST4	chr5	66596361	67169595	4	4	4
ENSG00000248803.1	AC092349.1	chr5	66622868	66623177	4	4	4
ENSG00000249057.1	MAST4-IT1	chr5	66662331	66662988	4	4	4
ENSG00000229666.1	MAST4-AS1	chr5	67001383	67003953	4	4	4
ENSG00000134061.5	CD180	chr5	67179613	67196799	4	4	4
ENSG00000251206.1	AC010420.1	chr5	67268022	67270182	4	4	4
ENSG00000286647.1	AC008459.1	chr5	67356663	67366303	4	4	4
ENSG00000249364.6	AC112206.2	chr5	67379378	67806600	4	4	4
ENSG00000250978.5	AC079467.1	chr5	67463809	67475592	4	4	4
ENSG00000239870.1	AC112206.1	chr5	67608654	67609130	4	4	4
ENSG00000249736.1	LINC02242	chr5	67632266	67646789	4	4	4
ENSG00000249238.1	BCL9P1	chr5	67636382	67638942	4	4	4
ENSG00000250669.1	AC112206.4	chr5	67690033	67690437	4	4	4
ENSG00000249721.1	AC112206.3	chr5	67692812	67693200	4	4	4
ENSG00000250421.5	AC106798.1	chr5	67699429	67902600	4	4	4
ENSG00000249894.1	AC024581.1	chr5	67800740	67890096	4	4	4
ENSG00000273860.1	AC024581.2	chr5	67855735	67855986	4	4	4
ENSG00000253801.2	AC010376.1	chr5	68087161	68087494	4	4	4
ENSG00000252108.1	RNU6-1232P	chr5	68159061	68159146	4	4	4
ENSG00000213864.3	EEF1B2P2	chr5	68159218	68159893	4	4	4
ENSG00000253787.1	LINC02219	chr5	68189876	68198407	4	4	4
ENSG00000145675.15	PIK3R1	chr5	68215756	68301821	4	4	4
ENSG00000251044.2	AC024579.1	chr5	68374765	68375292	4	4	4
ENSG00000248884.1	AC010280.2	chr5	68430427	68434481	4	4	4
ENSG00000248359.2	AC010280.1	chr5	68508223	68565515	4	4	4
ENSG00000249588.1	AC010280.3	chr5	68523878	68530007	4	4	4
ENSG00000249335.2	AC093523.1	chr5	68792609	69007185	4	4	4
ENSG00000250289.1	VWA8P1	chr5	68854910	68855085	4	4	4
ENSG00000212249.2	U8	chr5	68873954	68874087	4	4	4
ENSG00000250066.1	AC093248.1	chr5	68963246	68967845	4	4	4
ENSG00000276309.1	RN7SKP251	chr5	68970439	68970752	4	4	4
ENSG00000249352.4	LINC02198	chr5	68970692	69030165	4	4	4
ENSG00000250237.1	AC010273.3	chr5	69038518	69043821	4	4	4
ENSG00000249183.1	SUMO2P4	chr5	69068925	69069200	4	4	4
ENSG00000145740.19	SLC30A5	chr5	69093949	69131069	4	4	4
ENSG00000248664.1	AC010273.2	chr5	69113112	69136394	4	4	4
ENSG00000220986.1	AC010273.1	chr5	69160806	69160939	4	4	4
ENSG00000280894.1	SNORA50D	chr5	69160808	69160939	4	4	4
ENSG00000134057.15	CCNB1	chr5	69167135	69178245	4	4	4
ENSG00000280187.1	AC022107.1	chr5	69186359	69189452	4	4	4
ENSG00000153044.10	CENPH	chr5	69189574	69210357	4	4	4
ENSG00000134056.12	MRPS36	chr5	69217760	69230158	4	4	4
ENSG00000134058.12	CDK7	chr5	69234795	69277430	4	4	4
ENSG00000183323.13	CCDC125	chr5	69280175	69332809	4	4	4
ENSG00000213830.3	CFL1P5	chr5	69313371	69313872	4	4	4
ENSG00000215006.4	CHCHD2P2	chr5	69333929	69334249	4	4	4
ENSG00000271045.1	NDUFB9P1	chr5	69349936	69350445	4	4	4
ENSG00000085231.14	AK6	chr5	69350984	69370013	4	4	4
ENSG00000273841.5	TAF9	chr5	69364743	69370013	4	4	4
ENSG00000152942.19	RAD17	chr5	69369293	69414801	4	4	4
ENSG00000152939.17	MARVELD2	chr5	69415065	69444330	4	4	4
ENSG00000244717.1	RPS27P14	chr5	69469883	69470136	4	4	4
ENSG00000249295.1	AC145146.1	chr5	69477472	69502466	4	4	4
ENSG00000266477.2	RN7SL616P	chr5	69478997	69479265	4	4	4
ENSG00000197822.11	OCLN	chr5	69492292	69558104	4	4	4
ENSG00000212260.1	RNU6-724P	chr5	69530613	69530717	4	4	4
ENSG00000183474.16	GTF2H2C	chr5	69560191	69595221	4	4	4
ENSG00000248477.6	NAIPP3	chr5	69607099	69624049	4	4	4
ENSG00000250138.4	AC139495.2	chr5	69631963	69636399	4	4	4
ENSG00000253203.6	GUSBP3	chr5	69639459	69679259	4	4	4
ENSG00000248769.1	AC139495.1	chr5	69653248	69654334	4	4	4
ENSG00000198237.8	GUSBP13	chr5	69875271	69920867	4	4	4
ENSG00000251158.1	AC131392.1	chr5	69898867	69903198	4	4	4
ENSG00000249230.1	CDH12P2	chr5	69985204	69985501	4	4	4
ENSG00000205572.10	SERF1B	chr5	70025247	70043113	4	4	4
ENSG00000205571.14	SMN2	chr5	70049638	70078522	4	4	4
ENSG00000285151.1	AC140134.1	chr5	70055820	70057416	4	4	4
ENSG00000179978.11	NAIPP2	chr5	70094659	70128434	4	4	4
ENSG00000253492.1	CDH12P3	chr5	70132679	70132973	4	4	4
ENSG00000254701.3	AC138866.1	chr5	70197255	70207745	4	4	4
ENSG00000253816.3	GUSBP14	chr5	70219918	70258930	4	4	4
ENSG00000226259.10	GTF2H2B	chr5	70415352	70448015	4	4	4
ENSG00000269983.1	AC146944.2	chr5	70449636	70450353	4	4	4
ENSG00000250687.6	NAIPP1	chr5	70462244	70479215	4	4	4
ENSG00000253333.1	AC146944.1	chr5	70495100	70500903	4	4	4
ENSG00000196302.5	GUSBP15	chr5	70516387	70555266	4	4	4
ENSG00000253366.3	GUSBP16	chr5	70751184	70795914	4	4	4
ENSG00000288349.1	AC139272.1	chr5	70775506	70778475	4	4	4
ENSG00000254335.1	CDH12P1	chr5	70860285	70860579	4	4	4
ENSG00000172058.16	SERF1A	chr5	70900669	70918530	4	4	4
ENSG00000172062.17	SMN1	chr5	70925030	70953942	4	4	4
ENSG00000285204.1	AC139834.1	chr5	70931244	70932840	4	4	4
ENSG00000249437.8	NAIP	chr5	70968166	71025339	4	4	4
ENSG00000145736.14	GTF2H2	chr5	71032670	71067689	4	4	4
ENSG00000230847.4	OCLNP1	chr5	71074225	71093193	4	4	4
ENSG00000251634.2	NAIPP4	chr5	71102898	71128753	4	4	4
ENSG00000253900.1	CDH12P4	chr5	71132993	71133287	4	4	4
ENSG00000215630.6	GUSBP9	chr5	71197646	71208130	4	4	4
ENSG00000235558.3	GUSBP17	chr5	71220356	71259238	4	4	4
ENSG00000250387.3	LINC02197	chr5	71337182	71446772	4	4	4
ENSG00000253985.1	AC145141.2	chr5	71372676	71374898	4	4	4
ENSG00000169040.14	PMCHL2	chr5	71375786	71385993	4	4	4
ENSG00000249981.1	AC145141.1	chr5	71445616	71446569	4	4	4
ENSG00000145734.19	BDP1	chr5	71455651	71567820	4	4	4
ENSG00000253536.1	AC138832.1	chr5	71475761	71476316	4	4	4
ENSG00000247911.3	HMGN1P12	chr5	71537652	71537846	4	4	4
ENSG00000131844.16	MCCC2	chr5	71587288	71658706	4	4	4
ENSG00000164326.5	CARTPT	chr5	71719275	71721048	4	4	4
ENSG00000278824.1	AC143336.1	chr5	71754378	71756301	4	4	4
ENSG00000285804.2	AC025774.1	chr5	72087782	72108000	4	4	4
ENSG00000131711.15	MAP1B	chr5	72107234	72209565	4	4	4
ENSG00000264099.1	MIR4803	chr5	72169467	72169540	4	4	4
ENSG00000113048.17	MRPS27	chr5	72219403	72320646	4	4	4
ENSG00000244748.3	RN7SL153P	chr5	72314397	72314688	4	4	4
ENSG00000049883.15	PTCD2	chr5	72320367	72368395	4	4	4
ENSG00000244061.1	AC093278.1	chr5	72381794	72382393	4	4	4
ENSG00000251108.1	YBX1P5	chr5	72417489	72418335	4	4	4
ENSG00000261269.1	AC093278.2	chr5	72439903	72442387	4	4	4
ENSG00000178175.12	ZNF366	chr5	72439903	72507410	4	4	4
ENSG00000248371.5	LINC02056	chr5	72574120	72660669	4	4	4
ENSG00000251613.4	AC063979.1	chr5	72687112	72771733	4	4	4
ENSG00000226544.4	RPL7P22	chr5	72725419	72726151	4	4	4
ENSG00000223497.1	H2BL1P	chr5	72733833	72734209	4	4	4
ENSG00000206770.1	Y_RNA	chr5	72768702	72768811	4	4	4
ENSG00000249085.1	AC035140.1	chr5	72794405	72816565	4	4	4
ENSG00000083312.17	TNPO1	chr5	72816312	72916733	4	4	4
ENSG00000263593.1	MIR4804	chr5	72878591	72878663	4	4	4
ENSG00000242602.1	RPL35AP13	chr5	72878868	72879185	4	4	4
ENSG00000271926.1	AC008972.1	chr5	72953635	72954274	4	4	4
ENSG00000272081.1	AC008972.2	chr5	72955206	72955699	4	4	4
ENSG00000157107.14	FCHO2	chr5	72956041	73090522	4	4	4
ENSG00000251467.1	AC020893.1	chr5	72996920	72997642	4	4	4
ENSG00000248930.1	CHP1P1	chr5	73020700	73021279	4	4	4
ENSG00000157111.13	TMEM171	chr5	73120569	73131809	4	4	4
ENSG00000251599.1	AC116345.3	chr5	73132008	73150592	4	4	4
ENSG00000250747.1	AC116345.2	chr5	73152416	73152938	4	4	4
ENSG00000164325.8	TMEM174	chr5	73173193	73175143	4	4	4
ENSG00000287090.1	AC116345.4	chr5	73195314	73201973	4	4	4
ENSG00000249743.6	AC116345.1	chr5	73213930	73295258	4	4	4
ENSG00000251543.1	LINC02230	chr5	73337906	73338533	4	4	4
ENSG00000249149.2	AC099522.1	chr5	73382384	73410509	4	4	4
ENSG00000251493.5	FOXD1	chr5	73444827	73448777	4	4	4
ENSG00000247993.2	FOXD1-AS1	chr5	73446357	73446984	4	4	4
ENSG00000251604.1	LINC01385	chr5	73451498	73453395	4	4	4
ENSG00000251324.1	LINC01386	chr5	73454187	73472896	4	4	4
ENSG00000272525.1	AC099522.2	chr5	73497550	73498293	4	4	4
ENSG00000145741.16	BTF3	chr5	73498408	73505635	4	4	4
ENSG00000255883.1	FUNDC2P1	chr5	73508685	73509254	4	4	4
ENSG00000164331.10	ANKRA2	chr5	73552190	73565667	4	4	4
ENSG00000164338.10	UTP15	chr5	73565443	73583380	4	4	4
ENSG00000214944.9	ARHGEF28	chr5	73626158	73941993	4	4	4
ENSG00000249293.1	AC091868.2	chr5	73778039	73786491	4	4	4
ENSG00000184084.7	AC091868.1	chr5	73803296	73803599	4	4	4
ENSG00000238913.1	RNU7-196P	chr5	73828012	73828073	4	4	4
ENSG00000259968.3	AC093283.1	chr5	73952940	73954014	4	4	4
ENSG00000248474.1	LINC02122	chr5	74084068	74103216	4	4	4
ENSG00000248673.2	LINC01331	chr5	74111690	74536976	4	4	4
ENSG00000248942.3	LINC01335	chr5	74258689	74321255	4	4	4
ENSG00000244326.3	RN7SL814P	chr5	74317986	74318285	4	4	4
ENSG00000249343.3	LINC01333	chr5	74321293	74341236	4	4	4
ENSG00000250446.1	LINC01332	chr5	74327995	74334766	4	4	4
ENSG00000171617.14	ENC1	chr5	74627406	74641424	4	4	4
ENSG00000049860.14	HEXB	chr5	74640023	74722647	4	4	4
ENSG00000164347.18	GFM2	chr5	74721206	74767147	4	4	4
ENSG00000207336.1	RNU6-658P	chr5	74725099	74725204	4	4	4
ENSG00000164346.10	NSA2	chr5	74766991	74780113	4	4	4
ENSG00000198780.12	FAM169A	chr5	74777574	74866966	4	4	4
ENSG00000199645.1	RNU6-1330P	chr5	74779309	74779413	4	4	4
ENSG00000250071.1	AC093214.1	chr5	74798994	74800100	4	4	4
ENSG00000271714.1	AC010501.2	chr5	74865893	74867854	4	4	4
ENSG00000212363.1	AC010501.1	chr5	74882656	74882783	4	4	4
ENSG00000287701.1	AC116337.4	chr5	74899115	74903650	4	4	4
ENSG00000249856.1	AC116337.3	chr5	74917726	75023928	4	4	4
ENSG00000196390.6	AC116337.1	chr5	74929880	74930566	4	4	4
ENSG00000239517.1	AC116337.2	chr5	74931662	74931817	4	4	4
ENSG00000182383.8	RPL27AP5	chr5	74990189	74990637	4	4	4
ENSG00000249157.1	AC093259.1	chr5	75006713	75007012	4	4	4
ENSG00000176928.7	GCNT4	chr5	75025346	75052558	4	4	4
ENSG00000145700.10	ANKRD31	chr5	75068275	75236911	4	4	4
ENSG00000251663.1	SUMO2P5	chr5	75225424	75225668	4	4	4
ENSG00000247372.2	AC008897.2	chr5	75320155	75336914	4	4	4
ENSG00000113161.16	HMGCR	chr5	75336329	75362101	4	4	4
ENSG00000113163.18	CERT1	chr5	75356345	75512138	4	4	4
ENSG00000271815.1	AC008897.3	chr5	75363760	75364242	4	4	4
ENSG00000242198.1	AC008897.1	chr5	75374463	75374809	4	4	4
ENSG00000122008.15	POLK	chr5	75511756	75601144	4	4	4
ENSG00000251724.1	RNU7-175P	chr5	75538598	75538658	4	4	4
ENSG00000248881.1	AC010245.1	chr5	75598482	75599380	4	4	4
ENSG00000272040.1	AC010245.2	chr5	75608817	75609983	4	4	4
ENSG00000189045.15	ANKDD1B	chr5	75611182	75681773	4	4	4
ENSG00000152359.15	POC5	chr5	75674124	75717448	4	4	4
ENSG00000207333.1	RNU6-680P	chr5	75709495	75709599	4	4	4
ENSG00000251078.1	SLC25A5P9	chr5	75752570	75753479	4	4	4
ENSG00000251419.1	AC108120.3	chr5	75831255	75832764	4	4	4
ENSG00000249301.1	AC108120.2	chr5	75910283	75910576	4	4	4
ENSG00000248684.1	BIN2P2	chr5	75910565	75911867	4	4	4
ENSG00000228367.3	AC108120.1	chr5	75920670	75921660	4	4	4
ENSG00000249777.1	SAP18P1	chr5	76075531	76075920	4	4	4
ENSG00000251342.1	AC026774.2	chr5	76078666	76079763	4	4	4
ENSG00000248127.1	AC026774.1	chr5	76081946	76084186	4	4	4
ENSG00000122012.14	SV2C	chr5	76083383	76353939	4	4	4
ENSG00000252833.1	RNA5SP186	chr5	76091708	76091801	4	4	4
ENSG00000251668.2	AC113404.2	chr5	76170930	76171106	4	4	4
ENSG00000254893.6	AC113404.3	chr5	76173629	76174183	4	4	4
ENSG00000249014.2	HMGN2P4	chr5	76242024	76242404	4	4	4
ENSG00000251107.1	PDCD5P2	chr5	76280956	76281267	4	4	4
ENSG00000250348.1	AC113404.1	chr5	76285542	76311462	4	4	4
ENSG00000251235.3	SNRPCP2	chr5	76376675	76377149	4	4	4
ENSG00000145703.16	IQGAP2	chr5	76403285	76708132	4	4	4
ENSG00000250574.1	AC112173.1	chr5	76510440	76510766	4	4	4
ENSG00000249713.1	AC026725.1	chr5	76606608	76608970	4	4	4
ENSG00000164220.7	F2RL2	chr5	76615482	76623413	4	4	4
ENSG00000225407.3	AC025188.1	chr5	76691439	76716215	4	4	4
ENSG00000277188.1	AC025188.2	chr5	76712195	76712327	4	4	4
ENSG00000278237.1	AC025188.3	chr5	76712763	76712861	4	4	4
ENSG00000181104.7	F2R	chr5	76716126	76735770	4	4	4
ENSG00000164251.5	F2RL1	chr5	76818933	76835315	4	4	4
ENSG00000264391.2	RN7SL208P	chr5	76836900	76837195	4	4	4
ENSG00000171643.14	S100Z	chr5	76850001	76921650	4	4	4
ENSG00000252684.1	RNU6ATAC36P	chr5	76948791	76948870	4	4	4
ENSG00000145708.11	CRHBP	chr5	76953045	76981158	4	4	4
ENSG00000164252.13	AGGF1	chr5	77029251	77065234	4	4	4
ENSG00000285000.1	AC008581.2	chr5	77030902	77152155	4	4	4
ENSG00000132846.6	ZBED3	chr5	77072072	77087285	4	4	4
ENSG00000250615.1	AC008581.1	chr5	77073881	77074520	4	4	4
ENSG00000238961.1	SNORA47	chr5	77080434	77080571	4	4	4
ENSG00000250802.7	ZBED3-AS1	chr5	77086688	77166909	4	4	4
ENSG00000284762.1	AC022414.1	chr5	77086732	77427124	4	4	4
ENSG00000251566.1	HMGB1P35	chr5	77146568	77147165	4	4	4
ENSG00000113231.14	PDE8B	chr5	77210449	77428256	4	4	4
ENSG00000251400.1	ALDH7A1P1	chr5	77290268	77291800	4	4	4
ENSG00000164253.14	WDR41	chr5	77425970	77620611	4	4	4
ENSG00000244019.1	RPS2P24	chr5	77545397	77546266	4	4	4
ENSG00000244363.3	RPL7P23	chr5	77582376	77583122	4	4	4
ENSG00000171540.8	OTP	chr5	77628712	77638713	4	4	4
ENSG00000171530.15	TBCA	chr5	77691166	77868780	4	4	4
ENSG00000213763.4	ACTBP2	chr5	77784881	77786003	4	4	4
ENSG00000253572.2	AC108482.1	chr5	77942757	77946438	4	4	4
ENSG00000287162.1	AC108482.2	chr5	77958243	77959092	4	4	4
ENSG00000132842.14	AP3B1	chr5	78002326	78294698	4	4	4
ENSG00000253558.1	AC024568.1	chr5	78041879	78044138	4	4	4
ENSG00000249372.1	ATP6V1G1P6	chr5	78222184	78222517	4	4	4
ENSG00000251605.1	AC104108.1	chr5	78307503	78307914	4	4	4
ENSG00000200331.1	RNU6-183P	chr5	78314916	78315025	4	4	4
ENSG00000206714.1	Y_RNA	chr5	78317036	78317137	4	4	4
ENSG00000245556.3	SCAMP1-AS1	chr5	78342365	78360507	4	4	4
ENSG00000085365.18	SCAMP1	chr5	78360611	78480739	4	4	4
ENSG00000145685.14	LHFPL2	chr5	78485215	78770021	4	4	4
ENSG00000248909.1	HMGB1P21	chr5	78644265	78644845	4	4	4
ENSG00000254170.1	AC008802.1	chr5	78708734	78716082	4	4	4
ENSG00000254310.1	AC025755.1	chr5	78753596	78753873	4	4	4
ENSG00000113273.17	ARSB	chr5	78777209	78986087	4	4	4
ENSG00000132837.15	DMGDH	chr5	78997564	79236038	4	4	4
ENSG00000214890.3	AC020937.1	chr5	79000112	79001124	4	4	4
ENSG00000132840.10	BHMT2	chr5	79069767	79090069	4	4	4
ENSG00000145692.15	BHMT	chr5	79111809	79132288	4	4	4
ENSG00000201955.1	RNY3P1	chr5	79170234	79170335	4	4	4
ENSG00000249829.2	AC016559.2	chr5	79191549	79191747	4	4	4
ENSG00000206592.1	AC016559.1	chr5	79220942	79221073	4	4	4
ENSG00000250330.1	AC016559.3	chr5	79229904	79230588	4	4	4
ENSG00000152409.9	JMY	chr5	79236131	79327211	4	4	4
ENSG00000213757.3	RPS3AP20	chr5	79284132	79284918	4	4	4
ENSG00000152413.15	HOMER1	chr5	79372636	79514134	4	4	4
ENSG00000213755.3	AC093270.1	chr5	79510434	79510919	4	4	4
ENSG00000243160.1	AC093270.2	chr5	79529302	79530093	4	4	4
ENSG00000207391.1	Y_RNA	chr5	79534853	79534954	4	4	4
ENSG00000277818.1	Y_RNA	chr5	79562745	79562846	4	4	4
ENSG00000164329.13	TENT2	chr5	79612120	79686648	4	4	4
ENSG00000164309.15	CMYA5	chr5	79689836	79800240	4	4	4
ENSG00000250258.1	AC008496.2	chr5	79774348	79816190	4	4	4
ENSG00000286818.1	AC008496.3	chr5	79840797	79845239	4	4	4
ENSG00000238254.3	AC008496.1	chr5	79849552	79849846	4	4	4
ENSG00000250888.1	LINC01455	chr5	79936579	79967626	4	4	4
ENSG00000177034.17	MTX3	chr5	79976716	79991262	4	4	4
ENSG00000113296.14	THBS4	chr5	79991311	80083287	4	4	4
ENSG00000251050.1	RBX1P2	chr5	80019609	80019920	4	4	4
ENSG00000249778.1	TRMT112P2	chr5	80033171	80033302	4	4	4
ENSG00000249825.6	THBS4-AS1	chr5	80052374	80083654	4	4	4
ENSG00000164300.17	SERINC5	chr5	80111651	80256048	4	4	4
ENSG00000251675.1	AC010260.1	chr5	80128361	80143883	4	4	4
ENSG00000249438.2	KRT18P45	chr5	80288449	80289781	4	4	4
ENSG00000184188.6	AC026410.1	chr5	80299678	80302847	4	4	4
ENSG00000251828.1	AC026410.4	chr5	80306235	80306368	4	4	4
ENSG00000244076.1	AC026410.2	chr5	80315671	80315826	4	4	4
ENSG00000164299.7	SPZ1	chr5	80319625	80321842	4	4	4
ENSG00000227087.4	RBMX2P5	chr5	80331573	80332541	4	4	4
ENSG00000248569.1	AC026410.3	chr5	80351021	80351956	4	4	4
ENSG00000220157.4	HNRNPA1P12	chr5	80359080	80360040	4	4	4
ENSG00000206774.1	RNU6-211P	chr5	80365726	80365832	4	4	4
ENSG00000039319.17	ZFYVE16	chr5	80408013	80483379	4	4	4
ENSG00000249042.6	AC008771.1	chr5	80411231	80488095	4	4	4
ENSG00000152380.10	FAM151B	chr5	80487969	80542563	4	4	4
ENSG00000242706.2	RPS27AP9	chr5	80498534	80498971	4	4	4
ENSG00000240003.2	RPL7P24	chr5	80500332	80501400	4	4	4
ENSG00000189127.8	ANKRD34B	chr5	80556755	80570280	4	4	4
ENSG00000251366.1	DBIP2	chr5	80603383	80603644	4	4	4
ENSG00000251221.1	LINC01337	chr5	80608623	80622524	4	4	4
ENSG00000228716.7	DHFR	chr5	80626226	80654983	4	4	4
ENSG00000249655.1	AC008434.1	chr5	80630313	80631590	4	4	4
ENSG00000271043.2	MTRNR2L2	chr5	80650000	80650086	4	4	4
ENSG00000113318.11	MSH3	chr5	80654652	80876815	4	4	4
ENSG00000248967.1	AC022493.2	chr5	80746339	80746819	4	4	4
ENSG00000244630.2	AC022493.1	chr5	80855507	80855843	4	4	4
ENSG00000251450.2	RASGRF2-AS1	chr5	80947694	80960907	4	4	4
ENSG00000113319.13	RASGRF2	chr5	80960363	81230162	4	4	4
ENSG00000251001.1	AC026427.2	chr5	80997183	80998047	4	4	4
ENSG00000249772.1	AC026427.1	chr5	81113385	81114852	4	4	4
ENSG00000247572.8	CKMT2-AS1	chr5	81201341	81301565	4	4	4
ENSG00000131730.16	CKMT2	chr5	81233320	81266398	4	4	4
ENSG00000248794.1	AC026436.1	chr5	81242330	81242599	4	4	4
ENSG00000131732.12	ZCCHC9	chr5	81301587	81313297	4	4	4
ENSG00000172497.9	ACOT12	chr5	81329996	81394179	4	4	4
ENSG00000286721.1	AC010623.1	chr5	81408517	81411867	4	4	4
ENSG00000145687.16	SSBP2	chr5	81413021	81751797	4	4	4
ENSG00000287938.1	AC026726.2	chr5	81817531	81842360	4	4	4
ENSG00000249483.1	AC026726.1	chr5	81851601	81852201	4	4	4
ENSG00000214857.4	SEM1P1	chr5	81892490	81892721	4	4	4
ENSG00000152348.16	ATG10	chr5	81972023	82276857	4	4	4
ENSG00000236447.2	ATG10-IT1	chr5	81991995	81992481	4	4	4
ENSG00000251495.1	PPIAP11	chr5	82009602	82010094	4	4	4
ENSG00000248192.1	ATG10-AS1	chr5	82073055	82073702	4	4	4
ENSG00000265684.2	RN7SL378P	chr5	82078427	82078724	4	4	4
ENSG00000251374.1	AC010598.1	chr5	82265157	82265259	4	4	4
ENSG00000186468.13	RPS23	chr5	82273320	82278396	4	4	4
ENSG00000205464.12	ATP6AP1L	chr5	82279462	82386977	4	4	4
ENSG00000248393.1	AC026782.1	chr5	82545862	82546310	4	4	4
ENSG00000248870.1	AC026782.2	chr5	82586776	82587411	4	4	4
ENSG00000249100.1	AC008885.2	chr5	82765404	82766333	4	4	4
ENSG00000240411.2	RPL5P16	chr5	82777797	82778586	4	4	4
ENSG00000248105.1	AC008885.1	chr5	82824884	82825184	4	4	4
ENSG00000283359.1	MIR3977	chr5	82840155	82840224	4	4	4
ENSG00000281327.2	LINC01338	chr5	82848260	82859958	4	4	4
ENSG00000248112.1	AC108174.1	chr5	82919376	82921119	4	4	4
ENSG00000249857.1	AC027338.2	chr5	82940458	82940983	4	4	4
ENSG00000248400.2	ST13P12	chr5	82968888	82977153	4	4	4
ENSG00000249664.1	AC027338.1	chr5	83012285	83013109	4	4	4
ENSG00000271862.1	AC104118.1	chr5	83049376	83050964	4	4	4
ENSG00000174695.10	TMEM167A	chr5	83052846	83077863	4	4	4
ENSG00000238835.1	SCARNA18	chr5	83064204	83064337	4	4	4
ENSG00000152422.16	XRCC4	chr5	83077498	83353787	4	4	4
ENSG00000243385.2	AC094085.1	chr5	83201229	83202141	4	4	4
ENSG00000251552.1	COQ10BP2	chr5	83279921	83280644	4	4	4
ENSG00000251395.1	FTH1P9	chr5	83426676	83427030	4	4	4
ENSG00000038427.16	VCAN	chr5	83471618	83582303	4	4	4
ENSG00000249835.2	VCAN-AS1	chr5	83531352	83581320	4	4	4
ENSG00000145681.11	HAPLN1	chr5	83637805	83720855	4	4	4
ENSG00000253073.1	RN7SKP295	chr5	83685866	83686018	4	4	4
ENSG00000206744.1	RNU6-620P	chr5	83703448	83703543	4	4	4
ENSG00000242858.1	AC020899.1	chr5	83746388	83746989	4	4	4
ENSG00000202157.1	RNU4-11P	chr5	83803554	83803685	4	4	4
ENSG00000250013.1	ZP3P1	chr5	83875166	83875821	4	4	4
ENSG00000164176.13	EDIL3	chr5	83940554	84384880	4	4	4
ENSG00000252861.1	RNU6-448P	chr5	84196883	84196989	4	4	4
ENSG00000250320.6	EDIL3-DT	chr5	84382424	84490765	4	4	4
ENSG00000214853.5	PPIAP79	chr5	84999812	85000315	4	4	4
ENSG00000249349.1	AC114928.1	chr5	85112342	85112756	4	4	4
ENSG00000248674.1	RBBP4P6	chr5	85190629	85190830	4	4	4
ENSG00000250253.3	AC117522.3	chr5	85210060	85210903	4	4	4
ENSG00000249792.1	AC117522.2	chr5	85212958	85213614	4	4	4
ENSG00000248170.1	AC117522.1	chr5	85237681	85238074	4	4	4
ENSG00000248667.1	AC010486.1	chr5	85420028	85420451	4	4	4
ENSG00000249023.1	AC010486.2	chr5	85429702	85430184	4	4	4
ENSG00000249842.1	AC010486.3	chr5	85446974	85447758	4	4	4
ENSG00000243859.3	RPL5P17	chr5	85464434	85465310	4	4	4
ENSG00000251066.1	AC026700.1	chr5	85549409	85549952	4	4	4
ENSG00000250874.1	AC010595.1	chr5	85663232	85664684	4	4	4
ENSG00000241965.2	RPS2P25	chr5	85762559	85763138	4	4	4
ENSG00000249153.1	AC026414.1	chr5	85848502	85849199	4	4	4
ENSG00000250359.1	PTP4A1P4	chr5	86087526	86087847	4	4	4
ENSG00000205449.11	NBPF22P	chr5	86282460	86296463	4	4	4
ENSG00000280009.1	AC020923.1	chr5	86305233	86306149	4	4	4
ENSG00000248195.1	AC016550.1	chr5	86335024	86335808	4	4	4
ENSG00000248363.5	AC016550.2	chr5	86353803	86368854	4	4	4
ENSG00000250124.1	AC016550.3	chr5	86380660	86381426	4	4	4
ENSG00000251585.1	AC026444.1	chr5	86402465	86402960	4	4	4
ENSG00000127184.13	COX7C	chr5	86617928	86620962	4	4	4
ENSG00000284078.1	SNORD138	chr5	86620497	86620575	4	4	4
ENSG00000207013.1	RNU6-804P	chr5	86663144	86663250	4	4	4
ENSG00000250544.2	LINC02059	chr5	86746818	86749777	4	4	4
ENSG00000248701.1	AC008539.1	chr5	86797685	86800280	4	4	4
ENSG00000242477.1	AC091429.1	chr5	86884231	86884881	4	4	4
ENSG00000249061.1	AC109492.1	chr5	86967321	87137712	4	4	4
ENSG00000233828.5	MIR4280HG	chr5	87048858	87138397	4	4	4
ENSG00000251951.1	RN7SKP34	chr5	87102603	87102846	4	4	4
ENSG00000265919.1	MIR4280	chr5	87114879	87114954	4	4	4
ENSG00000288569.1	LINC01949	chr5	87205408	87240145	4	4	4
ENSG00000145715.15	RASA1	chr5	87267883	87391931	4	4	4
ENSG00000241243.3	RN7SL629P	chr5	87294189	87294473	4	4	4
ENSG00000207452.1	RNU6-606P	chr5	87299687	87299797	4	4	4
ENSG00000134480.16	CCNH	chr5	87318416	87412930	4	4	4
ENSG00000285190.1	AC018754.1	chr5	87412342	87499340	4	4	4
ENSG00000200462.1	RNU6-727P	chr5	87420341	87420447	4	4	4
ENSG00000249362.2	LINC02488	chr5	87662040	87705337	4	4	4
ENSG00000248708.2	LINC02144	chr5	87665345	87733269	4	4	4
ENSG00000287783.1	AC020930.1	chr5	87767608	87774070	4	4	4
ENSG00000287862.1	AC114971.1	chr5	87863703	88144455	4	4	4
ENSG00000164180.14	TMEM161B	chr5	88189633	88269476	4	4	4
ENSG00000247828.8	TMEM161B-AS1	chr5	88268891	88439337	4	4	4
ENSG00000207129.1	RNA5SP187	chr5	88274258	88274376	4	4	4
ENSG00000240083.2	RPS3AP22	chr5	88381957	88382725	4	4	4
ENSG00000206958.1	SNORA70	chr5	88382772	88382907	4	4	4
ENSG00000250306.1	AC091826.1	chr5	88382948	88383260	4	4	4
ENSG00000250156.3	LINC02060	chr5	88408982	88439090	4	4	4
ENSG00000271904.1	AC091826.2	chr5	88433892	88498697	4	4	4
ENSG00000245526.11	LINC00461	chr5	88507546	88691057	4	4	4
ENSG00000250705.1	H3P23	chr5	88602780	88603117	4	4	4
ENSG00000284447.1	MIR9-2	chr5	88666853	88666939	4	4	4
ENSG00000245864.3	MEF2C-AS2	chr5	88676033	88779088	4	4	4
ENSG00000250377.2	AC008525.1	chr5	88691757	88695041	4	4	4
ENSG00000250555.2	AC008525.2	chr5	88692651	88692859	4	4	4
ENSG00000081189.16	MEF2C	chr5	88717117	88904257	4	4	4
ENSG00000248309.7	MEF2C-AS1	chr5	88883328	89466398	4	4	4
ENSG00000250831.1	AC074131.1	chr5	89466537	89470039	4	4	4
ENSG00000250437.1	LINC02161	chr5	89581209	89677701	4	4	4
ENSG00000214942.6	AC113167.1	chr5	89900664	89990883	4	4	4
ENSG00000264342.3	MIR3660	chr5	90016621	90016720	4	4	4
ENSG00000248555.7	LINC01339	chr5	90153052	90290078	4	4	4
ENSG00000253321.1	AC099554.1	chr5	90353037	90356609	4	4	4
ENSG00000260871.1	AC093510.2	chr5	90388468	90389363	4	4	4
ENSG00000153140.9	CETN3	chr5	90392257	90409766	4	4	4
ENSG00000255647.3	AC093510.1	chr5	90410000	90410669	4	4	4
ENSG00000176055.10	MBLAC2	chr5	90458209	90474771	4	4	4
ENSG00000113356.13	POLR3G	chr5	90471748	90514557	4	4	4
ENSG00000176018.13	LYSMD3	chr5	90515611	90529584	4	4	4
ENSG00000164199.18	ADGRV1	chr5	90529344	91164437	4	4	4
ENSG00000249514.1	TMEM251P1	chr5	91030990	91031307	4	4	4
ENSG00000248323.7	LUCAT1	chr5	91054834	91314547	4	4	4
ENSG00000285618.1	AC074132.1	chr5	91132303	91142470	4	4	4
ENSG00000212930.3	AC093281.1	chr5	91223419	91223967	4	4	4
ENSG00000251093.1	AC093281.2	chr5	91226475	91227071	4	4	4
ENSG00000199643.1	RNU4-90P	chr5	91270727	91270867	4	4	4
ENSG00000234292.3	AC123595.1	chr5	91280097	91281142	4	4	4
ENSG00000286638.1	AC123595.2	chr5	91280272	91281643	4	4	4
ENSG00000277001.1	Metazoa_SRP	chr5	91314716	91314997	4	4	4
ENSG00000240388.2	AC008799.1	chr5	91354478	91354934	4	4	4
ENSG00000241059.2	AC008799.2	chr5	91355380	91356026	4	4	4
ENSG00000113369.9	ARRDC3	chr5	91368631	91383317	4	4	4
ENSG00000281357.3	ARRDC3-AS1	chr5	91380349	91612566	4	4	4
ENSG00000251356.1	RAB5CP2	chr5	91476382	91477018	4	4	4
ENSG00000286121.1	AC093298.2	chr5	91642643	91799234	4	4	4
ENSG00000248826.2	PCBP2P3	chr5	91843687	91844529	4	4	4
ENSG00000276426.1	AC093298.1	chr5	91844022	91844116	4	4	4
ENSG00000250049.7	AC114316.1	chr5	92082597	92479426	4	4	4
ENSG00000249776.5	AC124854.1	chr5	92410256	92660863	4	4	4
ENSG00000249169.1	AC026780.1	chr5	92654848	92679141	4	4	4
ENSG00000249984.1	AC026780.2	chr5	92675956	92688254	4	4	4
ENSG00000248588.2	AC008517.1	chr5	92823935	92844992	4	4	4
ENSG00000248950.1	LDHBP3	chr5	92840807	92841628	4	4	4
ENSG00000249958.1	CCT7P2	chr5	92889387	92890840	4	4	4
ENSG00000248528.1	LINC02058	chr5	92907180	92939591	4	4	4
ENSG00000251361.1	AC012625.1	chr5	93019663	93068669	4	4	4
ENSG00000286509.1	AC026408.1	chr5	93088856	93091768	4	4	4
ENSG00000213730.3	POLD2P1	chr5	93267429	93268425	4	4	4
ENSG00000237187.9	NR2F1-AS1	chr5	93360779	93585649	4	4	4
ENSG00000175745.14	NR2F1	chr5	93583222	93594611	4	4	4
ENSG00000278905.1	AC106818.1	chr5	93600357	93603598	4	4	4
ENSG00000113391.19	FAM172A	chr5	93617725	94111699	4	4	4
ENSG00000284336.1	MIR2277	chr5	93620696	93620788	4	4	4
ENSG00000287180.1	AC106818.2	chr5	93621683	93675081	4	4	4
ENSG00000249353.2	NPM1P27	chr5	93682838	93683667	4	4	4
ENSG00000248483.7	POU5F2	chr5	93733220	93741600	4	4	4
ENSG00000272406.1	AC108102.1	chr5	93741640	93743500	4	4	4
ENSG00000287447.1	AC099501.1	chr5	93790505	93801320	4	4	4
ENSG00000251023.1	AC114980.1	chr5	93860669	93863825	4	4	4
ENSG00000286577.1	AC117528.1	chr5	94111720	94176029	4	4	4
ENSG00000185261.14	KIAA0825	chr5	94152966	94618597	4	4	4
ENSG00000251544.1	MTND5P12	chr5	94567461	94568909	4	4	4
ENSG00000254132.1	MTND6P3	chr5	94568929	94569470	4	4	4
ENSG00000251340.1	MTCYBP35	chr5	94569540	94570676	4	4	4
ENSG00000232578.4	AC093311.1	chr5	94592771	94594791	4	4	4
ENSG00000270133.1	AC025766.1	chr5	94611906	94618122	4	4	4
ENSG00000133302.13	SLF1	chr5	94618669	94739436	4	4	4
ENSG00000175471.19	MCTP1	chr5	94703741	95284575	4	4	6
ENSG00000249175.1	AC008534.1	chr5	94788789	94793599	4	4	4
ENSG00000243806.1	RPL7P18	chr5	94825961	94826694	4	4	4
ENSG00000276514.1	AC008534.2	chr5	94877599	94877777	4	4	4
ENSG00000249545.1	MCTP1-AS1	chr5	94979151	94980893	4	4	4
ENSG00000153347.10	FAM81B	chr5	95391366	95450454	4	4	4
ENSG00000225165.3	RTRAFP2	chr5	95440044	95440687	4	4	4
ENSG00000198677.12	TTC37	chr5	95461755	95554977	4	4	4
ENSG00000212259.1	RNU6-308P	chr5	95521369	95521475	4	4	4
ENSG00000164291.17	ARSK	chr5	95555101	95605102	4	4	4
ENSG00000178015.5	GPR150	chr5	95620087	95622142	4	4	4
ENSG00000175449.14	RFESD	chr5	95646754	95684773	4	4	4
ENSG00000145757.16	SPATA9	chr5	95652181	95698711	4	4	4
ENSG00000250240.6	AC008840.1	chr5	95701249	95732295	4	4	4
ENSG00000164292.13	RHOBTB3	chr5	95713522	95824383	4	4	4
ENSG00000173221.14	GLRX	chr5	95751319	95822726	4	4	4
ENSG00000251348.1	HSPD1P11	chr5	95768999	95770700	4	4	4
ENSG00000251000.1	GGCTP1	chr5	95834424	95835046	4	4	4
ENSG00000251409.1	AC008592.3	chr5	95835943	95852721	4	4	4
ENSG00000236882.8	LINC01554	chr5	95838245	95860133	4	4	4
ENSG00000272021.1	AC008592.4	chr5	95849309	95849855	4	4	4
ENSG00000250362.1	AC008592.1	chr5	95861786	95874519	4	4	4
ENSG00000118985.16	ELL2	chr5	95885098	95961851	4	4	4
ENSG00000251314.2	AC104123.1	chr5	95962001	96631085	4	4	4
ENSG00000250955.1	AC008592.2	chr5	95964999	95986311	4	4	4
ENSG00000213716.3	FABP5P5	chr5	95973041	95973446	4	4	4
ENSG00000250551.1	MIR583HG	chr5	96050115	96215519	4	4	4
ENSG00000207578.1	MIR583	chr5	96079138	96079212	4	4	4
ENSG00000206997.1	RNU6-524P	chr5	96210121	96210227	4	4	4
ENSG00000249746.1	AC099509.1	chr5	96213346	96215075	4	4	4
ENSG00000250158.1	AC099509.2	chr5	96247776	96278751	4	4	4
ENSG00000175426.11	PCSK1	chr5	96390333	96434143	4	4	4
ENSG00000153113.24	CAST	chr5	96525267	96779595	4	4	4
ENSG00000249180.1	AC020900.1	chr5	96741079	96742698	4	4	4
ENSG00000164307.13	ERAP1	chr5	96760810	96808100	4	4	4
ENSG00000248734.2	AC008906.1	chr5	96784777	96785999	4	4	4
ENSG00000272109.2	AC008906.2	chr5	96803688	96806105	4	4	4
ENSG00000247121.7	AC009126.1	chr5	96814028	96935809	4	4	4
ENSG00000164308.17	ERAP2	chr5	96875986	96919703	4	4	4
ENSG00000113441.16	LNPEP	chr5	96935394	97037513	4	4	4
ENSG00000227836.1	AC008850.1	chr5	96942299	96943184	4	4	4
ENSG00000200884.1	Y_RNA	chr5	96962656	96962757	4	4	4
ENSG00000213701.4	SETP22	chr5	97056402	97057358	4	4	4
ENSG00000251513.2	LIX1-AS1	chr5	97089075	97437217	4	4	4
ENSG00000145721.12	LIX1	chr5	97091867	97142753	4	4	4
ENSG00000058729.11	RIOK2	chr5	97160867	97183247	4	4	4
ENSG00000206698.1	RNU1-73P	chr5	97175950	97176113	4	4	4
ENSG00000286828.1	AC008883.3	chr5	97183827	97216074	4	4	4
ENSG00000248758.1	AC008883.1	chr5	97188090	97201880	4	4	4
ENSG00000251054.1	AC008883.2	chr5	97223371	97227957	4	4	4
ENSG00000249761.1	AC074133.1	chr5	97336858	97337040	4	4	4
ENSG00000251389.1	YTHDF1P1	chr5	97368776	97370421	4	4	4
ENSG00000249977.1	AC106748.1	chr5	97449358	97449741	4	4	4
ENSG00000250331.2	LINC01340	chr5	97504663	97690180	4	4	4
ENSG00000248931.1	MTCYBP40	chr5	97677547	97678681	4	4	4
ENSG00000251193.1	AC112203.1	chr5	97737894	97738913	4	4	4
ENSG00000286953.1	AC122697.1	chr5	97799404	97882687	4	4	4
ENSG00000248202.2	LINC02234	chr5	97840912	97923497	4	4	4
ENSG00000249101.1	AC008834.1	chr5	98025965	98026139	4	4	4
ENSG00000248901.2	LINC01846	chr5	98085866	98161352	4	4	4
ENSG00000249135.1	AC116347.1	chr5	98203059	98205193	4	4	4
ENSG00000238000.1	PSME2P1	chr5	98213402	98214121	4	4	4
ENSG00000176183.8	AC233964.1	chr5	98338744	98339832	4	4	4
ENSG00000250221.1	KRT8P32	chr5	98392070	98393530	4	4	4
ENSG00000250830.1	MRPS35P2	chr5	98402542	98402732	4	4	4
ENSG00000249990.1	MTCO2P24	chr5	98409675	98410100	4	4	4
ENSG00000249448.1	MTCO1P24	chr5	98410235	98411792	4	4	4
ENSG00000251102.1	CTBP2P4	chr5	98576341	98577260	4	4	4
ENSG00000251553.1	DDX18P4	chr5	98679402	98681367	4	4	4
ENSG00000174136.13	RGMB	chr5	98768650	98798643	4	4	4
ENSG00000246763.7	RGMB-AS1	chr5	98769618	98773469	4	4	4
ENSG00000279232.2	AC008522.1	chr5	98792861	98795766	4	4	4
ENSG00000250162.1	CSNK1A1P3	chr5	98833382	98833711	4	4	4
ENSG00000153922.11	CHD1	chr5	98853985	98929007	4	4	4
ENSG00000222610.1	RNU6-402P	chr5	98889731	98889833	4	4	4
ENSG00000248489.2	LINC02062	chr5	98929171	98995013	4	4	4
ENSG00000200351.1	Y_RNA	chr5	98936638	98936747	4	4	4
ENSG00000241597.2	AC022121.1	chr5	98954394	98954972	4	4	4
ENSG00000249444.2	AC114324.2	chr5	99489559	99499367	4	4	4
ENSG00000206356.5	AC114324.1	chr5	99522311	99525462	4	4	4
ENSG00000227762.4	GUSBP8	chr5	99532628	99534611	4	4	4
ENSG00000249515.1	LINC02113	chr5	99549432	99577957	4	4	4
ENSG00000248236.1	AC008837.1	chr5	99594329	99594740	4	4	4
ENSG00000248928.1	AC008837.2	chr5	99594880	99595297	4	4	4
ENSG00000250391.1	CRLF3P2	chr5	99948295	99949583	4	4	4
ENSG00000249963.1	EEF1A1P20	chr5	99996547	99997932	4	4	4
ENSG00000199378.1	Y_RNA	chr5	100021804	100021906	4	4	4
ENSG00000270232.1	MTCYBP22	chr5	100045928	100046374	4	4	4
ENSG00000270230.1	MTND6P22	chr5	100046450	100046970	4	4	4
ENSG00000271687.1	MTND5P10	chr5	100046977	100048785	4	4	4
ENSG00000270906.1	MTND4P35	chr5	100048988	100050362	4	4	4
ENSG00000270350.1	MTND4LP5	chr5	100050359	100050650	4	4	4
ENSG00000271480.1	MTND3P19	chr5	100050719	100051063	4	4	4
ENSG00000270388.1	MTCO3P22	chr5	100051133	100051916	4	4	4
ENSG00000270307.1	MTATP6P2	chr5	100051920	100052597	4	4	4
ENSG00000270225.1	MTCO2P22	chr5	100052859	100053539	4	4	4
ENSG00000271207.1	MTCO1P22	chr5	100053686	100055045	4	4	4
ENSG00000274455.1	GUSBP7	chr5	100062275	100067954	4	4	4
ENSG00000207077.1	RNU6-1119P	chr5	100153672	100153779	4	4	4
ENSG00000275374.1	AC113385.3	chr5	100375700	100381398	4	4	4
ENSG00000273957.1	AC113385.2	chr5	100388853	100389938	4	4	4
ENSG00000249787.2	AC113385.1	chr5	100399047	100526912	4	4	4
ENSG00000247877.7	AC021086.1	chr5	100428124	100535262	4	4	4
ENSG00000174132.9	FAM174A	chr5	100535374	100586741	4	4	4
ENSG00000250806.2	AC027315.1	chr5	100654112	100657970	4	4	4
ENSG00000207269.1	RN7SKP62	chr5	100733058	100733386	4	4	4
ENSG00000113532.13	ST8SIA4	chr5	100806933	100903282	4	4	4
ENSG00000221263.1	MIR548P	chr5	100816482	100816565	4	4	4
ENSG00000277506.1	RN7SL802P	chr5	101581830	101582128	4	4	4
ENSG00000251261.4	OR7H2P	chr5	101816475	101816780	4	4	4
ENSG00000249495.1	AC117525.1	chr5	101976296	101976798	4	4	4
ENSG00000199786.1	RNA5SP188	chr5	102131007	102131135	4	4	4
ENSG00000248261.2	AC008948.1	chr5	102141893	102146874	4	4	4
ENSG00000173930.9	SLCO4C1	chr5	102233986	102296284	4	4	4
ENSG00000222987.1	RN7SKP68	chr5	102302504	102302810	4	4	4
ENSG00000205359.10	SLCO6A1	chr5	102371774	102499016	4	4	4
ENSG00000249017.1	AC094108.1	chr5	102500541	102505670	4	4	4
ENSG00000250958.1	LINC00492	chr5	102581368	102617589	4	4	4
ENSG00000250682.6	LINC00491	chr5	102604220	102671765	4	4	4
ENSG00000247402.2	AC099487.1	chr5	102605635	102606197	4	4	4
ENSG00000286338.1	AC099487.2	chr5	102664610	102726598	4	4	4
ENSG00000145730.20	PAM	chr5	102753981	103031105	4	4	4
ENSG00000175749.11	EIF3KP1	chr5	103032376	103033031	4	4	4
ENSG00000145723.17	GIN1	chr5	103086000	103120138	4	4	4
ENSG00000145725.20	PPIP5K2	chr5	103120149	103212799	4	4	4
ENSG00000248203.1	AC011362.1	chr5	103246048	103253519	4	4	4
ENSG00000181751.10	MACIR	chr5	103258763	103278660	4	4	4
ENSG00000250567.1	AC010406.1	chr5	103408941	103412511	4	4	4
ENSG00000226926.7	PDZPH1P	chr5	103430406	103526618	4	4	4
ENSG00000248757.2	LINC02115	chr5	103528434	103541985	4	4	4
ENSG00000112874.10	NUDT12	chr5	103548855	103562790	4	4	4
ENSG00000283462.2	AC008505.1	chr5	103880129	103891404	4	4	4
ENSG00000251026.2	LINC02163	chr5	104079847	104406121	4	4	4
ENSG00000201910.1	RNU1-140P	chr5	104098874	104099038	4	4	4
ENSG00000239808.3	RN7SL255P	chr5	104260531	104260826	4	4	4
ENSG00000251574.8	AC099520.1	chr5	104383298	105392970	4	4	4
ENSG00000278958.1	AC091931.1	chr5	104434772	104435499	4	4	4
ENSG00000253776.1	AC099520.2	chr5	104773641	104799772	4	4	4
ENSG00000252881.1	RNU6-334P	chr5	104780288	104780389	4	4	4
ENSG00000253584.1	AC091987.1	chr5	104917492	105246364	4	4	4
ENSG00000232159.3	RAB9BP1	chr5	105099473	105100098	4	4	4
ENSG00000201790.1	RNA5SP189	chr5	105922994	105923108	4	4	4
ENSG00000251204.1	AC027313.1	chr5	106415576	106417241	4	4	4
ENSG00000250145.1	AC114940.1	chr5	106543066	106544330	4	4	4
ENSG00000252337.1	AC114940.2	chr5	106546665	106546803	4	4	4
ENSG00000251027.2	LINC01950	chr5	106815197	107011052	4	4	4
ENSG00000250273.1	PSMC1P5	chr5	107195156	107195332	4	4	4
ENSG00000184349.13	EFNA5	chr5	107376889	107670937	4	4	4
ENSG00000249959.6	AC024587.2	chr5	107699392	107716841	4	4	4
ENSG00000248827.1	AC024587.1	chr5	107724961	107727117	4	4	4
ENSG00000239708.3	RN7SL782P	chr5	107734773	107735066	4	4	4
ENSG00000251732.1	RN7SKP122	chr5	107810629	107810924	4	4	4
ENSG00000145743.17	FBXL17	chr5	107859035	108382098	4	4	4
ENSG00000286503.1	AC008462.1	chr5	108382156	108418016	4	4	4
ENSG00000244245.1	AC133134.1	chr5	108593609	108593967	4	4	4
ENSG00000272523.1	LINC01023	chr5	108727825	108728260	4	4	4
ENSG00000151422.13	FER	chr5	108747841	109196841	4	4	4
ENSG00000249921.2	AC034207.1	chr5	108784098	108785552	4	4	4
ENSG00000250383.1	AC008871.1	chr5	108818041	108830790	4	4	4
ENSG00000207404.1	Y_RNA	chr5	108891437	108891546	4	4	4
ENSG00000250441.1	AC109481.1	chr5	108894347	108894628	4	4	4
ENSG00000206593.1	RNU6-47P	chr5	109014834	109014940	4	4	4
ENSG00000176857.5	GJA1P1	chr5	109051315	109052457	4	4	4
ENSG00000286882.1	AC116428.1	chr5	109165289	109187152	4	4	4
ENSG00000249476.2	AC008467.1	chr5	109237120	109326369	4	4	4
ENSG00000198961.10	PJA2	chr5	109334713	109409974	4	4	4
ENSG00000248867.1	AC010625.1	chr5	109448349	109449063	4	4	4
ENSG00000251367.1	AC091917.3	chr5	109467353	109467952	4	4	4
ENSG00000248876.1	AC091917.2	chr5	109470843	109471586	4	4	4
ENSG00000248440.1	AC091917.1	chr5	109497877	109499108	4	4	4
ENSG00000214794.4	KRT18P42	chr5	109588338	109589592	4	4	4
ENSG00000271849.1	MAN2A1-DT	chr5	109687802	109688329	4	4	4
ENSG00000112893.9	MAN2A1	chr5	109689366	109869625	4	4	4
ENSG00000202512.1	RN7SKP230	chr5	109699500	109699834	4	4	4
ENSG00000249068.1	AC008417.1	chr5	109840128	109840692	4	4	4
ENSG00000254106.1	LINC01848	chr5	109883182	109884751	4	4	4
ENSG00000253224.1	PGAM5P1	chr5	109884610	109885423	4	4	4
ENSG00000186952.15	TMEM232	chr5	110289233	110738956	4	4	4
ENSG00000221436.1	MIR548F3	chr5	110513829	110513915	4	4	4
ENSG00000207177.1	AC008650.1	chr5	110684794	110684927	4	4	4
ENSG00000164209.17	SLC25A46	chr5	110738136	110765161	4	4	4
ENSG00000270779.1	AC008782.1	chr5	110908284	110908713	4	4	4
ENSG00000248966.1	BCLAF1P1	chr5	110948029	110950780	4	4	4
ENSG00000248428.1	AC010395.1	chr5	110970951	111008899	4	4	4
ENSG00000251627.1	AC010395.2	chr5	110983563	110984466	4	4	4
ENSG00000145777.15	TSLP	chr5	111070062	111078026	4	4	4
ENSG00000253613.2	AC008572.1	chr5	111076921	111092115	4	4	4
ENSG00000134987.11	WDR36	chr5	111091716	111130502	4	4	4
ENSG00000250728.1	AC010468.2	chr5	111155244	111156152	4	4	4
ENSG00000214784.4	RPS3AP21	chr5	111192226	111193042	4	4	4
ENSG00000152495.11	CAMK4	chr5	111223653	111494886	4	4	4
ENSG00000249318.1	AC010468.1	chr5	111265809	111270089	4	4	4
ENSG00000248268.1	AC010275.1	chr5	111277517	111302567	4	4	4
ENSG00000164211.13	STARD4	chr5	111496033	111512590	4	4	4
ENSG00000246859.3	STARD4-AS1	chr5	111510396	111739726	4	4	4
ENSG00000249619.1	HMGN1P13	chr5	111572102	111572239	4	4	4
ENSG00000251099.2	AC008967.1	chr5	111572236	111572398	4	4	4
ENSG00000134986.14	NREP	chr5	111662621	111997464	4	4	4
ENSG00000253057.1	RN7SKP57	chr5	111719769	111720061	4	4	4
ENSG00000249439.1	HMGN1P14	chr5	111846050	111846566	4	4	4
ENSG00000250095.5	NREP-AS1	chr5	111912508	112017309	4	4	4
ENSG00000129595.14	EPB41L4A	chr5	112142441	112419313	4	4	4
ENSG00000224032.7	EPB41L4A-AS1	chr5	112160526	112164818	4	4	4
ENSG00000238363.1	SNORA13	chr5	112161485	112161617	4	4	4
ENSG00000250882.1	AC010261.1	chr5	112173570	112175548	4	4	4
ENSG00000251187.5	AC010261.2	chr5	112192020	112210139	4	4	4
ENSG00000251076.1	AC104126.1	chr5	112228283	112257309	4	4	4
ENSG00000248350.1	AC010265.1	chr5	112363456	112363666	4	4	4
ENSG00000278921.2	EPB41L4A-DT	chr5	112419583	112420978	4	4	4
ENSG00000248430.1	HMGB3P16	chr5	112452703	112452989	4	4	4
ENSG00000251014.1	AC137549.1	chr5	112546973	112547505	4	4	4
ENSG00000250358.6	LINC02200	chr5	112628436	112642483	4	4	4
ENSG00000134982.17	APC	chr5	112707498	112846239	4	4	4
ENSG00000250045.2	CBX3P3	chr5	112777630	112778161	4	4	4
ENSG00000212370.1	RNU6-482P	chr5	112778363	112778469	4	4	4
ENSG00000258864.1	AC008575.1	chr5	112827213	112867582	4	4	4
ENSG00000153037.15	SRP19	chr5	112861188	112898371	4	4	4
ENSG00000129625.13	REEP5	chr5	112876385	112922289	4	4	4
ENSG00000249947.2	XBP1P1	chr5	112885094	112885745	4	4	4
ENSG00000212643.3	ZRSR2P1	chr5	112891610	112893079	4	4	4
ENSG00000172795.17	DCP2	chr5	112976702	113022195	4	4	4
ENSG00000171444.18	MCC	chr5	113022099	113488823	4	4	4
ENSG00000232633.4	AC079465.1	chr5	113323028	113437174	4	4	4
ENSG00000212122.4	TSSK1B	chr5	113432553	113434989	4	4	4
ENSG00000251741.1	RNU4ATAC13P	chr5	113493835	113493960	4	4	4
ENSG00000047188.16	YTHDC2	chr5	113513694	113595285	4	4	4
ENSG00000286839.1	AC093240.1	chr5	113738106	113776837	4	4	4
ENSG00000080709.16	KCNN2	chr5	114055926	114496500	4	4	4
ENSG00000222706.1	RN7SKP89	chr5	114253513	114253754	4	4	4
ENSG00000246316.8	AC010230.1	chr5	114475339	114668410	4	4	4
ENSG00000251542.1	LINC01957	chr5	114576041	114579970	4	4	4
ENSG00000251132.1	AC094104.2	chr5	115031273	115031894	4	4	4
ENSG00000250242.1	AC094104.1	chr5	115087892	115088475	4	4	4
ENSG00000152503.10	TRIM36	chr5	115124762	115180546	4	4	4
ENSG00000250472.1	TRIM36-IT1	chr5	115148764	115149644	4	4	4
ENSG00000249791.1	AC008494.2	chr5	115188563	115188932	4	4	4
ENSG00000164219.10	PGGT1B	chr5	115204012	115262877	4	4	4
ENSG00000271797.1	AC008494.3	chr5	115262505	115263448	4	4	4
ENSG00000243304.3	AC008494.1	chr5	115264669	115265464	4	4	4
ENSG00000164221.13	CCDC112	chr5	115267190	115296693	4	4	4
ENSG00000250197.1	HMGN1P15	chr5	115289036	115289330	4	4	4
ENSG00000249026.2	CTNNA1P1	chr5	115389643	115392370	4	4	4
ENSG00000248722.1	AK3P4	chr5	115402380	115402962	4	4	4
ENSG00000249944.1	AC008628.2	chr5	115489634	115489931	4	4	4
ENSG00000249433.1	AC008628.1	chr5	115493557	115493821	4	4	4
ENSG00000250444.1	CCT5P1	chr5	115512077	115513694	4	4	4
ENSG00000145780.8	FEM1C	chr5	115520908	115544775	4	4	4
ENSG00000243414.6	TICAM2	chr5	115578496	115602479	4	4	4
ENSG00000251201.8	TMED7-TICAM2	chr5	115578642	115626161	4	4	4
ENSG00000249249.2	AC010226.1	chr5	115602057	115623897	4	4	4
ENSG00000134970.14	TMED7	chr5	115613210	115632992	4	4	4
ENSG00000249021.1	AC008549.2	chr5	115691462	115692167	4	4	4
ENSG00000248709.3	AC008549.1	chr5	115738978	115756543	4	4	4
ENSG00000251118.1	H3P24	chr5	115770586	115770989	4	4	4
ENSG00000222598.1	RNU2-49P	chr5	115774319	115774502	4	4	4
ENSG00000129596.5	CDO1	chr5	115804733	115816659	4	4	4
ENSG00000145782.13	ATG12	chr5	115828200	115841837	4	4	4
ENSG00000177879.17	AP3S1	chr5	115841592	115914081	4	4	4
ENSG00000287148.1	LINCADL	chr5	115956571	115958599	4	4	4
ENSG00000172901.20	LVRN	chr5	115962454	116027619	4	4	4
ENSG00000248295.2	DDX43P1	chr5	115974513	115976275	4	4	4
ENSG00000268223.6	ARL14EPL	chr5	116032324	116060118	4	4	4
ENSG00000185641.6	AC034236.1	chr5	116051917	116052289	4	4	4
ENSG00000272265.1	AC034236.3	chr5	116078110	116078570	4	4	4
ENSG00000271918.1	AC034236.2	chr5	116083807	116085416	4	4	4
ENSG00000145781.9	COMMD10	chr5	116085016	116412762	4	4	4
ENSG00000212457.1	RNU6-644P	chr5	116188455	116188552	4	4	4
ENSG00000232916.1	HMGN2P27	chr5	116218026	116218295	4	4	4
ENSG00000250015.1	AC018752.1	chr5	116302354	116304134	4	4	4
ENSG00000092421.17	SEMA6A	chr5	116443555	116574823	4	4	4
ENSG00000248445.5	SEMA6A-AS1	chr5	116447547	116508276	4	4	4
ENSG00000239528.1	RPS14P8	chr5	116562562	116562930	4	4	4
ENSG00000249167.2	SEMA6A-AS2	chr5	116574482	116611200	4	4	4
ENSG00000197575.6	RPS17P2	chr5	116716243	116716650	4	4	4
ENSG00000251311.1	LINC02214	chr5	116742991	116762209	4	4	4
ENSG00000249150.2	AC010267.1	chr5	116819220	116830370	4	4	4
ENSG00000250650.1	AC093534.1	chr5	117019548	117019679	4	4	4
ENSG00000250949.1	AC093534.2	chr5	117031200	117038569	4	4	4
ENSG00000243758.1	RPL35AP15	chr5	117301104	117301442	4	4	4
ENSG00000285809.1	AC093295.1	chr5	117313085	117330149	4	4	4
ENSG00000248663.6	LINC00992	chr5	117415509	117546298	4	4	4
ENSG00000251477.1	AC114322.1	chr5	117719240	117722097	4	4	4
ENSG00000249797.2	LINC02147	chr5	117730515	118266267	4	4	4
ENSG00000249582.1	RPL7L1P4	chr5	117778826	117779532	4	4	4
ENSG00000250891.2	LINC02208	chr5	118000253	118562199	4	4	4
ENSG00000250427.1	LINC02148	chr5	118282575	118284782	4	4	4
ENSG00000249551.1	LINC02216	chr5	118575575	118581324	4	4	4
ENSG00000286745.1	AC114311.1	chr5	118581242	118628178	4	4	4
ENSG00000249128.1	LINC02215	chr5	118596188	118628092	4	4	4
ENSG00000238904.1	RNU7-34P	chr5	118758211	118758274	4	4	4
ENSG00000249426.1	AC093206.1	chr5	118760474	118785459	4	4	4
ENSG00000169570.10	DTWD2	chr5	118836074	118988547	4	4	4
ENSG00000197744.5	PTMAP2	chr5	118973796	118974122	4	4	4
ENSG00000283498.1	MIR1244-2	chr5	118974586	118974670	4	4	4
ENSG00000249494.6	AC008629.1	chr5	119006347	119070902	4	4	4
ENSG00000223179.3	RNU6-373P	chr5	119007571	119007668	4	4	4
ENSG00000250678.1	AC008629.2	chr5	119010060	119010542	4	4	4
ENSG00000250928.1	AC008629.3	chr5	119011471	119012056	4	4	4
ENSG00000172869.14	DMXL1	chr5	119037772	119249138	4	4	4
ENSG00000248885.1	AC118465.1	chr5	119126782	119128444	4	4	4
ENSG00000248979.2	LAMTOR3P2	chr5	119132651	119132882	4	4	4
ENSG00000206786.1	RNU6-701P	chr5	119138859	119138965	4	4	4
ENSG00000264536.1	MIR5706	chr5	119154637	119154716	4	4	4
ENSG00000145779.8	TNFAIP8	chr5	119268692	119399688	4	4	4
ENSG00000243333.3	RN7SL174P	chr5	119306343	119306631	4	4	4
ENSG00000202092.1	RNA5SP190	chr5	119445716	119445833	4	4	4
ENSG00000133835.17	HSD17B4	chr5	119452473	119637199	4	4	4
ENSG00000213663.4	AC010409.1	chr5	119547131	119547606	4	4	4
ENSG00000249919.1	FABP5P6	chr5	119555250	119555658	4	4	4
ENSG00000164334.15	FAM170A	chr5	119629559	119635822	4	4	4
ENSG00000250895.1	TUBAP15	chr5	119652523	119653000	4	4	4
ENSG00000234259.3	AC008550.1	chr5	119680197	119681080	4	4	4
ENSG00000251293.1	AC008574.1	chr5	120245448	120333502	4	4	4
ENSG00000251975.1	RNU6-718P	chr5	120337549	120337653	4	4	4
ENSG00000261036.2	AC113418.1	chr5	120345907	120410969	4	4	4
ENSG00000184838.15	PRR16	chr5	120464300	120687332	4	4	4
ENSG00000270741.1	PRELID3BP8	chr5	120658077	120658371	4	4	4
ENSG00000222609.1	RNU4-69P	chr5	120710698	120710840	4	4	4
ENSG00000248927.1	AC114284.1	chr5	120781218	120790778	4	4	4
ENSG00000251135.2	AC008565.1	chr5	121040090	121044032	4	4	4
ENSG00000248853.1	AC113352.1	chr5	121059244	121060953	4	4	4
ENSG00000229855.9	AC008568.1	chr5	121164687	121359869	4	4	4
ENSG00000250847.1	AC010350.1	chr5	121195980	121196210	4	4	4
ENSG00000279860.1	AC008568.2	chr5	121363002	121365314	4	4	4
ENSG00000244088.1	RPL23AP44	chr5	121575848	121576320	4	4	4
ENSG00000213661.3	AC106806.1	chr5	121616247	121616807	4	4	4
ENSG00000249600.1	AC106806.2	chr5	121671373	121671872	4	4	4
ENSG00000181867.3	FTMT	chr5	121851882	121852833	4	4	4
ENSG00000151304.6	SRFBP1	chr5	121961975	122075570	4	4	4
ENSG00000113083.15	LOX	chr5	122063195	122078413	4	4	4
ENSG00000247311.3	AC010255.1	chr5	122114598	122154856	4	4	4
ENSG00000164185.6	ZNF474	chr5	122129546	122153569	4	4	4
ENSG00000250803.6	AC010255.2	chr5	122129622	122183949	4	4	4
ENSG00000249610.1	ZNF474-AS1	chr5	122154496	122156015	4	4	4
ENSG00000272139.1	AC113349.2	chr5	122311297	122311673	4	4	4
ENSG00000064692.20	SNCAIP	chr5	122311354	122464219	4	4	4
ENSG00000249621.1	AC113349.1	chr5	122321291	122323358	4	4	4
ENSG00000249916.1	AC119150.1	chr5	122369762	122383568	4	4	4
ENSG00000287794.1	AC119150.2	chr5	122373512	122374481	4	4	4
ENSG00000250328.6	MGC32805	chr5	122436497	122479087	4	4	4
ENSG00000251538.7	LINC02201	chr5	122628952	122730685	4	4	4
ENSG00000240058.3	ARGFXP1	chr5	122675795	122676755	4	4	4
ENSG00000205302.7	SNX2	chr5	122775079	122834543	4	4	4
ENSG00000260686.1	AC008669.1	chr5	122832356	122834533	4	4	4
ENSG00000064652.11	SNX24	chr5	122843439	123029354	4	4	4
ENSG00000263432.2	RN7SL689P	chr5	123022487	123022783	4	4	4
ENSG00000168938.6	PPIC	chr5	123023250	123036725	4	4	4
ENSG00000249996.1	PPIC-AS1	chr5	123036271	123054667	4	4	4
ENSG00000276047.1	RN7SL711P	chr5	123070782	123071080	4	4	4
ENSG00000223652.2	AC106786.1	chr5	123087248	123090299	4	4	4
ENSG00000061455.11	PRDM6	chr5	123089241	123194266	4	4	4
ENSG00000213655.4	AC010493.1	chr5	123236079	123236370	4	4	4
ENSG00000168944.17	CEP120	chr5	123344890	123423592	4	4	4
ENSG00000250539.1	KRT8P33	chr5	123400922	123402344	4	4	4
ENSG00000249400.1	HMGB3P17	chr5	123468781	123469429	4	4	4
ENSG00000279772.1	AC026422.1	chr5	123508736	123509187	4	4	4
ENSG00000151292.17	CSNK1G3	chr5	123512099	123617045	4	4	4
ENSG00000235275.3	KRT18P16	chr5	123636110	123637403	4	4	4
ENSG00000253807.6	LINC01170	chr5	124059794	124438625	4	4	4
ENSG00000250862.1	HMGB1P29	chr5	124220579	124221077	4	4	4
ENSG00000251421.2	AC016556.1	chr5	124395603	124400655	4	4	4
ENSG00000248600.2	AC025465.2	chr5	124452277	124460552	4	4	4
ENSG00000251214.1	AC025465.4	chr5	124459912	124460549	4	4	4
ENSG00000250438.1	AC025465.3	chr5	124469591	124469901	4	4	4
ENSG00000248296.1	AC025465.1	chr5	124492775	124536348	4	4	4
ENSG00000168916.15	ZNF608	chr5	124636913	124748807	4	4	4
ENSG00000249112.1	AC112196.1	chr5	124707827	124710737	4	4	4
ENSG00000251456.1	AC113398.2	chr5	124734618	124735175	4	4	4
ENSG00000242814.2	AC113398.1	chr5	124808828	124809233	4	4	4
ENSG00000260192.3	LINC02240	chr5	124808981	125602227	4	4	4
ENSG00000248443.1	AC109464.1	chr5	124829472	124830290	4	4	4
ENSG00000249261.1	AC109464.2	chr5	124868972	124869914	4	4	4
ENSG00000288008.1	AC109458.2	chr5	124993408	124996096	4	4	4
ENSG00000250194.1	AC109458.1	chr5	125074665	125074980	4	4	4
ENSG00000250721.1	HMGB1P22	chr5	125265528	125265651	4	4	4
ENSG00000248752.3	AC116362.1	chr5	125333369	126368755	4	4	4
ENSG00000222107.1	RN7SKP117	chr5	125350868	125351131	4	4	4
ENSG00000250402.2	AC109471.1	chr5	125376828	125377439	4	4	4
ENSG00000286111.1	AC116362.2	chr5	125493261	125602229	4	4	4
ENSG00000249950.1	AC010587.2	chr5	125862746	125863193	4	4	4
ENSG00000249904.1	AC010587.1	chr5	125886285	125886753	4	4	4
ENSG00000241888.2	RPSAP37	chr5	125966777	125968085	4	4	4
ENSG00000248107.2	LINC02039	chr5	126179565	126193858	4	4	4
ENSG00000155324.10	GRAMD2B	chr5	126360132	126496494	4	4	4
ENSG00000250602.6	AC093535.1	chr5	126372477	126509021	4	4	4
ENSG00000279118.1	AC093535.2	chr5	126496279	126498604	4	4	4
ENSG00000164904.18	ALDH7A1	chr5	126531200	126595362	4	4	4
ENSG00000202082.2	RNU6-290P	chr5	126553302	126553402	4	4	4
ENSG00000164902.14	PHAX	chr5	126600925	126627252	4	4	4
ENSG00000230929.5	AC099513.1	chr5	126628019	126628319	4	4	4
ENSG00000196900.5	TEX43	chr5	126631705	126636284	4	4	4
ENSG00000213630.3	BOLA3P3	chr5	126663337	126663568	4	4	4
ENSG00000249768.2	HSPE1P10	chr5	126737438	126737995	4	4	4
ENSG00000251072.2	LMNB1-DT	chr5	126751963	126776486	4	4	4
ENSG00000252185.1	RNU6-752P	chr5	126755316	126755417	4	4	4
ENSG00000113368.12	LMNB1	chr5	126776623	126837020	4	4	4
ENSG00000173926.6	MARCHF3	chr5	126867714	127030558	4	4	4
ENSG00000164241.13	C5orf63	chr5	127042558	127073492	4	4	4
ENSG00000279446.1	AC005915.1	chr5	127073587	127075604	4	4	4
ENSG00000214743.4	MRPS5P3	chr5	127143082	127143247	4	4	4
ENSG00000250080.1	AC011416.1	chr5	127170535	127172266	4	4	4
ENSG00000271585.1	SELENOTP2	chr5	127176696	127177050	4	4	4
ENSG00000250956.1	AC011416.2	chr5	127179756	127179900	4	4	4
ENSG00000283897.2	AC011416.3	chr5	127215159	127229828	4	4	4
ENSG00000286615.1	AC011416.4	chr5	127231977	127290731	4	4	4
ENSG00000145794.17	MEGF10	chr5	127290796	127465737	4	4	4
ENSG00000249577.1	AC010424.1	chr5	127465822	127466118	4	4	4
ENSG00000271766.1	AC010424.2	chr5	127478295	127478737	4	4	4
ENSG00000250859.1	HNRNPKP1	chr5	127511464	127512842	4	4	4
ENSG00000164244.21	PRRC1	chr5	127517640	127555085	4	4	4
ENSG00000282925.1	AC010424.3	chr5	127588746	127590710	4	4	4
ENSG00000205279.8	CTXN3	chr5	127649044	127658630	4	4	4
ENSG00000248799.1	AC022118.1	chr5	127651693	127664029	4	4	4
ENSG00000230561.4	CCDC192	chr5	127703389	127941634	4	4	4
ENSG00000251032.1	CUL1P1	chr5	127784618	127787042	4	4	4
ENSG00000250603.1	AC068658.1	chr5	127838486	127857804	4	4	4
ENSG00000245937.8	LINC01184	chr5	127939152	128083172	4	4	4
ENSG00000064651.14	SLC12A2	chr5	128083766	128189677	4	4	4
ENSG00000250329.1	KDELC1P1	chr5	128109486	128110994	4	4	4
ENSG00000138829.12	FBN2	chr5	128257909	128659185	4	4	4
ENSG00000207290.1	Y_RNA	chr5	128371099	128371212	4	4	4
ENSG00000113396.13	SLC27A6	chr5	128538013	129033642	4	4	4
ENSG00000248634.1	AC008588.1	chr5	128663978	128742829	4	4	4
ENSG00000066583.12	ISOC1	chr5	129094749	129114028	4	4	4
ENSG00000264563.1	MIR4633	chr5	129097688	129097766	4	4	4
ENSG00000286274.1	AC008679.1	chr5	129150677	129173257	4	4	4
ENSG00000265691.1	MIR4460	chr5	129397062	129397147	4	4	4
ENSG00000249421.2	ADAMTS19-AS1	chr5	129424782	129461076	4	4	4
ENSG00000145808.10	ADAMTS19	chr5	129460281	129738683	4	4	4
ENSG00000251680.6	AC008591.1	chr5	129500361	129905917	4	4	4
ENSG00000186367.7	MINAR2	chr5	129748094	129766732	4	4	4
ENSG00000198108.4	CHSY3	chr5	129904465	130186634	4	4	4
ENSG00000221562.1	RNU6ATAC10P	chr5	129974891	129975001	4	4	4
ENSG00000199455.1	RNA5SP191	chr5	130114409	130114510	4	4	4
ENSG00000248610.1	HSPA8P4	chr5	130140031	130141950	4	4	4
ENSG00000252514.1	RNU7-53P	chr5	130386621	130386680	4	4	4
ENSG00000249312.1	ARL2BPP4	chr5	130529419	130529889	4	4	4
ENSG00000249418.2	AC005741.1	chr5	130598348	130598779	4	4	4
ENSG00000287390.1	AC006525.1	chr5	130655383	130944178	4	4	4
ENSG00000244192.1	AC113367.1	chr5	130989897	130990428	4	4	4
ENSG00000250405.2	AC113367.3	chr5	130994253	130996164	4	4	4
ENSG00000248955.1	AC113367.2	chr5	131008583	131008742	4	4	4
ENSG00000169567.13	HINT1	chr5	131155383	131224468	4	4	4
ENSG00000186687.16	LYRM7	chr5	131170944	131205428	4	4	4
ENSG00000158985.14	CDC42SE2	chr5	131245493	131398447	4	4	4
ENSG00000279370.1	AC004777.1	chr5	131261321	131261607	4	4	4
ENSG00000158987.22	RAPGEF6	chr5	131423921	131635231	4	4	4
ENSG00000273217.1	AC008695.1	chr5	131425891	131796983	4	4	4
ENSG00000275939.1	AC008497.1	chr5	131440031	131440196	4	4	4
ENSG00000217128.12	FNIP1	chr5	131641714	131797063	4	4	4
ENSG00000286676.1	ACTBP4	chr5	131659046	131660115	4	4	4
ENSG00000279584.1	AC005593.1	chr5	131797415	131797929	4	4	4
ENSG00000239642.6	MEIKIN	chr5	131806990	131945698	4	4	4
ENSG00000281938.2	AC034228.3	chr5	131807143	132011637	4	4	4
ENSG00000234758.1	AC034228.2	chr5	131944408	131968220	4	4	4
ENSG00000164398.15	ACSL6	chr5	131949973	132012243	4	4	4
ENSG00000223548.1	ACSL6-AS1	chr5	132003592	132007022	4	4	4
ENSG00000231585.1	AC034228.1	chr5	132011448	132013199	4	4	4
ENSG00000164399.5	IL3	chr5	132060655	132063204	4	4	4
ENSG00000164400.6	CSF2	chr5	132073789	132076170	4	4	4
ENSG00000253067.1	AC034216.1	chr5	132080066	132080133	4	4	4
ENSG00000227616.1	AC063976.3	chr5	132147491	132149559	4	4	4
ENSG00000235775.1	AC063976.4	chr5	132163603	132163765	4	4	4
ENSG00000224015.1	AC063976.1	chr5	132179234	132181128	4	4	4
ENSG00000237714.1	P4HA2-AS1	chr5	132184876	132192808	4	4	4
ENSG00000072682.19	P4HA2	chr5	132190147	132295315	4	4	4
ENSG00000224431.1	AC063976.2	chr5	132199456	132203487	4	4	4
ENSG00000283678.1	MIR6830	chr5	132217849	132217918	4	4	4
ENSG00000131435.13	PDLIM4	chr5	132257696	132273454	4	4	4
ENSG00000197208.6	SLC22A4	chr5	132294394	132344190	4	4	4
ENSG00000233006.8	MIR3936HG	chr5	132311285	132370170	4	4	4
ENSG00000263597.1	MIR3936	chr5	132365490	132365599	4	4	4
ENSG00000197375.13	SLC22A5	chr5	132369710	132395613	4	4	4
ENSG00000197536.11	IRF1-AS1	chr5	132410636	132488702	4	4	4
ENSG00000283782.2	AC116366.2	chr5	132410832	132646079	4	4	4
ENSG00000238160.1	LINC02863	chr5	132419416	132426714	4	4	4
ENSG00000202533.1	Y_RNA	chr5	132468147	132468257	4	4	4
ENSG00000234290.2	AC116366.1	chr5	132468890	132473043	4	4	4
ENSG00000125347.14	IRF1	chr5	132481609	132490777	4	4	4
ENSG00000113525.10	IL5	chr5	132541445	132556838	4	4	4
ENSG00000113522.14	RAD50	chr5	132556019	132646349	4	4	4
ENSG00000223442.1	TH2LCRR	chr5	132630589	132664272	4	4	4
ENSG00000169194.9	IL13	chr5	132656263	132661110	4	4	4
ENSG00000113520.11	IL4	chr5	132673986	132682678	4	4	4
ENSG00000230612.3	AC004039.1	chr5	132688681	132723725	4	4	4
ENSG00000131437.16	KIF3A	chr5	132692628	132737638	4	4	4
ENSG00000205089.8	CCNI2	chr5	132747426	132754403	4	4	4
ENSG00000164402.14	SEPTIN8	chr5	132750819	132807241	4	4	4
ENSG00000198944.6	SOWAHA	chr5	132813302	132816786	4	4	4
ENSG00000272203.1	AC004775.1	chr5	132817248	132818000	4	4	4
ENSG00000164403.15	SHROOM1	chr5	132822141	132830659	4	4	4
ENSG00000201274.1	RNA5SP192	chr5	132848577	132848696	4	4	4
ENSG00000164404.8	GDF9	chr5	132861181	132866884	4	4	4
ENSG00000164405.11	UQCRQ	chr5	132866630	132868847	4	4	4
ENSG00000164406.8	LEAP2	chr5	132873444	132875046	4	4	4
ENSG00000072364.13	AFF4	chr5	132875395	132963634	4	4	4
ENSG00000235253.1	AC010240.2	chr5	132942932	132945050	4	4	4
ENSG00000202417.1	Y_RNA	chr5	132945342	132945454	4	4	4
ENSG00000225364.1	ATP6V0E1P1	chr5	132948493	132948718	4	4	4
ENSG00000272023.1	AC010240.3	chr5	132963770	132964164	4	4	4
ENSG00000229738.1	AC010240.1	chr5	132987652	132988110	4	4	4
ENSG00000199677.1	Y_RNA	chr5	132993099	132993200	4	4	4
ENSG00000155329.12	ZCCHC10	chr5	132996985	133026604	4	4	4
ENSG00000248648.1	AC113410.1	chr5	133003119	133003365	4	4	4
ENSG00000287054.1	AC113410.5	chr5	133025847	133050178	4	4	4
ENSG00000286408.1	AC113410.4	chr5	133051065	133051893	4	4	4
ENSG00000170606.15	HSPA4	chr5	133052013	133106449	4	4	4
ENSG00000279691.1	AC113410.3	chr5	133052769	133052971	4	4	4
ENSG00000251616.1	AC113410.2	chr5	133111055	133114475	4	4	4
ENSG00000248245.1	AC010307.2	chr5	133160438	133224413	4	4	4
ENSG00000240611.1	AC010307.1	chr5	133172218	133173053	4	4	4
ENSG00000053108.17	FSTL4	chr5	133196455	133612541	4	4	4
ENSG00000249478.1	AC010307.3	chr5	133243764	133248781	4	4	4
ENSG00000250244.5	AC010307.4	chr5	133256492	133275977	4	4	4
ENSG00000250409.1	AC010608.1	chr5	133387773	133388549	4	4	4
ENSG00000221287.1	MIR1289-2	chr5	133427596	133427706	4	4	4
ENSG00000280104.1	AC010608.3	chr5	133457805	133458331	4	4	4
ENSG00000279197.1	AC010608.2	chr5	133574829	133575298	4	4	4
ENSG00000251243.1	AC005178.1	chr5	133720495	133720934	4	4	4
ENSG00000249073.1	WSPAR	chr5	133913677	133917269	4	4	4
ENSG00000113583.8	C5orf15	chr5	133955510	133968674	4	4	4
ENSG00000213585.11	VDAC1	chr5	133971871	134004975	4	4	4
ENSG00000271737.1	AC008608.2	chr5	134005147	134005562	4	4	4
ENSG00000271128.1	AC008608.1	chr5	134081914	134082040	4	4	4
ENSG00000081059.20	TCF7	chr5	134114681	134151865	4	4	4
ENSG00000113558.19	SKP1	chr5	134148935	134176964	4	4	4
ENSG00000272772.1	AC104109.3	chr5	134167170	134226071	4	4	4
ENSG00000113575.10	PPP2CA	chr5	134194332	134226073	4	4	4
ENSG00000273345.5	AC104109.4	chr5	134205614	134371044	4	4	4
ENSG00000266751.1	MIR3661	chr5	134225757	134225852	4	4	4
ENSG00000270177.1	AC104109.2	chr5	134226410	134227827	4	4	4
ENSG00000239615.1	AC104109.1	chr5	134267421	134267856	4	4	4
ENSG00000006837.12	CDKL3	chr5	134286350	134371047	4	4	4
ENSG00000119048.8	UBE2B	chr5	134371469	134392108	4	4	4
ENSG00000279469.1	AC109454.4	chr5	134394360	134395008	4	4	4
ENSG00000248559.1	AC109454.2	chr5	134399495	134401921	4	4	4
ENSG00000237190.4	CDKN2AIPNL	chr5	134402065	134411881	4	4	4
ENSG00000243648.1	AC109454.1	chr5	134422838	134423335	4	4	4
ENSG00000250564.2	AC109454.3	chr5	134429051	134460615	4	4	4
ENSG00000250994.1	AC005355.1	chr5	134436711	134492519	4	4	4
ENSG00000207222.1	RNU6-456P	chr5	134500178	134500284	4	4	4
ENSG00000251169.2	LINC01843	chr5	134506552	134509229	4	4	4
ENSG00000240250.3	RN7SL541P	chr5	134517810	134518092	4	4	4
ENSG00000280420.1	AC005355.2	chr5	134522613	134523096	4	4	4
ENSG00000043143.20	JADE2	chr5	134524312	134583230	4	4	4
ENSG00000152700.14	SAR1B	chr5	134601149	134649271	4	4	4
ENSG00000207459.1	RNU6-1311P	chr5	134634839	134634945	4	4	4
ENSG00000113615.13	SEC24A	chr5	134648785	134727909	4	4	4
ENSG00000201298.1	RNU6-1164P	chr5	134701172	134701278	4	4	4
ENSG00000222266.1	RNU6-757P	chr5	134715483	134715582	4	4	4
ENSG00000164615.6	CAMLG	chr5	134738495	134752157	4	4	4
ENSG00000145833.16	DDX46	chr5	134758771	134855133	4	4	4
ENSG00000241179.1	AC010301.1	chr5	134804778	134805132	4	4	4
ENSG00000181904.9	C5orf24	chr5	134845680	134859735	4	4	4
ENSG00000270892.1	AC006077.1	chr5	134863091	134863433	4	4	4
ENSG00000113621.15	TXNDC15	chr5	134874371	134901635	4	4	4
ENSG00000132570.15	PCBD2	chr5	134905120	135007959	4	4	4
ENSG00000279799.1	AC006077.2	chr5	134905235	134905691	4	4	4
ENSG00000244921.2	MTCYBP18	chr5	134923303	134924049	4	4	4
ENSG00000249119.1	MTND6P4	chr5	134924123	134924644	4	4	4
ENSG00000248923.1	MTND5P11	chr5	134924648	134926459	4	4	4
ENSG00000247627.2	MTND4P12	chr5	134926660	134928036	4	4	4
ENSG00000198868.3	MTND4LP30	chr5	134928030	134928326	4	4	4
ENSG00000263963.1	AC008670.1	chr5	134928039	134928112	4	4	4
ENSG00000249192.1	MTND3P25	chr5	134928393	134928527	4	4	4
ENSG00000152705.8	CATSPER3	chr5	134967907	135011696	4	4	4
ENSG00000069011.16	PITX1	chr5	135027734	135034813	4	4	4
ENSG00000224186.8	C5orf66	chr5	135033280	135358219	4	4	4
ENSG00000277619.1	AC008406.3	chr5	135034521	135035894	4	4	4
ENSG00000249082.2	C5orf66-AS1	chr5	135038831	135040047	4	4	4
ENSG00000248753.1	AC008406.2	chr5	135120526	135139681	4	4	4
ENSG00000248482.1	AC008406.1	chr5	135124380	135131249	4	4	4
ENSG00000249647.2	C5orf66-AS2	chr5	135236234	135248179	4	4	4
ENSG00000113648.16	MACROH2A1	chr5	135333900	135399914	4	4	4
ENSG00000270021.1	AC026691.1	chr5	135399280	135401296	4	4	4
ENSG00000251380.3	DCANP1	chr5	135444214	135447348	4	4	4
ENSG00000255833.2	TIFAB	chr5	135444226	135452351	4	4	4
ENSG00000249639.1	AC022092.1	chr5	135450613	135458697	4	4	4
ENSG00000181965.6	NEUROG1	chr5	135534282	135535964	4	4	4
ENSG00000250167.1	AC034206.1	chr5	135559577	135634874	4	4	4
ENSG00000145824.13	CXCL14	chr5	135570679	135579279	4	4	4
ENSG00000145832.14	SLC25A48	chr5	135579202	135889770	4	4	4
ENSG00000251045.1	SLC25A48-AS1	chr5	135648584	135653935	4	4	4
ENSG00000223539.4	AC011431.1	chr5	135742462	135746356	4	4	4
ENSG00000265924.1	MIR5692C1	chr5	135802985	135803075	4	4	4
ENSG00000250378.4	AC114296.1	chr5	135812667	135827546	4	4	4
ENSG00000145839.2	IL9	chr5	135892246	135895841	4	4	4
ENSG00000254239.1	AC002428.2	chr5	135897637	135900250	4	4	4
ENSG00000253927.1	AC002428.1	chr5	135900353	135918161	4	4	4
ENSG00000145826.9	LECT2	chr5	135922279	135954983	4	4	4
ENSG00000164616.16	FBXL21P	chr5	135930317	135951591	4	4	4
ENSG00000120708.17	TGFBI	chr5	136028988	136063818	4	4	4
ENSG00000270123.4	VTRNA2-1	chr5	136080470	136080597	4	4	4
ENSG00000278815.1	Vault	chr5	136080497	136080597	4	4	4
ENSG00000164621.5	SMAD5-AS1	chr5	136129507	136134890	4	4	4
ENSG00000277859.1	AC009014.4	chr5	136129516	136129781	4	4	4
ENSG00000113658.18	SMAD5	chr5	136132845	136188747	4	4	4
ENSG00000275646.1	AC009014.2	chr5	136133696	136133826	4	4	4
ENSG00000277524.1	AC009014.3	chr5	136133912	136134035	4	4	4
ENSG00000274934.1	AC009014.1	chr5	136134082	136134248	4	4	4
ENSG00000271824.2	SMIM32	chr5	136191468	136193162	4	4	4
ENSG00000069018.19	TRPC7	chr5	136212745	136365545	4	4	4
ENSG00000248211.1	TRPC7-AS1	chr5	136214048	136222159	4	4	4
ENSG00000250947.1	TRPC7-AS2	chr5	136303757	136316100	4	4	4
ENSG00000279240.1	AC063980.1	chr5	136376348	136397042	4	4	4
ENSG00000248351.1	HSPD1P18	chr5	136381268	136381511	4	4	4
ENSG00000213568.4	HNRNPA1P13	chr5	136428892	136429854	4	4	4
ENSG00000249803.6	AC112178.1	chr5	136466645	136521432	4	4	4
ENSG00000250284.3	AC109439.1	chr5	136734830	136763409	4	4	4
ENSG00000248616.1	ANKRD49P3	chr5	136857628	136858342	4	4	4
ENSG00000222285.1	RNA5SP193	chr5	136969200	136969306	4	4	4
ENSG00000152377.14	SPOCK1	chr5	136975298	137598379	4	4	4
ENSG00000146021.15	KLHL3	chr5	137617500	137736089	4	4	4
ENSG00000216009.3	MIR874	chr5	137647572	137647649	4	4	4
ENSG00000177733.7	HNRNPA0	chr5	137745651	137754363	4	4	4
ENSG00000287067.1	AC106791.3	chr5	137755740	137760740	4	4	4
ENSG00000270697.1	AC106791.2	chr5	137761546	137761936	4	4	4
ENSG00000226306.6	NPY6R	chr5	137801193	137810751	4	4	4
ENSG00000250159.7	AC106791.1	chr5	137809780	137889394	4	4	4
ENSG00000120729.10	MYOT	chr5	137867858	137887851	4	4	4
ENSG00000078795.17	PKD2L2	chr5	137887968	137942747	4	4	4
ENSG00000031003.10	FAM13B	chr5	137937960	138051961	4	4	4
ENSG00000246323.2	AC113382.1	chr5	138032774	138037266	4	4	4
ENSG00000250260.1	AC113382.2	chr5	138039199	138039979	4	4	4
ENSG00000222924.1	RNU6-1148P	chr5	138069355	138069458	4	4	4
ENSG00000061492.12	WNT8A	chr5	138083990	138092365	4	4	4
ENSG00000112981.5	NME5	chr5	138115175	138139443	4	4	4
ENSG00000212460.1	RNU6-460P	chr5	138116573	138116680	4	4	4
ENSG00000199880.1	RNU6-888P	chr5	138123011	138123111	4	4	4
ENSG00000112983.18	BRD8	chr5	138139770	138178953	4	4	4
ENSG00000112984.12	KIF20A	chr5	138178719	138187723	4	4	4
ENSG00000094880.11	CDC23	chr5	138187650	138213343	4	4	4
ENSG00000146013.11	GFRA3	chr5	138252380	138274621	4	4	4
ENSG00000249851.1	RPS27AP18	chr5	138266996	138267757	4	4	4
ENSG00000158402.20	CDC25C	chr5	138285265	138338355	4	4	4
ENSG00000120709.11	FAM53C	chr5	138331935	138349729	4	4	4
ENSG00000249971.1	AC104116.1	chr5	138347027	138349641	4	4	4
ENSG00000120733.14	KDM3B	chr5	138352685	138437028	4	4	4
ENSG00000132563.16	REEP2	chr5	138439057	138446969	4	4	4
ENSG00000271196.1	AC113403.1	chr5	138454540	138454732	4	4	4
ENSG00000120738.8	EGR1	chr5	138465479	138469303	4	4	4
ENSG00000241458.1	RPL7P19	chr5	138473744	138474361	4	4	4
ENSG00000120705.13	ETF1	chr5	138506095	138543236	4	4	4
ENSG00000113013.16	HSPA9	chr5	138553756	138575675	4	4	4
ENSG00000222937.1	SNORD63B	chr5	138558970	138559039	4	4	4
ENSG00000206989.1	SNORD63	chr5	138561043	138561110	4	4	4
ENSG00000044115.21	CTNNA1	chr5	138610967	138935034	4	4	4
ENSG00000232174.3	AC113340.1	chr5	138620329	138620964	4	4	4
ENSG00000238745.1	AC113340.2	chr5	138623479	138623582	4	4	4
ENSG00000253404.1	AC034243.1	chr5	138744434	138753309	4	4	4
ENSG00000146006.8	LRRTM2	chr5	138868921	138875368	4	4	4
ENSG00000120725.13	SIL1	chr5	138946724	139293557	4	4	4
ENSG00000201532.1	RNA5SP194	chr5	139012329	139012441	4	4	4
ENSG00000249593.6	AC011405.1	chr5	139012647	139051203	4	4	4
ENSG00000242683.1	RPL12P21	chr5	139035148	139035987	4	4	4
ENSG00000252533.1	RNU6-572P	chr5	139221758	139221837	4	4	4
ENSG00000280987.4	MATR3	chr5	139273752	139331671	4	4	4
ENSG00000281398.4	SNHG4	chr5	139274102	139284899	4	4	4
ENSG00000252213.1	SNORA74D	chr5	139276180	139276320	4	4	4
ENSG00000200959.1	SNORA74A	chr5	139278781	139278978	4	4	4
ENSG00000015479.20	MATR3	chr5	139293674	139331677	4	4	4
ENSG00000199545.1	RNA5SP195	chr5	139299852	139299968	4	4	4
ENSG00000253015.1	RN7SKP64	chr5	139333038	139333365	4	4	4
ENSG00000120727.13	PAIP2	chr5	139341587	139369720	4	4	4
ENSG00000272742.1	AC135457.1	chr5	139364677	139369717	4	4	4
ENSG00000170482.17	SLC23A1	chr5	139367196	139384553	4	4	4
ENSG00000170476.16	MZB1	chr5	139387467	139390081	4	4	4
ENSG00000228672.4	PROB1	chr5	139390592	139395104	4	4	4
ENSG00000170469.11	SPATA24	chr5	139396563	139404089	4	4	4
ENSG00000170464.10	DNAJC18	chr5	139408588	139444491	4	4	4
ENSG00000279686.1	AC142391.1	chr5	139442316	139462707	4	4	4
ENSG00000200378.1	RNU5B-4P	chr5	139447907	139448017	4	4	4
ENSG00000249751.4	ECSCR	chr5	139448560	139462743	4	4	4
ENSG00000283288.1	SMIM33	chr5	139470778	139474772	4	4	4
ENSG00000184584.13	STING1	chr5	139475533	139482935	4	4	4
ENSG00000249689.1	AC138517.1	chr5	139492538	139493105	4	4	4
ENSG00000249215.1	NCOA4P4	chr5	139494256	139496116	4	4	4
ENSG00000286403.1	AC010378.1	chr5	139503242	139511374	4	4	4
ENSG00000131508.16	UBE2D2	chr5	139526431	139628434	4	4	4
ENSG00000207020.1	Y_RNA	chr5	139554900	139555001	4	4	4
ENSG00000275506.1	H3P25	chr5	139612002	139612363	4	4	4
ENSG00000272255.1	AC113361.1	chr5	139644460	139645002	4	4	4
ENSG00000171604.12	CXXC5	chr5	139647299	139683882	4	4	4
ENSG00000250635.1	CXXC5-AS1	chr5	139648999	139649728	4	4	4
ENSG00000249526.1	AC008667.1	chr5	139684645	139745010	4	4	4
ENSG00000200756.1	RNU6-236P	chr5	139717985	139718090	4	4	4
ENSG00000249131.2	PSD2-AS1	chr5	139740951	139747406	4	4	4
ENSG00000251387.1	AC008667.3	chr5	139772528	139775406	4	4	4
ENSG00000271792.1	AC008667.4	chr5	139775305	139775472	4	4	4
ENSG00000146005.4	PSD2	chr5	139795808	139844466	4	4	4
ENSG00000158458.21	NRG2	chr5	139846779	140043299	4	4	4
ENSG00000250692.1	AC008667.2	chr5	139848290	139856389	4	4	4
ENSG00000207317.1	Y_RNA	chr5	140019492	140019592	4	4	4
ENSG00000245146.7	MALINC1	chr5	140071312	140109274	4	4	4
ENSG00000185129.8	PURA	chr5	140107777	140125619	4	4	4
ENSG00000182700.5	IGIP	chr5	140125937	140129392	4	4	4
ENSG00000254363.6	AC011379.2	chr5	140157319	140173051	4	4	4
ENSG00000120306.11	CYSTM1	chr5	140175156	140282052	4	4	4
ENSG00000250069.1	AC011379.1	chr5	140200163	140203187	4	4	4
ENSG00000113068.10	PFDN1	chr5	140245035	140303113	4	4	4
ENSG00000113070.8	HBEGF	chr5	140332843	140346603	4	4	4
ENSG00000253965.1	AC008438.2	chr5	140348484	140357794	4	4	4
ENSG00000113073.15	SLC4A9	chr5	140360194	140375141	4	4	4
ENSG00000249637.2	AC008438.1	chr5	140370891	140401460	4	4	4
ENSG00000222790.1	RNU4-14P	chr5	140397323	140397444	4	4	4
ENSG00000131503.21	ANKHD1	chr5	140401814	140539856	4	4	4
ENSG00000254996.5	ANKHD1-EIF4EBP3	chr5	140401908	140549569	4	4	4
ENSG00000200051.1	AC011399.1	chr5	140527352	140527428	4	4	4
ENSG00000213523.10	SRA1	chr5	140537340	140558252	4	4	4
ENSG00000243056.2	EIF4EBP3	chr5	140547662	140549576	4	4	4
ENSG00000113108.19	APBB3	chr5	140558268	140564781	4	4	4
ENSG00000283155.1	AC116353.5	chr5	140562443	140592123	4	4	4
ENSG00000283717.1	MIR6831	chr5	140563671	140563751	4	4	4
ENSG00000176087.15	SLC35A4	chr5	140564828	140569100	4	4	4
ENSG00000283602.1	AC116353.6	chr5	140569962	140594570	4	4	4
ENSG00000200235.1	AC116353.1	chr5	140579667	140579792	4	4	4
ENSG00000251453.1	HAUS1P1	chr5	140581504	140582335	4	4	4
ENSG00000240518.2	AC116353.2	chr5	140609085	140609400	4	4	4
ENSG00000170458.14	CD14	chr5	140631728	140633701	4	4	4
ENSG00000131495.9	NDUFA2	chr5	140638740	140647771	4	4	4
ENSG00000113119.13	TMCO6	chr5	140639435	140645408	4	4	4
ENSG00000113141.18	IK	chr5	140647058	140662480	4	4	4
ENSG00000284325.1	MIR3655	chr5	140647844	140647926	4	4	4
ENSG00000120314.18	WDR55	chr5	140664676	140674124	4	4	4
ENSG00000256453.2	DND1	chr5	140670794	140673576	4	4	4
ENSG00000170445.16	HARS1	chr5	140673035	140691537	4	4	4
ENSG00000112855.17	HARS2	chr5	140691430	140699305	4	4	4
ENSG00000146007.11	ZMAT2	chr5	140698680	140706686	4	4	4
ENSG00000199990.1	VTRNA1-1	chr5	140711275	140711373	4	4	4
ENSG00000202111.1	VTRNA1-2	chr5	140718925	140719013	4	4	4
ENSG00000202515.1	VTRNA1-3	chr5	140726158	140726246	4	4	4
ENSG00000250515.1	AC116353.4	chr5	140732290	140732863	4	4	4
ENSG00000248106.2	AC116353.3	chr5	140764110	140764821	4	4	4
ENSG00000279726.2	AC005609.5	chr5	140785698	140828549	4	4	4
ENSG00000204970.10	PCDHA1	chr5	140786136	141012347	4	4	4
ENSG00000204969.7	PCDHA2	chr5	140794852	141012347	4	4	4
ENSG00000255408.4	PCDHA3	chr5	140801028	141012347	4	4	4
ENSG00000204967.12	PCDHA4	chr5	140806929	141012347	4	4	4
ENSG00000204965.9	PCDHA5	chr5	140821604	141012347	4	4	4
ENSG00000081842.18	PCDHA6	chr5	140827958	141012347	4	4	4
ENSG00000204963.6	PCDHA7	chr5	140834248	141012347	4	4	4
ENSG00000204962.6	PCDHA8	chr5	140841187	141012347	4	4	4
ENSG00000204961.7	PCDHA9	chr5	140847772	141012347	4	4	4
ENSG00000278907.1	AC005609.2	chr5	140849105	140849696	4	4	4
ENSG00000250120.8	PCDHA10	chr5	140855883	141012347	4	4	4
ENSG00000249504.3	PCDHA14	chr5	140861224	140863521	4	4	4
ENSG00000278946.1	AC005609.4	chr5	140867513	140867959	4	4	4
ENSG00000249158.7	PCDHA11	chr5	140868183	141012347	4	4	4
ENSG00000251664.5	PCDHA12	chr5	140875302	141012347	4	4	4
ENSG00000278915.1	AC005609.3	chr5	140875346	140875922	4	4	4
ENSG00000278901.1	AC005609.1	chr5	140878073	140882642	4	4	4
ENSG00000239389.8	PCDHA13	chr5	140882124	141012347	4	4	4
ENSG00000248383.5	PCDHAC1	chr5	140926299	141012347	4	4	4
ENSG00000279028.1	AC010223.1	chr5	140966212	140966490	4	4	4
ENSG00000243232.6	PCDHAC2	chr5	140966470	141012347	4	4	4
ENSG00000279047.4	AC244517.5	chr5	141046260	141096402	4	4	4
ENSG00000171815.6	PCDHB1	chr5	141051374	141059346	4	4	4
ENSG00000279558.1	AC244517.9	chr5	141078076	141084481	4	4	4
ENSG00000112852.7	PCDHB2	chr5	141094606	141098703	4	4	4
ENSG00000272154.5	AC244517.2	chr5	141100242	141174391	4	4	4
ENSG00000113205.5	PCDHB3	chr5	141100473	141103827	4	4	4
ENSG00000272108.1	AC244517.1	chr5	141118680	141120765	4	4	4
ENSG00000081818.4	PCDHB4	chr5	141121818	141125623	4	4	4
ENSG00000113209.9	PCDHB5	chr5	141135206	141138615	4	4	4
ENSG00000280029.4	AC244517.11	chr5	141136683	141245380	4	4	4
ENSG00000113211.5	PCDHB6	chr5	141150022	141153287	4	4	4
ENSG00000255622.3	PCDHB17P	chr5	141155996	141159061	4	4	4
ENSG00000280336.1	AC244517.12	chr5	141168231	141168893	4	4	4
ENSG00000113212.7	PCDHB7	chr5	141172644	141176383	4	4	4
ENSG00000120322.4	PCDHB8	chr5	141177790	141180539	4	4	4
ENSG00000279472.1	AC244517.8	chr5	141177849	141182369	4	4	4
ENSG00000272674.3	PCDHB16	chr5	141181399	141186399	4	4	4
ENSG00000279068.1	AC244517.6	chr5	141182409	141188582	4	4	4
ENSG00000278936.1	AC244517.4	chr5	141183401	141201396	4	4	4
ENSG00000177839.7	PCDHB9	chr5	141187127	141191541	4	4	4
ENSG00000279375.1	AC244517.7	chr5	141191599	141194088	4	4	4
ENSG00000120324.9	PCDHB10	chr5	141192353	141195647	4	4	4
ENSG00000197479.7	PCDHB11	chr5	141199610	141203779	4	4	4
ENSG00000120328.6	PCDHB12	chr5	141208697	141212571	4	4	4
ENSG00000187372.11	PCDHB13	chr5	141213919	141218979	4	4	4
ENSG00000120327.6	PCDHB14	chr5	141222932	141227759	4	4	4
ENSG00000279983.1	AC244517.10	chr5	141223372	141245861	4	4	4
ENSG00000146001.5	PCDHB18P	chr5	141234333	141237529	4	4	4
ENSG00000262096.2	PCDHB19P	chr5	141239923	141243034	4	4	4
ENSG00000113248.6	PCDHB15	chr5	141245395	141249365	4	4	4
ENSG00000277795.1	AC244517.3	chr5	141259235	141261364	4	4	4
ENSG00000178913.8	TAF7	chr5	141260225	141320784	4	4	4
ENSG00000120329.7	SLC25A2	chr5	141302635	141304049	4	4	4
ENSG00000288095.1	AC005618.4	chr5	141320980	141325985	4	4	4
ENSG00000272070.1	AC005618.1	chr5	141326210	141329357	4	4	4
ENSG00000204956.5	PCDHGA1	chr5	141330571	141512981	4	4	4
ENSG00000081853.15	PCDHGA2	chr5	141338760	141512975	4	4	4
ENSG00000254245.3	PCDHGA3	chr5	141343829	141512975	4	4	4
ENSG00000254221.2	PCDHGB1	chr5	141350102	141512979	4	4	4
ENSG00000280026.1	AC005618.3	chr5	141350109	141350662	4	4	4
ENSG00000262576.3	PCDHGA4	chr5	141355021	141512975	4	4	4
ENSG00000253910.2	PCDHGB2	chr5	141360042	141512979	4	4	4
ENSG00000253485.2	PCDHGA5	chr5	141364232	141512979	4	4	4
ENSG00000262209.3	PCDHGB3	chr5	141370242	141512975	4	4	4
ENSG00000253731.3	PCDHGA6	chr5	141373891	141512975	4	4	4
ENSG00000253537.3	PCDHGA7	chr5	141382739	141512975	4	4	4
ENSG00000253953.3	PCDHGB4	chr5	141387698	141512975	4	4	4
ENSG00000253767.2	PCDHGA8	chr5	141390157	141512979	4	4	4
ENSG00000276547.1	PCDHGB5	chr5	141397987	141512979	4	4	4
ENSG00000261934.2	PCDHGA9	chr5	141402932	141512979	4	4	4
ENSG00000253305.2	PCDHGB6	chr5	141408021	141512979	4	4	4
ENSG00000253846.2	PCDHGA10	chr5	141412987	141512979	4	4	4
ENSG00000254122.3	PCDHGB7	chr5	141417645	141512975	4	4	4
ENSG00000253873.6	PCDHGA11	chr5	141421047	141512975	4	4	4
ENSG00000248449.2	PCDHGB8P	chr5	141426286	141429158	4	4	4
ENSG00000279855.1	AC005618.2	chr5	141427295	141427752	4	4	4
ENSG00000253159.3	PCDHGA12	chr5	141430507	141512975	4	4	4
ENSG00000276545.1	PCDHGB9P	chr5	141439853	141442449	4	4	4
ENSG00000273557.1	AC008781.2	chr5	141468465	141471528	4	4	4
ENSG00000240184.7	PCDHGC3	chr5	141475947	141512977	4	4	4
ENSG00000242020.3	RN7SL68P	chr5	141479316	141479625	4	4	4
ENSG00000242419.5	PCDHGC4	chr5	141484997	141512979	4	4	4
ENSG00000240764.4	PCDHGC5	chr5	141489081	141512975	4	4	4
ENSG00000131504.17	DIAPH1	chr5	141515016	141619055	4	4	4
ENSG00000246422.2	DIAPH1-AS1	chr5	141558311	141565263	4	4	4
ENSG00000240974.1	RPS27AP10	chr5	141588935	141589142	4	4	4
ENSG00000228737.2	AC008781.1	chr5	141618414	141626481	4	4	4
ENSG00000171720.10	HDAC3	chr5	141620876	141636849	4	4	4
ENSG00000164620.9	RELL2	chr5	141636950	141641064	4	4	4
ENSG00000197948.11	FCHSD1	chr5	141639302	141651418	4	4	4
ENSG00000120318.16	ARAP3	chr5	141653401	141682230	4	4	4
ENSG00000286736.1	AC005753.2	chr5	141718711	141775187	4	4	4
ENSG00000287527.1	AC005753.3	chr5	141822076	141825488	4	4	4
ENSG00000278925.1	AC005753.1	chr5	141825708	141826325	4	4	4
ENSG00000156453.14	PCDH1	chr5	141853090	141879246	4	4	4
ENSG00000287726.1	AC005740.5	chr5	141882815	141907939	4	4	4
ENSG00000226040.3	AC005740.1	chr5	141896168	141896689	4	4	4
ENSG00000081791.9	DELE1	chr5	141923855	141942047	4	4	4
ENSG00000113555.6	PCDH12	chr5	141943581	141969741	4	4	4
ENSG00000271871.1	AC005740.4	chr5	141952419	141953375	4	4	4
ENSG00000013561.18	RNF14	chr5	141958328	141990292	4	4	4
ENSG00000254099.1	AC005740.3	chr5	141970637	141982687	4	4	4
ENSG00000113552.16	GNPDA1	chr5	141991749	142013041	4	4	4
ENSG00000250347.1	AC005740.2	chr5	142036707	142037125	4	4	4
ENSG00000131507.11	NDFIP1	chr5	142108779	142154440	4	4	4
ENSG00000280047.1	AC091825.3	chr5	142165767	142168387	4	4	4
ENSG00000187678.10	SPRY4	chr5	142310427	142326455	4	4	4
ENSG00000277968.1	AC091825.2	chr5	142317830	142317920	4	4	4
ENSG00000274721.1	AC091825.1	chr5	142318047	142318167	4	4	4
ENSG00000231185.7	SPRY4-AS1	chr5	142325293	142672001	4	4	4
ENSG00000225147.1	RPS12P10	chr5	142566700	142567076	4	4	4
ENSG00000113578.18	FGF1	chr5	142592178	142698070	4	4	4
ENSG00000261757.1	AC005592.1	chr5	142703782	142705421	4	4	4
ENSG00000236714.3	LINC01844	chr5	142716229	142761035	4	4	4
ENSG00000287203.1	AC005592.2	chr5	142732704	142737461	4	4	4
ENSG00000145819.18	ARHGAP26	chr5	142770377	143229011	4	4	4
ENSG00000226272.5	ARHGAP26-AS1	chr5	142859604	142868922	4	4	4
ENSG00000285366.1	AC008533.1	chr5	142946569	142947105	4	4	4
ENSG00000230789.1	ARHGAP26-IT1	chr5	143192500	143194166	4	4	4
ENSG00000113580.15	NR3C1	chr5	143277931	143435512	4	4	4
ENSG00000231579.3	RPL7P21	chr5	143332605	143333239	4	4	4
ENSG00000279679.1	AC091925.2	chr5	143375628	143375883	4	4	4
ENSG00000279130.1	AC091925.1	chr5	143406959	143407420	4	4	4
ENSG00000249429.1	AC016598.1	chr5	143489855	143531350	4	4	4
ENSG00000251205.3	AC016598.2	chr5	143531331	143598434	4	4	4
ENSG00000253023.1	RNU7-156P	chr5	143542514	143542587	4	4	4
ENSG00000249881.1	AC008696.2	chr5	143605628	143828772	4	4	4
ENSG00000266478.1	MIR5197	chr5	143679860	143679971	4	4	4
ENSG00000225869.4	AC008696.1	chr5	143752090	143752704	4	4	4
ENSG00000158497.5	HMHB1	chr5	143812161	143820719	4	4	4
ENSG00000239390.3	RN7SL87P	chr5	144140879	144141166	4	4	4
ENSG00000145817.17	YIPF5	chr5	144158162	144170714	4	4	4
ENSG00000183775.11	KCTD16	chr5	144170873	144485686	4	4	4
ENSG00000249605.1	AC008652.1	chr5	144369334	144385310	4	4	4
ENSG00000285605.1	AC109441.1	chr5	144439204	144468471	4	4	4
ENSG00000250972.1	CKS1BP5	chr5	144439206	144439478	4	4	4
ENSG00000213488.4	AC008716.1	chr5	144522140	144522988	4	4	4
ENSG00000201423.1	RN7SKP246	chr5	144535354	144535670	4	4	4
ENSG00000251031.2	AC132803.1	chr5	144856890	145228982	4	4	4
ENSG00000249229.2	NAMPTP2	chr5	145001853	145005789	4	4	4
ENSG00000215325.4	ASS1P10	chr5	145228811	145230054	4	4	4
ENSG00000250842.1	AC137770.1	chr5	145337932	145381670	4	4	4
ENSG00000248125.2	AC008700.1	chr5	145429811	145451108	4	4	4
ENSG00000186314.11	PRELID2	chr5	145471799	145835369	4	4	4
ENSG00000249363.1	AC011411.1	chr5	145728360	145729349	4	4	4
ENSG00000204928.2	GRXCR2	chr5	145858521	145937126	4	4	4
ENSG00000156463.18	SH3RF2	chr5	145936578	146081791	4	4	4
ENSG00000248493.1	AC005351.1	chr5	145997218	145998003	4	4	4
ENSG00000173261.9	PLAC8L1	chr5	146084313	146105577	4	4	4
ENSG00000251556.1	AC091887.1	chr5	146099406	146120412	4	4	4
ENSG00000133706.19	LARS1	chr5	146110566	146182696	4	4	4
ENSG00000239602.1	RPL35AP16	chr5	146137755	146138381	4	4	4
ENSG00000239317.1	RPL35AP17	chr5	146138771	146139008	4	4	4
ENSG00000275740.1	AC091959.1	chr5	146203550	146339251	4	4	4
ENSG00000091009.8	RBM27	chr5	146203605	146289223	4	4	4
ENSG00000238374.1	RNU7-180P	chr5	146245191	146245253	4	4	4
ENSG00000250025.2	AC011396.2	chr5	146307098	146376963	4	4	4
ENSG00000091010.6	POU4F3	chr5	146338839	146341728	4	4	4
ENSG00000271724.1	AC011396.3	chr5	146375591	146376219	4	4	4
ENSG00000248842.1	AC011396.1	chr5	146400981	146407359	4	4	4
ENSG00000113649.11	TCERG1	chr5	146447311	146511961	4	4	4
ENSG00000277568.1	AC011375.1	chr5	146510116	146510271	4	4	4
ENSG00000173250.2	GPR151	chr5	146513103	146516190	4	4	4
ENSG00000250407.1	AC008728.1	chr5	146563226	146617004	4	4	4
ENSG00000156475.18	PPP2R2B	chr5	146581146	147084784	4	4	4
ENSG00000280646.2	RNA5SP196	chr5	146586099	146586200	4	4	4
ENSG00000241291.3	RN7SL791P	chr5	146656401	146656695	4	4	4
ENSG00000248568.1	KRT8P48	chr5	146706381	146707600	4	4	4
ENSG00000249553.1	PPP2R2B-IT1	chr5	146914207	146919506	4	4	4
ENSG00000286468.1	AC010251.1	chr5	147093259	147097240	4	4	4
ENSG00000250343.1	STK32A-AS1	chr5	147180204	147234859	4	4	4
ENSG00000169302.16	STK32A	chr5	147234963	147387855	4	4	4
ENSG00000113657.13	DPYSL3	chr5	147390808	147510068	4	4	4
ENSG00000272239.1	AC011373.1	chr5	147401760	147401996	4	4	4
ENSG00000280780.2	JAKMIP2-AS1	chr5	147559994	147662009	4	4	4
ENSG00000176049.16	JAKMIP2	chr5	147585438	147782775	4	4	4
ENSG00000287630.1	AC011370.1	chr5	147725551	147728464	4	4	4
ENSG00000164266.11	SPINK1	chr5	147824572	147831671	4	4	4
ENSG00000249518.1	AC011352.2	chr5	147851644	147852659	4	4	4
ENSG00000164265.9	SCGB3A2	chr5	147870682	147882191	4	4	4
ENSG00000178776.5	C5orf46	chr5	147880726	147906538	4	4	4
ENSG00000248362.1	AC011352.1	chr5	147886086	147886878	4	4	4
ENSG00000251320.1	AC011352.3	chr5	147887112	147887704	4	4	4
ENSG00000250346.1	EEF1GP2	chr5	147922179	147923421	4	4	4
ENSG00000133710.16	SPINK5	chr5	148025683	148137382	4	4	4
ENSG00000247199.5	AC011346.1	chr5	148088125	148383907	4	4	4
ENSG00000196800.6	SPINK14	chr5	148169733	148175398	4	4	4
ENSG00000178172.7	SPINK6	chr5	148202794	148215137	4	4	4
ENSG00000249503.1	HMGN1P16	chr5	148221360	148221642	4	4	4
ENSG00000248109.3	MARCOL	chr5	148221650	148243580	4	4	4
ENSG00000214510.10	SPINK13	chr5	148268180	148286255	4	4	4
ENSG00000249834.3	PGBD4P3	chr5	148307298	148308258	4	4	4
ENSG00000145879.11	SPINK7	chr5	148312419	148315922	4	4	4
ENSG00000204909.8	SPINK9	chr5	148321203	148339852	4	4	4
ENSG00000283653.1	AC091948.1	chr5	148362777	148372152	4	4	4
ENSG00000145868.17	FBXO38	chr5	148383935	148442836	4	4	4
ENSG00000274799.1	Metazoa_SRP	chr5	148389748	148390029	4	4	4
ENSG00000251330.3	AC114939.1	chr5	148430159	148430807	4	4	4
ENSG00000164270.18	HTR4	chr5	148451032	148677235	4	4	4
ENSG00000253297.1	AC008627.1	chr5	148644687	148646390	4	4	4
ENSG00000169252.6	ADRB2	chr5	148826611	148828623	4	4	4
ENSG00000169247.14	SH3TC2	chr5	148923639	149063163	4	4	4
ENSG00000272411.1	AC116312.1	chr5	148970340	148970653	4	4	4
ENSG00000251842.1	RNU6-732P	chr5	149057554	149057656	4	4	4
ENSG00000207714.3	MIR584	chr5	149062313	149062409	4	4	4
ENSG00000250072.6	SH3TC2-DT	chr5	149063254	149129578	4	4	4
ENSG00000200161.1	RN7SKP145	chr5	149116178	149116480	4	4	4
ENSG00000173210.20	ABLIM3	chr5	149141483	149260542	4	4	4
ENSG00000248647.2	AC012613.1	chr5	149163955	149276776	4	4	4
ENSG00000253406.1	AC012613.2	chr5	149216523	149276805	4	4	4
ENSG00000157510.14	AFAP1L1	chr5	149271859	149343637	4	4	4
ENSG00000285736.1	AC131025.3	chr5	149324220	149345333	4	4	4
ENSG00000164284.15	GRPEL2	chr5	149345430	149354583	4	4	4
ENSG00000253618.1	GRPEL2-AS1	chr5	149348116	149357642	4	4	4
ENSG00000145882.11	PCYOX1L	chr5	149358037	149369653	4	4	4
ENSG00000127743.6	IL17B	chr5	149371324	149404202	4	4	4
ENSG00000253865.1	AC131025.1	chr5	149372174	149375116	4	4	4
ENSG00000249669.10	CARMN	chr5	149406689	149432835	4	4	4
ENSG00000275871.1	AC131025.2	chr5	149425771	149428289	4	4	4
ENSG00000284182.1	MIR143	chr5	149428918	149429023	4	4	4
ENSG00000276365.1	MIR145	chr5	149430646	149430733	4	4	4
ENSG00000113712.19	CSNK1A1	chr5	149492982	149551471	4	4	4
ENSG00000230551.4	AC021078.1	chr5	149494314	149504670	4	4	4
ENSG00000241112.1	RPL29P14	chr5	149545383	149545810	4	4	4
ENSG00000183111.12	ARHGEF37	chr5	149551947	149634968	4	4	4
ENSG00000222213.1	RNU6-588P	chr5	149606637	149606741	4	4	4
ENSG00000287323.1	AC022100.1	chr5	149694237	149696308	4	4	4
ENSG00000221043.2	U3	chr5	149695748	149695959	4	4	4
ENSG00000242928.3	RN7SL868P	chr5	149722070	149722372	4	4	4
ENSG00000155846.17	PPARGC1B	chr5	149730298	149855022	4	4	4
ENSG00000199047.3	MIR378A	chr5	149732825	149732890	4	4	4
ENSG00000132915.11	PDE6A	chr5	149857953	149944793	4	4	4
ENSG00000251583.1	MFFP2	chr5	149932014	149932668	4	4	4
ENSG00000200334.1	Y_RNA	chr5	149940030	149940131	4	4	4
ENSG00000155850.8	SLC26A2	chr5	149960758	149993455	4	4	4
ENSG00000164296.7	TIGD6	chr5	149993118	150000654	4	4	4
ENSG00000113716.13	HMGXB3	chr5	150000046	150053142	4	4	4
ENSG00000248696.1	AC011406.1	chr5	150014785	150015154	4	4	4
ENSG00000241907.1	RPS20P4	chr5	150021567	150021921	4	4	4
ENSG00000182578.14	CSF1R	chr5	150053291	150113372	4	4	4
ENSG00000214485.6	RPL7P1	chr5	150094302	150095048	4	4	4
ENSG00000199409.1	Y_RNA	chr5	150098406	150098506	4	4	4
ENSG00000113721.14	PDGFRB	chr5	150113839	150155872	4	4	4
ENSG00000113722.17	CDX1	chr5	150166778	150184558	4	4	4
ENSG00000011083.9	SLC6A7	chr5	150190062	150222788	4	4	4
ENSG00000070808.16	CAMK2A	chr5	150219491	150290291	4	4	4
ENSG00000183876.9	ARSI	chr5	150296343	150339307	4	4	4
ENSG00000070814.22	TCOF1	chr5	150357629	150400308	4	4	4
ENSG00000019582.15	CD74	chr5	150400041	150412929	4	4	4
ENSG00000286331.1	AC011388.1	chr5	150427904	150429906	4	4	4
ENSG00000164587.13	RPS14	chr5	150442635	150449739	4	4	4
ENSG00000254333.1	NDST1-AS1	chr5	150475531	150485968	4	4	4
ENSG00000070614.15	NDST1	chr5	150485818	150558211	4	4	4
ENSG00000171992.13	SYNPO	chr5	150601080	150659207	4	4	4
ENSG00000253852.1	AC011383.1	chr5	150608428	150615354	4	4	4
ENSG00000286657.1	AC008453.2	chr5	150621007	150626779	4	4	4
ENSG00000164591.14	MYOZ3	chr5	150660882	150679368	4	4	4
ENSG00000250309.2	AC008453.1	chr5	150670658	150672390	4	4	4
ENSG00000086589.12	RBM22	chr5	150690792	150701077	4	4	4
ENSG00000132912.13	DCTN4	chr5	150708440	150759095	4	4	4
ENSG00000256235.2	SMIM3	chr5	150777946	150796734	4	4	4
ENSG00000237693.4	IRGM	chr5	150846523	150900736	4	4	4
ENSG00000145908.12	ZNF300	chr5	150894392	150904983	4	4	4
ENSG00000197083.11	ZNF300P1	chr5	150930645	150946289	4	4	4
ENSG00000274235.1	AC022106.1	chr5	150950109	150952460	4	4	4
ENSG00000277866.1	AC022106.2	chr5	150978419	150979175	4	4	4
ENSG00000211445.12	GPX3	chr5	151020438	151028992	4	4	4
ENSG00000145901.16	TNIP1	chr5	151029945	151093577	4	4	4
ENSG00000197043.14	ANXA6	chr5	151100706	151157785	4	4	4
ENSG00000254298.1	AC008641.1	chr5	151158106	151158462	4	4	4
ENSG00000285420.1	PDGFRL2P	chr5	151173981	151180617	4	4	4
ENSG00000198624.13	CCDC69	chr5	151181052	151224093	4	4	4
ENSG00000196743.9	GM2A	chr5	151212150	151270440	4	4	4
ENSG00000186334.10	SLC36A3	chr5	151276358	151303766	4	4	4
ENSG00000186335.9	SLC36A2	chr5	151314972	151347590	4	4	4
ENSG00000270904.1	ATP6V1G1P5	chr5	151319422	151319776	4	4	4
ENSG00000253897.2	AC034205.2	chr5	151366299	151436953	4	4	4
ENSG00000253472.1	AC034205.1	chr5	151378003	151378640	4	4	4
ENSG00000271494.1	AC034205.3	chr5	151380341	151382381	4	4	4
ENSG00000123643.13	SLC36A1	chr5	151437046	151492379	4	4	4
ENSG00000200227.1	RNA5SP197	chr5	151477459	151477577	4	4	4
ENSG00000086570.12	FAT2	chr5	151504093	151568944	4	4	4
ENSG00000271795.1	AC011337.1	chr5	151509453	151512769	4	4	4
ENSG00000276622.1	MIR6499	chr5	151522087	151522148	4	4	4
ENSG00000288081.1	AC011374.3	chr5	151595264	151602709	4	4	4
ENSG00000260581.1	AC011374.1	chr5	151652275	151655449	4	4	4
ENSG00000113140.11	SPARC	chr5	151661096	151686975	4	4	4
ENSG00000249035.7	CLMAT3	chr5	151676945	151725473	4	4	4
ENSG00000222102.1	RN7SKP232	chr5	151704289	151704578	4	4	4
ENSG00000272112.1	AC011374.2	chr5	151724831	151725356	4	4	4
ENSG00000177556.12	ATOX1	chr5	151742316	151772532	4	4	4
ENSG00000253921.1	AC091982.1	chr5	151753992	151767247	4	4	4
ENSG00000213433.5	RPLP1P6	chr5	151765859	151766378	4	4	4
ENSG00000275765.5	AC091982.3	chr5	151770242	151771508	4	4	4
ENSG00000145907.16	G3BP1	chr5	151771045	151812911	4	4	4
ENSG00000145888.11	GLRA1	chr5	151822513	151924851	4	4	4
ENSG00000270978.1	AC091982.2	chr5	151848886	151850791	4	4	4
ENSG00000222308.1	RNA5SP198	chr5	151875566	151875692	4	4	4
ENSG00000254226.6	LINC01933	chr5	151949571	152270449	4	4	4
ENSG00000286749.1	AC008571.2	chr5	152374998	152726160	4	4	4
ENSG00000132911.5	NMUR2	chr5	152391546	152433368	4	4	4
ENSG00000242080.1	AC008571.1	chr5	152495718	152496017	4	4	4
ENSG00000249484.9	LINC01470	chr5	152618965	153223543	4	4	4
ENSG00000155511.18	GRIA1	chr5	153489615	153813869	4	4	4
ENSG00000242976.3	RN7SL177P	chr5	153755382	153755680	4	4	4
ENSG00000251183.1	LINC01861	chr5	153887428	153898987	4	4	4
ENSG00000261382.1	AC091962.1	chr5	153901459	153903223	4	4	4
ENSG00000055147.19	FAM114A2	chr5	153990148	154038936	4	4	4
ENSG00000037749.12	MFAP3	chr5	154038906	154220478	4	4	4
ENSG00000164574.16	GALNT10	chr5	154190730	154420984	4	4	4
ENSG00000245275.8	SAP30L-AS1	chr5	154325568	154445850	4	4	4
ENSG00000253119.1	HNRNPA3P7	chr5	154337471	154338452	4	4	4
ENSG00000287695.1	AC008625.1	chr5	154346042	154347834	4	4	4
ENSG00000221430.1	MIR1294	chr5	154347106	154347247	4	4	4
ENSG00000241963.3	RN7SL655P	chr5	154349428	154349725	4	4	4
ENSG00000164576.12	SAP30L	chr5	154445997	154461053	4	4	4
ENSG00000113196.3	HAND1	chr5	154474972	154478227	4	4	4
ENSG00000254293.1	AC026688.2	chr5	154483917	154486150	4	4	4
ENSG00000253886.1	AC026688.1	chr5	154493576	154494743	4	4	4
ENSG00000253146.1	CIR1P1	chr5	154559308	154560440	4	4	4
ENSG00000264760.1	MIR3141	chr5	154596012	154596072	4	4	4
ENSG00000221552.1	MIR1303	chr5	154685776	154685861	4	4	4
ENSG00000274472.1	Y_RNA	chr5	154705626	154705727	4	4	4
ENSG00000155506.18	LARP1	chr5	154712843	154817605	4	4	4
ENSG00000272197.2	RN7SL803P	chr5	154718383	154718689	4	4	4
ENSG00000241187.1	AC008379.1	chr5	154729231	154729694	4	4	4
ENSG00000170271.11	FAXDC2	chr5	154818492	154859252	4	4	4
ENSG00000277039.1	Metazoa_SRP	chr5	154821943	154822258	4	4	4
ENSG00000263361.1	MIR378H	chr5	154829458	154829540	4	4	4
ENSG00000155508.14	CNOT8	chr5	154857553	154876792	4	4	4
ENSG00000082516.9	GEMIN5	chr5	154887411	154938211	4	4	4
ENSG00000082515.18	MRPL22	chr5	154941073	154969411	4	4	4
ENSG00000253261.1	AC008410.1	chr5	154993598	154994445	4	4	4
ENSG00000226650.6	KIF4B	chr5	155013755	155018141	4	4	4
ENSG00000287963.1	AC010476.2	chr5	155087430	155199252	4	4	4
ENSG00000253646.1	AC010476.1	chr5	155111184	155112324	4	4	4
ENSG00000271477.1	AC010591.1	chr5	155397291	155398353	4	4	4
ENSG00000270442.1	AC008725.1	chr5	155491336	155493598	4	4	4
ENSG00000200275.1	RNA5SP199	chr5	155845437	155845528	4	4	4
ENSG00000170624.13	SGCD	chr5	155870344	156767788	4	4	4
ENSG00000286690.1	AC011351.1	chr5	156019228	156039977	4	4	4
ENSG00000253370.2	AC027308.1	chr5	156458398	156458507	4	4	4
ENSG00000254163.1	AC025434.1	chr5	156704058	156739812	4	4	4
ENSG00000199468.1	RNU6-556P	chr5	156814130	156814234	4	4	4
ENSG00000231989.5	PPP1R2B	chr5	156850295	156852528	4	4	4
ENSG00000145850.9	TIMD4	chr5	156919292	156963226	4	4	4
ENSG00000270560.1	APOOP1	chr5	156924119	156924710	4	4	4
ENSG00000113249.13	HAVCR1	chr5	157029413	157059119	4	4	4
ENSG00000135077.9	HAVCR2	chr5	157085832	157142869	4	4	4
ENSG00000254246.1	AC011377.1	chr5	157104788	157114900	4	4	4
ENSG00000155868.8	MED7	chr5	157137424	157159019	4	4	4
ENSG00000113263.13	ITK	chr5	157142933	157255185	4	4	4
ENSG00000170613.4	FAM71B	chr5	157161846	157166264	4	4	4
ENSG00000253980.1	AC010609.1	chr5	157199242	157224380	4	4	4
ENSG00000253653.1	AC009185.1	chr5	157260122	157266625	4	4	4
ENSG00000055163.20	CYFIP2	chr5	157266079	157395595	4	4	4
ENSG00000285868.1	AC008676.3	chr5	157341596	157460100	4	4	4
ENSG00000172568.5	FNDC9	chr5	157341598	157345677	4	4	4
ENSG00000251405.3	AC016571.1	chr5	157363382	157365501	4	4	4
ENSG00000248544.2	AC008676.1	chr5	157375741	157384950	4	4	4
ENSG00000135074.16	ADAM19	chr5	157395534	157575775	4	4	4
ENSG00000253155.1	AC008676.2	chr5	157422439	157422873	4	4	4
ENSG00000172548.14	NIPAL4	chr5	157460019	157474717	4	4	4
ENSG00000253519.1	AC106801.1	chr5	157565964	157569098	4	4	4
ENSG00000252068.1	RNU6-390P	chr5	157579497	157579599	4	4	4
ENSG00000254336.1	AC008694.2	chr5	157604707	157605637	4	4	4
ENSG00000039600.11	SOX30	chr5	157625679	157671480	4	4	4
ENSG00000187658.7	C5orf52	chr5	157671533	157680158	4	4	4
ENSG00000253798.2	AC008694.1	chr5	157682985	157690878	4	4	4
ENSG00000113272.14	THG1L	chr5	157731420	157741449	4	4	4
ENSG00000155858.6	LSM11	chr5	157743712	157760709	4	4	4
ENSG00000253630.1	AC026407.1	chr5	157747504	157747707	4	4	4
ENSG00000113282.14	CLINT1	chr5	157785743	157859145	4	4	4
ENSG00000206819.1	RNU6-260P	chr5	157809098	157809204	4	4	4
ENSG00000244331.1	AC008677.2	chr5	157931258	157931563	4	4	4
ENSG00000222626.1	RNU2-48P	chr5	157976766	157976956	4	4	4
ENSG00000253743.1	MARK2P11	chr5	157984658	157989990	4	4	4
ENSG00000213414.3	AC008677.1	chr5	157986146	157987706	4	4	4
ENSG00000253422.1	AC008677.3	chr5	158078099	158078764	4	4	4
ENSG00000253792.1	AC025437.5	chr5	158173601	158176422	4	4	4
ENSG00000253673.1	AC025437.4	chr5	158175396	158200016	4	4	4
ENSG00000254047.2	AC025437.6	chr5	158188977	158189911	4	4	4
ENSG00000253449.1	AC025437.3	chr5	158225352	158234376	4	4	4
ENSG00000253424.1	AC025437.2	chr5	158256137	158258436	4	4	4
ENSG00000253134.1	AC025437.1	chr5	158275711	158278813	4	4	4
ENSG00000276778.1	LINC02227	chr5	158320683	158409773	4	4	4
ENSG00000254350.1	AC091979.1	chr5	158424585	158452758	4	4	4
ENSG00000272085.1	AC091979.2	chr5	158464465	158464678	4	4	4
ENSG00000254135.3	AC091939.1	chr5	158485190	158588546	4	4	4
ENSG00000164330.17	EBF1	chr5	158695916	159099916	4	4	4
ENSG00000253811.1	AC136424.2	chr5	158983006	158984789	4	4	4
ENSG00000253456.1	AC136424.1	chr5	158985806	158987199	4	4	4
ENSG00000245812.3	LINC02202	chr5	159100483	159117478	4	4	4
ENSG00000279204.1	AC134043.3	chr5	159106380	159108617	4	4	4
ENSG00000145860.12	RNF145	chr5	159157409	159210053	4	4	4
ENSG00000253256.1	AC134043.2	chr5	159209921	159248796	4	4	4
ENSG00000253315.1	LINC01932	chr5	159227715	159245127	4	4	4
ENSG00000252458.1	AC134043.1	chr5	159230194	159230322	4	4	4
ENSG00000164332.8	UBLCP1	chr5	159263290	159286036	4	4	4
ENSG00000249738.10	AC008691.1	chr5	159310745	159805536	4	4	4
ENSG00000113302.5	IL12B	chr5	159314780	159330487	4	4	4
ENSG00000221601.1	RNU4ATAC2P	chr5	159318042	159318167	4	4	4
ENSG00000253298.2	LINC01845	chr5	159448556	159466291	4	4	4
ENSG00000283413.1	AC008703.1	chr5	159484130	159511687	4	4	4
ENSG00000253311.3	LINC01847	chr5	159698586	159937766	4	4	4
ENSG00000170214.5	ADRA1B	chr5	159865080	159973012	4	4	4
ENSG00000248626.1	GAPDHP40	chr5	159950493	159951498	4	4	4
ENSG00000199398.1	Y_RNA	chr5	160008445	160008546	4	4	4
ENSG00000113312.11	TTC1	chr5	160009113	160065543	4	4	4
ENSG00000223908.5	AC068657.1	chr5	160023740	160024045	4	4	4
ENSG00000170234.13	PWWP2A	chr5	160061801	160119450	4	4	4
ENSG00000170231.16	FABP6	chr5	160187367	160238735	4	4	4
ENSG00000247699.2	FABP6-AS1	chr5	160195744	160204826	4	4	4
ENSG00000253772.1	AC112191.1	chr5	160247517	160248217	4	4	4
ENSG00000135083.16	CCNJL	chr5	160249083	160345396	4	4	4
ENSG00000254373.1	AC112191.2	chr5	160258253	160258585	4	4	4
ENSG00000270612.1	AC112191.3	chr5	160326693	160326969	4	4	4
ENSG00000145861.9	C1QTNF2	chr5	160347754	160370641	4	4	4
ENSG00000221886.4	ZBED8	chr5	160393148	160400054	4	4	4
ENSG00000164609.10	SLU7	chr5	160401641	160421711	4	4	4
ENSG00000164611.13	PTTG1	chr5	160421855	160428739	4	4	4
ENSG00000253522.6	MIR3142HG	chr5	160438594	160487426	4	4	4
ENSG00000265237.1	MIR3142	chr5	160474402	160474483	4	4	4
ENSG00000283733.1	MIR146A	chr5	160485352	160485450	4	4	4
ENSG00000118322.14	ATP10B	chr5	160563120	160852214	4	4	4
ENSG00000253687.1	AC008456.1	chr5	160613873	160639183	4	4	4
ENSG00000254391.1	AC011363.1	chr5	160685351	160692889	4	4	4
ENSG00000253417.5	LINC02159	chr5	160931778	160938626	4	4	4
ENSG00000145864.14	GABRB2	chr5	161288429	161549044	4	4	4
ENSG00000145863.11	GABRA6	chr5	161547063	161702593	4	4	4
ENSG00000253403.1	AC091944.1	chr5	161687347	161689408	4	4	4
ENSG00000118990.5	GLRXP3	chr5	161751448	161751768	4	4	4
ENSG00000022355.18	GABRA1	chr5	161847063	161899981	4	4	4
ENSG00000280776.2	LINC01202	chr5	161907111	162001536	4	4	4
ENSG00000113327.17	GABRG2	chr5	162000057	162162977	4	4	4
ENSG00000254186.3	AC113414.1	chr5	162424042	163437326	4	4	4
ENSG00000201474.1	RNU6-164P	chr5	162477891	162477993	4	4	4
ENSG00000254351.1	ARL2BPP5	chr5	162761833	162762313	4	4	4
ENSG00000249449.1	MRPL57P6	chr5	163039291	163039599	4	4	4
ENSG00000250114.1	AC008723.1	chr5	163416525	163416731	4	4	4
ENSG00000113328.19	CCNG1	chr5	163437569	163446151	4	4	4
ENSG00000170584.11	NUDCD2	chr5	163446526	163460102	4	4	4
ENSG00000072571.20	HMMR	chr5	163460203	163491941	4	4	4
ENSG00000251018.2	HMMR-AS1	chr5	163483065	163494058	4	4	4
ENSG00000038274.17	MAT2B	chr5	163503114	163519354	4	4	4
ENSG00000285590.1	AC010291.1	chr5	163597352	163612516	4	4	4
ENSG00000224012.3	AC116917.1	chr5	163709210	163709514	4	4	4
ENSG00000251998.1	RNU6-168P	chr5	163796065	163796165	4	4	4
ENSG00000273569.1	AC008432.1	chr5	163855140	163856642	4	4	4
ENSG00000271679.1	LSM1P2	chr5	163887506	163887827	4	4	4
ENSG00000253331.1	AC008662.1	chr5	164119098	164234097	4	4	4
ENSG00000253538.1	AC008662.2	chr5	164209631	164211892	4	4	4
ENSG00000241956.10	AC109466.1	chr5	164296696	165171643	4	4	4
ENSG00000253236.2	LINC02143	chr5	164448161	164467879	4	4	4
ENSG00000253600.1	AC008446.1	chr5	164601002	164601452	4	4	4
ENSG00000206845.1	RNU6-209P	chr5	164935162	164935268	4	4	4
ENSG00000285549.1	AC091973.1	chr5	165129307	165153014	4	4	4
ENSG00000254066.2	LINC01938	chr5	165220577	165241756	4	4	4
ENSG00000253693.1	AC008415.1	chr5	165349030	165778689	4	4	4
ENSG00000252794.1	RN7SKP60	chr5	165609441	165609679	4	4	4
ENSG00000253512.1	AC008562.1	chr5	165782805	165783134	4	4	4
ENSG00000253946.1	AC008489.1	chr5	165905126	165905608	4	4	4
ENSG00000254252.1	RPL7P20	chr5	166028567	166029311	4	4	4
ENSG00000254171.1	AC114321.1	chr5	166128498	166155439	4	4	4
ENSG00000229119.3	AC026403.1	chr5	166382305	166382599	4	4	4
ENSG00000254130.1	LINC01947	chr5	166905222	166926370	4	4	4
ENSG00000253713.1	AC091819.2	chr5	167116318	167119585	4	4	4
ENSG00000253469.1	AC091819.1	chr5	167164934	167168401	4	4	4
ENSG00000145934.16	TENM2	chr5	167284799	168264157	4	4	4
ENSG00000254365.1	AC091820.2	chr5	167287320	167294273	4	4	4
ENSG00000254297.1	AC091820.1	chr5	167296234	167303372	4	4	4
ENSG00000253527.1	AC008601.1	chr5	167306273	167309870	4	4	4
ENSG00000254187.1	AC008708.2	chr5	167653228	167660481	4	4	4
ENSG00000253357.1	AC008708.1	chr5	167721363	167729124	4	4	4
ENSG00000253660.1	AC008464.1	chr5	167937717	167953469	4	4	4
ENSG00000253947.1	AC008705.2	chr5	167965187	167967086	4	4	4
ENSG00000253065.1	AC008705.1	chr5	168033091	168033205	4	4	4
ENSG00000253925.1	AC011369.1	chr5	168085329	168187719	4	4	4
ENSG00000279739.1	AC011369.2	chr5	168128856	168130422	4	4	4
ENSG00000253978.2	CTB-178M22.2	chr5	168229583	168269415	4	4	4
ENSG00000113645.15	WWC1	chr5	168291645	168472303	4	4	4
ENSG00000113643.9	RARS1	chr5	168486451	168519301	4	4	4
ENSG00000188573.8	FBLL1	chr5	168529305	168530634	4	4	4
ENSG00000120137.7	PANK3	chr5	168548495	168579368	4	4	4
ENSG00000253861.1	SLC2A3P1	chr5	168552277	168553727	4	4	4
ENSG00000199035.2	MIR103A1	chr5	168560896	168560973	4	4	4
ENSG00000283612.1	MIR103B1	chr5	168560904	168560965	4	4	4
ENSG00000233913.7	RPL10P9	chr5	168616352	168616996	4	4	4
ENSG00000254192.1	AC011365.1	chr5	168654513	168667761	4	4	4
ENSG00000184347.15	SLIT3	chr5	168661733	169301139	4	4	4
ENSG00000254042.2	SLIT3-AS2	chr5	168706567	168720884	4	4	4
ENSG00000207739.1	MIR218-2	chr5	168768146	168768255	4	4	4
ENSG00000202345.1	Y_RNA	chr5	168791498	168791610	4	4	4
ENSG00000248965.1	AC011389.1	chr5	168993000	168995677	4	4	4
ENSG00000279752.1	AC011389.2	chr5	169012148	169013146	4	4	4
ENSG00000248222.5	SLIT3-AS1	chr5	169013227	169037998	4	4	4
ENSG00000207619.1	MIR585	chr5	169263601	169263694	4	4	4
ENSG00000206614.1	RNU6-477P	chr5	169552449	169552555	4	4	4
ENSG00000040275.17	SPDL1	chr5	169583636	169604778	4	4	4
ENSG00000134516.18	DOCK2	chr5	169637268	170083382	4	4	4
ENSG00000253269.1	AC008680.1	chr5	169772966	169779365	4	4	4
ENSG00000204767.4	INSYN2B	chr5	169861303	169980495	4	4	4
ENSG00000263831.1	MIR378E	chr5	170028488	170028566	4	4	4
ENSG00000168269.10	FOXI1	chr5	170105897	170109734	4	4	4
ENSG00000253219.1	KRT18P41	chr5	170140664	170141940	4	4	4
ENSG00000249601.2	LINC01187	chr5	170191579	170199141	4	4	4
ENSG00000234511.10	C5orf58	chr5	170232447	170252575	4	4	4
ENSG00000043462.13	LCP2	chr5	170246233	170297815	4	4	4
ENSG00000288615.1	AC034199.2	chr5	170306557	170307606	4	4	4
ENSG00000235172.8	LINC01366	chr5	170307722	170335508	4	4	4
ENSG00000250274.2	AC034199.1	chr5	170308701	170312806	4	4	4
ENSG00000182132.14	KCNIP1	chr5	170353487	170736632	4	4	4
ENSG00000145936.9	KCNMB1	chr5	170374671	170389634	4	4	4
ENSG00000253647.1	KCNIP1-OT1	chr5	170389493	170422844	4	4	4
ENSG00000253858.1	AC008619.1	chr5	170483806	170486407	4	4	4
ENSG00000253591.2	KCNIP1-AS1	chr5	170639158	170681437	4	4	4
ENSG00000253348.1	AC008514.1	chr5	170747047	170788650	4	4	4
ENSG00000094755.17	GABRP	chr5	170763350	170814047	4	4	4
ENSG00000204764.14	RANBP17	chr5	170861870	171300015	4	4	4
ENSG00000244501.3	RN7SL623P	chr5	170866835	170867144	4	4	4
ENSG00000253966.1	AC008514.2	chr5	170896929	170904461	4	4	4
ENSG00000253213.1	USP12P1	chr5	171251866	171252982	4	4	4
ENSG00000275038.2	AC091980.2	chr5	171305980	171309777	4	4	4
ENSG00000164438.6	TLX3	chr5	171309248	171312139	4	4	4
ENSG00000213393.5	AC091980.1	chr5	171345343	171345630	4	4	4
ENSG00000265740.2	RN7SL339P	chr5	171359117	171359412	4	4	4
ENSG00000254256.1	RPSAP71	chr5	171365595	171367693	4	4	4
ENSG00000206909.1	SNORA70J	chr5	171366118	171366252	4	4	4
ENSG00000254012.1	RPL10P8	chr5	171366299	171366611	4	4	4
ENSG00000264249.1	MIR3912	chr5	171386656	171386760	4	4	4
ENSG00000181163.14	NPM1	chr5	171387116	171411810	4	4	4
ENSG00000156427.8	FGF18	chr5	171419647	171457626	4	4	4
ENSG00000288639.1	AC093246.1	chr5	171420016	171436172	4	4	4
ENSG00000285914.1	AC022440.1	chr5	171724575	171737519	4	4	4
ENSG00000253110.1	AC011410.1	chr5	171773652	171774739	4	4	4
ENSG00000185662.10	SMIM23	chr5	171782432	171796126	4	4	4
ENSG00000072803.17	FBXW11	chr5	171861549	172006873	4	4	4
ENSG00000072786.13	STK10	chr5	172042079	172188224	4	4	4
ENSG00000214360.5	EFCAB9	chr5	172194172	172203454	4	4	4
ENSG00000168246.6	UBTD2	chr5	172209646	172283764	4	4	4
ENSG00000212529.1	AC024561.1	chr5	172252334	172252478	4	4	4
ENSG00000253218.1	KLF3P1	chr5	172254418	172255439	4	4	4
ENSG00000174705.13	SH3PXD2B	chr5	172325000	172454525	4	4	4
ENSG00000287814.1	AC011407.1	chr5	172479274	172536444	4	4	4
ENSG00000254299.3	LINC01944	chr5	172543403	172559202	4	4	4
ENSG00000280318.1	AC027309.3	chr5	172609094	172609444	4	4	4
ENSG00000214357.9	NEURL1B	chr5	172641263	172691540	4	4	4
ENSG00000253683.1	AC027309.2	chr5	172656522	172656713	4	4	4
ENSG00000265160.1	MIR5003	chr5	172662165	172662263	4	4	4
ENSG00000253445.1	AC027309.1	chr5	172690454	172697720	4	4	4
ENSG00000253295.2	AC022217.2	chr5	172755457	172762587	4	4	4
ENSG00000213386.3	AC022217.1	chr5	172762521	172763258	4	4	4
ENSG00000253736.3	AC022217.3	chr5	172762980	172782334	4	4	4
ENSG00000120129.6	DUSP1	chr5	172768096	172771195	4	4	4
ENSG00000206741.1	Y_RNA	chr5	172779982	172780094	4	4	4
ENSG00000270243.1	AC022217.4	chr5	172785262	172785424	4	4	4
ENSG00000253628.2	AC110011.1	chr5	172816592	172819958	4	4	4
ENSG00000113719.16	ERGIC1	chr5	172834251	172952683	4	4	4
ENSG00000204758.8	AC008429.1	chr5	172954786	172959392	4	4	4
ENSG00000254295.1	AC008429.3	chr5	172954907	172957162	4	4	4
ENSG00000037241.7	RPL26L1	chr5	172958729	172969771	4	4	4
ENSG00000253785.1	AC008429.2	chr5	172975511	172976374	4	4	4
ENSG00000113732.9	ATP6V0E1	chr5	172983771	173035445	4	4	4
ENSG00000254328.1	AC008429.4	chr5	172986680	172987198	4	4	4
ENSG00000212402.1	SNORA74B	chr5	173020728	173020928	4	4	4
ENSG00000207210.1	Y_RNA	chr5	173052452	173052555	4	4	4
ENSG00000164463.12	CREBRF	chr5	173056352	173139284	4	4	4
ENSG00000253439.1	CDC42P5	chr5	173085342	173086210	4	4	4
ENSG00000253172.1	AC008378.1	chr5	173144162	173145039	4	4	4
ENSG00000113734.18	BNIP1	chr5	173144442	173164387	4	4	4
ENSG00000254200.1	RPL7AP33	chr5	173225836	173226423	4	4	4
ENSG00000183072.10	NKX2-5	chr5	173232109	173235311	4	4	4
ENSG00000201277.1	Y_RNA	chr5	173254190	173254290	4	4	4
ENSG00000252169.1	RNA5SP200	chr5	173292517	173292619	4	4	4
ENSG00000113739.10	STC2	chr5	173314713	173329503	4	4	4
ENSG00000274994.1	MIR8056	chr5	173347455	173347536	4	4	4
ENSG00000199219.1	RNU6-500P	chr5	173362134	173362240	4	4	4
ENSG00000253968.2	AC016573.1	chr5	173383941	173451591	4	4	4
ENSG00000253141.2	AC008632.1	chr5	173463484	173484584	4	4	4
ENSG00000253768.1	AC008663.1	chr5	173562478	173573199	4	4	4
ENSG00000254164.1	AC008663.3	chr5	173574938	173576275	4	4	4
ENSG00000253955.2	AC008663.2	chr5	173578275	173585068	4	4	4
ENSG00000145919.11	BOD1	chr5	173607145	173616659	4	4	4
ENSG00000253959.1	LINC01863	chr5	173642519	173658194	4	4	4
ENSG00000253428.1	LINC01942	chr5	173689459	173705849	4	4	4
ENSG00000253686.2	LINC01484	chr5	173707614	173746279	4	4	4
ENSG00000287003.1	AC008674.1	chr5	173757562	173773164	4	4	4
ENSG00000254211.6	LINC01485	chr5	173778527	173809039	4	4	4
ENSG00000113742.14	CPEB4	chr5	173888349	173961980	4	4	4
ENSG00000185056.10	C5orf47	chr5	173973779	174006140	4	4	4
ENSG00000253109.1	RPL12P22	chr5	174039751	174040240	4	4	4
ENSG00000170091.11	NSG2	chr5	174045706	174243501	4	4	4
ENSG00000253244.1	AC113423.1	chr5	174056060	174056585	4	4	4
ENSG00000253447.6	AC113423.2	chr5	174081506	174086618	4	4	4
ENSG00000254011.1	AC011333.1	chr5	174173101	174181814	4	4	4
ENSG00000249722.1	AC025752.1	chr5	174329612	174330503	4	4	4
ENSG00000249306.6	LINC01411	chr5	174336295	174532457	4	4	4
ENSG00000213376.4	GAPDHP71	chr5	174513305	174514307	4	4	4
ENSG00000249031.1	SUMO2P6	chr5	174561776	174562063	4	4	4
ENSG00000250256.1	AC108112.1	chr5	174618164	174625775	4	4	4
ENSG00000248929.1	HIGD1AP3	chr5	174632932	174633209	4	4	4
ENSG00000120149.9	MSX2	chr5	174724582	174730896	4	4	4
ENSG00000251670.1	AC113346.2	chr5	174751304	174850725	4	4	4
ENSG00000266890.1	MIR4634	chr5	174751734	174751787	4	4	4
ENSG00000251144.1	AC113346.1	chr5	174820027	174826324	4	4	4
ENSG00000204754.3	LINC01951	chr5	174919082	174995513	4	4	4
ENSG00000251122.1	NIFKP2	chr5	174923090	174923945	4	4	4
ENSG00000248293.1	AC008413.1	chr5	174926541	174926717	4	4	4
ENSG00000249403.1	AC008413.2	chr5	174986295	174987050	4	4	4
ENSG00000248355.1	ARL2BPP6	chr5	175290731	175291252	4	4	4
ENSG00000184845.4	DRD1	chr5	175440036	175444182	4	4	4
ENSG00000286350.1	AC091393.2	chr5	175471414	175475378	4	4	4
ENSG00000164466.13	SFXN1	chr5	175477062	175529742	4	4	4
ENSG00000270839.1	AC091393.1	chr5	175483595	175484192	4	4	4
ENSG00000222111.1	RN7SKP148	chr5	175628188	175628462	4	4	4
ENSG00000113749.7	HRH2	chr5	175658030	175710756	4	4	4
ENSG00000200648.1	RNU6-226P	chr5	175703898	175704004	4	4	4
ENSG00000145920.15	CPLX2	chr5	175796310	175884021	4	4	4
ENSG00000280068.1	AC138965.2	chr5	175903874	175904371	4	4	4
ENSG00000250820.1	AC138965.1	chr5	175906939	175958538	4	4	4
ENSG00000051596.10	THOC3	chr5	175917873	176034680	4	4	4
ENSG00000250801.2	THOC3-AS1	chr5	175972606	175987666	4	4	4
ENSG00000272494.1	OR1X1P	chr5	176006145	176007387	4	4	4
ENSG00000250992.2	AC139491.3	chr5	176036593	176042888	4	4	4
ENSG00000248469.1	AC139491.1	chr5	176049678	176062021	4	4	4
ENSG00000182230.12	FAM153B	chr5	176060689	176116015	4	4	4
ENSG00000285476.1	AC139491.7	chr5	176063748	176126959	4	4	4
ENSG00000251623.2	AC139491.5	chr5	176119545	176156937	4	4	4
ENSG00000251458.1	AC139491.4	chr5	176124210	176131461	4	4	4
ENSG00000283559.2	AC139491.6	chr5	176143078	176156989	4	4	4
ENSG00000248596.8	AC139491.2	chr5	176143085	176185155	4	4	4
ENSG00000287579.1	AC139491.8	chr5	176158610	176168367	4	4	4
ENSG00000283235.2	AC139493.2	chr5	176173345	176199295	4	4	4
ENSG00000270989.1	AC139493.1	chr5	176203314	176203710	4	4	4
ENSG00000170085.18	SIMC1	chr5	176238367	176345991	4	4	4
ENSG00000251667.1	BRCC3P1	chr5	176308063	176309013	4	4	4
ENSG00000122203.15	KIAA1191	chr5	176346062	176361807	4	4	4
ENSG00000250909.1	AC138956.1	chr5	176347941	176353584	4	4	4
ENSG00000251414.1	AC138956.2	chr5	176354206	176356168	4	4	4
ENSG00000175414.7	ARL10	chr5	176365487	176401865	4	4	4
ENSG00000221464.1	MIR1271	chr5	176367946	176368031	4	4	4
ENSG00000048162.21	NOP16	chr5	176383938	176388927	4	4	4
ENSG00000146066.3	HIGD2A	chr5	176388751	176389761	4	4	4
ENSG00000175416.16	CLTB	chr5	176392501	176416539	4	4	4
ENSG00000280139.1	AC010297.1	chr5	176439090	176439238	4	4	4
ENSG00000113194.13	FAF2	chr5	176447628	176510074	4	4	4
ENSG00000146083.12	RNF44	chr5	176526712	176538025	4	4	4
ENSG00000074276.10	CDHR2	chr5	176542511	176595974	4	4	4
ENSG00000243959.3	RN7SL684P	chr5	176547433	176547726	4	4	4
ENSG00000207420.1	Y_RNA	chr5	176556704	176556805	4	4	4
ENSG00000169258.7	GPRIN1	chr5	176595802	176610156	4	4	4
ENSG00000074317.11	SNCB	chr5	176620082	176630556	4	4	4
ENSG00000266329.1	MIR4281	chr5	176629439	176629500	4	4	4
ENSG00000175766.13	EIF4E1B	chr5	176630618	176646644	4	4	4
ENSG00000048140.18	TSPAN17	chr5	176647387	176659054	4	4	4
ENSG00000248484.1	AC113391.1	chr5	176707356	176726243	4	4	4
ENSG00000251446.1	AC113391.2	chr5	176726942	176739458	4	4	4
ENSG00000248859.2	LINC01574	chr5	176743205	176743871	4	4	4
ENSG00000113763.12	UNC5A	chr5	176810519	176880898	4	4	4
ENSG00000160883.11	HK3	chr5	176880869	176899346	4	4	4
ENSG00000087206.17	UIMC1	chr5	176905005	177022633	4	4	4
ENSG00000113761.12	ZNF346	chr5	177022696	177081189	4	4	4
ENSG00000251666.1	ZNF346-IT1	chr5	177051714	177052963	4	4	4
ENSG00000160867.15	FGFR4	chr5	177086905	177098144	4	4	4
ENSG00000165671.21	NSD1	chr5	177133025	177300213	4	4	4
ENSG00000286634.1	AC146507.3	chr5	177260340	177263909	4	4	4
ENSG00000240729.1	AC146507.2	chr5	177264766	177265241	4	4	4
ENSG00000270706.1	PRMT1P1	chr5	177265580	177266588	4	4	4
ENSG00000169228.14	RAB24	chr5	177301198	177303744	4	4	4
ENSG00000213347.10	MXD3	chr5	177301461	177312757	4	4	4
ENSG00000169230.10	PRELID1	chr5	177303799	177306949	4	4	4
ENSG00000169223.15	LMAN2	chr5	177331567	177351668	4	4	4
ENSG00000239393.1	AC146507.1	chr5	177346073	177346426	4	4	4
ENSG00000169220.18	RGS14	chr5	177357924	177372596	4	4	4
ENSG00000131183.11	SLC34A1	chr5	177379235	177398848	4	4	4
ENSG00000196570.3	PFN3	chr5	177400109	177400661	4	4	4
ENSG00000131187.10	F12	chr5	177402141	177409564	4	4	4
ENSG00000198055.11	GRK6	chr5	177403204	177442901	4	4	4
ENSG00000246334.2	PRR7-AS1	chr5	177438503	177447699	4	4	4
ENSG00000131188.12	PRR7	chr5	177446445	177456286	4	4	4
ENSG00000113758.13	DBN1	chr5	177456608	177474401	4	4	4
ENSG00000279821.1	AC145098.2	chr5	177476631	177479656	4	4	4
ENSG00000196923.14	PDLIM7	chr5	177483394	177497606	4	4	4
ENSG00000248996.1	AC145098.1	chr5	177494995	177503647	4	4	4
ENSG00000146094.15	DOK3	chr5	177501907	177511274	4	4	4
ENSG00000183258.12	DDX41	chr5	177511577	177516961	4	4	4
ENSG00000146067.16	FAM193B	chr5	177519789	177554563	4	4	4
ENSG00000272459.1	AC139795.3	chr5	177554824	177555364	4	4	4
ENSG00000184840.12	TMED9	chr5	177592203	177597242	4	4	4
ENSG00000027847.14	B4GALT7	chr5	177600132	177610330	4	4	4
ENSG00000247679.3	AC139795.2	chr5	177611240	177619754	4	4	4
ENSG00000246596.7	AC139795.1	chr5	177619059	177672209	4	4	4
ENSG00000249849.1	AC138819.1	chr5	177682294	177713969	4	4	4
ENSG00000170074.19	FAM153A	chr5	177707981	177783398	4	4	4
ENSG00000249109.1	AC140125.2	chr5	177782197	177794396	4	4	4
ENSG00000248943.1	AC140125.1	chr5	177801204	177803344	4	4	4
ENSG00000170089.15	AC106795.1	chr5	177809407	177950732	4	4	4
ENSG00000214351.5	OR1X5P	chr5	177836434	177837646	4	4	4
ENSG00000249186.2	AC140125.3	chr5	177856262	177871227	4	4	4
ENSG00000250101.1	AC106795.3	chr5	177939622	177983054	4	4	4
ENSG00000249684.6	AC106795.2	chr5	177950335	177963960	4	4	4
ENSG00000280207.1	AC106795.5	chr5	177967004	177967457	4	4	4
ENSG00000249129.1	SUDS3P1	chr5	177971316	177972281	4	4	4
ENSG00000175325.2	PROP1	chr5	177992235	177996242	4	4	4
ENSG00000204677.13	FAM153CP	chr5	178006348	178086529	4	4	4
ENSG00000218227.3	AC136632.1	chr5	178055604	178056194	4	4	4
ENSG00000145911.6	N4BP3	chr5	178113532	178126081	4	4	4
ENSG00000145916.19	RMND5B	chr5	178130996	178150568	4	4	4
ENSG00000145912.9	NHP2	chr5	178149463	178153894	4	4	4
ENSG00000251211.1	AC136632.2	chr5	178165702	178166562	4	4	4
ENSG00000244234.3	GMCL2	chr5	178184505	178187371	4	4	4
ENSG00000197451.12	HNRNPAB	chr5	178204533	178211163	4	4	4
ENSG00000175309.15	PHYKPL	chr5	178208471	178232802	4	4	4
ENSG00000050767.17	COL23A1	chr5	178237618	178590393	4	4	4
ENSG00000271681.1	AC136601.2	chr5	178344843	178345316	4	4	4
ENSG00000253698.1	AC136601.1	chr5	178350867	178352250	4	4	4
ENSG00000242341.3	RN7SL646P	chr5	178377924	178378220	4	4	4
ENSG00000245688.1	AC008659.1	chr5	178438681	178443094	4	4	4
ENSG00000113240.13	CLK4	chr5	178602664	178630615	4	4	4
ENSG00000252464.1	RN7SKP70	chr5	178619728	178619998	4	4	4
ENSG00000286713.1	AC113348.3	chr5	178690804	178693681	4	4	4
ENSG00000285891.1	AC113348.1	chr5	178694605	178697695	4	4	4
ENSG00000285978.1	AC113348.2	chr5	178694605	178729335	4	4	4
ENSG00000169131.13	ZNF354A	chr5	178711512	178730659	4	4	4
ENSG00000250420.8	AACSP1	chr5	178764861	178818435	4	4	4
ENSG00000274813.1	AC126915.2	chr5	178825382	178825571	4	4	4
ENSG00000253725.1	AC126915.1	chr5	178840097	178841134	4	4	4
ENSG00000278441.1	AC126915.3	chr5	178842028	178842235	4	4	4
ENSG00000178338.11	ZNF354B	chr5	178859953	178888122	4	4	4
ENSG00000206624.1	RNU1-39P	chr5	178884715	178884879	4	4	4
ENSG00000198939.8	ZFP2	chr5	178895898	178933212	4	4	4
ENSG00000213328.3	AC104117.1	chr5	178909710	178910609	4	4	4
ENSG00000253869.1	PIGFP1	chr5	178922064	178922716	4	4	4
ENSG00000272431.1	AC104117.5	chr5	178938677	178939223	4	4	4
ENSG00000178187.8	ZNF454	chr5	178941191	178966433	4	4	4
ENSG00000254035.1	AC104117.3	chr5	178969390	178990116	4	4	4
ENSG00000113262.16	GRM6	chr5	178977587	178996206	4	4	4
ENSG00000254158.1	AC104117.4	chr5	178997969	178998815	4	4	4
ENSG00000234284.7	ZNF879	chr5	179023804	179035064	4	4	4
ENSG00000177932.7	ZNF354C	chr5	179060373	179083977	4	4	4
ENSG00000253144.1	AC104117.2	chr5	179082680	179083194	4	4	4
ENSG00000087116.16	ADAMTS2	chr5	179110853	179345461	4	4	4
ENSG00000253979.1	AC109479.3	chr5	179377505	179378865	4	4	4
ENSG00000253163.1	AC109479.1	chr5	179377531	179378761	4	4	4
ENSG00000253617.2	AC109479.2	chr5	179385819	179385992	4	4	4
ENSG00000250674.1	AC136628.1	chr5	179455415	179456095	4	4	4
ENSG00000274716.1	U4	chr5	179492076	179492157	4	4	4
ENSG00000253652.1	AC136628.4	chr5	179503322	179515579	4	4	4
ENSG00000251545.2	AC136628.2	chr5	179522457	179525074	4	4	4
ENSG00000253520.1	AC136628.3	chr5	179527224	179527513	4	4	4
ENSG00000176783.15	RUFY1	chr5	179550554	179610012	4	4	4
ENSG00000249140.1	PRDX2P3	chr5	179572156	179572741	4	4	4
ENSG00000244945.1	RUFY1-AS1	chr5	179595904	179603741	4	4	4
ENSG00000169045.17	HNRNPH1	chr5	179614178	179634784	4	4	4
ENSG00000273549.1	Metazoa_SRP	chr5	179629151	179629410	4	4	4
ENSG00000204661.9	C5orf60	chr5	179641544	179645046	4	4	4
ENSG00000228259.3	AC136604.1	chr5	179651284	179652457	4	4	4
ENSG00000250999.2	AC136604.2	chr5	179657762	179665136	4	4	4
ENSG00000204659.5	CBY3	chr5	179678560	179681034	4	4	4
ENSG00000127022.15	CANX	chr5	179678628	179731641	4	4	4
ENSG00000225051.5	HMGB3P22	chr5	179679032	179694768	4	4	4
ENSG00000161021.13	MAML1	chr5	179732822	179777283	4	4	4
ENSG00000213316.10	LTC4S	chr5	179793980	179796647	4	4	4
ENSG00000161013.17	MGAT4B	chr5	179797597	179806952	4	4	4
ENSG00000221394.1	MIR1229	chr5	179798278	179798346	4	4	4
ENSG00000161011.20	SQSTM1	chr5	179806398	179838078	4	4	4
ENSG00000161010.15	MRNIP	chr5	179835133	179862173	4	4	4
ENSG00000222448.1	RN7SKP150	chr5	179845832	179846152	4	4	4
ENSG00000252202.1	Y_RNA	chr5	179847035	179847130	4	4	4
ENSG00000245317.2	AC008393.1	chr5	179859013	179861283	4	4	4
ENSG00000197226.13	TBC1D9B	chr5	179862066	179907897	4	4	4
ENSG00000113269.14	RNF130	chr5	179911651	180072113	4	4	4
ENSG00000242979.1	RPS15AP18	chr5	179933805	179934196	4	4	4
ENSG00000249876.1	AC010285.2	chr5	179939457	179940132	4	4	4
ENSG00000249412.1	AC010285.1	chr5	179963615	179964419	4	4	4
ENSG00000285865.1	AC010285.3	chr5	179974584	179980186	4	4	4
ENSG00000198995.3	MIR340	chr5	180015303	180015397	4	4	4
ENSG00000278965.1	AC122713.2	chr5	180078357	180081691	4	4	4
ENSG00000253480.1	AC122713.1	chr5	180085717	180087038	4	4	4
ENSG00000146090.16	RASGEF1C	chr5	180100795	180209211	4	4	4
ENSG00000229721.3	AC104115.1	chr5	180226378	180227000	4	4	4
ENSG00000050748.18	MAPK9	chr5	180233143	180292099	4	4	4
ENSG00000253908.1	AC104115.2	chr5	180257680	180258366	4	4	4
ENSG00000248367.1	AC008610.1	chr5	180293245	180295253	4	4	4
ENSG00000131459.13	GFPT2	chr5	180300698	180353336	4	4	4
ENSG00000250509.2	AC034213.1	chr5	180416949	180443240	4	4	4
ENSG00000200555.1	RNU6-525P	chr5	180444509	180444612	4	4	4
ENSG00000113300.13	CNOT6	chr5	180494379	180578358	4	4	4
ENSG00000250749.1	AC122714.1	chr5	180534184	180534642	4	4	4
ENSG00000161055.4	SCGB3A1	chr5	180590105	180591499	4	4	4
ENSG00000037280.16	FLT4	chr5	180601506	180649624	4	4	4
ENSG00000251352.1	AC122714.2	chr5	180671892	180672598	4	4	4
ENSG00000248717.1	LINC02222	chr5	180684766	180686546	4	4	4
ENSG00000236791.2	OR2AI1P	chr5	180692832	180693763	4	4	4
ENSG00000199892.2	RNU1-17P	chr5	180729586	180729737	4	4	4
ENSG00000174339.2	OR2Y1	chr5	180739042	180740099	4	4	4
ENSG00000131446.17	MGAT1	chr5	180784780	180815652	4	4	4
ENSG00000280161.1	AC022413.1	chr5	180810401	180811384	4	4	4
ENSG00000278970.2	HEIH	chr5	180826871	180831605	4	4	4
ENSG00000245060.8	LINC00847	chr5	180830326	180839742	4	4	4
ENSG00000286128.1	AC022413.2	chr5	180833928	180835726	4	4	4
ENSG00000196670.14	ZFP62	chr5	180847611	180861285	4	4	4
ENSG00000113303.12	BTNL8	chr5	180899077	180950906	4	4	4
ENSG00000222852.1	Y_RNA	chr5	180909838	180909927	4	4	4
ENSG00000243664.1	RPS29P12	chr5	180945756	180945907			
ENSG00000249287.1	AC091874.2	chr5	180967189	180970762			
ENSG00000248761.1	AC091874.1	chr5	180967848	180968567			
ENSG00000231228.4	ARPP19P1	chr5	180982273	180982611			
ENSG00000168903.9	BTNL3	chr5	180988846	181006727			
ENSG00000206686.1	RNU6-1036P	chr5	181007281	181007384			
ENSG00000165810.17	BTNL9	chr5	181040225	181061521			
ENSG00000277912.1	MIR8089	chr5	181043403	181043484			
ENSG00000241870.1	AC008620.1	chr5	181065086	181065677			
ENSG00000214295.4	FOXO1B	chr5	181099140	181100666			
ENSG00000248560.1	AC008620.2	chr5	181114106	181115674			
ENSG00000185372.3	OR2V1	chr5	181123122	181131169			
ENSG00000182613.3	OR2V2	chr5	181147586	181159285			
ENSG00000248473.2	LINC01962	chr5	181178821	181191852			
ENSG00000250222.2	AC008443.4	chr5	181191875	181194429			
ENSG00000146054.18	TRIM7	chr5	181193924	181205293			
ENSG00000250900.6	TRIM7-AS1	chr5	181195496	181203103			
ENSG00000248514.1	AC008443.3	chr5	181205361	181206120			
ENSG00000286644.1	AC008443.7	chr5	181207480	181217864			
ENSG00000146063.20	TRIM41	chr5	181222499	181235808			
ENSG00000264732.1	MIR4638	chr5	181222566	181222633			
ENSG00000247049.2	AC008443.1	chr5	181224646	181230685			
ENSG00000204628.12	RACK1	chr5	181236897	181248096			
ENSG00000272296.1	SNORD96A	chr5	181241814	181241892			
ENSG00000264549.1	SNORD95	chr5	181243312	181243379			
ENSG00000233937.7	CTC-338M12.4	chr5	181246507	181272167			
ENSG00000183718.5	TRIM52	chr5	181254417	181261139			
ENSG00000248275.2	TRIM52-AS1	chr5	181261169	181272307			
ENSG00000286310.1	AC008443.6	chr5	181276848	181277555			
ENSG00000248103.1	AC008443.2	chr5	181281375	181283652			
ENSG00000274525.1	AC008443.5	chr5	181291673	181295572			
ENSG00000222533.1	RNU6-705P	chr5	181301967	181302070			
ENSG00000238035.8	AC138035.1	chr5	181306502	181324685			
ENSG00000274553.1	AC138035.3	chr5	181329049	181331839			
ENSG00000250765.6	AC138035.2	chr5	181329241	181342213			
ENSG00000230178.1	OR4F3	chr5	181367268	181368262			
ENSG00000251035.1	WBP1LP4	chr5	181378695	181379038			
ENSG00000213285.4	RPL23AP45	chr5	181471963	181472430			
ENSG00000271530.1	WBP1LP12	chr6	95124	95454			
ENSG00000220212.1	OR4F1P	chr6	105919	106856			
ENSG00000217929.4	CICP18	chr6	131910	145083			
ENSG00000218577.1	AL035696.2	chr6	167607	170631			
ENSG00000263667.3	AL035696.3	chr6	181466	205519			
ENSG00000285578.1	AL035696.4	chr6	184339	186899			
ENSG00000205653.2	AL035696.1	chr6	203313	206392			
ENSG00000287265.1	AL365272.1	chr6	285443	292013			
ENSG00000112679.14	DUSP22	chr6	291630	351355			
ENSG00000137265.15	IRF4	chr6	391752	411443			
ENSG00000286364.1	AL512308.1	chr6	453391	477829			
ENSG00000112685.14	EXOC2	chr6	485154	693139			
ENSG00000230433.1	AL031770.1	chr6	524171	525581			
ENSG00000188996.4	HUS1B	chr6	655939	656963			
ENSG00000219712.1	AL357054.1	chr6	669081	670307			
ENSG00000271727.2	AL357054.2	chr6	692530	796781			
ENSG00000272463.1	AL357054.4	chr6	708592	711405			
ENSG00000287293.1	AL357054.5	chr6	729128	760936			
ENSG00000271911.1	AL357054.3	chr6	761675	780648			
ENSG00000272485.1	AL392183.1	chr6	774747	780214			
ENSG00000276687.1	AL356130.1	chr6	905445	909006			
ENSG00000286785.1	LINC01622	chr6	958323	1101400	4	4	4
ENSG00000270937.1	AL033381.2	chr6	1026494	1027225	4	4	4
ENSG00000176515.1	AL033381.1	chr6	1079929	1104946	4	4	4
ENSG00000286324.1	AL033381.3	chr6	1111367	1114329	4	4	4
ENSG00000164379.7	FOXQ1	chr6	1312098	1314758	4	4	4
ENSG00000281809.1	LINC01394	chr6	1321698	1324022	4	4	4
ENSG00000261730.1	AL034346.1	chr6	1383790	1385066	4	4	4
ENSG00000137273.6	FOXF2	chr6	1389576	1395603	4	4	4
ENSG00000275859.1	MIR6720	chr6	1390314	1390411	4	4	4
ENSG00000243439.3	RN7SL352P	chr6	1507322	1507598	4	4	4
ENSG00000218027.2	AL512329.1	chr6	1513698	1515289	4	4	4
ENSG00000272279.1	AL512329.2	chr6	1528364	1528911	4	4	4
ENSG00000280916.2	FOXCUT	chr6	1601654	1607354	4	4	4
ENSG00000054598.9	FOXC1	chr6	1609915	1613897	4	4	4
ENSG00000112699.11	GMDS	chr6	1623806	2245605	4	4	4
ENSG00000285603.1	AL035693.1	chr6	2227803	2230261	4	4	4
ENSG00000250903.9	GMDS-DT	chr6	2245718	2525976	4	4	4
ENSG00000236086.4	HMGN2P28	chr6	2341450	2341711	4	4	4
ENSG00000286512.1	AL031768.2	chr6	2353427	2386110	4	4	4
ENSG00000272465.1	AL031768.1	chr6	2437549	2438249	4	4	4
ENSG00000287903.1	AL359852.2	chr6	2503797	2528665	4	4	4
ENSG00000280423.1	AL359852.1	chr6	2561947	2564143	4	4	4
ENSG00000228718.2	LINC02521	chr6	2617144	2640001	4	4	4
ENSG00000164385.9	LINC01600	chr6	2621913	2634619	4	4	4
ENSG00000145949.11	MYLK4	chr6	2663629	2750922	4	4	4
ENSG00000124535.16	WRNIP1	chr6	2765393	2786952	4	4	4
ENSG00000021355.13	SERPINB1	chr6	2832332	2841959	4	4	4
ENSG00000230438.7	SERPINB9P1	chr6	2851230	2881407	4	4	4
ENSG00000266750.1	MIR4645	chr6	2854031	2854107	4	4	4
ENSG00000170542.6	SERPINB9	chr6	2887270	2903309	4	4	4
ENSG00000232999.1	AL133351.2	chr6	2910613	2912113	4	4	4
ENSG00000228365.1	AL133351.1	chr6	2916894	2917733	4	4	4
ENSG00000124570.21	SERPINB6	chr6	2948159	2972165	4	4	4
ENSG00000244041.7	LINC01011	chr6	2987967	2991173	4	4	4
ENSG00000124588.21	NQO2	chr6	2987987	3021850	4	4	4
ENSG00000224846.3	NQO2-AS1	chr6	2989335	2999604	4	4	4
ENSG00000271361.1	HTATSF1P2	chr6	3023142	3023772	4	4	4
ENSG00000288612.1	AL133351.4	chr6	3023472	3027426	4	4	4
ENSG00000274855.1	AL133351.3	chr6	3033183	3033288	4	4	4
ENSG00000232654.1	FAM136BP	chr6	3045384	3045800	4	4	4
ENSG00000217707.2	SERPINB8P1	chr6	3048835	3049211	4	4	4
ENSG00000229282.2	AL031963.2	chr6	3055849	3057357	4	4	4
ENSG00000137275.15	RIPK1	chr6	3063824	3115187	4	4	4
ENSG00000272277.1	AL031963.3	chr6	3068045	3068894	4	4	4
ENSG00000222248.1	RNA5SP201	chr6	3088686	3088809	4	4	4
ENSG00000137274.13	BPHL	chr6	3118374	3153578	4	4	4
ENSG00000228170.1	AL031963.1	chr6	3138394	3153062	4	4	4
ENSG00000137267.6	TUBB2A	chr6	3153666	3157544	4	4	4
ENSG00000216819.1	TUBB2BP1	chr6	3177044	3179764	4	4	4
ENSG00000230269.7	LINC02525	chr6	3182626	3195784	4	4	4
ENSG00000137285.10	TUBB2B	chr6	3224277	3231730	4	4	4
ENSG00000180822.12	PSMG4	chr6	3231403	3303373	4	4	4
ENSG00000137266.15	SLC22A23	chr6	3268962	3457050	4	4	4
ENSG00000272320.1	AL445309.1	chr6	3311662	3313650	4	4	4
ENSG00000228793.2	AL033523.1	chr6	3585101	3720081	4	4	4
ENSG00000270477.1	AL033523.2	chr6	3693923	3694075	4	4	4
ENSG00000168994.14	PXDC1	chr6	3722614	3751713	4	4	4
ENSG00000270504.1	AL391422.4	chr6	3751111	3753871	4	4	4
ENSG00000219992.2	AL391422.1	chr6	3754099	3754840	4	4	4
ENSG00000238158.6	AL391422.3	chr6	3831933	3855737	4	4	4
ENSG00000233068.3	AL391422.2	chr6	3831936	3894292	4	4	4
ENSG00000145945.7	FAM50B	chr6	3849373	3851320	4	4	4
ENSG00000260604.2	AL590004.3	chr6	3904920	3911979	4	4	4
ENSG00000218472.2	AL590004.2	chr6	3913922	3914292	4	4	4
ENSG00000217135.2	AL590004.1	chr6	3921847	3922146	4	4	4
ENSG00000217566.2	TDGF1P4	chr6	3941282	3941801	4	4	4
ENSG00000216657.1	GLRX3P2	chr6	3978062	3979099	4	4	4
ENSG00000279926.1	AL138831.3	chr6	3982673	3984130	4	4	4
ENSG00000272248.1	AL138831.2	chr6	4018713	4019202	4	4	4
ENSG00000230648.1	AL138831.1	chr6	4018843	4021215	4	4	4
ENSG00000112739.17	PRPF4B	chr6	4021267	4064983	4	4	4
ENSG00000145975.15	FAM217A	chr6	4049434	4087344	4	4	4
ENSG00000185689.16	C6orf201	chr6	4079206	4130951	4	4	4
ENSG00000198721.13	ECI2	chr6	4115693	4135597	4	4	4
ENSG00000254821.1	AL136309.3	chr6	4135423	4146053	4	4	4
ENSG00000234817.2	ECI2-DT	chr6	4136072	4157385	4	4	4
ENSG00000237716.2	AL136309.2	chr6	4185479	4188950	4	4	4
ENSG00000216307.2	AL136309.1	chr6	4189116	4189806	4	4	4
ENSG00000285424.1	AL162718.1	chr6	4304942	4583871	4	4	4
ENSG00000231811.3	AL159166.1	chr6	4341756	4347162	4	4	4
ENSG00000287761.1	AL162718.3	chr6	4381211	4383597	4	4	4
ENSG00000201185.1	RNA5SP202	chr6	4427963	4428081	4	4	4
ENSG00000285694.1	AL162718.2	chr6	4449392	4468181	4	4	4
ENSG00000260239.2	LINC02533	chr6	4488798	4495769	4	4	4
ENSG00000270695.1	AL133393.1	chr6	4529722	4530008	4	4	4
ENSG00000260673.1	AL034376.1	chr6	4599287	4602420	4	4	4
ENSG00000205444.3	KU-MEL-3	chr6	4610612	4611919	4	4	4
ENSG00000217385.1	PSMC1P11	chr6	4702463	4703779	4	4	4
ENSG00000153046.18	CDYL	chr6	4706159	4955551	4	4	4
ENSG00000284823.1	AL356747.1	chr6	4714098	4724885	4	4	4
ENSG00000236336.1	CDYL-AS1	chr6	4774526	4775408	4	4	4
ENSG00000217030.1	AL359643.1	chr6	4979072	4979494	4	4	4
ENSG00000124787.14	RPP40	chr6	4994717	5004063	4	4	4
ENSG00000272142.4	LYRM4-AS1	chr6	5003774	5045666	4	4	4
ENSG00000271978.1	AL359643.2	chr6	5031756	5054423	4	4	4
ENSG00000220685.3	AL139094.1	chr6	5065795	5066982	4	4	4
ENSG00000288548.1	AL035653.1	chr6	5072601	5080946	4	4	4
ENSG00000219607.4	PPP1R3G	chr6	5085341	5089487	4	4	4
ENSG00000214113.11	LYRM4	chr6	5103629	5260950	4	4	4
ENSG00000265083.1	MIR3691	chr6	5148233	5148322	4	4	4
ENSG00000145982.13	FARS2	chr6	5261044	5829192	4	4	4
ENSG00000220446.2	AL121978.1	chr6	5291030	5291388	4	4	4
ENSG00000269985.1	AL021328.1	chr6	5451683	5458075	4	4	4
ENSG00000218574.1	HNRNPA1P37	chr6	5609227	5610195	4	4	4
ENSG00000270174.1	AL022097.1	chr6	5664985	5695272	4	4	4
ENSG00000217239.3	AL136968.2	chr6	5788346	5788699	4	4	4
ENSG00000216360.1	AL136968.1	chr6	5817421	5818366	4	4	4
ENSG00000233064.2	AL136307.1	chr6	5851506	5870220	4	4	4
ENSG00000239472.3	RN7SL221P	chr6	5918564	5918844	4	4	4
ENSG00000215057.4	PKMP5	chr6	5972412	5974012	4	4	4
ENSG00000124785.9	NRN1	chr6	5997999	6007605	4	4	4
ENSG00000124491.16	F13A1	chr6	6144084	6321013	4	4	4
ENSG00000263572.2	MIR7853	chr6	6169304	6169435	4	4	4
ENSG00000283616.1	MIR5683	chr6	6169334	6169409	4	4	4
ENSG00000216863.10	LY86-AS1	chr6	6346465	6622771	4	4	4
ENSG00000241216.1	SNAPC5P1	chr6	6347081	6347381	4	4	4
ENSG00000285717.1	AL162719.1	chr6	6450356	6507443	4	4	4
ENSG00000218868.1	CNN3P1	chr6	6534697	6535631	4	4	4
ENSG00000112799.9	LY86	chr6	6588108	6654983	4	4	4
ENSG00000261211.1	AL031123.2	chr6	6680309	6683633	4	4	4
ENSG00000279368.1	AL031123.3	chr6	6685148	6686984	4	4	4
ENSG00000226281.4	AL031123.1	chr6	6692741	6739030	4	4	4
ENSG00000287497.1	AL031123.4	chr6	6710891	6713970	4	4	4
ENSG00000288046.1	AL031123.5	chr6	6725036	6733191	4	4	4
ENSG00000224532.2	AL136361.1	chr6	6758276	6759291	4	4	4
ENSG00000219986.2	BTF3P7	chr6	6794915	6795402	4	4	4
ENSG00000223342.2	AL158817.1	chr6	6901022	6918715	4	4	4
ENSG00000240936.3	RN7SL554P	chr6	6938606	6938897	4	4	4
ENSG00000203498.3	AL139390.1	chr6	6993191	6995727	4	4	4
ENSG00000124782.20	RREB1	chr6	7107597	7251980	4	4	4
ENSG00000225092.2	AL355336.1	chr6	7183083	7185287	4	4	4
ENSG00000201483.1	Y_RNA	chr6	7187582	7187686	4	4	4
ENSG00000287002.1	AL589644.1	chr6	7232556	7232678	4	4	4
ENSG00000285771.1	AL139095.5	chr6	7258910	7261993	4	4	4
ENSG00000124783.14	SSR1	chr6	7268306	7347446	4	4	4
ENSG00000238221.1	AL139095.4	chr6	7276031	7298872	4	4	4
ENSG00000164304.16	CAGE1	chr6	7326656	7389742	4	4	4
ENSG00000219375.1	AL139095.1	chr6	7331286	7331676	4	4	4
ENSG00000220472.1	AL139095.2	chr6	7338839	7339568	4	4	4
ENSG00000230570.1	AL139095.3	chr6	7340854	7342056	4	4	4
ENSG00000124784.9	RIOK1	chr6	7389793	7418037	4	4	4
ENSG00000233503.1	HNRNPLP1	chr6	7481094	7482594	4	4	4
ENSG00000219993.1	AL138878.1	chr6	7506203	7506549	4	4	4
ENSG00000234115.2	AL138878.2	chr6	7516600	7517840	4	4	4
ENSG00000261189.1	AL031058.1	chr6	7540451	7541338	4	4	4
ENSG00000096696.14	DSP	chr6	7541617	7586714	4	4	4
ENSG00000168566.13	SNRNP48	chr6	7590198	7611967	4	4	4
ENSG00000236512.1	AL390026.1	chr6	7620422	7620878	4	4	4
ENSG00000153162.9	BMP6	chr6	7726099	7881728	4	4	4
ENSG00000239264.9	TXNDC5	chr6	7881517	7910788	4	4	4
ENSG00000259040.5	BLOC1S5-TXNDC5	chr6	7881522	8064364	4	4	4
ENSG00000217746.1	AL096800.1	chr6	7938430	7939322	4	4	4
ENSG00000219294.6	PIP5K1P1	chr6	7986537	7988192	4	4	4
ENSG00000188428.20	BLOC1S5	chr6	8013567	8064396	4	4	4
ENSG00000265818.1	EEF1E1-BLOC1S5	chr6	8015726	8102530	4	4	4
ENSG00000124802.12	EEF1E1	chr6	8073360	8102559	4	4	4
ENSG00000232234.4	AL355499.1	chr6	8102711	8343139	4	4	4
ENSG00000285216.1	AL355499.2	chr6	8158162	8760447	4	4	4
ENSG00000234763.3	AL359378.1	chr6	8341937	8389183	4	4	4
ENSG00000124786.12	SLC35B3	chr6	8411435	8435561	4	4	4
ENSG00000285219.2	HULC	chr6	8435568	9294133	4	4	4
ENSG00000276019.1	AL161437.1	chr6	8653558	8653797	4	4	4
ENSG00000225775.1	AL137220.1	chr6	9124221	9161777	4	4	4
ENSG00000181355.21	OFCC1	chr6	9596110	10211608	4	4	4
ENSG00000216368.2	AL136226.1	chr6	10118452	10119253	4	4	4
ENSG00000229765.2	AL354868.1	chr6	10213881	10214362	4	4	4
ENSG00000221583.1	RNU6ATAC21P	chr6	10222036	10222161	4	4	4
ENSG00000216781.2	AL138885.1	chr6	10365593	10366582	4	4	4
ENSG00000137203.15	TFAP2A	chr6	10393186	10419659	4	4	4
ENSG00000285278.1	TFAP2A-AS2	chr6	10404502	10407928	4	4	4
ENSG00000229950.1	TFAP2A-AS1	chr6	10409340	10416446	4	4	4
ENSG00000228478.1	AL138885.2	chr6	10423140	10426176	4	4	4
ENSG00000285759.1	AL138885.3	chr6	10426623	10429110	4	4	4
ENSG00000183674.12	LINC00518	chr6	10429255	10435015	4	4	4
ENSG00000229401.1	MIR5689HG	chr6	10434316	10456781	4	4	4
ENSG00000263705.1	MIR5689	chr6	10439717	10439794	4	4	4
ENSG00000238076.1	MRPL48P1	chr6	10459906	10460541	4	4	4
ENSG00000231056.1	LINC02522	chr6	10474500	10478502	4	4	4
ENSG00000111846.19	GCNT2	chr6	10492223	10629368	4	4	4
ENSG00000237685.1	AL139039.3	chr6	10511036	10514546	4	4	4
ENSG00000216359.1	AL139039.1	chr6	10514282	10514973	4	4	4
ENSG00000217181.1	AL139039.2	chr6	10574749	10575227	4	4	4
ENSG00000205318.5	GCNT2P1	chr6	10633762	10634695	4	4	4
ENSG00000285763.1	AL358777.3	chr6	10659498	10692860	4	4	4
ENSG00000137434.11	C6orf52	chr6	10671418	10694797	4	4	4
ENSG00000201048.1	Y_RNA	chr6	10674658	10674768	4	4	4
ENSG00000111845.5	PAK1IP1	chr6	10694972	10709782	4	4	4
ENSG00000111843.14	TMEM14C	chr6	10722915	10731129	4	4	4
ENSG00000272097.2	AL024498.1	chr6	10743324	10747663	4	4	4
ENSG00000137210.14	TMEM14B	chr6	10747759	10852753	4	4	4
ENSG00000272162.1	AL024498.2	chr6	10747794	10930423	4	4	4
ENSG00000222383.1	RNA5SP203	chr6	10752791	10752926	4	4	4
ENSG00000111837.12	MAK	chr6	10762723	10838553	4	4	4
ENSG00000124827.7	GCM2	chr6	10873223	10882041	4	4	4
ENSG00000235051.3	AL357497.1	chr6	10881780	10884349	4	4	4
ENSG00000153157.13	SYCP2L	chr6	10886831	10979320	4	4	4
ENSG00000197977.4	ELOVL2	chr6	10980759	11044305	4	4	4
ENSG00000274541.1	AL121955.1	chr6	11015586	11015888	4	4	4
ENSG00000230314.7	ELOVL2-AS1	chr6	11043482	11079154	4	4	4
ENSG00000224531.6	SMIM13	chr6	11093834	11138733	4	4	4
ENSG00000244476.3	ERVFRD-1	chr6	11102489	11111725	4	4	4
ENSG00000271245.1	AL136139.1	chr6	11154929	11155150	4	4	4
ENSG00000247925.2	AL139807.1	chr6	11173452	11259099	4	4	4
ENSG00000111859.17	NEDD9	chr6	11183298	11382348	4	4	4
ENSG00000287920.1	AL022098.1	chr6	11291299	11296224	4	4	4
ENSG00000242753.2	AL445430.2	chr6	11414636	11515710	4	4	4
ENSG00000233656.2	AL445430.1	chr6	11417207	11481324	4	4	4
ENSG00000202313.1	RNU1-64P	chr6	11503509	11503671	4	4	4
ENSG00000218020.3	THAP12P5	chr6	11514192	11516466	4	4	4
ENSG00000205269.6	TMEM170B	chr6	11537749	11583524	4	4	4
ENSG00000271897.1	AL357518.1	chr6	11607552	11607981	4	4	4
ENSG00000277473.1	Metazoa_SRP	chr6	11644067	11644343	4	4	4
ENSG00000207419.1	AL022724.1	chr6	11709819	11709960	4	4	4
ENSG00000111863.13	ADTRP	chr6	11712054	11807046	4	4	4
ENSG00000287593.1	AL022724.3	chr6	11722547	11731923	4	4	4
ENSG00000234427.1	AL022724.2	chr6	11810602	11811248	4	4	4
ENSG00000215124.2	AMD1P4	chr6	11861626	11862970	4	4	4
ENSG00000225102.2	AL157373.1	chr6	11990338	12001286	4	4	4
ENSG00000229896.2	AL157373.2	chr6	12007670	12008856	4	4	4
ENSG00000095951.17	HIVEP1	chr6	12008762	12164999	4	4	4
ENSG00000078401.7	EDN1	chr6	12290361	12297194	4	4	4
ENSG00000218893.1	SUMO2P12	chr6	12319453	12319592	4	4	4
ENSG00000223321.1	RN7SKP293	chr6	12406486	12406781	4	4	4
ENSG00000212802.4	RPL15P3	chr6	12514110	12514724	4	4	4
ENSG00000234015.1	LINC02530	chr6	12582915	12585404	4	4	4
ENSG00000112137.18	PHACTR1	chr6	12716554	13287843	4	4	4
ENSG00000206702.1	RNU1-11P	chr6	13214056	13214219	4	4	4
ENSG00000215022.7	AL008729.1	chr6	13264861	13295586	4	4	4
ENSG00000145979.18	TBC1D7	chr6	13266542	13328583	4	4	4
ENSG00000272379.1	AL008729.2	chr6	13290018	13290490	4	4	4
ENSG00000145990.11	GFOD1	chr6	13357830	13487662	4	4	4
ENSG00000237786.1	GFOD1-AS1	chr6	13486294	13486852	4	4	4
ENSG00000218265.1	RPS4XP7	chr6	13521266	13522045	4	4	4
ENSG00000202351.1	RN7SKP204	chr6	13547704	13548013	4	4	4
ENSG00000124523.16	SIRT5	chr6	13574529	13615158	4	4	4
ENSG00000261071.1	AL441883.1	chr6	13614111	13615155	4	4	4
ENSG00000225921.7	NOL7	chr6	13615335	13632739	4	4	4
ENSG00000010017.13	RANBP9	chr6	13621498	13711835	4	4	4
ENSG00000286316.1	Z93020.1	chr6	13671720	13678908	4	4	4
ENSG00000050393.11	MCUR1	chr6	13786557	13814568	4	4	4
ENSG00000272209.1	AL023583.1	chr6	13825432	13826574	4	4	4
ENSG00000180537.13	RNF182	chr6	13924446	13980310	4	4	4
ENSG00000220868.2	MRPL35P1	chr6	13949095	13949666	4	4	4
ENSG00000233981.1	AL022396.1	chr6	14004920	14006901	4	4	4
ENSG00000112149.10	CD83	chr6	14117256	14136918	4	4	4
ENSG00000285639.1	AL133259.1	chr6	14152196	14211186	4	4	4
ENSG00000238987.1	RNU7-133P	chr6	14156462	14156523	4	4	4
ENSG00000286281.1	AL353152.2	chr6	14210293	14214374	4	4	4
ENSG00000230631.1	AL353152.1	chr6	14229775	14231570	4	4	4
ENSG00000226673.2	LINC01108	chr6	14280127	14285454	4	4	4
ENSG00000237346.2	AL080313.2	chr6	14391094	14393929	4	4	4
ENSG00000234540.1	AL080313.1	chr6	14394326	14404289	4	4	4
ENSG00000286277.1	AL009177.1	chr6	14431683	14502701	4	4	4
ENSG00000229646.2	AL109914.1	chr6	14597514	14599690	4	4	4
ENSG00000206960.1	RNU6-793P	chr6	14646535	14646638	4	4	4
ENSG00000234261.4	AL138720.1	chr6	14661829	15090170	4	4	4
ENSG00000216754.2	AL050335.1	chr6	15102946	15104130	4	4	4
ENSG00000242989.3	RN7SL332P	chr6	15112968	15113221	4	4	4
ENSG00000271888.1	AL136162.1	chr6	15243923	15245000	4	4	4
ENSG00000008083.14	JARID2	chr6	15246069	15522042	4	4	4
ENSG00000235488.1	JARID2-AS1	chr6	15247815	15248634	4	4	4
ENSG00000201367.1	RNU6-522P	chr6	15314920	15315026	4	4	4
ENSG00000201519.1	RNU6-645P	chr6	15324367	15324472	4	4	4
ENSG00000277411.1	5S_rRNA	chr6	15522195	15522300	4	4	4
ENSG00000047579.20	DTNBP1	chr6	15522807	15663058	4	4	4
ENSG00000287626.1	AL021978.1	chr6	15555780	15559980	4	4	4
ENSG00000214027.3	ARPC3P5	chr6	15934782	15935315	4	4	4
ENSG00000232947.1	LINC02543	chr6	15994944	15999797	4	4	4
ENSG00000274212.1	AL365265.1	chr6	16041381	16041614	4	4	4
ENSG00000217585.1	MDH1P2	chr6	16107622	16108593	4	4	4
ENSG00000007944.15	MYLIP	chr6	16129086	16148248	4	4	4
ENSG00000263712.1	MIR4639	chr6	16141556	16141624	4	4	4
ENSG00000218073.1	AL021407.2	chr6	16160926	16161411	4	4	4
ENSG00000217078.1	AL021407.1	chr6	16163377	16163762	4	4	4
ENSG00000216364.1	MRPL42P2	chr6	16171606	16172031	4	4	4
ENSG00000251831.1	RNU6-1114P	chr6	16205014	16205120	4	4	4
ENSG00000207193.1	Y_RNA	chr6	16232231	16232330	4	4	4
ENSG00000137198.10	GMPR	chr6	16238587	16295549	4	4	4
ENSG00000282024.1	AL009031.1	chr6	16259101	16264553	4	4	4
ENSG00000124788.19	ATXN1	chr6	16299112	16761491	4	4	4
ENSG00000229931.1	ATXN1-AS1	chr6	16761138	16762652	4	4	4
ENSG00000272341.1	AL137003.1	chr6	16764346	16766883	4	4	4
ENSG00000287347.1	AL133405.2	chr6	16901104	16952699	4	4	4
ENSG00000286631.1	AL133405.1	chr6	17015817	17034396	4	4	4
ENSG00000287359.1	AL138740.1	chr6	17092714	17108156	4	4	4
ENSG00000230873.9	STMND1	chr6	17102050	17131378	4	4	4
ENSG00000287559.1	AL136305.1	chr6	17224243	17281424	4	4	4
ENSG00000112183.15	RBM24	chr6	17281361	17293871	4	4	4
ENSG00000219314.1	AL034372.1	chr6	17381367	17382120	4	4	4
ENSG00000112186.12	CAP2	chr6	17393505	17557790	4	4	4
ENSG00000184612.8	RPL7P26	chr6	17530899	17531652	4	4	4
ENSG00000218359.1	SUMO2P13	chr6	17582034	17582305	4	4	4
ENSG00000286885.1	AL138824.1	chr6	17586899	17600191	4	4	4
ENSG00000137414.6	FAM8A1	chr6	17600302	17611715	4	4	4
ENSG00000124789.12	NUP153	chr6	17615035	17706925	4	4	4
ENSG00000206881.1	RNU6-190P	chr6	17619533	17619634	4	4	4
ENSG00000272269.1	AL138724.1	chr6	17706257	17707344	4	4	4
ENSG00000201415.1	RNA5SP204	chr6	17721786	17721903	4	4	4
ENSG00000201442.2	Y_RNA	chr6	17737458	17737556	4	4	4
ENSG00000137177.20	KIF13A	chr6	17759183	17987635	4	4	4
ENSG00000220920.1	AL023807.1	chr6	17953572	17953930	4	4	4
ENSG00000187566.6	NHLRC1	chr6	18120440	18122677	4	4	4
ENSG00000137364.5	TPMT	chr6	18128311	18155077	4	4	4
ENSG00000165097.16	KDM1B	chr6	18155329	18223854	4	4	4
ENSG00000124795.17	DEK	chr6	18223860	18264548	4	4	4
ENSG00000199715.1	Y_RNA	chr6	18273165	18273266	4	4	4
ENSG00000278102.1	AL138825.1	chr6	18304854	18305045	4	4	4
ENSG00000200681.1	RNU6-263P	chr6	18306973	18307079	4	4	4
ENSG00000217414.2	DDX18P3	chr6	18363417	18365423	4	4	4
ENSG00000218976.2	IMPDH1P9	chr6	18366736	18368644	4	4	4
ENSG00000137393.10	RNF144B	chr6	18387350	18468870	4	4	4
ENSG00000283408.2	MIR548A1HG	chr6	18522735	18674001	4	4	4
ENSG00000207775.1	MIR548A1	chr6	18571784	18571880	4	4	4
ENSG00000217379.2	AL589647.1	chr6	19143695	19144160	4	4	4
ENSG00000231662.1	AL357052.1	chr6	19290319	19321021	4	4	4
ENSG00000228412.9	LNC-LBCS	chr6	19323428	19839080	4	4	4
ENSG00000218643.2	RPL5P20	chr6	19348181	19349076	4	4	4
ENSG00000201523.1	RNA5SP205	chr6	19438283	19438418	4	4	4
ENSG00000214012.4	KRT18P38	chr6	19612755	19614036	4	4	4
ENSG00000217314.2	UQCRFS1P3	chr6	19638040	19638808	4	4	4
ENSG00000200957.1	RNU6-801P	chr6	19642425	19642529	4	4	4
ENSG00000172201.12	ID4	chr6	19837370	19842197	4	4	4
ENSG00000287138.1	AL022726.1	chr6	19892397	19894214	4	4	4
ENSG00000229700.1	AL008627.1	chr6	20042455	20042940	4	4	4
ENSG00000172197.11	MBOAT1	chr6	20099684	20212469	4	4	4
ENSG00000227803.2	AL158198.1	chr6	20212087	20317739	4	4	4
ENSG00000287614.1	AL158198.2	chr6	20265720	20307200	4	4	4
ENSG00000286590.1	AL132775.1	chr6	20321461	20333193	4	4	4
ENSG00000287483.1	AL132775.2	chr6	20329922	20334411	4	4	4
ENSG00000112242.15	E2F3	chr6	20401879	20493714	4	4	4
ENSG00000240869.3	RN7SL128P	chr6	20421583	20421887	4	4	4
ENSG00000224707.1	E2F3-IT1	chr6	20437821	20440178	4	4	4
ENSG00000222431.1	RNU6-141P	chr6	20452369	20452473	4	4	4
ENSG00000201683.1	Y_RNA	chr6	20500175	20500276	4	4	4
ENSG00000145996.11	CDKAL1	chr6	20534457	21232404	4	4	4
ENSG00000225832.1	AL035090.1	chr6	20722328	20723655	4	4	4
ENSG00000233848.1	AL513188.1	chr6	20756103	20800694	4	4	4
ENSG00000252046.1	RNU6-150P	chr6	20993474	20993568	4	4	4
ENSG00000287404.1	AL451080.1	chr6	21233168	21271132	4	4	4
ENSG00000227089.2	AL031767.1	chr6	21354411	21355296	4	4	4
ENSG00000286368.1	AL031767.2	chr6	21369690	21383200	4	4	4
ENSG00000280989.2	LINC00581	chr6	21485896	21521414	4	4	4
ENSG00000231754.2	AL512380.1	chr6	21521678	21523783	4	4	4
ENSG00000283480.1	AL512380.2	chr6	21528739	21595593	4	4	4
ENSG00000124766.7	SOX4	chr6	21593751	21598619	4	4	4
ENSG00000220771.2	BOLA2P3	chr6	21602128	21602383	4	4	4
ENSG00000272168.8	CASC15	chr6	21664185	22654455	4	4	4
ENSG00000280443.1	AL136313.1	chr6	21822536	21822737	4	4	4
ENSG00000222515.1	RN7SKP240	chr6	22085544	22085918	4	4	4
ENSG00000260455.2	NBAT1	chr6	22133205	22147193	4	4	4
ENSG00000219404.2	AL359694.1	chr6	22213306	22214237	4	4	4
ENSG00000172179.12	PRL	chr6	22287244	22302826	4	4	4
ENSG00000112273.7	HDGFL1	chr6	22569566	22571666	4	4	4
ENSG00000228772.2	AL033539.1	chr6	22589137	22593833	4	4	4
ENSG00000286954.1	AL033539.2	chr6	22663507	22675493	4	4	4
ENSG00000233358.2	AL035401.1	chr6	22744395	23031780	4	4	4
ENSG00000218476.2	AL591416.1	chr6	23102680	23103546	4	4	4
ENSG00000207394.1	RNU6-1060P	chr6	23124981	23125087	4	4	4
ENSG00000235743.2	AL139231.1	chr6	23337711	23404132	4	4	4
ENSG00000219453.1	AL133270.1	chr6	23649496	23649774	4	4	4
ENSG00000278128.2	AL139093.1	chr6	23854139	23857646	4	4	4
ENSG00000218512.2	SPTLC1P2	chr6	23856698	23856818	4	4	4
ENSG00000220748.2	AL032822.1	chr6	23971879	23972941	4	4	4
ENSG00000219582.3	HNRNPA1P58	chr6	24001824	24002433	4	4	4
ENSG00000152954.12	NRSN1	chr6	24126186	24154900	4	4	4
ENSG00000251830.1	FO393410.1	chr6	24166273	24166374	4	4	4
ENSG00000146038.12	DCDC2	chr6	24171755	24358059	4	4	4
ENSG00000146049.2	KAAG1	chr6	24356903	24358285	4	4	4
ENSG00000202050.1	RNU6-391P	chr6	24365651	24365754	4	4	4
ENSG00000124532.15	MRS2	chr6	24402908	24426194	4	4	4
ENSG00000112293.15	GPLD1	chr6	24424565	24495205	4	4	4
ENSG00000112294.14	ALDH5A1	chr6	24494867	24537207	4	4	4
ENSG00000137261.14	KIAA0319	chr6	24544104	24646191	4	4	4
ENSG00000218186.2	KRT8P43	chr6	24598012	24599790	4	4	4
ENSG00000111802.14	TDP2	chr6	24649979	24666930	4	4	4
ENSG00000112304.11	ACOT13	chr6	24667035	24705065	4	4	4
ENSG00000272345.1	AL031775.1	chr6	24700907	24701793	4	4	4
ENSG00000112308.13	C6orf62	chr6	24704861	24719998	4	4	4
ENSG00000272402.1	AL031775.2	chr6	24706747	24707151	4	4	4
ENSG00000224164.2	LINC02828	chr6	24721658	24751960	4	4	4
ENSG00000218806.2	AL133264.1	chr6	24750671	24751625	4	4	4
ENSG00000112312.10	GMNN	chr6	24774931	24786099	4	4	4
ENSG00000260286.4	ARMH2	chr6	24797335	24798917	4	4	4
ENSG00000282804.1	AL512428.1	chr6	24797373	24809798	4	4	4
ENSG00000111913.20	RIPOR2	chr6	24804282	25042170	4	4	4
ENSG00000217083.1	MTCO2P33	chr6	24947880	24948344	4	4	4
ENSG00000214975.4	PPIAP29	chr6	24976419	24976982	4	4	4
ENSG00000286633.1	AL160400.1	chr6	25012985	25015696	4	4	4
ENSG00000220517.2	ASS1P1	chr6	25023247	25024483	4	4	4
ENSG00000244618.3	RN7SL334P	chr6	25031009	25031287	4	4	4
ENSG00000229313.1	AL133268.3	chr6	25041839	25056664	4	4	4
ENSG00000223623.1	AL133268.2	chr6	25053627	25057073	4	4	4
ENSG00000168405.17	CMAHP	chr6	25061626	25452263	4	4	4
ENSG00000285801.1	AL133268.4	chr6	25061796	25134971	4	4	4
ENSG00000219682.4	AL133268.1	chr6	25140003	25141403	4	4	4
ENSG00000262400.1	AL590084.3	chr6	25152547	25152883	4	4	4
ENSG00000217805.2	AL590084.1	chr6	25181359	25181745	4	4	4
ENSG00000219681.2	AL590084.2	chr6	25218688	25219069	4	4	4
ENSG00000271108.1	KATNBL1P5	chr6	25248263	25248779	4	4	4
ENSG00000216718.7	AL024509.2	chr6	25261239	25261731	4	4	4
ENSG00000213972.3	AL024509.1	chr6	25272200	25273751	4	4	4
ENSG00000079691.18	CARMIL1	chr6	25279078	25620530	4	4	4
ENSG00000207286.1	Y_RNA	chr6	25287432	25287533	4	4	4
ENSG00000207490.1	RNU6-987P	chr6	25383599	25383702	4	4	4
ENSG00000286933.1	AL022170.1	chr6	25632673	25640931	4	4	4
ENSG00000079689.14	SCGN	chr6	25652201	25701783	4	4	4
ENSG00000217408.2	PRELID1P2	chr6	25678769	25679164	4	4	4
ENSG00000164508.5	H2AC1	chr6	25726063	25726562	4	4	4
ENSG00000146047.7	H2BC1	chr6	25726777	25727345	4	4	4
ENSG00000178762.4	H2BC2P	chr6	25731782	25732091	4	4	4
ENSG00000216436.2	H2AC2P	chr6	25732497	25732827	4	4	4
ENSG00000146039.11	SLC17A4	chr6	25754699	25781199	4	4	4
ENSG00000124568.12	SLC17A1	chr6	25782915	25832052	4	4	4
ENSG00000124564.17	SLC17A3	chr6	25833066	25882286	4	4	4
ENSG00000242387.1	H2AC3P	chr6	25882026	25882395	4	4	4
ENSG00000277410.1	H2BP5	chr6	25885419	25885751	4	4	4
ENSG00000112337.10	SLC17A2	chr6	25912754	25930726	4	4	4
ENSG00000112343.11	TRIM38	chr6	25962802	25991231	4	4	4
ENSG00000272558.1	U91328.2	chr6	25983812	25999167	4	4	4
ENSG00000272462.3	U91328.1	chr6	25992641	26001775	4	4	4
ENSG00000272810.1	U91328.3	chr6	26013241	26013757	4	4	4
ENSG00000224447.1	H3P26	chr6	26016379	26016601	4	4	4
ENSG00000124610.5	H1-1	chr6	26017032	26017787	4	4	4
ENSG00000275714.2	H3C1	chr6	26020451	26020958	4	4	4
ENSG00000278637.2	H4C1	chr6	26021649	26022050	4	4	4
ENSG00000278705.1	H4C2	chr6	26026815	26027252	4	4	4
ENSG00000286522.2	H3C2	chr6	26031589	26032099	4	4	4
ENSG00000278463.2	H2AC4	chr6	26033092	26033618	4	4	4
ENSG00000276410.4	H2BC3	chr6	26043227	26043713	4	4	4
ENSG00000234816.2	H2AC5P	chr6	26043989	26044357	4	4	4
ENSG00000287080.2	H3C3	chr6	26045384	26045869	4	4	4
ENSG00000187837.4	H1-2	chr6	26055740	26056470	4	4	4
ENSG00000010704.18	HFE	chr6	26087281	26098343	4	4	4
ENSG00000197061.5	H4C3	chr6	26103933	26104337	4	4	4
ENSG00000187475.6	H1-6	chr6	26107412	26108135	4	4	4
ENSG00000180596.7	H2BC4	chr6	26114873	26123926	4	4	4
ENSG00000180573.9	H2AC6	chr6	26124145	26139116	4	4	4
ENSG00000168298.7	H1-4	chr6	26156329	26157115	4	4	4
ENSG00000158373.8	H2BC5	chr6	26158146	26171349	4	4	4
ENSG00000283064.1	AL353759.1	chr6	26160765	26172802	4	4	4
ENSG00000217159.2	LARP1P1	chr6	26164072	26164363	4	4	4
ENSG00000274290.3	H2BC6	chr6	26172059	26184655	4	4	4
ENSG00000277157.2	H4C4	chr6	26188710	26189112	4	4	4
ENSG00000216331.2	H1-12P	chr6	26195554	26196633	4	4	4
ENSG00000282988.2	AL031777.2	chr6	26195595	26199293	4	4	4
ENSG00000197409.8	H3C4	chr6	26196784	26197286	4	4	4
ENSG00000196866.3	H2AC7	chr6	26198784	26199293	4	4	4
ENSG00000277224.2	H2BC7	chr6	26199520	26200715	4	4	4
ENSG00000217275.2	AL031777.1	chr6	26202156	26202654	4	4	4
ENSG00000276966.2	H4C5	chr6	26204552	26206038	4	4	4
ENSG00000273802.2	H2BC8	chr6	26215159	26216692	4	4	4
ENSG00000277075.2	H2AC8	chr6	26216975	26217483	4	4	4
ENSG00000277720.1	H3C5P	chr6	26219045	26219240	4	4	4
ENSG00000274750.2	H3C6	chr6	26224199	26227473	4	4	4
ENSG00000218281.1	H2AC9P	chr6	26233122	26233255	4	4	4
ENSG00000124575.7	H1-3	chr6	26234212	26234987	4	4	4
ENSG00000274618.2	H4C6	chr6	26240393	26240793	4	4	4
ENSG00000275663.2	H4C7	chr6	26246611	26246996	4	4	4
ENSG00000277775.2	H3C7	chr6	26250142	26250635	4	4	4
ENSG00000275713.2	H2BC9	chr6	26251651	26253710	4	4	4
ENSG00000273983.1	H3C8	chr6	26269405	26271815	4	4	4
ENSG00000218690.2	H2AC10P	chr6	26272021	26272701	4	4	4
ENSG00000278588.2	H2BC10	chr6	26272931	26273412	4	4	4
ENSG00000158406.5	H4C8	chr6	26277609	26285638	4	4	4
ENSG00000220875.1	H3C9P	chr6	26321876	26322292	4	4	4
ENSG00000287050.1	AL021917.1	chr6	26324705	26331900	4	4	4
ENSG00000186470.14	BTN3A2	chr6	26365159	26378320	4	4	4
ENSG00000124508.17	BTN2A2	chr6	26383096	26394874	4	4	4
ENSG00000026950.17	BTN3A1	chr6	26402237	26415208	4	4	4
ENSG00000124549.14	BTN2A3P	chr6	26421391	26432383	4	4	4
ENSG00000111801.16	BTN3A3	chr6	26440472	26453415	4	4	4
ENSG00000112763.17	BTN2A1	chr6	26457904	26476621	4	4	4
ENSG00000284688.1	BTN1A1P1	chr6	26477872	26478533	4	4	4
ENSG00000124557.12	BTN1A1	chr6	26501221	26510422	4	4	4
ENSG00000199289.1	RNU6-502P	chr6	26519351	26519458	4	4	4
ENSG00000228223.3	HCG11	chr6	26521709	26527404	4	4	4
ENSG00000182952.5	HMGN4	chr6	26538366	26546933	4	4	4
ENSG00000284607.1	AL121936.1	chr6	26569324	26574698	4	4	4
ENSG00000146109.5	ABT1	chr6	26596953	26600739	4	4	4
ENSG00000275846.1	AL513548.3	chr6	26602733	26606661	4	4	4
ENSG00000271071.1	AL513548.2	chr6	26611903	26613109	4	4	4
ENSG00000181315.11	ZNF322	chr6	26634383	26659752	4	4	4
ENSG00000285571.1	AL513548.4	chr6	26677003	26683211	4	4	4
ENSG00000261584.1	AL513548.1	chr6	26686241	26687964	4	4	4
ENSG00000241549.8	GUSBP2	chr6	26871484	26956554	4	4	4
ENSG00000243307.2	POM121L6P	chr6	26896952	26898777	4	4	4
ENSG00000224843.8	LINC00240	chr6	26956932	27059749	4	4	4
ENSG00000272312.1	AL133255.1	chr6	27001208	27001648	4	4	4
ENSG00000287966.1	AL590062.1	chr6	27018935	27020280	4	4	4
ENSG00000220581.1	VN1R12P	chr6	27033435	27034310	4	4	4
ENSG00000216762.1	VN1R13P	chr6	27060365	27061249	4	4	4
ENSG00000219770.1	VN1R11P	chr6	27083280	27084147	4	4	4
ENSG00000222800.1	RNU2-62P	chr6	27109790	27109980	4	4	4
ENSG00000272468.1	AL021807.1	chr6	27122657	27123221	4	4	4
ENSG00000124635.9	H2BC11	chr6	27125897	27132795	4	4	4
ENSG00000196787.3	H2AC11	chr6	27133042	27135291	4	4	4
ENSG00000276180.1	H4C9	chr6	27138588	27139881	4	4	4
ENSG00000197903.8	H2BC12	chr6	27146361	27146855	4	4	4
ENSG00000274997.2	H2AC12	chr6	27147106	27147562	4	4	4
ENSG00000265565.1	MIR3143	chr6	27147626	27147688	4	4	4
ENSG00000174572.3	RPL10P2	chr6	27211244	27211913	4	4	4
ENSG00000112812.16	PRSS16	chr6	27247701	27256624	4	4	4
ENSG00000270935.1	AL021808.1	chr6	27268113	27269229	4	4	4
ENSG00000158553.4	POM121L2	chr6	27285903	27312170	4	4	4
ENSG00000220758.4	VN1R10P	chr6	27324894	27325768	4	4	4
ENSG00000204789.4	ZNF204P	chr6	27357825	27360221	4	4	4
ENSG00000124613.8	ZNF391	chr6	27374615	27403904	4	4	4
ENSG00000271755.1	AL031118.1	chr6	27404010	27406964	4	4	4
ENSG00000237154.2	MCFD2P1	chr6	27407697	27407996	4	4	4
ENSG00000096654.15	ZNF184	chr6	27450743	27473118	4	4	4
ENSG00000285849.1	AL021918.4	chr6	27454568	27457575	4	4	4
ENSG00000286652.1	AL021918.5	chr6	27473194	27494436	4	4	4
ENSG00000285703.1	AL021918.3	chr6	27491422	27519435	4	4	4
ENSG00000278332.1	AL021918.2	chr6	27510501	27510694	4	4	4
ENSG00000270666.1	AL021918.1	chr6	27515039	27515274	4	4	4
ENSG00000218347.2	HNRNPA1P1	chr6	27523076	27524339	4	4	4
ENSG00000219738.2	CD83P1	chr6	27560822	27561744	4	4	4
ENSG00000206671.1	RNU6-471P	chr6	27596412	27596517	4	4	4
ENSG00000216676.2	RPL8P1	chr6	27652602	27652825	4	4	4
ENSG00000287674.1	AL009179.2	chr6	27679971	27680555	4	4	4
ENSG00000281706.3	LINC01012	chr6	27694035	27713352	4	4	4
ENSG00000216915.2	GPR89P	chr6	27737000	27738494	4	4	4
ENSG00000287252.1	AL009179.1	chr6	27759870	27763184	4	4	4
ENSG00000218069.2	RSL24D1P1	chr6	27780619	27781111	4	4	4
ENSG00000217862.2	H4C10P	chr6	27807075	27807339	4	4	4
ENSG00000185130.5	H2BC13	chr6	27807444	27807931	4	4	4
ENSG00000196747.4	H2AC13	chr6	27808199	27808701	4	4	4
ENSG00000278828.1	H3C10	chr6	27810064	27811300	4	4	4
ENSG00000276368.2	H2AC14	chr6	27814302	27814777	4	4	4
ENSG00000273703.2	H2BC14	chr6	27815022	27815489	4	4	4
ENSG00000197238.5	H4C11	chr6	27824092	27824480	4	4	4
ENSG00000273542.2	H4C12	chr6	27831174	27831560	4	4	4
ENSG00000233822.4	H2BC15	chr6	27837760	27865798	4	4	4
ENSG00000275221.2	H2AC15	chr6	27837880	27838375	4	4	4
ENSG00000217646.1	H2BC16P	chr6	27864062	27864401	4	4	4
ENSG00000276903.2	H2AC16	chr6	27865317	27865798	4	4	4
ENSG00000184357.5	H1-5	chr6	27866792	27867588	4	4	4
ENSG00000275379.2	H3C11	chr6	27871845	27872346	4	4	4
ENSG00000275126.2	H4C13	chr6	27873148	27873534	4	4	4
ENSG00000197153.5	H3C12	chr6	27890315	27893106	4	4	4
ENSG00000278677.2	H2AC17	chr6	27892699	27893185	4	4	4
ENSG00000274641.2	H2BC17	chr6	27893425	27893891	4	4	4
ENSG00000238610.1	RNU7-26P	chr6	27897504	27897566	4	4	4
ENSG00000168131.4	OR2B2	chr6	27911185	27912396	4	4	4
ENSG00000168126.3	OR2W6P	chr6	27937465	27938403	4	4	4
ENSG00000124657.1	OR2B6	chr6	27957241	27958182	4	4	4
ENSG00000214374.2	RPLP2P1	chr6	27965175	27965514	4	4	4
ENSG00000216629.1	OR2W4P	chr6	27977150	27978075	4	4	4
ENSG00000217539.2	IQCB2P	chr6	28010723	28012355	4	4	4
ENSG00000269293.3	ZSCAN16-AS1	chr6	28015122	28137293	4	4	4
ENSG00000199851.2	U3	chr6	28015568	28015777	4	4	4
ENSG00000217315.1	OR2W2P	chr6	28033947	28034855	4	4	4
ENSG00000187763.3	OR2B7P	chr6	28046434	28047367	4	4	4
ENSG00000182477.5	OR2B8P	chr6	28053228	28054165	4	4	4
ENSG00000220721.2	OR1F12	chr6	28073316	28074260	4	4	4
ENSG00000272009.1	AL121944.1	chr6	28078792	28081130	4	4	4
ENSG00000197279.4	ZNF165	chr6	28080568	28089563	4	4	4
ENSG00000219891.2	ZSCAN12P1	chr6	28091154	28093664	4	4	4
ENSG00000219392.1	ZNF602P	chr6	28115628	28116551	4	4	4
ENSG00000196812.5	ZSCAN16	chr6	28124609	28130082	4	4	4
ENSG00000261839.1	AL358933.1	chr6	28136849	28139678	4	4	4
ENSG00000198315.11	ZKSCAN8	chr6	28141883	28159460	4	4	4
ENSG00000226314.8	ZNF192P1	chr6	28161769	28169594	4	4	4
ENSG00000280107.1	AL022393.1	chr6	28170845	28172521	4	4	4
ENSG00000216901.1	ZNF603P	chr6	28176188	28176674	4	4	4
ENSG00000218016.2	ZNF192P2	chr6	28188050	28189432	4	4	4
ENSG00000176933.5	TOB2P1	chr6	28217643	28218634	4	4	4
ENSG00000137185.13	ZSCAN9	chr6	28224886	28233487	4	4	4
ENSG00000187626.9	ZKSCAN4	chr6	28241697	28252269	4	4	4
ENSG00000189134.4	NKAPL	chr6	28259297	28260958	4	4	4
ENSG00000197062.11	ZSCAN26	chr6	28267010	28278224	4	4	4
ENSG00000276302.1	AL021997.2	chr6	28267121	28281580	4	4	4
ENSG00000137338.5	PGBD1	chr6	28281572	28302549	4	4	4
ENSG00000273712.1	AL021997.1	chr6	28315613	28315883	4	4	4
ENSG00000270326.1	SMIM15P2	chr6	28319660	28319852	4	4	4
ENSG00000235109.7	ZSCAN31	chr6	28324693	28356271	4	4	4
ENSG00000189298.14	ZKSCAN3	chr6	28349947	28369172	4	4	4
ENSG00000158691.14	ZSCAN12	chr6	28378955	28399734	4	4	4
ENSG00000251877.1	RNU2-45P	chr6	28410270	28410456	4	4	4
ENSG00000187987.9	ZSCAN23	chr6	28431930	28443502	4	4	4
ENSG00000231162.4	COX11P1	chr6	28446973	28447807	4	4	4
ENSG00000219262.1	OR2E1P	chr6	28455648	28456141	4	4	4
ENSG00000287804.1	Z98745.2	chr6	28476996	28489455	4	4	4
ENSG00000286819.1	Z98745.1	chr6	28489896	28491661	4	4	4
ENSG00000198704.9	GPX6	chr6	28503296	28528215	4	4	4
ENSG00000224586.7	GPX5	chr6	28525881	28534955	4	4	4
ENSG00000232040.4	ZBED9	chr6	28570535	28616212	4	4	4
ENSG00000246350.1	AL049543.1	chr6	28587378	28591747	4	4	4
ENSG00000271440.1	AL121932.1	chr6	28633381	28633594	4	4	4
ENSG00000287279.1	AL121932.2	chr6	28634861	28649538	4	4	4
ENSG00000235570.1	LINC00533	chr6	28648286	28649066	4	4	4
ENSG00000237425.1	RPSAP2	chr6	28732017	28732904	4	4	4
ENSG00000235559.1	NOP56P1	chr6	28783633	28784004	4	4	4
ENSG00000225173.1	AL662890.1	chr6	28837869	28839006	4	4	4
ENSG00000225595.2	LINC01623	chr6	28859625	28864630	4	4	4
ENSG00000213916.2	RPL13P	chr6	28861416	28862047	4	4	4
ENSG00000233366.1	ZNF90P2	chr6	28888832	28889906	4	4	4
ENSG00000224157.1	HCG14	chr6	28896530	28897322	4	4	4
ENSG00000204713.11	TRIM27	chr6	28903002	28923988	4	4	4
ENSG00000212240.1	RNU6-930P	chr6	28915645	28915744	4	4	4
ENSG00000204709.4	LINC01556	chr6	28943877	28944537	4	4	4
ENSG00000228666.1	KRT18P1	chr6	28969130	28970460	4	4	4
ENSG00000263426.2	RN7SL471P	chr6	28977475	28977773	4	4	4
ENSG00000227214.2	HCG15	chr6	28986203	28987484	4	4	4
ENSG00000244349.1	AL662791.1	chr6	28986800	28988536	4	4	4
ENSG00000197935.7	ZNF311	chr6	28994785	29005316	4	4	4
ENSG00000223677.1	OR2AD1P	chr6	29026680	29027607	4	4	4
ENSG00000277661.4	AL662791.2	chr6	29036021	29076524	4	4	4
ENSG00000204704.2	OR2W1	chr6	29044213	29045240	4	4	4
ENSG00000236909.1	OR2P1P	chr6	29071824	29072599	4	4	4
ENSG00000228364.1	SAR1AP1	chr6	29076573	29077168	4	4	4
ENSG00000204703.5	OR2B3	chr6	29086208	29087313	4	4	4
ENSG00000204702.5	OR2J1	chr6	29099657	29102701	4	4	4
ENSG00000204701.2	OR2J3	chr6	29108059	29114770	4	4	4
ENSG00000227206.1	AL645937.2	chr6	29124210	29128908	4	4	4
ENSG00000203492.4	AL645937.1	chr6	29137410	29142934	4	4	4
ENSG00000284656.1	AL645937.4	chr6	29162475	29166201	4	4	4
ENSG00000204700.5	OR2J2	chr6	29170907	29175811	4	4	4
ENSG00000224233.1	OR2J4P	chr6	29181510	29182445	4	4	4
ENSG00000230598.2	AL645937.3	chr6	29212886	29216933	4	4	4
ENSG00000197171.6	AL672167.1	chr6	29223973	29292963	4	4	4
ENSG00000213911.2	OR2G1P	chr6	29229227	29230157	4	4	4
ENSG00000204697.3	OR2U1P	chr6	29262703	29264079	4	4	4
ENSG00000242524.1	OR2U2P	chr6	29268462	29269421	4	4	4
ENSG00000204695.4	OR14J1	chr6	29301701	29313017	4	4	4
ENSG00000230056.1	DDX6P1	chr6	29329626	29331061	4	4	4
ENSG00000243729.4	OR5V1	chr6	29353749	29431967	4	4	4
ENSG00000112462.8	OR12D3	chr6	29373423	29375291	4	4	4
ENSG00000280236.3	OR12D2	chr6	29395631	29398008	4	4	4
ENSG00000251608.2	OR12D1	chr6	29414928	29418905	4	4	4
ENSG00000204694.11	OR11A1	chr6	29425504	29457071	4	4	4
ENSG00000206474.8	OR10C1	chr6	29439306	29440977	4	4	4
ENSG00000277881.1	AL645927.1	chr6	29450210	29450558	4	4	4
ENSG00000204688.9	OR2H1	chr6	29457181	29464328	4	4	4
ENSG00000225797.2	UBDP1	chr6	29464596	29469806	4	4	4
ENSG00000230164.1	MAS1LP1	chr6	29475025	29476071	4	4	4
ENSG00000204687.4	MAS1L	chr6	29486697	29487956	4	4	4
ENSG00000213900.2	RPS17P1	chr6	29489271	29489676	4	4	4
ENSG00000229274.2	LINC02829	chr6	29497475	29510558	4	4	4
ENSG00000224582.7	LINC01015	chr6	29528721	29533665	4	4	4
ENSG00000229281.1	GPR53P	chr6	29537704	29538787	4	4	4
ENSG00000237988.5	OR2I1P	chr6	29550407	29557721	4	4	4
ENSG00000213886.4	UBD	chr6	29555515	29559732	4	4	4
ENSG00000204681.11	GABBR1	chr6	29555629	29633976	4	4	4
ENSG00000232173.2	OR2H5P	chr6	29573909	29574836	4	4	4
ENSG00000227609.2	TMEM183AP1	chr6	29577459	29577748	4	4	4
ENSG00000201330.1	SNORD32B	chr6	29582249	29582332	4	4	4
ENSG00000231301.1	RPL13AP	chr6	29582508	29583025	4	4	4
ENSG00000204657.4	OR2H2	chr6	29585121	29590500	4	4	4
ENSG00000235238.1	SUMO2P1	chr6	29636060	29636343	4	4	4
ENSG00000204655.12	MOG	chr6	29657002	29672372	4	4	4
ENSG00000204644.10	ZFP57	chr6	29672483	29681155	4	4	4
ENSG00000233916.1	ZDHHC20P1	chr6	29708125	29708547	4	4	4
ENSG00000204642.14	HLA-F	chr6	29722775	29738528	4	4	4
ENSG00000225864.1	AL645939.1	chr6	29722981	29723971	4	4	4
ENSG00000214922.9	HLA-F-AS1	chr6	29726601	29749049	4	4	4
ENSG00000239257.1	RPL23AP1	chr6	29726669	29727139	4	4	4
ENSG00000273340.1	MICE	chr6	29741731	29748969	4	4	4
ENSG00000227758.1	AL645939.2	chr6	29748289	29748513	4	4	4
ENSG00000199290.1	Y_RNA	chr6	29750371	29750472	4	4	4
ENSG00000235821.1	IFITM4P	chr6	29750729	29751148	4	4	4
ENSG00000272236.1	AL645939.4	chr6	29751965	29752207	4	4	4
ENSG00000285761.1	AL645939.5	chr6	29752573	29763295	4	4	4
ENSG00000270896.1	AL645939.3	chr6	29763258	29763392	4	4	4
ENSG00000181126.13	HLA-V	chr6	29790954	29797811	4	4	4
ENSG00000176998.4	HCG4	chr6	29791753	29792750	4	4	4
ENSG00000261548.1	HLA-P	chr6	29800415	29802425	4	4	4
ENSG00000213880.3	RPL7AP7	chr6	29803195	29803991	4	4	4
ENSG00000237042.1	MICG	chr6	29812565	29812696	4	4	4
ENSG00000204632.11	HLA-G	chr6	29826967	29831125	4	4	4
ENSG00000229142.1	HCG4P8	chr6	29827385	29828364	4	4	4
ENSG00000285799.1	AL645929.2	chr6	29849550	29885615	4	4	4
ENSG00000281831.1	HCP5B	chr6	29871895	29873783	4	4	4
ENSG00000230521.1	AL645929.1	chr6	29887294	29888268	4	4	4
ENSG00000206341.7	HLA-H	chr6	29887752	29890482	4	4	4
ENSG00000231130.1	HLA-T	chr6	29896654	29897786	4	4	4
ENSG00000233677.1	DDX39BP1	chr6	29906543	29906909	4	4	4
ENSG00000235963.1	MCCD1P1	chr6	29907783	29908645	4	4	4
ENSG00000227262.3	HCG4B	chr6	29925983	29926973	4	4	4
ENSG00000230795.3	HLA-K	chr6	29926459	29929232	4	4	4
ENSG00000228078.1	HLA-U	chr6	29934101	29934286	4	4	4
ENSG00000206503.13	HLA-A	chr6	29941260	29945884	4	4	4
ENSG00000227766.1	AL671277.1	chr6	29942075	29943067	4	4	4
ENSG00000235290.1	HLA-W	chr6	29956596	29958570	4	4	4
ENSG00000229390.1	MICD	chr6	29970801	29972464	4	4	4
ENSG00000204625.10	HCG9	chr6	29975112	29978410	4	4	4
ENSG00000238024.1	DDX39BP2	chr6	29993209	29993605	4	4	4
ENSG00000224312.1	MCCD1P2	chr6	29994437	29995314	4	4	4
ENSG00000204623.9	ZNRD1ASP	chr6	30001011	30061640	4	4	4
ENSG00000204622.11	HLA-J	chr6	30005971	30009956	4	4	4
ENSG00000237669.1	AL671277.2	chr6	30006121	30007116	4	4	4
ENSG00000232757.1	ETF1P1	chr6	30031713	30033003	4	4	4
ENSG00000278104.1	AL669914.3	chr6	30035916	30035983	4	4	4
ENSG00000275856.1	AL669914.2	chr6	30058115	30058190	4	4	4
ENSG00000066379.15	POLR1H	chr6	30058899	30064909	4	4	4
ENSG00000278773.1	AL669914.4	chr6	30061080	30061183	4	4	4
ENSG00000204619.8	PPP1R11	chr6	30066709	30070333	4	4	4
ENSG00000204618.8	RNF39	chr6	30070266	30075887	4	4	4
ENSG00000204616.11	TRIM31	chr6	30102897	30113090	4	4	4
ENSG00000231226.1	TRIM31-AS1	chr6	30105240	30114724	4	4	4
ENSG00000252228.1	AL669914.1	chr6	30132805	30132966	4	4	4
ENSG00000204614.9	TRIM40	chr6	30136124	30148735	4	4	4
ENSG00000204613.11	TRIM10	chr6	30151943	30161211	4	4	4
ENSG00000204610.13	TRIM15	chr6	30163206	30172693	4	4	4
ENSG00000234127.9	TRIM26	chr6	30184455	30213427	4	4	4
ENSG00000233892.1	PAIP1P1	chr6	30186798	30188614	4	4	4
ENSG00000270604.5	HCG17	chr6	30234039	30326134	4	4	4
ENSG00000236475.1	TRIM26BP	chr6	30238301	30242279	4	4	4
ENSG00000243753.5	HLA-L	chr6	30259584	30293014	4	4	4
ENSG00000280128.1	AL662795.2	chr6	30282349	30286054	4	4	4
ENSG00000231074.9	HCG18	chr6	30286690	30327382	4	4	4
ENSG00000204599.14	TRIM39	chr6	30326479	30343729	4	4	4
ENSG00000248167.7	TRIM39-RPP21	chr6	30328907	30346854	4	4	4
ENSG00000241370.6	RPP21	chr6	30345131	30346884	4	4	4
ENSG00000224372.1	HLA-N	chr6	30351416	30351550	4	4	4
ENSG00000224486.1	AL662795.1	chr6	30359278	30359911	4	4	4
ENSG00000236405.1	UBQLN1P1	chr6	30363112	30364280	4	4	4
ENSG00000226577.1	MICC	chr6	30414715	30419319	4	4	4
ENSG00000286301.1	AL662873.1	chr6	30451139	30456212	4	4	4
ENSG00000229068.1	TMPOP1	chr6	30466452	30467994	4	4	4
ENSG00000224936.1	SUCLA2P1	chr6	30468882	30470251	4	4	4
ENSG00000236603.2	RANP1	chr6	30485940	30486590	4	4	4
ENSG00000204592.9	HLA-E	chr6	30489509	30494194	4	4	4
ENSG00000235781.1	LINC02569	chr6	30516266	30519217	4	4	4
ENSG00000204590.12	GNL1	chr6	30541377	30557174	4	4	4
ENSG00000204576.12	PRR3	chr6	30557280	30563723	4	4	4
ENSG00000204574.14	ABCF1	chr6	30571393	30597179	4	4	4
ENSG00000216101.3	MIR877	chr6	30584332	30584417	4	4	4
ENSG00000204569.10	PPP1R10	chr6	30600413	30618612	4	4	4
ENSG00000204568.12	MRPS18B	chr6	30617840	30626395	4	4	4
ENSG00000137343.18	ATAT1	chr6	30626842	30646823	4	4	4
ENSG00000228415.3	PTMAP1	chr6	30633632	30633956	4	4	4
ENSG00000204564.12	C6orf136	chr6	30647039	30653210	4	4	4
ENSG00000204560.10	DHX16	chr6	30653119	30673006	4	4	4
ENSG00000146112.12	PPP1R18	chr6	30676389	30687895	4	4	4
ENSG00000137404.14	NRM	chr6	30688047	30691420	4	4	4
ENSG00000230449.1	RPL7P4	chr6	30696806	30697535	4	4	4
ENSG00000137337.15	MDC1	chr6	30699807	30717447	4	4	4
ENSG00000224328.1	MDC1-AS1	chr6	30703067	30713184	4	4	4
ENSG00000196230.13	TUBB	chr6	30720352	30725426	4	4	4
ENSG00000272540.1	AL662797.1	chr6	30723105	30723877	4	4	4
ENSG00000137312.15	FLOT1	chr6	30727709	30742732	4	4	4
ENSG00000201988.2	Y_RNA	chr6	30736304	30736414	4	4	4
ENSG00000272273.1	IER3-AS1	chr6	30742929	30743592	4	4	4
ENSG00000137331.12	IER3	chr6	30743199	30744548	4	4	4
ENSG00000228022.6	HCG20	chr6	30743790	30792250	4	4	4
ENSG00000263608.2	RN7SL353P	chr6	30751038	30751289	4	4	4
ENSG00000214894.6	LINC00243	chr6	30798654	30830659	4	4	4
ENSG00000237923.1	LINC02570	chr6	30839526	30848159	4	4	4
ENSG00000202241.1	RN7SKP186	chr6	30864250	30864552	4	4	4
ENSG00000237775.1	DDR1-DT	chr6	30866982	30875918	4	4	4
ENSG00000204580.13	DDR1	chr6	30876421	30900156	4	4	4
ENSG00000284370.1	MIR4640	chr6	30890883	30890972	4	4	4
ENSG00000213780.11	GTF2H4	chr6	30908207	30914106	4	4	4
ENSG00000288473.1	AL669830.1	chr6	30908242	30926459	4	4	4
ENSG00000137411.19	VARS2	chr6	30914205	30926459	4	4	4
ENSG00000196260.5	SFTA2	chr6	30931353	30955636	4	4	4
ENSG00000252761.1	Y_RNA	chr6	30932618	30932709	4	4	4
ENSG00000168631.13	MUCL3	chr6	30934523	30954221	4	4	4
ENSG00000233529.1	HCG21	chr6	30945979	30954862	4	4	4
ENSG00000275906.1	NAPGP2	chr6	30961403	30962396	4	4	4
ENSG00000204544.5	MUC21	chr6	30983718	30989903	4	4	4
ENSG00000261272.1	MUC22	chr6	31010474	31035402	4	4	4
ENSG00000228789.8	HCG22	chr6	31053450	31059890	4	4	4
ENSG00000222895.1	RNU6-1133P	chr6	31083010	31083109	4	4	4
ENSG00000204542.3	C6orf15	chr6	31111223	31112575	4	4	4
ENSG00000204540.11	PSORS1C1	chr6	31114750	31140092	4	4	4
ENSG00000204539.4	CDSN	chr6	31115087	31120446	4	4	4
ENSG00000204538.4	PSORS1C2	chr6	31137534	31139066	4	4	4
ENSG00000238211.1	POLR2LP1	chr6	31140727	31140913	4	4	4
ENSG00000204536.14	CCHCR1	chr6	31142439	31158238	4	4	4
ENSG00000137310.12	TCF19	chr6	31158547	31167159	4	4	4
ENSG00000204531.20	POU5F1	chr6	31164337	31180731	4	4	4
ENSG00000204528.3	PSORS1C3	chr6	31173735	31177899	4	4	4
ENSG00000272501.1	AL662844.4	chr6	31195200	31198037	4	4	4
ENSG00000206344.7	HCG27	chr6	31197760	31203968	4	4	4
ENSG00000271821.1	AL662844.3	chr6	31200165	31201918	4	4	4
ENSG00000255726.1	AL662844.1	chr6	31222913	31223093	4	4	4
ENSG00000255899.1	AL662844.2	chr6	31224342	31225058	4	4	4
ENSG00000204525.17	HLA-C	chr6	31268749	31272130	4	4	4
ENSG00000214892.4	USP8P1	chr6	31275572	31278754	4	4	4
ENSG00000227939.1	RPL3P2	chr6	31280317	31281519	4	4	4
ENSG00000231402.1	WASF5P	chr6	31287510	31288964	4	4	4
ENSG00000256166.1	LINC02571	chr6	31293908	31301642	4	4	4
ENSG00000229836.1	AL671883.1	chr6	31307815	31308549	4	4	4
ENSG00000234745.12	HLA-B	chr6	31353872	31357188	4	4	4
ENSG00000277402.1	MIR6891	chr6	31355224	31355316	4	4	4
ENSG00000271581.1	AL671883.2	chr6	31356647	31357637	4	4	4
ENSG00000228432.1	DHFRP2	chr6	31366352	31366898	4	4	4
ENSG00000285647.1	AL671883.3	chr6	31367057	31376088	4	4	4
ENSG00000201658.1	RNU6-283P	chr6	31370134	31370240	4	4	4
ENSG00000230994.1	FGFR3P1	chr6	31377419	31378019	4	4	4
ENSG00000223702.1	ZDHHC20P2	chr6	31380411	31380839	4	4	4
ENSG00000225851.1	HLA-S	chr6	31382074	31382288	4	4	4
ENSG00000272221.1	AL645933.2	chr6	31394289	31395495	4	4	4
ENSG00000204520.14	MICA	chr6	31399784	31415315	4	4	4
ENSG00000288587.1	AL645933.3	chr6	31400702	31463705	4	4	4
ENSG00000199332.1	Y_RNA	chr6	31402152	31402250	4	4	4
ENSG00000230174.1	LINC01149	chr6	31441667	31446973	4	4	4
ENSG00000233902.1	AL645933.1	chr6	31462728	31463336	4	4	4
ENSG00000206337.12	HCP5	chr6	31463170	31478936	4	4	4
ENSG00000286940.1	MICB-DT	chr6	31479973	31494935	4	4	4
ENSG00000204516.10	MICB	chr6	31494881	31511124	4	4	4
ENSG00000201680.1	Y_RNA	chr6	31496689	31496790	4	4	4
ENSG00000256851.1	AL663061.1	chr6	31515979	31516211	4	4	4
ENSG00000219797.2	PPIAP9	chr6	31519480	31520291	4	4	4
ENSG00000225499.1	RPL15P4	chr6	31528114	31528693	4	4	4
ENSG00000204511.3	MCCD1	chr6	31528962	31530232	4	4	4
ENSG00000198563.14	DDX39B	chr6	31530219	31542448	4	4	4
ENSG00000254870.5	ATP6V1G2-DDX39B	chr6	31530219	31546608	4	4	4
ENSG00000201785.1	SNORD117	chr6	31536374	31536449	4	4	4
ENSG00000265236.1	SNORD84	chr6	31541101	31541178	4	4	4
ENSG00000234006.1	DDX39B-AS1	chr6	31542304	31543138	4	4	4
ENSG00000213760.11	ATP6V1G2	chr6	31544444	31548427	4	4	4
ENSG00000204498.11	NFKBIL1	chr6	31546870	31558829	4	4	4
ENSG00000226979.9	LTA	chr6	31572054	31574324	4	4	4
ENSG00000232810.4	TNF	chr6	31575565	31578336	4	4	4
ENSG00000227507.3	LTB	chr6	31580525	31582522	4	4	4
ENSG00000204482.11	LST1	chr6	31586124	31588909	4	4	4
ENSG00000204475.10	NCR3	chr6	31588895	31593006	4	4	4
ENSG00000230622.1	UQCRHP1	chr6	31611083	31611356	4	4	4
ENSG00000204472.13	AIF1	chr6	31615217	31617021	4	4	4
ENSG00000204469.13	PRRC2A	chr6	31620715	31637771	4	4	4
ENSG00000200816.1	SNORA38	chr6	31623079	31623210	4	4	4
ENSG00000274494.1	MIR6832	chr6	31633787	31633858	4	4	4
ENSG00000204463.13	BAG6	chr6	31639028	31652705	4	4	4
ENSG00000204444.11	APOM	chr6	31652416	31658210	4	4	4
ENSG00000204439.4	C6orf47	chr6	31658298	31660778	4	4	4
ENSG00000227198.1	C6orf47-AS1	chr6	31658329	31660721	4	4	4
ENSG00000204438.11	GPANK1	chr6	31661228	31666283	4	4	4
ENSG00000201207.1	Y_RNA	chr6	31663288	31663401	4	4	4
ENSG00000204435.15	CSNK2B	chr6	31665227	31670343	4	4	4
ENSG00000263020.6	AL662899.2	chr6	31666102	31673546	4	4	4
ENSG00000240053.8	LY6G5B	chr6	31670167	31673776	4	4	4
ENSG00000204428.12	LY6G5C	chr6	31676684	31684040	4	4	4
ENSG00000204427.12	ABHD16A	chr6	31686955	31703356	4	4	4
ENSG00000204422.7	AL662899.1	chr6	31686962	31714072	4	4	4
ENSG00000266776.1	MIR4646	chr6	31701029	31701091	4	4	4
ENSG00000204424.10	LY6G6F	chr6	31706866	31710679	4	4	4
ENSG00000250641.1	LY6G6F-LY6G6D	chr6	31706904	31717918	4	4	4
ENSG00000255552.7	LY6G6E	chr6	31711771	31714065	4	4	4
ENSG00000244355.7	LY6G6D	chr6	31715356	31717804	4	4	4
ENSG00000204420.10	MPIG6B	chr6	31718594	31726714	4	4	4
ENSG00000204421.3	LY6G6C	chr6	31718648	31721746	4	4	4
ENSG00000213722.10	DDAH2	chr6	31727038	31730617	4	4	4
ENSG00000213719.8	CLIC1	chr6	31730581	31739763	4	4	4
ENSG00000204410.16	MSH5	chr6	31739677	31762676	4	4	4
ENSG00000255152.8	MSH5-SAPCD1	chr6	31740020	31764851	4	4	4
ENSG00000252743.1	RNU6-850P	chr6	31756951	31757053	4	4	4
ENSG00000228727.9	SAPCD1	chr6	31762996	31764851	4	4	4
ENSG00000235663.1	SAPCD1-AS1	chr6	31764310	31765588	4	4	4
ENSG00000204396.11	VWA7	chr6	31765590	31777328	4	4	4
ENSG00000204394.13	VARS1	chr6	31777518	31795752	4	4	4
ENSG00000201555.1	Y_RNA	chr6	31778817	31778905	4	4	4
ENSG00000204392.11	LSM2	chr6	31797396	31806966	4	4	4
ENSG00000204390.10	HSPA1L	chr6	31809619	31815283	4	4	4
ENSG00000204389.10	HSPA1A	chr6	31815543	31817946	4	4	4
ENSG00000204388.7	HSPA1B	chr6	31827738	31830254	4	4	4
ENSG00000285565.1	AL671762.1	chr6	31828834	31839719	4	4	4
ENSG00000204387.14	SNHG32	chr6	31834608	31839766	4	4	4
ENSG00000201823.1	SNORD48	chr6	31835263	31835326	4	4	4
ENSG00000201754.1	SNORD52	chr6	31837076	31837142	4	4	4
ENSG00000204386.12	NEU1	chr6	31857659	31862905	4	4	4
ENSG00000204385.13	SLC44A4	chr6	31863192	31879046	4	4	4
ENSG00000237080.3	EHMT2-AS1	chr6	31877808	31884204	4	4	4
ENSG00000204371.11	EHMT2	chr6	31879759	31897687	4	4	4
ENSG00000166278.15	C2	chr6	31897785	31945672	4	4	4
ENSG00000204366.4	ZBTB12	chr6	31899613	31902086	4	4	4
ENSG00000244255.5	AL645922.1	chr6	31927698	31952048	4	4	4
ENSG00000281756.1	C2-AS1	chr6	31934474	31941724	4	4	4
ENSG00000243649.9	CFB	chr6	31945650	31952084	4	4	4
ENSG00000204356.14	NELFE	chr6	31952087	31959038	4	4	4
ENSG00000284446.1	MIR1236	chr6	31956839	31956940	4	4	4
ENSG00000204351.12	SKIV2L	chr6	31959117	31969751	4	4	4
ENSG00000204348.10	DXO	chr6	31969810	31972290	4	4	4
ENSG00000204344.14	STK19	chr6	31971091	31982821	4	4	4
ENSG00000244731.8	C4A	chr6	31982057	32002681	4	4	4
ENSG00000233627.2	C4A-AS1	chr6	31999976	32003521	4	4	4
ENSG00000204338.8	CYP21A1P	chr6	32005636	32008451	4	4	4
ENSG00000248290.1	TNXA	chr6	32008614	32012472	4	4	4
ENSG00000250535.1	STK19B	chr6	32013270	32013787	4	4	4
ENSG00000224389.9	C4B	chr6	32014795	32035418	4	4	4
ENSG00000229776.1	C4B-AS1	chr6	32032713	32036258	4	4	4
ENSG00000231852.9	CYP21A2	chr6	32038327	32041644	4	4	4
ENSG00000168477.19	TNXB	chr6	32041153	32115334	4	4	4
ENSG00000252512.1	RNA5SP206	chr6	32078508	32078628	4	4	4
ENSG00000284829.1	AL662884.2	chr6	32098176	32117610	4	4	4
ENSG00000286974.1	AL662884.5	chr6	32108406	32112849	4	4	4
ENSG00000213676.13	ATF6B	chr6	32115264	32128253	4	4	4
ENSG00000204315.4	FKBPL	chr6	32128707	32130288	4	4	4
ENSG00000204314.12	PRRT1	chr6	32148359	32153083	4	4	4
ENSG00000285085.1	AL662884.4	chr6	32150495	32154373	4	4	4
ENSG00000284954.1	AL662884.3	chr6	32152802	32154365	4	4	4
ENSG00000221988.13	PPT2	chr6	32153441	32163678	4	4	4
ENSG00000258388.7	PPT2-EGFL8	chr6	32153845	32171978	4	4	4
ENSG00000241404.7	EGFL8	chr6	32164595	32168281	4	4	4
ENSG00000204310.13	AGPAT1	chr6	32168212	32178096	4	4	4
ENSG00000284469.1	MIR6721	chr6	32170030	32170116	4	4	4
ENSG00000204308.8	RNF5	chr6	32178405	32180793	4	4	4
ENSG00000277264.1	MIR6833	chr6	32179816	32179876	4	4	4
ENSG00000204305.14	AGER	chr6	32180968	32184322	4	4	4
ENSG00000273333.2	AL662884.1	chr6	32184733	32185882	4	4	4
ENSG00000204304.12	PBX2	chr6	32184733	32190202	4	4	4
ENSG00000213654.10	GPSM3	chr6	32190766	32195523	4	4	4
ENSG00000204301.6	NOTCH4	chr6	32194843	32224067	4	4	4
ENSG00000225914.3	TSBP1-AS1	chr6	32254640	32407763	4	4	4
ENSG00000204296.11	TSBP1	chr6	32288526	32371912	4	4	4
ENSG00000237285.1	HNRNPA1P2	chr6	32325219	32326178	4	4	4
ENSG00000223335.1	RNU6-603P	chr6	32352877	32352983	4	4	4
ENSG00000204290.10	BTNL2	chr6	32393963	32407128	4	4	4
ENSG00000204287.14	HLA-DRA	chr6	32439878	32445046	4	4	4
ENSG00000196301.3	HLA-DRB9	chr6	32459821	32473500	4	4	4
ENSG00000198502.6	HLA-DRB5	chr6	32517353	32530287	4	4	4
ENSG00000251916.1	RNU1-61P	chr6	32549940	32550090	4	4	4
ENSG00000229391.7	HLA-DRB6	chr6	32552713	32560022	4	4	4
ENSG00000196126.11	HLA-DRB1	chr6	32578769	32589848	4	4	4
ENSG00000196735.13	HLA-DQA1	chr6	32628179	32647062	4	4	4
ENSG00000179344.16	HLA-DQB1	chr6	32659467	32668383	4	4	4
ENSG00000223534.1	HLA-DQB1-AS1	chr6	32659880	32660729	4	4	4
ENSG00000235040.1	MTCO3P1	chr6	32706124	32706955	4	4	4
ENSG00000232080.5	AL662789.1	chr6	32718005	32719170	4	4	4
ENSG00000226030.1	HLA-DQB3	chr6	32730758	32731695	4	4	4
ENSG00000237541.4	HLA-DQA2	chr6	32741391	32747198	4	4	4
ENSG00000263649.1	MIR3135B	chr6	32749912	32749979	4	4	4
ENSG00000232629.9	HLA-DQB2	chr6	32756098	32763532	4	4	4
ENSG00000241106.8	HLA-DOB	chr6	32812763	32820466	4	4	4
ENSG00000250264.1	AL669918.1	chr6	32813767	32838822	4	4	4
ENSG00000204267.16	TAP2	chr6	32821833	32838770	4	4	4
ENSG00000204264.12	PSMB8	chr6	32840717	32844679	4	4	4
ENSG00000204261.9	PSMB8-AS1	chr6	32844078	32846500	4	4	4
ENSG00000240065.8	PSMB9	chr6	32844136	32859851	4	4	4
ENSG00000168394.11	TAP1	chr6	32845209	32853978	4	4	4
ENSG00000234515.1	PPP1R2P1	chr6	32879171	32879848	4	4	4
ENSG00000235301.1	HLA-Z	chr6	32896416	32896490	4	4	4
ENSG00000242574.9	HLA-DMB	chr6	32934629	32941028	4	4	4
ENSG00000248993.1	AL645941.2	chr6	32937364	32953122	4	4	4
ENSG00000204257.15	HLA-DMA	chr6	32948613	32969094	4	4	4
ENSG00000204256.14	BRD2	chr6	32968594	32981505	4	4	4
ENSG00000223837.2	AL645941.1	chr6	32970232	32970886	4	4	4
ENSG00000263756.1	AL645941.3	chr6	32972065	32972853	4	4	4
ENSG00000204252.14	HLA-DOA	chr6	33004182	33009591	4	4	4
ENSG00000231389.7	HLA-DPA1	chr6	33064569	33080775	4	4	4
ENSG00000223865.11	HLA-DPB1	chr6	33075990	33089696	4	4	4
ENSG00000224796.1	RPL32P1	chr6	33079451	33079860	4	4	4
ENSG00000231461.1	HLA-DPA2	chr6	33091753	33097295	4	4	4
ENSG00000228688.1	COL11A2P1	chr6	33103794	33107330	4	4	4
ENSG00000224557.7	HLA-DPB2	chr6	33112451	33129084	4	4	4
ENSG00000237398.1	HLA-DPA3	chr6	33131216	33143325	4	4	4
ENSG00000230313.1	HCG24	chr6	33144783	33147767	4	4	4
ENSG00000204248.11	COL11A2	chr6	33162681	33192499	4	4	4
ENSG00000204231.11	RXRB	chr6	33193588	33200665	4	4	4
ENSG00000202441.2	RNY4P10	chr6	33199601	33199696	4	4	4
ENSG00000112473.18	SLC39A7	chr6	33200445	33204439	4	4	4
ENSG00000204228.4	HSD17B8	chr6	33204655	33206831	4	4	4
ENSG00000199036.1	MIR219A1	chr6	33207835	33207944	4	4	4
ENSG00000204227.5	RING1	chr6	33208500	33212722	4	4	4
ENSG00000225463.1	ZNF70P1	chr6	33215705	33216328	4	4	4
ENSG00000223457.1	HTATSF1P1	chr6	33237799	33239690	4	4	4
ENSG00000272217.1	AL645940.1	chr6	33246075	33246856	4	4	4
ENSG00000232940.6	HCG25	chr6	33249534	33255167	4	4	4
ENSG00000223501.9	VPS52	chr6	33250272	33272047	4	4	4
ENSG00000231500.7	RPS18	chr6	33272075	33276511	4	4	4
ENSG00000235863.4	B3GALT4	chr6	33277123	33284832	4	4	4
ENSG00000227057.10	WDR46	chr6	33279108	33289247	4	4	4
ENSG00000284517.1	MIR6873	chr6	33287227	33287289	4	4	4
ENSG00000204220.12	PFDN6	chr6	33289302	33298401	4	4	4
ENSG00000284064.1	MIR6834	chr6	33290245	33290325	4	4	4
ENSG00000237441.10	RGL2	chr6	33291654	33298942	4	4	4
ENSG00000231925.12	TAPBP	chr6	33299694	33314387	4	4	4
ENSG00000236104.3	ZBTB22	chr6	33314406	33317942	4	4	4
ENSG00000204209.13	DAXX	chr6	33318558	33323016	4	4	4
ENSG00000285064.2	SMIM40	chr6	33321386	33329286	4	4	4
ENSG00000286920.2	SMIM40	chr6	33323628	33329279	4	4	4
ENSG00000229596.3	MYL8P	chr6	33338978	33339495	4	4	4
ENSG00000228285.2	LYPLA2P1	chr6	33365548	33366243	4	4	4
ENSG00000225644.1	RPL35AP4	chr6	33389374	33389475	4	4	4
ENSG00000237649.8	KIFC1	chr6	33391823	33409896	4	4	4
ENSG00000204194.1	RPL12P1	chr6	33400059	33400556	4	4	4
ENSG00000112511.18	PHF1	chr6	33410399	33416453	4	4	4
ENSG00000112514.18	CUTA	chr6	33416442	33418317	4	4	4
ENSG00000197283.17	SYNGAP1	chr6	33419661	33453689	4	4	4
ENSG00000274259.2	SYNGAP1-AS1	chr6	33437363	33454453	4	4	4
ENSG00000284256.1	MIR5004	chr6	33438331	33438437	4	4	4
ENSG00000213588.6	ZBTB9	chr6	33453970	33457544	4	4	4
ENSG00000204188.7	GGNBP1	chr6	33540046	33589026	4	4	4
ENSG00000242014.3	RN7SL26P	chr6	33540694	33541000	4	4	4
ENSG00000276746.1	Metazoa_SRP	chr6	33562880	33563130	4	4	4
ENSG00000030110.13	BAK1	chr6	33572547	33580293	4	4	4
ENSG00000197251.3	LINC00336	chr6	33586106	33593338	4	4	4
ENSG00000096433.11	ITPR3	chr6	33620365	33696574	4	4	4
ENSG00000137288.10	UQCC2	chr6	33694293	33711727	4	4	4
ENSG00000266509.1	MIR3934	chr6	33698128	33698234	4	4	4
ENSG00000161896.12	IP6K3	chr6	33721662	33746905	4	4	4
ENSG00000161904.12	LEMD2	chr6	33771202	33789130	4	4	4
ENSG00000096395.11	MLN	chr6	33794673	33804003	4	4	4
ENSG00000287089.1	AL138889.3	chr6	33800142	33802960	4	4	4
ENSG00000249346.7	LINC01016	chr6	33867506	33896914	4	4	4
ENSG00000271362.1	AL138889.2	chr6	33883170	33883411	4	4	4
ENSG00000233183.3	AL138889.1	chr6	33891327	33927631	4	4	4
ENSG00000276824.1	MIR7159	chr6	33899135	33899200	4	4	4
ENSG00000221697.1	MIR1275	chr6	33999972	34000051	4	4	4
ENSG00000124493.14	GRM4	chr6	34018643	34155622	4	4	4
ENSG00000271231.1	KRT18P9	chr6	34189780	34191079	4	4	4
ENSG00000214810.4	CYCSP55	chr6	34219439	34220066	4	4	4
ENSG00000137309.20	HMGA1	chr6	34236873	34246231	4	4	4
ENSG00000276404.1	MIR6835	chr6	34240673	34240736	4	4	4
ENSG00000186577.14	SMIM29	chr6	34246381	34249108	4	4	4
ENSG00000225339.4	AL354740.1	chr6	34248535	34286768	4	4	4
ENSG00000220583.1	RPL35P2	chr6	34263311	34263673	4	4	4
ENSG00000272325.2	NUDT3	chr6	34279679	34392669	4	4	4
ENSG00000270800.3	RPS10-NUDT3	chr6	34284887	34426071	4	4	4
ENSG00000124614.16	RPS10	chr6	34417454	34426069	4	4	4
ENSG00000124507.11	PACSIN1	chr6	34466061	34535229	4	4	4
ENSG00000124664.11	SPDEF	chr6	34537802	34556333	4	4	4
ENSG00000196114.3	IFITM3P3	chr6	34576258	34576656	4	4	4
ENSG00000196821.10	ILRUN	chr6	34587288	34696859	4	4	4
ENSG00000216636.1	RPL7P25	chr6	34616538	34617258	4	4	4
ENSG00000265123.2	RN7SL200P	chr6	34685355	34685642	4	4	4
ENSG00000220643.1	AL031577.1	chr6	34686602	34687106	4	4	4
ENSG00000272288.6	AL451165.2	chr6	34696317	34697470	4	4	4
ENSG00000186328.4	AL451165.1	chr6	34715613	34715940	4	4	4
ENSG00000217130.1	AL139100.1	chr6	34744176	34744673	4	4	4
ENSG00000124562.10	SNRPC	chr6	34757505	34773857	4	4	4
ENSG00000065060.17	UHRF1BP1	chr6	34792015	34883138	4	4	4
ENSG00000206717.1	Y_RNA	chr6	34821445	34821542	4	4	4
ENSG00000252106.2	RNY3P15	chr6	34873831	34873927	4	4	4
ENSG00000064995.18	TAF11	chr6	34877462	34888071	4	4	4
ENSG00000064999.15	ANKS1A	chr6	34889255	35091406	4	4	4
ENSG00000187762.5	HSPE1P11	chr6	35023522	35023831	4	4	4
ENSG00000286550.1	AL591002.1	chr6	35041116	35058015	4	4	4
ENSG00000273870.1	AL138721.1	chr6	35070871	35071049	4	4	4
ENSG00000124678.20	TCP11	chr6	35118071	35148610	4	4	4
ENSG00000146197.9	SCUBE3	chr6	35213956	35253079	4	4	4
ENSG00000272374.1	Z97832.2	chr6	35220370	35224630	4	4	4
ENSG00000065029.15	ZNF76	chr6	35258909	35295985	4	4	4
ENSG00000217004.1	Z97832.1	chr6	35279177	35279819	4	4	4
ENSG00000023892.11	DEF6	chr6	35297818	35321771	4	4	4
ENSG00000112033.14	PPARD	chr6	35342558	35428191	4	4	4
ENSG00000227154.4	MKRN6P	chr6	35443044	35449847	4	4	4
ENSG00000112039.5	FANCE	chr6	35452338	35467102	4	4	4
ENSG00000198755.11	RPL10A	chr6	35468401	35470785	4	4	4
ENSG00000276712.1	MIR7111	chr6	35470508	35470579	4	4	4
ENSG00000007866.22	TEAD3	chr6	35473597	35497079	4	4	4
ENSG00000112041.13	TULP1	chr6	35497874	35512896	4	4	4
ENSG00000228559.2	AL033519.4	chr6	35539838	35546573	4	4	4
ENSG00000219023.1	AL033519.3	chr6	35555873	35556264	4	4	4
ENSG00000096060.15	FKBP5	chr6	35573585	35728583	4	4	4
ENSG00000218749.1	AL033519.2	chr6	35607628	35607934	4	4	4
ENSG00000287458.1	AL033519.5	chr6	35650997	35652856	4	4	4
ENSG00000212579.1	AL033519.1	chr6	35651818	35651945	4	4	4
ENSG00000265527.1	MIR5690	chr6	35664717	35664789	4	4	4
ENSG00000232909.1	AL157823.2	chr6	35733867	35736947	4	4	4
ENSG00000157343.9	ARMC12	chr6	35737032	35749079	4	4	4
ENSG00000220734.1	AL157823.1	chr6	35765908	35766927	4	4	4
ENSG00000196748.10	CLPSL2	chr6	35776594	35779552	4	4	4
ENSG00000204140.10	CLPSL1	chr6	35781019	35793675	4	4	4
ENSG00000137392.10	CLPS	chr6	35794982	35797344	4	4	4
ENSG00000197753.11	LHFPL5	chr6	35797206	35845397	4	4	4
ENSG00000096063.16	SRPK1	chr6	35832966	35921342	4	4	4
ENSG00000112053.14	SLC26A8	chr6	35943516	36024868	4	4	4
ENSG00000271304.2	DPRXP2	chr6	35989515	35991374	4	4	4
ENSG00000112062.11	MAPK14	chr6	36027677	36111236	4	4	4
ENSG00000237719.1	Z95152.1	chr6	36091991	36092646	4	4	4
ENSG00000156711.17	MAPK13	chr6	36127809	36144524	4	4	4
ENSG00000246982.7	Z84485.1	chr6	36146698	36197205	4	4	4
ENSG00000096070.19	BRPF3	chr6	36196744	36232790	4	4	4
ENSG00000180316.12	PNPLA1	chr6	36243203	36312229	4	4	4
ENSG00000189325.7	BNIP5	chr6	36315761	36336888	4	4	4
ENSG00000010030.14	ETV7	chr6	36354091	36387800	4	4	4
ENSG00000224666.3	ETV7-AS1	chr6	36386831	36393462	4	4	4
ENSG00000179165.11	PXT1	chr6	36390551	36442854	4	4	4
ENSG00000112078.14	KCTD20	chr6	36442767	36491143	4	4	4
ENSG00000240733.3	RN7SL502P	chr6	36450912	36451201	4	4	4
ENSG00000112079.9	STK38	chr6	36493892	36547479	4	4	4
ENSG00000239964.3	RN7SL748P	chr6	36522191	36522501	4	4	4
ENSG00000112081.17	SRSF3	chr6	36594353	36605600	4	4	4
ENSG00000263894.1	MIR3925	chr6	36622436	36622512	4	4	4
ENSG00000238554.1	RNU1-88P	chr6	36639545	36639672	4	4	4
ENSG00000251864.1	Y_RNA	chr6	36672838	36672944	4	4	4
ENSG00000281450.1	PANDAR	chr6	36673621	36675126	4	4	4
ENSG00000213500.3	LAP3P2	chr6	36673817	36675270	4	4	4
ENSG00000124762.14	CDKN1A	chr6	36676460	36687337	4	4	4
ENSG00000285244.1	DINOL	chr6	36677609	36678559	4	4	4
ENSG00000255587.9	RAB44	chr6	36697826	36733184	4	4	4
ENSG00000220349.4	Z85996.1	chr6	36737050	36737986	4	4	4
ENSG00000124772.12	CPNE5	chr6	36740775	36839444	4	4	4
ENSG00000285888.1	Z85996.2	chr6	36768485	36774651	4	4	4
ENSG00000287891.1	Z85996.3	chr6	36841430	36844402	4	4	4
ENSG00000137168.8	PPIL1	chr6	36854827	36874803	4	4	4
ENSG00000198663.17	C6orf89	chr6	36871870	36928964	4	4	4
ENSG00000232598.2	AL122034.1	chr6	36940071	36944675	4	4	4
ENSG00000164530.15	PI16	chr6	36948263	36964837	4	4	4
ENSG00000137409.19	MTCH1	chr6	36968141	36986298	4	4	4
ENSG00000146192.15	FGD2	chr6	37005646	37029069	4	4	4
ENSG00000226976.3	COX6A1P2	chr6	37044860	37045189	4	4	4
ENSG00000216412.4	RPL12P2	chr6	37091314	37091806	4	4	4
ENSG00000137193.14	PIM1	chr6	37170152	37175428	4	4	4
ENSG00000172738.12	TMEM217	chr6	37212178	37258155	4	4	4
ENSG00000286105.1	AL353579.1	chr6	37212181	37257637	4	4	4
ENSG00000065491.8	TBC1D22B	chr6	37257772	37332970	4	4	4
ENSG00000275550.1	AL096712.1	chr6	37295584	37295742	4	4	4
ENSG00000286672.1	AL096712.2	chr6	37301210	37305176	4	4	4
ENSG00000112130.17	RNF8	chr6	37353979	37394734	4	4	4
ENSG00000239953.3	RN7SL273P	chr6	37361185	37361483	4	4	4
ENSG00000137200.13	CMTR1	chr6	37433219	37482827	4	4	4
ENSG00000198937.9	CCDC167	chr6	37482938	37499893	4	4	4
ENSG00000204110.6	LINC02520	chr6	37507348	37535616	4	4	4
ENSG00000229559.2	AL353597.2	chr6	37543553	37547280	4	4	4
ENSG00000227920.3	AL353597.1	chr6	37545145	37550860	4	4	4
ENSG00000263926.1	MIR4462	chr6	37555365	37555422	4	4	4
ENSG00000279942.1	AL353597.3	chr6	37567716	37571460	4	4	4
ENSG00000112139.16	MDGA1	chr6	37630679	37699306	4	4	4
ENSG00000225945.1	AL121574.1	chr6	37815777	37819218	4	4	4
ENSG00000156639.12	ZFAND3	chr6	37819727	38154624	4	4	4
ENSG00000243313.2	RN7SL285P	chr6	37832922	37833185	4	4	4
ENSG00000200597.1	RNVU1-33	chr6	37915573	37915742	4	4	4
ENSG00000218521.1	AL589655.1	chr6	38002832	38003313	4	4	4
ENSG00000183826.18	BTBD9	chr6	38168451	38640148	4	4	4
ENSG00000200706.1	AL033518.1	chr6	38207274	38207345	4	4	4
ENSG00000226533.1	BTBD9-AS1	chr6	38481692	38482531	4	4	4
ENSG00000199938.1	Y_RNA	chr6	38565950	38566055	4	4	4
ENSG00000217227.1	AL079341.1	chr6	38587323	38588529	4	4	4
ENSG00000124767.7	GLO1	chr6	38675925	38703145	4	4	4
ENSG00000236355.2	AL391415.1	chr6	38714051	38715217	4	4	4
ENSG00000124721.18	DNAH8	chr6	38715311	39030792	4	4	4
ENSG00000244297.3	RN7SL465P	chr6	38744086	38744386	4	4	4
ENSG00000219273.1	AL035555.2	chr6	38762905	38764694	4	4	4
ENSG00000212586.1	AL035555.1	chr6	38822307	38822404	4	4	4
ENSG00000231150.5	DNAH8-AS1	chr6	38923029	38953099	4	4	4
ENSG00000220076.1	AL034345.1	chr6	38928031	38928153	4	4	4
ENSG00000220556.4	AL035690.1	chr6	39039603	39039985	4	4	4
ENSG00000112164.6	GLP1R	chr6	39048781	39091303	4	4	4
ENSG00000112167.10	SAYSD1	chr6	39104063	39115186	4	4	4
ENSG00000217165.1	ANKRD18EP	chr6	39110321	39112952	4	4	4
ENSG00000164626.9	KCNK5	chr6	39188971	39229475	4	4	4
ENSG00000124780.14	KCNK17	chr6	39299001	39314461	4	4	4
ENSG00000095981.11	KCNK16	chr6	39314698	39322968	4	4	4
ENSG00000164627.18	KIF6	chr6	39329990	39725408	4	4	4
ENSG00000218986.1	AL136087.1	chr6	39353747	39354172	4	4	4
ENSG00000231276.2	E2F4P1	chr6	39553811	39554943	4	4	4
ENSG00000252990.1	RNU1-54P	chr6	39620345	39620464	4	4	4
ENSG00000146122.17	DAAM2	chr6	39792298	39904877	4	4	4
ENSG00000281969.1	AL592158.1	chr6	39818751	39823227	4	4	4
ENSG00000235033.7	DAAM2-AS1	chr6	39881804	39900071	4	4	4
ENSG00000124615.20	MOCS1	chr6	39899578	39934551	4	4	4
ENSG00000220586.2	TUBBP9	chr6	39934595	40000527	4	4	4
ENSG00000180211.5	FO393411.1	chr6	39958414	39958833	4	4	4
ENSG00000227131.1	AL139275.2	chr6	40271566	40276237	4	4	4
ENSG00000204091.8	TDRG1	chr6	40334775	40387590	4	4	4
ENSG00000204092.2	LINC00951	chr6	40344344	40346151	4	4	4
ENSG00000226070.1	AL139275.1	chr6	40358744	40369474	4	4	4
ENSG00000156564.9	LRFN2	chr6	40391591	40587364	4	4	4
ENSG00000252767.1	RNU6-250P	chr6	40407853	40407955	4	4	4
ENSG00000236075.1	AL359475.1	chr6	40501631	40502393	4	4	4
ENSG00000226454.3	AL033380.1	chr6	40505507	40523963	4	4	4
ENSG00000237947.1	AL583854.1	chr6	40713411	40715363	4	4	4
ENSG00000124602.10	UNC5CL	chr6	41026895	41039221	4	4	4
ENSG00000124596.17	OARD1	chr6	41033627	41097787	4	4	4
ENSG00000112212.12	TSPO2	chr6	41042467	41044337	4	4	4
ENSG00000124701.5	APOBEC2	chr6	41053304	41064511	4	4	4
ENSG00000001167.14	NFYA	chr6	41072945	41099976	4	4	4
ENSG00000287678.1	AL031778.1	chr6	41080624	41101056	4	4	4
ENSG00000161912.18	ADCY10P1	chr6	41101022	41140835	4	4	4
ENSG00000161911.11	TREML1	chr6	41149342	41154337	4	4	4
ENSG00000095970.17	TREM2	chr6	41158506	41163186	4	4	4
ENSG00000112195.9	TREML2	chr6	41189749	41201149	4	4	4
ENSG00000184106.8	TREML3P	chr6	41208713	41217947	4	4	4
ENSG00000188056.12	TREML4	chr6	41228339	41238882	4	4	4
ENSG00000212176.1	RNA5SP207	chr6	41239520	41239626	4	4	4
ENSG00000225690.1	TREML5P	chr6	41247369	41249649	4	4	4
ENSG00000274256.1	AL391903.2	chr6	41250851	41251097	4	4	4
ENSG00000278745.1	AL391903.3	chr6	41252696	41252858	4	4	4
ENSG00000124731.13	TREM1	chr6	41267926	41286682	4	4	4
ENSG00000218809.1	AL391903.1	chr6	41269875	41270239	4	4	4
ENSG00000206745.1	RNU6-643P	chr6	41302466	41302572	4	4	4
ENSG00000213461.3	AL672212.1	chr6	41308166	41308565	4	4	4
ENSG00000096264.14	NCR2	chr6	41335608	41350889	4	4	4
ENSG00000279284.1	AL136967.1	chr6	41381392	41381832	4	4	4
ENSG00000280371.1	AL136967.2	chr6	41405819	41406561	4	4	4
ENSG00000234753.5	FOXP4-AS1	chr6	41494853	41548621	4	4	4
ENSG00000226917.6	LINC01276	chr6	41499033	41519852	4	4	4
ENSG00000137166.16	FOXP4	chr6	41546426	41602384	4	4	4
ENSG00000266494.1	MIR4641	chr6	41598723	41598788	4	4	4
ENSG00000112559.15	MDFI	chr6	41636882	41654244	4	4	4
ENSG00000230913.1	NPM1P51	chr6	41666906	41667649	4	4	4
ENSG00000112561.19	TFEB	chr6	41683978	41736259	4	4	4
ENSG00000231102.1	AL035588.1	chr6	41720396	41734032	4	4	4
ENSG00000096088.16	PGC	chr6	41736711	41754109	4	4	4
ENSG00000269387.1	AL365205.4	chr6	41764292	41764460	4	4	4
ENSG00000137218.10	FRS3	chr6	41770176	41786542	4	4	4
ENSG00000124593.16	AL365205.1	chr6	41780349	41790141	4	4	4
ENSG00000278224.7	PRICKLE4	chr6	41780782	41787452	4	4	4
ENSG00000214736.8	TOMM6	chr6	41787662	41789898	4	4	4
ENSG00000164663.14	USP49	chr6	41789896	41895361	4	4	4
ENSG00000268745.1	AL365205.3	chr6	41791410	41791477	4	4	4
ENSG00000206977.1	AL365205.2	chr6	41832854	41832993	4	4	4
ENSG00000227516.1	AL160163.1	chr6	41868622	41869731	4	4	4
ENSG00000124641.16	MED20	chr6	41905354	41921139	4	4	4
ENSG00000207371.1	Y_RNA	chr6	41917416	41917526	4	4	4
ENSG00000112578.10	BYSL	chr6	41921499	41933046	4	4	4
ENSG00000112576.13	CCND3	chr6	41934934	42050357	4	4	4
ENSG00000206875.1	RNU6-761P	chr6	42018408	42018514	4	4	4
ENSG00000223946.1	AL513008.1	chr6	42030053	42031382	4	4	4
ENSG00000137413.16	TAF8	chr6	42050513	42087461	4	4	4
ENSG00000261068.2	AL512274.1	chr6	42092233	42094259	4	4	4
ENSG00000188112.9	C6orf132	chr6	42101119	42142620	4	4	4
ENSG00000214732.3	AL096814.1	chr6	42155406	42163439	4	4	4
ENSG00000287363.2	AL096814.2	chr6	42155406	42180056	4	4	4
ENSG00000048545.16	GUCA1A	chr6	42155406	42181338	4	4	4
ENSG00000112599.9	GUCA1B	chr6	42183284	42194956	4	4	4
ENSG00000048544.6	MRPS10	chr6	42206807	42217861	4	4	4
ENSG00000124496.12	TRERF1	chr6	42224931	42452051	4	4	4
ENSG00000237107.3	AL591473.1	chr6	42499710	42500022	4	4	4
ENSG00000024048.11	UBR2	chr6	42564029	42693505	4	4	4
ENSG00000206848.1	RNU6-890P	chr6	42664162	42664268	4	4	4
ENSG00000112619.8	PRPH2	chr6	42696598	42722597	4	4	4
ENSG00000213435.3	ATP6V0CP3	chr6	42727234	42727700	4	4	4
ENSG00000124659.7	TBCC	chr6	42744498	42746103	4	4	4
ENSG00000112624.12	BICRAL	chr6	42746958	42868560	4	4	4
ENSG00000146223.16	RPL7L1	chr6	42879616	42889925	4	4	4
ENSG00000221821.4	C6orf226	chr6	42890265	42890821	4	4	4
ENSG00000288010.1	AL035587.3	chr6	42893761	42903072	4	4	4
ENSG00000171611.10	PTCRA	chr6	42915989	42925838	4	4	4
ENSG00000287825.1	AL035587.2	chr6	42928287	42929457	4	4	4
ENSG00000137161.17	CNPY3	chr6	42929192	42939294	4	4	4
ENSG00000231113.2	AL035587.1	chr6	42940364	42948360	4	4	4
ENSG00000181524.6	RPL24P4	chr6	42956345	42956765	4	4	4
ENSG00000124713.6	GNMT	chr6	42960754	42963880	4	4	4
ENSG00000124587.14	PEX6	chr6	42963865	42979181	4	4	4
ENSG00000112640.16	PPP2R5D	chr6	42984553	43012342	4	4	4
ENSG00000124733.5	MEA1	chr6	43011143	43016868	4	4	4
ENSG00000124702.18	KLHDC3	chr6	43014103	43021298	4	4	4
ENSG00000124541.7	RRP36	chr6	43021623	43034156	4	4	4
ENSG00000272223.1	AL136304.1	chr6	43033897	43034405	4	4	4
ENSG00000240625.3	RN7SL403P	chr6	43036196	43036500	4	4	4
ENSG00000044090.10	CUL7	chr6	43037617	43053945	4	4	4
ENSG00000137171.15	KLC4	chr6	43040777	43075095	4	4	4
ENSG00000288564.1	AL355385.2	chr6	43051066	43058185	4	4	4
ENSG00000112651.12	MRPL2	chr6	43054029	43059438	4	4	4
ENSG00000272170.1	AL355385.1	chr6	43074331	43074739	4	4	4
ENSG00000112655.16	PTK7	chr6	43076307	43161719	4	4	4
ENSG00000112658.8	SRF	chr6	43171269	43181506	4	4	4
ENSG00000112659.14	CUL9	chr6	43182184	43224587	4	4	4
ENSG00000245261.1	AL133375.1	chr6	43213801	43223860	4	4	4
ENSG00000112667.13	DNPH1	chr6	43225629	43229481	4	4	4
ENSG00000146216.13	TTBK1	chr6	43243481	43288258	4	4	4
ENSG00000137204.15	SLC22A7	chr6	43295694	43305538	4	4	4
ENSG00000146215.14	CRIP3	chr6	43299710	43308826	4	4	4
ENSG00000171467.16	ZNF318	chr6	43307134	43369647	4	4	4
ENSG00000219222.1	RPL12P47	chr6	43310231	43310357	4	4	4
ENSG00000220614.1	AL583834.1	chr6	43328134	43328476	4	4	4
ENSG00000179157.4	RPS2P28	chr6	43363479	43364219	4	4	4
ENSG00000226558.1	AL590383.1	chr6	43364220	43364294	4	4	4
ENSG00000287055.1	AL359813.1	chr6	43370026	43425283	4	4	4
ENSG00000287266.1	AL359813.2	chr6	43403815	43408341	4	4	4
ENSG00000124574.15	ABCC10	chr6	43427366	43450427	4	4	4
ENSG00000276770.1	MIR6780B	chr6	43434542	43434620	4	4	4
ENSG00000171462.15	DLK2	chr6	43450352	43456632	4	4	4
ENSG00000207076.1	RNU6-1113P	chr6	43474186	43474292	4	4	4
ENSG00000137221.14	TJAP1	chr6	43477523	43506556	4	4	4
ENSG00000204052.4	LRRC73	chr6	43506969	43510686	4	4	4
ENSG00000171453.20	POLR1C	chr6	43509702	43562419	4	4	4
ENSG00000137207.12	YIPF3	chr6	43511832	43516985	4	4	4
ENSG00000271754.1	AL355802.3	chr6	43519180	43519724	4	4	4
ENSG00000124571.18	XPO5	chr6	43522334	43576038	4	4	4
ENSG00000219470.1	AL355802.1	chr6	43538822	43539703	4	4	4
ENSG00000252218.1	AL355802.2	chr6	43544144	43544270	4	4	4
ENSG00000170734.12	POLH	chr6	43576185	43620523	4	4	4
ENSG00000203362.2	POLH-AS1	chr6	43588230	43591362	4	4	4
ENSG00000172432.19	GTPBP2	chr6	43605316	43629264	4	4	4
ENSG00000124688.14	MAD2L1BP	chr6	43629540	43640941	4	4	4
ENSG00000172426.16	RSPH9	chr6	43645036	43672600	4	4	4
ENSG00000096080.12	MRPS18A	chr6	43671202	43687791	4	4	4
ENSG00000218107.1	AL136131.1	chr6	43705949	43706751	4	4	4
ENSG00000236961.1	AL136131.2	chr6	43722786	43737834	4	4	4
ENSG00000112715.25	VEGFA	chr6	43770184	43786487	4	4	4
ENSG00000272114.1	AL136131.3	chr6	43770429	43770616	4	4	4
ENSG00000283573.1	AL157371.2	chr6	43803193	43842625	4	4	4
ENSG00000283215.2	LINC02537	chr6	43844878	43852317	4	4	4
ENSG00000223469.1	AL157371.1	chr6	43851757	43852333	4	4	4
ENSG00000237686.7	AL109615.3	chr6	43995723	44074652	4	4	4
ENSG00000181577.16	C6orf223	chr6	44000580	44007612	4	4	4
ENSG00000231881.2	AL109615.2	chr6	44058792	44089288	4	4	4
ENSG00000183239.5	AL109615.1	chr6	44089242	44089696	4	4	4
ENSG00000287562.1	AL109615.4	chr6	44090787	44095585	4	4	4
ENSG00000180992.7	MRPL14	chr6	44113451	44127452	4	4	4
ENSG00000137216.19	TMEM63B	chr6	44126914	44155519	4	4	4
ENSG00000137225.13	CAPN11	chr6	44158811	44184401	4	4	4
ENSG00000265439.2	RN7SL811P	chr6	44209766	44210063	4	4	4
ENSG00000262179.3	MYMX	chr6	44216926	44218234	4	4	4
ENSG00000112759.19	SLC29A1	chr6	44219553	44234142	4	4	4
ENSG00000096384.20	HSP90AB1	chr6	44246166	44253888	4	4	4
ENSG00000157593.19	SLC35B2	chr6	44254096	44257890	4	4	4
ENSG00000284427.1	MIR4647	chr6	44254206	44254285	4	4	4
ENSG00000146232.17	NFKBIE	chr6	44258166	44265788	4	4	4
ENSG00000178233.18	TMEM151B	chr6	44270450	44307506	4	4	4
ENSG00000272442.2	AL353588.1	chr6	44273194	44378957	4	4	4
ENSG00000146221.10	TCTE1	chr6	44278734	44297698	4	4	4
ENSG00000124608.5	AARS2	chr6	44298731	44313347	4	4	4
ENSG00000249481.7	SPATS1	chr6	44342650	44380179	4	4	4
ENSG00000096401.8	CDC5L	chr6	44387706	44450425	4	4	4
ENSG00000266619.1	MIR4642	chr6	44435641	44435722	4	4	4
ENSG00000237530.2	AL136140.1	chr6	44513262	44527448	4	4	4
ENSG00000279076.1	AL136140.2	chr6	44551577	44553281	4	4	4
ENSG00000286417.1	AL133334.1	chr6	44727921	44830188	4	4	4
ENSG00000196284.17	SUPT3H	chr6	44809317	45377953	4	4	4
ENSG00000270900.1	NUDT19P4	chr6	44898711	44899295	4	4	4
ENSG00000276156.1	AL138880.2	chr6	45097496	45097976	4	4	4
ENSG00000277769.1	RBM22P4	chr6	45098021	45099260	4	4	4
ENSG00000219384.1	AL138880.1	chr6	45158870	45159511	4	4	4
ENSG00000207769.1	MIR586	chr6	45197674	45197770	4	4	4
ENSG00000124813.23	RUNX2	chr6	45328157	45664349	4	4	4
ENSG00000271857.1	AL096865.1	chr6	45421079	45422005	4	4	4
ENSG00000261080.1	RUNX2-AS1	chr6	45573346	45576770	4	4	4
ENSG00000112782.19	CLIC5	chr6	45880827	46080348	4	4	4
ENSG00000212468.1	RNU6-754P	chr6	46018745	46018851	4	4	4
ENSG00000231769.3	AL035701.1	chr6	46096004	46129857	4	4	4
ENSG00000001561.7	ENPP4	chr6	46129989	46146688	4	4	4
ENSG00000112796.10	ENPP5	chr6	46159185	46170980	4	4	4
ENSG00000229349.2	ACTG1P9	chr6	46204729	46207386	4	4	4
ENSG00000172348.15	RCAN2	chr6	46220736	46491972	4	4	4
ENSG00000226541.1	AL359633.1	chr6	46438310	46438619	4	4	4
ENSG00000236466.2	AL035670.1	chr6	46492052	46606162	4	4	4
ENSG00000146233.8	CYP39A1	chr6	46549580	46652830	4	4	4
ENSG00000153291.16	SLC25A27	chr6	46652915	46678190	4	4	4
ENSG00000242973.6	AL591242.1	chr6	46670444	46688165	4	4	4
ENSG00000180113.16	TDRD6	chr6	46687875	46704319	4	4	4
ENSG00000146070.17	PLA2G7	chr6	46704201	46735693	4	4	4
ENSG00000230062.5	ANKRD66	chr6	46746917	46759506	4	4	4
ENSG00000236164.1	AL161618.1	chr6	46758296	46761158	4	4	4
ENSG00000112818.10	MEP1A	chr6	46793389	46839782	4	4	4
ENSG00000069122.19	ADGRF5	chr6	46852522	46954943	4	4	4
ENSG00000225730.1	ADGRF5-AS1	chr6	46903471	46909078	4	4	4
ENSG00000153292.16	ADGRF1	chr6	46997708	47042350	4	4	4
ENSG00000146072.6	TNFRSF21	chr6	47231532	47309905	4	4	4
ENSG00000271328.1	B3GNTL1P2	chr6	47368943	47369230	4	4	4
ENSG00000287485.1	AL451166.1	chr6	47374561	47397398	4	4	4
ENSG00000270761.1	AL355353.1	chr6	47477243	47477572	4	4	4
ENSG00000198087.7	CD2AP	chr6	47477789	47627263	4	4	4
ENSG00000199762.1	Y_RNA	chr6	47489067	47489170	4	4	4
ENSG00000216813.1	AL358178.1	chr6	47562622	47563018	4	4	4
ENSG00000164393.8	ADGRF2	chr6	47656436	47697797	4	4	4
ENSG00000153294.12	ADGRF4	chr6	47685864	47722021	4	4	4
ENSG00000252711.1	RN7SKP116	chr6	47715283	47715601	4	4	4
ENSG00000226594.1	AL356421.2	chr6	47729827	47740741	4	4	4
ENSG00000216616.1	AL356421.1	chr6	47752828	47753240	4	4	4
ENSG00000124818.15	OPN5	chr6	47781982	47832780	4	4	4
ENSG00000200340.1	RNU1-105P	chr6	47823390	47823550	4	4	4
ENSG00000244694.7	PTCHD4	chr6	47878028	48068689	4	4	4
ENSG00000286811.1	AL353138.1	chr6	48069213	48111078	4	4	4
ENSG00000226068.1	HNRNPA3P4	chr6	48149203	48150005	4	4	4
ENSG00000216835.3	RBMXP1	chr6	48213604	48214794	4	4	4
ENSG00000278736.1	FO393412.1	chr6	48701491	48701872	4	4	4
ENSG00000287137.1	AL391538.1	chr6	48754649	48795513	4	4	4
ENSG00000271162.1	AL022099.1	chr6	48952070	48952781	4	4	4
ENSG00000218337.1	AL589994.1	chr6	49077712	49078051	4	4	4
ENSG00000274867.1	AL589994.2	chr6	49115537	49116115	4	4	4
ENSG00000217631.1	FO393413.1	chr6	49273600	49273794	4	4	4
ENSG00000252457.1	RNU7-65P	chr6	49344800	49344861	4	4	4
ENSG00000277043.1	EEF1A1P42	chr6	49358185	49360420	4	4	4
ENSG00000146085.8	MMUT	chr6	49430360	49463253	4	4	4
ENSG00000031691.7	CENPQ	chr6	49463370	49493107	4	4	4
ENSG00000203972.10	GLYATL3	chr6	49499923	49528078	4	4	4
ENSG00000197261.11	C6orf141	chr6	49550646	49561907	4	4	4
ENSG00000216998.1	CYP2AC1P	chr6	49565924	49580166	4	4	4
ENSG00000112077.17	RHAG	chr6	49605175	49636839	4	4	4
ENSG00000124490.14	CRISP2	chr6	49692358	49713590	4	4	4
ENSG00000235122.4	AL121974.1	chr6	49714325	49820503	4	4	4
ENSG00000279127.1	AL121950.1	chr6	49721931	49724007	4	4	4
ENSG00000096006.12	CRISP3	chr6	49727376	49744437	4	4	4
ENSG00000170950.6	PGK2	chr6	49785660	49787285	4	4	4
ENSG00000226707.1	AL359458.1	chr6	49823712	49824782	4	4	4
ENSG00000124812.15	CRISP1	chr6	49834257	49877096	4	4	4
ENSG00000214643.6	DEFB133	chr6	49946021	49950265	4	4	4
ENSG00000177684.4	DEFB114	chr6	49960249	49964164	4	4	4
ENSG00000214642.1	DEFB113	chr6	49968677	49969625	4	4	4
ENSG00000203970.4	DEFB110	chr6	50009138	50021994	4	4	4
ENSG00000180872.7	DEFB112	chr6	50042099	50049929	4	4	4
ENSG00000226733.4	AL138826.1	chr6	50093389	50181007	4	4	4
ENSG00000286405.1	AL132799.1	chr6	50411844	50415875	4	4	4
ENSG00000233470.1	AL360175.1	chr6	50514035	50521104	4	4	4
ENSG00000230472.5	AL135908.1	chr6	50587607	50637205	4	4	4
ENSG00000008197.5	TFAP2D	chr6	50713526	50773033	4	4	4
ENSG00000008196.13	TFAP2B	chr6	50818723	50847619	4	4	4
ENSG00000060303.5	RPS17P5	chr6	50857255	50857662	4	4	4
ENSG00000216913.2	AL049693.1	chr6	50897615	50898225	4	4	4
ENSG00000230204.1	FTH1P5	chr6	50912712	50913256	4	4	4
ENSG00000270306.1	AL158050.2	chr6	51385282	51385849	4	4	4
ENSG00000232702.3	AL158050.1	chr6	51410081	51410537	4	4	4
ENSG00000212532.1	AL365219.1	chr6	51464690	51464765	4	4	4
ENSG00000214641.3	AL445529.1	chr6	51537155	51537543	4	4	4
ENSG00000228689.8	AL355997.1	chr6	51599723	51623428	4	4	4
ENSG00000170927.15	PKHD1	chr6	51615299	52087613	4	4	4
ENSG00000240641.3	RN7SL580P	chr6	51975673	51975959	4	4	4
ENSG00000207604.3	MIR206	chr6	52144349	52144434	4	4	4
ENSG00000225613.2	LINCMD1	chr6	52146814	52151119	4	4	4
ENSG00000199080.1	MIR133B	chr6	52148923	52149041	4	4	4
ENSG00000112115.7	IL17A	chr6	52186375	52190638	4	4	4
ENSG00000112116.10	IL17F	chr6	52236681	52244500	4	4	4
ENSG00000218363.1	SLC25A20P1	chr6	52246460	52247362	4	4	4
ENSG00000112118.20	MCM3	chr6	52264014	52284881	4	4	4
ENSG00000170915.9	PAQR8	chr6	52361421	52407777	4	4	4
ENSG00000096093.16	EFHC1	chr6	52362123	52529886	4	4	4
ENSG00000065308.5	TRAM2	chr6	52497408	52577060	4	4	4
ENSG00000225791.7	TRAM2-AS1	chr6	52576787	52643058	4	4	4
ENSG00000270382.1	AL109918.2	chr6	52657373	52657651	4	4	4
ENSG00000216775.3	AL109918.1	chr6	52664366	52669155	4	4	4
ENSG00000096092.6	TMEM14A	chr6	52671113	52686588	4	4	4
ENSG00000220377.1	GSTA8P	chr6	52687930	52703825	4	4	4
ENSG00000271227.1	SREK1IP1P2	chr6	52688661	52688998	4	4	4
ENSG00000237674.1	GSTA7P	chr6	52739590	52744656	4	4	4
ENSG00000244067.3	GSTA2	chr6	52750087	52763475	4	4	4
ENSG00000217228.1	GSTA12P	chr6	52765280	52778347	4	4	4
ENSG00000243955.6	GSTA1	chr6	52791371	52803860	4	4	4
ENSG00000223622.2	GSTA6P	chr6	52805613	52813460	4	4	4
ENSG00000182793.12	GSTA5	chr6	52831655	52840843	4	4	4
ENSG00000230375.1	GSTA11P	chr6	52847910	52870329	4	4	4
ENSG00000230845.1	GSTA10P	chr6	52873014	52879940	4	4	4
ENSG00000174156.15	GSTA3	chr6	52896639	52909698	4	4	4
ENSG00000243236.6	GSTA9P	chr6	52939726	52957521	4	4	4
ENSG00000288014.1	AL121969.1	chr6	52970650	52970866	4	4	4
ENSG00000170899.11	GSTA4	chr6	52977948	52995304	4	4	4
ENSG00000202198.1	7SK	chr6	52995620	52995950	4	4	4
ENSG00000283293.1	RN7SK	chr6	52995621	52995948	4	4	4
ENSG00000112144.16	CILK1	chr6	53001279	53061824	4	4	4
ENSG00000288614.1	AL031178.1	chr6	53041266	53041385	4	4	4
ENSG00000112146.17	FBXO9	chr6	53051991	53100873	4	4	4
ENSG00000288646.1	AL031178.2	chr6	53065602	53065673	4	4	4
ENSG00000242865.3	RN7SL244P	chr6	53090961	53091257	4	4	4
ENSG00000261745.2	AL512347.1	chr6	53125644	53126146	4	4	4
ENSG00000137270.11	GCM1	chr6	53126961	53148841	4	4	4
ENSG00000253026.1	RNU6-464P	chr6	53153795	53153898	4	4	4
ENSG00000219074.1	SOD1P1	chr6	53196720	53197159	4	4	4
ENSG00000218713.1	AL512378.1	chr6	53206598	53208697	4	4	4
ENSG00000206908.1	RNU1-136P	chr6	53219261	53219424	4	4	4
ENSG00000219163.2	HMGB1P20	chr6	53235621	53236297	4	4	4
ENSG00000012660.14	ELOVL5	chr6	53267398	53349179	4	4	4
ENSG00000264056.1	MIR5685	chr6	53276993	53277071	4	4	4
ENSG00000217527.1	RPS16P5	chr6	53336943	53337346	4	4	4
ENSG00000271367.1	AL034374.1	chr6	53350158	53350705	4	4	4
ENSG00000219863.5	RPL31P28	chr6	53354715	53355065	4	4	4
ENSG00000218049.1	RPL31P33	chr6	53368670	53369009	4	4	4
ENSG00000218261.1	RPA3P2	chr6	53378503	53378861	4	4	4
ENSG00000271338.1	AL591034.1	chr6	53381519	53382203	4	4	4
ENSG00000253010.1	RN7SKP256	chr6	53415294	53415607	4	4	4
ENSG00000271373.1	NANOGP3	chr6	53418452	53418737	4	4	4
ENSG00000001084.13	GCLC	chr6	53497341	53616970	4	4	4
ENSG00000249379.2	AL033397.2	chr6	53503109	53507660	4	4	4
ENSG00000231683.6	AL033397.1	chr6	53561289	53617171	4	4	4
ENSG00000235899.2	LINC01564	chr6	53616471	53631400	4	4	4
ENSG00000124743.6	KLHL31	chr6	53647916	53665756	4	4	4
ENSG00000227885.3	AL590652.1	chr6	53739266	53794904	4	4	4
ENSG00000137269.15	LRRC1	chr6	53794497	53924125	4	4	4
ENSG00000271218.1	AL033384.2	chr6	53918974	53920788	4	4	4
ENSG00000146147.15	MLIP	chr6	53929982	54266280	4	4	4
ENSG00000236740.6	AL033384.1	chr6	53930022	53997667	4	4	4
ENSG00000235050.6	MLIP-AS1	chr6	53978549	54079726	4	4	4
ENSG00000236996.1	MLIP-IT1	chr6	53998890	54007152	4	4	4
ENSG00000218143.2	ERHP2	chr6	54016479	54016777	4	4	4
ENSG00000287745.1	AL359380.1	chr6	54190206	54190709	4	4	4
ENSG00000137251.16	TINAG	chr6	54307859	54390142	4	4	4
ENSG00000228231.2	TINAG-AS1	chr6	54365335	54369971	4	4	4
ENSG00000213335.4	CLNS1AP1	chr6	54485169	54485850	4	4	4
ENSG00000216347.1	RPL10P10	chr6	54602487	54603150	4	4	4
ENSG00000220773.1	RPSAP44	chr6	54624605	54625488	4	4	4
ENSG00000220635.2	KRASP1	chr6	54770583	54771134	4	4	4
ENSG00000251946.1	RNU6-1023P	chr6	54786387	54786492	4	4	4
ENSG00000224984.1	AL512363.1	chr6	54840118	54840855	4	4	4
ENSG00000168143.9	FAM83B	chr6	54846771	54945099	4	4	4
ENSG00000261116.1	AL049555.1	chr6	54943167	54945099	4	4	4
ENSG00000137252.9	HCRTR2	chr6	55106460	55282620	4	4	4
ENSG00000187871.2	GFRAL	chr6	55327469	55402493	4	4	4
ENSG00000146151.14	HMGCLL1	chr6	55434373	55579197	4	4	4
ENSG00000220725.1	AL590290.1	chr6	55680642	55681021	4	4	4
ENSG00000112175.8	BMP5	chr6	55753653	55875590	4	4	4
ENSG00000214604.3	NPM1P36	chr6	55939790	55940624	4	4	4
ENSG00000124749.17	COL21A1	chr6	56056590	56394094	4	4	4
ENSG00000219095.1	DHFRP6	chr6	56276529	56276796	4	4	4
ENSG00000227602.1	AL031779.1	chr6	56331788	56332117	4	4	4
ENSG00000220666.2	RCC2P7	chr6	56431950	56433213	4	4	4
ENSG00000151914.20	DST	chr6	56457987	56954649	4	4	4
ENSG00000231441.2	DST-AS1	chr6	56843928	56864078	4	4	4
ENSG00000216854.2	RPL17P26	chr6	56871191	56871743	4	4	4
ENSG00000200224.2	RNU6-626P	chr6	56945730	56945836	4	4	4
ENSG00000151917.18	BEND6	chr6	56955107	57027346	4	4	4
ENSG00000219790.3	OSTCP6	chr6	56975606	56976062	4	4	4
ENSG00000218980.2	FTH1P15	chr6	57004520	57004799	4	4	4
ENSG00000276576.1	MRPL30P1	chr6	57029521	57029988	4	4	4
ENSG00000168116.14	KIAA1586	chr6	57046532	57055239	4	4	4
ENSG00000112200.17	ZNF451	chr6	57086844	57170305	4	4	4
ENSG00000226803.9	ZNF451-AS1	chr6	57114894	57174236	4	4	4
ENSG00000112208.11	BAG2	chr6	57172326	57189833	4	4	4
ENSG00000112210.12	RAB23	chr6	57186992	57222307	4	4	4
ENSG00000146143.19	PRIM2	chr6	57314805	57646850	4	4	4
ENSG00000212017.2	MIR548U	chr6	57390132	57390212	4	4	4
ENSG00000266579.1	FO680682.1	chr6	57493855	57497691	4	4	4
ENSG00000272541.1	AL021368.3	chr6	57855891	57856468	4	4	4
ENSG00000286723.1	AL021368.5	chr6	57880071	57884297	4	4	4
ENSG00000271761.1	AL021368.1	chr6	57902609	57903148	4	4	4
ENSG00000272316.1	AL021368.2	chr6	57908560	57913911	4	4	4
ENSG00000239650.4	GUSBP4	chr6	57919784	57930291	4	4	4
ENSG00000283352.1	AL021368.4	chr6	57919912	57961382	4	4	4
ENSG00000218189.4	POM121L14P	chr6	57937458	57939015	4	4	4
ENSG00000215190.9	LINC00680	chr6	57946074	57961501	4	4	4
ENSG00000225096.3	AL445250.1	chr6	57961438	58438364	4	4	4
ENSG00000214563.2	GAPDHP15	chr6	57967687	57968661	4	4	4
ENSG00000216687.2	AL390237.1	chr6	58071720	58073134	4	4	4
ENSG00000214561.3	RBBP4P4	chr6	58119741	58121029	4	4	4
ENSG00000275046.1	AL603755.1	chr6	58386799	58386961	4	4	4
ENSG00000283453.2	AC244258.1	chr6	60281444	60546660	4	4	4
ENSG00000277172.1	GAPDHP41	chr6	60719222	60720196	4	4	4
ENSG00000275773.1	AL590227.1	chr6	60723148	60723898	4	4	4
ENSG00000287598.1	AL512427.2	chr6	60789805	60942327	4	4	4
ENSG00000274844.1	AL512427.1	chr6	60826185	60826533	4	4	4
ENSG00000276290.1	RBBP4P3	chr6	60873360	60874642	4	4	4
ENSG00000220030.1	AL356131.1	chr6	61240898	61241311	4	4	4
ENSG00000255633.5	MTRNR2L9	chr6	61574328	61574402	4	4	4
ENSG00000250686.2	KHDRBS2-OT1	chr6	61630233	61681049	4	4	4
ENSG00000112232.10	KHDRBS2	chr6	61679961	62286225	4	4	4
ENSG00000287679.1	AL355347.1	chr6	61870097	61893882	4	4	4
ENSG00000216859.1	DHFRP5	chr6	62460940	62461503	4	4	4
ENSG00000217067.2	AL355375.1	chr6	62547427	62548272	4	4	4
ENSG00000262566.1	AL355375.2	chr6	62611153	62611327	4	4	4
ENSG00000217477.2	AL450346.1	chr6	63193072	63193630	4	4	4
ENSG00000198225.5	FKBP1C	chr6	63211446	63213024	4	4	4
ENSG00000219940.2	SPTLC1P3	chr6	63227485	63227743	4	4	4
ENSG00000218520.5	AL450346.2	chr6	63229087	63230110	4	4	4
ENSG00000146166.17	LGSN	chr6	63275951	63319983	4	4	4
ENSG00000218617.1	AL121949.3	chr6	63392222	63392606	4	4	4
ENSG00000218274.2	AL121949.2	chr6	63395007	63397106	4	4	4
ENSG00000218048.2	AL121949.1	chr6	63440766	63443580	4	4	4
ENSG00000225121.2	EEF1B2P5	chr6	63480134	63481876	4	4	4
ENSG00000112245.12	PTP4A1	chr6	63521746	63583436	4	4	4
ENSG00000213312.3	RPL7AP34	chr6	63548708	63549508	4	4	4
ENSG00000266680.1	AL135905.1	chr6	63571005	63572408	4	4	4
ENSG00000285976.2	AL135905.2	chr6	63572472	63583587	4	4	4
ENSG00000262651.1	AL513043.1	chr6	63612761	63612903	4	4	4
ENSG00000213309.3	RPL9P18	chr6	63615827	63616361	4	4	4
ENSG00000118482.12	PHF3	chr6	63635802	63779336	4	4	4
ENSG00000188107.15	EYS	chr6	63719980	65707226	4	4	4
ENSG00000218813.1	AL354719.1	chr6	63797189	63798031	4	4	4
ENSG00000236345.1	SCAT8	chr6	63806836	63822642	4	4	4
ENSG00000219653.1	GCNT1P4	chr6	63857441	63857769	4	4	4
ENSG00000232120.1	AL357375.1	chr6	64377795	64412779	4	4	4
ENSG00000217811.1	HNRNPDP2	chr6	64631205	64631682	4	4	4
ENSG00000243828.2	AL355357.1	chr6	64728837	64733837	4	4	4
ENSG00000214558.4	AL365217.1	chr6	65302522	65304957	4	4	4
ENSG00000220483.4	SLC25A51P1	chr6	65788417	65789287	4	4	4
ENSG00000233859.2	ADH5P4	chr6	65836930	65838039	4	4	4
ENSG00000218890.1	NUFIP1P1	chr6	66093431	66094909	4	4	4
ENSG00000270521.1	AL450336.1	chr6	66710242	66710827	4	4	4
ENSG00000238949.1	RNU7-66P	chr6	66728843	66728904	4	4	4
ENSG00000212229.1	AL591004.1	chr6	67210408	67210480	4	4	4
ENSG00000271111.1	AL365503.1	chr6	67456346	67457250	4	4	4
ENSG00000251965.1	RNA5SP208	chr6	67467231	67467308	4	4	4
ENSG00000201015.1	RNU6-280P	chr6	67546651	67546754	4	4	4
ENSG00000206672.1	Y_RNA	chr6	67625356	67625464	4	4	4
ENSG00000227706.4	AL713998.1	chr6	67878316	67889339	4	4	4
ENSG00000286680.1	AL713998.3	chr6	67884041	67986503	4	4	4
ENSG00000287557.1	AL713998.4	chr6	67888977	67998751	4	4	4
ENSG00000270509.1	AL713998.2	chr6	67933485	67934682	4	4	4
ENSG00000285838.2	AL646090.2	chr6	68040290	68093001	4	4	4
ENSG00000223504.1	AL646090.1	chr6	68055351	68060502	4	4	4
ENSG00000286564.1	AL593844.1	chr6	68223667	68242364	4	4	4
ENSG00000226497.1	LINC02549	chr6	68226972	68329899	4	4	4
ENSG00000288088.1	AL606923.2	chr6	68332019	68576191	4	4	4
ENSG00000218834.1	AL606923.1	chr6	68598204	68598393	4	4	4
ENSG00000230910.4	AL391807.1	chr6	68627879	68635161	4	4	4
ENSG00000135298.14	ADGRB3	chr6	68635282	69389506	4	4	4
ENSG00000168216.13	LMBRD1	chr6	69672757	69867236	4	4	4
ENSG00000219085.1	NPM1P37	chr6	69705287	69706160	4	4	4
ENSG00000219881.1	GAPDHP42	chr6	69745871	69746851	4	4	4
ENSG00000082293.13	COL19A1	chr6	69866556	70212468	4	4	4
ENSG00000216365.2	RPL37P15	chr6	70098390	70098676	4	4	4
ENSG00000112280.17	COL9A1	chr6	70216040	70303084	4	4	4
ENSG00000253809.1	AL160262.1	chr6	70222758	70242156	4	4	4
ENSG00000287300.1	AL080275.1	chr6	70345919	70351802	4	4	4
ENSG00000237643.2	AL365226.1	chr6	70394881	70403117	4	4	4
ENSG00000224349.2	FAM135A-AS1	chr6	70412828	70413950	4	4	4
ENSG00000082269.17	FAM135A	chr6	70412941	70561174	4	4	4
ENSG00000238386.1	RNU7-48P	chr6	70513294	70513356	4	4	4
ENSG00000154079.6	SDHAF4	chr6	70566917	70589569	4	4	4
ENSG00000271967.1	AL583856.2	chr6	70596438	70596980	4	4	4
ENSG00000232389.1	AL583856.1	chr6	70608234	70609334	4	4	4
ENSG00000218870.1	SLC25A6P6	chr6	70663502	70664279	4	4	4
ENSG00000112305.15	SMAP1	chr6	70667776	70862011	4	4	4
ENSG00000262803.1	AL354943.1	chr6	70693839	70694619	4	4	4
ENSG00000217767.2	NDUFAB1P1	chr6	70734503	70734962	4	4	4
ENSG00000112309.11	B3GAT2	chr6	70856679	70957060	4	4	4
ENSG00000287939.1	AL096709.1	chr6	71028582	71058476	4	4	4
ENSG00000219669.1	BECN1P2	chr6	71075564	71076375	4	4	4
ENSG00000221345.2	U3	chr6	71126893	71127105	4	4	4
ENSG00000218350.1	LYPLA1P3	chr6	71165076	71165770	4	4	4
ENSG00000207180.1	RNU6-411P	chr6	71182612	71182718	4	4	4
ENSG00000232295.7	AL589935.1	chr6	71221457	71328228	4	4	4
ENSG00000287380.1	AL589935.3	chr6	71238743	71240947	4	4	4
ENSG00000276127.1	AL589935.2	chr6	71251758	71252988	4	4	4
ENSG00000119900.9	OGFRL1	chr6	71288811	71309059	4	4	4
ENSG00000269966.1	AL136164.2	chr6	71295173	71417436	4	4	4
ENSG00000230597.1	AL136164.1	chr6	71328942	71329806	4	4	4
ENSG00000233237.8	LINC00472	chr6	71343427	71420745	4	4	4
ENSG00000199094.3	MIR30C2	chr6	71376960	71377031	4	4	4
ENSG00000279289.1	AL136164.3	chr6	71386852	71390829	4	4	4
ENSG00000207827.1	MIR30A	chr6	71403551	71403621	4	4	4
ENSG00000223765.3	LINC01626	chr6	71450834	71458874	4	4	4
ENSG00000285963.1	AL035467.2	chr6	71532070	71534715	4	4	4
ENSG00000219575.1	AL035467.1	chr6	71550958	71551643	4	4	4
ENSG00000218014.1	KRT19P1	chr6	71584721	71585906	4	4	4
ENSG00000202069.1	RNU4-66P	chr6	71652474	71652611	4	4	4
ENSG00000079841.18	RIMS1	chr6	71886703	72403143	4	4	4
ENSG00000218732.1	AL035633.1	chr6	72316599	72317436	4	4	4
ENSG00000217483.1	FO393414.2	chr6	72522641	72523238	4	4	4
ENSG00000181514.6	FO393414.1	chr6	72598451	72599634	4	4	4
ENSG00000285844.2	FO393414.3	chr6	72614386	72622073	4	4	4
ENSG00000185760.17	KCNQ5	chr6	72621792	73198853	4	4	4
ENSG00000266180.1	MIR4282	chr6	72967687	72967753	4	4	4
ENSG00000232422.1	KNOP1P4	chr6	72986313	72987750	4	4	4
ENSG00000220515.2	PGAM1P10	chr6	73055097	73055857	4	4	4
ENSG00000229154.2	KCNQ5-AS1	chr6	73130646	73143514	4	4	4
ENSG00000234025.1	RBPMS2P1	chr6	73157517	73158139	4	4	4
ENSG00000251360.2	KHDC1P1	chr6	73209083	73210080	4	4	4
ENSG00000243501.5	AL365232.1	chr6	73209746	73263196	4	4	4
ENSG00000256980.5	KHDC1L	chr6	73223544	73225770	4	4	4
ENSG00000135314.12	KHDC1	chr6	73241314	73310365	4	4	4
ENSG00000229852.4	AC019205.1	chr6	73263212	73301789	4	4	4
ENSG00000239626.1	RPSAP41	chr6	73290403	73291262	4	4	4
ENSG00000234882.1	EIF3EP1	chr6	73291962	73293277	4	4	4
ENSG00000223389.1	SDCBP2P1	chr6	73322837	73323450	4	4	4
ENSG00000226840.1	PAICSP3	chr6	73327524	73329017	4	4	4
ENSG00000203909.4	DPPA5	chr6	73353063	73354276	4	4	4
ENSG00000203908.4	KHDC3L	chr6	73362658	73364171	4	4	4
ENSG00000203907.9	OOEP	chr6	73368555	73395133	4	4	4
ENSG00000231332.2	OOEP-AS1	chr6	73369704	73387717	4	4	4
ENSG00000235174.1	RPL39P3	chr6	73373108	73373263	4	4	4
ENSG00000224221.1	RPS6P8	chr6	73391038	73391767	4	4	4
ENSG00000080007.8	DDX43	chr6	73394828	73417566	4	4	4
ENSG00000164430.16	CGAS	chr6	73413515	73452297	4	4	4
ENSG00000135297.16	MTO1	chr6	73461578	73509236	4	4	4
ENSG00000207023.1	RNU6-975P	chr6	73464073	73464177	4	4	4
ENSG00000271986.2	RN7SL827P	chr6	73487590	73487877	4	4	4
ENSG00000156508.19	EEF1A1	chr6	73489308	73525587	4	4	4
ENSG00000229862.5	AL121972.1	chr6	73523618	73570596	4	4	4
ENSG00000223967.1	AL603910.1	chr6	73526744	73526879	4	4	4
ENSG00000119899.13	SLC17A5	chr6	73593379	73653992	4	4	4
ENSG00000218459.1	RPS27P15	chr6	73618346	73618597	4	4	4
ENSG00000231652.2	AL590428.1	chr6	73693903	73696131	4	4	4
ENSG00000156535.15	CD109	chr6	73695785	73828316	4	4	4
ENSG00000279790.1	AL590552.1	chr6	73971346	73973115	4	4	4
ENSG00000217268.1	TXNP7	chr6	74004520	74004812	4	4	4
ENSG00000223786.1	AL357507.1	chr6	74069451	74690727	4	4	4
ENSG00000217178.1	AL357563.1	chr6	74282266	74282660	4	4	4
ENSG00000272243.6	AL356277.3	chr6	74530248	74734319	4	4	4
ENSG00000218483.1	AL356277.1	chr6	74610449	74610715	4	4	4
ENSG00000224583.1	AL356277.2	chr6	74642384	74652002	4	4	4
ENSG00000219736.1	AL356473.1	chr6	74849077	74850484	4	4	4
ENSG00000111799.21	COL12A1	chr6	75084326	75206053	4	4	4
ENSG00000112695.11	COX7A2	chr6	75237675	75250323	4	4	4
ENSG00000112697.17	TMEM30A	chr6	75252924	75284948	4	4	4
ENSG00000225793.3	TMEM30A-DT	chr6	75285014	75317525	4	4	4
ENSG00000118407.15	FILIP1	chr6	75291859	75493800	4	4	4
ENSG00000203489.3	HMGB1P39	chr6	75319101	75319980	4	4	4
ENSG00000237174.7	AL445465.1	chr6	75357214	75399300	4	4	4
ENSG00000221332.2	U3	chr6	75398860	75399067	4	4	4
ENSG00000263533.1	MIR4463	chr6	75428407	75428473	4	4	4
ENSG00000238156.1	AL445465.2	chr6	75454944	75458900	4	4	4
ENSG00000217680.1	UBE2V1P15	chr6	75465123	75465570	4	4	4
ENSG00000201291.1	RNU1-34P	chr6	75473738	75473894	4	4	4
ENSG00000219722.1	RPL26P20	chr6	75499705	75500136	4	4	4
ENSG00000220730.2	H3P27	chr6	75586122	75586461	4	4	4
ENSG00000252137.1	RNU6-1338P	chr6	75593055	75593145	4	4	4
ENSG00000112701.18	SENP6	chr6	75601509	75718281	4	4	4
ENSG00000217488.2	AL356057.1	chr6	75610958	75611945	4	4	4
ENSG00000252498.1	RNU6-1016P	chr6	75644084	75644177	4	4	4
ENSG00000200091.1	RN7SKP163	chr6	75654970	75655299	4	4	4
ENSG00000285401.1	AL109897.1	chr6	75744275	75744840	4	4	4
ENSG00000196586.16	MYO6	chr6	75749192	75919537	4	4	4
ENSG00000252156.1	RNU6-155P	chr6	75768059	75768158	4	4	4
ENSG00000223169.1	RNA5SP209	chr6	75865239	75865335	4	4	4
ENSG00000112706.12	IMPG1	chr6	75921114	76072678	4	4	4
ENSG00000200040.1	Y_RNA	chr6	75928513	75928625	4	4	4
ENSG00000222652.1	RNU6-248P	chr6	76092834	76092940	4	4	4
ENSG00000238697.1	RNU6-261P	chr6	76446988	76447089	4	4	4
ENSG00000236635.3	LINC02540	chr6	76521640	76593821	4	4	4
ENSG00000272445.1	RNU6-84P	chr6	76557653	76557754	4	4	4
ENSG00000280511.1	AL591030.1	chr6	76561328	76562590	4	4	4
ENSG00000231762.1	AL590426.1	chr6	76660486	76662770	4	4	4
ENSG00000271945.2	AL355612.1	chr6	76774972	77097788	4	4	4
ENSG00000276064.1	AL365222.1	chr6	77343557	77343654	4	4	4
ENSG00000135312.7	HTR1B	chr6	77460924	77463491	4	4	4
ENSG00000219253.1	RPS6P7	chr6	77496119	77496671	4	4	4
ENSG00000269964.3	MEI4	chr6	77650274	77927028	4	4	4
ENSG00000230309.1	AL121718.1	chr6	78604467	78606036	4	4	4
ENSG00000229495.1	AL450327.1	chr6	78809715	78813303	4	4	4
ENSG00000146243.14	IRAK1BP1	chr6	78867551	78946440	4	4	4
ENSG00000146247.14	PHIP	chr6	78934419	79078254	4	4	4
ENSG00000217512.1	AL356776.1	chr6	79067692	79068138	4	4	4
ENSG00000286340.1	AL356776.2	chr6	79077841	79081371	4	4	4
ENSG00000118418.14	HMGN3	chr6	79201245	79234738	4	4	4
ENSG00000270362.1	HMGN3-AS1	chr6	79233718	79236797	4	4	4
ENSG00000220154.2	AL355796.1	chr6	79278105	79278427	4	4	4
ENSG00000201464.1	Y_RNA	chr6	79301963	79302066	4	4	4
ENSG00000286042.1	LCAL1	chr6	79307669	79313384	4	4	4
ENSG00000217786.1	AL355379.1	chr6	79326568	79327207	4	4	4
ENSG00000218029.3	AL078601.1	chr6	79354443	79354713	4	4	4
ENSG00000262048.1	AL078601.2	chr6	79406240	79406774	4	4	4
ENSG00000231533.2	AL391840.1	chr6	79420172	79529276	4	4	4
ENSG00000218748.1	DBIP1	chr6	79436908	79437167	4	4	4
ENSG00000135338.14	LCA5	chr6	79484991	79537458	4	4	4
ENSG00000287811.1	AL391840.3	chr6	79537540	79539976	4	4	4
ENSG00000261970.1	AL391840.2	chr6	79552794	79553160	4	4	4
ENSG00000272137.1	AL451064.1	chr6	79561132	79561602	4	4	4
ENSG00000279659.1	AL451064.2	chr6	79573877	79575530	4	4	4
ENSG00000198478.8	SH3BGRL2	chr6	79631329	79703655	4	4	4
ENSG00000235357.2	LINC01621	chr6	79803582	79833386	4	4	4
ENSG00000220918.1	AL132875.1	chr6	79854684	79855632	4	4	4
ENSG00000285586.1	AL132875.3	chr6	79868402	79870483	4	4	4
ENSG00000233835.1	AL132875.2	chr6	79871873	79874610	4	4	4
ENSG00000118402.6	ELOVL4	chr6	79914814	79947553	4	4	4
ENSG00000287816.1	AL133475.1	chr6	79947810	79980046	4	4	4
ENSG00000218582.2	GAPDHP63	chr6	79953005	79954011	4	4	4
ENSG00000220311.1	RPL35AP18	chr6	79964215	79964519	4	4	4
ENSG00000112742.10	TTK	chr6	80003887	80042527	4	4	4
ENSG00000288071.1	AL591135.2	chr6	80046715	80084776	4	4	4
ENSG00000218418.2	AL591135.1	chr6	80064286	80070199	4	4	4
ENSG00000217377.1	AK4P5	chr6	80077729	80078362	4	4	4
ENSG00000083123.15	BCKDHB	chr6	80106647	80346270	4	4	4
ENSG00000272129.1	AL359715.3	chr6	80355424	80356859	4	4	4
ENSG00000219547.1	RPL17P25	chr6	80374015	80374569	4	4	4
ENSG00000279022.1	AL359715.4	chr6	80440730	80441172	4	4	4
ENSG00000233967.7	AL359715.1	chr6	80441295	80466674	4	4	4
ENSG00000260645.2	AL359715.2	chr6	80466958	80469080	4	4	4
ENSG00000219361.1	RPSAP72	chr6	80470071	80470428	4	4	4
ENSG00000181705.2	AL596028.1	chr6	80499196	80499392	4	4	4
ENSG00000216352.1	AL590824.1	chr6	80555841	80557189	4	4	4
ENSG00000112773.16	TENT5A	chr6	81491439	81752774	4	4	4
ENSG00000226089.2	AL122017.1	chr6	81527102	81534915	4	4	4
ENSG00000277797.1	AL359693.1	chr6	81551686	81554092	4	4	4
ENSG00000212336.1	RNA5SP210	chr6	81622200	81622319	4	4	4
ENSG00000232031.1	AL078599.2	chr6	81724722	81736353	4	4	4
ENSG00000206886.1	SNORA70	chr6	81764024	81764156	4	4	4
ENSG00000219702.1	AL078599.1	chr6	81764211	81764503	4	4	4
ENSG00000224995.1	LINC01526	chr6	81813286	81814157	4	4	4
ENSG00000226453.2	LINC02542	chr6	81844602	82169391	4	4	4
ENSG00000260574.1	AL360157.1	chr6	81969453	81969539	4	4	4
ENSG00000005700.15	IBTK	chr6	82169986	82247754	4	4	4
ENSG00000223044.1	RNU6-130P	chr6	82210338	82210440	4	4	4
ENSG00000220537.1	AL121977.1	chr6	82263996	82264974	4	4	4
ENSG00000286875.1	AL121977.2	chr6	82353861	82363657	4	4	4
ENSG00000146242.9	TPBG	chr6	82363206	82367420	4	4	4
ENSG00000118420.17	UBE3D	chr6	82892390	83065841	4	4	4
ENSG00000220091.2	LAP3P1	chr6	82924829	82925122	4	4	4
ENSG00000227215.1	AL355613.1	chr6	82932601	82938677	4	4	4
ENSG00000083097.14	DOP1A	chr6	83067666	83171350	4	4	4
ENSG00000013375.16	PGM3	chr6	83161150	83193936	4	4	4
ENSG00000013392.8	RWDD2A	chr6	83193357	83198935	4	4	4
ENSG00000065833.9	ME1	chr6	83210402	83431051	4	4	4
ENSG00000219951.4	AL391416.1	chr6	83392416	83393409	4	4	4
ENSG00000146250.7	PRSS35	chr6	83512534	83525704	4	4	4
ENSG00000065609.14	SNAP91	chr6	83552880	83709691	4	4	4
ENSG00000237874.2	AL136972.1	chr6	83728055	83736525	4	4	4
ENSG00000287705.1	AL139232.1	chr6	83852312	83854167	4	4	4
ENSG00000203877.8	RIPPLY2	chr6	83853266	83857515	4	4	4
ENSG00000065615.14	CYB5R4	chr6	83859656	83967423	4	4	4
ENSG00000228679.1	AL034347.1	chr6	83983728	84007323	4	4	4
ENSG00000230852.2	LINC02857	chr6	84019204	84026100	4	4	4
ENSG00000135324.6	MRAP2	chr6	84033772	84090881	4	4	4
ENSG00000135315.12	CEP162	chr6	84124241	84227643	4	4	4
ENSG00000231776.5	LINC01611	chr6	84421028	84556152	4	4	4
ENSG00000226309.1	SMARCE1P2	chr6	84429584	84430802	4	4	4
ENSG00000112837.17	TBX18	chr6	84687351	84764598	4	4	4
ENSG00000228290.7	TBX18-AS1	chr6	84687712	84709578	4	4	4
ENSG00000219604.1	AL590143.1	chr6	84689292	84689429	4	4	4
ENSG00000287294.1	AL035694.1	chr6	84769010	84770219	4	4	4
ENSG00000216523.1	AL109941.1	chr6	84966397	84966625	4	4	4
ENSG00000220291.1	AL139806.1	chr6	85155667	85167749	4	4	4
ENSG00000216902.3	AL122016.1	chr6	85257328	85257694	4	4	4
ENSG00000217060.1	AL135903.1	chr6	85286076	85290849	4	4	4
ENSG00000213211.2	KRT18P64	chr6	85287789	85289007	4	4	4
ENSG00000234155.1	LINC02535	chr6	85387219	85390186	4	4	4
ENSG00000216439.1	DUTP5	chr6	85426657	85427125	4	4	4
ENSG00000214460.3	TPT1P6	chr6	85427453	85427966	4	4	4
ENSG00000135318.12	NT5E	chr6	85449584	85495791	4	4	4
ENSG00000280232.1	AL589666.2	chr6	85498441	85499058	4	4	4
ENSG00000135317.13	SNX14	chr6	85505496	85594156	4	4	4
ENSG00000271793.1	AL589666.1	chr6	85557978	85615234	4	4	4
ENSG00000135316.19	SYNCRIP	chr6	85607779	85644063	4	4	4
ENSG00000203875.13	SNHG5	chr6	85650491	85678932	4	4	4
ENSG00000220563.1	PKMP3	chr6	85659892	85660606	4	4	4
ENSG00000275072.1	SNORD50B	chr6	85677589	85677658	4	4	4
ENSG00000217334.1	AL355615.1	chr6	85731371	85732011	4	4	4
ENSG00000198738.4	SMIM11P1	chr6	85735744	85735921	4	4	4
ENSG00000222686.1	RNU4-72P	chr6	85751581	85751753	4	4	4
ENSG00000200427.1	Y_RNA	chr6	85777639	85777755	4	4	4
ENSG00000218766.1	AL450338.1	chr6	85868953	85869464	4	4	4
ENSG00000288021.1	AL450338.2	chr6	85949690	85998263	4	4	4
ENSG00000202103.1	RNU4-12P	chr6	85993021	85993159	4	4	4
ENSG00000220069.1	RPL7P27	chr6	86086415	86087134	4	4	4
ENSG00000217272.1	RAB1AP2	chr6	86170447	86171018	4	4	4
ENSG00000220831.4	NDUFA5P9	chr6	86214237	86214576	4	4	4
ENSG00000219500.1	AL391417.1	chr6	86432244	86432669	4	4	4
ENSG00000243124.3	RN7SL643P	chr6	86435848	86436138	4	4	4
ENSG00000218561.1	AL353133.1	chr6	86729708	86730108	4	4	4
ENSG00000219190.1	AL353133.2	chr6	86768522	86768932	4	4	4
ENSG00000217769.4	AL157777.1	chr6	86897118	86897421	4	4	4
ENSG00000220240.1	AL157777.2	chr6	86897547	86897683	4	4	4
ENSG00000168830.8	HTR1E	chr6	86937528	87016679	4	4	4
ENSG00000214457.3	RPL7P29	chr6	86970466	86971193	4	4	4
ENSG00000217169.2	MTHFD2P2	chr6	87000045	87000291	4	4	4
ENSG00000217776.1	AL138827.1	chr6	87070156	87070461	4	4	4
ENSG00000252697.1	RN7SKP209	chr6	87083233	87083536	4	4	4
ENSG00000135346.9	CGA	chr6	87085498	87095106	4	4	4
ENSG00000215477.2	RCN1P1	chr6	87121693	87122688	4	4	4
ENSG00000272008.1	AL139274.2	chr6	87151159	87155285	4	4	4
ENSG00000188994.13	ZNF292	chr6	87152833	87265943	4	4	4
ENSG00000218313.1	AL139274.1	chr6	87173368	87174303	4	4	4
ENSG00000164411.12	GJB7	chr6	87282980	87329278	4	4	4
ENSG00000216990.2	HSPD1P10	chr6	87298772	87300447	4	4	4
ENSG00000111850.11	SMIM8	chr6	87322583	87399749	4	4	4
ENSG00000203872.7	C6orf163	chr6	87344813	87365463	4	4	4
ENSG00000279616.1	AL096817.1	chr6	87356831	87358605	4	4	4
ENSG00000272514.6	CFAP206	chr6	87407972	87464465	4	4	4
ENSG00000213204.8	AL049697.1	chr6	87408012	87511634	4	4	4
ENSG00000216324.1	AL049697.2	chr6	87425795	87426088	4	4	4
ENSG00000218793.1	AL049697.3	chr6	87441165	87442146	4	4	4
ENSG00000218698.1	ST13P16	chr6	87444395	87445175	4	4	4
ENSG00000164414.18	SLC35A1	chr6	87470623	87512336	4	4	4
ENSG00000206715.1	RNU6-444P	chr6	87488445	87488552	4	4	4
ENSG00000146282.18	RARS2	chr6	87513938	87589987	4	4	4
ENSG00000135336.15	ORC3	chr6	87590067	87667453	4	4	4
ENSG00000135334.9	AKIRIN2	chr6	87674860	87702233	4	4	4
ENSG00000238628.1	AL133211.1	chr6	87720915	87721018	4	4	4
ENSG00000207131.1	Y_RNA	chr6	87826173	87826285	4	4	4
ENSG00000240997.3	RN7SL183P	chr6	87845650	87845947	4	4	4
ENSG00000271114.1	AL590392.1	chr6	87891424	87891869	4	4	4
ENSG00000286278.1	AL136096.1	chr6	88047056	88047729	4	4	4
ENSG00000118434.9	SPACA1	chr6	88047841	88066838	4	4	4
ENSG00000118432.12	CNR1	chr6	88139864	88166359	4	4	4
ENSG00000279565.1	AL121835.2	chr6	88172261	88175762	4	4	4
ENSG00000234426.3	AL139042.1	chr6	88177804	88442928	4	4	4
ENSG00000220131.1	AL121835.1	chr6	88265158	88265511	4	4	4
ENSG00000220267.1	ACTBP8	chr6	88275882	88276989	4	4	4
ENSG00000286871.1	AL139090.1	chr6	88378280	88385447	4	4	4
ENSG00000111880.16	RNGTT	chr6	88609897	88963618	4	4	4
ENSG00000222145.1	SNORA73	chr6	88714242	88714430	4	4	4
ENSG00000280277.1	AL079342.3	chr6	88964527	88966587	4	4	4
ENSG00000220130.1	AL079342.1	chr6	89001548	89001814	4	4	4
ENSG00000220960.1	AL079342.2	chr6	89059628	89060109	4	4	4
ENSG00000223001.1	RNU2-61P	chr6	89063500	89063690	4	4	4
ENSG00000271931.1	AL353135.1	chr6	89080164	89080667	4	4	4
ENSG00000146278.11	PNRC1	chr6	89080751	89085160	4	4	4
ENSG00000264017.2	RN7SL336P	chr6	89090946	89091242	4	4	4
ENSG00000154548.9	SRSF12	chr6	89095959	89118071	4	4	4
ENSG00000288009.1	AL353135.2	chr6	89130887	89145985	4	4	4
ENSG00000146281.6	PM20D2	chr6	89146055	89165565	4	4	4
ENSG00000146276.12	GABRR1	chr6	89177504	89231278	4	4	4
ENSG00000111886.11	GABRR2	chr6	89254464	89315299	4	4	4
ENSG00000220418.1	TUBB3P1	chr6	89301783	89303114	4	4	4
ENSG00000198833.7	UBE2J1	chr6	89326625	89352722	4	4	4
ENSG00000025039.15	RRAGD	chr6	89364616	89412273	4	4	4
ENSG00000218965.1	NACAP7	chr6	89422099	89423048	4	4	4
ENSG00000135299.17	ANKRD6	chr6	89433152	89633834	4	4	4
ENSG00000239316.3	RN7SL11P	chr6	89478141	89478433	4	4	4
ENSG00000237027.1	AL159174.1	chr6	89560875	89567044	4	4	4
ENSG00000083099.11	LYRM2	chr6	89568144	89638749	4	4	4
ENSG00000112159.12	MDN1	chr6	89642498	89819794	4	4	4
ENSG00000228124.1	AL096678.1	chr6	89673469	89675783	4	4	4
ENSG00000220871.1	DNAJC19P6	chr6	89797598	89797877	4	4	4
ENSG00000217653.1	PIMREGP3	chr6	89814709	89815463	4	4	4
ENSG00000118412.13	CASP8AP2	chr6	89829894	89874436	4	4	4
ENSG00000199630.1	Y_RNA	chr6	89841329	89841424	4	4	4
ENSG00000218300.1	RPL22P14	chr6	89876544	89876878	4	4	4
ENSG00000219240.2	AL353692.1	chr6	89886156	89887848	4	4	4
ENSG00000135355.4	GJA10	chr6	89894469	89921760	4	4	4
ENSG00000252891.1	Y_RNA	chr6	89898283	89898392	4	4	4
ENSG00000112182.15	BACH2	chr6	89926528	90296908	4	4	4
ENSG00000226455.1	AL121787.1	chr6	89950116	89953186	4	4	4
ENSG00000222078.1	RN7SKP110	chr6	90001222	90001506	4	4	4
ENSG00000287789.1	AL158136.1	chr6	90073051	90079734	4	4	4
ENSG00000218730.1	AL117342.1	chr6	90116700	90117105	4	4	4
ENSG00000260271.3	AL132996.1	chr6	90295507	90363912	4	4	4
ENSG00000266760.1	MIR4464	chr6	90312742	90312833	4	4	4
ENSG00000135341.18	MAP3K7	chr6	90513573	90587072	4	4	4
ENSG00000224605.1	AL080284.1	chr6	91390313	91393000	4	4	4
ENSG00000263734.1	MIR4643	chr6	91521660	91521737	4	4	4
ENSG00000224944.2	CASC6	chr6	91557292	91690428	4	4	4
ENSG00000262095.1	MTATP6P25	chr6	91726810	91727070	4	4	4
ENSG00000219087.2	MTND4LP19	chr6	91727159	91727324	4	4	4
ENSG00000220340.1	MTCO1P56	chr6	91727282	91727505	4	4	4
ENSG00000240961.3	RN7SL415P	chr6	91739609	91739897	4	4	4
ENSG00000219867.1	AL590635.1	chr6	91815843	91816428	4	4	4
ENSG00000285961.1	AL590814.1	chr6	92002610	92180156	4	4	4
ENSG00000220553.1	RPL5P19	chr6	92013842	92014734	4	4	4
ENSG00000200492.2	U3	chr6	92119423	92119633	4	4	4
ENSG00000261038.1	AL133457.1	chr6	92387841	92388827	4	4	4
ENSG00000288101.1	AL359987.1	chr6	92631066	92633268	4	4	4
ENSG00000220908.2	LINC02531	chr6	92723003	92723829	4	4	4
ENSG00000221455.2	U3	chr6	92790453	92790665	4	4	4
ENSG00000219387.2	ATF1P1	chr6	92887251	92888581	4	4	4
ENSG00000235099.1	AL138731.1	chr6	93070387	93103384	4	4	4
ENSG00000213187.3	COPS5P1	chr6	93091976	93092760	4	4	4
ENSG00000135333.14	EPHA7	chr6	93240020	93419559	4	4	4
ENSG00000287683.1	AL591519.1	chr6	93416951	93677954	4	4	4
ENSG00000288085.1	AL356094.2	chr6	93720163	93745615	4	4	4
ENSG00000280451.1	AL356094.1	chr6	93811825	93813036	4	4	4
ENSG00000252249.1	AL391336.2	chr6	93879106	93879229	4	4	4
ENSG00000229600.1	AL391336.1	chr6	93886900	93889410	4	4	4
ENSG00000231143.1	AL157378.1	chr6	94163920	94194658	4	4	4
ENSG00000220370.1	AL078595.1	chr6	94344737	94344962	4	4	4
ENSG00000279403.1	AL078595.3	chr6	94397664	94398829	4	4	4
ENSG00000270484.1	AL078595.2	chr6	94442030	94443809	4	4	4
ENSG00000216853.1	MTCYBP36	chr6	94446740	94447179	4	4	4
ENSG00000219627.1	CYCSP17	chr6	95504182	95504496	4	4	4
ENSG00000261366.1	MANEA-DT	chr6	95575183	95577450	4	4	4
ENSG00000172469.16	MANEA	chr6	95577535	95609452	4	4	4
ENSG00000219549.1	AL607077.1	chr6	95630115	95632929	4	4	4
ENSG00000287578.1	AL034348.1	chr6	95917143	96015391	4	4	4
ENSG00000219941.1	KRT18P50	chr6	95991107	95992349	4	4	4
ENSG00000172461.11	FUT9	chr6	96015974	96215612	4	4	4
ENSG00000233797.2	UFL1-AS1	chr6	96199840	96521717	4	4	4
ENSG00000242560.3	RN7SL797P	chr6	96282567	96282863	4	4	4
ENSG00000014123.10	UFL1	chr6	96521595	96555276	4	4	4
ENSG00000112214.10	FHL5	chr6	96562548	96616636	4	4	4
ENSG00000213183.3	RPS7P8	chr6	96648489	96649069	4	4	4
ENSG00000207309.1	RNU4-70P	chr6	96649453	96649591	4	4	4
ENSG00000219139.1	TYMSP1	chr6	96653274	96654142	4	4	4
ENSG00000217331.1	AL355143.1	chr6	96672129	96672969	4	4	4
ENSG00000216518.1	EEF1GP6	chr6	96750824	96751728	4	4	4
ENSG00000224384.1	AL033379.1	chr6	96785137	96795821	4	4	4
ENSG00000112218.9	GPR63	chr6	96794125	96837477	4	4	4
ENSG00000123545.6	NDUFAF4	chr6	96889315	96897891	4	4	4
ENSG00000263479.2	RN7SL509P	chr6	96914699	96914995	4	4	4
ENSG00000186231.17	KLHL32	chr6	96924620	97140754	4	4	4
ENSG00000146263.11	MMS22L	chr6	97142161	97283217	4	4	4
ENSG00000271860.7	AL589740.1	chr6	97283303	98400869	4	4	4
ENSG00000226207.1	AL080316.1	chr6	97710953	97717197	4	4	4
ENSG00000238367.1	MIR2113	chr6	98024531	98024621	4	4	4
ENSG00000220505.2	EIF4EBP2P3	chr6	98179499	98179832	4	4	4
ENSG00000236920.2	AL590727.1	chr6	98210020	98214683	4	4	4
ENSG00000187472.4	AL589826.1	chr6	98780257	98780505	4	4	4
ENSG00000283010.1	AL589826.2	chr6	98829967	98832508	4	4	4
ENSG00000184486.10	POU3F2	chr6	98834574	98839458	4	4	4
ENSG00000112234.9	FBXL4	chr6	98868535	98948006	4	4	4
ENSG00000271042.1	AL078603.1	chr6	99082449	99082761	4	4	4
ENSG00000265226.1	MIR548AI	chr6	99124609	99124696	4	4	4
ENSG00000232699.3	BDH2P1	chr6	99174744	99175479	4	4	4
ENSG00000146267.12	FAXC	chr6	99271168	99350062	4	4	4
ENSG00000132423.12	COQ3	chr6	99369401	99394195	4	4	4
ENSG00000132424.16	PNISR	chr6	99398050	99425331	4	4	4
ENSG00000228506.2	AL513550.1	chr6	99424922	99432323	4	4	4
ENSG00000123552.18	USP45	chr6	99432325	99521728	4	4	4
ENSG00000279170.3	TSTD3	chr6	99520976	99589899	4	4	4
ENSG00000274603.1	Y_RNA	chr6	99526097	99526205	4	4	4
ENSG00000112237.13	CCNC	chr6	99542387	99568825	4	4	4
ENSG00000219755.1	AL137784.1	chr6	99575712	99576456	4	4	4
ENSG00000112238.12	PRDM13	chr6	99606774	99615578	4	4	4
ENSG00000199303.1	Y_RNA	chr6	99642237	99642347	4	4	4
ENSG00000152034.11	MCHR2	chr6	99918519	99994247	4	4	4
ENSG00000229315.7	MCHR2-AS1	chr6	99993934	100107613	4	4	4
ENSG00000219257.2	NPM1P38	chr6	100050372	100051236	4	4	4
ENSG00000275716.1	AL080285.2	chr6	100093311	100093768	4	4	4
ENSG00000213177.3	PRDX2P4	chr6	100136064	100136663	4	4	4
ENSG00000216378.1	AL080285.1	chr6	100177209	100178192	4	4	4
ENSG00000112246.10	SIM1	chr6	100385009	100464921	4	4	4
ENSG00000228082.1	SIM1-AS1	chr6	100427118	100437484	4	4	4
ENSG00000112249.14	ASCC3	chr6	100508194	100881372	4	4	4
ENSG00000220695.1	Z86062.1	chr6	100530276	100531052	4	4	4
ENSG00000260000.2	AL133338.1	chr6	100881471	100882987	4	4	4
ENSG00000270987.1	AL133338.2	chr6	100889603	100890338	4	4	4
ENSG00000164418.21	GRIK2	chr6	101181257	102070083	4	4	4
ENSG00000218475.2	ACTG1P18	chr6	101430411	101431553	4	4	4
ENSG00000287397.1	AP002528.1	chr6	101452917	101454245	4	4	4
ENSG00000218536.1	AP002530.1	chr6	102078872	102079555	4	4	4
ENSG00000287499.1	AL357139.2	chr6	102350271	102369827	4	4	4
ENSG00000219757.1	AL357139.1	chr6	102453367	102453792	4	4	4
ENSG00000217120.1	Z98755.1	chr6	103002514	103003897	4	4	4
ENSG00000202283.1	AL591387.1	chr6	103583135	103583268	4	4	4
ENSG00000288084.1	AL590608.1	chr6	103866023	103874687	4	4	4
ENSG00000216817.1	R3HDM2P2	chr6	104017633	104019748	4	4	4
ENSG00000214428.3	NPM1P10	chr6	104025540	104026763	4	4	4
ENSG00000287616.1	AL357522.1	chr6	104487095	104528158	4	4	4
ENSG00000218173.1	AL356967.1	chr6	104687241	104687671	4	4	4
ENSG00000085382.12	HACE1	chr6	104728094	104859919	4	4	4
ENSG00000252944.1	RNU6-897P	chr6	104766822	104766926	4	4	4
ENSG00000227535.2	AL357315.1	chr6	104831129	104845820	4	4	4
ENSG00000271099.1	AL357315.2	chr6	104860449	104862123	4	4	4
ENSG00000203809.7	LIN28B-AS1	chr6	104864464	104941447	4	4	4
ENSG00000187772.8	LIN28B	chr6	104936616	105083332	4	4	4
ENSG00000212147.1	RNU6-1106P	chr6	105045562	105045668	4	4	4
ENSG00000112276.14	BVES	chr6	105096822	105137157	4	4	4
ENSG00000203808.12	BVES-AS1	chr6	105136308	105169952	4	4	4
ENSG00000132429.10	POPDC3	chr6	105157900	105180014	4	4	4
ENSG00000085377.15	PREP	chr6	105273218	105454062	4	4	4
ENSG00000231628.1	AL133406.2	chr6	105279016	105281755	4	4	4
ENSG00000216639.1	AL133406.1	chr6	105298149	105298895	4	4	4
ENSG00000219902.1	RPL35P3	chr6	105302453	105302823	4	4	4
ENSG00000286084.2	AL096794.1	chr6	105403207	105588802	4	4	4
ENSG00000237567.2	LINC02836	chr6	105612667	105632296	4	4	4
ENSG00000219088.1	Z97206.1	chr6	105666326	105667998	4	4	4
ENSG00000284999.1	AL591518.1	chr6	105679378	105893041	4	4	4
ENSG00000200198.1	RN7SKP211	chr6	105904373	105904687	4	4	4
ENSG00000057657.17	PRDM1	chr6	105993463	106109939	4	4	4
ENSG00000057663.16	ATG5	chr6	106045423	106325791	4	4	4
ENSG00000269919.1	AL022067.1	chr6	106100140	106100593	4	4	4
ENSG00000273744.1	U4	chr6	106271634	106271720	4	4	4
ENSG00000244710.3	RN7SL47P	chr6	106283413	106283711	4	4	4
ENSG00000252444.1	RNU6-344P	chr6	106304176	106304286	4	4	4
ENSG00000233941.1	AL356859.1	chr6	106358566	106359717	4	4	4
ENSG00000112297.18	CRYBG1	chr6	106360717	106572017	4	4	4
ENSG00000207499.1	Y_RNA	chr6	106420706	106420807	4	4	4
ENSG00000202386.1	RNA5SP211	chr6	106449381	106449497	4	4	4
ENSG00000282408.1	AL109920.1	chr6	106451496	106457248	4	4	4
ENSG00000200314.1	Y_RNA	chr6	106454828	106454929	4	4	4
ENSG00000130347.13	RTN4IP1	chr6	106570771	106629498	4	4	4
ENSG00000200295.1	RNU6-527P	chr6	106607716	106607819	4	4	4
ENSG00000130348.11	QRSL1	chr6	106629578	106668417	4	4	4
ENSG00000216977.1	RPL21P65	chr6	106642463	106642928	4	4	4
ENSG00000229654.1	LINC02526	chr6	106695535	106699994	4	4	4
ENSG00000235142.10	LINC02532	chr6	106705334	106788148	4	4	4
ENSG00000202285.1	RNU6-117P	chr6	106738948	106739054	4	4	4
ENSG00000207577.1	MIR587	chr6	106784125	106784220	4	4	4
ENSG00000272398.6	CD24	chr6	106969831	106975627	4	4	4
ENSG00000130349.10	MTRES1	chr6	107028199	107051586	4	4	4
ENSG00000178409.14	BEND3	chr6	107065182	107115515	4	4	4
ENSG00000252125.1	RNU6-1299P	chr6	107133071	107133170	4	4	4
ENSG00000164494.12	PDSS2	chr6	107152562	107459564	4	4	4
ENSG00000276620.1	AL591516.1	chr6	107192300	107192573	4	4	4
ENSG00000220237.1	RPS24P12	chr6	107229759	107230152	4	4	4
ENSG00000112320.12	SOBP	chr6	107490106	107661306	4	4	4
ENSG00000234206.5	AL121957.1	chr6	107509803	107511721	4	4	4
ENSG00000280135.1	AL096816.1	chr6	107697299	107700218	4	4	4
ENSG00000146285.14	SCML4	chr6	107702154	107824317	4	4	4
ENSG00000025796.14	SEC63	chr6	107867756	107958208	4	4	4
ENSG00000238420.1	RNU6-437P	chr6	107930088	107930182	4	4	4
ENSG00000232778.1	RPL23AP50	chr6	107931800	107932254	4	4	4
ENSG00000272476.1	AL024507.2	chr6	107957413	107959986	4	4	4
ENSG00000224987.1	AL024507.1	chr6	107985089	107985690	4	4	4
ENSG00000253090.2	SNORA73	chr6	107985659	107985773	4	4	4
ENSG00000231112.1	MTHFD2P3	chr6	107985811	107986031	4	4	4
ENSG00000225093.1	RPL3P7	chr6	108004357	108005568	4	4	4
ENSG00000271734.1	Z98200.1	chr6	108030249	108030718	4	4	4
ENSG00000081087.15	OSTM1	chr6	108041409	108165854	4	4	4
ENSG00000238490.1	Y_RNA	chr6	108060818	108060930	4	4	4
ENSG00000225174.2	OSTM1-AS1	chr6	108123457	108159392	4	4	4
ENSG00000112333.12	NR2E1	chr6	108166022	108188805	4	4	4
ENSG00000279398.1	AL078596.1	chr6	108178871	108179317	4	4	4
ENSG00000112335.15	SNX3	chr6	108211222	108261246	4	4	4
ENSG00000233511.1	Z98742.2	chr6	108252214	108252400	4	4	4
ENSG00000212525.1	RNA5SP212	chr6	108252401	108252507	4	4	4
ENSG00000286562.1	Z98742.4	chr6	108261288	108269200	4	4	4
ENSG00000230248.1	Z98742.1	chr6	108275642	108276546	4	4	4
ENSG00000206974.1	RNU6-1144P	chr6	108292766	108292869	4	4	4
ENSG00000135537.17	AFG1L	chr6	108294991	108526796	4	4	4
ENSG00000238055.1	Z98742.3	chr6	108318079	108318404	4	4	4
ENSG00000279498.1	AL356121.2	chr6	108359084	108359863	4	4	4
ENSG00000238079.1	AL356121.1	chr6	108372772	108372927	4	4	4
ENSG00000227072.1	AL353706.1	chr6	108387512	108388080	4	4	4
ENSG00000200799.1	RNU6-770P	chr6	108392073	108392177	4	4	4
ENSG00000287044.1	AL139106.1	chr6	108441880	108558286	4	4	4
ENSG00000271608.1	AL391646.1	chr6	108551018	108551207	4	4	4
ENSG00000118689.15	FOXO3	chr6	108559835	108684774	4	4	4
ENSG00000228976.1	SUMO2P8	chr6	108618000	108618285	4	4	4
ENSG00000203801.8	LINC00222	chr6	108751654	108769942	4	4	4
ENSG00000219565.2	ZNF259P1	chr6	108782126	108787053	4	4	4
ENSG00000286511.1	Z95118.2	chr6	108798929	108837113	4	4	4
ENSG00000231559.1	Z95118.1	chr6	108817680	108817926	4	4	4
ENSG00000118690.13	ARMC2	chr6	108848416	108974476	4	4	4
ENSG00000218872.1	AL445189.1	chr6	108856400	108856737	4	4	4
ENSG00000228834.1	ATP5MFP2	chr6	108907615	108907873	4	4	4
ENSG00000230290.1	ARMC2-AS1	chr6	108922976	108924103	4	4	4
ENSG00000080546.13	SESN1	chr6	108986437	109094819	4	4	4
ENSG00000271730.1	AL390208.1	chr6	108998482	108999125	4	4	4
ENSG00000199944.1	RNU6-653P	chr6	109059509	109059614	4	4	4
ENSG00000183137.15	CEP57L1	chr6	109095110	109174418	4	4	4
ENSG00000203799.13	CCDC162P	chr6	109165831	109355063	4	4	4
ENSG00000233908.1	AL359711.1	chr6	109288440	109288562	4	4	4
ENSG00000219700.1	PTCHD3P3	chr6	109288571	109290503	4	4	4
ENSG00000201023.1	RNY3P11	chr6	109305494	109305595	4	4	4
ENSG00000218632.3	RPL7P28	chr6	109327175	109327914	4	4	4
ENSG00000135535.17	CD164	chr6	109366514	109382467	4	4	4
ENSG00000260273.1	AL359711.2	chr6	109382795	109383666	4	4	4
ENSG00000185250.16	PPIL6	chr6	109390215	109441171	4	4	4
ENSG00000135587.9	SMPD2	chr6	109440724	109443919	4	4	4
ENSG00000135596.18	MICAL1	chr6	109444062	109465968	4	4	4
ENSG00000112365.5	ZBTB24	chr6	109462594	109483219	4	4	4
ENSG00000223537.3	AL109947.1	chr6	109483638	109506800	4	4	4
ENSG00000155085.15	AK9	chr6	109492856	109691217	4	4	4
ENSG00000112367.12	FIG4	chr6	109690609	109878098	4	4	4
ENSG00000146360.8	GPR6	chr6	109978256	109980718	4	4	4
ENSG00000286691.1	AL590009.1	chr6	110020011	110040241	4	4	4
ENSG00000112290.13	WASF1	chr6	110099819	110180004	4	4	4
ENSG00000168438.15	CDC40	chr6	110180141	110254275	4	4	4
ENSG00000053328.8	METTL24	chr6	110245928	110358272	4	4	4
ENSG00000287268.1	AL050350.1	chr6	110341973	110354563	4	4	4
ENSG00000203797.12	DDO	chr6	110391771	110415575	4	4	4
ENSG00000004809.14	SLC22A16	chr6	110424687	110476641	4	4	4
ENSG00000241162.3	RN7SL617P	chr6	110439996	110440303	4	4	4
ENSG00000260188.1	AC002464.1	chr6	110477907	110479436	4	4	4
ENSG00000219559.1	AL512430.3	chr6	110562175	110562615	4	4	4
ENSG00000270934.1	AL512430.4	chr6	110598093	110598705	4	4	4
ENSG00000155111.15	CDK19	chr6	110609978	110815958	4	4	4
ENSG00000213150.2	AL512430.1	chr6	110645699	110646558	4	4	4
ENSG00000217041.1	AL512430.2	chr6	110700562	110700900	4	4	4
ENSG00000219150.2	AL603914.1	chr6	110706362	110706882	4	4	4
ENSG00000200522.1	RNU6-957P	chr6	110722250	110722348	4	4	4
ENSG00000212587.1	SNORA40C	chr6	110848546	110848673	4	4	4
ENSG00000199360.1	RNU6-1115P	chr6	110856417	110856522	4	4	4
ENSG00000213149.3	CNN2P9	chr6	110858239	110859147	4	4	4
ENSG00000271607.1	Z84480.1	chr6	110863860	110864451	4	4	4
ENSG00000123505.19	AMD1	chr6	110874770	110898879	4	4	4
ENSG00000219329.1	AL357515.1	chr6	110923566	110924107	4	4	4
ENSG00000155115.7	GTF3C6	chr6	110958706	110967890	4	4	4
ENSG00000197498.13	RPF2	chr6	110982015	111028263	4	4	4
ENSG00000218803.1	GSTM2P1	chr6	111046868	111047521	4	4	4
ENSG00000112394.17	SLC16A10	chr6	111087503	111231194	4	4	4
ENSG00000200926.1	RNU6-960P	chr6	111091213	111091332	4	4	4
ENSG00000231046.1	AL360227.1	chr6	111227747	111259034	4	4	4
ENSG00000173214.7	MFSD4B	chr6	111259327	111445354	4	4	4
ENSG00000271789.1	AL080317.1	chr6	111297126	111298510	4	4	4
ENSG00000009413.16	REV3L	chr6	111299028	111483715	4	4	4
ENSG00000272356.1	AL080317.2	chr6	111309203	111313517	4	4	4
ENSG00000220392.1	FCF1P5	chr6	111353702	111354183	4	4	4
ENSG00000229276.1	REV3L-IT1	chr6	111360641	111361607	4	4	4
ENSG00000218676.1	BRD7P4	chr6	111430260	111431781	4	4	4
ENSG00000231889.7	TRAF3IP2-AS1	chr6	111483511	111598302	4	4	4
ENSG00000220506.2	AL136310.1	chr6	111494991	111495713	4	4	4
ENSG00000286616.1	AL008730.1	chr6	111505307	111511071	4	4	4
ENSG00000056972.20	TRAF3IP2	chr6	111555381	111606906	4	4	4
ENSG00000255389.1	Z97989.1	chr6	111599875	111602295	4	4	4
ENSG00000010810.17	FYN	chr6	111660332	111873452	4	4	4
ENSG00000227012.3	LINC02527	chr6	111900305	111909420	4	4	4
ENSG00000112761.21	CCN6	chr6	112054075	112069686	4	4	4
ENSG00000074935.14	TUBE1	chr6	112070663	112087529	4	4	4
ENSG00000203778.8	FAM229B	chr6	112087591	112102790	4	4	4
ENSG00000112769.20	LAMA4	chr6	112107931	112254939	4	4	4
ENSG00000237234.7	Z99289.1	chr6	112154765	112166476	4	4	4
ENSG00000207044.1	RNU6-1226P	chr6	112196440	112196546	4	4	4
ENSG00000270661.1	Z99289.2	chr6	112217640	112219570	4	4	4
ENSG00000271208.1	Z99289.3	chr6	112234165	112234758	4	4	4
ENSG00000226440.7	LAMA4-AS1	chr6	112236093	112307009	4	4	4
ENSG00000281613.2	AL365214.2	chr6	112236806	112350094	4	4	4
ENSG00000216663.3	AL365214.1	chr6	112325753	112326749	4	4	4
ENSG00000251258.2	RFPL4B	chr6	112347330	112351294	4	4	4
ENSG00000219773.1	RPSAP45	chr6	112355841	112356714	4	4	4
ENSG00000215807.4	KRT18P65	chr6	112361437	112362722	4	4	4
ENSG00000217770.1	FEM1AP3	chr6	112365704	112367444	4	4	4
ENSG00000286914.1	AL365214.3	chr6	112392363	112396364	4	4	4
ENSG00000232299.1	AL357514.1	chr6	112476538	112481636	4	4	4
ENSG00000225580.2	PA2G4P5	chr6	112616703	112617880	4	4	4
ENSG00000271498.1	AL360085.1	chr6	112825939	112826470	4	4	4
ENSG00000201386.1	RNU6-1163P	chr6	112971493	112971599	4	4	4
ENSG00000288560.1	AL360015.1	chr6	112988311	113084454	4	4	4
ENSG00000218490.1	FCF1P10	chr6	113010937	113011415	4	4	4
ENSG00000287728.2	AL049695.1	chr6	113129707	113140870	4	4	4
ENSG00000216904.2	SOCS5P5	chr6	113222166	113224072	4	4	4
ENSG00000223811.1	AL589684.1	chr6	113357003	113367944	4	4	4
ENSG00000232316.2	LINC02518	chr6	113428540	113433555	4	4	4
ENSG00000236347.1	AL513123.1	chr6	113531118	113543793	4	4	4
ENSG00000218208.1	RPS27AP11	chr6	113581501	113581947	4	4	4
ENSG00000230943.3	LINC02541	chr6	113616927	113650090	4	4	4
ENSG00000231912.2	FO393415.2	chr6	113791829	113837368	4	4	4
ENSG00000219758.6	FO393415.1	chr6	113839279	113839621	4	4	4
ENSG00000277443.3	MARCKS	chr6	113857345	113863475	4	4	4
ENSG00000227502.3	MROCKI	chr6	113868013	113873351	4	4	4
ENSG00000175967.4	LINC02880	chr6	113904132	113921642	4	4	4
ENSG00000196591.12	HDAC2	chr6	113933028	114011308	4	4	4
ENSG00000228624.7	HDAC2-AS2	chr6	113969701	114471705	4	4	4
ENSG00000216723.1	NUDT19P3	chr6	114019621	114020483	4	4	4
ENSG00000249853.8	HS3ST5	chr6	114055586	114343045	4	4	4
ENSG00000216471.3	RPSAP43	chr6	114084168	114084792	4	4	4
ENSG00000212333.1	RNA5SP213	chr6	114220681	114220786	4	4	4
ENSG00000218089.1	DNAJA1P4	chr6	114349483	114350648	4	4	4
ENSG00000232395.1	AL138830.2	chr6	114477350	114488752	4	4	4
ENSG00000226079.2	AL138830.1	chr6	114523443	114545335	4	4	4
ENSG00000287097.1	AL590550.1	chr6	114822994	115002280	4	4	4
ENSG00000251882.1	RNU6-475P	chr6	114866873	114866976	4	4	4
ENSG00000219619.2	AL606845.1	chr6	115358498	115358752	4	4	4
ENSG00000228777.2	LINC02534	chr6	115633540	115643916	4	4	4
ENSG00000111816.8	FRK	chr6	115931149	116060891	4	4	4
ENSG00000287933.1	AL357141.1	chr6	116033901	116046753	4	4	4
ENSG00000186743.2	TPI1P3	chr6	116038756	116039495	4	4	4
ENSG00000178425.14	NT5DC1	chr6	116100851	116249497	4	4	4
ENSG00000123500.10	COL10A1	chr6	116118909	116158747	4	4	4
ENSG00000218428.1	NIP7P3	chr6	116137058	116137572	4	4	4
ENSG00000236326.1	AL050331.2	chr6	116244187	116244728	4	4	4
ENSG00000187189.11	TSPYL4	chr6	116249964	116254075	4	4	4
ENSG00000111817.19	DSE	chr6	116254173	116444861	4	4	4
ENSG00000233558.1	AL050331.1	chr6	116258493	116259115	4	4	4
ENSG00000189241.8	TSPYL1	chr6	116267760	116279930	4	4	4
ENSG00000285446.1	Z84488.1	chr6	116399395	116463696	4	4	4
ENSG00000217241.1	CBX3P9	chr6	116453014	116453565	4	4	4
ENSG00000218153.2	KRT18P22	chr6	116457323	116458669	4	4	4
ENSG00000244158.1	CALHM6-AS1	chr6	116460739	116463692	4	4	4
ENSG00000188820.13	CALHM6	chr6	116461370	116463771	4	4	4
ENSG00000234117.2	AL445224.1	chr6	116492297	116497099	4	4	4
ENSG00000173626.10	TRAPPC3L	chr6	116494989	116545684	4	4	4
ENSG00000178033.6	CALHM5	chr6	116511639	116524788	4	4	4
ENSG00000164451.13	CALHM4	chr6	116529013	116558868	4	4	4
ENSG00000111832.13	RWDD1	chr6	116571409	116597675	4	4	4
ENSG00000111834.13	RSPH4A	chr6	116616479	116632985	4	4	4
ENSG00000153975.10	ZUP1	chr6	116635618	116668794	4	4	4
ENSG00000196911.11	KPNA5	chr6	116681187	116741867	4	4	4
ENSG00000183807.8	FAM162B	chr6	116752197	116765719	4	4	4
ENSG00000173612.10	GPRC6A	chr6	116792085	116829083	4	4	4
ENSG00000185002.10	RFX6	chr6	116877212	116932161	4	4	4
ENSG00000217089.1	RPS29P13	chr6	117048670	117048838	4	4	4
ENSG00000200248.1	RNA5SP214	chr6	117060682	117060799	4	4	4
ENSG00000287253.1	Z98880.1	chr6	117262243	117264817	4	4	4
ENSG00000170162.14	VGLL2	chr6	117265558	117273565	4	4	4
ENSG00000047936.11	ROS1	chr6	117287353	117425942	4	4	4
ENSG00000251814.1	RN7SKP18	chr6	117299364	117299638	4	4	4
ENSG00000222713.1	RN7SKP51	chr6	117301455	117301758	4	4	4
ENSG00000282218.1	AL132671.2	chr6	117318211	117573571	4	4	4
ENSG00000219703.1	RAP1BP3	chr6	117431591	117432442	4	4	4
ENSG00000226181.1	AL132671.1	chr6	117451130	117453525	4	4	4
ENSG00000164465.19	DCBLD1	chr6	117453817	117569858	4	4	4
ENSG00000207461.1	RNU6-253P	chr6	117457734	117457838	4	4	4
ENSG00000047932.14	GOPC	chr6	117560269	117602542	4	4	4
ENSG00000218233.1	NEPNP	chr6	117633706	117645087	4	4	4
ENSG00000153989.8	NUS1	chr6	117675469	117710727	4	4	4
ENSG00000196376.11	SLC35F1	chr6	117907264	118317676	4	4	4
ENSG00000230202.1	AL450405.1	chr6	117998975	117999448	4	4	4
ENSG00000216809.1	AL589993.1	chr6	118452469	118454992	4	4	4
ENSG00000111860.14	CEP85L	chr6	118460772	118710075	4	4	4
ENSG00000169075.7	BRD7P3	chr6	118501430	118502906	4	4	4
ENSG00000198523.6	PLN	chr6	118548296	118561716	4	4	4
ENSG00000286339.1	Z99496.1	chr6	118565660	118576840	4	4	4
ENSG00000217330.1	SSXP10	chr6	118589070	118589634	4	4	4
ENSG00000225549.3	SELENOKP3	chr6	118757518	118783420	4	4	4
ENSG00000111877.17	MCM9	chr6	118813442	118935162	4	4	4
ENSG00000111875.8	ASF1A	chr6	118894152	118909171	4	4	4
ENSG00000253194.2	AL137009.1	chr6	118934770	119182745	4	4	4
ENSG00000111879.20	FAM184A	chr6	118959763	119149387	4	4	4
ENSG00000222649.1	Y_RNA	chr6	119057880	119057974	4	4	4
ENSG00000207982.1	MIR548B	chr6	119069047	119069143	4	4	4
ENSG00000220139.1	AL022722.2	chr6	119159297	119159476	4	4	4
ENSG00000111885.7	MAN1A1	chr6	119177205	119349761	4	4	4
ENSG00000216316.1	AL022722.1	chr6	119269133	119269714	4	4	4
ENSG00000200732.1	RNU6-194P	chr6	119327281	119327385	4	4	4
ENSG00000287100.1	AL078600.1	chr6	119349920	119391829	4	4	4
ENSG00000265725.1	MIR3144	chr6	120015179	120015257	4	4	4
ENSG00000286540.1	AL096854.1	chr6	120462511	120706789	4	4	4
ENSG00000206857.1	RNU6-214P	chr6	120526294	120526400	4	4	4
ENSG00000200310.1	RNA5SP215	chr6	120686621	120686742	4	4	4
ENSG00000216710.1	COX6A1P3	chr6	120781220	120781512	4	4	4
ENSG00000287992.1	AL357513.1	chr6	120840733	120845475	4	4	4
ENSG00000146350.14	TBC1D32	chr6	121079494	121334745	4	4	4
ENSG00000206598.1	RNU6-1286P	chr6	121354354	121354460	4	4	4
ENSG00000207403.1	Y_RNA	chr6	121378797	121378898	4	4	4
ENSG00000220447.1	AL139098.1	chr6	121381472	121381860	4	4	4
ENSG00000272714.1	AL139098.2	chr6	121389324	121390357	4	4	4
ENSG00000152661.9	GJA1	chr6	121435595	121449727	4	4	4
ENSG00000199458.1	RNU4-35P	chr6	121453981	121454121	4	4	4
ENSG00000219784.2	AL138729.1	chr6	121478273	121479908	4	4	4
ENSG00000201379.1	RNU4-76P	chr6	121542486	121542626	4	4	4
ENSG00000222659.1	RNU2-8P	chr6	121580332	121580521	4	4	4
ENSG00000220326.2	AL603865.2	chr6	121641009	121641221	4	4	4
ENSG00000218180.2	SLC25A5P7	chr6	121653795	121654690	4	4	4
ENSG00000219135.1	RPL23AP48	chr6	121679972	121680459	4	4	4
ENSG00000217139.2	AL603865.1	chr6	121682925	121684272	4	4	4
ENSG00000220184.2	HMGB3P18	chr6	121858179	121858768	4	4	4
ENSG00000199932.1	RNU1-18P	chr6	122211648	122211811	4	4	4
ENSG00000025156.13	HSF2	chr6	122399551	122433119	4	4	4
ENSG00000279453.1	Z99129.4	chr6	122436789	122439223	4	4	4
ENSG00000111897.7	SERINC1	chr6	122443351	122471807	4	4	4
ENSG00000275339.1	Z99129.1	chr6	122454358	122454612	4	4	4
ENSG00000135549.15	PKIB	chr6	122471917	122726373	4	4	4
ENSG00000279114.1	Z99129.3	chr6	122471923	122484161	4	4	4
ENSG00000277408.1	Z99129.2	chr6	122531123	122531436	4	4	4
ENSG00000287258.1	AL512283.2	chr6	122562172	122621014	4	4	4
ENSG00000272472.1	AL512283.1	chr6	122643388	122644771	4	4	4
ENSG00000287818.1	AL512283.3	chr6	122711887	122718814	4	4	4
ENSG00000240606.3	RN7SL564P	chr6	122745280	122745529	4	4	4
ENSG00000164434.12	FABP7	chr6	122779716	122784074	4	4	4
ENSG00000172594.13	SMPDL3A	chr6	122789049	122809720	4	4	4
ENSG00000232362.1	ATP5MGP2	chr6	122859678	122859988	4	4	4
ENSG00000285652.1	AL591428.1	chr6	122975198	122996061	4	4	4
ENSG00000146352.13	CLVS2	chr6	122996235	123072925	4	4	4
ENSG00000186439.14	TRDN	chr6	123216339	123637093	4	4	4
ENSG00000235535.8	TRDN-AS1	chr6	123389421	123510247	4	4	4
ENSG00000285691.2	AL445259.1	chr6	123519697	123557670	4	4	4
ENSG00000285941.1	AL133257.1	chr6	123589711	123685323	4	4	4
ENSG00000188580.15	NKAIN2	chr6	123803865	124825640	4	4	4
ENSG00000237321.1	AL354936.1	chr6	123823240	123829285	4	4	4
ENSG00000236548.2	RNF217-AS1	chr6	124644434	124963165	4	4	4
ENSG00000146373.16	RNF217	chr6	124962545	125092633	4	4	4
ENSG00000111907.21	TPD52L1	chr6	125119049	125264407	4	4	4
ENSG00000111906.18	HDDC2	chr6	125219962	125302078	4	4	4
ENSG00000286299.1	AL121938.1	chr6	125268087	125274828	4	4	4
ENSG00000226409.3	AL450332.1	chr6	125370034	125445193	4	4	4
ENSG00000237742.7	AL365259.1	chr6	125577545	125749190	4	4	4
ENSG00000224506.3	LINC02523	chr6	125674353	125720218	4	4	4
ENSG00000135547.9	HEY2	chr6	125747664	125761269	4	4	4
ENSG00000111912.20	NCOA7	chr6	125781161	125932034	4	4	4
ENSG00000232131.1	NCOA7-AS1	chr6	125797856	125818858	4	4	4
ENSG00000222445.1	RN7SKP56	chr6	125875168	125875498	4	4	4
ENSG00000111911.7	HINT3	chr6	125956770	125980244	4	4	4
ENSG00000251920.1	RNA5SP216	chr6	125979812	125979934	4	4	4
ENSG00000066651.20	TRMT11	chr6	125986479	126203817	4	4	4
ENSG00000213133.4	PPP1R14BP5	chr6	126257921	126258355	4	4	4
ENSG00000286215.1	AL356534.1	chr6	126304223	127213609	4	4	4
ENSG00000203760.9	CENPW	chr6	126340115	126348875	4	4	4
ENSG00000207632.1	MIR588	chr6	126484631	126484713	4	4	4
ENSG00000201613.1	RNU6-200P	chr6	126590287	126590393	4	4	4
ENSG00000275953.1	AL359535.1	chr6	126627484	126628570	4	4	4
ENSG00000217325.2	PRELID1P1	chr6	126643488	126644390	4	4	4
ENSG00000217404.2	RPS4XP9	chr6	126683036	126683847	4	4	4
ENSG00000287731.1	AL035603.1	chr6	126719560	126721778	4	4	4
ENSG00000146374.14	RSPO3	chr6	127118671	127199481	4	4	4
ENSG00000118518.16	RNF146	chr6	127266682	127288567	4	4	4
ENSG00000093144.19	ECHDC1	chr6	127288712	127343609	4	4	4
ENSG00000251768.1	RNA5SP217	chr6	127317883	127317973	4	4	4
ENSG00000213131.3	YWHAZP4	chr6	127355756	127356789	4	4	4
ENSG00000220744.1	RPL5P18	chr6	127362513	127363403	4	4	4
ENSG00000220522.2	AL590002.1	chr6	127416535	127416952	4	4	4
ENSG00000220694.2	AL096711.1	chr6	127435636	127436189	4	4	4
ENSG00000189367.15	KIAA0408	chr6	127438406	127459389	4	4	4
ENSG00000255330.9	AL096711.2	chr6	127438406	127519001	4	4	4
ENSG00000214338.10	SOGA3	chr6	127472794	127519191	4	4	4
ENSG00000184530.9	C6orf58	chr6	127519455	127591820	4	4	4
ENSG00000219284.2	AL592291.1	chr6	127632958	127635321	4	4	4
ENSG00000218187.2	AL356432.1	chr6	127654860	127655278	4	4	4
ENSG00000260212.1	AL356432.3	chr6	127659424	127660338	4	4	4
ENSG00000219699.2	AL356432.2	chr6	127659690	127660579	4	4	4
ENSG00000281248.1	LINC02536	chr6	127664554	127681555	4	4	4
ENSG00000172673.11	THEMIS	chr6	127708072	127918631	4	4	4
ENSG00000274493.1	MRPS17P5	chr6	127909833	127910052	4	4	4
ENSG00000152894.15	PTPRK	chr6	127968785	128520616	4	4	4
ENSG00000227945.1	PTPRK-AS1	chr6	128027886	128085248	4	4	4
ENSG00000224733.1	AL034349.1	chr6	128500527	128501176	4	4	4
ENSG00000213130.3	EEF1DP5	chr6	128580113	128580884	4	4	4
ENSG00000206982.1	Y_RNA	chr6	128584390	128584491	4	4	4
ENSG00000220110.1	AL080315.1	chr6	128639188	128639653	4	4	4
ENSG00000202200.1	Y_RNA	chr6	128761717	128761808	4	4	4
ENSG00000196569.13	LAMA2	chr6	128883138	129516566	4	4	4
ENSG00000220884.2	MESTP1	chr6	128928995	128929988	4	4	4
ENSG00000219642.2	BMPR1AP1	chr6	129157523	129159120	4	4	4
ENSG00000252554.1	RNU6-861P	chr6	129436875	129436980	4	4	4
ENSG00000226149.6	AL356124.1	chr6	129439485	129576047	4	4	4
ENSG00000233351.1	AL356124.2	chr6	129479615	129481410	4	4	4
ENSG00000146376.11	ARHGAP18	chr6	129576132	129710177	4	4	4
ENSG00000218689.2	RPL5P21	chr6	129756298	129757112	4	4	4
ENSG00000219666.2	AL451046.2	chr6	129783769	129784045	4	4	4
ENSG00000218725.2	B3GALNT2P1	chr6	129800908	129802214	4	4	4
ENSG00000219302.2	AL451046.1	chr6	129819637	129820170	4	4	4
ENSG00000203756.8	TMEM244	chr6	129831244	129861547	4	4	4
ENSG00000198945.8	L3MBTL3	chr6	130013699	130141449	4	4	4
ENSG00000227678.8	AL355581.1	chr6	130133410	130146179	4	4	4
ENSG00000164483.17	SAMD3	chr6	130144315	130365425	4	4	4
ENSG00000164484.12	TMEM200A	chr6	130366017	130443067	4	4	4
ENSG00000202438.1	Y_RNA	chr6	130573996	130574112	4	4	4
ENSG00000229923.2	AL583803.1	chr6	130697312	130697778	4	4	4
ENSG00000256162.2	SMLR1	chr6	130827406	130837135	4	4	4
ENSG00000079819.19	EPB41L2	chr6	130839347	131063322	4	4	4
ENSG00000118507.17	AKAP7	chr6	131135467	131283535	4	4	4
ENSG00000218857.1	AL137222.1	chr6	131184325	131185486	4	4	4
ENSG00000219776.2	RPL21P67	chr6	131469059	131469536	4	4	4
ENSG00000118520.15	ARG1	chr6	131470832	131584332	4	4	4
ENSG00000112282.18	MED23	chr6	131573966	131628242	4	4	4
ENSG00000154269.15	ENPP3	chr6	131628442	131747418	4	4	4
ENSG00000252560.1	RNU4-18P	chr6	131642818	131642966	4	4	4
ENSG00000180658.4	OR2A4	chr6	131699644	131701401	4	4	4
ENSG00000236761.6	CTAGE9	chr6	131708441	131711017	4	4	4
ENSG00000216917.2	AC005587.1	chr6	131780721	131781312	4	4	4
ENSG00000266807.1	MIR548H5	chr6	131792172	131792231	4	4	4
ENSG00000197594.13	ENPP1	chr6	131808016	131895155	4	4	4
ENSG00000219532.2	SELENOKP2	chr6	131819803	131820091	4	4	4
ENSG00000200895.1	RN7SKP245	chr6	131820334	131820653	4	4	4
ENSG00000237115.2	AL139805.1	chr6	131825981	131828413	4	4	4
ENSG00000236673.5	AL117378.1	chr6	131901963	131920565	4	4	4
ENSG00000280058.1	AL117378.2	chr6	131910191	131911527	4	4	4
ENSG00000118523.6	CCN2	chr6	131948176	131951372	4	4	4
ENSG00000227220.1	AL133346.1	chr6	131950946	132077393	4	4	4
ENSG00000236166.1	AL021408.1	chr6	132085084	132099279	4	4	4
ENSG00000265669.1	MIR548AJ1	chr6	132115192	132115263	4	4	4
ENSG00000280155.1	AL021408.2	chr6	132130252	132131795	4	4	4
ENSG00000228495.2	LINC01013	chr6	132131888	132169374	4	4	4
ENSG00000223912.1	EEF1A1P36	chr6	132271982	132273332	4	4	4
ENSG00000079931.15	MOXD1	chr6	132296055	132401475	4	4	4
ENSG00000079950.14	STX7	chr6	132445867	132513198	4	4	4
ENSG00000225343.1	RPL21P66	chr6	132518830	132519295	4	4	4
ENSG00000237110.2	TAAR9	chr6	132538290	132539336	4	4	4
ENSG00000146385.1	TAAR8	chr6	132552693	132553721	4	4	4
ENSG00000235998.1	TAAR7P	chr6	132559024	132559265	4	4	4
ENSG00000146383.7	TAAR6	chr6	132570322	132571359	4	4	4
ENSG00000135569.4	TAAR5	chr6	132588673	132589686	4	4	4
ENSG00000237449.1	TAAR4P	chr6	132594398	132595436	4	4	4
ENSG00000286663.1	AL513524.1	chr6	132599972	132602740	4	4	4
ENSG00000179073.6	TAAR3P	chr6	132608225	132609302	4	4	4
ENSG00000146378.6	TAAR2	chr6	132617022	132624275	4	4	4
ENSG00000146399.2	TAAR1	chr6	132644898	132646051	4	4	4
ENSG00000218194.1	HLFP1	chr6	132674885	132675383	4	4	4
ENSG00000112299.8	VNN1	chr6	132680849	132714055	4	4	4
ENSG00000218991.1	CCNG1P1	chr6	132698783	132699667	4	4	4
ENSG00000093134.15	VNN3	chr6	132722787	132736935	4	4	4
ENSG00000112303.14	VNN2	chr6	132743870	132763459	4	4	4
ENSG00000234484.1	AL032821.1	chr6	132752675	132753951	4	4	4
ENSG00000271488.1	RBM11P1	chr6	132764660	132765458	4	4	4
ENSG00000146409.12	SLC18B1	chr6	132769370	132813339	4	4	4
ENSG00000112306.8	RPS12	chr6	132814569	132817564	4	4	4
ENSG00000206754.1	SNORD101	chr6	132815307	132815379	4	4	4
ENSG00000221500.1	SNORD100	chr6	132816802	132816877	4	4	4
ENSG00000200534.1	SNORA33	chr6	132817219	132817348	4	4	4
ENSG00000220557.1	HMGB1P13	chr6	132868218	132868859	4	4	4
ENSG00000279960.1	AL137783.1	chr6	132891924	132893819	4	4	4
ENSG00000231023.7	LINC00326	chr6	132954257	133107410	4	4	4
ENSG00000213122.4	RPL23AP46	chr6	132997551	132998040	4	4	4
ENSG00000286438.1	AL591115.1	chr6	133061240	133103128	4	4	4
ENSG00000220113.2	MTCYBP4	chr6	133150568	133150816	4	4	4
ENSG00000112319.19	EYA4	chr6	133240598	133532128	4	4	4
ENSG00000223542.1	AL024497.1	chr6	133435077	133439464	4	4	4
ENSG00000234567.1	AL024497.2	chr6	133452857	133456605	4	4	4
ENSG00000227954.7	TARID	chr6	133502252	133892802	4	4	4
ENSG00000238059.1	HSPE1P21	chr6	133510386	133510693	4	4	4
ENSG00000272428.1	AL450270.1	chr6	133540784	133541174	4	4	4
ENSG00000218213.1	FTH1P26	chr6	133676729	133677429	4	4	4
ENSG00000223586.6	LINC01312	chr6	133821147	133872922	4	4	4
ENSG00000118526.7	TCF21	chr6	133889113	133895553	4	4	4
ENSG00000028839.10	TBPL1	chr6	133952170	133990432	4	4	4
ENSG00000288529.1	AL035699.1	chr6	133953304	133980088	4	4	4
ENSG00000146411.6	SLC2A12	chr6	133987581	134052624	4	4	4
ENSG00000278744.1	AL449363.1	chr6	134009033	134009218	4	4	4
ENSG00000287413.1	AL449363.2	chr6	134074123	134121433	4	4	4
ENSG00000216753.3	HMGA1P7	chr6	134115235	134115736	4	4	4
ENSG00000266875.2	RN7SL408P	chr6	134133573	134133868	4	4	4
ENSG00000118515.11	SGK1	chr6	134169246	134318112	4	4	4
ENSG00000276703.1	RPS29P32	chr6	134211450	134211527	4	4	4
ENSG00000200058.1	RNA5SP218	chr6	134257035	134257143	4	4	4
ENSG00000201309.1	Y_RNA	chr6	134283092	134283193	4	4	4
ENSG00000286887.1	AL355881.1	chr6	134296301	134304297	4	4	4
ENSG00000220378.3	KRT8P42	chr6	134296997	134298695	4	4	4
ENSG00000236700.6	LINC01010	chr6	134343307	134504581	4	4	4
ENSG00000287974.1	Z84486.1	chr6	134345688	134349337	4	4	4
ENSG00000213118.4	CHCHD2P4	chr6	134393142	134393900	4	4	4
ENSG00000231971.6	CT69	chr6	134428239	134520585	4	4	4
ENSG00000232310.8	AL078590.2	chr6	134520163	134689399	4	4	4
ENSG00000218772.2	FAM8A6P	chr6	134603564	134604698	4	4	4
ENSG00000229722.1	AL078590.1	chr6	134606299	134609437	4	4	4
ENSG00000227723.1	AL596188.1	chr6	134636489	134642495	4	4	4
ENSG00000236389.1	AL121970.1	chr6	134706060	134707349	4	4	4
ENSG00000213117.4	MEMO1P2	chr6	134897874	134898759	4	4	4
ENSG00000118514.14	ALDH8A1	chr6	134917393	134950115	4	4	4
ENSG00000240056.2	AL445190.1	chr6	134941392	134942450	4	4	4
ENSG00000112339.15	HBS1L	chr6	134960378	135103056	4	4	4
ENSG00000283409.1	MIR3662	chr6	134979338	134979432	4	4	4
ENSG00000232876.1	AL353596.1	chr6	135055033	135060550	4	4	4
ENSG00000118513.19	MYB	chr6	135181308	135219173	4	4	4
ENSG00000236703.1	MYB-AS1	chr6	135195083	135195995	4	4	4
ENSG00000207689.1	MIR548A2	chr6	135239160	135239256	4	4	4
ENSG00000224374.1	AL023693.1	chr6	135259996	135260933	4	4	4
ENSG00000135541.21	AHI1	chr6	135283532	135497765	4	4	4
ENSG00000234084.1	AL049552.1	chr6	135301568	135307158	4	4	4
ENSG00000287094.1	AL049552.2	chr6	135323399	135327965	4	4	4
ENSG00000201012.1	Y_RNA	chr6	135474504	135474609	4	4	4
ENSG00000231028.9	LINC00271	chr6	135497422	135813990	4	4	4
ENSG00000226540.2	GAPDHP73	chr6	135619165	135620171	4	4	4
ENSG00000233534.3	AL035604.1	chr6	135628787	135634681	4	4	4
ENSG00000217482.2	HMGB1P17	chr6	135636086	135636713	4	4	4
ENSG00000236378.1	AL133319.1	chr6	135807148	135808466	4	4	4
ENSG00000171408.14	PDE7B	chr6	135851701	136195574	4	4	4
ENSG00000286313.1	AL360178.1	chr6	135854053	135880942	4	4	4
ENSG00000288054.1	AL360178.2	chr6	135882780	135888133	4	4	4
ENSG00000237596.7	AL138828.1	chr6	135991936	136225751	4	4	4
ENSG00000213111.5	COX5BP2	chr6	136034553	136034886	4	4	4
ENSG00000277973.1	AL138828.2	chr6	136206478	136206860	4	4	4
ENSG00000146410.12	MTFR2	chr6	136231024	136250335	4	4	4
ENSG00000029363.17	BCLAF1	chr6	136256627	136289851	4	4	4
ENSG00000216519.2	AL023284.1	chr6	136317961	136318236	4	4	4
ENSG00000260418.1	AL023284.4	chr6	136335714	136336087	4	4	4
ENSG00000135525.18	MAP7	chr6	136342281	136550819	4	4	4
ENSG00000220660.2	AL023284.3	chr6	136364129	136365079	4	4	4
ENSG00000216613.2	AL023284.2	chr6	136419847	136420425	4	4	4
ENSG00000218424.2	NDUFS5P1	chr6	136475862	136476150	4	4	4
ENSG00000271765.1	RN7SKP299	chr6	136545192	136545492	4	4	4
ENSG00000272189.1	AL024508.1	chr6	136550661	136552554	4	4	4
ENSG00000197442.10	MAP3K5	chr6	136557046	136792477	4	4	4
ENSG00000234263.2	MAP3K5-AS1	chr6	136629066	136648198	4	4	4
ENSG00000212242.1	RNA5SP219	chr6	136630243	136630355	4	4	4
ENSG00000286646.1	AL121933.2	chr6	136784045	136786280	4	4	4
ENSG00000112357.14	PEX7	chr6	136822564	136913934	4	4	4
ENSG00000201807.1	AL121933.1	chr6	136855698	136855831	4	4	4
ENSG00000213109.4	AL365223.1	chr6	136900233	136901529	4	4	4
ENSG00000182747.5	SLC35D3	chr6	136922301	136925660	4	4	4
ENSG00000207247.1	Y_RNA	chr6	136934765	136934866	4	4	4
ENSG00000230350.1	RPL35AP3	chr6	136973930	136974217	4	4	4
ENSG00000225391.5	NHEG1	chr6	136982165	136993234	4	4	4
ENSG00000235399.1	AL135902.1	chr6	136995170	136999504	4	4	4
ENSG00000016402.13	IL20RA	chr6	136999971	137045180	4	4	4
ENSG00000164485.15	IL22RA2	chr6	137143820	137173648	4	4	4
ENSG00000027697.15	IFNGR1	chr6	137197485	137219449	4	4	4
ENSG00000177468.7	OLIG3	chr6	137492199	137494394	4	4	4
ENSG00000213108.3	BTF3L4P3	chr6	137543897	137544372	4	4	4
ENSG00000230533.4	AL356234.2	chr6	137657998	137763984	4	4	4
ENSG00000283265.1	AL356234.3	chr6	137693068	137700415	4	4	4
ENSG00000220412.1	AL356234.1	chr6	137705423	137707201	4	4	4
ENSG00000234956.7	LINC02539	chr6	137730170	137792835	4	4	4
ENSG00000207300.1	Y_RNA	chr6	137784374	137784486	4	4	4
ENSG00000237499.7	WAKMAR2	chr6	137823673	137868233	4	4	4
ENSG00000118503.15	TNFAIP3	chr6	137867214	137883312	4	4	4
ENSG00000287393.1	AL591468.1	chr6	137900585	137903576	4	4	4
ENSG00000226004.1	LINC02528	chr6	137943079	137945802	4	4	4
ENSG00000229922.5	LINC02865	chr6	137945366	137972522	4	4	4
ENSG00000219463.1	RPSAP42	chr6	137995270	137996147	4	4	4
ENSG00000112378.12	PERP	chr6	138088505	138107419	4	4	4
ENSG00000112379.9	ARFGEF3	chr6	138161939	138344663	4	4	4
ENSG00000254440.3	PBOV1	chr6	138215986	138218491	4	4	4
ENSG00000262543.2	SMIM28	chr6	138377905	138383486	4	4	4
ENSG00000218499.1	AL031003.1	chr6	138393373	138393544	4	4	4
ENSG00000215878.3	MARCKSL1P2	chr6	138402585	138403560	4	4	4
ENSG00000051620.11	HEBP2	chr6	138403531	138422197	4	4	4
ENSG00000135540.11	NHSL1	chr6	138422043	138692571	4	4	4
ENSG00000266555.1	MIR3145	chr6	138435213	138435294	4	4	4
ENSG00000274594.1	AL391669.1	chr6	138464099	138464383	4	4	4
ENSG00000216802.1	AL590617.1	chr6	138650226	138650973	4	4	4
ENSG00000225177.6	AL590617.2	chr6	138692548	138697288	4	4	4
ENSG00000279968.3	CCDC28A-AS1	chr6	138725211	138773652	4	4	4
ENSG00000024862.18	CCDC28A	chr6	138773769	138793319	4	4	4
ENSG00000203734.12	ECT2L	chr6	138795911	138904070	4	4	4
ENSG00000225415.2	ACKR4P1	chr6	138822747	138823799	4	4	4
ENSG00000220600.2	AL121834.1	chr6	138878899	138879407	4	4	4
ENSG00000135597.19	REPS1	chr6	138903493	138988261	4	4	4
ENSG00000146386.8	ABRACL	chr6	139028745	139043302	4	4	4
ENSG00000112406.5	HECA	chr6	139135080	139180802	4	4	4
ENSG00000231329.8	AL031772.1	chr6	139144204	139239653	4	4	4
ENSG00000272446.5	AL158850.1	chr6	139159157	139277181	4	4	4
ENSG00000164440.15	TXLNB	chr6	139240061	139291998	4	4	4
ENSG00000226571.2	AL592429.2	chr6	139271362	139667284	4	4	4
ENSG00000218565.2	AL592429.1	chr6	139338018	139339580	4	4	4
ENSG00000164442.10	CITED2	chr6	139371807	139374648	4	4	4
ENSG00000238099.3	LINC01625	chr6	139435636	139474658	4	4	4
ENSG00000219806.1	ATP5PBP6	chr6	139614438	139615204	4	4	4
ENSG00000205695.3	AL390205.1	chr6	139659928	139661513	4	4	4
ENSG00000231426.7	FILNC1	chr6	139677639	139860476	4	4	4
ENSG00000225148.1	AL050338.1	chr6	139856104	139877391	4	4	4
ENSG00000287820.1	AL050338.2	chr6	139938864	139991094	4	4	4
ENSG00000236013.7	AL357146.1	chr6	139976352	140093721	4	4	4
ENSG00000252107.1	RNA5SP220	chr6	140158591	140158694	4	4	4
ENSG00000263514.1	MIR3668	chr6	140205252	140205326	4	4	4
ENSG00000285875.1	AL035446.2	chr6	140575788	140898381	4	4	4
ENSG00000264390.1	MIR4465	chr6	140683814	140683883	4	4	4
ENSG00000217684.2	RPS3AP24	chr6	140761529	140762262	4	4	4
ENSG00000234147.1	AL035446.1	chr6	140845958	140852924	4	4	4
ENSG00000216548.2	AL357084.1	chr6	140922457	140922910	4	4	4
ENSG00000275138.1	AL357080.1	chr6	141019788	141020026	4	4	4
ENSG00000286452.1	AL355596.2	chr6	141403240	141404494	4	4	4
ENSG00000259828.1	AL355596.1	chr6	141447011	141451006	4	4	4
ENSG00000222764.1	RN7SKP106	chr6	141486141	141486412	4	4	4
ENSG00000218351.2	RPS3AP23	chr6	141635650	141636503	4	4	4
ENSG00000135577.4	NMBR	chr6	142058330	142088799	4	4	4
ENSG00000270983.1	AL589674.1	chr6	142062717	142063053	4	4	4
ENSG00000236822.1	NMBR-AS1	chr6	142088233	142089219	4	4	4
ENSG00000203733.5	GJE1	chr6	142133090	142135151	4	4	4
ENSG00000009844.16	VTA1	chr6	142147162	142224685	4	4	4
ENSG00000237494.1	AL360007.1	chr6	142251847	142259632	4	4	4
ENSG00000112414.15	ADGRG6	chr6	142301854	142446266	4	4	4
ENSG00000236366.3	AL359313.1	chr6	142526455	142637889	4	4	4
ENSG00000287084.1	AL355337.1	chr6	142671980	142681267	4	4	4
ENSG00000233138.1	AL023584.1	chr6	142748443	142753759	4	4	4
ENSG00000010818.10	HIVEP2	chr6	142751469	142956698	4	4	4
ENSG00000237851.1	AL023584.2	chr6	142788123	142794086	4	4	4
ENSG00000232618.2	AL355304.1	chr6	142946406	142957945	4	4	4
ENSG00000229017.7	LINC01277	chr6	142966293	143059682	4	4	4
ENSG00000227192.1	AL023581.2	chr6	143039425	143042324	4	4	4
ENSG00000146416.19	AIG1	chr6	143060496	143341058	4	4	4
ENSG00000225752.1	AL023581.1	chr6	143094034	143099645	4	4	4
ENSG00000217495.2	AL136116.2	chr6	143298770	143299554	4	4	4
ENSG00000216642.1	AL136116.1	chr6	143327275	143327655	4	4	4
ENSG00000217648.1	AL136116.3	chr6	143342246	143343383	4	4	4
ENSG00000270655.1	AL031320.1	chr6	143386581	143387409	4	4	4
ENSG00000189007.16	ADAT2	chr6	143422832	143450695	4	4	4
ENSG00000218896.1	TUBB8P2	chr6	143436216	143436710	4	4	4
ENSG00000223203.1	RNA5SP221	chr6	143449809	143449911	4	4	4
ENSG00000034693.15	PEX3	chr6	143450805	143490616	4	4	4
ENSG00000278206.1	AL031320.2	chr6	143484979	143507327	4	4	4
ENSG00000229036.7	VDAC1P8	chr6	143490424	143506406	4	4	4
ENSG00000001036.14	FUCA2	chr6	143494812	143511720	4	4	4
ENSG00000112419.14	PHACTR2	chr6	143536845	143831185	4	4	4
ENSG00000235740.2	PHACTR2-AS1	chr6	143554325	143562031	4	4	4
ENSG00000257065.1	AL049844.1	chr6	143807092	143844617	4	4	4
ENSG00000135521.9	LTV1	chr6	143843338	143863812	4	4	4
ENSG00000280148.1	AL049844.3	chr6	143857318	143938471	4	4	4
ENSG00000270890.1	AL049844.2	chr6	143858062	143858689	4	4	4
ENSG00000118491.10	ZC2HC1B	chr6	143864436	143938343	4	4	4
ENSG00000118495.20	PLAGL1	chr6	143940300	144064599	4	4	4
ENSG00000283122.1	HYMAI	chr6	144004916	144008262	4	4	4
ENSG00000276680.1	AL109755.2	chr6	144007227	144007464	4	4	4
ENSG00000217231.2	AL109755.1	chr6	144036618	144037704	4	4	4
ENSG00000169976.7	SF3B5	chr6	144094884	144095573	4	4	4
ENSG00000219297.1	MRPL42P3	chr6	144136450	144136775	4	4	4
ENSG00000135604.10	STX11	chr6	144150517	144191939	4	4	4
ENSG00000217027.1	TPT1P4	chr6	144200447	144200965	4	4	4
ENSG00000216475.1	AL024474.1	chr6	144257034	144257624	4	4	4
ENSG00000152818.18	UTRN	chr6	144285701	144853034	4	4	4
ENSG00000225311.1	AL024474.2	chr6	144311699	144333301	4	4	4
ENSG00000219409.2	AL590704.1	chr6	144397959	144398752	4	4	4
ENSG00000217195.1	AL513475.1	chr6	144706733	144707047	4	4	4
ENSG00000220739.2	AL513475.2	chr6	144708106	144708497	4	4	4
ENSG00000285598.1	AL023283.1	chr6	145296545	145311092	4	4	4
ENSG00000112425.16	EPM2A	chr6	145382535	145736023	4	4	4
ENSG00000201119.1	RNU1-33P	chr6	145463238	145463399	4	4	4
ENSG00000217612.2	AL031119.1	chr6	145489630	145492092	4	4	4
ENSG00000270638.1	AL023806.1	chr6	145735570	145737218	4	4	4
ENSG00000270828.1	AL023806.2	chr6	145736911	145737173	4	4	4
ENSG00000288551.1	AL023806.5	chr6	145749917	145751137	4	4	4
ENSG00000288056.1	AL023806.4	chr6	145784406	145786559	4	4	4
ENSG00000280184.2	AL023806.3	chr6	145789270	145791973	4	4	4
ENSG00000118496.5	FBXO30	chr6	145793502	145814795	4	4	4
ENSG00000235652.9	FBXO30-DT	chr6	145799409	145887430	4	4	4
ENSG00000146414.16	SHPRH	chr6	145864245	145964423	4	4	4
ENSG00000152822.14	GRM1	chr6	146027646	146437601	4	4	4
ENSG00000187103.3	FUNDC2P3	chr6	146171315	146171847	4	4	4
ENSG00000222971.1	RNA5SP222	chr6	146340420	146340524	4	4	4
ENSG00000216811.2	AL035698.1	chr6	146364931	146365494	4	4	4
ENSG00000118508.5	RAB32	chr6	146543833	146554953	4	4	4
ENSG00000237468.2	AL359547.1	chr6	146594516	146598931	4	4	4
ENSG00000118492.17	ADGB	chr6	146598967	146815462	4	4	4
ENSG00000273719.1	AL359547.2	chr6	146638844	146639261	4	4	4
ENSG00000207431.2	RNU6-906P	chr6	146639700	146639769	4	4	4
ENSG00000228283.3	KATNBL1P6	chr6	146802359	146803824	4	4	4
ENSG00000233452.7	STXBP5-AS1	chr6	146824539	147204614	4	4	4
ENSG00000227748.2	AL138916.1	chr6	146854983	146863460	4	4	4
ENSG00000272397.1	AL138916.2	chr6	146948528	146951159	4	4	4
ENSG00000196634.3	LUADT1	chr6	147158925	147180992	4	4	4
ENSG00000164506.14	STXBP5	chr6	147204425	147390476	4	4	4
ENSG00000273997.1	AL355365.1	chr6	147406531	147406824	4	4	4
ENSG00000220494.4	YAP1P1	chr6	147406889	147408281	4	4	4
ENSG00000203727.4	SAMD5	chr6	147508690	147737547	4	4	4
ENSG00000227681.5	AL033504.1	chr6	147660703	147953937	4	4	4
ENSG00000226249.1	AL365271.1	chr6	147741434	147743324	4	4	4
ENSG00000287976.1	AL445123.2	chr6	148001716	148018985	4	4	4
ENSG00000234675.1	AL445123.1	chr6	148017422	148020974	4	4	4
ENSG00000230205.1	AL359382.1	chr6	148133809	148137404	4	4	4
ENSG00000287473.1	AL359382.2	chr6	148155120	148157084	4	4	4
ENSG00000224658.1	AL513164.1	chr6	148237585	148283408	4	4	4
ENSG00000111961.18	SASH1	chr6	148272304	148552048	4	4	4
ENSG00000207345.1	RNU6-1222P	chr6	148278672	148278778	4	4	4
ENSG00000215223.3	CYP51A1P3	chr6	148478693	148480763	4	4	4
ENSG00000217824.1	SNRPEP6	chr6	148567378	148567654	4	4	4
ENSG00000231368.1	RPSAP40	chr6	148647707	148648597	4	4	4
ENSG00000111962.8	UST	chr6	148747030	149076990	4	4	4
ENSG00000227660.1	UST-AS1	chr6	148955628	148964684	4	4	4
ENSG00000236591.1	UST-AS2	chr6	149027700	149032573	4	4	4
ENSG00000219487.2	AL603766.1	chr6	149112009	149112672	4	4	4
ENSG00000228408.6	AL031056.1	chr6	149217926	149245554	4	4	4
ENSG00000055208.19	TAB2	chr6	149218641	149411613	4	4	4
ENSG00000225924.2	TAB2-AS1	chr6	149243299	149257551	4	4	4
ENSG00000283608.1	AL031056.2	chr6	149246095	149255415	4	4	4
ENSG00000241391.3	RN7SL234P	chr6	149291352	149291646	4	4	4
ENSG00000216265.1	FABP12P1	chr6	149304107	149304428	4	4	4
ENSG00000177688.7	SUMO4	chr6	149400262	149401278	4	4	4
ENSG00000178199.14	ZC3H12D	chr6	149446795	149485014	4	4	4
ENSG00000219553.2	AL031133.1	chr6	149491567	149492289	4	4	4
ENSG00000131013.4	PPIL4	chr6	149504495	149546043	4	4	4
ENSG00000252244.1	RNU7-3P	chr6	149516956	149517017	4	4	4
ENSG00000235168.1	AL078581.3	chr6	149561152	149563949	4	4	4
ENSG00000055211.14	GINM1	chr6	149566294	149591748	4	4	4
ENSG00000281021.1	AL078581.4	chr6	149576089	149590864	4	4	4
ENSG00000233330.1	AL078581.2	chr6	149591755	149592663	4	4	4
ENSG00000220848.5	RPS18P9	chr6	149592687	149601878	4	4	4
ENSG00000202343.1	AL078581.1	chr6	149594625	149594759	4	4	4
ENSG00000186625.14	KATNA1	chr6	149594873	149648972	4	4	4
ENSG00000207292.1	Y_RNA	chr6	149631437	149631549	4	4	4
ENSG00000131023.13	LATS1	chr6	149658153	149718105	4	4	4
ENSG00000278899.1	AL358852.1	chr6	149717621	149718888	4	4	4
ENSG00000120253.14	NUP43	chr6	149724315	149749665	4	4	4
ENSG00000120265.18	PCMT1	chr6	149749443	149811420	4	4	4
ENSG00000219433.2	BTBD10P2	chr6	149794763	149795746	4	4	4
ENSG00000231760.5	AL355312.2	chr6	149796151	149799150	4	4	4
ENSG00000285889.1	AL355312.4	chr6	149797317	149826294	4	4	4
ENSG00000285991.1	AL355312.5	chr6	149817937	149896011	4	4	4
ENSG00000120256.11	LRP11	chr6	149818757	149864359	4	4	4
ENSG00000273132.1	AL355312.3	chr6	149852462	149853192	4	4	4
ENSG00000268592.3	RAET1E-AS1	chr6	149863494	149919507	4	4	4
ENSG00000217733.2	CCT7P1	chr6	149879962	149881572	4	4	4
ENSG00000164520.11	RAET1E	chr6	149883375	149898102	4	4	4
ENSG00000223701.3	RAET1E-AS1	chr6	149884431	149919508	4	4	4
ENSG00000216906.2	AL355312.1	chr6	149904243	149906418	4	4	4
ENSG00000203722.8	RAET1G	chr6	149916878	149923121	4	4	4
ENSG00000216621.8	AL583835.2	chr6	149934527	149936782	4	4	4
ENSG00000131015.5	ULBP2	chr6	149942014	149949235	4	4	4
ENSG00000215094.3	AL583835.1	chr6	149951833	149952239	4	4	4
ENSG00000111981.5	ULBP1	chr6	149963943	149973715	4	4	4
ENSG00000219298.1	AL355497.1	chr6	149977471	149979105	4	4	4
ENSG00000231120.3	BTF3P10	chr6	149977922	149978416	4	4	4
ENSG00000218358.2	RAET1K	chr6	149998019	150005157	4	4	4
ENSG00000155918.8	RAET1L	chr6	150018334	150025532	4	4	4
ENSG00000216444.1	RAET1M	chr6	150032769	150033566	4	4	4
ENSG00000235972.1	AL355497.2	chr6	150040547	150042033	4	4	4
ENSG00000213091.2	PHBP1	chr6	150042546	150043353	4	4	4
ENSG00000131019.11	ULBP3	chr6	150061053	150069121	4	4	4
ENSG00000198729.5	PPP1R14C	chr6	150143044	150250392	4	4	4
ENSG00000238594.1	AL355497.3	chr6	150164584	150164686	4	4	4
ENSG00000201628.1	RNU4-7P	chr6	150326623	150326763	4	4	4
ENSG00000009765.15	IYD	chr6	150368892	150405969	4	4	4
ENSG00000220598.1	SSR1P1	chr6	150384307	150385120	4	4	4
ENSG00000219622.1	AL451061.1	chr6	150504811	150510300	4	4	4
ENSG00000120278.16	PLEKHG1	chr6	150599883	150843665	4	4	4
ENSG00000232891.1	AL450344.3	chr6	150600834	150605850	4	4	4
ENSG00000224029.1	AL450344.1	chr6	150624677	150626086	4	4	4
ENSG00000226599.1	AL450344.2	chr6	150650772	150652025	4	4	4
ENSG00000213089.4	PDCL3P5	chr6	150827663	150828384	4	4	4
ENSG00000120254.16	MTHFD1L	chr6	150865679	151101887	4	4	4
ENSG00000218996.1	ARL4AP5	chr6	150934968	150935566	4	4	4
ENSG00000202119.1	RNU6-302P	chr6	150939222	150939328	4	4	4
ENSG00000232290.1	AL133260.2	chr6	151054897	151056057	4	4	4
ENSG00000223598.1	AL138733.1	chr6	151088103	151228447	4	4	4
ENSG00000219747.1	AL133260.1	chr6	151099529	151099933	4	4	4
ENSG00000231883.1	AL138733.2	chr6	151196681	151197638	4	4	4
ENSG00000238616.1	RNU6-300P	chr6	151201341	151201444	4	4	4
ENSG00000213087.3	AL356535.1	chr6	151225550	151225947	4	4	4
ENSG00000131016.17	AKAP12	chr6	151239967	151358559	4	4	4
ENSG00000252431.1	RNU6-1247P	chr6	151280515	151280612	4	4	4
ENSG00000252487.1	RNY4P20	chr6	151298841	151298933	4	4	4
ENSG00000223039.1	RN7SKP268	chr6	151319635	151319950	4	4	4
ENSG00000181472.5	ZBTB2	chr6	151364115	151391559	4	4	4
ENSG00000252615.1	Y_RNA	chr6	151378000	151378099	4	4	4
ENSG00000155906.19	RMND1	chr6	151404762	151452158	4	4	4
ENSG00000219395.2	HSPA8P15	chr6	151411259	151413945	4	4	4
ENSG00000146476.11	ARMT1	chr6	151452258	151470101	4	4	4
ENSG00000120262.10	CCDC170	chr6	151494017	151621193	4	4	4
ENSG00000207422.1	RNU6-813P	chr6	151615773	151615879	4	4	4
ENSG00000091831.24	ESR1	chr6	151656691	152129619	4	4	4
ENSG00000233823.1	AL356311.1	chr6	151813276	151814179	4	4	4
ENSG00000287914.1	AL078582.2	chr6	152091712	152094009	4	4	4
ENSG00000284615.1	AL078582.1	chr6	152112759	152118397	4	4	4
ENSG00000131018.24	SYNE1	chr6	152121684	152637801	4	4	4
ENSG00000234577.1	SYNE1-AS1	chr6	152380546	152381564	4	4	4
ENSG00000226193.1	AL049548.1	chr6	152402398	152404966	4	4	4
ENSG00000202044.1	RNA5SP223	chr6	152410275	152410394	4	4	4
ENSG00000233464.2	NANOGP11	chr6	152545930	152546984	4	4	4
ENSG00000120279.6	MYCT1	chr6	152697895	152724567	4	4	4
ENSG00000218792.2	HSPD1P16	chr6	152705735	152706128	4	4	4
ENSG00000146469.13	VIP	chr6	152750797	152759765	4	4	4
ENSG00000224893.7	LINC02840	chr6	152754903	152875991	4	4	4
ENSG00000217372.2	TUBB4BP7	chr6	152898047	152899280	4	4	4
ENSG00000220745.2	AL080276.1	chr6	152959359	152959605	4	4	4
ENSG00000112029.10	FBXO5	chr6	152970519	152983579	4	4	4
ENSG00000227627.3	AL080276.2	chr6	152983331	152991322	4	4	4
ENSG00000112031.16	MTRF1L	chr6	152987362	153002709	4	4	4
ENSG00000091844.8	RGS17	chr6	153004459	153131282	4	4	4
ENSG00000201939.1	RNA5SP224	chr6	153159220	153159345	4	4	4
ENSG00000213121.2	AL590867.1	chr6	153231320	153347488	4	4	4
ENSG00000218426.5	AL590867.2	chr6	153282287	153282733	4	4	4
ENSG00000237312.2	AL358134.1	chr6	153304595	153427154	4	4	4
ENSG00000222806.1	RNA5SP225	chr6	153420438	153420572	4	4	4
ENSG00000217160.2	MTCO2P31	chr6	153665707	153666390	4	4	4
ENSG00000242246.2	AL603908.1	chr6	153666466	153666666	4	4	4
ENSG00000218776.4	MTATP6P31	chr6	153666627	153667318	4	4	4
ENSG00000217044.1	MTCO3P31	chr6	153667318	153668106	4	4	4
ENSG00000220733.1	MTND3P20	chr6	153668177	153668362	4	4	4
ENSG00000220514.1	MTND4LP20	chr6	153668589	153668858	4	4	4
ENSG00000216713.1	MTND4P13	chr6	153668879	153669901	4	4	4
ENSG00000199246.1	RNU6-896P	chr6	153681447	153681553	4	4	4
ENSG00000217085.2	HMGB3P19	chr6	153938433	153938992	4	4	4
ENSG00000112038.18	OPRM1	chr6	154010496	154246867	4	4	4
ENSG00000074706.13	IPCEF1	chr6	154154496	154356792	4	4	4
ENSG00000288520.1	AL357075.4	chr6	154159828	154510114	4	4	4
ENSG00000237593.1	AL445220.1	chr6	154216931	154217489	4	4	4
ENSG00000153721.19	CNKSR3	chr6	154387515	154510685	4	4	4
ENSG00000286553.1	AL357075.2	chr6	154477982	154479593	4	4	4
ENSG00000287260.1	AL357075.3	chr6	154510791	154522307	4	4	4
ENSG00000275419.1	AL357075.1	chr6	154542552	154542740	4	4	4
ENSG00000220181.1	MTRES1P1	chr6	154549517	154550242	4	4	4
ENSG00000219146.1	RPS4XP8	chr6	154576309	154577079	4	4	4
ENSG00000231316.1	AL591419.1	chr6	154605616	154605954	4	4	4
ENSG00000205625.2	AL591499.1	chr6	154706643	154707795	4	4	4
ENSG00000213079.10	SCAF8	chr6	154733378	154834244	4	4	4
ENSG00000200594.1	RNU6-824P	chr6	154825176	154825279	4	4	4
ENSG00000146426.18	TIAM2	chr6	154832697	155257723	4	4	4
ENSG00000218757.1	AL121952.1	chr6	154845074	154845620	4	4	4
ENSG00000264814.1	MIR1273C	chr6	154853360	154853436	4	4	4
ENSG00000238963.2	U8	chr6	154905076	154905206	4	4	4
ENSG00000274451.1	AL136228.1	chr6	155004835	155005318	4	4	4
ENSG00000235381.1	AL596202.1	chr6	155253139	155256724	4	4	4
ENSG00000029639.11	TFB1M	chr6	155256134	155314493	4	4	4
ENSG00000171217.5	CLDN20	chr6	155264013	155276548	4	4	4
ENSG00000232529.1	AL031773.1	chr6	155380511	155381183	4	4	4
ENSG00000074771.4	NOX3	chr6	155395368	155455839	4	4	4
ENSG00000238789.1	RNU7-152P	chr6	155654963	155655026	4	4	4
ENSG00000287092.1	AL589693.1	chr6	155911195	156397589	4	4	4
ENSG00000221456.1	MIR1202	chr6	155946797	155946879	4	4	4
ENSG00000285797.1	AL512658.2	chr6	156350579	156390246	4	4	4
ENSG00000212295.1	SNORD28B	chr6	156378750	156378824	4	4	4
ENSG00000227360.2	AL512658.1	chr6	156493226	156505011	4	4	4
ENSG00000220347.1	H3P28	chr6	156662050	156662437	4	4	4
ENSG00000271265.1	AL355297.2	chr6	156774217	156774662	4	4	4
ENSG00000049618.24	ARID1B	chr6	156776020	157210779	4	4	4
ENSG00000271551.2	AL355297.3	chr6	156776360	156778422	4	4	4
ENSG00000271899.1	MIR4466	chr6	156779678	156779731	4	4	4
ENSG00000270487.1	AL355297.1	chr6	156780327	156780455	4	4	4
ENSG00000218596.2	AL162578.1	chr6	156976294	156977072	4	4	4
ENSG00000233044.1	AL049820.1	chr6	157107727	157119706	4	4	4
ENSG00000215712.11	TMEM242	chr6	157289025	157323601	4	4	4
ENSG00000217783.2	LDHAL6FP	chr6	157299045	157300126	4	4	4
ENSG00000271040.1	AL390955.2	chr6	157323964	157324477	4	4	4
ENSG00000213078.3	AL390955.1	chr6	157365990	157366923	4	4	4
ENSG00000218631.1	AL117344.1	chr6	157372556	157373171	4	4	4
ENSG00000286482.1	AL117344.2	chr6	157377062	157380896	4	4	4
ENSG00000175048.17	ZDHHC14	chr6	157381133	157678157	4	4	4
ENSG00000266617.1	MIR3692	chr6	157529132	157529200	4	4	4
ENSG00000130340.16	SNX9	chr6	157700387	157945077	4	4	4
ENSG00000234361.1	AL391863.2	chr6	157829143	157830573	4	4	4
ENSG00000229502.5	AL391863.1	chr6	157872571	157875210	4	4	4
ENSG00000236324.1	SNX9-AS1	chr6	157885114	157892786	4	4	4
ENSG00000220867.1	HSPE1P26	chr6	157924402	157924676	4	4	4
ENSG00000252658.1	RNU6-786P	chr6	157934168	157934257	4	4	4
ENSG00000078269.15	SYNJ2	chr6	157981863	158099176	4	4	4
ENSG00000285642.1	AL139330.1	chr6	158000109	158000749	4	4	4
ENSG00000233496.1	SYNJ2-IT1	chr6	158001107	158002383	4	4	4
ENSG00000122335.17	SERAC1	chr6	158109519	158168280	4	4	4
ENSG00000272047.3	GTF2H5	chr6	158168350	158199344	4	4	4
ENSG00000130338.13	TULP4	chr6	158232236	158511828	4	4	4
ENSG00000188451.8	SRP72P2	chr6	158237336	158242797	4	4	4
ENSG00000274023.1	AL360169.2	chr6	158282841	158428379	4	4	4
ENSG00000287591.1	AL360169.3	chr6	158296671	158303372	4	4	4
ENSG00000238019.1	AL360169.1	chr6	158397885	158398561	4	4	4
ENSG00000243373.3	RN7SL173P	chr6	158437797	158438088	4	4	4
ENSG00000219188.1	CACYBPP3	chr6	158515605	158516229	4	4	4
ENSG00000146433.9	TMEM181	chr6	158536436	158635428	4	4	4
ENSG00000218226.1	TATDN2P2	chr6	158609706	158621636	4	4	4
ENSG00000278571.1	MIR7161	chr6	158609707	158609790	4	4	4
ENSG00000146425.11	DYNLT1	chr6	158636474	158644743	4	4	4
ENSG00000164674.16	SYTL3	chr6	158650014	158764876	4	4	4
ENSG00000219249.2	AMZ2P2	chr6	158725747	158726803	4	4	4
ENSG00000265558.1	MIR3918	chr6	158764661	158764753	4	4	4
ENSG00000092820.18	EZR	chr6	158765741	158819368	4	4	4
ENSG00000233893.2	EZR-AS1	chr6	158817979	158822252	4	4	4
ENSG00000243775.2	OSTCP1	chr6	158841117	158857632	4	4	4
ENSG00000285159.1	AL627422.2	chr6	158853588	158864502	4	4	4
ENSG00000203711.14	C6orf99	chr6	158869848	158919105	4	4	4
ENSG00000213076.3	AL627422.1	chr6	158921271	158922150	4	4	4
ENSG00000223191.1	RNU6-293P	chr6	158926466	158926571	4	4	4
ENSG00000130363.12	RSPH3	chr6	158972871	159000202	4	4	4
ENSG00000271913.7	AL035530.2	chr6	158988178	159088114	4	4	4
ENSG00000164691.18	TAGAP	chr6	159034468	159045152	4	4	4
ENSG00000226032.2	AL035530.1	chr6	159042192	159095823	4	4	4
ENSG00000285492.1	AL356417.3	chr6	159051674	159121495	4	4	4
ENSG00000224478.3	AL356417.1	chr6	159094093	159116254	4	4	4
ENSG00000233682.3	AL356417.2	chr6	159165899	159170007	4	4	4
ENSG00000164694.17	FNDC1	chr6	159169400	159272108	4	4	4
ENSG00000235086.1	FNDC1-IT1	chr6	159240786	159243329	4	4	4
ENSG00000231178.3	AL357832.1	chr6	159353922	159383339	4	4	4
ENSG00000234777.3	LINC02529	chr6	159383422	159401147	4	4	4
ENSG00000286533.1	AL078604.4	chr6	159468601	159662627	4	4	4
ENSG00000216480.2	AL078604.1	chr6	159526062	159526527	4	4	4
ENSG00000276413.1	AL078604.3	chr6	159555964	159556174	4	4	4
ENSG00000237927.1	AL078604.2	chr6	159586955	159589169	4	4	4
ENSG00000112096.19	SOD2	chr6	159669069	159762529	4	4	4
ENSG00000220305.1	HNRNPH1P1	chr6	159712801	159713985	4	4	4
ENSG00000251988.1	RNU4ATAC18P	chr6	159720415	159720540	4	4	4
ENSG00000146457.16	WTAP	chr6	159725585	159756319	4	4	4
ENSG00000285427.1	SOD2-OT1	chr6	159760258	159762332	4	4	4
ENSG00000120437.9	ACAT2	chr6	159762045	159779112	4	4	4
ENSG00000120438.12	TCP1	chr6	159778498	159789703	4	4	4
ENSG00000207392.1	SNORA20	chr6	159780250	159780381	4	4	4
ENSG00000206910.1	SNORA29	chr6	159785594	159785733	4	4	4
ENSG00000112110.10	MRPL18	chr6	159789812	159798436	4	4	4
ENSG00000146453.13	PNLDC1	chr6	159800249	159820704	4	4	4
ENSG00000236823.2	AL035691.1	chr6	159890988	159902510	4	4	4
ENSG00000130368.7	MAS1	chr6	159890988	159917447	4	4	4
ENSG00000197081.16	IGF2R	chr6	159969082	160113507	4	4	4
ENSG00000268257.2	AIRN	chr6	160003291	160007664	4	4	4
ENSG00000213073.5	CHP1P2	chr6	160093423	160093993	4	4	4
ENSG00000175003.15	SLC22A1	chr6	160121815	160158718	4	4	4
ENSG00000216516.1	AL645733.1	chr6	160163539	160163755	4	4	4
ENSG00000112499.13	SLC22A2	chr6	160171061	160277638	4	4	4
ENSG00000230234.1	AL162582.1	chr6	160272617	160276130	4	4	4
ENSG00000146477.6	SLC22A3	chr6	160348378	160452577	4	4	4
ENSG00000287656.1	AL591069.1	chr6	160369200	160386934	4	4	4
ENSG00000213071.11	LPAL2	chr6	160453428	160520269	4	4	4
ENSG00000198670.12	LPA	chr6	160531482	160664275	4	4	4
ENSG00000243831.1	AL109933.2	chr6	160666228	160676523	4	4	4
ENSG00000224477.5	AL109933.1	chr6	160698288	160700632	4	4	4
ENSG00000122194.19	PLG	chr6	160702238	160754097	4	4	4
ENSG00000287558.1	AL109933.5	chr6	160742509	160767490	4	4	4
ENSG00000276960.1	AL109933.4	chr6	160755398	160757518	4	4	4
ENSG00000274903.1	AL109933.3	chr6	160773988	160783214	4	4	4
ENSG00000224371.6	AL391361.2	chr6	160872888	160926204	4	4	4
ENSG00000220913.1	AL391361.1	chr6	160905770	160913638	4	4	4
ENSG00000233342.2	AL139393.2	chr6	160926269	160943110	4	4	4
ENSG00000231863.2	AL139393.1	chr6	160931080	160985624	4	4	4
ENSG00000272841.1	MAP3K4-AS1	chr6	160990318	160992342	4	4	4
ENSG00000085511.20	MAP3K4	chr6	160991727	161117385	4	4	4
ENSG00000026652.15	AGPAT4	chr6	161129967	161274061	4	4	4
ENSG00000185345.23	PRKN	chr6	161347417	162727775	4	4	4
ENSG00000286498.1	AL132982.1	chr6	161353679	161355350	4	4	4
ENSG00000286805.1	AL138716.1	chr6	161435098	161446016	4	4	4
ENSG00000227913.1	KRT8P44	chr6	162568379	162569728	4	4	4
ENSG00000112530.11	PACRG	chr6	162727132	163315492	4	4	4
ENSG00000217557.1	AL590286.1	chr6	162957258	162957548	4	4	4
ENSG00000285610.1	AL590286.2	chr6	162969050	162975007	4	4	4
ENSG00000225437.6	PACRG-AS2	chr6	163042557	163054161	4	4	4
ENSG00000285553.1	AL137182.1	chr6	163115691	163137775	4	4	4
ENSG00000225683.6	PACRG-AS3	chr6	163163830	163192038	4	4	4
ENSG00000281692.2	PACRG-AS1	chr6	163306907	163324530	4	4	4
ENSG00000285564.2	AL031121.2	chr6	163338363	163346744	4	4	4
ENSG00000285726.1	AL031121.3	chr6	163348019	163353220	4	4	4
ENSG00000217514.1	AL031121.1	chr6	163363210	163363463	4	4	4
ENSG00000270419.1	CAHM	chr6	163413065	163413960	4	4	4
ENSG00000112531.17	QKI	chr6	163414000	163578592	4	4	4
ENSG00000228692.2	AL445307.1	chr6	163586583	163588165	4	4	4
ENSG00000235538.4	AL078602.1	chr6	163671577	164009980	4	4	4
ENSG00000285858.1	AL137005.1	chr6	163705937	163714306	4	4	4
ENSG00000266128.2	RN7SL366P	chr6	163840561	163840852	4	4	4
ENSG00000286573.1	AL136225.1	chr6	163956299	163960187	4	4	4
ENSG00000260422.1	Z97205.2	chr6	164084023	164085661	4	4	4
ENSG00000230627.1	Z97205.1	chr6	164108620	164109694	4	4	4
ENSG00000288584.1	Z97205.3	chr6	164148022	164152175	4	4	4
ENSG00000288648.1	AL139190.1	chr6	164228331	164231610	4	4	4
ENSG00000226739.1	AL358972.1	chr6	164346489	164348644	4	4	4
ENSG00000287550.1	AL450345.2	chr6	164791288	164827683	4	4	4
ENSG00000227455.3	AL450345.1	chr6	164827732	164832114	4	4	4
ENSG00000287877.1	AL133538.1	chr6	164928191	165077495	4	4	4
ENSG00000217878.2	AL136100.1	chr6	165117195	165117524	4	4	4
ENSG00000112539.15	C6orf118	chr6	165279664	165309605	4	4	4
ENSG00000112541.17	PDE10A	chr6	165327287	165988078	4	4	4
ENSG00000199523.1	RNA5SP226	chr6	165409562	165409676	4	4	4
ENSG00000206681.1	RNU6-730P	chr6	165718235	165718338	4	4	4
ENSG00000236627.1	AL590302.2	chr6	165754189	165775780	4	4	4
ENSG00000223942.2	AL590302.1	chr6	165773056	165775221	4	4	4
ENSG00000281832.1	LINC00602	chr6	165987551	165989615	4	4	4
ENSG00000216624.3	GAPDHP72	chr6	166058505	166066028	4	4	4
ENSG00000287824.1	AL627443.3	chr6	166098111	166099589	4	4	4
ENSG00000231297.3	AL627443.1	chr6	166099665	166113273	4	4	4
ENSG00000276643.1	AL627443.2	chr6	166099853	166099924	4	4	4
ENSG00000164458.10	TBXT	chr6	166157656	166168700	4	4	4
ENSG00000288638.1	LNCDAT	chr6	166167920	166171376	4	4	4
ENSG00000201292.1	RNU6-153P	chr6	166209403	166209506	4	4	4
ENSG00000280991.1	AL121956.6	chr6	166229334	166229554	4	4	4
ENSG00000233365.2	AL121956.1	chr6	166236969	166256947	4	4	4
ENSG00000213536.2	GNG5P1	chr6	166240290	166240493	4	4	4
ENSG00000280850.1	AL121956.5	chr6	166275462	166277077	4	4	4
ENSG00000176381.6	PRR18	chr6	166305300	166308448	4	4	4
ENSG00000287189.1	AL121956.7	chr6	166309572	166317470	4	4	4
ENSG00000198818.10	SFT2D1	chr6	166319728	166342576	4	4	4
ENSG00000233231.1	HNRNPA1P49	chr6	166334568	166335471	4	4	4
ENSG00000286760.1	AL022069.3	chr6	166342632	166351466	4	4	4
ENSG00000060762.19	MPC1	chr6	166364919	166383013	4	4	4
ENSG00000261420.1	AL022069.1	chr6	166383189	166384824	4	4	4
ENSG00000280057.1	AL022069.2	chr6	166388136	166389920	4	4	4
ENSG00000071242.12	RPS6KA2	chr6	166409364	166906451	4	4	4
ENSG00000232082.1	RPS6KA2-IT1	chr6	166460663	166465383	4	4	4
ENSG00000222958.1	MIR1913	chr6	166509354	166509433	4	4	4
ENSG00000235272.2	RAMACL	chr6	166585604	166587594	4	4	4
ENSG00000287690.1	AL023775.2	chr6	166651524	166655610	4	4	4
ENSG00000235008.1	AL023775.1	chr6	166701094	166702839	4	4	4
ENSG00000249141.1	AL159163.1	chr6	166858094	166956124	4	4	4
ENSG00000231654.1	RPS6KA2-AS1	chr6	166903698	166904835	4	4	4
ENSG00000026297.16	RNASET2	chr6	166922113	166957191	4	4	4
ENSG00000227598.1	Z94721.1	chr6	166969626	166999065	4	4	4
ENSG00000285730.1	Z94721.3	chr6	166995735	166999511	4	4	4
ENSG00000265828.1	MIR3939	chr6	166997807	166997912	4	4	4
ENSG00000213066.13	CEP43	chr6	166999317	167094789	4	4	4
ENSG00000272980.4	Z94721.2	chr6	166999405	167139141	4	4	4
ENSG00000112486.17	CCR6	chr6	167111807	167139696	4	4	4
ENSG00000284825.1	AL121935.1	chr6	167114957	167121527	4	4	4
ENSG00000284914.1	AL121935.2	chr6	167126223	167131572	4	4	4
ENSG00000166984.12	TCP10L2	chr6	167146414	167196913	4	4	4
ENSG00000120436.4	GPR31	chr6	167155247	167157980	4	4	4
ENSG00000286674.1	AL121935.3	chr6	167164565	167167233	4	4	4
ENSG00000216966.1	AL353747.1	chr6	167208631	167208897	4	4	4
ENSG00000280707.2	HPAT5	chr6	167228300	167237511	4	4	4
ENSG00000231720.1	AL353747.3	chr6	167237508	167240480	4	4	4
ENSG00000228648.1	AL353747.2	chr6	167241891	167245916	4	4	4
ENSG00000112494.10	UNC93A	chr6	167271169	167316014	4	4	4
ENSG00000120440.15	TTLL2	chr6	167325071	167359503	4	4	4
ENSG00000217447.1	AL021331.1	chr6	167347472	167348053	4	4	4
ENSG00000203690.13	TCP10L3	chr6	167357033	167384510	4	4	4
ENSG00000287297.1	AL356123.1	chr6	167644479	167658518	4	4	4
ENSG00000272549.1	LINC02538	chr6	167666840	167679270	4	4	4
ENSG00000287594.1	AL356123.2	chr6	167678232	167679523	4	4	4
ENSG00000203688.6	LINC02487	chr6	167679626	167696290	4	4	4
ENSG00000213065.2	AL009178.1	chr6	167767083	167768568	4	4	4
ENSG00000146521.10	LINC01558	chr6	167784537	167796872	4	4	4
ENSG00000269155.2	AL009178.2	chr6	167795530	167798248	4	4	4
ENSG00000285212.1	AL009178.3	chr6	167796647	167825145	4	4	4
ENSG00000198221.10	AFDN-DT	chr6	167822103	167826812	4	4	4
ENSG00000130396.20	AFDN	chr6	167826922	167972023	4	4	4
ENSG00000235994.4	HGC6.3	chr6	167975924	167979776	4	4	4
ENSG00000229921.7	KIF25-AS1	chr6	167992822	167997110	4	4	4
ENSG00000125337.19	KIF25	chr6	167996241	168045095	4	4	4
ENSG00000153303.17	FRMD1	chr6	168053166	168101511	4	4	4
ENSG00000234768.1	AL611929.1	chr6	168194358	168204501	4	4	4
ENSG00000287056.1	AL606970.5	chr6	168217032	168220262	4	4	4
ENSG00000237987.1	AL606970.4	chr6	168225279	168226517	4	4	4
ENSG00000228361.2	AL606970.2	chr6	168229732	168240715	4	4	4
ENSG00000234647.2	AL606970.3	chr6	168242938	168262581	4	4	4
ENSG00000230711.2	CTAGE13P	chr6	168286905	168289350	4	4	4
ENSG00000164488.12	DACT2	chr6	168292830	168319777	4	4	4
ENSG00000224417.2	AL606970.1	chr6	168298069	168302114	4	4	4
ENSG00000260771.1	AL138918.1	chr6	168374697	168375355	4	4	4
ENSG00000112562.19	SMOC2	chr6	168441151	168673445	4	4	4
ENSG00000235815.1	AL136099.1	chr6	168716606	168723495	4	4	4
ENSG00000280665.1	AL513210.2	chr6	168820423	168820656	4	4	4
ENSG00000225879.2	AL513210.1	chr6	168920394	168964386	4	4	4
ENSG00000285917.1	AL109924.4	chr6	168999401	169000527	4	4	4
ENSG00000279810.1	AL109924.3	chr6	169033381	169034050	4	4	4
ENSG00000229720.1	AL109924.1	chr6	169034197	169035642	4	4	4
ENSG00000234519.2	AL109924.2	chr6	169067764	169069427	4	4	4
ENSG00000286826.1	AL136129.1	chr6	169097799	169102428	4	4	4
ENSG00000223485.4	LINC01615	chr6	169157162	169162992	4	4	4
ENSG00000261039.3	LINC02544	chr6	169175277	169182841	4	4	4
ENSG00000226445.2	BX322234.1	chr6	169213254	169245773	4	4	4
ENSG00000186340.16	THBS2	chr6	169215780	169254050	4	4	4
ENSG00000233085.5	BX322234.2	chr6	169286534	169289216	4	4	4
ENSG00000224999.1	VTA1P1	chr6	169296471	169297959	4	4	4
ENSG00000226194.5	LINC02519	chr6	169369998	169388385	4	4	4
ENSG00000285887.1	AL009176.1	chr6	169419004	169425156	4	4	4
ENSG00000285733.1	AL031315.1	chr6	169419969	169702047	4	4	4
ENSG00000272848.2	AL135910.1	chr6	169426420	169452475	4	4	4
ENSG00000184465.16	WDR27	chr6	169457212	169702067	4	4	4
ENSG00000185127.6	C6orf120	chr6	169702190	169704856	4	4	4
ENSG00000130024.15	PHF10	chr6	169703902	169725566	4	4	4
ENSG00000232640.1	AL354892.2	chr6	169725091	169725854	4	4	4
ENSG00000227704.1	AL354892.1	chr6	169725504	169738992	4	4	4
ENSG00000184786.6	TCTE3	chr6	169740109	169751587	4	4	4
ENSG00000130023.16	ERMARD	chr6	169751622	169781600	4	4	4
ENSG00000266896.1	AL354892.3	chr6	169770413	169772042	4	4	4
ENSG00000229214.2	LINC00242	chr6	169788790	169799549	4	4	4
ENSG00000231690.3	LINC00574	chr6	169790057	169802873	4	4	4
ENSG00000236173.1	AL049612.1	chr6	169809318	169810102	4	4	4
ENSG00000287823.1	AL603783.1	chr6	170088022	170097234	4	4	4
ENSG00000288162.1	AL596442.4	chr6	170135374	170142926	4	4	4
ENSG00000287407.1	AL596442.3	chr6	170158728	170160471	4	4	4
ENSG00000232197.3	AL596442.1	chr6	170160606	170163142	4	4	4
ENSG00000273100.1	AL596442.2	chr6	170178681	170179660	4	4	4
ENSG00000218716.1	RPL12P23	chr6	170199769	170200258	4	4	4
ENSG00000230960.1	AL109910.1	chr6	170254334	170262569	4	4	4
ENSG00000271820.1	AL109910.2	chr6	170266669	170276762	4	4	4
ENSG00000227508.6	LINC01624	chr6	170272474	170279887	4	4	4
ENSG00000198719.9	DLL1	chr6	170282206	170306565	4	4	4
ENSG00000112584.14	FAM120B	chr6	170290703	170407067	4	4	4
ENSG00000271234.1	AL078605.1	chr6	170297876	170298375	4	4	4
ENSG00000266245.1	MIR4644	chr6	170330761	170330844	4	4	4
ENSG00000261003.1	AL008628.1	chr6	170414139	170419325	4	4	4
ENSG00000008018.9	PSMB1	chr6	170535120	170553307	4	4	4
ENSG00000112592.14	TBP	chr6	170554302	170572870	4	4	4
ENSG00000071994.11	PDCD2	chr6	170575295	170584692	4	4	4
ENSG00000287411.1	AL031259.1	chr6	170612622	170638715			
ENSG00000230423.3	AL672310.1	chr6	170615515	170738536			
ENSG00000217874.2	OR4F7P	chr6	170639606	170640536			
ENSG00000273640.1	WBP1LP8	chr6	170651012	170651338			
ENSG00000234986.1	AL731661.1	chr6	170695313	170696950			
ENSG00000225532.1	AL731684.1	chr6	170736173	170737777			
ENSG00000219814.2	RPL23AP47	chr6	170745518	170745977			
ENSG00000283061.1	AC215522.3	chr7	12704	27234			
ENSG00000282572.2	AC215522.2	chr7	19018	35489			
ENSG00000273644.1	AC215522.1	chr7	37032	37477			
ENSG00000232325.4	AC093627.1	chr7	70972	95683			
ENSG00000242611.2	AC093627.6	chr7	77038	81178			
ENSG00000287883.1	AC093627.22	chr7	115186	132034			
ENSG00000242474.3	AC093627.5	chr7	135853	149527			
ENSG00000240859.3	AC093627.4	chr7	149549	155465			
ENSG00000261795.1	AC093627.7	chr7	161765	164972			
ENSG00000239715.1	AC093627.2	chr7	174920	176013			
ENSG00000240093.1	AC093627.3	chr7	182935	194180			
ENSG00000177706.9	FAM20C	chr7	192571	260772			
ENSG00000249852.1	AC145676.1	chr7	227554	229557			
ENSG00000248767.2	FOXL3	chr7	290170	294422			
ENSG00000287342.1	AC188616.1	chr7	329776	333172			
ENSG00000249574.1	AC226118.1	chr7	379359	382712			
ENSG00000286710.1	AC188617.1	chr7	425373	439389			
ENSG00000286764.1	AC188617.2	chr7	446281	448823			
ENSG00000234471.1	AC147651.1	chr7	484107	496118			
ENSG00000197461.13	PDGFA	chr7	497258	520296			
ENSG00000223855.2	HRAT92	chr7	520391	525238			
ENSG00000188191.15	PRKAR1B	chr7	549197	727650	5	5	5
ENSG00000229380.1	PRKAR1B-AS2	chr7	561958	565619			
ENSG00000237181.1	PRKAR1B-AS1	chr7	603185	608482			
ENSG00000164818.16	DNAAF5	chr7	726699	786475	5	5	5
ENSG00000164828.18	SUN1	chr7	816615	896435	5	5	5
ENSG00000239857.7	GET4	chr7	876554	896436	5	5	5
ENSG00000273151.1	AC073957.3	chr7	879790	886547	5	5	5
ENSG00000105963.15	ADAP1	chr7	897900	955407	5	5	5
ENSG00000240230.6	COX19	chr7	898778	975549	5	5	5
ENSG00000073067.14	CYP2W1	chr7	983181	989640	5	5	5
ENSG00000146540.15	C7orf50	chr7	996986	1138260	5	5	5
ENSG00000199023.3	MIR339	chr7	1022933	1023026	5	5	5
ENSG00000225146.1	AC073957.1	chr7	1029025	1043891	5	5	5
ENSG00000164849.10	GPR146	chr7	1044546	1059261	5	5	5
ENSG00000257607.1	AC073957.2	chr7	1055360	1059261	5	5	5
ENSG00000224079.1	AC091729.1	chr7	1074450	1078036	5	5	5
ENSG00000226291.1	AC091729.2	chr7	1080863	1082178	5	5	5
ENSG00000164850.15	GPER1	chr7	1082208	1093815	5	5	5
ENSG00000178381.12	ZFAND2A	chr7	1152071	1160759	5	5	5
ENSG00000229043.3	ZFAND2A-DT	chr7	1160374	1165607	5	5	5
ENSG00000164853.9	UNCX	chr7	1232872	1237326	5	5	5
ENSG00000233082.1	AC073094.1	chr7	1267353	1269267	5	5	5
ENSG00000164877.19	MICALL2	chr7	1428465	1459470	5	5	5
ENSG00000225981.1	AC102953.1	chr7	1459937	1464008	5	5	5
ENSG00000273230.1	AC102953.2	chr7	1464497	1467522	5	5	5
ENSG00000164880.16	INTS1	chr7	1470277	1504389	5	5	5
ENSG00000231927.1	AC093734.1	chr7	1508655	1509427	5	5	5
ENSG00000198517.10	MAFK	chr7	1530702	1543043	5	5	5
ENSG00000164855.16	TMEM184A	chr7	1542235	1560821	5	5	5
ENSG00000157778.9	PSMG3	chr7	1567332	1571005	5	5	5
ENSG00000230487.8	PSMG3-AS1	chr7	1570073	1589626	5	5	5
ENSG00000230444.1	TFAMP1	chr7	1614590	1615325	5	5	5
ENSG00000231476.1	AC074389.2	chr7	1620654	1621405	5	5	5
ENSG00000225968.7	ELFN1	chr7	1688119	1747954	5	5	5
ENSG00000234977.1	AC074389.3	chr7	1691906	1692450	5	5	5
ENSG00000205971.3	AC074389.1	chr7	1692810	1694357	5	5	5
ENSG00000236081.1	ELFN1-AS1	chr7	1738630	1742291	5	5	5
ENSG00000002822.15	MAD1L1	chr7	1815793	2233243	5	5	5
ENSG00000286192.1	AC069288.1	chr7	1815804	2242215	5	5	5
ENSG00000176349.11	AC104129.1	chr7	1838586	1849931	5	5	5
ENSG00000265089.1	MIR4655	chr7	1844180	1844253	5	5	5
ENSG00000122687.19	MRM2	chr7	2234195	2242205	5	5	5
ENSG00000106268.15	NUDT1	chr7	2242222	2251146	5	5	5
ENSG00000106266.11	SNX8	chr7	2251770	2354318	5	5	5
ENSG00000284047.1	MIR6836	chr7	2257515	2257577	5	5	5
ENSG00000271098.1	IMMP1LP3	chr7	2287915	2288428	5	5	5
ENSG00000106263.18	EIF3B	chr7	2354086	2380745	5	5	5
ENSG00000230914.3	AC004840.1	chr7	2383698	2388652	5	5	5
ENSG00000271163.1	AC004840.2	chr7	2393847	2394131	5	5	5
ENSG00000136213.10	CHST12	chr7	2403588	2448484	5	5	5
ENSG00000275572.1	GRIFIN	chr7	2474844	2476894	5	5	5
ENSG00000106003.13	LFNG	chr7	2512529	2529177	5	5	5
ENSG00000264357.1	MIR4648	chr7	2527074	2527145	5	5	5
ENSG00000106009.16	BRAT1	chr7	2537810	2555694	5	5	5
ENSG00000106012.18	IQCE	chr7	2558972	2614733	5	5	5
ENSG00000136295.15	TTYH3	chr7	2631986	2664802	5	5	5
ENSG00000174945.13	AMZ1	chr7	2679522	2775500	5	5	5
ENSG00000146535.14	GNA12	chr7	2728105	2844308	5	5	5
ENSG00000231357.1	AC006028.1	chr7	2835621	2836022	5	5	5
ENSG00000198286.10	CARD11	chr7	2906142	3043867	5	5	5
ENSG00000237286.1	CARD11-AS1	chr7	2944035	2947091	5	5	5
ENSG00000201794.1	RN7SKP130	chr7	2999094	2999394	5	5	5
ENSG00000228334.2	AC024028.1	chr7	3083252	3118049	5	5	5
ENSG00000217455.8	AC073316.1	chr7	3140234	3174654	5	5	5
ENSG00000231892.1	AC073316.2	chr7	3196626	3198256	5	5	5
ENSG00000236708.1	SDK1-AS1	chr7	3264032	3302452	5	5	5
ENSG00000146555.19	SDK1	chr7	3301252	4269000	5	5	5
ENSG00000224593.1	AC092427.1	chr7	3337889	3338601	5	5	5
ENSG00000236510.1	AC011284.1	chr7	3642815	3643784	5	5	5
ENSG00000283991.1	AC017000.1	chr7	4130181	4134837	5	5	5
ENSG00000261809.1	CYP3A54P	chr7	4511959	4512033	5	5	5
ENSG00000286874.1	AC072054.1	chr7	4642248	4642570	5	5	5
ENSG00000164916.11	FOXK1	chr7	4682295	4771442	5	5	5
ENSG00000287665.1	AC092428.1	chr7	4725440	4728721	5	5	5
ENSG00000242802.9	AP5Z1	chr7	4775615	4794397	5	5	5
ENSG00000264474.1	MIR4656	chr7	4788565	4788639	5	5	5
ENSG00000287541.1	AC092610.1	chr7	4792983	4793127	5	5	5
ENSG00000157927.17	RADIL	chr7	4797055	4883716	5	5	5
ENSG00000206895.1	Y_RNA	chr7	4811188	4811289	5	5	5
ENSG00000218823.2	PAPOLB	chr7	4857738	4862030	5	5	5
ENSG00000213935.3	RPL22P16	chr7	4865432	4865804	5	5	5
ENSG00000136297.15	MMD2	chr7	4905989	4959213	5	5	5
ENSG00000196204.12	RNF216P1	chr7	4973988	5040675	5	5	5
ENSG00000288620.1	AC092032.2	chr7	4976370	4989177	5	5	5
ENSG00000272968.5	RBAK-RBAKDN	chr7	4983718	5073221	5	5	5
ENSG00000288633.1	AC092032.3	chr7	4993620	4997265	5	5	5
ENSG00000270822.1	AC092032.1	chr7	5009164	5009328	5	5	5
ENSG00000275328.1	SPDYE19P	chr7	5031608	5037831	5	5	5
ENSG00000146587.18	RBAK	chr7	5045821	5069487	5	5	5
ENSG00000273313.1	RBAKDN	chr7	5072125	5073223	5	5	5
ENSG00000272595.2	OR10AH1P	chr7	5103719	5120245	5	5	5
ENSG00000159904.11	ZNF890P	chr7	5121239	5144546	5	5	5
ENSG00000202039.1	RNU6-215P	chr7	5180061	5180162	5	5	5
ENSG00000157954.15	WIPI2	chr7	5190196	5233840	5	5	5
ENSG00000164638.10	SLC29A4	chr7	5274369	5306870	5	5	5
ENSG00000182095.14	TNRC18	chr7	5306790	5425414	5	5	5
ENSG00000241269.1	AC093620.1	chr7	5419827	5420767	5	5	5
ENSG00000188365.3	AC092171.1	chr7	5419846	5423122	5	5	5
ENSG00000272953.1	AC092171.4	chr7	5425770	5426401	5	5	5
ENSG00000234432.4	AC092171.3	chr7	5426277	5428927	5	5	5
ENSG00000273084.1	AC092171.5	chr7	5428731	5429672	5	5	5
ENSG00000155034.19	FBXL18	chr7	5431335	5513809	5	5	5
ENSG00000230733.2	AC092171.2	chr7	5475804	5479811	5	5	5
ENSG00000207973.1	MIR589	chr7	5495819	5495917	5	5	5
ENSG00000075624.17	ACTB	chr7	5526409	5563902	5	5	5
ENSG00000272719.1	AC006483.2	chr7	5556731	5557245	5	5	5
ENSG00000228974.5	AC006483.1	chr7	5560743	5561055	5	5	5
ENSG00000075618.18	FSCN1	chr7	5592816	5606655	5	5	5
ENSG00000011275.19	RNF216	chr7	5620047	5781696	5	5	5
ENSG00000237738.1	RNF216-IT1	chr7	5662432	5680461	5	5	5
ENSG00000283419.1	MIR6874	chr7	5711840	5711910	5	5	5
ENSG00000235944.8	ZNF815P	chr7	5823160	5854365	5	5	5
ENSG00000277265.1	RN7SL556P	chr7	5871753	5872050	5	5	5
ENSG00000122543.11	OCM	chr7	5879827	5886363	5	5	5
ENSG00000122674.12	CCZ1	chr7	5898725	5926550	5	5	5
ENSG00000155026.16	RSPH10B	chr7	5925550	5970683	5	5	5
ENSG00000122512.16	PMS2	chr7	5970925	6009106	5	5	5
ENSG00000201990.1	Y_RNA	chr7	6004283	6004385	5	5	5
ENSG00000106305.10	AIMP2	chr7	6009255	6023834	5	5	5
ENSG00000207217.1	SNORA80D	chr7	6016877	6017011	5	5	5
ENSG00000086232.13	EIF2AK1	chr7	6022247	6059175	5	5	5
ENSG00000157999.6	ANKRD61	chr7	6031376	6036552	5	5	5
ENSG00000240718.3	RN7SL851P	chr7	6047721	6048023	5	5	5
ENSG00000252929.1	RNU6-218P	chr7	6057500	6057604	5	5	5
ENSG00000231704.6	AC004895.1	chr7	6080704	6093085	5	5	5
ENSG00000106346.11	USP42	chr7	6104884	6161564	5	5	5
ENSG00000008256.16	CYTH3	chr7	6161776	6272644	5	5	5
ENSG00000202273.1	Y_RNA	chr7	6212638	6212740	5	5	5
ENSG00000178397.13	FAM220A	chr7	6329411	6348981	5	5	5
ENSG00000286075.2	AC009412.1	chr7	6331215	6348758	5	5	5
ENSG00000274319.1	RPSAP73	chr7	6365441	6365770	5	5	5
ENSG00000136238.18	RAC1	chr7	6374527	6403967	5	5	5
ENSG00000164535.15	DAGLB	chr7	6409126	6484190	5	5	5
ENSG00000136240.10	KDELR2	chr7	6445953	6484190	5	5	5
ENSG00000231359.3	AC072052.1	chr7	6490793	6491098	5	5	5
ENSG00000215045.8	GRID2IP	chr7	6497462	6551436	5	5	5
ENSG00000136247.15	ZDHHC4	chr7	6577434	6589374	5	5	5
ENSG00000232581.1	AC079742.1	chr7	6578565	6588974	5	5	5
ENSG00000146576.13	C7orf26	chr7	6590021	6608726	5	5	5
ENSG00000236609.4	ZNF853	chr7	6615610	6624290	5	5	5
ENSG00000205903.7	ZNF316	chr7	6637318	6658279	5	5	5
ENSG00000228010.6	AC073343.2	chr7	6663974	6708901	5	5	5
ENSG00000198580.7	AC073343.1	chr7	6673494	6676366	5	5	5
ENSG00000164631.19	ZNF12	chr7	6688433	6706947	5	5	5
ENSG00000187953.10	PMS2CL	chr7	6710128	6753862	5	5	5
ENSG00000277327.1	SPDYE20P	chr7	6715630	6720982	5	5	5
ENSG00000169402.15	RSPH10B2	chr7	6754109	6799365	5	5	5
ENSG00000146574.16	CCZ1B	chr7	6794134	6826770	5	5	5
ENSG00000273252.1	OR7E39P	chr7	6835420	6835794	5	5	5
ENSG00000155070.8	UNC93B2	chr7	6855485	6859830	5	5	5
ENSG00000205897.5	OR7E136P	chr7	6866658	6867672	5	5	5
ENSG00000250561.2	OR7E59P	chr7	6879627	6880626	5	5	5
ENSG00000243531.1	AC079804.2	chr7	6900424	6900623	5	5	5
ENSG00000226943.3	ALG1L5P	chr7	6923804	6930835	5	5	5
ENSG00000241539.1	AC079804.1	chr7	6924078	6924513	5	5	5
ENSG00000242731.3	FAM86LP	chr7	6931684	6939603	5	5	5
ENSG00000287860.1	AC079804.3	chr7	6952625	7104482	5	5	5
ENSG00000266287.1	MIR3683	chr7	7066964	7067045	5	5	5
ENSG00000239696.3	AC092104.1	chr7	7078302	7079742	5	5	5
ENSG00000201218.1	Y_RNA	chr7	7102573	7102681	5	5	5
ENSG00000106392.11	C1GALT1	chr7	7156934	7248616	5	5	5
ENSG00000244167.1	AC005532.2	chr7	7177952	7178324	5	5	5
ENSG00000230825.2	AC005532.1	chr7	7255154	7278071	5	5	5
ENSG00000236712.1	AC079448.1	chr7	7293508	7293880	5	5	5
ENSG00000215018.10	COL28A1	chr7	7356203	7535873	5	5	5
ENSG00000272732.1	AC004982.1	chr7	7550104	7552440	5	5	5
ENSG00000272894.5	AC004982.2	chr7	7552462	7566996	5	5	5
ENSG00000164654.16	MIOS	chr7	7566875	7608932	5	5	5
ENSG00000272745.1	AC004948.1	chr7	7619872	7620543	5	5	5
ENSG00000106399.11	RPA3	chr7	7636518	7718607	5	5	5
ENSG00000219545.11	UMAD1	chr7	7640711	7968020	5	5	5
ENSG00000283549.1	AC007161.3	chr7	7640752	8004053	5	5	5
ENSG00000270314.1	AC007161.2	chr7	7735743	7736851	5	5	5
ENSG00000234718.7	AC007161.1	chr7	7738524	7742574	5	5	5
ENSG00000201747.1	RNU6-534P	chr7	7906519	7906624	5	5	5
ENSG00000214998.2	CCNB2P1	chr7	7909300	7910449	5	5	5
ENSG00000234141.1	AC006042.3	chr7	7949853	7950709	5	5	5
ENSG00000233108.1	GLCCI1-DT	chr7	7958183	7969903	5	5	5
ENSG00000106415.13	GLCCI1	chr7	7968796	8094272	5	5	5
ENSG00000233264.2	AC006042.2	chr7	7980312	7982228	5	5	5
ENSG00000003147.19	ICA1	chr7	8113184	8262687	5	5	5
ENSG00000227719.1	AC006042.1	chr7	8114025	8116561	5	5	5
ENSG00000244239.1	AC007009.1	chr7	8262233	8262821	5	5	5
ENSG00000229970.3	AC007128.1	chr7	8262264	8344516	5	5	5
ENSG00000272328.1	AC007128.2	chr7	8303741	8341343	5	5	5
ENSG00000122584.13	NXPH1	chr7	8433609	8752961	5	5	5
ENSG00000236748.1	AC009500.1	chr7	8938787	8939369	5	5	5
ENSG00000278254.4	AC004852.2	chr7	9082557	9189857	5	5	5
ENSG00000271526.1	AC004852.1	chr7	9084022	9084175	5	5	5
ENSG00000278446.1	AC004852.3	chr7	9170948	9171273	5	5	5
ENSG00000233876.2	GAPDHP68	chr7	9614978	9615985	5	5	5
ENSG00000234710.2	AC060834.2	chr7	9621764	9769513	5	5	5
ENSG00000271077.1	PER3P1	chr7	9634270	9635703	5	5	5
ENSG00000197320.5	AC060834.1	chr7	9726241	9728272	5	5	5
ENSG00000270611.1	AC006363.1	chr7	9850924	9851386	5	5	5
ENSG00000235431.2	AC010991.1	chr7	9869774	9985895	5	5	5
ENSG00000287409.1	AC004936.1	chr7	9981516	10085494	5	5	5
ENSG00000286639.1	AC004879.1	chr7	10207670	10239863	5	5	5
ENSG00000212422.2	U3	chr7	10222797	10223011	5	5	5
ENSG00000283117.1	MGC4859	chr7	10449820	10779944	5	5	5
ENSG00000229091.3	HSPA8P8	chr7	10451311	10453252	5	5	5
ENSG00000234356.1	AC009945.1	chr7	10476581	10476878	5	5	5
ENSG00000236414.1	AC004415.1	chr7	10702676	10707406	5	5	5
ENSG00000201774.1	Y_RNA	chr7	10901978	10902074	5	5	5
ENSG00000189043.10	NDUFA4	chr7	10931943	10940153	5	5	5
ENSG00000271185.1	AC007029.1	chr7	10940423	10940735	5	5	5
ENSG00000106443.17	PHF14	chr7	10973336	11169623	5	5	5
ENSG00000230370.1	RPL23AP52	chr7	11006399	11006876	5	5	5
ENSG00000230333.6	AC004160.1	chr7	11180902	11520175	5	5	5
ENSG00000226827.1	NPM1P11	chr7	11257681	11258535	5	5	5
ENSG00000005108.16	THSD7A	chr7	11370365	11832198	5	5	5
ENSG00000230435.1	AC004160.2	chr7	11406955	11414078	5	5	5
ENSG00000235920.1	THRAP3P3	chr7	11820317	11821294	5	5	5
ENSG00000106460.19	TMEM106B	chr7	12211270	12243367	5	5	5
ENSG00000146530.14	VWDE	chr7	12330885	12403941	5	5	5
ENSG00000274970.1	AC013470.3	chr7	12439419	12440404	5	5	5
ENSG00000226690.8	AC013470.2	chr7	12469621	12542222	5	5	5
ENSG00000236048.2	SSBL5P	chr7	12471352	12472545	5	5	5
ENSG00000203523.3	TAS2R2P	chr7	12491095	12492004	5	5	5
ENSG00000224667.1	AC013470.1	chr7	12506007	12507478	5	5	5
ENSG00000225606.1	AC005281.1	chr7	12570125	12571392	5	5	5
ENSG00000006747.15	SCIN	chr7	12570577	12660182	5	5	5
ENSG00000229233.1	AC011891.2	chr7	12654179	12654985	5	5	5
ENSG00000271253.1	AC011891.3	chr7	12685637	12686033	5	5	5
ENSG00000122644.13	ARL4A	chr7	12686856	12690958	5	5	5
ENSG00000199470.1	AC011891.1	chr7	12700758	12700889	5	5	5
ENSG00000229618.3	AC011287.1	chr7	12726152	13751920	5	5	5
ENSG00000222974.1	RN7SKP228	chr7	12876684	12876946	5	5	5
ENSG00000230879.1	RBMX2P4	chr7	12922545	12922920	5	5	5
ENSG00000237713.1	AC011287.2	chr7	13339201	13365049	5	5	5
ENSG00000224330.2	AC005019.2	chr7	13854355	13862118	5	5	5
ENSG00000213875.3	AC005019.1	chr7	13871856	13872513	5	5	5
ENSG00000006468.14	ETV1	chr7	13891229	13991425	5	5	5
ENSG00000252374.1	Y_RNA	chr7	14010669	14010763	5	5	5
ENSG00000223445.1	RPL6P21	chr7	14070535	14071380	5	5	5
ENSG00000136267.14	DGKB	chr7	14145049	14974777	5	5	5
ENSG00000233167.1	EEF1A1P26	chr7	14190795	14192157	5	5	5
ENSG00000226323.1	AC006150.1	chr7	14814131	14816565	5	5	5
ENSG00000225816.1	GTF3AP5	chr7	14985378	14986074	5	5	5
ENSG00000227489.1	AC006458.1	chr7	15066207	15068651	5	5	5
ENSG00000187546.14	AGMO	chr7	15200317	15562015	5	5	5
ENSG00000106511.6	MEOX2	chr7	15611212	15686683	5	5	5
ENSG00000237070.1	AC005550.2	chr7	15667947	15681980	5	5	5
ENSG00000229108.2	LINC02587	chr7	15688378	15696886	5	5	5
ENSG00000225974.1	AC005550.1	chr7	15689075	15690854	5	5	5
ENSG00000235828.5	RPL36AP26	chr7	15701435	15701752	5	5	5
ENSG00000286376.1	AC006041.2	chr7	15736373	15796370	5	5	5
ENSG00000229379.1	AC006041.1	chr7	15841297	15842360	5	5	5
ENSG00000214960.11	CRPPA	chr7	16087525	16502504	5	5	5
ENSG00000224683.1	RPL36AP29	chr7	16208945	16209265	5	5	5
ENSG00000229688.8	CRPPA-AS1	chr7	16210484	16270604	5	5	5
ENSG00000171243.8	SOSTDC1	chr7	16461481	16530580	5	5	5
ENSG00000272537.1	AC005014.3	chr7	16471184	16471373	5	5	5
ENSG00000205858.10	LRRC72	chr7	16526825	16581568	5	5	5
ENSG00000224280.1	AC005014.1	chr7	16583782	16586757	5	5	5
ENSG00000272361.2	AC005014.2	chr7	16593626	16594224	5	5	5
ENSG00000106524.9	ANKMY2	chr7	16599779	16645817	5	5	5
ENSG00000287799.1	AC005014.4	chr7	16603816	16616295	5	5	5
ENSG00000136261.15	BZW2	chr7	16646131	16706523	5	5	5
ENSG00000235837.1	AC073333.1	chr7	16695871	16719898	5	5	5
ENSG00000106537.8	TSPAN13	chr7	16753755	16784536	5	5	5
ENSG00000106541.12	AGR2	chr7	16791811	16833433	5	5	5
ENSG00000270593.1	AC073333.2	chr7	16849957	16850725	5	5	5
ENSG00000173467.9	AGR3	chr7	16859412	16881987	5	5	5
ENSG00000232400.1	RAD17P1	chr7	16864267	16866308	5	5	5
ENSG00000227965.1	AC098592.2	chr7	16888621	16888885	5	5	5
ENSG00000106546.14	AHR	chr7	16916359	17346152	5	5	5
ENSG00000223867.1	AC098592.1	chr7	16938225	16938557	5	5	5
ENSG00000237773.7	AC073332.1	chr7	16970320	17299368	5	5	5
ENSG00000232841.1	BRWD1P3	chr7	17033089	17033478	5	5	5
ENSG00000278569.1	Metazoa_SRP	chr7	17205652	17205928	5	5	5
ENSG00000283321.1	AC019117.3	chr7	17299295	17467234	5	5	5
ENSG00000199473.1	SNORA63	chr7	17373201	17373326	5	5	5
ENSG00000236318.2	AC019117.2	chr7	17374867	17467256	5	5	5
ENSG00000236039.3	AC019117.1	chr7	17405479	17558909	5	5	5
ENSG00000228675.1	AC006482.1	chr7	17679549	17680659	5	5	5
ENSG00000071189.21	SNX13	chr7	17790761	17940501	5	5	5
ENSG00000279048.1	AC080080.1	chr7	17940503	17942922	5	5	5
ENSG00000236195.1	RNMTL1P2	chr7	17962079	17963029	5	5	5
ENSG00000280340.1	AC080080.2	chr7	18000290	18000879	5	5	5
ENSG00000229937.9	PRPS1L1	chr7	18026770	18027846	5	5	5
ENSG00000048052.22	HDAC9	chr7	18086949	19002416	5	5	5
ENSG00000221393.1	MIR1302-6	chr7	18127220	18127309	5	5	5
ENSG00000225000.1	AC010082.1	chr7	18429062	18430738	5	5	5
ENSG00000222164.1	RN7SKP266	chr7	18807993	18808279	5	5	5
ENSG00000226522.1	HDAC9-AS1	chr7	18892096	18899433	5	5	5
ENSG00000232492.1	NPM1P13	chr7	18948898	18949762	5	5	5
ENSG00000122691.13	TWIST1	chr7	19020991	19117636	5	5	5
ENSG00000232821.1	AC003986.2	chr7	19112474	19114271	5	5	5
ENSG00000236536.1	AC003986.3	chr7	19119933	19121916	5	5	5
ENSG00000229533.1	AC003986.1	chr7	19144293	19146253	5	5	5
ENSG00000146618.3	FERD3L	chr7	19144782	19145421	5	5	5
ENSG00000223838.2	AC007091.1	chr7	19353531	19578606	5	5	5
ENSG00000105849.6	POLR1F	chr7	19695461	19709037	5	5	5
ENSG00000265932.1	MIR3146	chr7	19705358	19705436	5	5	5
ENSG00000173452.14	TMEM196	chr7	19719315	19773617	5	5	5
ENSG00000237921.2	AC004543.1	chr7	19813685	19818090	5	5	5
ENSG00000243004.6	AC005062.1	chr7	19918981	20140453	5	5	5
ENSG00000213860.4	RPL21P75	chr7	20002765	20003247	5	5	5
ENSG00000267055.1	AC007001.1	chr7	20096137	20130475	5	5	5
ENSG00000183742.13	MACC1	chr7	20134655	20217404	5	5	5
ENSG00000228598.1	MACC1-AS1	chr7	20141916	20153531	5	5	5
ENSG00000233834.6	AC005083.1	chr7	20217577	20221700	5	5	5
ENSG00000226097.6	AC099342.1	chr7	20296637	20314512	5	5	5
ENSG00000271133.5	AC004130.2	chr7	20328299	20331747	5	5	5
ENSG00000105855.10	ITGB8	chr7	20330702	20415754	5	5	5
ENSG00000200753.1	AC004130.1	chr7	20377331	20377401	5	5	5
ENSG00000179460.5	EEF1A1P27	chr7	20582072	20583206	5	5	5
ENSG00000231525.1	AC002486.2	chr7	20588990	20590085	5	5	5
ENSG00000004846.16	ABCB5	chr7	20615207	20777038	5	5	5
ENSG00000223866.1	AC002486.1	chr7	20641558	20641948	5	5	5
ENSG00000164651.17	SP8	chr7	20782279	20786886	5	5	5
ENSG00000219451.3	RPL23P8	chr7	20827326	20827753	5	5	5
ENSG00000232790.3	LINC01162	chr7	20835376	21023362	5	5	5
ENSG00000234839.1	RPS26P30	chr7	20843627	20843961	5	5	5
ENSG00000285592.1	AC080068.1	chr7	20959391	21028813	5	5	5
ENSG00000243633.3	RN7SL542P	chr7	21215537	21215830	5	5	5
ENSG00000225308.2	ASS1P11	chr7	21220213	21221428	5	5	5
ENSG00000195024.2	RNU1-15P	chr7	21381363	21381506	5	5	5
ENSG00000229949.1	AC005094.1	chr7	21400920	21401613	5	5	5
ENSG00000105866.15	SP4	chr7	21428043	21514822	5	5	5
ENSG00000221783.1	MIR1183	chr7	21471058	21471146	5	5	5
ENSG00000105877.18	DNAH11	chr7	21543039	21901839	5	5	5
ENSG00000164649.20	CDCA7L	chr7	21900899	21945903	5	5	5
ENSG00000136237.19	RAPGEF5	chr7	22118236	22357154	5	5	5
ENSG00000251993.1	RNA5SP227	chr7	22298594	22298706	5	5	5
ENSG00000105889.16	STEAP1B	chr7	22419444	22727613	5	5	5
ENSG00000233476.3	EEF1A1P6	chr7	22510616	22511999	5	5	5
ENSG00000232759.1	AC002480.1	chr7	22563337	22573996	5	5	5
ENSG00000232949.2	AC002480.2	chr7	22589698	22602536	5	5	5
ENSG00000179428.2	IL6-AS1	chr7	22725395	22727620	5	5	5
ENSG00000136244.12	IL6	chr7	22725884	22732002	5	5	5
ENSG00000228803.1	MTCYBP42	chr7	22747675	22748804	5	5	5
ENSG00000234513.1	AC073072.1	chr7	22773646	22773993	5	5	5
ENSG00000196683.11	TOMM7	chr7	22812628	22822852	5	5	5
ENSG00000286703.1	AC005682.2	chr7	22822954	22833430	5	5	5
ENSG00000228649.9	SNHG26	chr7	22854126	22872945	5	5	5
ENSG00000221740.1	SNORD93	chr7	22856613	22856686	5	5	5
ENSG00000226329.2	AC005682.1	chr7	22863874	22881350	5	5	5
ENSG00000226279.2	RPL12P10	chr7	22881893	22882390	5	5	5
ENSG00000122591.12	FAM126A	chr7	22889371	23014130	5	5	5
ENSG00000230658.2	KLHL7-DT	chr7	23100214	23105703	5	5	5
ENSG00000122550.18	KLHL7	chr7	23105758	23177914	5	5	5
ENSG00000230042.1	AK3P3	chr7	23129178	23129841	5	5	5
ENSG00000136243.17	NUP42	chr7	23181841	23201011	5	5	5
ENSG00000285926.1	AC005082.2	chr7	23200131	23206059	5	5	5
ENSG00000226816.3	AC005082.1	chr7	23205787	23208045	5	5	5
ENSG00000136235.17	GPNMB	chr7	23235967	23275108	5	5	5
ENSG00000156928.5	MALSU1	chr7	23298739	23311729	5	5	5
ENSG00000136231.14	IGF2BP3	chr7	23310209	23470491	5	5	5
ENSG00000232627.1	AC021876.1	chr7	23365618	23365976	5	5	5
ENSG00000212264.1	SNORD65C	chr7	23396446	23396516	5	5	5
ENSG00000252590.1	RNU7-143P	chr7	23450658	23450722	5	5	5
ENSG00000236654.2	AC079780.1	chr7	23480753	23480959	5	5	5
ENSG00000232818.2	RPS2P32	chr7	23490473	23491364	5	5	5
ENSG00000200847.1	Y_RNA	chr7	23491792	23491893	5	5	5
ENSG00000164548.11	TRA2A	chr7	23504780	23532041	5	5	5
ENSG00000224785.1	AC006026.1	chr7	23562459	23564261	5	5	5
ENSG00000232553.3	CLK2P1	chr7	23585062	23586355	5	5	5
ENSG00000169193.12	CCDC126	chr7	23597382	23644708	5	5	5
ENSG00000227436.1	FCF1P1	chr7	23619333	23622826	5	5	5
ENSG00000228953.1	AC006026.2	chr7	23655682	23655861	5	5	5
ENSG00000188732.11	FAM221A	chr7	23680130	23703249	5	5	5
ENSG00000234286.1	AC006026.3	chr7	23680195	23680786	5	5	5
ENSG00000196335.13	STK31	chr7	23710203	23832513	5	5	5
ENSG00000234800.2	PCMTD1P3	chr7	23721311	23721782	5	5	5
ENSG00000231328.1	TPT1P7	chr7	23811144	23811660	5	5	5
ENSG00000227930.1	AC003087.1	chr7	23891704	23897335	5	5	5
ENSG00000252041.1	RNA5SP228	chr7	24132705	24132837	5	5	5
ENSG00000228944.1	AC004485.1	chr7	24196662	24255719	5	5	5
ENSG00000122585.8	NPY	chr7	24284188	24291862	5	5	5
ENSG00000287523.1	AC003044.1	chr7	24318094	24445128	5	5	5
ENSG00000206877.1	RNU6-1103P	chr7	24537332	24537438	5	5	5
ENSG00000105926.16	MPP6	chr7	24573268	24694193	5	5	5
ENSG00000271096.1	SUMO2P14	chr7	24589115	24589407	5	5	5
ENSG00000271330.1	AC005084.1	chr7	24674309	24674612	5	5	5
ENSG00000105928.16	GSDME	chr7	24698355	24757940	5	5	5
ENSG00000287093.1	AC003093.1	chr7	24778444	24795496	5	5	5
ENSG00000070882.13	OSBPL3	chr7	24796540	24981634	5	5	5
ENSG00000234999.1	SNRPCP19	chr7	24906135	24906594	5	5	5
ENSG00000172115.9	CYCS	chr7	25118656	25125260	5	5	5
ENSG00000153790.12	C7orf31	chr7	25134692	25180356	5	5	5
ENSG00000234406.1	AC004129.2	chr7	25185623	25188724	5	5	5
ENSG00000213798.3	AC004129.1	chr7	25212170	25212965	5	5	5
ENSG00000105954.2	NPVF	chr7	25224570	25228486	5	5	5
ENSG00000285716.1	AC004129.3	chr7	25254965	25257129	5	5	5
ENSG00000202233.2	U3	chr7	25264656	25264882	5	5	5
ENSG00000234922.1	TSEN15P3	chr7	25265924	25266290	5	5	5
ENSG00000233824.2	AC003985.1	chr7	25321302	25326865	5	5	5
ENSG00000260951.2	AC005100.1	chr7	25358235	25432202	5	5	5
ENSG00000285960.1	AC005100.2	chr7	25431980	25500443	5	5	5
ENSG00000227386.1	AC091705.1	chr7	25547762	25551062	5	5	5
ENSG00000223561.7	AC005165.1	chr7	25593304	25751032	5	5	5
ENSG00000239622.1	AC005165.2	chr7	25689580	25689959	5	5	5
ENSG00000287096.1	AC005165.3	chr7	25750890	25756256	5	5	5
ENSG00000286725.1	AC018706.1	chr7	25831335	25831909	5	5	5
ENSG00000270933.1	AC010719.1	chr7	25948657	25949403	5	5	5
ENSG00000199085.3	MIR148A	chr7	25949919	25949986	5	5	5
ENSG00000050344.9	NFE2L3	chr7	26152198	26187137	5	5	5
ENSG00000122566.22	HNRNPA2B1	chr7	26171151	26201529	5	5	5
ENSG00000122565.19	CBX3	chr7	26201162	26213607	5	5	5
ENSG00000285860.1	AC010677.2	chr7	26226413	26254709	5	5	5
ENSG00000232383.1	AC010677.1	chr7	26276195	26276606	5	5	5
ENSG00000086300.16	SNX10	chr7	26291862	26374383	5	5	5
ENSG00000225792.2	AC004540.2	chr7	26369310	26376701	5	5	5
ENSG00000214870.9	AC004540.1	chr7	26398593	26497595	5	5	5
ENSG00000122548.5	KIAA0087	chr7	26533121	26538788	5	5	5
ENSG00000280255.1	AC004947.2	chr7	26538378	26541048	5	5	5
ENSG00000233760.2	AC004947.1	chr7	26551686	26558880	5	5	5
ENSG00000286507.1	AC004947.3	chr7	26598600	26617295	5	5	5
ENSG00000222004.7	LINC02860	chr7	26637871	26647305	5	5	5
ENSG00000005020.13	SKAP2	chr7	26667068	26995239	5	5	5
ENSG00000213787.3	RPL7AP38	chr7	26922110	26922912	5	5	5
ENSG00000226059.2	HMGB3P20	chr7	26982768	26983367	5	5	5
ENSG00000214869.5	TPM3P4	chr7	27023737	27024907	5	5	5
ENSG00000213786.3	NHP2P2	chr7	27048169	27048628	5	5	5
ENSG00000105991.10	HOXA1	chr7	27092993	27096000	5	5	5
ENSG00000233429.9	HOTAIRM1	chr7	27095647	27100265	5	5	5
ENSG00000276528.1	AC004079.3	chr7	27096124	27096248	5	5	5
ENSG00000276771.1	AC004079.4	chr7	27098900	27099114	5	5	5
ENSG00000274864.1	AC004079.2	chr7	27099778	27099836	5	5	5
ENSG00000274396.1	AC004079.1	chr7	27099856	27099957	5	5	5
ENSG00000277694.1	AC004079.5	chr7	27099967	27100111	5	5	5
ENSG00000105996.7	HOXA2	chr7	27100354	27102686	5	5	5
ENSG00000105997.22	HOXA3	chr7	27106184	27152581	5	5	5
ENSG00000253552.8	HOXA-AS2	chr7	27107777	27134302	5	5	5
ENSG00000197576.14	HOXA4	chr7	27128507	27130780	5	5	5
ENSG00000273433.1	AC004080.6	chr7	27128969	27152561	5	5	5
ENSG00000254369.6	HOXA-AS3	chr7	27129977	27155928	5	5	5
ENSG00000106004.5	HOXA5	chr7	27141052	27143681	5	5	5
ENSG00000106006.6	HOXA6	chr7	27145396	27150603	5	5	5
ENSG00000272801.1	AC004080.5	chr7	27147366	27152598	5	5	5
ENSG00000122592.8	HOXA7	chr7	27153716	27157936	5	5	5
ENSG00000270182.1	AC004080.4	chr7	27158344	27158976	5	5	5
ENSG00000078399.19	HOXA9	chr7	27162438	27175180	5	5	5
ENSG00000257184.3	AC004080.3	chr7	27163535	27180013	5	5	5
ENSG00000253187.2	HOXA10-AS	chr7	27168619	27171915	5	5	5
ENSG00000283745.1	MIR196B	chr7	27169480	27169563	5	5	5
ENSG00000253293.5	HOXA10	chr7	27170592	27180261	5	5	5
ENSG00000005073.6	HOXA11	chr7	27181157	27185232	5	5	5
ENSG00000240990.10	HOXA11-AS	chr7	27184507	27189298	5	5	5
ENSG00000273961.1	AC004080.7	chr7	27185433	27185530	5	5	5
ENSG00000278334.1	AC004080.14	chr7	27185832	27186018	5	5	5
ENSG00000276496.1	AC004080.8	chr7	27186166	27186263	5	5	5
ENSG00000253508.1	AC004080.2	chr7	27186573	27193448	5	5	5
ENSG00000277966.1	AC004080.12	chr7	27186892	27187124	5	5	5
ENSG00000278592.1	AC004080.15	chr7	27187819	27188021	5	5	5
ENSG00000278020.1	AC004080.13	chr7	27188816	27188994	5	5	5
ENSG00000106031.9	HOXA13	chr7	27193503	27200091	5	5	5
ENSG00000243766.8	HOTTIP	chr7	27198575	27207259	5	5	5
ENSG00000276609.1	AC004080.9	chr7	27200465	27200521	5	5	5
ENSG00000278708.1	AC004080.16	chr7	27201844	27202219	5	5	5
ENSG00000277469.1	AC004080.10	chr7	27202302	27202638	5	5	5
ENSG00000277553.1	AC004080.11	chr7	27206139	27206303	5	5	5
ENSG00000286323.1	AC004080.17	chr7	27210801	27212965	5	5	5
ENSG00000253308.2	AC004080.1	chr7	27239243	27241228	5	5	5
ENSG00000253405.1	EVX1-AS	chr7	27241429	27247229	5	5	5
ENSG00000106038.13	EVX1	chr7	27242700	27250493	5	5	5
ENSG00000213783.4	RPL35P4	chr7	27269357	27269678	5	5	5
ENSG00000236569.3	HNRNPA1P73	chr7	27328607	27329534	5	5	5
ENSG00000224322.2	AC004009.1	chr7	27361591	27410358	5	5	5
ENSG00000279655.1	AC004009.3	chr7	27380562	27381206	5	5	5
ENSG00000279429.1	AC004009.2	chr7	27412164	27412891	5	5	5
ENSG00000233830.2	EIF4HP1	chr7	27458163	27458849	5	5	5
ENSG00000213781.3	PSMC1P2	chr7	27461766	27462969	5	5	5
ENSG00000235574.1	AC073150.1	chr7	27491682	27492765	5	5	5
ENSG00000106049.9	HIBADH	chr7	27525442	27662883	5	5	5
ENSG00000286478.1	AC007130.1	chr7	27617474	27627496	5	5	5
ENSG00000229893.2	TAX1BP1-AS1	chr7	27733064	27740395	5	5	5
ENSG00000106052.13	TAX1BP1	chr7	27739331	27844564	5	5	5
ENSG00000153814.13	JAZF1	chr7	27830573	28180795	5	5	5
ENSG00000287489.1	AC004549.1	chr7	27873785	27876546	5	5	5
ENSG00000206623.1	RNU6-979P	chr7	28118113	28118219	5	5	5
ENSG00000234336.7	JAZF1-AS1	chr7	28180322	28243917	5	5	5
ENSG00000174495.12	PPIAP80	chr7	28279211	28279700	5	5	5
ENSG00000146592.17	CREB5	chr7	28299321	28825894	5	5	5
ENSG00000225286.1	AC005105.1	chr7	28615097	28615888	5	5	5
ENSG00000255690.3	TRIL	chr7	28953358	28958330	5	5	5
ENSG00000228421.2	AC005013.1	chr7	28957667	28959345	5	5	5
ENSG00000272568.6	AC005162.2	chr7	28979967	29013367	5	5	5
ENSG00000233517.1	AC005162.1	chr7	28987028	28988899	5	5	5
ENSG00000106066.15	CPVL	chr7	28995235	29195451	5	5	5
ENSG00000229452.1	CPVL-AS1	chr7	29080284	29082527	5	5	5
ENSG00000285412.1	AC005232.1	chr7	29122274	29128172	5	5	5
ENSG00000285162.1	AC004593.2	chr7	29122340	29514667	5	5	5
ENSG00000106069.23	CHN2	chr7	29146569	29514328	5	5	5
ENSG00000285081.1	AC004593.1	chr7	29191582	29194109	5	5	5
ENSG00000235669.1	CHN2-AS1	chr7	29199540	29208970	5	5	5
ENSG00000237065.2	NANOGP4	chr7	29212302	29213214	5	5	5
ENSG00000223813.3	AC007255.1	chr7	29514224	29563670	5	5	5
ENSG00000270196.1	GTF3C6P3	chr7	29551521	29552151	5	5	5
ENSG00000176532.4	PRR15	chr7	29563835	29567293	5	5	5
ENSG00000225264.3	ZNRF2P2	chr7	29598795	29685255	5	5	5
ENSG00000223437.1	TMSB4XP3	chr7	29625870	29625983	5	5	5
ENSG00000227855.3	DPY19L2P3	chr7	29650227	29742594	5	5	5
ENSG00000212024.2	MIR550A3	chr7	29680734	29680828	5	5	5
ENSG00000122574.11	WIPF3	chr7	29806486	29917066	5	5	5
ENSG00000238906.1	AC004912.1	chr7	29912528	29912632	5	5	5
ENSG00000136193.17	SCRN1	chr7	29920104	29990289	5	5	5
ENSG00000227014.6	FKBP14-AS1	chr7	29988600	30027543	5	5	5
ENSG00000106080.11	FKBP14	chr7	30010587	30026702	5	5	5
ENSG00000106086.20	PLEKHA8	chr7	30027404	30130483	5	5	5
ENSG00000231519.1	AC007285.1	chr7	30069658	30075115	5	5	5
ENSG00000283618.1	AC007036.4	chr7	30115845	30115994	5	5	5
ENSG00000286847.1	AC007036.5	chr7	30129507	30134714	5	5	5
ENSG00000180354.16	MTURN	chr7	30134986	30162762	5	5	5
ENSG00000230751.1	AC007036.2	chr7	30140870	30141417	5	5	5
ENSG00000251660.1	AC007036.3	chr7	30157531	30159534	5	5	5
ENSG00000225907.1	RPS27P16	chr7	30167804	30168004	5	5	5
ENSG00000227017.1	AC007036.1	chr7	30176387	30179014	5	5	5
ENSG00000180233.11	ZNRF2	chr7	30284597	30367689	5	5	5
ENSG00000207771.1	MIR550A1	chr7	30289794	30289890	5	5	5
ENSG00000283237.1	MIR550B1	chr7	30289794	30289890	5	5	5
ENSG00000281593.1	AC006978.2	chr7	30362400	30412502	5	5	5
ENSG00000235859.5	AC006978.1	chr7	30371508	30372741	5	5	5
ENSG00000281404.2	LINC01176	chr7	30390885	30412375	5	5	5
ENSG00000106100.11	NOD1	chr7	30424527	30478784	5	5	5
ENSG00000272638.1	AC006027.1	chr7	30424672	30425412	5	5	5
ENSG00000006625.18	GGCT	chr7	30496621	30504841	5	5	5
ENSG00000281039.1	AC005154.5	chr7	30497077	30550761	5	5	5
ENSG00000196295.12	GARS1-DT	chr7	30516309	30595286	5	5	5
ENSG00000244480.1	AC005154.2	chr7	30523143	30524535	5	5	5
ENSG00000264520.1	AC005154.4	chr7	30525731	30533613	5	5	5
ENSG00000226874.1	AC005154.1	chr7	30544053	30544431	5	5	5
ENSG00000263683.1	AC005154.3	chr7	30550217	30551569	5	5	5
ENSG00000106105.15	GARS1	chr7	30580533	30634033	5	5	5
ENSG00000106113.19	CRHR2	chr7	30651942	30700129	5	5	5
ENSG00000241644.2	INMT	chr7	30697985	30757602	5	5	5
ENSG00000223419.1	AC006022.1	chr7	30742431	30742818	5	5	5
ENSG00000254959.6	INMT-MINDY4	chr7	30752137	30892081	5	5	5
ENSG00000106125.14	MINDY4	chr7	30771417	30892387	5	5	5
ENSG00000229263.1	AC004691.1	chr7	30796691	30803410	5	5	5
ENSG00000250424.4	AC004691.2	chr7	30852273	30923812	5	5	5
ENSG00000240583.13	AQP1	chr7	30911853	30925517	5	5	5
ENSG00000106128.19	GHRHR	chr7	30938669	30993254	5	5	5
ENSG00000078549.15	ADCYAP1R1	chr7	31052308	31111479	5	5	5
ENSG00000232887.1	AC006466.1	chr7	31119284	31119572	5	5	5
ENSG00000286487.1	AC006398.1	chr7	31202831	31235648	5	5	5
ENSG00000271027.1	AC006380.1	chr7	31330711	31330896	5	5	5
ENSG00000164600.7	NEUROD6	chr7	31337465	31340726	5	5	5
ENSG00000231418.2	AC005090.1	chr7	31414158	31421303	5	5	5
ENSG00000180347.13	ITPRID1	chr7	31514071	31658720	5	5	5
ENSG00000106341.11	PPP1R17	chr7	31687215	31708455	5	5	5
ENSG00000154678.18	PDE1C	chr7	31751179	32428131	5	5	5
ENSG00000236460.1	SNX2P2	chr7	31941261	31941583	5	5	5
ENSG00000284839.1	AC018637.1	chr7	32427901	32431804	5	5	5
ENSG00000226468.2	AC018641.1	chr7	32456963	32457758	5	5	5
ENSG00000226421.1	SLC25A5P5	chr7	32471513	32472409	5	5	5
ENSG00000106355.10	LSM5	chr7	32485338	32495283	5	5	5
ENSG00000105778.19	AVL9	chr7	32495426	32588726	5	5	5
ENSG00000229358.3	DPY19L1P1	chr7	32580949	32761787	5	5	5
ENSG00000237004.4	ZNRF2P1	chr7	32728569	32753744	5	5	5
ENSG00000207573.1	MIR550A2	chr7	32732981	32733077	5	5	5
ENSG00000283461.1	MIR550B2	chr7	32732981	32733077	5	5	5
ENSG00000273014.1	AC018645.3	chr7	32758882	32759353	5	5	5
ENSG00000281332.1	LINC00997	chr7	32760279	32762924	5	5	5
ENSG00000250756.1	AC018645.1	chr7	32788334	32788442	5	5	5
ENSG00000251999.1	AC018645.2	chr7	32791814	32791946	5	5	5
ENSG00000231952.3	DPY19L1P2	chr7	32812757	32838570	5	5	5
ENSG00000272905.1	AC018648.1	chr7	32845394	32846061	5	5	5
ENSG00000170852.11	KBTBD2	chr7	32868172	32894131	5	5	5
ENSG00000205763.13	RP9P	chr7	32916815	32943176	5	5	5
ENSG00000224573.1	AC083863.1	chr7	32951426	32951656	5	5	5
ENSG00000122642.11	FKBP9	chr7	32957404	33006930	5	5	5
ENSG00000252821.1	RNU6-388P	chr7	33001950	33002054	5	5	5
ENSG00000122643.22	NT5C3A	chr7	33014114	33062797	5	5	5
ENSG00000229054.1	RPS29P14	chr7	33036212	33036382	5	5	5
ENSG00000241420.3	RN7SL505P	chr7	33045798	33046090	5	5	5
ENSG00000164610.9	RP9	chr7	33094797	33109404	5	5	5
ENSG00000122507.21	BBS9	chr7	33109557	33877180	5	5	5
ENSG00000228015.1	AC074338.1	chr7	33128988	33129143	5	5	5
ENSG00000222741.1	RNA5SP229	chr7	33177740	33177838	5	5	5
ENSG00000224946.1	AC007312.1	chr7	33276834	33277091	5	5	5
ENSG00000238090.1	AC006195.1	chr7	33379964	33380886	5	5	5
ENSG00000173862.3	AC008080.1	chr7	33725981	33728456	5	5	5
ENSG00000227481.1	AC008080.2	chr7	33730292	33732064	5	5	5
ENSG00000236494.2	AC008080.4	chr7	33793167	33803190	5	5	5
ENSG00000233219.1	AC008080.3	chr7	33868501	33874231	5	5	5
ENSG00000164619.10	BMPER	chr7	33904308	34156427	5	5	5
ENSG00000286300.1	AC007350.1	chr7	34124948	34128126	5	5	5
ENSG00000236212.2	AC009262.1	chr7	34209465	34299012	5	5	5
ENSG00000202431.1	RNU6-438P	chr7	34297496	34297598	5	5	5
ENSG00000197085.11	NPSR1-AS1	chr7	34346512	34871582	5	5	5
ENSG00000187258.14	NPSR1	chr7	34658218	34878332	5	5	5
ENSG00000235379.1	RPL7P31	chr7	34710757	34711480	5	5	5
ENSG00000230356.1	NCAPD2P1	chr7	34750253	34752053	5	5	5
ENSG00000242653.3	RN7SL132P	chr7	34753424	34753719	5	5	5
ENSG00000251802.1	AC004788.1	chr7	34892417	34892549	5	5	5
ENSG00000173852.15	DPY19L1	chr7	34928876	35038271	5	5	5
ENSG00000221669.1	MIR548N	chr7	34940760	34940834	5	5	5
ENSG00000287249.1	AC005400.1	chr7	35036836	35125012	5	5	5
ENSG00000189212.12	DPY19L2P1	chr7	35079989	35186041	5	5	5
ENSG00000236592.5	S100A11P2	chr7	35169224	35169535	5	5	5
ENSG00000164532.11	TBX20	chr7	35202430	35254100	5	5	5
ENSG00000226063.1	AC009531.1	chr7	35258381	35259729	5	5	5
ENSG00000287651.1	AC007652.3	chr7	35313838	35377071	5	5	5
ENSG00000286526.1	AC007652.2	chr7	35372349	35379675	5	5	5
ENSG00000235464.1	AC007652.1	chr7	35496021	35510263	5	5	5
ENSG00000287032.1	AC018647.3	chr7	35614650	35622939	5	5	5
ENSG00000122557.11	HERPUD2	chr7	35632659	35697459	5	5	5
ENSG00000271122.1	AC018647.2	chr7	35695214	35699413	5	5	5
ENSG00000227544.10	AC018647.1	chr7	35715032	35734924	5	5	5
ENSG00000228878.8	SEPTIN7-DT	chr7	35751856	35800676	5	5	5
ENSG00000232736.1	AC007551.1	chr7	35768122	35768640	5	5	5
ENSG00000122545.20	SEPTIN7	chr7	35800932	35907105	5	5	5
ENSG00000274328.1	AC007551.2	chr7	35847038	35847426	5	5	5
ENSG00000200446.1	RNU6-1085P	chr7	35930158	35930264	5	5	5
ENSG00000273580.1	AC087072.1	chr7	35933888	35934569	5	5	5
ENSG00000226102.3	SEPTIN7P3	chr7	35946294	35972587	5	5	5
ENSG00000270889.1	PPP1R14BP4	chr7	35971147	35971567	5	5	5
ENSG00000287893.1	AC083864.5	chr7	35976596	36028174	5	5	5
ENSG00000232930.2	AC083864.2	chr7	36001317	36055431	5	5	5
ENSG00000285573.1	AC083864.4	chr7	36064715	36066679	5	5	5
ENSG00000205745.2	AC083864.1	chr7	36079084	36085736	5	5	5
ENSG00000261184.3	AC083864.3	chr7	36095255	36100660	5	5	5
ENSG00000228815.1	MARK2P13	chr7	36109024	36110872	5	5	5
ENSG00000271117.1	AC078841.1	chr7	36146842	36148024	5	5	5
ENSG00000122547.11	EEPD1	chr7	36153254	36301538	5	5	5
ENSG00000228770.1	AC007327.1	chr7	36228621	36228884	5	5	5
ENSG00000229679.1	AC007327.2	chr7	36229280	36231107	5	5	5
ENSG00000234457.1	AC006960.1	chr7	36305631	36305904	5	5	5
ENSG00000260070.1	AC006960.3	chr7	36319775	36320479	5	5	5
ENSG00000164542.13	KIAA0895	chr7	36324152	36390125	5	5	5
ENSG00000201432.1	Y_RNA	chr7	36337667	36337778	5	5	5
ENSG00000011426.11	ANLN	chr7	36389821	36453791	5	5	5
ENSG00000237400.1	AC006960.2	chr7	36463023	36504513	5	5	5
ENSG00000136250.12	AOAH	chr7	36512941	36724549	5	5	5
ENSG00000230539.1	AOAH-IT1	chr7	36597834	36600120	5	5	5
ENSG00000272984.1	AC007349.4	chr7	36734004	36734535	5	5	5
ENSG00000229424.1	AC007349.1	chr7	36750687	36763081	5	5	5
ENSG00000235728.1	AC007349.3	chr7	36781008	36782789	5	5	5
ENSG00000225739.1	NPM1P18	chr7	36818959	36819690	5	5	5
ENSG00000230831.1	AC007349.2	chr7	36838972	36841373	5	5	5
ENSG00000155849.15	ELMO1	chr7	36854361	37449249	5	5	5
ENSG00000221325.1	MIR1200	chr7	36919357	36919432	5	5	5
ENSG00000224101.1	ELMO1-AS1	chr7	36997796	37013630	5	5	5
ENSG00000224706.1	RPS17P13	chr7	37116779	37117185	5	5	5
ENSG00000222869.1	RNU6-565P	chr7	37351143	37351242	5	5	5
ENSG00000213744.3	RPS10P14	chr7	37375522	37376023	5	5	5
ENSG00000200113.1	AC078843.1	chr7	37419628	37419767	5	5	5
ENSG00000201566.1	Y_RNA	chr7	37435115	37435216	5	5	5
ENSG00000178503.6	NECAP1P1	chr7	37585500	37586329	5	5	5
ENSG00000187037.8	GPR141	chr7	37683796	37833788	5	5	5
ENSG00000086289.12	EPDR1	chr7	37683843	37951936	5	5	5
ENSG00000283444.1	GPR141BP	chr7	37796058	37796888	5	5	5
ENSG00000225314.1	AC018634.1	chr7	37821210	37821610	5	5	5
ENSG00000086288.12	NME8	chr7	37848597	37900397	5	5	5
ENSG00000106483.12	SFRP4	chr7	37905932	38025695	5	5	5
ENSG00000010270.14	STARD3NL	chr7	38178245	38230670	5	5	5
ENSG00000227191.8	TRGC2	chr7	38239580	38249572	5	5	5
ENSG00000211687.1	TRGJ2	chr7	38253380	38253429	5	5	5
ENSG00000211688.1	TRGJP2	chr7	38256337	38256396	5	5	5
ENSG00000211689.7	TRGC1	chr7	38257879	38265678	5	5	5
ENSG00000211690.1	TRGJ1	chr7	38269491	38269540	5	5	5
ENSG00000211691.2	TRGJP	chr7	38273587	38273647	5	5	5
ENSG00000211692.1	TRGJP1	chr7	38276259	38276318	5	5	5
ENSG00000211693.2	TRGV11	chr7	38291616	38292078	5	5	5
ENSG00000231202.1	TRGVB	chr7	38295763	38296233	5	5	5
ENSG00000211694.2	TRGV10	chr7	38299811	38300322	5	5	5
ENSG00000231916.1	AC006033.1	chr7	38311383	38311808	5	5	5
ENSG00000211695.2	TRGV9	chr7	38317017	38318861	5	5	5
ENSG00000225992.1	TRGVA	chr7	38322446	38322730	5	5	5
ENSG00000272908.1	AC006033.2	chr7	38326070	38329643	5	5	5
ENSG00000211696.2	TRGV8	chr7	38330343	38330935	5	5	5
ENSG00000249978.1	TRGV7	chr7	38335041	38335514	5	5	5
ENSG00000226212.2	TRGV6	chr7	38340700	38340998	5	5	5
ENSG00000281103.2	TRG-AS1	chr7	38341577	38378804	5	5	5
ENSG00000228668.1	TRGV5P	chr7	38345030	38345499	5	5	5
ENSG00000211697.4	TRGV5	chr7	38349355	38350022	5	5	5
ENSG00000211698.2	TRGV4	chr7	38353715	38354517	5	5	5
ENSG00000211699.2	TRGV3	chr7	38358512	38359162	5	5	5
ENSG00000233306.2	TRGV2	chr7	38362864	38363518	5	5	5
ENSG00000211701.2	TRGV1	chr7	38367586	38368169	5	5	5
ENSG00000078053.17	AMPH	chr7	38383704	38631420	5	5	5
ENSG00000241756.3	RN7SL83P	chr7	38531042	38531338	5	5	5
ENSG00000227404.1	KRT8P20	chr7	38655205	38656613	5	5	5
ENSG00000164556.7	FAM183BP	chr7	38685346	38687037	5	5	5
ENSG00000006715.16	VPS41	chr7	38722974	38932394	5	5	5
ENSG00000106536.21	POU6F2	chr7	38977909	39493095	5	5	5
ENSG00000233854.2	POU6F2-AS2	chr7	38980370	39013551	5	5	5
ENSG00000206947.1	SNORA20B	chr7	39329003	39329134	5	5	5
ENSG00000224122.2	POU6F2-AS1	chr7	39404590	39406579	5	5	5
ENSG00000227172.2	AC011290.1	chr7	39545646	39566239	5	5	5
ENSG00000241127.8	YAE1	chr7	39566385	39610320	5	5	5
ENSG00000236015.1	AC011290.2	chr7	39569376	39570198	5	5	5
ENSG00000231951.1	AC004837.3	chr7	39609610	39610290	5	5	5
ENSG00000106540.4	AC004837.1	chr7	39609717	39610280	5	5	5
ENSG00000287584.1	AC004837.4	chr7	39621253	39623201	5	5	5
ENSG00000006451.8	RALA	chr7	39623565	39708120	5	5	5
ENSG00000228554.1	AC004837.2	chr7	39700341	39703296	5	5	5
ENSG00000188185.13	LINC00265	chr7	39733430	39793092	5	5	5
ENSG00000252480.1	RNU6-719P	chr7	39768341	39768444	5	5	5
ENSG00000270797.1	AC004987.3	chr7	39788967	39789304	5	5	5
ENSG00000226220.1	CICP22	chr7	39796593	39797911	5	5	5
ENSG00000237251.2	AC004987.2	chr7	39816549	39868140	5	5	5
ENSG00000231198.1	AC004987.1	chr7	39833286	39833793	5	5	5
ENSG00000233225.3	SSBL3P1	chr7	39833571	39834718	5	5	5
ENSG00000175741.5	RWDD4P2	chr7	39854494	39855056	5	5	5
ENSG00000242855.3	RN7SL496P	chr7	39888375	39888664	5	5	5
ENSG00000259826.1	AC072061.1	chr7	39947522	39949755	5	5	5
ENSG00000065883.16	CDK13	chr7	39950121	40099580	5	5	5
ENSG00000273444.1	AC006023.2	chr7	40107288	40107454	5	5	5
ENSG00000270577.1	AC006023.1	chr7	40115685	40115943	5	5	5
ENSG00000168303.9	MPLKIP	chr7	40126027	40134622	5	5	5
ENSG00000199273.1	Y_RNA	chr7	40128121	40128232	5	5	5
ENSG00000175600.16	SUGCT	chr7	40135005	40860763	5	5	5
ENSG00000248711.1	THUMPD3P1	chr7	40151613	40154151	5	5	5
ENSG00000203446.2	SUGCT-AS1	chr7	40538127	40546928	5	5	5
ENSG00000227658.1	AC005160.1	chr7	40775558	40785217	5	5	5
ENSG00000232458.1	LINC01450	chr7	40964667	40979939	5	5	5
ENSG00000224017.2	LINC01449	chr7	41089539	41133507	5	5	5
ENSG00000122641.11	INHBA	chr7	41667168	41705834	5	5	5
ENSG00000224116.7	INHBA-AS1	chr7	41693884	41779388	5	5	5
ENSG00000106571.15	GLI3	chr7	41960949	42264100	5	5	5
ENSG00000213721.3	HMGN2P30	chr7	42113365	42113620	5	5	5
ENSG00000238284.2	LINC01448	chr7	42661716	42706447	5	5	5
ENSG00000229161.2	TCP1P1	chr7	42794906	42802494	5	5	5
ENSG00000231539.1	AC010132.1	chr7	42829672	42844438	5	5	5
ENSG00000261019.1	AC010132.4	chr7	42901272	42902639	5	5	5
ENSG00000136197.13	C7orf25	chr7	42908726	42912305	5	5	5
ENSG00000256646.8	AC010132.3	chr7	42909273	42932214	5	5	5
ENSG00000106588.12	PSMA2	chr7	42916828	42932185	5	5	5
ENSG00000234983.1	AC010132.2	chr7	42918741	42920084	5	5	5
ENSG00000106591.4	MRPL32	chr7	42932376	42948958	5	5	5
ENSG00000232006.9	AC005537.1	chr7	42954135	43113931	5	5	5
ENSG00000201933.1	Y_RNA	chr7	43096732	43096844	5	5	5
ENSG00000002746.15	HECW1	chr7	43112629	43566001	5	5	5
ENSG00000181211.1	HECW1-IT1	chr7	43117896	43163187	5	5	5
ENSG00000264069.3	MIR3943	chr7	43150895	43150994	5	5	5
ENSG00000252983.1	RNU7-35P	chr7	43194421	43194482	5	5	5
ENSG00000223258.1	RNU6-575P	chr7	43207762	43207866	5	5	5
ENSG00000228680.1	AC004692.2	chr7	43239066	43249268	5	5	5
ENSG00000213717.3	AC004692.1	chr7	43274159	43274582	5	5	5
ENSG00000231638.1	LUARIS	chr7	43508728	43522542	5	5	5
ENSG00000164543.7	STK17A	chr7	43582758	43650713	5	5	5
ENSG00000106603.19	COA1	chr7	43608456	43729717	5	5	5
ENSG00000106605.11	BLVRA	chr7	43758680	43807342	5	5	5
ENSG00000229497.1	AC005189.1	chr7	43767290	43767599	5	5	5
ENSG00000062582.14	MRPS24	chr7	43866558	43869893	5	5	5
ENSG00000270617.1	URGCP-MRPS24	chr7	43866558	43906589	5	5	5
ENSG00000106608.17	URGCP	chr7	43875894	43926411	5	5	5
ENSG00000237972.1	TUBG1P	chr7	43918697	43920054	5	5	5
ENSG00000078967.13	UBE2D4	chr7	43926436	43956136	5	5	5
ENSG00000214783.9	POLR2J4	chr7	43940895	44019175	5	5	5
ENSG00000273432.1	AC004951.4	chr7	43951910	44019151	5	5	5
ENSG00000241057.2	AC004951.3	chr7	43961590	43973323	5	5	5
ENSG00000239556.4	AC004951.2	chr7	43984995	43990207	5	5	5
ENSG00000136206.4	SPDYE1	chr7	43997897	44010122	5	5	5
ENSG00000228434.1	AC004951.1	chr7	44004046	44007866	5	5	5
ENSG00000285596.1	AC017116.2	chr7	44011882	44038978	5	5	5
ENSG00000272655.2	POLR2J4	chr7	44013562	44019170	5	5	5
ENSG00000228903.7	RASA4CP	chr7	44026951	44041892	5	5	5
ENSG00000235314.1	LINC00957	chr7	44039171	44042306	5	5	5
ENSG00000136279.21	DBNL	chr7	44044640	44069456	5	5	5
ENSG00000284067.1	MIR6837	chr7	44051766	44051829	5	5	5
ENSG00000164708.6	PGAM2	chr7	44062727	44065567	5	5	5
ENSG00000239775.1	AC017116.1	chr7	44064908	44066079	5	5	5
ENSG00000122678.17	POLM	chr7	44072062	44082530	5	5	5
ENSG00000283969.1	MIR6838	chr7	44073378	44073433	5	5	5
ENSG00000106624.11	AEBP1	chr7	44104345	44114562	5	5	5
ENSG00000284412.1	MIR4649	chr7	44110849	44110912	5	5	5
ENSG00000106628.11	POLD2	chr7	44114681	44124358	5	5	5
ENSG00000252848.1	RNA5SP230	chr7	44125752	44125873	5	5	5
ENSG00000106631.8	MYL7	chr7	44138864	44141332	5	5	5
ENSG00000106633.17	GCK	chr7	44143213	44198170	5	5	5
ENSG00000106636.9	YKT6	chr7	44200959	44214294	5	5	5
ENSG00000058404.20	CAMK2B	chr7	44217150	44334577	5	5	5
ENSG00000279853.1	AC004453.2	chr7	44367140	44369292	5	5	5
ENSG00000015676.18	NUDCD3	chr7	44379119	44490658	5	5	5
ENSG00000146677.7	AC004453.1	chr7	44467897	44468304	5	5	5
ENSG00000200456.1	RNU6-1097P	chr7	44503773	44503879	5	5	5
ENSG00000225443.1	AC004938.1	chr7	44511025	44511332	5	5	5
ENSG00000015520.15	NPC1L1	chr7	44512535	44541330	5	5	5
ENSG00000136271.10	DDX56	chr7	44565417	44575051	5	5	5
ENSG00000158604.15	TMED4	chr7	44577894	44582287	5	5	5
ENSG00000287574.1	AC004938.2	chr7	44582519	44583676	5	5	5
ENSG00000271586.1	AC011894.1	chr7	44601032	44601487	5	5	5
ENSG00000105953.15	OGDH	chr7	44606572	44709066	5	5	5
ENSG00000122515.15	ZMIZ2	chr7	44748581	44769881	5	5	5
ENSG00000228596.1	AC013436.1	chr7	44785050	44787340	5	5	5
ENSG00000196262.15	PPIA	chr7	44796680	44824564	5	5	5
ENSG00000105968.19	H2AZ2	chr7	44826791	44848087	5	5	5
ENSG00000234183.1	LINC01952	chr7	44848416	44849568	5	5	5
ENSG00000146676.10	PURB	chr7	44876299	44885530	5	5	5
ENSG00000284261.1	MIR4657	chr7	44881748	44881800	5	5	5
ENSG00000272768.1	AC004854.2	chr7	44884953	44886393	5	5	5
ENSG00000230160.1	AC004854.1	chr7	44919669	44920329	5	5	5
ENSG00000260997.1	AC004847.1	chr7	44958999	44960909	5	5	5
ENSG00000136286.16	MYO1G	chr7	44962662	44979088	5	5	5
ENSG00000232956.9	SNHG15	chr7	44983023	44986961	5	5	5
ENSG00000277184.1	SNORA9	chr7	44985378	44985510	5	5	5
ENSG00000136280.17	CCM2	chr7	44999475	45076469	5	5	5
ENSG00000136274.9	NACAD	chr7	45080437	45088969	5	5	5
ENSG00000136270.14	TBRG4	chr7	45100100	45112047	5	5	5
ENSG00000206838.1	SNORA5A	chr7	45104349	45104482	5	5	5
ENSG00000201772.1	SNORA5C	chr7	45104906	45105042	5	5	5
ENSG00000200656.1	SNORA5B	chr7	45105968	45106099	5	5	5
ENSG00000122679.8	RAMP3	chr7	45157791	45186302	5	5	5
ENSG00000286738.1	AC073968.2	chr7	45268681	45384802	5	5	5
ENSG00000275295.1	AC073968.1	chr7	45303620	45304362	5	5	5
ENSG00000234359.3	ELK1P1	chr7	45391626	45392205	5	5	5
ENSG00000225537.1	AC073325.1	chr7	45460712	45542182	5	5	5
ENSG00000226999.1	AC073325.2	chr7	45534523	45534681	5	5	5
ENSG00000164742.16	ADCY1	chr7	45574140	45723116	5	5	5
ENSG00000214765.8	SEPTIN7P2	chr7	45723780	45768985	5	5	5
ENSG00000272556.2	GTF2IP13	chr7	45769105	45815263	5	5	5
ENSG00000212450.1	RNU6-241P	chr7	45789585	45789688	5	5	5
ENSG00000235955.1	CICP20	chr7	45816216	45819016	5	5	5
ENSG00000226838.1	AC096582.1	chr7	45816557	45821064	5	5	5
ENSG00000251378.1	AC096582.2	chr7	45818582	45819097	5	5	5
ENSG00000202350.1	RNU6-326P	chr7	45843634	45843740	5	5	5
ENSG00000283247.2	CCDC201	chr7	45859994	45873082	5	5	5
ENSG00000146678.10	IGFBP1	chr7	45888360	45893660	5	5	5
ENSG00000146674.15	IGFBP3	chr7	45912245	45921874	5	5	5
ENSG00000237471.2	AC073115.2	chr7	45940449	45986472	5	5	5
ENSG00000229628.1	AC073115.1	chr7	45990905	46000898	5	5	5
ENSG00000233952.1	FTLP15	chr7	45997540	45998071	5	5	5
ENSG00000221971.3	TTC4P1	chr7	45999621	46000778	5	5	5
ENSG00000224547.1	ZNF619P1	chr7	46144937	46145688	5	5	5
ENSG00000229459.1	AC023669.1	chr7	46261064	46294469	5	5	5
ENSG00000237760.1	AC023669.2	chr7	46302120	46343621	5	5	5
ENSG00000240355.1	AC004869.2	chr7	46476457	46477940	5	5	5
ENSG00000230680.2	AC004869.1	chr7	46477822	46481578	5	5	5
ENSG00000224519.1	HMGN1P19	chr7	46634614	46634946	5	5	5
ENSG00000233539.5	AC011294.1	chr7	46673785	46759851	5	5	5
ENSG00000242948.1	EPS15P1	chr7	46781373	46783443	5	5	5
ENSG00000232072.1	AC004870.4	chr7	46890625	47049678	5	5	5
ENSG00000223829.6	AC004870.2	chr7	46969644	47027481	5	5	5
ENSG00000229192.6	AC004870.3	chr7	47000620	47079128	5	5	5
ENSG00000242552.1	MRPL42P4	chr7	47026128	47026570	5	5	5
ENSG00000214754.3	AC004870.1	chr7	47052793	47053674	5	5	5
ENSG00000286315.1	AC087175.1	chr7	47252139	47254558	5	5	5
ENSG00000136205.17	TNS3	chr7	47275154	47582558	5	5	5
ENSG00000236078.2	LINC01447	chr7	47608465	47629893	5	5	5
ENSG00000221845.4	C7orf65	chr7	47655244	47661648	5	5	5
ENSG00000158683.9	PKD1L1	chr7	47740202	47948466	5	5	5
ENSG00000146666.5	LINC00525	chr7	47761476	47766772	5	5	5
ENSG00000136275.10	C7orf69	chr7	47795291	47819847	5	5	5
ENSG00000225507.1	AC069282.1	chr7	47956793	47957318	5	5	5
ENSG00000136273.13	HUS1	chr7	47963288	47979615	5	5	5
ENSG00000164744.13	SUN3	chr7	47987148	48029119	5	5	5
ENSG00000164746.14	C7orf57	chr7	48035511	48061304	5	5	5
ENSG00000183696.14	UPP1	chr7	48088628	48108736	5	5	5
ENSG00000179869.15	ABCA13	chr7	48171458	48647497	5	5	5
ENSG00000228173.2	AC091770.1	chr7	48660125	48669479	5	5	5
ENSG00000285536.1	LINC02838	chr7	48708327	48711582	5	5	5
ENSG00000225705.2	AC004899.1	chr7	48846426	48852898	5	5	5
ENSG00000279578.1	AC004899.2	chr7	48847766	48851625	5	5	5
ENSG00000229165.1	GDI2P1	chr7	48902556	48903891	5	5	5
ENSG00000218305.4	CDC14C	chr7	48919765	48927454	5	5	5
ENSG00000234686.1	AC091730.1	chr7	49230137	49254816	5	5	5
ENSG00000270763.1	DDX43P2	chr7	49258493	49259846	5	5	5
ENSG00000286995.1	AC092448.1	chr7	49524208	49587165	5	5	5
ENSG00000279104.1	AC093775.1	chr7	49760897	49762764	5	5	5
ENSG00000188730.5	VWC2	chr7	49773638	49921950	5	5	5
ENSG00000042813.8	ZPBP	chr7	49850421	50121329	5	5	5
ENSG00000223893.1	GNL2P1	chr7	49942251	49944440	5	5	5
ENSG00000287521.1	AC034148.1	chr7	50093279	50094123	5	5	5
ENSG00000164500.7	SPATA48	chr7	50095883	50159256	5	5	5
ENSG00000228005.1	AC020743.1	chr7	50141540	50142823	5	5	5
ENSG00000231681.2	AC020743.2	chr7	50202001	50262994	5	5	5
ENSG00000235620.1	AC020743.3	chr7	50274790	50275622	5	5	5
ENSG00000185811.19	IKZF1	chr7	50304068	50405101	5	5	5
ENSG00000285165.1	AC124014.1	chr7	50388489	50400097	5	5	5
ENSG00000200815.1	RNU6-1091P	chr7	50435380	50435486	5	5	5
ENSG00000132436.11	FIGNL1	chr7	50444128	50542535	5	5	5
ENSG00000132437.18	DDC	chr7	50458436	50565405	5	5	5
ENSG00000226122.1	DDC-AS1	chr7	50531759	50543463	5	5	5
ENSG00000106070.20	GRB10	chr7	50590063	50793462	5	5	5
ENSG00000286658.1	AC005153.1	chr7	50641725	50643868	5	5	5
ENSG00000236046.1	AC004920.1	chr7	50839363	50841992	5	5	5
ENSG00000228085.1	AC009296.1	chr7	50843578	50843732	5	5	5
ENSG00000228204.2	AC004830.2	chr7	50866747	51022990	5	5	5
ENSG00000201133.1	AC004830.1	chr7	50935350	50935493	5	5	5
ENSG00000106078.19	COBL	chr7	51016212	51316818	5	5	5
ENSG00000231490.1	RPL7L1P2	chr7	51259429	51260167	5	5	5
ENSG00000227233.1	CICP17	chr7	51382284	51384660	5	5	5
ENSG00000228897.1	AC012441.2	chr7	51386363	51387101	5	5	5
ENSG00000227080.2	AC012441.1	chr7	51388430	51389114	5	5	5
ENSG00000285741.1	AC005999.2	chr7	51471717	51729716	5	5	5
ENSG00000229478.1	ROBO2P1	chr7	51600286	51600573	5	5	5
ENSG00000229403.1	AC005999.1	chr7	51614251	51630870	5	5	5
ENSG00000242650.3	RN7SL292P	chr7	51716657	51716922	5	5	5
ENSG00000286987.1	AC006478.1	chr7	51773836	51781162	5	5	5
ENSG00000287039.1	AC006478.2	chr7	51849086	51864798	5	5	5
ENSG00000233960.1	AC079763.1	chr7	52165235	52192913	5	5	5
ENSG00000253028.1	AC006320.1	chr7	52269437	52269569	5	5	5
ENSG00000286908.1	AC006459.1	chr7	52493152	52503434	5	5	5
ENSG00000234304.2	SGO1P2	chr7	52891837	52897807	5	5	5
ENSG00000223970.1	AC074397.1	chr7	53002420	53003429	5	5	5
ENSG00000221900.6	POM121L12	chr7	53035633	53036925	5	5	5
ENSG00000227344.2	HAUS6P1	chr7	53187388	53188938	5	5	5
ENSG00000271194.1	RNF138P2	chr7	53316149	53316740	5	5	5
ENSG00000199629.1	RNU1-14P	chr7	53366058	53366209	5	5	5
ENSG00000222154.1	RN7SKP218	chr7	53490148	53490439	5	5	5
ENSG00000234105.1	AC009468.2	chr7	53514992	53517116	5	5	5
ENSG00000228627.2	AC009468.1	chr7	53559214	53574555	5	5	5
ENSG00000205628.4	LINC01446	chr7	53655508	53811952	5	5	5
ENSG00000222355.1	RNU2-29P	chr7	53776136	53776324	5	5	5
ENSG00000271306.1	RAC1P9	chr7	53779783	53780263	5	5	5
ENSG00000232418.1	AC074348.1	chr7	53787167	53787298	5	5	5
ENSG00000235454.1	HAUS6P3	chr7	53862233	53863339	5	5	5
ENSG00000238131.2	LINC02854	chr7	53926676	53947804	5	5	5
ENSG00000287953.1	AC092848.2	chr7	54185071	54257577	5	5	5
ENSG00000280920.1	AC092848.1	chr7	54201224	54202421	5	5	5
ENSG00000231427.6	LINC01445	chr7	54330670	54455093	5	5	5
ENSG00000213673.3	SLC25A5P3	chr7	54419444	54420328	5	5	5
ENSG00000170419.11	VSTM2A	chr7	54542325	54571080	5	5	5
ENSG00000224223.1	VSTM2A-OT1	chr7	54556970	54571726	5	5	5
ENSG00000228735.1	AC011228.1	chr7	54576052	54578794	5	5	5
ENSG00000200471.1	RNU6-1125P	chr7	54621025	54621131	5	5	5
ENSG00000232612.1	RPL31P35	chr7	54656358	54656734	5	5	5
ENSG00000288525.1	AC011228.3	chr7	54676217	54677369	5	5	5
ENSG00000286404.1	AC011228.2	chr7	54721724	54731047	5	5	5
ENSG00000132432.14	SEC61G	chr7	54752250	54759974	5	5	5
ENSG00000234707.3	SEC61G-DT	chr7	54759348	54812727	5	5	5
ENSG00000218586.3	AC006971.1	chr7	54933699	54938184	5	5	5
ENSG00000146648.19	EGFR	chr7	55019017	55211628	5	5	5
ENSG00000224057.1	EGFR-AS1	chr7	55179750	55188934	5	5	5
ENSG00000280890.1	ELDR	chr7	55235965	55255635	5	5	5
ENSG00000237210.1	AC073324.1	chr7	55244247	55245681	5	5	5
ENSG00000230564.1	CALM1P2	chr7	55259809	55260256	5	5	5
ENSG00000230936.1	AC073347.1	chr7	55342316	55344958	5	5	5
ENSG00000132434.9	LANCL2	chr7	55365448	55433742	5	5	5
ENSG00000154978.13	VOPP1	chr7	55436056	55572988	5	5	5
ENSG00000223475.1	AC099681.1	chr7	55573171	55588336	5	5	5
ENSG00000233977.1	AC099681.3	chr7	55592074	55593193	5	5	5
ENSG00000231394.1	AC099681.2	chr7	55593777	55595006	5	5	5
ENSG00000234844.1	CDC42P2	chr7	55638274	55638842	5	5	5
ENSG00000235207.1	TUBBP6	chr7	55645620	55646951	5	5	5
ENSG00000231317.1	AC091812.1	chr7	55656768	55678490	5	5	5
ENSG00000176826.15	FKBP9P1	chr7	55681074	55713252	5	5	5
ENSG00000252857.1	RNU6-389P	chr7	55685977	55686081	5	5	5
ENSG00000275853.1	Metazoa_SRP	chr7	55731100	55731403	5	5	5
ENSG00000224971.1	SUMO2P3	chr7	55732144	55732431	5	5	5
ENSG00000237799.2	CICP11	chr7	55736779	55739605	5	5	5
ENSG00000275875.1	AC091812.3	chr7	55741525	55741869	5	5	5
ENSG00000273720.1	AC091812.2	chr7	55743073	55743457	5	5	5
ENSG00000226278.1	PSPHP1	chr7	55764797	55773288	5	5	5
ENSG00000206729.1	RNU6-1126P	chr7	55789368	55789474	5	5	5
ENSG00000154997.9	SEPTIN14	chr7	55793540	55862755	5	5	5
ENSG00000235738.1	AC092647.4	chr7	55797946	55798480	5	5	5
ENSG00000225270.1	CICP12	chr7	55798034	55798876	5	5	5
ENSG00000229762.1	AC092647.3	chr7	55810779	55811411	5	5	5
ENSG00000225018.1	AC092647.1	chr7	55876738	55877024	5	5	5
ENSG00000227499.1	AC092647.2	chr7	55877912	55878164	5	5	5
ENSG00000249773.3	AC092647.5	chr7	55887277	55955239	5	5	5
ENSG00000178665.16	ZNF713	chr7	55887456	55942530	5	5	5
ENSG00000146729.10	NIPSNAP2	chr7	55951793	56000181	5	5	5
ENSG00000239789.6	MRPS17	chr7	55951877	55956500	5	5	5
ENSG00000146733.14	PSPH	chr7	56011051	56051604	5	5	5
ENSG00000146731.11	CCT6A	chr7	56051685	56063989	5	5	5
ENSG00000206603.1	SNORA22B	chr7	56055365	56055502	5	5	5
ENSG00000207168.1	SNORA15	chr7	56060470	56060602	5	5	5
ENSG00000129103.19	SUMF2	chr7	56064002	56080670	5	5	5
ENSG00000164776.10	PHKG1	chr7	56080283	56092996	5	5	5
ENSG00000106153.13	CHCHD2	chr7	56101573	56106476	5	5	5
ENSG00000185290.4	NUPR2	chr7	56114681	56116417	5	5	5
ENSG00000230191.1	IFITM3P4	chr7	56163145	56163533	5	5	5
ENSG00000233028.1	AC006970.1	chr7	56175634	56176412	5	5	5
ENSG00000285670.1	AC006970.2	chr7	56214979	56220747	5	5	5
ENSG00000227491.1	CCNJP1	chr7	56228634	56229782	5	5	5
ENSG00000223559.1	AC073136.1	chr7	56288230	56291425	5	5	5
ENSG00000224155.2	AC073136.2	chr7	56304678	56305526	5	5	5
ENSG00000203462.2	AC093392.1	chr7	56322804	56323601	5	5	5
ENSG00000202296.1	RNU6-1335P	chr7	56340231	56340337	5	5	5
ENSG00000231299.1	SEPTIN14P24	chr7	56360362	56360541	5	5	5
ENSG00000225371.1	CICP8	chr7	56362458	56365270	5	5	5
ENSG00000224370.1	AC093392.2	chr7	56380976	56381312	5	5	5
ENSG00000223330.1	RNU6-1052P	chr7	56402070	56402173	5	5	5
ENSG00000232944.1	AC092423.1	chr7	56408699	56409210	5	5	5
ENSG00000237268.2	AC092447.7	chr7	56421857	56448375	5	5	5
ENSG00000278205.1	AC092447.10	chr7	56462536	56467771	5	5	5
ENSG00000225488.3	AC092447.4	chr7	56477588	56484386	5	5	5
ENSG00000226485.1	RBM22P3	chr7	56490682	56491635	5	5	5
ENSG00000261275.1	AC092447.8	chr7	56493124	56497285	5	5	5
ENSG00000231504.1	NMD3P2	chr7	56502284	56503044	5	5	5
ENSG00000223740.1	AC092447.3	chr7	56525428	56526113	5	5	5
ENSG00000233288.2	AC092447.5	chr7	56528253	56538676	5	5	5
ENSG00000224947.1	VN1R25P	chr7	56559221	56559958	5	5	5
ENSG00000213650.3	AC092447.2	chr7	56567906	56568858	5	5	5
ENSG00000234716.1	AC092447.6	chr7	56577848	56578866	5	5	5
ENSG00000213067.2	AC092447.1	chr7	56597379	56598342	5	5	5
ENSG00000271047.1	AC092447.9	chr7	56603410	56603553	5	5	5
ENSG00000287019.1	AC095038.5	chr7	56615084	56617957	5	5	5
ENSG00000229909.1	TRIM60P16	chr7	56631739	56632727	5	5	5
ENSG00000228303.1	AC095038.1	chr7	56638943	56650696	5	5	5
ENSG00000286477.1	AC095038.4	chr7	56659149	56675086	5	5	5
ENSG00000277174.1	AC095038.2	chr7	56685036	56687366	5	5	5
ENSG00000282879.1	AC095038.3	chr7	56736396	56736590	5	5	5
ENSG00000277253.1	CICP28	chr7	56805336	56808148	5	5	5
ENSG00000279072.1	AC118758.2	chr7	56809214	56848800	5	5	5
ENSG00000233437.1	AC118758.1	chr7	56875385	56882146	5	5	5
ENSG00000225244.3	AC069152.1	chr7	56940341	56944353	5	5	5
ENSG00000264426.1	MIR4283-1	chr7	56955785	56955864	5	5	5
ENSG00000189166.6	TNRC18P3	chr7	56991888	57009149	5	5	5
ENSG00000214668.4	SLC29A4P1	chr7	57014285	57020273	5	5	5
ENSG00000229508.2	PHKG1P4	chr7	57060590	57061301	5	5	5
ENSG00000275061.2	AC122133.1	chr7	57067950	57074664	5	5	5
ENSG00000185177.13	ZNF479	chr7	57119614	57139864	5	5	5
ENSG00000286436.1	AC099654.11	chr7	57140112	57153836	5	5	5
ENSG00000235095.1	AC099654.2	chr7	57147986	57150347	5	5	5
ENSG00000283431.1	AC099654.5	chr7	57163168	57166024	5	5	5
ENSG00000284474.1	AC099654.8	chr7	57167039	57167245	5	5	5
ENSG00000283547.1	MTATP6P8	chr7	57167200	57167880	5	5	5
ENSG00000231537.1	MTCO3P10	chr7	57167880	57168651	5	5	5
ENSG00000283230.1	AC099654.4	chr7	57168725	57169074	5	5	5
ENSG00000283481.1	MTND4LP32	chr7	57169143	57169412	5	5	5
ENSG00000225295.1	MTND4P4	chr7	57169406	57170771	5	5	5
ENSG00000228440.1	MTND5P6	chr7	57170974	57172771	5	5	5
ENSG00000283311.1	MTND6P29	chr7	57172772	57173283	5	5	5
ENSG00000224880.1	MTCYBP29	chr7	57173357	57174362	5	5	5
ENSG00000224723.1	GUSBP10	chr7	57177409	57180052	5	5	5
ENSG00000230764.1	MTND1P4	chr7	57185788	57186202	5	5	5
ENSG00000237309.1	MTND2P6	chr7	57186412	57187441	5	5	5
ENSG00000236692.2	MTCO1P10	chr7	57187892	57189437	5	5	5
ENSG00000284291.1	MTCO2P10	chr7	57189578	57190226	5	5	5
ENSG00000284098.1	AC099654.6	chr7	57190300	57190460	5	5	5
ENSG00000283626.1	MTATP6P10	chr7	57190461	57191138	5	5	5
ENSG00000228851.1	MTCO3P4	chr7	57191141	57191927	5	5	5
ENSG00000284558.1	AC099654.9	chr7	57191997	57192337	5	5	5
ENSG00000284221.1	AC099654.7	chr7	57192405	57192698	5	5	5
ENSG00000227584.2	MTND4P5	chr7	57192695	57194068	5	5	5
ENSG00000230531.1	MTND5P7	chr7	57194257	57196054	5	5	5
ENSG00000284572.1	AC099654.10	chr7	57196056	57196564	5	5	5
ENSG00000234671.1	MTCYBP5	chr7	57196638	57197772	5	5	5
ENSG00000169325.10	GUSBP12	chr7	57200825	57203597	5	5	5
ENSG00000234089.2	AC099654.1	chr7	57209865	57222897	5	5	5
ENSG00000238431.1	RNU7-157P	chr7	57227001	57227066	5	5	5
ENSG00000287517.1	AC099654.12	chr7	57242681	57245931	5	5	5
ENSG00000274299.1	AC099654.3	chr7	57270839	57275197	5	5	5
ENSG00000280225.1	AC237221.2	chr7	57402181	57404717	5	5	5
ENSG00000260653.6	AC237221.1	chr7	57404172	57419535	5	5	5
ENSG00000266168.1	MIR3147	chr7	57405025	57405090	5	5	5
ENSG00000227182.1	VN1R28P	chr7	57422830	57423725	5	5	5
ENSG00000235368.1	SAPCD2P2	chr7	57424503	57425676	5	5	5
ENSG00000182111.9	ZNF716	chr7	57450177	57473559	5	5	5
ENSG00000270957.1	AC092175.1	chr7	57485166	57485895	5	5	5
ENSG00000233601.1	NCOR1P3	chr7	57599794	57610104	5	5	5
ENSG00000243981.4	AC064862.6	chr7	57628479	57645189	5	5	5
ENSG00000270749.1	AC064862.7	chr7	57629285	57630151	5	5	5
ENSG00000229627.2	BSNDP4	chr7	57638725	57639112	5	5	5
ENSG00000230796.1	AC064862.1	chr7	57650381	57651119	5	5	5
ENSG00000237639.2	AC064862.5	chr7	57650521	57650854	5	5	5
ENSG00000233962.1	AC064862.2	chr7	57652736	57653459	5	5	5
ENSG00000236261.1	AC064862.4	chr7	57652875	57653208	5	5	5
ENSG00000234085.1	AC064862.3	chr7	57654822	57655392	5	5	5
ENSG00000227015.1	AC023141.4	chr7	57770619	57770946	5	5	5
ENSG00000232161.1	AC023141.8	chr7	57770966	57771173	5	5	5
ENSG00000230271.1	AC023141.5	chr7	57772584	57773199	5	5	5
ENSG00000250923.1	AC023141.12	chr7	57773183	57773381	5	5	5
ENSG00000224484.1	AC023141.2	chr7	57776972	57777521	5	5	5
ENSG00000236907.1	AC023141.9	chr7	57817601	57818012	5	5	5
ENSG00000250618.1	AC023141.11	chr7	57817996	57818197	5	5	5
ENSG00000224653.1	AC023141.3	chr7	57819819	57820627	5	5	5
ENSG00000223836.1	AC023141.1	chr7	57820032	57820410	5	5	5
ENSG00000237236.1	AC023141.10	chr7	57822201	57822942	5	5	5
ENSG00000231232.4	AC023141.6	chr7	57822465	57822801	5	5	5
ENSG00000231484.1	AC023141.7	chr7	57828331	57837046	5	5	5
ENSG00000271696.1	AC023141.13	chr7	57835309	57836251	5	5	5
ENSG00000233918.1	AC128676.1	chr7	62275361	62275678	5	5	5
ENSG00000207443.1	RNU6-417P	chr7	63011463	63011569	5	5	5
ENSG00000227148.1	AC069285.2	chr7	63044827	63054431	5	5	5
ENSG00000233454.1	AC069285.3	chr7	63057453	63060084	5	5	5
ENSG00000233782.1	ZNF90P3	chr7	63087070	63088261	5	5	5
ENSG00000234312.1	SAPCD2P4	chr7	63113635	63114805	5	5	5
ENSG00000231523.1	SEPTIN14P1	chr7	63117501	63154934	5	5	5
ENSG00000199231.1	AC069285.1	chr7	63175940	63176019	5	5	5
ENSG00000237572.1	AC092001.1	chr7	63209219	63211822	5	5	5
ENSG00000226075.2	PHKG1P1	chr7	63233035	63234245	5	5	5
ENSG00000244550.1	AC006455.8	chr7	63233115	63241645	5	5	5
ENSG00000240651.1	SEPTIN7P4	chr7	63241590	63248321	5	5	5
ENSG00000236638.1	AC006455.7	chr7	63263065	63263456	5	5	5
ENSG00000185037.9	ZNF733P	chr7	63291518	63304056	5	5	5
ENSG00000226587.1	AC006455.1	chr7	63326674	63354326	5	5	5
ENSG00000227298.1	ARAFP3	chr7	63342711	63343200	5	5	5
ENSG00000232165.1	AC006455.6	chr7	63345840	63346732	5	5	5
ENSG00000230000.3	AC006455.5	chr7	63348861	63351774	5	5	5
ENSG00000227545.1	AC006455.2	chr7	63349154	63350059	5	5	5
ENSG00000227923.1	AC006455.3	chr7	63354033	63354365	5	5	5
ENSG00000229301.1	AC006455.4	chr7	63354457	63359306	5	5	5
ENSG00000236284.1	VN1R31P	chr7	63367427	63368156	5	5	5
ENSG00000230361.1	VN1R32P	chr7	63377329	63378233	5	5	5
ENSG00000230600.1	AC073188.3	chr7	63380466	63385789	5	5	5
ENSG00000232817.1	AC073188.4	chr7	63388808	63393657	5	5	5
ENSG00000227305.2	AC073188.2	chr7	63393745	63422053	5	5	5
ENSG00000223889.1	AC073188.1	chr7	63393749	63394109	5	5	5
ENSG00000234387.1	AC073188.5	chr7	63394277	63395439	5	5	5
ENSG00000268181.3	AC073188.6	chr7	63396341	63399250	5	5	5
ENSG00000234467.1	SLC25A1P2	chr7	63398046	63398957	5	5	5
ENSG00000227426.1	VN1R33P	chr7	63401385	63402271	5	5	5
ENSG00000224368.1	ARAFP2	chr7	63404842	63405400	5	5	5
ENSG00000197990.6	ZNF734P	chr7	63449819	63456687	5	5	5
ENSG00000230132.1	AC006457.1	chr7	63480598	63480989	5	5	5
ENSG00000164740.5	SEPTIN7P5	chr7	63495799	63502536	5	5	5
ENSG00000228645.2	PHKG1P2	chr7	63509303	63510165	5	5	5
ENSG00000214660.6	SLC29A4P2	chr7	63556598	63562588	5	5	5
ENSG00000223566.1	TNRC18P2	chr7	63567743	63585075	5	5	5
ENSG00000265214.1	MIR4283-2	chr7	63621090	63621169	5	5	5
ENSG00000226401.3	AC006015.1	chr7	63632608	63636617	5	5	5
ENSG00000226411.1	AC079355.1	chr7	63699390	63700441	5	5	5
ENSG00000271466.1	CICP24	chr7	63768257	63771047	5	5	5
ENSG00000227397.1	AC079355.2	chr7	63789909	63790098	5	5	5
ENSG00000236574.1	AC092634.5	chr7	63843314	63843505	5	5	5
ENSG00000225451.1	AC092634.2	chr7	63876341	63877350	5	5	5
ENSG00000236299.8	AC092634.4	chr7	63888200	63900794	5	5	5
ENSG00000235720.1	GABPAP	chr7	63893286	63894641	5	5	5
ENSG00000226581.2	LINC02848	chr7	63900313	63925202	5	5	5
ENSG00000226342.1	NMD3P1	chr7	63908966	63910453	5	5	5
ENSG00000227910.1	AC092634.3	chr7	63924787	63926306	5	5	5
ENSG00000287588.1	AC092634.8	chr7	63925832	63930920	5	5	5
ENSG00000213645.2	SLC25A1P3	chr7	63931141	63931968	5	5	5
ENSG00000233173.1	VN1R34P	chr7	63934449	63935331	5	5	5
ENSG00000231264.1	ARAFP1	chr7	63937905	63938509	5	5	5
ENSG00000284534.1	AC092634.7	chr7	63959844	63981477	5	5	5
ENSG00000228660.1	VN1R35P	chr7	63963431	63964123	5	5	5
ENSG00000230639.1	VN1R36P	chr7	63965834	63966124	5	5	5
ENSG00000176232.10	AC092634.1	chr7	63980385	63981477	5	5	5
ENSG00000278577.1	AC092634.6	chr7	63993904	63994006	5	5	5
ENSG00000241149.3	ZNF722P	chr7	63998874	64016130	5	5	5
ENSG00000228564.2	LINC01005	chr7	64024409	64030105	5	5	5
ENSG00000286397.1	AC115220.2	chr7	64035644	64037958	5	5	5
ENSG00000285544.1	AC115220.1	chr7	64045429	64114556	5	5	5
ENSG00000214652.6	ZNF727	chr7	64045434	64085339	5	5	5
ENSG00000223558.1	TRIM60P17	chr7	64085560	64086576	5	5	5
ENSG00000224458.3	GUSBP6	chr7	64100305	64150721	5	5	5
ENSG00000248704.1	MTND4P2	chr7	64104093	64105295	5	5	5
ENSG00000248315.1	MTND4LP2	chr7	64105292	64105576	5	5	5
ENSG00000230052.1	MTND3P2	chr7	64105654	64105995	5	5	5
ENSG00000233385.1	MTCO3P8	chr7	64106065	64106819	5	5	5
ENSG00000227035.1	MTATP6P18	chr7	64106822	64107572	5	5	5
ENSG00000234234.1	MTCO2P8	chr7	64107829	64108486	5	5	5
ENSG00000234700.1	MTCO1P8	chr7	64108625	64110147	5	5	5
ENSG00000230252.1	MTND2P4	chr7	64110547	64111550	5	5	5
ENSG00000235646.1	MTND1P2	chr7	64111752	64112572	5	5	5
ENSG00000229881.1	AC091685.1	chr7	64140495	64150058	5	5	5
ENSG00000236976.1	AC091685.2	chr7	64141538	64142401	5	5	5
ENSG00000213643.3	VN1R37P	chr7	64149685	64150432	5	5	5
ENSG00000235227.1	VN1R38P	chr7	64180006	64180892	5	5	5
ENSG00000213644.2	SAPCD2P1	chr7	64181710	64182893	5	5	5
ENSG00000223614.5	ZNF735	chr7	64207090	64220508	5	5	5
ENSG00000197123.9	ZNF679	chr7	64228474	64266931	5	5	5
ENSG00000287699.1	AC073270.1	chr7	64294516	64300818	5	5	5
ENSG00000234444.10	ZNF736	chr7	64307459	64356634	5	5	5
ENSG00000227986.1	TRIM60P18	chr7	64355078	64356199	5	5	5
ENSG00000287985.1	AC073270.2	chr7	64369241	64375584	5	5	5
ENSG00000276650.1	AC022202.1	chr7	64425623	64426334	5	5	5
ENSG00000232727.2	YWHAEP1	chr7	64433830	64434592	5	5	5
ENSG00000223845.1	VN1R40P	chr7	64443802	64444742	5	5	5
ENSG00000228014.1	ZNF680P1	chr7	64469185	64470653	5	5	5
ENSG00000228653.2	HNRNPCP7	chr7	64500825	64501729	5	5	5
ENSG00000173041.12	ZNF680	chr7	64519878	64563075	5	5	5
ENSG00000223974.1	BNIP3P42	chr7	64551498	64552066	5	5	5
ENSG00000235349.1	AC016769.3	chr7	64566814	64567443	5	5	5
ENSG00000213642.3	AC016769.1	chr7	64569428	64570437	5	5	5
ENSG00000224669.1	AC016769.2	chr7	64582733	64583207	5	5	5
ENSG00000276475.1	AC016769.4	chr7	64590599	64591133	5	5	5
ENSG00000286456.1	AC016769.5	chr7	64612535	64614834	5	5	5
ENSG00000287317.1	AC016769.6	chr7	64651655	64655836	5	5	5
ENSG00000196247.11	ZNF107	chr7	64666083	64711582	5	5	5
ENSG00000271550.1	BNIP3P11	chr7	64678954	64687393	5	5	5
ENSG00000275667.1	MIR6839	chr7	64679064	64679176	5	5	5
ENSG00000224172.1	AC091799.1	chr7	64735933	64736743	5	5	5
ENSG00000277206.1	AC073349.3	chr7	64768156	64769101	5	5	5
ENSG00000197008.10	ZNF138	chr7	64794388	64833681	5	5	5
ENSG00000287580.1	AC073349.4	chr7	64801958	64804117	5	5	5
ENSG00000234338.1	AC073349.2	chr7	64835280	64836882	5	5	5
ENSG00000182722.5	SEPHS1P1	chr7	64852397	64853354	5	5	5
ENSG00000213640.3	EEF1DP4	chr7	64862999	64864370	5	5	5
ENSG00000287869.1	AC073349.5	chr7	64867427	64870076	5	5	5
ENSG00000198039.11	ZNF273	chr7	64870172	64930966	5	5	5
ENSG00000189316.3	AC073349.1	chr7	64888527	64890100	5	5	5
ENSG00000223476.1	VN1R42P	chr7	64933273	64933616	5	5	5
ENSG00000270948.1	MTDHP1	chr7	64942143	64942926	5	5	5
ENSG00000286342.1	AC073210.3	chr7	64947571	64950701	5	5	5
ENSG00000152926.15	ZNF117	chr7	64971772	65006684	5	5	5
ENSG00000213462.5	ERV3-1	chr7	64990356	65006743	5	5	5
ENSG00000201165.1	RNU6-1229P	chr7	65023204	65023310	5	5	5
ENSG00000234585.6	CCT6P3	chr7	65038354	65074713	5	5	5
ENSG00000239985.2	AC073210.2	chr7	65038372	65038565	5	5	5
ENSG00000207344.1	SNORA22C	chr7	65065999	65066132	5	5	5
ENSG00000207062.1	SNORA15B-1	chr7	65070538	65070672	5	5	5
ENSG00000227113.2	AC073210.1	chr7	65075023	65078780	5	5	5
ENSG00000226002.1	GTF2IP14	chr7	65084103	65100232	5	5	5
ENSG00000164669.13	INTS4P1	chr7	65141032	65234216	5	5	5
ENSG00000237026.1	AC104073.2	chr7	65235790	65236723	5	5	5
ENSG00000229064.1	AC104073.1	chr7	65247608	65247758	5	5	5
ENSG00000282381.1	AC104073.4	chr7	65269374	65306238	5	5	5
ENSG00000277544.1	AC104073.3	chr7	65290429	65292776	5	5	5
ENSG00000231556.1	RSL24D1P3	chr7	65335174	65335668	5	5	5
ENSG00000232906.1	AC092685.1	chr7	65355934	65357176	5	5	5
ENSG00000146757.14	ZNF92	chr7	65373799	65401136	5	5	5
ENSG00000238124.1	AC114501.3	chr7	65463071	65463438	5	5	5
ENSG00000226767.1	AC114501.1	chr7	65508773	65508944	5	5	5
ENSG00000235421.1	AC114501.2	chr7	65525629	65554744	5	5	5
ENSG00000230386.5	AC104057.1	chr7	65617082	65619153	5	5	5
ENSG00000272693.4	AC073107.1	chr7	65647010	65770810	5	5	5
ENSG00000273024.6	INTS4P2	chr7	65647823	65718688	5	5	5
ENSG00000228409.6	CCT6P1	chr7	65751142	65763354	5	5	5
ENSG00000206634.1	SNORA22	chr7	65755526	65755659	5	5	5
ENSG00000206785.1	SNORA15B-2	chr7	65760052	65760186	5	5	5
ENSG00000275833.1	AC073107.2	chr7	65764535	65768306	5	5	5
ENSG00000224316.1	GTF2IP5	chr7	65773620	65802067	5	5	5
ENSG00000200670.1	RNU6-912P	chr7	65814672	65814775	5	5	5
ENSG00000236529.2	AC093582.1	chr7	65840055	65842396	5	5	5
ENSG00000201560.1	RNU6-973P	chr7	65859660	65859766	5	5	5
ENSG00000196715.7	VKORC1L1	chr7	65873074	65959563	5	5	5
ENSG00000169919.17	GUSB	chr7	65960684	65982215	5	5	5
ENSG00000224365.1	AC073261.1	chr7	66004017	66004137	5	5	5
ENSG00000229886.1	AC068533.2	chr7	66025126	66031544	5	5	5
ENSG00000205596.4	AC068533.1	chr7	66070904	66071318	5	5	5
ENSG00000126522.17	ASL	chr7	66075800	66094697	5	5	5
ENSG00000249319.2	AC068533.4	chr7	66087761	66152277	5	5	5
ENSG00000241258.7	CRCP	chr7	66114604	66154568	5	5	5
ENSG00000234185.2	AC068533.3	chr7	66119603	66165011	5	5	5
ENSG00000169902.15	TPST1	chr7	66205317	66420543	5	5	5
ENSG00000252126.2	RNU6-313P	chr7	66344303	66344414	5	5	5
ENSG00000179406.8	LINC00174	chr7	66376044	66493566	5	5	5
ENSG00000251451.1	GTF2IP9	chr7	66407288	66409239	5	5	5
ENSG00000231234.2	SKP1P1	chr7	66423405	66423893	5	5	5
ENSG00000230189.7	AC008267.2	chr7	66427949	66453634	5	5	5
ENSG00000236928.3	AC008267.4	chr7	66434634	66435154	5	5	5
ENSG00000279785.1	AC008267.7	chr7	66474556	66475749	5	5	5
ENSG00000244510.2	AC008267.5	chr7	66480394	66490108	5	5	5
ENSG00000244657.1	AC008267.6	chr7	66485095	66486532	5	5	5
ENSG00000237310.2	GS1-124K5.4	chr7	66493607	66495758	5	5	5
ENSG00000179342.4	AC008267.1	chr7	66505155	66506223	5	5	5
ENSG00000234500.1	AC008267.3	chr7	66511556	66545066	5	5	5
ENSG00000229180.7	AC006001.3	chr7	66526088	66592397	5	5	5
ENSG00000275400.1	AC006001.4	chr7	66553805	66554199	5	5	5
ENSG00000232491.1	SAPCD2P3	chr7	66556216	66557065	5	5	5
ENSG00000177418.2	AC006001.1	chr7	66556889	66557362	5	5	5
ENSG00000225573.4	RPL35P5	chr7	66606738	66607107	5	5	5
ENSG00000243335.10	KCTD7	chr7	66628881	66649067	5	5	5
ENSG00000284461.2	AC027644.4	chr7	66628958	66811189	5	5	5
ENSG00000226824.7	AC006001.2	chr7	66654538	66671523	5	5	5
ENSG00000154710.18	RABGEF1	chr7	66682164	66811464	5	5	5
ENSG00000272831.1	AC027644.3	chr7	66739829	66740385	5	5	5
ENSG00000271064.1	AC027644.2	chr7	66748838	66749077	5	5	5
ENSG00000230583.7	GTF2IRD1P1	chr7	66809993	66844882	5	5	5
ENSG00000232546.1	AC027644.1	chr7	66848496	66858136	5	5	5
ENSG00000230295.1	GTF2IP23	chr7	66880708	66882981	5	5	5
ENSG00000212568.1	RNU6-1254P	chr7	66891188	66891291	5	5	5
ENSG00000273142.1	LINC02604	chr7	66902857	66906297	5	5	5
ENSG00000179131.7	AC073335.1	chr7	66914581	66914943	5	5	5
ENSG00000274135.1	Metazoa_SRP	chr7	66915063	66915334	5	5	5
ENSG00000106609.16	TMEM248	chr7	66921225	66958551	5	5	5
ENSG00000275878.1	RN7SL43P	chr7	66980120	66980410	5	5	5
ENSG00000126524.10	SBDS	chr7	66987680	66995587	5	5	5
ENSG00000198874.13	TYW1	chr7	66995173	67239519	5	5	5
ENSG00000233383.1	AC073089.1	chr7	67089257	67089470	5	5	5
ENSG00000266525.1	MIR4650-1	chr7	67114322	67114397	5	5	5
ENSG00000230358.4	SPDYE21	chr7	67278714	67286664	5	5	5
ENSG00000067601.8	PMS2P4	chr7	67287541	67302419	5	5	5
ENSG00000201565.1	Y_RNA	chr7	67297653	67297754	5	5	5
ENSG00000106610.15	STAG3L4	chr7	67302621	67362950	5	5	5
ENSG00000228019.1	AC006480.1	chr7	67307605	67308356	5	5	5
ENSG00000273448.1	AC006480.2	chr7	67333047	67334383	5	5	5
ENSG00000226392.1	MTATP6P21	chr7	67627831	67628019	5	5	5
ENSG00000237466.1	MTCO3P41	chr7	67628022	67628349	5	5	5
ENSG00000233423.1	AC005482.1	chr7	67691058	67697029	5	5	5
ENSG00000223948.1	AC092648.1	chr7	67769629	67770468	5	5	5
ENSG00000225209.2	AC092637.1	chr7	68020235	68036917	5	5	5
ENSG00000236531.2	AC006013.1	chr7	68091223	68119209	5	5	5
ENSG00000232975.1	MTCO1P57	chr7	68097737	68098250	5	5	5
ENSG00000226829.2	AC093655.1	chr7	68149548	68319676	5	5	5
ENSG00000237754.1	AC093655.2	chr7	68241637	68242267	5	5	5
ENSG00000225959.1	MTND4P3	chr7	68266319	68266859	5	5	5
ENSG00000228429.1	AC004910.1	chr7	68640798	68641584	5	5	5
ENSG00000222428.1	RNA5SP231	chr7	68723911	68724048	5	5	5
ENSG00000233689.2	AC104688.1	chr7	69026433	69046803	5	5	5
ENSG00000200189.1	RNU6-832P	chr7	69125270	69125376	5	5	5
ENSG00000286466.1	AC069280.2	chr7	69145185	69174450	5	5	5
ENSG00000225718.2	AC092100.1	chr7	69186821	69430923	5	5	5
ENSG00000236839.1	AC069280.1	chr7	69187833	69189318	5	5	5
ENSG00000230654.1	MTCO2P25	chr7	69330698	69331378	5	5	5
ENSG00000229031.1	MTCO1P25	chr7	69331835	69333633	5	5	5
ENSG00000252423.1	RNU6-229P	chr7	69401202	69401303	5	5	5
ENSG00000200857.1	Y_RNA	chr7	69507510	69507622	5	5	5
ENSG00000234215.3	CT66	chr7	69594793	69597493	5	5	5
ENSG00000158321.18	AUTS2	chr7	69598296	70793506	5	5	5
ENSG00000236978.1	AC073873.1	chr7	70837738	70838013	5	5	5
ENSG00000185274.12	GALNT17	chr7	71132144	71713600	5	5	5
ENSG00000265878.2	MIR3914-1	chr7	71307672	71307770	5	5	5
ENSG00000283278.1	MIR3914-2	chr7	71307674	71307768	5	5	5
ENSG00000199940.1	RN7SKP75	chr7	71685452	71685747	5	5	5
ENSG00000183166.11	CALN1	chr7	71779491	72447151	5	5	5
ENSG00000201014.1	RNA5SP232	chr7	71913738	71913856	5	5	5
ENSG00000235581.1	AC005011.1	chr7	71942259	71942468	5	5	5
ENSG00000228769.1	ABCF2P2	chr7	72103181	72104209	5	5	5
ENSG00000277149.5	TYW1B	chr7	72558744	72828200	5	5	5
ENSG00000264494.1	MIR4650-2	chr7	72697903	72697978	5	5	5
ENSG00000270694.1	AC211469.2	chr7	72722885	72723089	5	5	5
ENSG00000270555.1	AC211469.1	chr7	72768798	72769191	5	5	5
ENSG00000266569.2	RN7SL377P	chr7	72822894	72823171	5	5	5
ENSG00000225648.5	SBDSP1	chr7	72829425	72836701	5	5	5
ENSG00000274656.1	RN7SL625P	chr7	72841437	72841727	5	5	5
ENSG00000179994.11	SPDYE7P	chr7	72862757	72871581	5	5	5
ENSG00000196313.11	POM121	chr7	72879365	72951440	5	5	5
ENSG00000272843.1	AC211476.2	chr7	72924418	72925125	5	5	5
ENSG00000106133.18	NSUN5P2	chr7	72947581	72954790	5	5	5
ENSG00000285886.1	AC211476.6	chr7	72954797	72957106	5	5	5
ENSG00000155428.12	TRIM74	chr7	72959485	72969466	5	5	5
ENSG00000174353.17	STAG3L3	chr7	72969696	73005922	5	5	5
ENSG00000205584.6	AC211476.1	chr7	72969814	72971727	5	5	5
ENSG00000276178.1	Y_RNA	chr7	72983360	72983461	5	5	5
ENSG00000229018.5	PMS2P7	chr7	73005541	73021103	5	5	5
ENSG00000201282.1	Y_RNA	chr7	73011144	73011245	5	5	5
ENSG00000273520.5	SPDYE8	chr7	73020338	73029766	5	5	5
ENSG00000273897.1	PMS2P8	chr7	73037371	73049246	5	5	5
ENSG00000273927.1	Y_RNA	chr7	73039085	73039186	5	5	5
ENSG00000285702.1	AC211476.5	chr7	73039696	73069506	5	5	5
ENSG00000275976.5	AC211476.3	chr7	73048055	73053981	5	5	5
ENSG00000286228.1	SPDYE11	chr7	73048481	73057911	5	5	5
ENSG00000277125.1	AC211476.4	chr7	73065529	73077353	5	5	5
ENSG00000274984.1	Y_RNA	chr7	73067231	73067332	5	5	5
ENSG00000262461.6	SPDYE9	chr7	73076165	73086038	5	5	5
ENSG00000174384.9	PMS2P6	chr7	73093657	73105389	5	5	5
ENSG00000199913.1	Y_RNA	chr7	73095357	73095458	5	5	5
ENSG00000274570.4	SPDYE10P	chr7	73104201	73111140	5	5	5
ENSG00000233369.7	GTF2IP4	chr7	73154938	73207283	5	5	5
ENSG00000233523.1	PHBP5	chr7	73187969	73188736	5	5	5
ENSG00000182487.12	NCF1B	chr7	73220624	73235945	5	5	5
ENSG00000214544.7	GTF2IRD2P1	chr7	73242751	73280119	5	5	5
ENSG00000205578.6	POM121B	chr7	73293497	73301161	5	5	5
ENSG00000130305.17	NSUN5	chr7	73302516	73308826	5	5	5
ENSG00000146755.11	TRIM50	chr7	73312536	73328082	5	5	5
ENSG00000225005.1	AC211485.1	chr7	73314107	73315213	5	5	5
ENSG00000077800.13	FKBP6	chr7	73328161	73358637	5	5	5
ENSG00000206709.1	RNU6-1080P	chr7	73339094	73339200	5	5	5
ENSG00000202035.1	Y_RNA	chr7	73403788	73403889	5	5	5
ENSG00000188763.5	FZD9	chr7	73433778	73436120	5	5	5
ENSG00000009954.11	BAZ1B	chr7	73440406	73522293	5	5	5
ENSG00000252713.1	RNU6-1198P	chr7	73507208	73507274	5	5	5
ENSG00000106635.8	BCL7B	chr7	73536356	73557690	5	5	5
ENSG00000106638.17	TBL2	chr7	73567537	73578791	5	5	5
ENSG00000009950.16	MLXIPL	chr7	73593194	73624543	5	5	5
ENSG00000274080.1	AC005089.1	chr7	73609262	73611502	5	5	5
ENSG00000176428.6	VPS37D	chr7	73667831	73672112	5	5	5
ENSG00000176410.8	DNAJC30	chr7	73680918	73683453	5	5	5
ENSG00000071462.12	BUD23	chr7	73683025	73705161	5	5	5
ENSG00000106089.12	STX1A	chr7	73699206	73719672	5	5	5
ENSG00000265724.1	MIR4284	chr7	73711317	73711397	5	5	5
ENSG00000241709.3	RN7SL265P	chr7	73732569	73732868	5	5	5
ENSG00000225969.2	ABHD11-AS1	chr7	73735038	73736158	5	5	5
ENSG00000106077.18	ABHD11	chr7	73736094	73738867	5	5	5
ENSG00000165215.6	CLDN3	chr7	73768997	73770270	5	5	5
ENSG00000189143.9	CLDN4	chr7	73799542	73832693	5	5	5
ENSG00000165171.11	METTL27	chr7	73834590	73842516	5	5	5
ENSG00000175877.4	TMEM270	chr7	73861159	73865890	5	5	5
ENSG00000261467.2	AC099398.1	chr7	73985992	73988767	5	5	5
ENSG00000049540.18	ELN	chr7	74027789	74069907	5	5	5
ENSG00000232415.1	ELN-AS1	chr7	74059576	74062284	5	5	5
ENSG00000106683.15	LIMK1	chr7	74082933	74122525	5	5	5
ENSG00000106682.15	EIF4H	chr7	74174231	74197122	5	5	5
ENSG00000207741.1	MIR590	chr7	74191198	74191294	5	5	5
ENSG00000086730.17	LAT2	chr7	74199652	74229834	5	5	5
ENSG00000049541.11	RFC2	chr7	74231499	74254458	5	5	5
ENSG00000287815.1	AC005081.1	chr7	74280747	74289286	5	5	5
ENSG00000106665.16	CLIP2	chr7	74289407	74405935	5	5	5
ENSG00000006704.11	GTF2IRD1	chr7	74453790	74602605	5	5	5
ENSG00000238391.1	RNA5SP233	chr7	74487428	74487540	5	5	5
ENSG00000273069.1	AC211433.2	chr7	74606913	74607299	5	5	5
ENSG00000279005.1	AC211433.3	chr7	74633510	74633884	5	5	5
ENSG00000263001.7	GTF2I	chr7	74650231	74760692	5	5	5
ENSG00000232729.8	AC211433.1	chr7	74688864	74729001	5	5	5
ENSG00000262648.1	PHBP15	chr7	74741457	74742121	5	5	5
ENSG00000158517.15	NCF1	chr7	74773962	74789376	5	5	5
ENSG00000196275.14	GTF2IRD2	chr7	74796144	74851551	5	5	5
ENSG00000277072.5	STAG3L2	chr7	74843754	74890610	5	5	5
ENSG00000123965.13	PMS2P5	chr7	74894116	74897835	5	5	5
ENSG00000239069.1	Y_RNA	chr7	74895816	74895917	5	5	5
ENSG00000184616.9	SPDYE12P	chr7	74906673	74913310	5	5	5
ENSG00000274070.2	CASTOR2	chr7	74964705	75031528	5	5	5
ENSG00000274523.5	RCC1L	chr7	75027122	75074228	5	5	5
ENSG00000277127.1	Metazoa_SRP	chr7	75057877	75058188	5	5	5
ENSG00000174428.18	GTF2IRD2B	chr7	75092573	75149817	5	5	5
ENSG00000165178.9	NCF1C	chr7	75156639	75172044	5	5	5
ENSG00000277053.4	GTF2IP1	chr7	75185385	75237696	5	5	5
ENSG00000276592.1	PHBP6	chr7	75203926	75204711	5	5	5
ENSG00000277675.1	AC211486.5	chr7	75225433	75234310	5	5	5
ENSG00000263081.1	AC211486.2	chr7	75232928	75233924	5	5	5
ENSG00000275121.1	AC211486.4	chr7	75237293	75237405	5	5	5
ENSG00000286038.1	SPDYE13	chr7	75281243	75287121	5	5	5
ENSG00000276840.1	PMS2P10	chr7	75288120	75299795	5	5	5
ENSG00000267828.1	Y_RNA	chr7	75297990	75298091	5	5	5
ENSG00000286137.1	SPDYE14	chr7	75309171	75315049	5	5	5
ENSG00000273598.1	AC211486.3	chr7	75316048	75327765	5	5	5
ENSG00000202021.1	Y_RNA	chr7	75325959	75326060	5	5	5
ENSG00000286014.1	SPDYE15	chr7	75337138	75343016	5	5	5
ENSG00000278416.1	PMS2P2	chr7	75344015	75359550	5	5	5
ENSG00000199870.1	Y_RNA	chr7	75353885	75353986	5	5	5
ENSG00000205583.13	STAG3L1	chr7	75359194	75395383	5	5	5
ENSG00000275930.1	Y_RNA	chr7	75381638	75381739	5	5	5
ENSG00000146722.11	AC211486.1	chr7	75391955	75395434	5	5	5
ENSG00000178809.11	TRIM73	chr7	75395063	75410996	5	5	5
ENSG00000223705.9	NSUN5P1	chr7	75410322	75416787	5	5	5
ENSG00000272391.6	POM121C	chr7	75416786	75486299	5	5	5
ENSG00000242073.2	AC211429.1	chr7	75474707	75486108	5	5	5
ENSG00000170092.14	SPDYE5	chr7	75493625	75504304	5	5	5
ENSG00000127957.18	PMS2P3	chr7	75507747	75528148	5	5	5
ENSG00000200874.1	Y_RNA	chr7	75513025	75513126	5	5	5
ENSG00000127946.17	HIP1	chr7	75533298	75738962	5	5	5
ENSG00000279996.1	AC004491.1	chr7	75625089	75626970	5	5	5
ENSG00000006606.9	CCL26	chr7	75769533	75789896	5	5	5
ENSG00000106178.7	CCL24	chr7	75810825	75823356	5	5	5
ENSG00000219039.2	AC005102.1	chr7	75835663	75836141	5	5	5
ENSG00000005486.17	RHBDD2	chr7	75842602	75888926	5	5	5
ENSG00000127948.16	POR	chr7	75899200	75986855	5	5	5
ENSG00000284334.1	MIR4651	chr7	75915197	75915269	5	5	5
ENSG00000235090.1	RPL7L1P3	chr7	75922755	75923443	5	5	5
ENSG00000201643.1	SNORA14A	chr7	75943782	75943916	5	5	5
ENSG00000189077.11	TMEM120A	chr7	75986831	75994656	5	5	5
ENSG00000127952.17	STYXL1	chr7	75996338	76048004	5	5	5
ENSG00000280388.1	AC006330.1	chr7	76043977	76045963	5	5	5
ENSG00000146701.12	MDH2	chr7	76048051	76067508	5	5	5
ENSG00000230882.1	AC005077.4	chr7	76071469	76074963	5	5	5
ENSG00000251798.1	RNU6-863P	chr7	76087444	76087547	5	5	5
ENSG00000227038.3	GTF2IP7	chr7	76090431	76108779	5	5	5
ENSG00000224273.2	AC005077.2	chr7	76108434	76132187	5	5	5
ENSG00000213549.3	AC005077.1	chr7	76113026	76113400	5	5	5
ENSG00000228829.1	AC005077.3	chr7	76173733	76177205	5	5	5
ENSG00000177679.16	SRRM3	chr7	76201896	76287288	5	5	5
ENSG00000106211.10	HSPB1	chr7	76302673	76304295	5	5	5
ENSG00000170027.7	YWHAG	chr7	76326799	76358991	5	5	5
ENSG00000213548.3	PPIAP81	chr7	76361768	76362113	5	5	5
ENSG00000146700.9	SSC4D	chr7	76389334	76409697	5	5	5
ENSG00000188372.15	ZP3	chr7	76397518	76442071	5	5	5
ENSG00000091073.19	DTX2	chr7	76461676	76505995	5	5	5
ENSG00000233980.1	FDPSP2	chr7	76470162	76471058	5	5	5
ENSG00000250614.1	AC005522.1	chr7	76474587	76478856	5	5	5
ENSG00000243566.7	UPK3B	chr7	76510525	76516522	5	5	5
ENSG00000250778.1	AC004980.4	chr7	76521611	76522074	5	5	5
ENSG00000238560.1	Y_RNA	chr7	76523605	76523706	5	5	5
ENSG00000230305.2	AC004980.3	chr7	76524515	76532692	5	5	5
ENSG00000185040.13	SPDYE16	chr7	76531319	76541459	5	5	5
ENSG00000205485.13	AC004980.1	chr7	76549360	76627982	5	5	5
ENSG00000146707.14	POMZP3	chr7	76609986	76627261	5	5	5
ENSG00000214243.3	AC004980.2	chr7	76650401	76650897	5	5	5
ENSG00000285666.1	AC006972.1	chr7	76818377	76903041	5	5	5
ENSG00000231183.4	AC007003.1	chr7	76902480	76919191	5	5	5
ENSG00000265479.7	DTX2P1-UPK3BP1-PMS2P11	chr7	76959835	77043775	5	5	5
ENSG00000231087.2	FDPSP7	chr7	76968197	76969250	5	5	5
ENSG00000225703.1	AC114737.1	chr7	76972679	76976961	5	5	5
ENSG00000186704.9	DTX2P1	chr7	76978617	77004308	5	5	5
ENSG00000242435.1	UPK3BP1	chr7	77004662	77005774	5	5	5
ENSG00000241350.1	PMS2P11	chr7	77011551	77015853	5	5	5
ENSG00000201885.1	Y_RNA	chr7	77013583	77013684	5	5	5
ENSG00000186645.10	SPDYE17	chr7	77022319	77032361	5	5	5
ENSG00000233448.2	PMS2P9	chr7	77039944	77043776	5	5	5
ENSG00000201959.1	Y_RNA	chr7	77041647	77041748	5	5	5
ENSG00000259628.1	AC007000.3	chr7	77043721	77198626	5	5	5
ENSG00000205482.9	SPDYE18	chr7	77052785	77060512	5	5	5
ENSG00000225726.1	AC007000.2	chr7	77071751	77072237	5	5	5
ENSG00000214439.4	FAM185BP	chr7	77083787	77122116	5	5	5
ENSG00000213542.3	AC007000.1	chr7	77115399	77116192	5	5	5
ENSG00000135205.15	CCDC146	chr7	77122434	77329533	5	5	5
ENSG00000127951.8	FGL2	chr7	77193369	77199848	5	5	5
ENSG00000250990.1	AC098851.1	chr7	77246340	77258123	5	5	5
ENSG00000186088.16	GSAP	chr7	77310751	77416349	5	5	5
ENSG00000273341.2	AC004921.1	chr7	77416673	77425444	5	5	5
ENSG00000237620.1	GCNT1P5	chr7	77461458	77462139	5	5	5
ENSG00000287519.1	AC004921.2	chr7	77487317	77498965	5	5	5
ENSG00000127947.16	PTPN12	chr7	77537295	77640069	5	5	5
ENSG00000214293.9	APTR	chr7	77657659	77696267	5	5	5
ENSG00000187257.16	RSBN1L	chr7	77696459	77783022	5	5	5
ENSG00000135211.6	TMEM60	chr7	77793728	77798434	5	5	5
ENSG00000006576.16	PHTF2	chr7	77798792	77957503	5	5	5
ENSG00000222432.1	Y_RNA	chr7	77895880	77895992	5	5	5
ENSG00000232756.1	AC004990.1	chr7	77990384	77995171	5	5	5
ENSG00000187391.22	MAGI2	chr7	78017055	79453667	5	5	5
ENSG00000281008.1	AC004808.2	chr7	78134079	78134851	5	5	5
ENSG00000280958.1	AC004808.1	chr7	78170195	78170915	5	5	5
ENSG00000231322.5	RPL13AP17	chr7	78347142	78359458	5	5	5
ENSG00000285892.1	AC006043.1	chr7	78392626	78448999	5	5	5
ENSG00000226230.1	AC007237.1	chr7	78486530	78487028	5	5	5
ENSG00000251276.1	MAGI2-AS1	chr7	78939850	78940895	5	5	5
ENSG00000226978.1	MAGI2-AS2	chr7	79008988	79012277	5	5	5
ENSG00000212545.1	RNU6-337P	chr7	79030240	79030345	5	5	5
ENSG00000229110.1	AC006355.1	chr7	79124739	79125750	5	5	5
ENSG00000281120.1	AC006355.2	chr7	79139829	79177210	5	5	5
ENSG00000286855.1	AC074024.1	chr7	79335780	79357594	5	5	5
ENSG00000212482.1	RNU6-530P	chr7	79343266	79343372	5	5	5
ENSG00000222024.2	AC004945.1	chr7	79353410	79354392	5	5	5
ENSG00000234456.8	MAGI2-AS3	chr7	79452877	79471208	5	5	5
ENSG00000226285.1	NUP35P2	chr7	79543911	79544853	5	5	5
ENSG00000200786.1	RNA5SP234	chr7	79654109	79654227	5	5	5
ENSG00000287488.1	AC073048.1	chr7	79657947	79675015	5	5	5
ENSG00000127955.17	GNAI1	chr7	79768028	80226181	5	5	5
ENSG00000206818.1	RNU6-849P	chr7	79912104	79912208	5	5	5
ENSG00000230853.1	RPL10P11	chr7	80096600	80097215	5	5	5
ENSG00000244392.3	RN7SL869P	chr7	80245926	80246225	5	5	5
ENSG00000234223.2	AC003988.1	chr7	80246409	80312456	5	5	5
ENSG00000232667.10	AC004862.1	chr7	80312574	80391474	5	5	5
ENSG00000240347.3	RN7SL35P	chr7	80318253	80318544	5	5	5
ENSG00000135218.19	CD36	chr7	80369575	80679277	5	5	5
ENSG00000223550.1	SNRPBP1	chr7	80377554	80377835	5	5	5
ENSG00000214415.4	GNAT3	chr7	80458635	80512064	5	5	5
ENSG00000229436.1	AC073850.1	chr7	80662331	80662585	5	5	5
ENSG00000075223.14	SEMA3C	chr7	80742538	80922359	5	5	5
ENSG00000279326.1	AC004972.1	chr7	80972516	80974724	5	5	5
ENSG00000237896.6	AC005008.2	chr7	81175508	81199115	5	5	5
ENSG00000226671.1	AC005008.1	chr7	81191398	81192009	5	5	5
ENSG00000223514.1	AC004866.1	chr7	81335106	81335183	5	5	5
ENSG00000224134.1	AC004866.2	chr7	81431731	81432796	5	5	5
ENSG00000232968.1	EIF4EP4	chr7	81463036	81463613	5	5	5
ENSG00000233491.8	AC008163.1	chr7	81489204	81691406	5	5	5
ENSG00000230196.1	DDX43P3	chr7	81610884	81611326	5	5	5
ENSG00000019991.18	HGF	chr7	81699010	81770438	5	5	5
ENSG00000153956.16	CACNA2D1	chr7	81946444	82443777	5	5	5
ENSG00000223770.5	CACNA2D1-AS1	chr7	82009177	82029955	5	5	5
ENSG00000213530.3	MTHFD2P5	chr7	82589848	82590691	5	5	5
ENSG00000228711.1	AC004006.1	chr7	82657035	82657411	5	5	5
ENSG00000186472.20	PCLO	chr7	82754012	83162930	5	5	5
ENSG00000202281.1	RNA5SP235	chr7	83017898	83018011	5	5	5
ENSG00000235503.2	AC079799.1	chr7	83355154	83362266	5	5	5
ENSG00000170381.14	SEMA3E	chr7	83363238	83649139	5	5	5
ENSG00000285398.1	AC079799.2	chr7	83372652	83373096	5	5	5
ENSG00000230617.1	AC079987.1	chr7	83424880	83425002	5	5	5
ENSG00000230244.1	RAD23BP2	chr7	83663419	83664625	5	5	5
ENSG00000075213.11	SEMA3A	chr7	83955777	84492724	5	5	5
ENSG00000227982.1	RPL7P30	chr7	84528122	84528830	5	5	5
ENSG00000235139.2	AC003984.1	chr7	84532476	84584322	5	5	5
ENSG00000235243.1	AC093716.1	chr7	84847877	84848253	5	5	5
ENSG00000232605.2	HMGN2P11	chr7	84876554	84876956	5	5	5
ENSG00000280325.1	AC074183.2	chr7	84939335	84940256	5	5	5
ENSG00000232019.1	AC074183.1	chr7	84939349	84940245	5	5	5
ENSG00000229251.3	HNRNPA1P8	chr7	84983556	84984506	5	5	5
ENSG00000153993.13	SEMA3D	chr7	84995553	85186855	5	5	5
ENSG00000224059.1	HSPA8P16	chr7	85027828	85029692	5	5	5
ENSG00000230614.3	DYNLL1P7	chr7	85381118	85381375	5	5	5
ENSG00000225128.1	LINC00972	chr7	85421122	85489293	5	5	5
ENSG00000227785.1	AC092013.1	chr7	85636013	85636344	5	5	5
ENSG00000236610.1	SOCS5P1	chr7	86216785	86217733	5	5	5
ENSG00000198822.10	GRM3	chr7	86643914	86864884	5	5	5
ENSG00000231255.1	AC005009.1	chr7	86775081	86776022	5	5	5
ENSG00000233073.2	GRM3-AS1	chr7	86782357	86803409	5	5	5
ENSG00000164659.15	ELAPOR2	chr7	86876906	87059654	5	5	5
ENSG00000261462.1	AC004023.1	chr7	87109539	87111282	5	5	5
ENSG00000224046.2	AC005076.1	chr7	87151422	87152420	5	5	5
ENSG00000135164.19	DMTF1	chr7	87152409	87196337	5	5	5
ENSG00000278236.1	AC005076.2	chr7	87184849	87185020	5	5	5
ENSG00000135185.12	TMEM243	chr7	87196160	87220587	5	5	5
ENSG00000200397.1	Y_RNA	chr7	87218611	87218712	5	5	5
ENSG00000182165.18	TP53TG1	chr7	87322943	87345528	5	5	5
ENSG00000273623.1	AC005045.1	chr7	87345082	87345233	5	5	5
ENSG00000276185.1	AC005045.2	chr7	87345305	87345486	5	5	5
ENSG00000005469.12	CROT	chr7	87345664	87399794	5	5	5
ENSG00000005471.19	ABCB4	chr7	87401696	87480435	5	5	5
ENSG00000085563.15	ABCB1	chr7	87503017	87713323	5	5	5
ENSG00000231956.1	HNRNPA1P9	chr7	87521461	87522410	5	5	5
ENSG00000105784.15	RUNDC3B	chr7	87627548	87832296	5	5	5
ENSG00000075303.13	SLC25A40	chr7	87833568	87876360	5	5	5
ENSG00000006634.8	DBF4	chr7	87876216	87909553	5	5	5
ENSG00000008277.14	ADAM22	chr7	87934143	88202889	5	5	5
ENSG00000075142.14	SRI	chr7	88205115	88226993	5	5	5
ENSG00000254003.1	SRI-AS1	chr7	88216660	88219226	5	5	5
ENSG00000228113.7	AC003991.1	chr7	88219359	88304367	5	5	5
ENSG00000127954.13	STEAP4	chr7	88270892	88306894	5	5	5
ENSG00000233420.2	AC002069.2	chr7	88420167	88756725	5	5	5
ENSG00000225701.1	EIF4A1P13	chr7	88448788	88449017	5	5	5
ENSG00000207094.1	AC002069.1	chr7	88449092	88449231	5	5	5
ENSG00000270812.1	AC002069.4	chr7	88455309	88456191	5	5	5
ENSG00000235639.1	AC002069.3	chr7	88512029	88513187	5	5	5
ENSG00000228928.1	KPNA2P2	chr7	88564793	88566281	5	5	5
ENSG00000231763.1	PQLC1P1	chr7	88610241	88610669	5	5	5
ENSG00000237709.1	EEF1A1P28	chr7	88639014	88640416	5	5	5
ENSG00000227979.1	AC002127.1	chr7	88749470	88749694	5	5	5
ENSG00000182348.7	ZNF804B	chr7	88759700	89338528	5	5	5
ENSG00000164645.3	TEX47	chr7	88794106	88795737	5	5	5
ENSG00000227863.3	AC002383.1	chr7	89443946	89496918	5	5	5
ENSG00000239075.1	RNU6-274P	chr7	89754620	89754726	5	5	5
ENSG00000227646.7	STEAP2-AS1	chr7	89882353	90211635	5	5	5
ENSG00000238358.2	AC004969.1	chr7	90119299	90122890	5	5	5
ENSG00000235436.10	DPY19L2P4	chr7	90119400	90125600	5	5	5
ENSG00000164647.9	STEAP1	chr7	90154456	90164829	5	5	5
ENSG00000157214.14	STEAP2	chr7	90167590	90238137	5	5	5
ENSG00000105792.19	CFAP69	chr7	90245174	90311063	5	5	5
ENSG00000207488.1	Y_RNA	chr7	90251923	90252020	5	5	5
ENSG00000234459.1	AC002064.2	chr7	90266034	90270216	5	5	5
ENSG00000225498.1	AC002064.1	chr7	90312496	90322592	5	5	5
ENSG00000283267.1	FAM237B	chr7	90316503	90321308	5	5	5
ENSG00000105793.16	GTPBP10	chr7	90335223	90391453	5	5	5
ENSG00000280440.1	AC002064.3	chr7	90345873	90346218	5	5	5
ENSG00000157224.16	CLDN12	chr7	90383721	90513402	5	5	5
ENSG00000273299.1	AC006153.1	chr7	90403434	90513391	5	5	5
ENSG00000058091.17	CDK14	chr7	90466424	91210590	5	5	5
ENSG00000251154.2	AC002456.2	chr7	90469639	90513397	5	5	5
ENSG00000223969.6	AC002456.1	chr7	90590619	90597353	5	5	5
ENSG00000223584.1	TVP23CP1	chr7	90631906	90632568	5	5	5
ENSG00000286411.1	AC002458.1	chr7	91030149	91033725	5	5	5
ENSG00000226254.1	PTP4A1P3	chr7	91107374	91107793	5	5	5
ENSG00000157240.4	FZD1	chr7	91264433	91271326	5	5	5
ENSG00000243144.7	AC079760.2	chr7	91311368	91515427	5	5	5
ENSG00000225843.1	NIPA2P1	chr7	91320128	91321103	5	5	5
ENSG00000235450.1	AC079760.1	chr7	91380778	91556848	5	5	5
ENSG00000223665.1	AC000058.1	chr7	91638847	91643512	5	5	5
ENSG00000127989.14	MTERF1	chr7	91692008	91880702	5	5	5
ENSG00000287672.1	AC003086.1	chr7	91880791	91886490	5	5	5
ENSG00000127914.18	AKAP9	chr7	91940862	92110673	5	5	5
ENSG00000001630.17	CYP51A1	chr7	92112153	92134803	5	5	5
ENSG00000285772.1	AC000120.2	chr7	92112159	92179511	5	5	5
ENSG00000285953.1	AC000120.3	chr7	92131774	92245924	5	5	5
ENSG00000188693.8	CYP51A1-AS1	chr7	92134604	92180725	5	5	5
ENSG00000240720.9	LRRD1	chr7	92141643	92179531	5	5	5
ENSG00000001631.16	KRIT1	chr7	92198969	92246166	5	5	5
ENSG00000243107.1	AC000120.1	chr7	92200014	92206857	5	5	5
ENSG00000200769.1	Y_RNA	chr7	92202243	92202334	5	5	5
ENSG00000221520.1	MIR1285-1	chr7	92204015	92204098	5	5	5
ENSG00000001629.10	ANKIB1	chr7	92245974	92401383	5	5	5
ENSG00000230927.3	TMBIM7P	chr7	92412550	92447813	5	5	5
ENSG00000270453.1	AC007566.2	chr7	92442077	92442489	5	5	5
ENSG00000157259.8	GATAD1	chr7	92447482	92460075	5	5	5
ENSG00000244055.2	AC007566.1	chr7	92457564	92495601	5	5	5
ENSG00000242950.7	ERVW-1	chr7	92468380	92477986	5	5	5
ENSG00000127980.16	PEX1	chr7	92487020	92528520	5	5	5
ENSG00000127993.16	RBM48	chr7	92528773	92540481	5	5	5
ENSG00000278819.1	AC005156.1	chr7	92540268	92557877	5	5	5
ENSG00000234545.8	FAM133B	chr7	92560758	92590393	5	5	5
ENSG00000105810.10	CDK6	chr7	92604921	92836573	5	5	5
ENSG00000287932.1	AC000065.2	chr7	92638198	92642316	5	5	5
ENSG00000286742.1	AC000065.1	chr7	92647906	92667083	5	5	5
ENSG00000206763.1	RNU6-10P	chr7	92701708	92701814	5	5	5
ENSG00000237819.5	CDK6-AS1	chr7	92836483	92917187	5	5	5
ENSG00000266794.2	RN7SL7P	chr7	92971002	92971299	5	5	5
ENSG00000205413.8	SAMD9	chr7	93099513	93118023	5	5	5
ENSG00000177409.12	SAMD9L	chr7	93130056	93148385	5	5	5
ENSG00000188175.10	HEPACAM2	chr7	93188534	93226469	5	5	5
ENSG00000004766.17	VPS50	chr7	93232340	93361123	5	5	5
ENSG00000004948.16	CALCR	chr7	93424486	93574730	5	5	5
ENSG00000208014.1	MIR653	chr7	93482760	93482855	5	5	5
ENSG00000207656.1	MIR489	chr7	93483936	93484019	5	5	5
ENSG00000127928.13	GNGT1	chr7	93591573	93911265	5	5	5
ENSG00000237729.2	AC002075.2	chr7	93669826	93670077	5	5	5
ENSG00000265423.1	MIR4652	chr7	93716928	93717005	5	5	5
ENSG00000225898.1	AC002075.1	chr7	93777839	93778514	5	5	5
ENSG00000213483.4	NDUFAF4P2	chr7	93844789	93845308	5	5	5
ENSG00000105825.14	TFPI2	chr7	93885396	93890753	5	5	5
ENSG00000234695.1	TFPI2-DT	chr7	93890913	93893601	5	5	5
ENSG00000278388.1	AC002076.1	chr7	93914987	93915108	5	5	5
ENSG00000127920.6	GNG11	chr7	93921735	93928610	5	5	5
ENSG00000278959.1	AC006378.1	chr7	93954044	93956519	5	5	5
ENSG00000105829.13	BET1	chr7	93962762	94004382	5	5	5
ENSG00000236861.6	BET1-AS1	chr7	93969442	94011113	5	5	5
ENSG00000236453.5	AC003092.1	chr7	94022833	94066661	5	5	5
ENSG00000236938.1	AC003092.2	chr7	94071759	94077157	5	5	5
ENSG00000285090.1	AC002074.1	chr7	94278680	94395608	5	5	5
ENSG00000285964.1	AC002074.2	chr7	94311138	94347063	5	5	5
ENSG00000164692.18	COL1A2	chr7	94394895	94431227	5	5	5
ENSG00000222870.1	RNU6-1328P	chr7	94495299	94495404	5	5	5
ENSG00000127995.17	CASD1	chr7	94509219	94557019	5	5	5
ENSG00000127990.19	SGCE	chr7	94524204	94656572	5	5	5
ENSG00000242265.6	PEG10	chr7	94656325	94669695	5	5	5
ENSG00000232385.2	RPS3AP25	chr7	94695027	94695819	5	5	5
ENSG00000239030.1	RNU6-956P	chr7	94712409	94712511	5	5	5
ENSG00000214342.2	ATP5PBP2	chr7	94738652	94739411	5	5	5
ENSG00000230682.1	GRPEL2P3	chr7	94782886	94783525	5	5	5
ENSG00000222220.1	RN7SKP129	chr7	94801514	94801812	5	5	5
ENSG00000219807.2	ARF1P1	chr7	94833904	94834447	5	5	5
ENSG00000158528.12	PPP1R9A	chr7	94907202	95296415	5	5	5
ENSG00000271159.1	HINT1P2	chr7	95018163	95018397	5	5	5
ENSG00000231153.1	AC002429.1	chr7	95018407	95018554	5	5	5
ENSG00000236197.4	PPP1R9A-AS1	chr7	95035731	95214338	5	5	5
ENSG00000201607.1	RNU4-16P	chr7	95098227	95098367	5	5	5
ENSG00000005421.9	PON1	chr7	95297676	95324532	5	5	5
ENSG00000237160.2	AC004022.2	chr7	95348718	95348910	5	5	5
ENSG00000228751.1	AC004022.1	chr7	95350164	95351229	5	5	5
ENSG00000105852.11	PON3	chr7	95359872	95396375	5	5	5
ENSG00000105854.13	PON2	chr7	95404862	95435329	5	5	5
ENSG00000273138.1	AC005021.1	chr7	95416108	95416462	5	5	5
ENSG00000233942.1	AC004012.1	chr7	95471835	95473998	5	5	5
ENSG00000005981.13	ASB4	chr7	95478444	95540233	5	5	5
ENSG00000279525.1	AC002451.2	chr7	95542145	95544542	5	5	5
ENSG00000231170.7	AC002451.1	chr7	95545191	95615132	5	5	5
ENSG00000004799.8	PDK4	chr7	95583499	95596516	5	5	5
ENSG00000158560.14	DYNC1I1	chr7	95772506	96110322	5	5	5
ENSG00000279067.1	AC002540.1	chr7	96118647	96119995	5	5	5
ENSG00000004864.14	SLC25A13	chr7	96120220	96322147	5	5	5
ENSG00000208025.1	MIR591	chr7	96219662	96219756	5	5	5
ENSG00000237551.1	AC096775.1	chr7	96283357	96283804	5	5	5
ENSG00000275834.1	AC084368.1	chr7	96306810	96306874	5	5	5
ENSG00000207045.1	RNU6-532P	chr7	96330638	96330744	5	5	5
ENSG00000207115.1	RNU6-364P	chr7	96341140	96341246	5	5	5
ENSG00000252872.1	RNU7-188P	chr7	96377857	96377920	5	5	5
ENSG00000127922.9	SEM1	chr7	96481626	96709891	5	5	5
ENSG00000227284.2	MARK2P10	chr7	96858182	96859618	5	5	5
ENSG00000244318.3	RN7SL252P	chr7	96940068	96940364	5	5	5
ENSG00000231764.10	DLX6-AS1	chr7	96955141	97014088	5	5	5
ENSG00000274409.1	AC004774.1	chr7	96965302	96965481	5	5	5
ENSG00000277124.1	AC004774.3	chr7	96965489	96965695	5	5	5
ENSG00000006377.11	DLX6	chr7	97005553	97011040	5	5	5
ENSG00000274709.1	AC004774.2	chr7	97013925	97014066	5	5	5
ENSG00000105880.7	DLX5	chr7	97020396	97024950	5	5	5
ENSG00000196636.8	SDHAF3	chr7	97117698	97181763	5	5	5
ENSG00000224551.1	HMGB3P21	chr7	97135015	97135561	5	5	5
ENSG00000224475.1	AC073900.1	chr7	97200708	97201483	5	5	5
ENSG00000226046.1	AP1S2P1	chr7	97437518	97437896	5	5	5
ENSG00000199475.1	RN7SKP104	chr7	97598933	97599260	5	5	5
ENSG00000006128.12	TAC1	chr7	97732084	97740472	5	5	5
ENSG00000070669.17	ASNS	chr7	97851677	97872542	5	5	5
ENSG00000284707.2	AC079781.5	chr7	97851688	97972985	5	5	5
ENSG00000226744.1	AC005326.1	chr7	97870167	97870289	5	5	5
ENSG00000231812.1	SNRPCP9	chr7	97885868	97886074	5	5	5
ENSG00000237818.1	RPS3AP29	chr7	97898347	97899115	5	5	5
ENSG00000231859.1	AC079781.1	chr7	97906429	97906822	5	5	5
ENSG00000232032.1	AC079781.2	chr7	97908256	97908424	5	5	5
ENSG00000284627.1	AC079781.4	chr7	97928082	97928300	5	5	5
ENSG00000232097.1	AC079781.3	chr7	97938439	97938794	5	5	5
ENSG00000238228.1	OR7E7P	chr7	97946987	97947998	5	5	5
ENSG00000266318.1	MIR5692A1	chr7	97963658	97963726	5	5	5
ENSG00000266668.1	MIR5692C2	chr7	97964405	97964481	5	5	5
ENSG00000183444.10	OR7E38P	chr7	97966090	97967074	5	5	5
ENSG00000285725.1	AC004967.2	chr7	97966377	97970404	5	5	5
ENSG00000243554.1	AC004967.1	chr7	97969005	97972254	5	5	5
ENSG00000135175.5	OCM2	chr7	97984684	97991169	5	5	5
ENSG00000277946.1	RN7SL478P	chr7	97998325	97998622	5	5	5
ENSG00000164715.6	LMTK2	chr7	98106862	98209638	5	5	5
ENSG00000180535.4	BHLHA15	chr7	98211439	98215457	5	5	5
ENSG00000205356.10	TECPR1	chr7	98214624	98252232	5	5	5
ENSG00000164713.10	BRI3	chr7	98252379	98310441	5	5	5
ENSG00000006453.14	BAIAP2L1	chr7	98291650	98401090	5	5	5
ENSG00000272950.1	AC093799.1	chr7	98322853	98323430	5	5	5
ENSG00000214389.2	RPS3AP26	chr7	98385801	98386584	5	5	5
ENSG00000213455.3	PPIAP82	chr7	98454119	98454617	5	5	5
ENSG00000223402.1	AC074121.1	chr7	98478551	98479225	5	5	5
ENSG00000106236.4	NPTX2	chr7	98617285	98629869	5	5	5
ENSG00000207204.1	RNU6-393P	chr7	98794718	98794824	5	5	5
ENSG00000166448.15	TMEM130	chr7	98846488	98870771	5	5	5
ENSG00000196367.14	TRRAP	chr7	98877933	99050831	5	5	5
ENSG00000266019.1	MIR3609	chr7	98881650	98881729	5	5	5
ENSG00000286305.1	AC004893.2	chr7	98989867	98993778	5	5	5
ENSG00000238109.1	RNF14P3	chr7	98998538	98999930	5	5	5
ENSG00000198742.10	SMURF1	chr7	99027440	99144108	5	5	5
ENSG00000284840.1	AC004893.1	chr7	99032894	99032940	5	5	5
ENSG00000185467.7	KPNA7	chr7	99173574	99207506	5	5	5
ENSG00000002079.14	MYH16	chr7	99238829	99311130	5	5	5
ENSG00000284523.2	AC004834.1	chr7	99252452	99325826	5	5	5
ENSG00000284292.1	AC004922.1	chr7	99325879	99394653	5	5	5
ENSG00000241685.10	ARPC1A	chr7	99325898	99366262	5	5	5
ENSG00000130429.15	ARPC1B	chr7	99374249	99394816	5	5	5
ENSG00000106244.13	PDAP1	chr7	99392048	99408597	5	5	5
ENSG00000106245.11	BUD31	chr7	99408641	99419616	5	5	5
ENSG00000106246.18	PTCD1	chr7	99416739	99466163	5	5	5
ENSG00000248919.7	ATP5MF-PTCD1	chr7	99419749	99466197	5	5	5
ENSG00000160917.15	CPSF4	chr7	99438922	99457373	5	5	5
ENSG00000228335.1	AC073063.1	chr7	99442890	99443496	5	5	5
ENSG00000241468.8	ATP5MF	chr7	99448475	99466186	5	5	5
ENSG00000198556.14	ZNF789	chr7	99472890	99503650	5	5	5
ENSG00000160908.15	ZNF394	chr7	99473877	99504857	5	5	5
ENSG00000196652.12	ZKSCAN5	chr7	99504662	99534700	5	5	5
ENSG00000221909.3	FAM200A	chr7	99546300	99558536	5	5	5
ENSG00000197343.11	ZNF655	chr7	99558406	99576453	5	5	5
ENSG00000272647.3	AC005020.2	chr7	99558695	99607810	5	5	5
ENSG00000244219.7	TMEM225B	chr7	99598267	99611045	5	5	5
ENSG00000197037.11	ZSCAN25	chr7	99616946	99632408	5	5	5
ENSG00000224448.1	AC005020.1	chr7	99638242	99638767	5	5	5
ENSG00000106258.15	CYP3A5	chr7	99648194	99679998	5	5	5
ENSG00000282301.3	CYP3A7-CYP3A51P	chr7	99684957	99735102	5	5	5
ENSG00000282277.1	CYP3A51P	chr7	99685145	99700034	5	5	5
ENSG00000160870.15	CYP3A7	chr7	99705036	99735196	5	5	5
ENSG00000160868.15	CYP3A4	chr7	99756960	99784248	5	5	5
ENSG00000273407.1	AC069294.1	chr7	99766543	99766892	5	5	5
ENSG00000261511.1	CYP3A137P	chr7	99820018	99820086	5	5	5
ENSG00000021461.17	CYP3A43	chr7	99828013	99866102	5	5	5
ENSG00000260445.1	AC011904.1	chr7	99869841	99869894	5	5	5
ENSG00000260524.1	CYP3A52P	chr7	99872168	99872258	5	5	5
ENSG00000244623.1	OR2AE1	chr7	99875987	99877057	5	5	5
ENSG00000146833.16	TRIM4	chr7	99876958	99919531	5	5	5
ENSG00000176402.6	GJC3	chr7	99923266	99929620	5	5	5
ENSG00000237640.1	AC004522.3	chr7	99929392	99948620	5	5	5
ENSG00000199711.1	Y_RNA	chr7	99936610	99936711	5	5	5
ENSG00000222966.1	AC004522.1	chr7	99952033	99952158	5	5	5
ENSG00000160862.13	AZGP1	chr7	99966720	99976042	5	5	5
ENSG00000286921.1	AC004522.4	chr7	99974976	99979233	5	5	5
ENSG00000214313.8	AZGP1P1	chr7	99980762	99987535	5	5	5
ENSG00000235713.1	AC004522.2	chr7	99992397	99993050	5	5	5
ENSG00000286923.1	AC004522.5	chr7	99997690	100011634	5	5	5
ENSG00000106261.17	ZKSCAN1	chr7	100015572	100041689	5	5	5
ENSG00000166529.15	ZSCAN21	chr7	100049774	100065040	5	5	5
ENSG00000166526.18	ZNF3	chr7	100064033	100082548	5	5	5
ENSG00000168090.10	COPS6	chr7	100088969	100092187	5	5	5
ENSG00000166508.18	MCM7	chr7	100092728	100101940	5	5	5
ENSG00000207547.1	MIR25	chr7	100093560	100093643	5	5	5
ENSG00000207757.1	MIR93	chr7	100093768	100093847	5	5	5
ENSG00000208036.1	MIR106B	chr7	100093993	100094074	5	5	5
ENSG00000221838.10	AP4M1	chr7	100101549	100110345	5	5	5
ENSG00000106290.15	TAF6	chr7	100107070	100119841	5	5	5
ENSG00000242798.1	AC073842.2	chr7	100115214	100127139	5	5	5
ENSG00000166997.8	CNPY4	chr7	100119634	100125508	5	5	5
ENSG00000214309.5	MBLAC1	chr7	100126785	100128495	5	5	5
ENSG00000235077.1	AC073842.1	chr7	100130964	100140439	5	5	5
ENSG00000214142.2	RPL7P60	chr7	100139629	100140682	5	5	5
ENSG00000188186.10	LAMTOR4	chr7	100148907	100155944	5	5	5
ENSG00000146826.17	MAP11	chr7	100154420	100158723	5	5	5
ENSG00000284518.1	MIR4658	chr7	100156605	100156669	5	5	5
ENSG00000197093.11	GAL3ST4	chr7	100159244	100168617	5	5	5
ENSG00000213420.8	GPC2	chr7	100169606	100177381	5	5	5
ENSG00000066923.17	STAG3	chr7	100177563	100221488	5	5	5
ENSG00000239521.9	CASTOR3	chr7	100200653	100272218	5	5	5
ENSG00000213413.2	PVRIG	chr7	100218241	100221490	5	5	5
ENSG00000214300.7	SPDYE3	chr7	100307702	100322196	5	5	5
ENSG00000078319.10	PMS2P1	chr7	100319222	100336307	5	5	5
ENSG00000201913.1	Y_RNA	chr7	100330777	100330877	5	5	5
ENSG00000242294.6	STAG3L5P	chr7	100336079	100351900	5	5	5
ENSG00000272752.6	STAG3L5P-PVRIG2P-PILRB	chr7	100336104	100367831	5	5	5
ENSG00000121716.20	PILRB	chr7	100352176	100367733	5	5	5
ENSG00000235333.3	PVRIG2P	chr7	100352360	100353692	5	5	5
ENSG00000284012.1	MIR6840	chr7	100356651	100356721	5	5	5
ENSG00000085514.16	PILRA	chr7	100367530	100400096	5	5	5
ENSG00000287631.1	AC005071.1	chr7	100388809	100398366	5	5	5
ENSG00000078487.17	ZCWPW1	chr7	100400826	100428992	5	5	5
ENSG00000146834.14	MEPCE	chr7	100428790	100434118	5	5	5
ENSG00000241357.1	AC092849.1	chr7	100435257	100436510	5	5	5
ENSG00000160813.7	PPP1R35	chr7	100435282	100436497	5	5	5
ENSG00000240211.1	PPP1R35-AS1	chr7	100436204	100438504	5	5	5
ENSG00000185955.5	C7orf61	chr7	100456620	100464260	5	5	5
ENSG00000166925.9	TSC22D4	chr7	100463359	100479232	5	5	5
ENSG00000286938.1	AC092849.2	chr7	100482221	100483833	5	5	5
ENSG00000166924.9	NYAP1	chr7	100483927	100494802	5	5	5
ENSG00000225807.2	AC069281.1	chr7	100509416	100520205	5	5	5
ENSG00000242101.3	RN7SL416P	chr7	100530362	100530659	5	5	5
ENSG00000106351.13	AGFG2	chr7	100539203	100568220	5	5	5
ENSG00000184414.2	IRS3P	chr7	100570131	100571136	5	5	5
ENSG00000205307.12	SAP25	chr7	100572228	100573900	5	5	5
ENSG00000274272.1	AC069281.2	chr7	100572232	100578700	5	5	5
ENSG00000077454.16	LRCH4	chr7	100574011	100586129	5	5	5
ENSG00000106336.13	FBXO24	chr7	100583982	100601117	5	5	5
ENSG00000224729.6	PCOLCE-AS1	chr7	100589402	100604206	5	5	5
ENSG00000106333.13	PCOLCE	chr7	100602363	100608175	5	5	5
ENSG00000106330.12	MOSPD3	chr7	100612102	100615384	5	5	5
ENSG00000106327.13	TFR2	chr7	100620416	100642779	5	5	5
ENSG00000077080.10	ACTL6B	chr7	100643097	100656448	5	5	5
ENSG00000172354.10	GNB2	chr7	100673567	100679174	5	5	5
ENSG00000146830.11	GIGYF1	chr7	100679507	100694250	5	5	5
ENSG00000172336.5	POP7	chr7	100706121	100707486	5	5	5
ENSG00000130427.3	EPO	chr7	100720468	100723700	5	5	5
ENSG00000146839.19	ZAN	chr7	100733595	100797797	5	5	5
ENSG00000196411.10	EPHB4	chr7	100802565	100827523	5	5	5
ENSG00000263672.2	RN7SL750P	chr7	100821027	100821264	5	5	5
ENSG00000146828.18	SLC12A9	chr7	100826820	100867010	5	5	5
ENSG00000236305.1	SLC12A9-AS1	chr7	100837314	100852616	5	5	5
ENSG00000087077.14	TRIP6	chr7	100867387	100873454	5	5	5
ENSG00000283821.1	MIR6875	chr7	100868036	100868107	5	5	5
ENSG00000087087.20	SRRT	chr7	100875103	100888664	5	5	5
ENSG00000176125.7	UFSP1	chr7	100888721	100889715	5	5	5
ENSG00000087085.16	ACHE	chr7	100889994	100896974	5	5	5
ENSG00000239825.3	RN7SL549P	chr7	100906291	100906572	5	5	5
ENSG00000235926.1	RPS29P15	chr7	100928370	100928540	5	5	5
ENSG00000169894.18	MUC3A	chr7	100949534	100968347	5	5	5
ENSG00000274993.1	AC254629.1	chr7	100963828	100968124	5	5	5
ENSG00000205277.9	MUC12	chr7	100969623	101018949	5	5	5
ENSG00000227053.1	MUC12-AS1	chr7	101014320	101017608	5	5	5
ENSG00000169876.14	MUC17	chr7	101020072	101058859	5	5	5
ENSG00000222636.1	RN7SKP54	chr7	101058299	101058567	5	5	5
ENSG00000169871.13	TRIM56	chr7	101085481	101097967	5	5	5
ENSG00000106366.9	SERPINE1	chr7	101127104	101139247	5	5	5
ENSG00000106367.15	AP1S1	chr7	101154456	101161596	5	5	5
ENSG00000264425.1	MIR4653	chr7	101159473	101159555	5	5	5
ENSG00000128564.7	VGF	chr7	101162509	101165569	5	5	5
ENSG00000167011.9	NAT16	chr7	101170496	101180293	5	5	5
ENSG00000106384.12	MOGAT3	chr7	101195007	101201038	5	5	5
ENSG00000205267.5	DGAT2L7P	chr7	101201809	101203526	5	5	5
ENSG00000213394.3	RPSAP46	chr7	101203614	101204495	5	5	5
ENSG00000106397.12	PLOD3	chr7	101205977	101218420	5	5	5
ENSG00000106400.12	ZNHIT1	chr7	101218165	101224190	5	5	5
ENSG00000106404.14	CLDN15	chr7	101232092	101238820	5	5	5
ENSG00000214253.9	FIS1	chr7	101239458	101252316	5	5	5
ENSG00000207454.1	RNU6-1104P	chr7	101269938	101270041	5	5	5
ENSG00000278683.1	AC006329.1	chr7	101273322	101273715	5	5	5
ENSG00000214252.4	AZGP1P2	chr7	101287482	101289771	5	5	5
ENSG00000232301.2	LNCPRESS1	chr7	101299578	101301346	5	5	5
ENSG00000232445.2	EMSLR	chr7	101308270	101314800	5	5	5
ENSG00000128581.17	IFT22	chr7	101310914	101321823	5	5	5
ENSG00000160963.14	COL26A1	chr7	101362875	101559024	5	5	5
ENSG00000233683.1	AC004965.1	chr7	101388868	101389080	5	5	5
ENSG00000233123.1	LINC01007	chr7	101562779	101569006	5	5	5
ENSG00000106436.7	MYL10	chr7	101613330	101629296	5	5	5
ENSG00000257923.12	CUX1	chr7	101815904	102283958	5	5	5
ENSG00000259294.1	AC005096.1	chr7	101822247	101824729	5	5	5
ENSG00000272219.1	AC005072.1	chr7	101960116	101961894	5	5	5
ENSG00000261535.1	AC005086.2	chr7	102153355	102154463	5	5	5
ENSG00000280404.1	AC005086.5	chr7	102161120	102161337	5	5	5
ENSG00000280004.1	AC005086.4	chr7	102186819	102187039	5	5	5
ENSG00000279724.1	AC005086.3	chr7	102188599	102188828	5	5	5
ENSG00000252824.1	AC005086.1	chr7	102194076	102194164	5	5	5
ENSG00000278586.1	AC005088.1	chr7	102264706	102264979	5	5	5
ENSG00000160999.10	SH2B2	chr7	102285091	102321711	5	5	5
ENSG00000264675.1	MIR4285	chr7	102293103	102293187	5	5	5
ENSG00000170409.7	AC091390.1	chr7	102327256	102329530	5	5	5
ENSG00000200552.1	Y_RNA	chr7	102336869	102336970	5	5	5
ENSG00000228546.2	PMS2P12	chr7	102337316	102339115	5	5	5
ENSG00000260097.3	SPDYE6	chr7	102345746	102356444	5	5	5
ENSG00000128563.13	PRKRIP1	chr7	102363872	102426676	5	5	5
ENSG00000239969.5	AC091390.3	chr7	102364162	102380633	5	5	5
ENSG00000239486.1	AC091390.2	chr7	102380465	102382737	5	5	5
ENSG00000221510.1	MIR548O	chr7	102405742	102405855	5	5	5
ENSG00000239480.1	AC073517.1	chr7	102426818	102434780	5	5	5
ENSG00000160991.16	ORAI2	chr7	102433106	102456825	5	5	5
ENSG00000160993.4	ALKBH4	chr7	102456238	102464863	5	5	5
ENSG00000161036.13	LRWD1	chr7	102464956	102473168	5	5	5
ENSG00000284176.1	MIR5090	chr7	102465742	102465826	5	5	5
ENSG00000284596.1	MIR4467	chr7	102471469	102471531	5	5	5
ENSG00000005075.15	POLR2J	chr7	102473118	102478907	5	5	5
ENSG00000170667.15	RASA4B	chr7	102479976	102517777	5	5	5
ENSG00000168255.20	POLR2J3	chr7	102537918	102572653	5	5	5
ENSG00000284981.1	UPK3BL2	chr7	102538417	102543849	5	5	5
ENSG00000270249.2	AC093668.1	chr7	102541501	102592444	5	5	5
ENSG00000205238.9	SPDYE2	chr7	102551232	102562308	5	5	5
ENSG00000285437.1	POLR2J3	chr7	102562133	102572583	5	5	5
ENSG00000105808.18	RASA4	chr7	102573807	102616756	5	5	5
ENSG00000279168.2	AC105052.4	chr7	102579104	102679295	5	5	5
ENSG00000205236.6	AC105052.1	chr7	102582523	102642869	5	5	5
ENSG00000267368.1	UPK3BL1	chr7	102637025	102642791	5	5	5
ENSG00000267645.5	AC105052.3	chr7	102637049	102671641	5	5	5
ENSG00000173678.14	SPDYE2B	chr7	102650325	102661398	5	5	5
ENSG00000228049.7	POLR2J2	chr7	102665368	102671629	5	5	5
ENSG00000233297.4	RASA4DP	chr7	102681836	102690469	5	5	5
ENSG00000286830.1	AC105052.5	chr7	102699228	102748695	5	5	5
ENSG00000222011.9	FAM185A	chr7	102748971	102809225	5	5	5
ENSG00000213385.3	AC105052.2	chr7	102755146	102755939	5	5	5
ENSG00000161040.16	FBXL13	chr7	102813230	103074843	5	5	5
ENSG00000252643.1	RNU6-1136P	chr7	102834605	102834708	5	5	5
ENSG00000238324.1	RN7SKP198	chr7	102857450	102857755	5	5	5
ENSG00000128606.13	LRRC17	chr7	102913000	102945111	5	5	5
ENSG00000230257.5	NFE4	chr7	102973522	102988856	5	5	5
ENSG00000236226.1	AC073127.1	chr7	103030104	103031354	5	5	5
ENSG00000170632.14	ARMC10	chr7	103074881	103099759	5	5	5
ENSG00000233025.1	CRYZP1	chr7	103088664	103089610	5	5	5
ENSG00000161048.11	NAPEPLD	chr7	103099776	103149560	5	5	5
ENSG00000224415.1	AC007683.1	chr7	103141349	103141939	5	5	5
ENSG00000236848.2	RPL23AP95	chr7	103152007	103152325	5	5	5
ENSG00000279482.1	AC007683.3	chr7	103161947	103162660	5	5	5
ENSG00000170629.14	DPY19L2P2	chr7	103175133	103280410	5	5	5
ENSG00000237632.3	S100A11P1	chr7	103262000	103262311	5	5	5
ENSG00000105819.14	PMPCB	chr7	103297435	103329511	5	5	5
ENSG00000105821.15	DNAJC2	chr7	103312289	103344830	5	5	5
ENSG00000161057.13	PSMC2	chr7	103328570	103370346	5	5	5
ENSG00000235354.1	RPS29P16	chr7	103348601	103348771	5	5	5
ENSG00000170615.15	SLC26A5	chr7	103352730	103446207	5	5	5
ENSG00000251852.1	Y_RNA	chr7	103433461	103433561	5	5	5
ENSG00000252047.1	Y_RNA	chr7	103434994	103435092	5	5	5
ENSG00000234715.2	AC005064.1	chr7	103445207	103514007	5	5	5
ENSG00000189056.14	RELN	chr7	103471784	103989658	5	5	5
ENSG00000222386.1	RN7SKP86	chr7	103484208	103484539	5	5	5
ENSG00000164815.11	ORC5	chr7	104126341	104208047	5	5	5
ENSG00000187416.12	LHFPL3	chr7	104328700	104907232	5	5	5
ENSG00000197258.5	EIF4BP6	chr7	104667749	104669576	5	5	5
ENSG00000226869.6	LHFPL3-AS1	chr7	104738597	104804107	5	5	5
ENSG00000237606.2	AC091286.1	chr7	104826336	104826796	5	5	5
ENSG00000225329.3	LHFPL3-AS2	chr7	104894628	104926645	5	5	5
ENSG00000243352.3	RN7SL8P	chr7	104911928	104912193	5	5	5
ENSG00000237513.2	AC007384.1	chr7	104940943	105000713	5	5	5
ENSG00000228393.4	LINC01004	chr7	104950315	105013044	5	5	5
ENSG00000239569.3	KMT2E-AS1	chr7	105013425	105014321	5	5	5
ENSG00000005483.21	KMT2E	chr7	105014190	105115019	5	5	5
ENSG00000272918.1	AC005070.3	chr7	105102838	105105483	5	5	5
ENSG00000135250.17	SRPK2	chr7	105110704	105399308	5	5	5
ENSG00000270764.1	AC005070.1	chr7	105189190	105189814	5	5	5
ENSG00000271482.1	AC005070.2	chr7	105204600	105204859	5	5	5
ENSG00000213361.2	AC004884.1	chr7	105244652	105244970	5	5	5
ENSG00000244490.1	RWDD4P1	chr7	105301522	105302086	5	5	5
ENSG00000242154.1	AC004884.2	chr7	105304277	105306642	5	5	5
ENSG00000201179.1	RNU6-1322P	chr7	105332790	105332896	5	5	5
ENSG00000091127.14	PUS7	chr7	105439661	105522271	5	5	5
ENSG00000223886.3	AC073073.1	chr7	105530209	105530671	5	5	5
ENSG00000135249.8	RINT1	chr7	105532169	105567677	5	5	5
ENSG00000185055.11	EFCAB10	chr7	105565120	105600875	5	5	5
ENSG00000272604.1	AC073073.2	chr7	105571083	105573660	5	5	5
ENSG00000231167.3	YBX1P2	chr7	105582258	105583256	5	5	5
ENSG00000146776.14	ATXN7L1	chr7	105605067	105876604	5	5	5
ENSG00000226624.1	AC005099.1	chr7	105819492	105820101	5	5	5
ENSG00000128536.16	CDHR3	chr7	105876796	106036432	5	5	5
ENSG00000280439.1	AC004836.1	chr7	106035798	106036431	5	5	5
ENSG00000008282.9	SYPL1	chr7	106090505	106112576	5	5	5
ENSG00000242562.1	DCAF13P1	chr7	106125371	106126700	5	5	5
ENSG00000201796.1	RNU6-392P	chr7	106208167	106208267	5	5	5
ENSG00000105835.12	NAMPT	chr7	106248298	106286326	5	5	5
ENSG00000273320.1	AC007032.1	chr7	106285480	106286326	5	5	5
ENSG00000243438.1	LARP1BP2	chr7	106315225	106315743	5	5	5
ENSG00000243797.6	AC004917.1	chr7	106372251	106770207	5	5	5
ENSG00000286076.1	AC005050.3	chr7	106425278	106511544	5	5	5
ENSG00000267052.3	AC005050.1	chr7	106569876	106598908	5	5	5
ENSG00000286013.1	AC005050.2	chr7	106624072	106628696	5	5	5
ENSG00000253276.4	CCDC71L	chr7	106654360	106661158	5	5	5
ENSG00000228742.11	LINC02577	chr7	106774955	106838480	5	5	5
ENSG00000251978.1	RNA5SP236	chr7	106781600	106781715	5	5	5
ENSG00000105851.11	PIK3CG	chr7	106865278	106908980	5	5	5
ENSG00000005249.13	PRKAR2B	chr7	107044705	107161811	5	5	5
ENSG00000243193.4	PRKAR2B-AS1	chr7	107066591	107133733	5	5	5
ENSG00000105856.14	HBP1	chr7	107168961	107202522	5	5	5
ENSG00000272072.1	AC004492.1	chr7	107192559	107193300	5	5	5
ENSG00000164597.15	COG5	chr7	107201372	107564261	5	5	5
ENSG00000228341.1	AC002381.1	chr7	107450083	107450362	5	5	5
ENSG00000172209.6	GPR22	chr7	107470018	107475684	5	5	5
ENSG00000105865.11	DUS4L	chr7	107563484	107578523	5	5	5
ENSG00000288558.2	DUS4L-BCAP29	chr7	107563971	107623317	5	5	5
ENSG00000272854.1	AC004839.2	chr7	107579557	107580057	5	5	5
ENSG00000075790.12	BCAP29	chr7	107580246	107629170	5	5	5
ENSG00000238832.1	AC004839.1	chr7	107603363	107603507	5	5	5
ENSG00000250474.2	WBP1LP2	chr7	107628553	107629550	5	5	5
ENSG00000225935.1	BANF1P5	chr7	107642765	107643023	5	5	5
ENSG00000233705.7	SLC26A4-AS1	chr7	107650260	107662204	5	5	5
ENSG00000091137.14	SLC26A4	chr7	107660828	107717809	5	5	5
ENSG00000241764.4	AC002467.1	chr7	107739999	107744581	5	5	5
ENSG00000105879.12	CBLL1	chr7	107743949	107761667	5	5	5
ENSG00000091138.13	SLC26A3	chr7	107765467	107803225	5	5	5
ENSG00000229626.1	PIGCP2	chr7	107808734	107809568	5	5	5
ENSG00000091140.14	DLD	chr7	107891162	107931730	5	5	5
ENSG00000091136.15	LAMB1	chr7	107923799	108003213	5	5	5
ENSG00000273055.1	AC005046.1	chr7	107942116	107942740	5	5	5
ENSG00000238297.2	U3	chr7	107999791	107999982	5	5	5
ENSG00000091128.13	LAMB4	chr7	108023548	108130361	5	5	5
ENSG00000091129.21	NRCAM	chr7	108147623	108456717	5	5	5
ENSG00000135241.17	PNPLA8	chr7	108470417	108569666	5	5	5
ENSG00000231006.1	RPL7P32	chr7	108510233	108510976	5	5	5
ENSG00000177683.14	THAP5	chr7	108554543	108569750	5	5	5
ENSG00000128590.5	DNAJB9	chr7	108569867	108574850	5	5	5
ENSG00000225647.2	AC005487.1	chr7	108598352	108639349	5	5	5
ENSG00000270425.1	AC002487.1	chr7	108720608	108721601	5	5	5
ENSG00000205174.4	C7orf66	chr7	108883975	108884587	5	5	5
ENSG00000279043.1	AC004014.2	chr7	108900105	108905226	5	5	5
ENSG00000229603.1	AC004014.1	chr7	108909453	108952666	5	5	5
ENSG00000227968.1	BUB3P1	chr7	108994031	108995029	5	5	5
ENSG00000230941.1	AC002386.1	chr7	109322320	109326315	5	5	5
ENSG00000234273.1	AC073071.1	chr7	109521981	109597166	5	5	5
ENSG00000230192.1	AC073387.1	chr7	109660094	109660802	5	5	5
ENSG00000271368.1	AC073387.2	chr7	109763574	109764357	5	5	5
ENSG00000237064.1	EIF3IP1	chr7	109959218	109960184	5	5	5
ENSG00000232199.1	RPL3P8	chr7	109998434	109999624	5	5	5
ENSG00000226965.2	AC073114.1	chr7	110108031	110534757	5	5	5
ENSG00000278424.1	AC073114.2	chr7	110215891	110216380	5	5	5
ENSG00000287186.1	AC073326.2	chr7	110590082	110592204	5	5	5
ENSG00000184903.10	IMMP2L	chr7	110662644	111562517	5	5	5
ENSG00000228540.1	AC073326.1	chr7	110724159	110725825	5	5	5
ENSG00000173114.13	LRRN3	chr7	111091006	111125454	5	5	5
ENSG00000243621.1	AC003989.2	chr7	111394875	111395043	5	5	5
ENSG00000227948.4	AC003989.1	chr7	111411319	111411883	5	5	5
ENSG00000128512.23	DOCK4	chr7	111726110	112206407	5	5	5
ENSG00000287011.1	AC003077.1	chr7	111757051	111762216	5	5	5
ENSG00000225572.1	DOCK4-AS1	chr7	111808516	111821773	5	5	5
ENSG00000222346.1	RNA5SP237	chr7	111953653	111953765	5	5	5
ENSG00000234358.1	AC003080.1	chr7	111971222	111971988	5	5	5
ENSG00000198839.10	ZNF277	chr7	112206695	112343934	5	5	5
ENSG00000202406.1	RN7SKP187	chr7	112288623	112288952	5	5	5
ENSG00000226851.1	AC004112.1	chr7	112328189	112409623	5	5	5
ENSG00000230999.1	MTND5P8	chr7	112372647	112373729	5	5	5
ENSG00000232922.1	MTND6P24	chr7	112373733	112374250	5	5	5
ENSG00000236232.1	MTCYBP24	chr7	112374324	112375429	5	5	5
ENSG00000006652.15	IFRD1	chr7	112422887	112481017	5	5	5
ENSG00000180019.6	AC079741.1	chr7	112446086	112446375	5	5	5
ENSG00000288640.1	AC005192.1	chr7	112450460	112490941	5	5	5
ENSG00000288634.1	AC079741.2	chr7	112450487	112450645	5	5	5
ENSG00000181016.9	LSMEM1	chr7	112480853	112491062	5	5	5
ENSG00000182965.6	NPM1P14	chr7	112520488	112521670	5	5	5
ENSG00000223646.2	AC002463.1	chr7	112616440	112896625	5	5	5
ENSG00000225358.1	MIPEPP1	chr7	112735166	112738693	5	5	5
ENSG00000146802.13	TMEM168	chr7	112762377	112790423	5	5	5
ENSG00000164603.12	BMT2	chr7	112819147	112939875	5	5	5
ENSG00000234520.6	HRAT17	chr7	112953282	112995677	5	5	5
ENSG00000279288.1	AC073346.2	chr7	113075124	113077181	5	5	5
ENSG00000164604.13	GPR85	chr7	113078331	113087778	5	5	5
ENSG00000225457.1	AC073346.1	chr7	113100663	113146330	5	5	5
ENSG00000214194.9	SMIM30	chr7	113116718	113118560	5	5	5
ENSG00000270997.1	AC073137.1	chr7	113415689	113416322	5	5	5
ENSG00000278894.1	AC073348.1	chr7	113451072	113451402	5	5	5
ENSG00000287592.1	AC073348.2	chr7	113486407	113494870	5	5	5
ENSG00000154415.8	PPP1R3A	chr7	113876777	114075920	5	5	5
ENSG00000128573.26	FOXP2	chr7	114086327	114693772	5	5	5
ENSG00000236580.1	AC073626.2	chr7	114297114	114297429	5	5	5
ENSG00000224595.1	AC073626.1	chr7	114414244	114419875	5	5	5
ENSG00000282859.1	AC003992.1	chr7	114560961	114561517	5	5	5
ENSG00000202334.1	RNA5SP238	chr7	114613787	114613906	5	5	5
ENSG00000272230.1	MIR3666	chr7	114653345	114653455	5	5	5
ENSG00000135272.12	MDFIC	chr7	114922359	115019202	5	5	5
ENSG00000225535.7	LINC01393	chr7	115030564	115126314	5	5	5
ENSG00000233607.1	LINC01392	chr7	115061537	115231355	5	5	5
ENSG00000226962.1	RAC1P6	chr7	115136475	115137220	5	5	5
ENSG00000199764.1	Y_RNA	chr7	115207894	115207996	5	5	5
ENSG00000244565.1	POLR2DP2	chr7	115503367	115504081	5	5	5
ENSG00000202377.1	SNORA25B	chr7	115581315	115581442	5	5	5
ENSG00000242072.1	AC092590.1	chr7	115647461	115676329	5	5	5
ENSG00000240973.1	AC093714.1	chr7	115679345	115682618	5	5	5
ENSG00000243345.1	AC093714.2	chr7	115789729	115791049	5	5	5
ENSG00000199224.1	Y_RNA	chr7	115833273	115833373	5	5	5
ENSG00000105967.16	TFEC	chr7	115935148	116159896	5	5	5
ENSG00000279086.1	AC073130.3	chr7	116209234	116211511	5	5	5
ENSG00000135269.18	TES	chr7	116210506	116258783	5	5	5
ENSG00000243243.5	AC073130.2	chr7	116237929	116327896	5	5	5
ENSG00000237813.4	AC002066.1	chr7	116238260	116499465	5	5	5
ENSG00000237870.6	AC073130.1	chr7	116275606	116286734	5	5	5
ENSG00000105971.15	CAV2	chr7	116287380	116508541	5	5	5
ENSG00000213167.3	Metazoa_SRP	chr7	116320751	116321031	5	5	5
ENSG00000105974.13	CAV1	chr7	116524994	116561179	5	5	5
ENSG00000235427.1	AC006159.1	chr7	116542718	116551969	5	5	5
ENSG00000243220.1	AC006159.2	chr7	116563594	116571234	5	5	5
ENSG00000231210.3	COMETT	chr7	116563594	116663829	5	5	5
ENSG00000105976.16	MET	chr7	116672196	116798377	5	5	5
ENSG00000198898.14	CAPZA2	chr7	116811070	116922049	5	5	5
ENSG00000235945.1	AC002543.1	chr7	116873454	116876376	5	5	5
ENSG00000252115.1	Y_RNA	chr7	116909877	116909964	5	5	5
ENSG00000222150.1	RNA5SP239	chr7	116944286	116944414	5	5	5
ENSG00000227199.1	ST7-AS1	chr7	116952446	116954334	5	5	5
ENSG00000275359.1	AC106873.5	chr7	116952698	116952813	5	5	5
ENSG00000277583.1	AC106873.7	chr7	116953214	116953324	5	5	5
ENSG00000004866.22	ST7	chr7	116953238	117230176	5	5	5
ENSG00000214188.9	ST7-OT4	chr7	116953899	117098806	5	5	5
ENSG00000288635.1	AC106873.8	chr7	116954391	117119719	5	5	5
ENSG00000273596.1	AC106873.3	chr7	116954480	116954679	5	5	5
ENSG00000273571.1	AC106873.2	chr7	116954983	116955154	5	5	5
ENSG00000276100.1	AC106873.6	chr7	116956431	116956723	5	5	5
ENSG00000274606.1	AC106873.4	chr7	116959593	116959805	5	5	5
ENSG00000228368.1	AC106873.1	chr7	116965846	116967472	5	5	5
ENSG00000213050.5	TPM3P1	chr7	116972165	116972911	5	5	5
ENSG00000283923.1	MIR6132	chr7	117020211	117020319	5	5	5
ENSG00000226367.6	ST7-AS2	chr7	117072072	117146480	5	5	5
ENSG00000287829.1	AC002542.6	chr7	117091678	117097262	5	5	5
ENSG00000274344.1	AC002542.2	chr7	117117912	117117983	5	5	5
ENSG00000275054.1	AC002542.3	chr7	117184126	117184199	5	5	5
ENSG00000227532.1	AC002542.1	chr7	117187548	117187740	5	5	5
ENSG00000278526.1	AC002542.5	chr7	117190133	117190269	5	5	5
ENSG00000278482.1	AC002542.4	chr7	117191647	117191761	5	5	5
ENSG00000230785.2	AC006326.1	chr7	117262918	117264888	5	5	5
ENSG00000224042.2	MTND4P6	chr7	117263917	117264388	5	5	5
ENSG00000230605.1	MTCYBP6	chr7	117264393	117264530	5	5	5
ENSG00000105989.10	WNT2	chr7	117275451	117323152	5	5	5
ENSG00000001626.16	CFTR	chr7	117287120	117715971	5	5	5
ENSG00000286390.1	AC002465.1	chr7	117332761	117350096	5	5	5
ENSG00000154438.8	ASZ1	chr7	117363222	117428123	5	5	5
ENSG00000214684.2	ANKRD49P4	chr7	117439982	117440780	5	5	5
ENSG00000237974.1	AC000111.2	chr7	117487737	117487929	5	5	5
ENSG00000232661.1	CFTR-AS1	chr7	117560733	117564676	5	5	5
ENSG00000234001.1	AC000111.1	chr7	117586207	117586416	5	5	5
ENSG00000083622.8	AC000061.1	chr7	117604791	117647415	5	5	5
ENSG00000077063.11	CTTNBP2	chr7	117710651	117874139	5	5	5
ENSG00000224136.1	AC007568.1	chr7	117882859	117883675	5	5	5
ENSG00000234826.1	AC003084.1	chr7	117998858	118004045	5	5	5
ENSG00000128534.8	LSM8	chr7	118184144	118204035	5	5	5
ENSG00000106013.15	ANKRD7	chr7	118214669	118496171	5	5	5
ENSG00000287827.1	AC002529.1	chr7	118511942	118513830	5	5	5
ENSG00000229982.1	GTF3AP6	chr7	118880103	118881288	5	5	5
ENSG00000230520.1	AC092098.1	chr7	118950386	118951259	5	5	5
ENSG00000270516.1	AC079791.1	chr7	119178177	119179149	5	5	5
ENSG00000225546.6	LINC02476	chr7	119495024	119907397	5	5	5
ENSG00000271739.1	RNU1-29P	chr7	120005976	120006101	5	5	5
ENSG00000233417.2	AC004946.1	chr7	120141016	120227213	5	5	5
ENSG00000233969.2	AC004946.2	chr7	120166443	120186064	5	5	5
ENSG00000184408.10	KCND2	chr7	120273175	120750337	5	5	5
ENSG00000252023.1	RNU6-581P	chr7	120672871	120672975	5	5	5
ENSG00000231295.1	AC004888.1	chr7	120746738	120752514	5	5	5
ENSG00000106025.9	TSPAN12	chr7	120787320	120858402	5	5	5
ENSG00000071243.16	ING3	chr7	120950763	120977216	5	5	5
ENSG00000202225.1	RNA5SP240	chr7	120981426	120981553	5	5	5
ENSG00000106034.18	CPED1	chr7	120988697	121297442	5	5	5
ENSG00000234927.1	HMGN1P18	chr7	121050927	121051203	5	5	5
ENSG00000212628.1	RNA5SP241	chr7	121083700	121083813	5	5	5
ENSG00000207090.1	RNU6-517P	chr7	121194948	121195057	5	5	5
ENSG00000287554.1	AC006364.1	chr7	121304657	121309842	5	5	5
ENSG00000002745.13	WNT16	chr7	121325367	121341104	5	5	5
ENSG00000196937.11	FAM3C	chr7	121348878	121396364	5	5	5
ENSG00000213310.3	CYCSP19	chr7	121398452	121398767	5	5	5
ENSG00000227371.1	AC074085.1	chr7	121419072	121419845	5	5	5
ENSG00000234985.2	AC074085.2	chr7	121440834	121441261	5	5	5
ENSG00000227743.2	AC004875.1	chr7	121643334	121686363	5	5	5
ENSG00000252704.1	RN7SKP277	chr7	121736443	121736725	5	5	5
ENSG00000233272.1	PNPT1P2	chr7	121842368	121845131	5	5	5
ENSG00000106278.12	PTPRZ1	chr7	121873089	122062036	5	5	5
ENSG00000008311.15	AASS	chr7	122073549	122144255	5	5	5
ENSG00000252003.1	RNU7-154P	chr7	122081720	122081781	5	5	5
ENSG00000234418.2	AC015983.2	chr7	122144405	122219277	5	5	5
ENSG00000226636.1	AC006020.1	chr7	122159300	122162243	5	5	5
ENSG00000213302.3	AC015983.1	chr7	122234531	122234903	5	5	5
ENSG00000128610.12	FEZF1	chr7	122301303	122310691	5	5	5
ENSG00000230316.7	FEZF1-AS1	chr7	122303658	122310119	5	5	5
ENSG00000081803.16	CADPS2	chr7	122318411	122886759	5	5	5
ENSG00000240499.7	AC004594.1	chr7	122328469	122440388	5	5	5
ENSG00000225795.1	AC006463.1	chr7	122676580	122676811	5	5	5
ENSG00000235459.5	RPS26P31	chr7	122681315	122681662	5	5	5
ENSG00000188050.3	RNF133	chr7	122697735	122699117	5	5	5
ENSG00000235631.2	RNF148	chr7	122701668	122702922	5	5	5
ENSG00000227573.2	AC004986.1	chr7	122849746	122850352	5	5	5
ENSG00000128519.3	TAS2R16	chr7	122994704	122995700	5	5	5
ENSG00000226680.2	AC073311.1	chr7	123069249	123103589	5	5	5
ENSG00000081800.9	SLC13A1	chr7	123113531	123199972	5	5	5
ENSG00000223595.1	LYPLA1P1	chr7	123230120	123230741	5	5	5
ENSG00000164675.11	IQUB	chr7	123452193	123535077	5	5	5
ENSG00000232524.1	AC073323.1	chr7	123456629	123459856	5	5	5
ENSG00000207338.1	RNU6-296P	chr7	123457988	123458094	5	5	5
ENSG00000128609.16	NDUFA5	chr7	123536997	123557904	5	5	5
ENSG00000146809.13	ASB15	chr7	123567010	123639481	5	5	5
ENSG00000230442.5	ASB15-AS1	chr7	123584859	123624957	5	5	5
ENSG00000170807.12	LMOD2	chr7	123655866	123664290	5	5	5
ENSG00000106299.8	WASL	chr7	123681943	123749003	5	5	5
ENSG00000272686.1	WASL-DT	chr7	123749068	123751166	5	5	5
ENSG00000201104.1	RNU6-11P	chr7	123790605	123790711	5	5	5
ENSG00000228211.2	HYAL6P	chr7	123814139	123829252	5	5	5
ENSG00000106302.10	HYAL4	chr7	123828983	123877481	5	5	5
ENSG00000106304.15	SPAM1	chr7	123925237	123971414	5	5	5
ENSG00000225583.1	AC004690.1	chr7	123932132	123932459	5	5	5
ENSG00000241345.1	AC004690.2	chr7	123994622	124027659	5	5	5
ENSG00000234224.3	TMEM229A	chr7	124030921	124033067	5	5	5
ENSG00000242593.7	AC006148.1	chr7	124032126	124489572	5	5	5
ENSG00000243574.2	AC006148.2	chr7	124274671	124288852	5	5	5
ENSG00000241324.1	AC004930.1	chr7	124337380	124349860	5	5	5
ENSG00000230268.3	SSU72P8	chr7	124476371	124476955	5	5	5
ENSG00000213296.4	AC005521.1	chr7	124480524	124481395	5	5	5
ENSG00000207214.1	RNU6-102P	chr7	124647719	124647822	5	5	5
ENSG00000279419.1	AC004925.1	chr7	124742312	124745017	5	5	5
ENSG00000170775.3	GPR37	chr7	124743885	124765792	5	5	5
ENSG00000275356.5	C7orf77	chr7	124777292	124790689	5	5	5
ENSG00000128513.16	POT1	chr7	124822386	124929983	5	5	5
ENSG00000224897.8	POT1-AS1	chr7	124929873	125482966	5	5	5
ENSG00000186676.3	EEF1GP1	chr7	125033453	125035301	5	5	5
ENSG00000224899.1	LINC02830	chr7	125151326	125153611	5	5	5
ENSG00000205898.3	AC019155.1	chr7	125159974	125160547	5	5	5
ENSG00000219445.2	AC019155.2	chr7	125229579	125264291	5	5	5
ENSG00000213291.3	AC010099.1	chr7	125300504	125300878	5	5	5
ENSG00000234071.1	AC010099.2	chr7	125344969	125345377	5	5	5
ENSG00000227847.1	PPIAP93	chr7	125345825	125346197	5	5	5
ENSG00000197462.3	AC003975.1	chr7	125917871	125933832	5	5	5
ENSG00000241921.1	AC000372.1	chr7	126378970	126424185	5	5	5
ENSG00000179603.18	GRM8	chr7	126438598	127253093	5	5	5
ENSG00000287702.1	AC002057.2	chr7	126495312	126531336	5	5	5
ENSG00000227249.1	AC000374.1	chr7	126511135	126512879	5	5	5
ENSG00000287568.1	AC002057.1	chr7	126533665	126537295	5	5	5
ENSG00000224981.1	AC000367.1	chr7	126868767	126870532	5	5	5
ENSG00000230820.2	AC000362.1	chr7	126980967	126981778	5	5	5
ENSG00000207692.3	MIR592	chr7	127058088	127058184	5	5	5
ENSG00000236340.6	GRM8-AS1	chr7	127215127	127229927	5	5	5
ENSG00000236105.1	PRELID3BP10	chr7	127295620	127296203	5	5	5
ENSG00000048405.10	ZNF800	chr7	127346790	127431924	5	5	5
ENSG00000279265.1	AC000123.2	chr7	127349833	127350293	5	5	5
ENSG00000224138.1	AC000123.1	chr7	127350128	127351523	5	5	5
ENSG00000280347.1	AC000123.3	chr7	127359785	127364759	5	5	5
ENSG00000226770.1	AC000124.1	chr7	127476883	127485804	5	5	5
ENSG00000179562.3	GCC1	chr7	127580628	127593611	5	5	5
ENSG00000004059.11	ARF5	chr7	127588386	127591700	5	5	5
ENSG00000106328.10	FSCN3	chr7	127591409	127602144	5	5	5
ENSG00000106331.17	PAX4	chr7	127610292	127618142	5	5	5
ENSG00000240790.1	AC073934.1	chr7	127644685	127652012	5	5	5
ENSG00000197157.11	SND1	chr7	127652194	128092609	5	5	5
ENSG00000240579.1	AC006529.1	chr7	127857852	127858488	5	5	5
ENSG00000279078.1	SND1-IT1	chr7	127997597	128000077	5	5	5
ENSG00000128594.8	LRRC4	chr7	128027071	128032107	5	5	5
ENSG00000207588.1	MIR593	chr7	128081861	128081960	5	5	5
ENSG00000207705.2	MIR129-1	chr7	128207872	128207943	5	5	5
ENSG00000174697.5	LEP	chr7	128241278	128257629	5	5	5
ENSG00000272915.1	AC018635.2	chr7	128264526	128264889	5	5	5
ENSG00000106344.8	RBM28	chr7	128297685	128343908	5	5	5
ENSG00000242261.1	AC018635.1	chr7	128306649	128307678	5	5	5
ENSG00000238750.1	RNU7-27P	chr7	128344081	128344142	5	5	5
ENSG00000224940.9	PRRT4	chr7	128350325	128361685	5	5	5
ENSG00000106348.18	IMPDH1	chr7	128392277	128410252	5	5	5
ENSG00000228700.1	AC010655.1	chr7	128433422	128433713	5	5	5
ENSG00000238590.1	RNU7-54P	chr7	128443449	128443510	5	5	5
ENSG00000273184.1	AC010655.4	chr7	128455840	128493859	5	5	5
ENSG00000135245.10	HILPDA	chr7	128455849	128458418	5	5	5
ENSG00000240758.2	AC010655.2	chr7	128455937	128469197	5	5	5
ENSG00000272601.1	AC010655.3	chr7	128466563	128469171	5	5	5
ENSG00000165055.16	METTL2B	chr7	128476729	128506602	5	5	5
ENSG00000276988.1	Metazoa_SRP	chr7	128483907	128484158	5	5	5
ENSG00000273270.1	AC090114.2	chr7	128524016	128531069	5	5	5
ENSG00000280828.1	AC090114.3	chr7	128533652	128615970	5	5	5
ENSG00000213280.2	AC090114.1	chr7	128570241	128570688	5	5	5
ENSG00000242588.6	AC108010.1	chr7	128574751	128626473	5	5	5
ENSG00000281896.1	AC018638.8	chr7	128617865	128625905	5	5	5
ENSG00000223189.1	RNU6-177P	chr7	128627172	128627275	5	5	5
ENSG00000243302.3	AC018638.4	chr7	128651185	128652334	5	5	5
ENSG00000230715.3	AC018638.2	chr7	128652841	128653243	5	5	5
ENSG00000229413.2	AC018638.1	chr7	128653690	128654019	5	5	5
ENSG00000243679.1	AC018638.5	chr7	128653969	128654722	5	5	5
ENSG00000281490.1	CICP14	chr7	128655962	128658791	5	5	5
ENSG00000271553.1	AC018638.7	chr7	128667043	128668156	5	5	5
ENSG00000241493.1	AC018638.3	chr7	128669087	128669892	5	5	5
ENSG00000205085.12	FAM71F2	chr7	128672288	128687872	5	5	5
ENSG00000271344.1	AC018638.6	chr7	128690451	128691717	5	5	5
ENSG00000239722.1	IMP3P2	chr7	128693450	128693924	5	5	5
ENSG00000201041.1	RNA5SP242	chr7	128697439	128697556	5	5	5
ENSG00000252866.1	RNA5SP243	chr7	128697710	128697744	5	5	5
ENSG00000135248.15	FAM71F1	chr7	128709061	128731743	5	5	5
ENSG00000128595.17	CALU	chr7	128739292	128773400	5	5	5
ENSG00000244218.3	RN7SL81P	chr7	128761338	128761598	5	5	5
ENSG00000128617.2	OPN1SW	chr7	128772491	128775790	5	5	5
ENSG00000128596.17	CCDC136	chr7	128790757	128822132	5	5	5
ENSG00000128591.16	FLNC	chr7	128830406	128859274	5	5	5
ENSG00000242902.1	FLNC-AS1	chr7	128850162	128862626	5	5	5
ENSG00000135253.15	KCP	chr7	128862042	128910719	5	5	5
ENSG00000128524.5	ATP6V1F	chr7	128862856	128865847	5	5	5
ENSG00000272899.4	ATP6V1FNB	chr7	128866330	128872047	5	5	5
ENSG00000224163.4	AC025594.1	chr7	128912732	128914063	5	5	5
ENSG00000128604.20	IRF5	chr7	128937457	128950038	5	5	5
ENSG00000275106.1	AC025594.2	chr7	128952527	128953316	5	5	5
ENSG00000064419.13	TNPO3	chr7	128954180	129055173	5	5	5
ENSG00000242241.3	RN7SL306P	chr7	128970734	128971029	5	5	5
ENSG00000244556.1	ODCP	chr7	129028889	129030527	5	5	5
ENSG00000230359.5	TPI1P2	chr7	129055223	129057239	5	5	5
ENSG00000242162.1	AC018639.1	chr7	129066021	129066462	5	5	5
ENSG00000241102.1	AC011005.2	chr7	129095301	129095811	5	5	5
ENSG00000241573.1	AC011005.3	chr7	129096027	129096735	5	5	5
ENSG00000240416.1	CYCSP20	chr7	129117513	129117827	5	5	5
ENSG00000230626.4	AC011005.1	chr7	129126518	129130793	5	5	5
ENSG00000158457.6	TSPAN33	chr7	129144707	129169699	5	5	5
ENSG00000200629.1	RNY1P11	chr7	129164849	129164961	5	5	5
ENSG00000128602.11	SMO	chr7	129188633	129213545	5	5	5
ENSG00000243230.1	AC011005.4	chr7	129209775	129213545	5	5	5
ENSG00000158467.16	AHCYL2	chr7	129225023	129430211	5	5	5
ENSG00000286722.1	AC009244.1	chr7	129366827	129374486	5	5	5
ENSG00000238072.1	CDC26P1	chr7	129410113	129410370	5	5	5
ENSG00000128578.10	STRIP2	chr7	129434432	129488399	5	5	5
ENSG00000239919.1	SNRPGP3	chr7	129477875	129478101	5	5	5
ENSG00000199846.1	RNU1-72P	chr7	129484504	129484656	5	5	5
ENSG00000240204.3	SMKR1	chr7	129502531	129512918	5	5	5
ENSG00000273329.1	AC078846.1	chr7	129604548	129611630	5	5	5
ENSG00000106459.15	NRF1	chr7	129611720	129757082	5	5	5
ENSG00000212238.1	RNA5SP244	chr7	129756266	129756377	5	5	5
ENSG00000286380.1	AC084864.2	chr7	129763060	129769202	5	5	5
ENSG00000207990.3	MIR182	chr7	129770383	129770492	5	5	5
ENSG00000199158.1	MIR96	chr7	129774692	129774769	5	5	5
ENSG00000207691.1	MIR183	chr7	129774905	129775014	5	5	5
ENSG00000242078.1	AC084864.1	chr7	129783370	129785185	5	5	5
ENSG00000186591.13	UBE2H	chr7	129830732	129952960	5	5	5
ENSG00000244036.3	AC073320.1	chr7	129953234	130026989	5	5	5
ENSG00000199516.1	Y_RNA	chr7	129954693	129954794	5	5	5
ENSG00000091732.17	ZC3HC1	chr7	130018287	130051451	5	5	5
ENSG00000201109.1	RNA5SP245	chr7	130027277	130027397	5	5	5
ENSG00000128607.14	KLHDC10	chr7	130070534	130135705	5	5	5
ENSG00000229196.4	AC087071.1	chr7	130141707	130142618	5	5	5
ENSG00000146842.17	TMEM209	chr7	130164713	130207770	5	5	5
ENSG00000240571.1	AC087071.2	chr7	130173718	130205361	5	5	5
ENSG00000165120.5	SSMEM1	chr7	130206344	130216844	5	5	5
ENSG00000270992.1	AC024085.1	chr7	130255902	130262770	5	5	5
ENSG00000158516.12	CPA2	chr7	130266863	130289798	5	5	5
ENSG00000128510.12	CPA4	chr7	130293134	130324180	5	5	5
ENSG00000158525.16	CPA5	chr7	130344816	130368730	5	5	5
ENSG00000091704.10	CPA1	chr7	130380339	130388114	5	5	5
ENSG00000106477.20	CEP41	chr7	130393771	130442433	5	5	5
ENSG00000259920.1	AC007938.1	chr7	130481491	130484392	5	5	5
ENSG00000272701.3	MESTIT1	chr7	130486042	130491033	5	5	5
ENSG00000106484.16	MEST	chr7	130486171	130506465	5	5	5
ENSG00000277269.1	AC007938.5	chr7	130487483	130487622	5	5	5
ENSG00000278055.1	AC007938.6	chr7	130488304	130488538	5	5	5
ENSG00000274500.1	AC007938.4	chr7	130489868	130489966	5	5	5
ENSG00000270823.1	AC007938.2	chr7	130495794	130498427	5	5	5
ENSG00000199043.1	MIR335	chr7	130496111	130496204	5	5	5
ENSG00000158623.14	COPG2	chr7	130506238	130668748	5	5	5
ENSG00000270953.1	AC007938.3	chr7	130507660	130508282	5	5	5
ENSG00000286214.1	AUXG01000058.1	chr7	130538954	130546900	5	5	5
ENSG00000239021.1	RNA5SP246	chr7	130602795	130602913	5	5	5
ENSG00000226045.1	AC234644.1	chr7	130645225	130645594	5	5	5
ENSG00000213265.9	TSGA13	chr7	130668643	130687432	5	5	5
ENSG00000287547.1	AC234644.2	chr7	130668852	130669395	5	5	5
ENSG00000266265.4	KLF14	chr7	130730697	130734207	5	5	5
ENSG00000271522.1	AC016831.5	chr7	130790208	130791724	5	5	5
ENSG00000285106.2	AC016831.6	chr7	130791264	131110161	5	5	5
ENSG00000229858.2	AC016831.2	chr7	130822868	130823219	5	5	5
ENSG00000240680.1	H4P1	chr7	130823205	130823511	5	5	5
ENSG00000232716.2	AC016831.3	chr7	130840204	130843725	5	5	5
ENSG00000233559.2	LINC00513	chr7	130853720	130930682	5	5	5
ENSG00000284032.1	MIR29A	chr7	130876747	130876810	5	5	5
ENSG00000226380.9	AC016831.1	chr7	130876809	130913310	5	5	5
ENSG00000283797.1	MIR29B1	chr7	130877459	130877539	5	5	5
ENSG00000271204.1	AC016831.4	chr7	130930209	130932206	5	5	5
ENSG00000273319.1	AC058791.1	chr7	130936464	130939661	5	5	5
ENSG00000231721.7	LINC-PINT	chr7	130938963	131110176	5	5	5
ENSG00000199627.1	RNU6-1010P	chr7	131054886	131054992	5	5	5
ENSG00000128585.18	MKLN1	chr7	131110096	131496632	5	5	5
ENSG00000233287.1	AC009362.1	chr7	131242590	131242995	5	5	5
ENSG00000236753.7	MKLN1-AS	chr7	131309469	131328312	5	5	5
ENSG00000273489.1	AC008264.2	chr7	131493964	131497694	5	5	5
ENSG00000128567.17	PODXL	chr7	131500262	131558217	5	5	5
ENSG00000224545.1	AC008264.1	chr7	131520137	131520503	5	5	5
ENSG00000213261.3	EEF1B2P6	chr7	131661952	131662624	5	5	5
ENSG00000236238.2	AC093106.1	chr7	131665507	131665858	5	5	5
ENSG00000236395.1	AC093106.2	chr7	131702269	131702653	5	5	5
ENSG00000236281.1	NDUFB9P2	chr7	131753746	131754252	5	5	5
ENSG00000233263.1	CAPZA1P4	chr7	131892616	131893615	5	5	5
ENSG00000236386.1	AC009518.2	chr7	131893822	131894074	5	5	5
ENSG00000224865.8	AC009518.1	chr7	131897289	131948953	5	5	5
ENSG00000229532.1	AC105443.1	chr7	132086266	132087992	5	5	5
ENSG00000221866.9	PLXNA4	chr7	132123332	132648688	5	5	5
ENSG00000225144.2	AC018643.1	chr7	132264152	132271269	5	5	5
ENSG00000223436.1	AC011625.1	chr7	132352334	132367976	5	5	5
ENSG00000183470.9	FLJ40288	chr7	132648794	132728769	5	5	5
ENSG00000201009.1	AC009365.1	chr7	132753023	132753126	5	5	5
ENSG00000225881.2	AC009365.2	chr7	132758970	132760632	5	5	5
ENSG00000106554.13	CHCHD3	chr7	132784870	133082090	5	5	5
ENSG00000227197.1	AC009365.3	chr7	132830693	132849593	5	5	5
ENSG00000283041.1	AC008038.1	chr7	133034607	133035920	5	5	5
ENSG00000284135.1	MIR3654	chr7	133034860	133034915	5	5	5
ENSG00000272393.1	RNU6-92P	chr7	133082829	133082932	5	5	5
ENSG00000237821.1	ST13P7	chr7	133169416	133170514	5	5	5
ENSG00000131558.15	EXOC4	chr7	133253073	134066589	5	5	5
ENSG00000276137.1	MIR6133	chr7	133290881	133290988	5	5	5
ENSG00000235429.1	AC083875.1	chr7	133315009	133315413	5	5	5
ENSG00000235967.1	COX5BP3	chr7	133727368	133727734	5	5	5
ENSG00000226205.1	RPS3AP27	chr7	133732493	133733595	5	5	5
ENSG00000155530.3	LRGUK	chr7	134127299	134264591	5	5	5
ENSG00000231098.1	AC008154.2	chr7	134284500	134286055	5	5	5
ENSG00000205060.11	SLC35B4	chr7	134289332	134316930	5	5	5
ENSG00000229177.1	AC008154.1	chr7	134346071	134350791	5	5	5
ENSG00000273297.2	AC009275.1	chr7	134368737	134432534	5	5	5
ENSG00000085662.14	AKR1B1	chr7	134442356	134459284	5	5	5
ENSG00000198074.10	AKR1B10	chr7	134527567	134541412	5	5	5
ENSG00000227471.9	AKR1B15	chr7	134549110	134579875	5	5	5
ENSG00000172331.12	BPGM	chr7	134646811	134679816	5	5	5
ENSG00000224375.1	AC009276.1	chr7	134684144	134687990	5	5	5
ENSG00000230101.5	TUBB3P2	chr7	134734898	134735129	5	5	5
ENSG00000122786.20	CALD1	chr7	134744252	134970729	5	5	5
ENSG00000286458.1	AC083870.1	chr7	134816543	134998153	5	5	5
ENSG00000146856.14	AGBL3	chr7	134986508	135147963	5	5	5
ENSG00000122783.17	CYREN	chr7	135092363	135170795	5	5	5
ENSG00000223500.1	RNF14P4	chr7	135128444	135129685	5	5	5
ENSG00000146859.6	TMEM140	chr7	135148072	135166215	5	5	5
ENSG00000272941.1	AC083862.1	chr7	135168403	135169547	5	5	5
ENSG00000287733.1	AC083862.2	chr7	135170816	135172414	5	5	5
ENSG00000105875.14	WDR91	chr7	135183839	135211534	5	5	5
ENSG00000231794.5	AC009542.1	chr7	135198401	135209837	5	5	5
ENSG00000277138.1	MIR6509	chr7	135206994	135207078	5	5	5
ENSG00000146857.4	STRA8	chr7	135231979	135258492	5	5	5
ENSG00000276067.2	SLC23A4P	chr7	135246113	135317752	5	5	5
ENSG00000080802.19	CNOT4	chr7	135361795	135510127	5	5	5
ENSG00000227073.1	SDHDP2	chr7	135444461	135444925	5	5	5
ENSG00000155561.15	NUP205	chr7	135557917	135648757	5	5	5
ENSG00000271414.1	AC093107.2	chr7	135650972	135651416	5	5	5
ENSG00000223718.3	AC093107.1	chr7	135660039	135660647	5	5	5
ENSG00000243317.8	STMP1	chr7	135662496	135693418	5	5	5
ENSG00000212303.1	RNU6-1154P	chr7	135665599	135665702	5	5	5
ENSG00000164707.15	SLC13A4	chr7	135681237	135729258	5	5	5
ENSG00000273219.1	AC091736.1	chr7	135704537	135704841	5	5	5
ENSG00000189320.9	FAM180A	chr7	135728348	135748813	5	5	5
ENSG00000224746.2	AC015987.1	chr7	135774521	135932997	5	5	5
ENSG00000105887.11	MTPN	chr7	135926760	135977359	5	5	5
ENSG00000199700.1	RNU6-223P	chr7	135960703	135960809	5	5	5
ENSG00000230649.3	AC024084.1	chr7	136025717	136084668	5	5	5
ENSG00000232053.7	AC078845.1	chr7	136092913	136437785	5	5	5
ENSG00000206705.1	Y_RNA	chr7	136129980	136130081	5	5	5
ENSG00000236503.1	AC009784.1	chr7	136262558	136263017	5	5	5
ENSG00000226066.1	ZP3P2	chr7	136485656	136488317	5	5	5
ENSG00000234352.9	AC009264.1	chr7	136685559	137182107	5	5	5
ENSG00000231244.1	PSMC1P3	chr7	136713871	136715188	5	5	5
ENSG00000181072.11	CHRM2	chr7	136868669	137020255	5	5	5
ENSG00000207597.1	MIR490	chr7	136903167	136903294	5	5	5
ENSG00000223657.2	KRT8P51	chr7	136938280	136938553	5	5	5
ENSG00000224469.1	AC009517.1	chr7	137164043	137164612	5	5	5
ENSG00000105894.12	PTN	chr7	137227341	137343774	5	5	5
ENSG00000202023.1	SNORD81	chr7	137287687	137287762	5	5	5
ENSG00000231114.1	AC078842.2	chr7	137318592	137326953	5	5	5
ENSG00000228031.4	AC078842.1	chr7	137344930	137354483	5	5	5
ENSG00000157680.15	DGKI	chr7	137381037	137847092	5	5	5
ENSG00000279483.2	AC090498.1	chr7	137513859	137513933	5	5	5
ENSG00000230383.1	AC009245.1	chr7	137721985	137722846	5	5	5
ENSG00000182158.15	CREB3L2	chr7	137874979	138002086	5	5	5
ENSG00000237243.1	CREB3L2-AS1	chr7	137953348	137957966	5	5	5
ENSG00000122787.15	AKR1D1	chr7	138002324	138118305	5	5	5
ENSG00000234639.1	AC009263.1	chr7	138022458	138024339	5	5	5
ENSG00000231923.1	AC024082.1	chr7	138046654	138047897	5	5	5
ENSG00000231931.1	AC024082.2	chr7	138060056	138060293	5	5	5
ENSG00000222514.1	RN7SKP223	chr7	138091254	138091315	5	5	5
ENSG00000233951.3	RCC2P3	chr7	138122202	138124595	5	5	5
ENSG00000284028.1	MIR4468	chr7	138123758	138123821	5	5	5
ENSG00000225559.1	AC083867.2	chr7	138163440	138164637	5	5	5
ENSG00000252820.1	Y_RNA	chr7	138175045	138175136	5	5	5
ENSG00000201465.1	AC083867.1	chr7	138187998	138188129	5	5	5
ENSG00000213238.6	AC008155.1	chr7	138298088	138298484	5	5	5
ENSG00000213237.4	PTMAP10	chr7	138404195	138404523	5	5	5
ENSG00000214815.2	IMPDH1P3	chr7	138440690	138442238	5	5	5
ENSG00000122779.18	TRIM24	chr7	138460259	138589996	5	5	5
ENSG00000234995.1	RPS3AP28	chr7	138490581	138491361	5	5	5
ENSG00000157703.16	SVOPL	chr7	138594285	138701362	5	5	5
ENSG00000252188.1	AC013429.2	chr7	138625060	138625179	5	5	5
ENSG00000234658.1	AC013429.1	chr7	138645671	138646448	5	5	5
ENSG00000243099.1	AC020983.1	chr7	138688980	138689522	5	5	5
ENSG00000223721.3	UQCRFS1P2	chr7	138701607	138703062	5	5	5
ENSG00000105929.16	ATP6V0A4	chr7	138706294	138799560	5	5	5
ENSG00000214128.11	TMEM213	chr7	138797952	138838101	5	5	5
ENSG00000122778.10	KIAA1549	chr7	138831381	138981389	5	5	5
ENSG00000199646.1	RNU6-1272P	chr7	138876359	138876465	5	5	5
ENSG00000146858.8	ZC3HAV1L	chr7	139025706	139036042	5	5	5
ENSG00000105939.13	ZC3HAV1	chr7	139043515	139109720	5	5	5
ENSG00000229677.1	AC018644.1	chr7	139049456	139050006	5	5	5
ENSG00000105948.13	TTC26	chr7	139133744	139191986	5	5	5
ENSG00000239254.1	AC009220.2	chr7	139172516	139174266	5	5	5
ENSG00000271537.1	AC009220.3	chr7	139198557	139199142	5	5	5
ENSG00000228360.1	AC009220.1	chr7	139227537	139227828	5	5	5
ENSG00000271404.1	MZT1P2	chr7	139228221	139228605	5	5	5
ENSG00000157741.15	UBN2	chr7	139230356	139308236	5	5	5
ENSG00000206843.1	RNU6-206P	chr7	139315291	139315394	5	5	5
ENSG00000164898.13	FMC1	chr7	139339457	139346328	5	5	5
ENSG00000146963.18	LUC7L2	chr7	139340359	139423457	5	5	5
ENSG00000269955.2	FMC1-LUC7L2	chr7	139341360	139422599	5	5	5
ENSG00000273391.1	AC083880.1	chr7	139359032	139359566	5	5	5
ENSG00000252332.1	RNU6-911P	chr7	139448740	139448843	5	5	5
ENSG00000188883.5	KLRG2	chr7	139452690	139483673	5	5	5
ENSG00000253183.1	AC005531.1	chr7	139502453	139503812	5	5	5
ENSG00000236279.7	CLEC2L	chr7	139523685	139544985	5	5	5
ENSG00000254270.1	ERHP1	chr7	139534240	139534549	5	5	5
ENSG00000064393.16	HIPK2	chr7	139561570	139777998	5	5	5
ENSG00000059377.18	TBXAS1	chr7	139777051	140020325	5	5	5
ENSG00000059378.13	PARP12	chr7	140023749	140062951	5	5	5
ENSG00000006459.11	KDM7A	chr7	140084746	140176983	5	5	5
ENSG00000251728.1	Y_RNA	chr7	140094697	140094792	5	5	5
ENSG00000260231.2	KDM7A-DT	chr7	140177184	140179640	5	5	5
ENSG00000199971.1	RNU6-797P	chr7	140209563	140209671	5	5	5
ENSG00000199283.1	RNU1-58P	chr7	140241870	140242032	5	5	5
ENSG00000270512.1	AC005377.1	chr7	140282465	140282920	5	5	5
ENSG00000241661.1	PPP1R2P6	chr7	140292752	140293339	5	5	5
ENSG00000157800.18	SLC37A3	chr7	140293693	140404433	5	5	5
ENSG00000223113.1	RNA5SP247	chr7	140370441	140370545	5	5	5
ENSG00000202472.1	RNA5SP248	chr7	140386781	140386907	5	5	5
ENSG00000146955.11	RAB19	chr7	140404058	140427974	5	5	5
ENSG00000103200.6	AC069335.1	chr7	140435316	140435787	5	5	5
ENSG00000133606.11	MKRN1	chr7	140453033	140479536	5	5	5
ENSG00000146966.13	DENND2A	chr7	140518420	140673993	5	5	5
ENSG00000201354.1	Y_RNA	chr7	140609847	140609955	5	5	5
ENSG00000285904.1	AC006452.1	chr7	140640909	140669476	5	5	5
ENSG00000240173.3	RN7SL771P	chr7	140645829	140646126	5	5	5
ENSG00000133597.11	ADCK2	chr7	140672945	140696261	5	5	5
ENSG00000090266.13	NDUFB2	chr7	140690777	140722790	5	5	5
ENSG00000240889.1	NDUFB2-AS1	chr7	140695336	140697077	5	5	5
ENSG00000157764.14	BRAF	chr7	140719327	140924929	5	5	5
ENSG00000271932.1	RNU6-85P	chr7	140884072	140884178	5	5	5
ENSG00000271611.1	AC006006.1	chr7	140934867	140935010	5	5	5
ENSG00000242703.1	CCT4P1	chr7	140997952	140999800	5	5	5
ENSG00000090263.16	MRPS33	chr7	141002610	141015228	5	5	5
ENSG00000223212.1	RNU4-74P	chr7	141052249	141052409	5	5	5
ENSG00000261115.6	TMEM178B	chr7	141074064	141480380	5	5	5
ENSG00000261778.1	AC006362.1	chr7	141173043	141173216	5	5	5
ENSG00000261624.1	NDUFB10P2	chr7	141351977	141352768	5	5	5
ENSG00000285841.1	AC005692.3	chr7	141392155	141396517	5	5	5
ENSG00000204990.3	AC005692.1	chr7	141414383	141416390	5	5	5
ENSG00000261629.1	AC005692.2	chr7	141429711	141431268	5	5	5
ENSG00000261570.2	AC073878.1	chr7	141500079	141551304	5	5	5
ENSG00000261797.1	AC073878.2	chr7	141512698	141513183	5	5	5
ENSG00000006530.18	AGK	chr7	141551278	141655244	5	5	5
ENSG00000244701.1	AC004918.1	chr7	141652381	141656810	5	5	5
ENSG00000257093.7	DENND11	chr7	141656728	141702166	5	5	5
ENSG00000270157.1	AC004918.3	chr7	141662922	141663846	5	5	5
ENSG00000228775.8	WEE2-AS1	chr7	141704003	141738346	5	5	5
ENSG00000214102.7	WEE2	chr7	141708353	141731271	5	5	5
ENSG00000212153.1	RNU1-82P	chr7	141727984	141728148	5	5	5
ENSG00000106028.11	SSBP1	chr7	141738334	141787922	5	5	5
ENSG00000127362.2	TAS2R3	chr7	141764097	141765197	5	5	5
ENSG00000127364.4	TAS2R4	chr7	141776674	141781691	5	5	5
ENSG00000270923.1	TAS2R6P	chr7	141787815	141788640	5	5	5
ENSG00000127366.5	TAS2R5	chr7	141790217	141791367	5	5	5
ENSG00000241926.1	MTCO1P55	chr7	141801315	141802059	5	5	5
ENSG00000224354.2	MTND2P5	chr7	141802482	141803487	5	5	5
ENSG00000239648.1	MTND1P3	chr7	141803701	141804652	5	5	5
ENSG00000240677.1	MYL6P4	chr7	141811805	141812257	5	5	5
ENSG00000165076.14	PRSS37	chr7	141836300	141841487	5	5	5
ENSG00000240031.1	OR9A3P	chr7	141862860	141863737	5	5	5
ENSG00000237621.4	OR9A1P	chr7	141887148	141888092	5	5	5
ENSG00000257335.8	MGAM	chr7	141907813	142106747	5	5	5
ENSG00000244292.1	OR9N1P	chr7	141911217	141911943	5	5	5
ENSG00000258083.2	OR9A4	chr7	141916399	141920625	5	5	5
ENSG00000258227.7	CLEC5A	chr7	141927357	141947007	5	5	5
ENSG00000257138.1	TAS2R38	chr7	141972631	141973773	5	5	5
ENSG00000257743.8	MGAM2	chr7	142111749	142222324	5	5	5
ENSG00000240268.6	MOXD2P	chr7	142240740	142247067	5	5	5
ENSG00000258223.6	PRSS58	chr7	142252143	142258058	5	5	5
ENSG00000186163.9	TRY2P	chr7	142265833	142272235	5	5	5
ENSG00000241881.1	AC245088.1	chr7	142285750	142288869	5	5	5
ENSG00000277083.1	PRSS3P3	chr7	142287251	142291597	5	5	5
ENSG00000242736.1	TRBV1	chr7	142299177	142299460	5	5	5
ENSG00000226660.2	TRBV2	chr7	142300924	142301432	5	5	5
ENSG00000237702.2	TRBV3-1	chr7	142308542	142309048	5	5	5
ENSG00000211710.3	TRBV4-1	chr7	142313184	142313666	5	5	5
ENSG00000211734.3	TRBV5-1	chr7	142320677	142321544	5	5	5
ENSG00000211706.2	TRBV6-1	chr7	142328297	142328786	5	5	5
ENSG00000211707.3	TRBV7-1	chr7	142332182	142332701	5	5	5
ENSG00000211745.3	TRBV4-2	chr7	142345421	142345985	5	5	5
ENSG00000283063.1	TRBV6-2	chr7	142349152	142349664	5	5	5
ENSG00000282939.1	TRBV7-2	chr7	142352819	142353358	5	5	5
ENSG00000243889.1	TRBV8-1	chr7	142358639	142358917	5	5	5
ENSG00000242771.1	TRBV5-2	chr7	142372640	142372912	5	5	5
ENSG00000211713.3	TRBV6-4	chr7	142380806	142381261	5	5	5
ENSG00000211714.3	TRBV7-3	chr7	142384329	142384841	5	5	5
ENSG00000239944.1	TRBV8-2	chr7	142386378	142386647	5	5	5
ENSG00000211715.1	TRBV5-3	chr7	142389202	142389668	5	5	5
ENSG00000211716.2	TRBV9	chr7	142391891	142392412	5	5	5
ENSG00000211717.3	TRBV10-1	chr7	142399860	142400377	5	5	5
ENSG00000211720.3	TRBV11-1	chr7	142407672	142408136	5	5	5
ENSG00000244661.1	TRBV12-1	chr7	142415224	142415666	5	5	5
ENSG00000229769.2	TRBV10-2	chr7	142424965	142425465	5	5	5
ENSG00000241657.1	TRBV11-2	chr7	142433895	142434394	5	5	5
ENSG00000211739.4	TRBV12-2	chr7	142440883	142441325	5	5	5
ENSG00000211721.2	TRBV6-5	chr7	142450947	142451448	5	5	5
ENSG00000253409.1	TRBV7-4	chr7	142455174	142455635	5	5	5
ENSG00000230099.2	TRBV5-4	chr7	142462916	142463581	5	5	5
ENSG00000211724.3	TRBV6-6	chr7	142469537	142470013	5	5	5
ENSG00000227550.2	TRBV7-5	chr7	142474096	142474567	5	5	5
ENSG00000211725.3	TRBV5-5	chr7	142482548	142483019	5	5	5
ENSG00000253188.1	TRBV6-7	chr7	142487863	142488295	5	5	5
ENSG00000211727.3	TRBV7-6	chr7	142492132	142492673	5	5	5
ENSG00000211728.2	TRBV5-6	chr7	142500028	142500534	5	5	5
ENSG00000253534.1	TRBV6-8	chr7	142507382	142507810	5	5	5
ENSG00000253291.1	TRBV7-7	chr7	142511626	142512127	5	5	5
ENSG00000211731.1	TRBV5-7	chr7	142520090	142520556	5	5	5
ENSG00000278030.1	TRBV7-9	chr7	142529290	142529762	5	5	5
ENSG00000276405.1	TRBV13	chr7	142535809	142536292	5	5	5
ENSG00000275791.1	TRBV10-3	chr7	142544212	142544685	5	5	5
ENSG00000276597.1	TRBV11-3	chr7	142554836	142555318	5	5	5
ENSG00000274752.1	TRBV12-3	chr7	142560423	142560931	5	5	5
ENSG00000276953.1	TRBV12-4	chr7	142563740	142564245	5	5	5
ENSG00000275158.1	TRBV12-5	chr7	142580917	142581427	5	5	5
ENSG00000275743.1	TRBV14	chr7	142587868	142588359	5	5	5
ENSG00000276819.1	TRBV15	chr7	142592928	142593473	5	5	5
ENSG00000275243.1	TRBV16	chr7	142598016	142598469	5	5	5
ENSG00000277880.1	TRBV17	chr7	142601628	142602360	5	5	5
ENSG00000276557.1	TRBV18	chr7	142615716	142616415	5	5	5
ENSG00000211746.3	TRBV19	chr7	142618849	142619532	5	5	5
ENSG00000211747.3	TRBV20-1	chr7	142626649	142627399	5	5	5
ENSG00000251578.1	TRBV21-1	chr7	142636924	142637384	5	5	5
ENSG00000240578.1	TRBV22-1	chr7	142641746	142642196	5	5	5
ENSG00000211749.1	TRBV23-1	chr7	142645961	142646467	5	5	5
ENSG00000211750.2	TRBV24-1	chr7	142656701	142657213	5	5	5
ENSG00000270672.1	MTRNR2L6	chr7	142666272	142667718	5	5	5
ENSG00000282499.1	TRBV25-1	chr7	142670740	142671244	5	5	5
ENSG00000239992.1	TRBVA	chr7	142681415	142681869	5	5	5
ENSG00000249912.1	TRBV26	chr7	142695699	142696183	5	5	5
ENSG00000241911.1	TRBVB	chr7	142711384	142711924	5	5	5
ENSG00000211752.3	TRBV27	chr7	142715346	142715861	5	5	5
ENSG00000211753.4	TRBV28	chr7	142720660	142721160	5	5	5
ENSG00000244273.1	PGBD4P1	chr7	142722358	142722764	5	5	5
ENSG00000286831.1	AC244472.1	chr7	142725729	142733437	5	5	5
ENSG00000232869.2	TRBV29-1	chr7	142740206	142740894	5	5	5
ENSG00000204983.14	PRSS1	chr7	142749468	142753076	5	5	5
ENSG00000275896.6	PRSS2	chr7	142760398	142774564	5	5	5
ENSG00000250591.3	PRSS3P1	chr7	142760415	142763943	5	5	5
ENSG00000243661.1	WBP1LP1	chr7	142778642	142779537	5	5	5
ENSG00000282431.1	TRBD1	chr7	142786213	142786224	5	5	5
ENSG00000282320.1	TRBJ1-1	chr7	142786880	142786927	5	5	5
ENSG00000282420.1	TRBJ1-2	chr7	142787017	142787064	5	5	5
ENSG00000282133.1	TRBJ1-3	chr7	142787630	142787679	5	5	5
ENSG00000281958.1	TRBJ1-4	chr7	142788225	142788275	5	5	5
ENSG00000282173.1	TRBJ1-5	chr7	142788498	142788547	5	5	5
ENSG00000282780.1	TRBJ1-6	chr7	142788988	142789040	5	5	5
ENSG00000211751.9	TRBC1	chr7	142791694	142793368	5	5	5
ENSG00000211764.1	TRBJ2-1	chr7	142796365	142796414	5	5	5
ENSG00000211765.1	TRBJ2-2	chr7	142796560	142796610	5	5	5
ENSG00000211766.1	TRBJ2-2P	chr7	142796697	142796742	5	5	5
ENSG00000211767.1	TRBJ2-3	chr7	142796847	142796895	5	5	5
ENSG00000211768.1	TRBJ2-4	chr7	142796998	142797047	5	5	5
ENSG00000211769.1	TRBJ2-5	chr7	142797119	142797166	5	5	5
ENSG00000211770.1	TRBJ2-6	chr7	142797239	142797291	5	5	5
ENSG00000211771.1	TRBJ2-7	chr7	142797456	142797502	5	5	5
ENSG00000211772.11	TRBC2	chr7	142801041	142802748	5	5	5
ENSG00000237254.2	TRBV30	chr7	142812586	142813399	5	5	5
ENSG00000106123.12	EPHB6	chr7	142855061	142871094	5	5	5
ENSG00000165125.22	TRPV6	chr7	142871208	142885745	5	5	5
ENSG00000224970.2	AC245427.1	chr7	142875836	142892743	5	5	5
ENSG00000286569.1	AC245427.2	chr7	142899365	142900759	5	5	5
ENSG00000127412.7	TRPV5	chr7	142908101	142933746	5	5	5
ENSG00000165131.8	LLCFC1	chr7	142939343	142940868	5	5	5
ENSG00000197993.9	KEL	chr7	142941114	142962363	5	5	5
ENSG00000179468.5	OR9A2	chr7	143026158	143027195	5	5	5
ENSG00000239293.1	OR9P1P	chr7	143047213	143047580	5	5	5
ENSG00000225781.1	OR6V1	chr7	143052320	143053347	5	5	5
ENSG00000179420.11	OR6W1P	chr7	143062330	143063585	5	5	5
ENSG00000159763.4	PIP	chr7	143132077	143139739	5	5	5
ENSG00000236398.2	TAS2R39	chr7	143183419	143184435	5	5	5
ENSG00000268170.2	AC073342.1	chr7	143220468	143222267	5	5	5
ENSG00000221937.4	TAS2R40	chr7	143222037	143223079	5	5	5
ENSG00000279223.1	AC073342.2	chr7	143224042	143224234	5	5	5
ENSG00000197448.14	GSTK1	chr7	143244093	143270854	5	5	5
ENSG00000231840.2	TMEM139-AS1	chr7	143255264	143287997	5	5	5
ENSG00000178826.11	TMEM139	chr7	143279957	143288048	5	5	5
ENSG00000106144.20	CASP2	chr7	143288215	143307696	5	5	5
ENSG00000239419.3	RN7SL535P	chr7	143290615	143290910	5	5	5
ENSG00000240322.3	RN7SL481P	chr7	143298516	143298814	5	5	5
ENSG00000231531.5	HINT1P1	chr7	143312684	143313061	5	5	5
ENSG00000188037.12	CLCN1	chr7	143316111	143352083	5	5	5
ENSG00000159784.18	FAM131B	chr7	143353400	143362770	5	5	5
ENSG00000272619.1	AC093673.2	chr7	143363899	143364229	5	5	5
ENSG00000232533.1	AC093673.1	chr7	143379692	143380495	5	5	5
ENSG00000159840.16	ZYX	chr7	143381295	143391111	5	5	5
ENSG00000278449.1	MIR6892	chr7	143382686	143382800	5	5	5
ENSG00000146904.9	EPHA1	chr7	143390289	143408856	5	5	5
ENSG00000229153.5	EPHA1-AS1	chr7	143407813	143523449	5	5	5
ENSG00000234066.1	TAS2R62P	chr7	143437034	143437973	5	5	5
ENSG00000185899.1	TAS2R60	chr7	143443453	143444409	5	5	5
ENSG00000221855.1	TAS2R41	chr7	143477873	143478796	5	5	5
ENSG00000236853.2	OR2R1P	chr7	143488462	143489402	5	5	5
ENSG00000176510.5	OR10AC1	chr7	143509256	143519469	5	5	5
ENSG00000229977.2	AC073264.1	chr7	143532749	143533164	5	5	5
ENSG00000229877.1	PAICSP5	chr7	143545186	143546735	5	5	5
ENSG00000271079.1	CTAGE15	chr7	143571801	143574387	5	5	5
ENSG00000252037.1	RNU6-162P	chr7	143574746	143574848	5	5	5
ENSG00000230556.1	AC073264.2	chr7	143578907	143579072	5	5	5
ENSG00000223459.6	TCAF1P1	chr7	143598039	143604839	5	5	5
ENSG00000283537.2	AC073264.3	chr7	143620943	143645675	5	5	5
ENSG00000170379.20	TCAF2	chr7	143620952	143730409	5	5	5
ENSG00000283528.2	TCAF2C	chr7	143639230	143647646	5	5	5
ENSG00000252523.1	RNU6-267P	chr7	143754628	143754730	5	5	5
ENSG00000271321.1	CTAGE6	chr7	143755089	143757696	5	5	5
ENSG00000253882.6	AC099548.2	chr7	143761790	143836933	5	5	5
ENSG00000241136.1	PAICSP6	chr7	143782667	143784284	5	5	5
ENSG00000232145.1	AC099548.1	chr7	143796295	143796720	5	5	5
ENSG00000159860.7	TCAF2P1	chr7	143800732	143817973	5	5	5
ENSG00000198420.10	TCAF1	chr7	143851375	143902198	5	5	5
ENSG00000221910.2	OR2F2	chr7	143935166	143936279	5	5	5
ENSG00000213215.5	OR2F1	chr7	143954844	143997312	5	5	5
ENSG00000270729.1	CAPZA1P5	chr7	143979121	143980225	5	5	5
ENSG00000273377.1	OR2Q1P	chr7	143980905	143981820	5	5	5
ENSG00000242280.1	SLC16A1P1	chr7	143985142	143986651	5	5	5
ENSG00000221813.4	OR6B1	chr7	144000320	144008793	5	5	5
ENSG00000221836.3	OR2A5	chr7	144048948	144058845	5	5	5
ENSG00000221933.3	OR2A25	chr7	144069811	144075870	5	5	5
ENSG00000239967.1	OR2A41P	chr7	144077721	144077825	5	5	5
ENSG00000221858.3	OR2A12	chr7	144086278	144098953	5	5	5
ENSG00000221989.2	OR2A2	chr7	144109514	144110564	5	5	5
ENSG00000239981.1	OR2A15P	chr7	144118461	144119360	5	5	5
ENSG00000221938.5	OR2A14	chr7	144123176	144131188	5	5	5
ENSG00000273234.1	OR2A13P	chr7	144142009	144142938	5	5	5
ENSG00000183122.5	OR2A3P	chr7	144153486	144158905	5	5	5
ENSG00000240621.1	OR2AO1P	chr7	144176740	144177142	5	5	5
ENSG00000225932.3	CTAGE4	chr7	144183466	144186053	5	5	5
ENSG00000213214.5	ARHGEF35	chr7	144186083	144195833	5	5	5
ENSG00000244198.7	ARHGEF35-AS1	chr7	144194858	144280547	5	5	5
ENSG00000212807.2	OR2A42	chr7	144228244	144239605	5	5	5
ENSG00000170356.9	OR2A20P	chr7	144250045	144256244	5	5	5
ENSG00000284644.1	AC074386.1	chr7	144251264	144355707	5	5	5
ENSG00000243896.4	OR2A7	chr7	144257663	144264792	5	5	5
ENSG00000244693.1	CTAGE8	chr7	144266701	144269288	5	5	5
ENSG00000204959.4	ARHGEF34P	chr7	144272445	144286966	5	5	5
ENSG00000228960.6	OR2A9P	chr7	144294480	144300934	5	5	5
ENSG00000244479.7	OR2A1-AS1	chr7	144300395	144356181	5	5	5
ENSG00000221970.2	OR2A1	chr7	144312464	144322668	5	5	5
ENSG00000050327.15	ARHGEF5	chr7	144355288	144380632	5	5	5
ENSG00000106410.15	NOBOX	chr7	144397240	144410227	5	5	5
ENSG00000242978.1	PPIAP83	chr7	144434826	144435314	5	5	5
ENSG00000221507.1	RNU6ATAC40P	chr7	144451681	144451817	5	5	5
ENSG00000196511.14	TPK1	chr7	144451941	144836395	5	5	5
ENSG00000243746.1	EEF1A1P10	chr7	144647186	144648575	5	5	5
ENSG00000200673.1	RN7SKP174	chr7	144849755	144850084	5	5	5
ENSG00000236343.1	EI24P4	chr7	145005058	145006135	5	5	5
ENSG00000214035.3	AC073310.1	chr7	145009961	145010993	5	5	5
ENSG00000225918.1	RPL7P59	chr7	145039999	145040941	5	5	5
ENSG00000226592.1	AC004911.1	chr7	145269514	145270384	5	5	5
ENSG00000231839.1	DPY19L4P2	chr7	145583197	145584817	5	5	5
ENSG00000230746.2	AC006007.1	chr7	145675679	145681369	5	5	5
ENSG00000280144.1	AC073308.1	chr7	146050062	146050366	5	5	5
ENSG00000174469.23	CNTNAP2	chr7	146116002	148420998	5	5	5
ENSG00000274127.1	AC073418.1	chr7	146208665	146208819	5	5	5
ENSG00000274118.1	Y_RNA	chr7	146311720	146311822	5	5	5
ENSG00000236795.1	CNTNAP2-AS1	chr7	147080934	147097609	5	5	5
ENSG00000226857.1	DUTP3	chr7	147146342	147146756	5	5	5
ENSG00000232391.1	RANP2	chr7	147167344	147167572	5	5	5
ENSG00000221442.1	MIR548F4	chr7	147378017	147378121	5	5	5
ENSG00000230190.1	AC005518.1	chr7	147671711	147673143	5	5	5
ENSG00000270634.1	AC005518.2	chr7	147704294	147704575	5	5	5
ENSG00000207318.1	RNU6-1184P	chr7	147831770	147831877	5	5	5
ENSG00000251936.1	RNA5SP249	chr7	147849884	147849982	5	5	5
ENSG00000242266.3	RN7SL456P	chr7	147940007	147940301	5	5	5
ENSG00000199370.2	U3	chr7	148389645	148389859	5	5	5
ENSG00000243374.3	RN7SL72P	chr7	148438309	148438577	5	5	5
ENSG00000274133.1	AC083849.1	chr7	148445786	148446299	5	5	5
ENSG00000283504.1	AC006974.1	chr7	148473599	148503458	5	5	5
ENSG00000283648.1	AC006974.2	chr7	148543677	148572177	5	5	5
ENSG00000213210.4	AC005229.2	chr7	148580401	148580799	5	5	5
ENSG00000287636.1	AC005229.5	chr7	148584818	148625479	5	5	5
ENSG00000170279.3	C7orf33	chr7	148590766	148615860	5	5	5
ENSG00000213209.2	AC005229.1	chr7	148637179	148637587	5	5	5
ENSG00000270200.1	AC005229.3	chr7	148649547	148650240	5	5	5
ENSG00000273314.1	AC005229.4	chr7	148696467	148698664	5	5	5
ENSG00000055130.17	CUL1	chr7	148697914	148801110	5	5	5
ENSG00000106462.11	EZH2	chr7	148807383	148884321	5	5	5
ENSG00000251712.3	RNU7-20P	chr7	148821012	148821073	5	5	5
ENSG00000275586.1	Metazoa_SRP	chr7	148876018	148876286	5	5	5
ENSG00000239468.3	RN7SL569P	chr7	148890226	148890513	5	5	5
ENSG00000286180.1	AC073140.2	chr7	148940265	148941228	5	5	5
ENSG00000286171.1	AC073140.1	chr7	148941483	148941638	5	5	5
ENSG00000252316.1	RNY4	chr7	148963315	148963410	5	5	5
ENSG00000202354.1	RNY3	chr7	148983755	148983856	5	5	5
ENSG00000201098.1	RNY1	chr7	148987136	148987248	5	5	5
ENSG00000281189.1	GHET1	chr7	148987527	148989432	5	5	5
ENSG00000155660.11	PDIA4	chr7	149003062	149028662	5	5	5
ENSG00000202528.1	RNU6-650P	chr7	149033057	149033167	5	5	5
ENSG00000234565.1	COX6B1P1	chr7	149053961	149054173	5	5	5
ENSG00000197362.15	ZNF786	chr7	149069641	149090782	5	5	5
ENSG00000204947.9	ZNF425	chr7	149102784	149126324	5	5	5
ENSG00000240877.3	RN7SL521P	chr7	149125690	149125986	5	5	5
ENSG00000197024.9	ZNF398	chr7	149126416	149183042	5	5	5
ENSG00000239719.1	AC004890.1	chr7	149191043	149191223	5	5	5
ENSG00000170265.12	ZNF282	chr7	149195546	149226238	5	5	5
ENSG00000170260.9	ZNF212	chr7	149239651	149255606	5	5	5
ENSG00000204946.10	ZNF783	chr7	149262171	149297302	5	5	5
ENSG00000271664.1	AC004890.3	chr7	149275619	149277992	5	5	5
ENSG00000244560.7	AC004890.2	chr7	149285281	149297312	5	5	5
ENSG00000231397.1	AC004941.2	chr7	149321865	149322092	5	5	5
ENSG00000215311.3	NPM1P12	chr7	149334024	149334857	5	5	5
ENSG00000228151.1	AC004941.1	chr7	149398204	149401456	5	5	5
ENSG00000261842.1	AC073314.1	chr7	149422675	149424890	5	5	5
ENSG00000196453.8	ZNF777	chr7	149431363	149461062	5	5	5
ENSG00000181220.17	ZNF746	chr7	149472696	149497817	5	5	5
ENSG00000133624.13	ZNF767P	chr7	149547154	149624752	5	5	5
ENSG00000133619.17	KRBA1	chr7	149714781	149734575	5	5	5
ENSG00000181444.13	ZNF467	chr7	149764182	149773588	5	5	5
ENSG00000197558.13	SSPOP	chr7	149776042	149833979	5	5	5
ENSG00000106479.11	ZNF862	chr7	149838375	149867479	5	5	5
ENSG00000280149.1	AC004877.2	chr7	149851572	149852170	5	5	5
ENSG00000273419.1	AC004877.1	chr7	149858400	149862492	5	5	5
ENSG00000204934.10	ATP6V0E2-AS1	chr7	149867697	149880610	5	5	5
ENSG00000171130.18	ATP6V0E2	chr7	149872968	149891204	5	5	5
ENSG00000273293.1	AC093458.1	chr7	149881359	149881580	5	5	5
ENSG00000279536.1	AC093458.2	chr7	149881477	149882105	5	5	5
ENSG00000273011.1	AC092681.3	chr7	149890739	149891416	5	5	5
ENSG00000224016.2	AC092681.1	chr7	149891191	149909704	5	5	5
ENSG00000260555.1	AC092681.2	chr7	150000752	150005124	5	5	5
ENSG00000241449.6	AC092666.1	chr7	150033653	150076655	5	5	5
ENSG00000276538.1	AC092666.2	chr7	150047609	150047854	5	5	5
ENSG00000286912.1	AC006008.1	chr7	150234194	150237608	5	5	5
ENSG00000106526.10	ACTR3C	chr7	150243916	150323725	5	5	5
ENSG00000188707.6	ZBED6CL	chr7	150322639	150332721	5	5	5
ENSG00000127399.15	LRRC61	chr7	150323263	150338156	5	5	5
ENSG00000261305.2	AC005586.1	chr7	150337483	150343346	5	5	5
ENSG00000106538.10	RARRES2	chr7	150338317	150341662	5	5	5
ENSG00000240449.1	REPIN1-AS1	chr7	150363777	150372590	5	5	5
ENSG00000214022.11	REPIN1	chr7	150368189	150374044	5	5	5
ENSG00000196456.13	ZNF775	chr7	150368790	150398630	5	5	5
ENSG00000284048.2	AC073111.2	chr7	150379329	150410597	5	5	5
ENSG00000239377.1	ZNF775-AS1	chr7	150379854	150383885	5	5	5
ENSG00000284691.1	AC073111.3	chr7	150400702	150412470	5	5	5
ENSG00000242258.1	LINC00996	chr7	150433654	150448140	5	5	5
ENSG00000171115.4	GIMAP8	chr7	150450630	150479393	5	5	5
ENSG00000271582.1	AC073111.1	chr7	150484061	150485135	5	5	5
ENSG00000213205.3	STRADBP1	chr7	150512559	150513839	5	5	5
ENSG00000179144.5	GIMAP7	chr7	150514872	150521073	5	5	5
ENSG00000243853.1	ALDH7A1P3	chr7	150541754	150542098	5	5	5
ENSG00000133574.10	GIMAP4	chr7	150567369	150573953	5	5	5
ENSG00000271568.1	AC069304.3	chr7	150603561	150604644	5	5	5
ENSG00000232361.3	AC069304.1	chr7	150614061	150614764	5	5	5
ENSG00000133561.15	GIMAP6	chr7	150625375	150632648	5	5	5
ENSG00000270990.1	AC069304.2	chr7	150676833	150677918	5	5	5
ENSG00000106560.11	GIMAP2	chr7	150685697	150693641	5	5	5
ENSG00000213203.3	GIMAP1	chr7	150716606	150724284	5	5	5
ENSG00000281887.3	GIMAP1-GIMAP5	chr7	150716668	150743646	5	5	5
ENSG00000196329.11	GIMAP5	chr7	150722253	150750033	5	5	5
ENSG00000177590.7	GIMAP3P	chr7	150746893	150747728	5	5	5
ENSG00000241134.3	BET1P1	chr7	150749736	150750094	5	5	5
ENSG00000106565.18	TMEM176B	chr7	150791285	150801360	5	5	5
ENSG00000002933.9	TMEM176A	chr7	150800403	150805118	5	5	5
ENSG00000002726.21	AOC1	chr7	150824627	150861504	5	5	5
ENSG00000055118.16	KCNH2	chr7	150944961	150978321	5	5	5
ENSG00000164867.11	NOS3	chr7	150991017	151014588	5	5	5
ENSG00000181652.19	ATG9B	chr7	151012209	151024499	5	5	5
ENSG00000197150.13	ABCB8	chr7	151028422	151047782	5	5	5
ENSG00000243433.1	AC010973.1	chr7	151028781	151029754	5	5	5
ENSG00000213199.8	ASIC3	chr7	151048292	151052756	5	5	5
ENSG00000164885.13	CDK5	chr7	151053815	151057897	5	5	5
ENSG00000164889.15	SLC4A2	chr7	151057210	151076526	5	5	5
ENSG00000288608.1	AC010973.3	chr7	151061928	151061978	5	5	5
ENSG00000244151.1	AC010973.2	chr7	151074742	151076530	5	5	5
ENSG00000164896.20	FASTK	chr7	151076593	151080866	5	5	5
ENSG00000164897.14	TMUB1	chr7	151081085	151083493	5	5	5
ENSG00000133612.19	AGAP3	chr7	151085831	151144436	5	5	5
ENSG00000164900.4	GBX1	chr7	151148589	151174745	5	5	5
ENSG00000146926.11	ASB10	chr7	151175698	151187832	5	5	5
ENSG00000278685.4	IQCA1L	chr7	151190873	151205496	5	5	5
ENSG00000285480.1	H2BE1	chr7	151207837	151210378	5	5	5
ENSG00000285292.1	ABCF2-H2BE1	chr7	151207837	151227166	5	5	5
ENSG00000033050.9	ABCF2	chr7	151211484	151227205	5	5	5
ENSG00000033100.16	CHPF2	chr7	151232489	151238827	5	5	5
ENSG00000284191.1	MIR671	chr7	151238421	151238538	5	5	5
ENSG00000082014.17	SMARCD3	chr7	151238764	151277896	5	5	5
ENSG00000272661.1	AC021097.1	chr7	151240399	151240972	5	5	5
ENSG00000243018.1	AC005486.1	chr7	151249325	151254390	5	5	5
ENSG00000013374.16	NUB1	chr7	151341699	151378449	5	5	5
ENSG00000187260.16	WDR86	chr7	151375909	151410727	5	5	5
ENSG00000243836.5	WDR86-AS1	chr7	151409161	151413354	5	5	5
ENSG00000241456.1	AC005996.1	chr7	151427683	151439124	5	5	5
ENSG00000127377.10	CRYGN	chr7	151428832	151440813	5	5	5
ENSG00000265810.1	MIR3907	chr7	151433489	151433639	5	5	5
ENSG00000241959.3	RN7SL76P	chr7	151464650	151464938	5	5	5
ENSG00000106615.10	RHEB	chr7	151466012	151520120	5	5	5
ENSG00000240132.1	ETF1P2	chr7	151501878	151503463	5	5	5
ENSG00000106617.15	PRKAG2	chr7	151556124	151877125	5	5	5
ENSG00000242048.3	AC093583.1	chr7	151806490	151810820	5	5	5
ENSG00000239911.2	PRKAG2-AS1	chr7	151877042	151879223	5	5	5
ENSG00000212219.1	RNU6-604P	chr7	151900275	151900374	5	5	5
ENSG00000222941.2	Y_RNA	chr7	151916331	151916418	5	5	5
ENSG00000227562.1	AC074257.1	chr7	151950386	151954985	5	5	5
ENSG00000106648.14	GALNTL5	chr7	151956379	152019929	5	5	5
ENSG00000276213.1	Metazoa_SRP	chr7	152025194	152025472	5	5	5
ENSG00000178234.13	GALNT11	chr7	152025674	152122340	5	5	5
ENSG00000229591.1	AC006017.1	chr7	152120001	152121717	5	5	5
ENSG00000213188.3	YBX1P4	chr7	152128879	152129686	5	5	5
ENSG00000055609.19	KMT2C	chr7	152134922	152436003	5	5	5
ENSG00000270405.1	AC104692.2	chr7	152366763	152367015	5	5	5
ENSG00000204894.4	AC104692.1	chr7	152367171	152367260	5	5	5
ENSG00000241007.1	SEPTIN7P6	chr7	152367519	152368661	5	5	5
ENSG00000253088.1	Y_RNA	chr7	152402780	152402893	5	5	5
ENSG00000241735.2	FABP5P3	chr7	152435695	152443176	5	5	5
ENSG00000020219.9	CCT8L1P	chr7	152445477	152447150	5	5	5
ENSG00000261455.1	LINC01003	chr7	152463786	152465549	5	5	5
ENSG00000231139.1	AC104843.2	chr7	152590641	152590941	5	5	5
ENSG00000285912.1	5S_rRNA	chr7	152592973	152593091	5	5	5
ENSG00000225416.1	AC104843.1	chr7	152602213	152602892	5	5	5
ENSG00000212590.1	AC003109.1	chr7	152609313	152609434	5	5	5
ENSG00000196584.3	XRCC2	chr7	152644776	152676141	5	5	5
ENSG00000214003.2	ATP5PBP3	chr7	152749079	152749735	5	5	5
ENSG00000244328.3	RN7SL845P	chr7	152757662	152757951	5	5	5
ENSG00000133627.18	ACTR3B	chr7	152759749	152855378	5	5	5
ENSG00000286565.1	AC006348.1	chr7	152925233	152936981	5	5	5
ENSG00000224104.1	AC079809.1	chr7	153144313	153144588	5	5	5
ENSG00000234722.5	LINC01287	chr7	153355365	153413985	5	5	5
ENSG00000285524.1	AC073236.1	chr7	153395484	153396921	5	5	5
ENSG00000233489.1	PAXBP1P1	chr7	153449429	153449875	5	5	5
ENSG00000287744.1	AC005998.1	chr7	153715074	153748986	5	5	5
ENSG00000130226.17	DPP6	chr7	153887097	154894285	5	5	5
ENSG00000226509.1	AC005588.1	chr7	153968665	153968826	5	5	5
ENSG00000270114.1	AC006019.3	chr7	154026287	154038604	5	5	5
ENSG00000203335.5	AC006019.1	chr7	154055286	154063325	5	5	5
ENSG00000233363.1	AC006019.2	chr7	154092201	154096043	5	5	5
ENSG00000286461.1	AC024730.1	chr7	154544169	154547285	5	5	5
ENSG00000236408.1	AC073336.1	chr7	154838388	154865483	5	5	5
ENSG00000214106.9	PAXIP1-AS2	chr7	154928460	154952188	5	5	5
ENSG00000157212.19	PAXIP1	chr7	154943687	155003124	5	5	5
ENSG00000272760.1	AC093726.1	chr7	154951226	154952188	5	5	5
ENSG00000273183.1	AC093726.2	chr7	154956429	154957107	5	5	5
ENSG00000273344.1	PAXIP1-AS1	chr7	155003448	155005703	5	5	5
ENSG00000220575.8	HTR5A-AS1	chr7	155067034	155072450	5	5	5
ENSG00000157219.5	HTR5A	chr7	155070324	155087392	5	5	5
ENSG00000283339.1	AC093726.3	chr7	155074599	155074748	5	5	5
ENSG00000274637.1	AC092628.2	chr7	155106062	155106400	5	5	5
ENSG00000228806.1	AC092628.1	chr7	155106400	155106651	5	5	5
ENSG00000201066.1	RN7SKP280	chr7	155181881	155182184	5	5	5
ENSG00000217825.2	AC099552.1	chr7	155196563	155198455	5	5	5
ENSG00000228521.2	AC099552.3	chr7	155204147	155205189	5	5	5
ENSG00000287865.1	AC099552.5	chr7	155213920	155217134	5	5	5
ENSG00000278998.1	AC099552.4	chr7	155222903	155223851	5	5	5
ENSG00000225612.2	AC099552.2	chr7	155267137	155270912	5	5	5
ENSG00000273117.1	AC144652.1	chr7	155295918	155297541	5	5	5
ENSG00000186480.13	INSIG1	chr7	155297776	155310235	5	5	5
ENSG00000204960.7	BLACE	chr7	155356985	155367934	5	5	5
ENSG00000218672.1	AC008060.1	chr7	155382076	155396356	5	5	5
ENSG00000260426.1	AC008060.4	chr7	155399922	155401782	5	5	5
ENSG00000288051.1	AC008060.5	chr7	155412596	155421884	5	5	5
ENSG00000236544.1	AC008060.3	chr7	155421206	155457099	5	5	5
ENSG00000164778.4	EN2	chr7	155458129	155464831	5	5	5
ENSG00000146910.12	CNPY1	chr7	155474206	155555450	5	5	5
ENSG00000283128.2	AC009403.2	chr7	155474256	155644406	5	5	5
ENSG00000227365.1	AC008060.2	chr7	155510283	155518623	5	5	5
ENSG00000287610.1	AC009403.3	chr7	155534964	155536825	5	5	5
ENSG00000216895.9	AC009403.1	chr7	155611231	155645205	5	5	5
ENSG00000184863.11	RBM33	chr7	155644451	155781485	5	5	5
ENSG00000164690.8	SHH	chr7	155799980	155812463	5	5	5
ENSG00000204876.4	AC021218.1	chr7	155962632	155966343	5	5	5
ENSG00000207061.1	Y_RNA	chr7	156186122	156186223	5	5	5
ENSG00000270584.1	AC093813.1	chr7	156263547	156263802	5	5	5
ENSG00000182648.13	LINC01006	chr7	156388922	156640654	5	5	5
ENSG00000279418.1	LINC00244	chr7	156540491	156541103	5	5	5
ENSG00000234450.1	AC005534.1	chr7	156633355	156633787	5	5	5
ENSG00000105982.17	RNF32	chr7	156640281	156677130	5	5	5
ENSG00000224903.2	RNF32-AS1	chr7	156654185	156659582	5	5	5
ENSG00000105983.22	LMBR1	chr7	156668946	156893216	5	5	5
ENSG00000206938.1	RNU4-31P	chr7	156872078	156872218	5	5	5
ENSG00000230033.1	AC006357.1	chr7	156944721	156945645	5	5	5
ENSG00000146909.8	NOM1	chr7	156949712	156973176	5	5	5
ENSG00000130675.15	MNX1	chr7	156994051	157010663	5	5	5
ENSG00000235029.1	MNX1-AS2	chr7	157006307	157007132	5	5	5
ENSG00000243479.3	MNX1-AS1	chr7	157010805	157016426	5	5	5
ENSG00000236102.2	AC006967.2	chr7	157057709	157058514	5	5	5
ENSG00000229365.3	AC006967.1	chr7	157087955	157088543	5	5	5
ENSG00000269446.2	AC006967.3	chr7	157109980	157111072	5	5	5
ENSG00000009335.18	UBE3C	chr7	157138916	157269370	5	5	5
ENSG00000225224.1	RPS27AP12	chr7	157192368	157192832	5	5	5
ENSG00000236018.2	AC004898.1	chr7	157197600	157198511	5	5	5
ENSG00000224629.1	AC004975.1	chr7	157263022	157263229	5	5	5
ENSG00000229660.1	AC004975.2	chr7	157281536	157282686	5	5	5
ENSG00000105993.15	DNAJB6	chr7	157335381	157417439	5	5	5
ENSG00000234210.1	AC006372.3	chr7	157466231	157499716	5	5	5
ENSG00000223872.2	AC006372.1	chr7	157501322	157503908	5	5	5
ENSG00000233191.2	AC006372.2	chr7	157513294	157518658	5	5	5
ENSG00000280266.1	AC006372.4	chr7	157525783	157527325	5	5	5
ENSG00000155093.19	PTPRN2	chr7	157539056	158587823	5	5	5
ENSG00000207960.1	MIR153-2	chr7	157574336	157574422	5	5	5
ENSG00000222012.1	AC005481.1	chr7	157614023	157618765	5	5	5
ENSG00000231515.1	AC006003.1	chr7	157739010	157740456	5	5	5
ENSG00000233038.6	PTPRN2-AS1	chr7	157854529	157863011	5	5	5
ENSG00000272839.1	AC011899.2	chr7	157868538	157869154	5	5	5
ENSG00000285821.1	AC011899.3	chr7	157987169	157989456	5	5	5
ENSG00000231980.1	AC011899.1	chr7	158027373	158031128	5	5	5
ENSG00000207637.1	MIR595	chr7	158532718	158532813	5	5	5
ENSG00000225365.1	AC078942.1	chr7	158537495	158539879	5	5	5
ENSG00000232715.1	LINC01022	chr7	158590629	158591120	5	5	5
ENSG00000265598.1	MIR5707	chr7	158591616	158591696	5	5	5
ENSG00000224324.1	THAP5P1	chr7	158623188	158623449			
ENSG00000146918.20	NCAPG2	chr7	158631169	158704804			
ENSG00000228030.2	AC019084.1	chr7	158719730	158720161			
ENSG00000117868.17	ESYT2	chr7	158730995	158830253			
ENSG00000126870.16	DYNC2I1	chr7	158856558	158956747			
ENSG00000286407.1	AC004863.1	chr7	158957497	158958699			
ENSG00000231419.6	LINC00689	chr7	159006522	159030195			
ENSG00000106018.14	VIPR2	chr7	159028175	159144867			
ENSG00000287184.1	AC007269.1	chr7	159107761	159109216			
ENSG00000229435.2	PIP5K1P2	chr7	159231435	159233377			
ENSG00000253620.2	AC144568.1	chr8	64091	64320			
ENSG00000253896.3	AC144568.2	chr8	72601	79775			
ENSG00000254193.1	AC131281.2	chr8	150584	150728			
ENSG00000253612.1	WBP1LP3	chr8	155274	155481			
ENSG00000176269.3	OR4F21	chr8	166049	167043			
ENSG00000255464.1	SEPTIN14P8	chr8	200385	200562			
ENSG00000253166.2	AC131281.1	chr8	202660	202897			
ENSG00000223508.5	RPL23AP53	chr8	213186	232231			
ENSG00000172748.14	ZNF596	chr8	232137	264703			
ENSG00000272812.1	AC004908.2	chr8	233119	233692			
ENSG00000272240.1	AC004908.1	chr8	234347	234887			
ENSG00000273402.1	AC004908.3	chr8	237045	237669			
ENSG00000254104.2	AC136777.2	chr8	264315	264672			
ENSG00000249868.5	AC136777.1	chr8	311133	331026			
ENSG00000182366.10	FAM87A	chr8	375931	384079			
ENSG00000147364.17	FBXO25	chr8	406428	477967			
ENSG00000272293.1	AC083964.1	chr8	450714	451343			
ENSG00000279852.1	AC083964.2	chr8	486117	488512			
ENSG00000180190.12	TDRP	chr8	489803	545781			
ENSG00000104714.14	ERICH1	chr8	614746	738106	6	6	6
ENSG00000254207.1	AC100797.1	chr8	725188	725877	6	6	6
ENSG00000198010.13	DLGAP2	chr8	737628	1708476	6	6	6
ENSG00000282375.1	AC100797.4	chr8	738548	740374	6	6	6
ENSG00000282759.1	AC026950.2	chr8	891251	893112	6	6	6
ENSG00000282692.1	AC129915.3	chr8	1018757	1019704	6	6	6
ENSG00000254160.1	AC110288.1	chr8	1246789	1248760	6	6	6
ENSG00000275427.1	AF067845.2	chr8	1296034	1302607	6	6	6
ENSG00000260721.1	AF067845.1	chr8	1368642	1369833	6	6	6
ENSG00000282160.1	AF067845.5	chr8	1373685	1381394	6	6	6
ENSG00000281961.1	AF067845.4	chr8	1377867	1380307	6	6	6
ENSG00000253267.5	DLGAP2-AS1	chr8	1565509	1622417	6	6	6
ENSG00000283576.1	AC100810.6	chr8	1726273	1726557	6	6	6
ENSG00000254265.1	AC100810.2	chr8	1730206	1731452	6	6	6
ENSG00000182372.10	CLN8	chr8	1755778	1801711	6	6	6
ENSG00000282021.1	AC100810.3	chr8	1758208	1760447	6	6	6
ENSG00000253982.2	AC100810.1	chr8	1761054	1764508	6	6	6
ENSG00000283239.1	AC019257.8	chr8	1763888	1958627	6	6	6
ENSG00000283858.1	MIR3674	chr8	1801125	1801192	6	6	6
ENSG00000287464.1	AC100810.7	chr8	1810823	1817113	6	6	6
ENSG00000207826.1	MIR596	chr8	1817231	1817307	6	6	6
ENSG00000104728.16	ARHGEF10	chr8	1823926	1958641	6	6	6
ENSG00000285957.1	AC019257.9	chr8	1957921	1963131	6	6	6
ENSG00000253764.3	AC019257.1	chr8	1971153	1974637	6	6	6
ENSG00000253696.2	KBTBD11-OT1	chr8	1971397	1976478	6	6	6
ENSG00000176595.4	KBTBD11	chr8	1973677	2006936	6	6	6
ENSG00000270988.1	AC019257.2	chr8	1974818	1975314	6	6	6
ENSG00000253805.1	AC245164.1	chr8	2033508	2035587	6	6	6
ENSG00000036448.10	MYOM2	chr8	2045046	2165552	6	6	6
ENSG00000273593.1	MIR7160	chr8	2076589	2076640	6	6	6
ENSG00000287970.1	AC245164.2	chr8	2130550	2134880	6	6	6
ENSG00000253444.1	AC245519.1	chr8	2493876	2512580	6	6	6
ENSG00000282686.1	AC245519.2	chr8	2495522	2499428	6	6	6
ENSG00000282142.2	AC245187.2	chr8	2517898	2556440	6	6	6
ENSG00000253855.1	AC245187.1	chr8	2518998	2522182	6	6	6
ENSG00000277526.5	AC245123.1	chr8	2562813	2623382	6	6	6
ENSG00000254319.6	AC246817.2	chr8	2648075	2728577	6	6	6
ENSG00000253853.3	AC246817.1	chr8	2726956	2838823	6	6	6
ENSG00000287740.1	AC115485.1	chr8	2873525	2877916	6	6	6
ENSG00000288580.1	AC023296.1	chr8	2923568	2926689	6	6	6
ENSG00000183117.19	CSMD1	chr8	2935353	4994972	6	6	6
ENSG00000253162.1	AC026991.1	chr8	3373353	3375226	6	6	6
ENSG00000285861.1	AC026991.2	chr8	3409133	3426587	6	6	6
ENSG00000222546.1	RNA5SP251	chr8	3700492	3700628	6	6	6
ENSG00000286934.1	AC027251.1	chr8	4317388	4329027	6	6	6
ENSG00000288110.1	AC010941.1	chr8	4496392	4503392	6	6	6
ENSG00000285977.1	AC022068.1	chr8	4633065	4635654	6	6	6
ENSG00000254244.1	PAICSP4	chr8	4787332	4788584	6	6	6
ENSG00000253262.1	AC019176.1	chr8	5072645	5072869	6	6	6
ENSG00000273876.1	AC019176.2	chr8	5127919	5128233	6	6	6
ENSG00000206661.1	SNORA70	chr8	5128279	5128412	6	6	6
ENSG00000242079.1	RN7SL318P	chr8	5142411	5142707	6	6	6
ENSG00000278256.1	AC007718.1	chr8	5363371	5363650	6	6	6
ENSG00000271248.1	AC091193.1	chr8	5455218	5455665	6	6	6
ENSG00000240486.2	RPL23AP54	chr8	5476548	5476966	6	6	6
ENSG00000253510.1	AC004944.1	chr8	5506068	5509126	6	6	6
ENSG00000254007.2	AC084768.1	chr8	5659679	5670140	6	6	6
ENSG00000275461.1	AC084768.2	chr8	5716584	5716804	6	6	6
ENSG00000253571.1	AC087369.1	chr8	5848697	5849692	6	6	6
ENSG00000286969.1	AC087369.2	chr8	5853138	5854977	6	6	6
ENSG00000222589.1	RN7SKP159	chr8	5910945	5911236	6	6	6
ENSG00000253189.1	AC079054.1	chr8	6036433	6036974	6	6	6
ENSG00000253880.1	AC009435.1	chr8	6044353	6257537	6	6	6
ENSG00000246089.3	AC016065.1	chr8	6403551	6407142	6	6	6
ENSG00000147316.13	MCPH1	chr8	6406596	6648508	6	6	6
ENSG00000253550.1	AC016065.2	chr8	6473845	6474288	6	6	6
ENSG00000091879.14	ANGPT2	chr8	6499632	6563409	6	6	6
ENSG00000288076.1	AC018398.2	chr8	6572571	6576219	6	6	6
ENSG00000271743.1	AF287957.1	chr8	6615604	6617198	6	6	6
ENSG00000249898.8	MCPH1-AS1	chr8	6617310	6708224	6	6	6
ENSG00000276580.1	MIR8055	chr8	6622124	6622220	6	6	6
ENSG00000155189.12	AGPAT5	chr8	6708642	6761503	6	6	6
ENSG00000266038.1	MIR4659A	chr8	6745164	6745244	6	6	6
ENSG00000283386.1	MIR4659B	chr8	6745168	6745240	6	6	6
ENSG00000287747.1	AF233439.2	chr8	6780874	6789021	6	6	6
ENSG00000275591.5	XKR5	chr8	6808517	6835524	6	6	6
ENSG00000245857.3	GS1-24F4.2	chr8	6835535	6885276	6	6	6
ENSG00000164825.4	DEFB1	chr8	6870592	6877936	6	6	6
ENSG00000250752.2	RPL23AP96	chr8	6898878	6899468	6	6	6
ENSG00000164822.5	DEFA6	chr8	6924697	6926076	6	6	6
ENSG00000254625.1	AF233439.1	chr8	6928608	6930473	6	6	6
ENSG00000164821.5	DEFA4	chr8	6935820	6938306	6	6	6
ENSG00000223629.1	DEFA8P	chr8	6950726	6951599	6	6	6
ENSG00000233238.1	DEFA9P	chr8	6959289	6960161	6	6	6
ENSG00000233531.1	DEFA10P	chr8	6968141	6969113	6	6	6
ENSG00000206047.2	DEFA1	chr8	6977649	6980080	6	6	6
ENSG00000215378.3	DEFT1P	chr8	6987178	6989721	6	6	6
ENSG00000240247.7	DEFA1B	chr8	6996766	6999195	6	6	6
ENSG00000232039.2	DEFT1P2	chr8	7006293	7007389	6	6	6
ENSG00000239839.7	DEFA3	chr8	7015869	7018297	6	6	6
ENSG00000234178.1	DEFA11P	chr8	7028641	7029489	6	6	6
ENSG00000206042.1	DEFA7P	chr8	7038571	7039439	6	6	6
ENSG00000164816.8	DEFA5	chr8	7055304	7056739	6	6	6
ENSG00000255273.1	AF238378.1	chr8	7082971	7083328	6	6	6
ENSG00000284620.2	AF228730.5	chr8	7092102	7187316	6	6	6
ENSG00000234120.1	AF228730.2	chr8	7112314	7113728	6	6	6
ENSG00000228744.1	RPS3AP30	chr8	7122857	7123704	6	6	6
ENSG00000254683.1	SNRPCP6	chr8	7143632	7143841	6	6	6
ENSG00000230106.1	SNRPCP15	chr8	7170550	7170741	6	6	6
ENSG00000214268.2	RPS3AP33	chr8	7190901	7191563	6	6	6
ENSG00000231930.1	AF228730.1	chr8	7200756	7200857	6	6	6
ENSG00000284614.1	AF228730.4	chr8	7221713	7221930	6	6	6
ENSG00000284728.1	AF228730.6	chr8	7227853	7228073	6	6	6
ENSG00000255025.1	AF228730.3	chr8	7238286	7238631	6	6	6
ENSG00000177306.4	OR7E125P	chr8	7246726	7247571	6	6	6
ENSG00000230045.4	FAM90A15P	chr8	7256904	7259914	6	6	6
ENSG00000233132.4	FAM90A3P	chr8	7264526	7267536	6	6	6
ENSG00000249005.3	FAM90A4P	chr8	7272148	7275158	6	6	6
ENSG00000223885.4	FAM90A13P	chr8	7279770	7282780	6	6	6
ENSG00000215373.4	FAM90A5P	chr8	7287392	7290402	6	6	6
ENSG00000233295.3	FAM90A20P	chr8	7295014	7298024	6	6	6
ENSG00000215374.6	FAM66B	chr8	7298744	7355359	6	6	6
ENSG00000206034.1	DEFB109B	chr8	7312846	7319951	6	6	6
ENSG00000230549.3	USP17L1	chr8	7332387	7333979	6	6	6
ENSG00000236125.3	USP17L4	chr8	7337115	7338707	6	6	6
ENSG00000235778.1	AC130360.1	chr8	7341826	7342942	6	6	6
ENSG00000215372.6	ZNF705G	chr8	7355517	7385558	6	6	6
ENSG00000215371.3	DEFB108C	chr8	7373114	7377500	6	6	6
ENSG00000177257.3	DEFB4B	chr8	7414855	7416863	6	6	6
ENSG00000255128.1	HSPD1P3	chr8	7418991	7420546	6	6	6
ENSG00000177243.3	DEFB103B	chr8	7428888	7430348	6	6	6
ENSG00000164871.17	SPAG11B	chr8	7442684	7463674	6	6	6
ENSG00000177023.2	DEFB104B	chr8	7470308	7475082	6	6	6
ENSG00000187082.2	DEFB106B	chr8	7482504	7486400	6	6	6
ENSG00000186599.8	DEFB105B	chr8	7487679	7489593	6	6	6
ENSG00000198129.3	DEFB107B	chr8	7495911	7509311	6	6	6
ENSG00000285659.1	AC134684.11	chr8	7525143	7527297	6	6	6
ENSG00000255251.1	PRR23D1	chr8	7539628	7542450	6	6	6
ENSG00000285927.1	AC134684.12	chr8	7544676	7545300	6	6	6
ENSG00000248944.1	FAM90A6P	chr8	7549053	7552062	6	6	6
ENSG00000285975.1	FAM90A7P	chr8	7556700	7559712	6	6	6
ENSG00000234749.5	FAM90A21P	chr8	7564350	7567360	6	6	6
ENSG00000285687.1	FAM90A22P	chr8	7571995	7575006	6	6	6
ENSG00000285765.1	FAM90A23P	chr8	7579644	7582653	6	6	6
ENSG00000233176.3	OR7E157P	chr8	7592006	7592916	6	6	6
ENSG00000254796.1	AC134684.1	chr8	7601004	7601267	6	6	6
ENSG00000284617.1	AC134684.10	chr8	7611473	7611690	6	6	6
ENSG00000284655.1	AC084121.2	chr8	7680309	7680526	6	6	6
ENSG00000284698.1	AC084121.3	chr8	7686423	7686643	6	6	6
ENSG00000254889.1	AC084121.1	chr8	7696830	7697093	6	6	6
ENSG00000254715.3	OR7E154P	chr8	7705182	7706113	6	6	6
ENSG00000285814.1	FAM90A14P	chr8	7715443	7718453	6	6	6
ENSG00000285913.1	FAM90A18P	chr8	7723091	7726101	6	6	6
ENSG00000285620.1	FAM90A16P	chr8	7730739	7733749	6	6	6
ENSG00000285937.1	FAM90A8P	chr8	7738387	7741396	6	6	6
ENSG00000285720.1	FAM90A17P	chr8	7746034	7749044	6	6	6
ENSG00000285657.1	FAM90A19P	chr8	7753682	7756692	6	6	6
ENSG00000285607.1	FAM90A9P	chr8	7761330	7764340	6	6	6
ENSG00000285950.1	FAM90A10P	chr8	7768977	7771988	6	6	6
ENSG00000285862.1	AC084121.4	chr8	7775741	7776365	6	6	6
ENSG00000255378.1	PRR23D2	chr8	7778591	7781413	6	6	6
ENSG00000254776.1	PRR23D3P	chr8	7793716	7795870	6	6	6
ENSG00000186572.2	DEFB107A	chr8	7811720	7815716	6	6	6
ENSG00000186562.7	DEFB105A	chr8	7821966	7823889	6	6	6
ENSG00000186579.3	DEFB106A	chr8	7825139	7829053	6	6	6
ENSG00000176782.3	DEFB104A	chr8	7836436	7841242	6	6	6
ENSG00000178287.18	SPAG11A	chr8	7847876	7868867	6	6	6
ENSG00000176797.4	DEFB103A	chr8	7881392	7882663	6	6	6
ENSG00000254543.1	HSPD1P2	chr8	7891003	7892555	6	6	6
ENSG00000171711.3	DEFB4A	chr8	7894677	7896716	6	6	6
ENSG00000215356.4	ZNF705B	chr8	7926337	7952413	6	6	6
ENSG00000229907.3	DEFB108A	chr8	7934412	7938770	6	6	6
ENSG00000225725.4	FAM66E	chr8	7955014	8008755	6	6	6
ENSG00000255211.1	AC130365.1	chr8	7967344	7968544	6	6	6
ENSG00000237038.5	USP17L8	chr8	7971661	7973253	6	6	6
ENSG00000225327.3	USP17L3	chr8	7976393	7977985	6	6	6
ENSG00000205989.1	DEFB109C	chr8	7990415	7997521	6	6	6
ENSG00000233115.4	FAM90A11P	chr8	8011782	8017011	6	6	6
ENSG00000215354.9	FAM90A24P	chr8	8019429	8024652	6	6	6
ENSG00000254229.2	FAM90A12P	chr8	8027077	8032305	6	6	6
ENSG00000227013.3	OR7E96P	chr8	8039978	8040953	6	6	6
ENSG00000253881.1	AC105233.1	chr8	8048919	8049267	6	6	6
ENSG00000284603.1	AC105233.3	chr8	8059459	8059674	6	6	6
ENSG00000284606.1	AC105233.4	chr8	8059572	8199973	6	6	6
ENSG00000284661.1	AC105233.5	chr8	8065599	8065816	6	6	6
ENSG00000255459.1	AC105233.2	chr8	8086022	8086765	6	6	6
ENSG00000221305.1	MIR548I3	chr8	8088941	8089089	6	6	6
ENSG00000244427.1	RPS3AP31	chr8	8095946	8096726	6	6	6
ENSG00000254311.1	SNRPCP17	chr8	8116745	8116949	6	6	6
ENSG00000249188.1	ENPP7P1	chr8	8154308	8216916	6	6	6
ENSG00000253893.2	FAM85B	chr8	8167819	8226614	6	6	6
ENSG00000268955.2	AC068020.1	chr8	8188535	8189195	6	6	6
ENSG00000173295.7	FAM86B3P	chr8	8228595	8244865	6	6	6
ENSG00000253981.5	ALG1L13P	chr8	8236003	8244667	6	6	6
ENSG00000275342.5	PRAG1	chr8	8317736	8386439	6	6	6
ENSG00000253505.3	AC103957.1	chr8	8414204	8424648	6	6	6
ENSG00000254153.1	AC103957.2	chr8	8456909	8461337	6	6	6
ENSG00000253343.1	AC114550.2	chr8	8555738	8560965	6	6	6
ENSG00000253774.1	AC114550.3	chr8	8559894	8562124	6	6	6
ENSG00000253130.2	AC114550.1	chr8	8561386	8574038	6	6	6
ENSG00000263616.2	RN7SL178P	chr8	8582352	8582655	6	6	6
ENSG00000286910.1	AC087269.3	chr8	8665497	8669404	6	6	6
ENSG00000253958.2	CLDN23	chr8	8701937	8704096	6	6	6
ENSG00000284717.1	AC087269.2	chr8	8714055	8719536	6	6	6
ENSG00000254367.5	AC087269.1	chr8	8723693	8782479	6	6	6
ENSG00000147324.11	MFHAS1	chr8	8783354	8893630	6	6	6
ENSG00000200713.1	RNU6-682P	chr8	8895813	8895918	6	6	6
ENSG00000270966.1	AC087763.1	chr8	8933721	8934006	6	6	6
ENSG00000233609.3	RPL10P19	chr8	8961200	8979025	6	6	6
ENSG00000207244.1	SNORA70	chr8	8961575	8961708	6	6	6
ENSG00000104626.15	ERI1	chr8	9002147	9116746	6	6	6
ENSG00000263407.1	MIR4660	chr8	9048445	9048518	6	6	6
ENSG00000239078.1	RNU7-55P	chr8	9072455	9072516	6	6	6
ENSG00000197334.2	Metazoa_SRP	chr8	9091240	9091508	6	6	6
ENSG00000173281.5	PPP1R3B	chr8	9136255	9151574	6	6	6
ENSG00000254340.2	AC022784.5	chr8	9141424	9145503	6	6	6
ENSG00000248538.8	AC022784.1	chr8	9151695	9425524	6	6	6
ENSG00000279949.1	AC022784.6	chr8	9158063	9158621	6	6	6
ENSG00000253252.2	AC022784.2	chr8	9180251	9182519	6	6	6
ENSG00000254091.2	AC022784.4	chr8	9233013	9233449	6	6	6
ENSG00000253887.1	AC022784.3	chr8	9255349	9260295	6	6	6
ENSG00000207415.1	RNU6-1151P	chr8	9287472	9287578	6	6	6
ENSG00000253735.1	AC021736.1	chr8	9351238	9358441	6	6	6
ENSG00000254237.6	AC021242.2	chr8	9367898	9436205	6	6	6
ENSG00000201815.1	RNU6-526P	chr8	9371090	9371195	6	6	6
ENSG00000249050.1	AC021242.1	chr8	9453698	9457418	6	6	6
ENSG00000272267.2	AC021242.3	chr8	9555144	9556520	6	6	6
ENSG00000173273.16	TNKS	chr8	9555912	9782346	6	6	6
ENSG00000253697.1	AC103834.1	chr8	9658295	9658438	6	6	6
ENSG00000207701.1	MIR597	chr8	9741672	9741768	6	6	6
ENSG00000253230.9	MIR124-1HG	chr8	9899871	9906678	6	6	6
ENSG00000284321.1	MIR124-1	chr8	9903388	9903472	6	6	6
ENSG00000286622.1	AC034111.2	chr8	9984004	10055041	6	6	6
ENSG00000260093.1	AC034111.1	chr8	10050485	10054254	6	6	6
ENSG00000175806.15	MSRA	chr8	10054292	10428891	6	6	6
ENSG00000285675.1	AC023385.1	chr8	10118005	10147423	6	6	6
ENSG00000285606.1	AC079200.1	chr8	10275499	10279737	6	6	6
ENSG00000249848.1	AC112673.1	chr8	10336782	10337677	6	6	6
ENSG00000261451.1	AC104964.2	chr8	10433672	10438312	6	6	6
ENSG00000253641.6	LINCR-0001	chr8	10474565	10482388	6	6	6
ENSG00000285237.1	PRSS52P	chr8	10474789	10475045	6	6	6
ENSG00000207128.1	RNU6-729P	chr8	10476223	10476329	6	6	6
ENSG00000253678.3	AC104964.1	chr8	10476591	10479446	6	6	6
ENSG00000253649.5	PRSS51	chr8	10482878	10547585	6	6	6
ENSG00000272505.1	AC104964.3	chr8	10486807	10489666	6	6	6
ENSG00000184647.11	PRSS55	chr8	10525532	10554166	6	6	6
ENSG00000183638.6	RP1L1	chr8	10606349	10712187	6	6	6
ENSG00000263762.1	MIR4286	chr8	10666978	10667070	6	6	6
ENSG00000171060.11	C8orf74	chr8	10672628	10700590	6	6	6
ENSG00000212433.1	RNA5SP252	chr8	10686569	10686687	6	6	6
ENSG00000171056.8	SOX7	chr8	10723768	10730511	6	6	6
ENSG00000258724.1	AC105001.2	chr8	10725399	10839847	6	6	6
ENSG00000248896.3	AC105001.1	chr8	10729314	10772910	6	6	6
ENSG00000254093.9	PINX1	chr8	10764961	10839884	6	6	6
ENSG00000283210.1	MIR1322	chr8	10825373	10825443	6	6	6
ENSG00000253695.2	AC011008.1	chr8	10839964	10847594	6	6	6
ENSG00000280294.1	AC011008.2	chr8	10856085	10859436	6	6	6
ENSG00000171044.11	XKR6	chr8	10896045	11201833	6	6	6
ENSG00000207600.3	MIR598	chr8	11035206	11035302	6	6	6
ENSG00000254839.1	AF131215.3	chr8	11062647	11067089	6	6	6
ENSG00000269918.1	AF131215.6	chr8	11104691	11106704	6	6	6
ENSG00000255310.2	AF131215.5	chr8	11107788	11109726	6	6	6
ENSG00000254936.4	AF131215.4	chr8	11123381	11126064	6	6	6
ENSG00000254556.1	AF131215.2	chr8	11136898	11138607	6	6	6
ENSG00000231965.4	AF131215.1	chr8	11175051	11175570	6	6	6
ENSG00000270076.1	AF131215.7	chr8	11202965	11203671	6	6	6
ENSG00000236827.1	LINC00529	chr8	11247626	11267865	6	6	6
ENSG00000239315.4	RPL19P13	chr8	11256020	11256602	6	6	6
ENSG00000249316.2	AF131216.2	chr8	11281364	11282501	6	6	6
ENSG00000280273.2	AF131216.4	chr8	11283481	11285068	6	6	6
ENSG00000104643.10	MTMR9	chr8	11284816	11328146	6	6	6
ENSG00000246477.3	AF131216.1	chr8	11315859	11325429	6	6	6
ENSG00000177710.6	SLC35G5	chr8	11331012	11332360	6	6	6
ENSG00000154316.16	TDH	chr8	11339637	11368452	6	6	6
ENSG00000255020.1	AF131216.3	chr8	11345748	11347502	6	6	6
ENSG00000184608.9	FAM167A-AS1	chr8	11368402	11438658	6	6	6
ENSG00000242483.3	RN7SL293P	chr8	11379395	11379675	6	6	6
ENSG00000199368.1	RNU6-1084P	chr8	11392411	11392517	6	6	6
ENSG00000154319.16	FAM167A	chr8	11421476	11475908	6	6	6
ENSG00000284957.1	AF131216.5	chr8	11479203	11481068	6	6	6
ENSG00000136573.14	BLK	chr8	11486894	11564599	6	6	6
ENSG00000269954.2	AC022239.1	chr8	11552488	11564694	6	6	6
ENSG00000170983.4	LINC00208	chr8	11576257	11582817	6	6	6
ENSG00000286985.1	AC022239.2	chr8	11643404	11647945	6	6	6
ENSG00000136574.18	GATA4	chr8	11676959	11760002	6	6	6
ENSG00000255394.4	C8orf49	chr8	11761256	11763223	6	6	6
ENSG00000154328.16	NEIL2	chr8	11769639	11787345	6	6	6
ENSG00000227203.3	SUB1P1	chr8	11790005	11790386	6	6	6
ENSG00000079459.13	FDFT1	chr8	11795573	11839304	6	6	6
ENSG00000255046.1	AC069185.1	chr8	11797928	11802568	6	6	6
ENSG00000164733.22	CTSB	chr8	11842524	11869533	6	6	6
ENSG00000255144.1	AC025857.1	chr8	11895850	11896870	6	6	6
ENSG00000254948.1	OR7E158P	chr8	11919900	11920809	6	6	6
ENSG00000206014.7	OR7E161P	chr8	11928597	11933203	6	6	6
ENSG00000287755.1	AC107918.5	chr8	11936033	11941273	6	6	6
ENSG00000287798.1	AC107918.6	chr8	11946461	11950753	6	6	6
ENSG00000205884.2	DEFB136	chr8	11973937	11974599	6	6	6
ENSG00000205883.2	DEFB135	chr8	11982321	11984590	6	6	6
ENSG00000205882.8	DEFB134	chr8	11993174	11996312	6	6	6
ENSG00000255174.1	AC107918.3	chr8	11999087	11999468	6	6	6
ENSG00000254507.2	DEFB131E	chr8	12003400	12004082	6	6	6
ENSG00000284610.1	AC107918.4	chr8	12006188	12015193	6	6	6
ENSG00000255016.1	AC107918.2	chr8	12025244	12025598	6	6	6
ENSG00000254817.1	AC107918.1	chr8	12033646	12034612	6	6	6
ENSG00000254700.1	DEFB131C	chr8	12043506	12043670	6	6	6
ENSG00000233050.1	DEFB130B	chr8	12064389	12071747	6	6	6
ENSG00000252029.1	RNA5SP253	chr8	12087396	12087445	6	6	6
ENSG00000255544.2	DEFB108D	chr8	12095176	12099536	6	6	6
ENSG00000215343.7	ZNF705D	chr8	12104389	12115516	6	6	6
ENSG00000255052.5	FAM66D	chr8	12115767	12177550	6	6	6
ENSG00000254923.1	AC130366.1	chr8	12128107	12129298	6	6	6
ENSG00000226430.7	USP17L7	chr8	12132417	12134099	6	6	6
ENSG00000223443.2	USP17L2	chr8	12137168	12139077	6	6	6
ENSG00000254866.2	DEFB109D	chr8	12150895	12151134	6	6	6
ENSG00000205879.5	FAM90A2P	chr8	12172761	12175771	6	6	6
ENSG00000249889.1	ALG1L11P	chr8	12178697	12182719	6	6	6
ENSG00000186523.14	FAM86B1	chr8	12182096	12194133	6	6	6
ENSG00000255495.1	AC145124.1	chr8	12194467	12196280	6	6	6
ENSG00000254527.1	ENPP7P12	chr8	12205759	12206389	6	6	6
ENSG00000237215.3	DEFB131D	chr8	12290071	12296180	6	6	6
ENSG00000232948.1	DEFB130A	chr8	12310962	12318316	6	6	6
ENSG00000252535.1	RNA5SP254	chr8	12333644	12333693	6	6	6
ENSG00000254623.1	DEFB108E	chr8	12341426	12345776	6	6	6
ENSG00000215339.3	ZNF705CP	chr8	12356136	12359391	6	6	6
ENSG00000227888.4	FAM66A	chr8	12362019	12388296	6	6	6
ENSG00000254423.1	AC087203.1	chr8	12374366	12375546	6	6	6
ENSG00000255556.2	AC087203.2	chr8	12378679	12380265	6	6	6
ENSG00000242296.2	DEFB109A	chr8	12393209	12400366	6	6	6
ENSG00000270074.1	AC087203.3	chr8	12412827	12414373	6	6	6
ENSG00000251402.3	FAM90A25P	chr8	12415080	12418090	6	6	6
ENSG00000250794.2	ALG1L12P	chr8	12421032	12425000	6	6	6
ENSG00000145002.12	FAM86B2	chr8	12425614	12436343	6	6	6
ENSG00000255549.2	ENPP7P6	chr8	12448013	12511278	6	6	6
ENSG00000283674.3	AC068587.4	chr8	12467693	12665588	6	6	6
ENSG00000270154.1	AC130352.1	chr8	12476462	12477122	6	6	6
ENSG00000242607.1	RPS3AP34	chr8	12570350	12571130	6	6	6
ENSG00000255122.1	AC068587.2	chr8	12580287	12581063	6	6	6
ENSG00000284746.1	AC068587.8	chr8	12601158	12601376	6	6	6
ENSG00000284663.1	AC068587.6	chr8	12607291	12607509	6	6	6
ENSG00000244289.1	RPS3AP35	chr8	12628476	12629256	6	6	6
ENSG00000255253.1	AC068587.3	chr8	12638428	12638602	6	6	6
ENSG00000284724.1	AC068587.7	chr8	12659130	12659348	6	6	6
ENSG00000284613.1	AC068587.5	chr8	12665278	12665495	6	6	6
ENSG00000254581.1	AC068587.1	chr8	12676035	12676389	6	6	6
ENSG00000177400.6	OR7E8P	chr8	12684154	12685153	6	6	6
ENSG00000254917.1	OR7E15P	chr8	12696307	12697273	6	6	6
ENSG00000254724.1	OR7E10P	chr8	12703066	12704056	6	6	6
ENSG00000264512.2	MIR5692A2	chr8	12719132	12719190	6	6	6
ENSG00000154359.13	LONRF1	chr8	12721906	12756073	6	6	6
ENSG00000266206.1	MIR3926-1	chr8	12727232	12727304	6	6	6
ENSG00000283523.1	MIR3926-2	chr8	12727237	12727299	6	6	6
ENSG00000254813.5	AC123777.1	chr8	12765849	12811478	6	6	6
ENSG00000255494.1	LINC00681	chr8	12794243	12818291	6	6	6
ENSG00000250305.9	TRMT9B	chr8	12945642	13031503	6	6	6
ENSG00000251468.2	AC135352.1	chr8	12958387	12962200	6	6	6
ENSG00000206996.1	RNU6-842P	chr8	13044350	13044456	6	6	6
ENSG00000164741.15	DLC1	chr8	13083361	13604610	6	6	6
ENSG00000287134.1	AC106845.1	chr8	13147389	13207125	6	6	6
ENSG00000200630.1	Y_RNA	chr8	13160178	13160279	6	6	6
ENSG00000253932.1	AC019270.1	chr8	13338574	13342754	6	6	6
ENSG00000253257.1	MTND4P7	chr8	13353401	13353530	6	6	6
ENSG00000252179.1	RNA5SP255	chr8	13536029	13536135	6	6	6
ENSG00000164743.5	C8orf48	chr8	13566869	13568288	6	6	6
ENSG00000254491.1	AC022832.1	chr8	13583889	13584533	6	6	6
ENSG00000286798.1	AC022832.2	chr8	13629644	13632574	6	6	6
ENSG00000255457.1	AC022880.2	chr8	13695574	13705506	6	6	6
ENSG00000255413.1	AC022880.1	chr8	13741809	13742781	6	6	6
ENSG00000254753.1	AC022690.2	chr8	13844101	13849109	6	6	6
ENSG00000254425.1	AC022690.1	chr8	13909231	13909780	6	6	6
ENSG00000255437.1	AC023538.1	chr8	14022687	14023422	6	6	6
ENSG00000185053.14	SGCZ	chr8	14084845	15238431	6	6	6
ENSG00000254575.2	AC022039.1	chr8	14161084	14165359	6	6	6
ENSG00000214366.4	EIF4EP5	chr8	14309033	14309672	6	6	6
ENSG00000252264.1	RNU7-153P	chr8	14319455	14319516	6	6	6
ENSG00000206950.1	Y_RNA	chr8	14332555	14332663	6	6	6
ENSG00000252035.1	RNU6-397P	chr8	14487776	14487879	6	6	6
ENSG00000255365.1	AC040926.1	chr8	14690382	14690619	6	6	6
ENSG00000199127.1	MIR383	chr8	14853438	14853510	6	6	6
ENSG00000255076.2	AC084838.1	chr8	14879057	14879819	6	6	6
ENSG00000249368.1	AC103851.1	chr8	15325296	15325569	6	6	6
ENSG00000104723.21	TUSC3	chr8	15417215	15766649	6	6	6
ENSG00000248423.1	AC100850.1	chr8	15688914	15689562	6	6	6
ENSG00000250483.1	PPM1AP1	chr8	15806149	15807283	6	6	6
ENSG00000287476.1	AC018437.3	chr8	15896267	15967950	6	6	6
ENSG00000226836.5	AC018437.1	chr8	15943127	15943532	6	6	6
ENSG00000253648.1	AC018437.2	chr8	15973315	16000324	6	6	6
ENSG00000038945.15	MSR1	chr8	16107878	16567490	6	6	6
ENSG00000253951.1	CCT3P1	chr8	16275681	16276296	6	6	6
ENSG00000253934.2	MRPL49P2	chr8	16374618	16375082	6	6	6
ENSG00000253496.3	AC011586.2	chr8	16598758	16915044	6	6	6
ENSG00000253184.1	AC011586.1	chr8	16604255	16664879	6	6	6
ENSG00000264092.2	RN7SL474P	chr8	16863196	16863496	6	6	6
ENSG00000078579.9	FGF20	chr8	16992181	17002345	6	6	6
ENSG00000155970.12	MICU3	chr8	17027238	17122642	6	6	6
ENSG00000249258.2	AC079193.2	chr8	17131181	17149789	6	6	6
ENSG00000244113.1	AC079193.1	chr8	17150301	17150888	6	6	6
ENSG00000104219.13	ZDHHC2	chr8	17156482	17224799	6	6	6
ENSG00000198791.12	CNOT7	chr8	17224966	17246878	6	6	6
ENSG00000155975.10	VPS37A	chr8	17246931	17302427	6	6	6
ENSG00000003987.14	MTMR7	chr8	17296794	17413528	6	6	6
ENSG00000214607.2	ADAM24P	chr8	17469518	17471618	6	6	6
ENSG00000003989.18	SLC7A2	chr8	17497088	17570573	6	6	6
ENSG00000279271.1	AP006248.2	chr8	17498647	17499238	6	6	6
ENSG00000280453.1	AP006248.4	chr8	17498737	17499157	6	6	6
ENSG00000279903.1	SLC7A2-IT1	chr8	17500012	17500605	6	6	6
ENSG00000279932.1	AP006248.3	chr8	17510613	17511300	6	6	6
ENSG00000104213.13	PDGFRL	chr8	17576433	17644071	6	6	6
ENSG00000277466.1	AP006248.1	chr8	17596312	17596378	6	6	6
ENSG00000287303.1	AP006248.5	chr8	17604667	17610269	6	6	6
ENSG00000129422.14	MTUS1	chr8	17643795	17800917	6	6	6
ENSG00000265520.1	MIR548V	chr8	17681578	17681657	6	6	6
ENSG00000253168.1	AC124069.1	chr8	17703988	17706187	6	6	6
ENSG00000212280.1	RNA5SP256	chr8	17748118	17748230	6	6	6
ENSG00000253944.1	AC027117.2	chr8	17801345	17861069	6	6	6
ENSG00000253671.3	AC027117.1	chr8	17808361	17822183	6	6	6
ENSG00000104760.17	FGL1	chr8	17864380	17910365	6	6	6
ENSG00000253215.1	AC087273.1	chr8	17882043	17882661	6	6	6
ENSG00000254054.3	AC087273.2	chr8	17900484	17908011	6	6	6
ENSG00000078674.18	PCM1	chr8	17922840	18027975	6	6	6
ENSG00000104763.20	ASAH1	chr8	18055992	18084998	6	6	6
ENSG00000245281.8	AC124242.1	chr8	18084386	18097644	6	6	6
ENSG00000253384.1	AC124242.2	chr8	18088569	18089687	6	6	6
ENSG00000286542.1	AC124242.3	chr8	18104797	18127346	6	6	6
ENSG00000171428.15	NAT1	chr8	18170477	18223689	6	6	6
ENSG00000254015.1	MTND4LP26	chr8	18200924	18201205	6	6	6
ENSG00000253937.1	NATP	chr8	18370607	18371484	6	6	6
ENSG00000244593.1	AC025062.1	chr8	18383274	18383917	6	6	6
ENSG00000285624.2	AC025062.3	chr8	18386311	18388323	6	6	6
ENSG00000271654.1	AC025062.2	chr8	18387108	18387777	6	6	6
ENSG00000156006.5	NAT2	chr8	18391282	18401218	6	6	6
ENSG00000156011.17	PSD3	chr8	18527303	19084730	6	6	6
ENSG00000187229.3	AC100800.1	chr8	18720905	18734405	6	6	6
ENSG00000244018.1	RPL35P6	chr8	18774547	18774918	6	6	6
ENSG00000283402.1	AC087821.2	chr8	18849258	18849707	6	6	6
ENSG00000278886.1	AC087821.1	chr8	18864681	18865247	6	6	6
ENSG00000201157.1	SNORA62	chr8	18979619	18979772	6	6	6
ENSG00000253335.1	AC009884.1	chr8	18989279	19000952	6	6	6
ENSG00000270255.1	AC009884.2	chr8	19001627	19001950	6	6	6
ENSG00000253557.6	AC100849.1	chr8	19084992	19259469	6	6	6
ENSG00000254242.2	AC100849.2	chr8	19091703	19145449	6	6	6
ENSG00000250316.1	AC068880.1	chr8	19237737	19241912	6	6	6
ENSG00000254201.1	AC068880.3	chr8	19246350	19249240	6	6	6
ENSG00000253280.1	AC068880.2	chr8	19254241	19257334	6	6	6
ENSG00000279919.1	AC068880.5	chr8	19277284	19277573	6	6	6
ENSG00000104611.12	SH2D4A	chr8	19313693	19396218	6	6	6
ENSG00000279858.1	AC068880.4	chr8	19375128	19375622	6	6	6
ENSG00000147408.14	CSGALNACT1	chr8	19404161	19758029	6	6	6
ENSG00000253270.1	AC090541.1	chr8	19678572	19688934	6	6	6
ENSG00000104613.12	INTS10	chr8	19817391	19852083	6	6	6
ENSG00000175445.17	LPL	chr8	19901717	19967259	6	6	6
ENSG00000253775.2	AC100802.1	chr8	20079114	20124857	6	6	6
ENSG00000242709.1	RPL30P9	chr8	20113343	20113672	6	6	6
ENSG00000036565.15	SLC18A1	chr8	20144855	20183206	6	6	6
ENSG00000147416.11	ATP6V1B2	chr8	20197381	20226819	6	6	6
ENSG00000222267.1	RNU6-892P	chr8	20229779	20229877	6	6	6
ENSG00000061337.15	LZTS1	chr8	20246165	20303963	6	6	6
ENSG00000253733.3	LZTS1-AS1	chr8	20275773	20290458	6	6	6
ENSG00000274467.1	RNA5SP257	chr8	20290174	20290289	6	6	6
ENSG00000253164.5	AC023403.1	chr8	20350210	20372769	6	6	6
ENSG00000253178.1	AC022559.1	chr8	20551201	20551405	6	6	6
ENSG00000253300.2	AC018541.1	chr8	20655184	20700152	6	6	6
ENSG00000253866.1	TMEM97P2	chr8	20934435	20934837	6	6	6
ENSG00000254260.1	AC015468.3	chr8	20941428	20950175	6	6	6
ENSG00000254092.2	AC021613.1	chr8	20942863	21298168	6	6	6
ENSG00000253147.5	AC015468.1	chr8	20953127	20968904	6	6	6
ENSG00000254026.1	AC015468.2	chr8	20954012	20968904	6	6	6
ENSG00000253199.2	LINC02153	chr8	20972021	20995119	6	6	6
ENSG00000254040.2	AC103719.1	chr8	21023276	21030368	6	6	6
ENSG00000280215.1	AC021613.2	chr8	21129990	21130100	6	6	6
ENSG00000286346.1	AC021613.3	chr8	21167240	21170137	6	6	6
ENSG00000254334.2	AC021355.1	chr8	21297933	21309486	6	6	6
ENSG00000168546.11	GFRA2	chr8	21690398	21812357	6	6	6
ENSG00000273484.1	OR6R2P	chr8	21797460	21797759	6	6	6
ENSG00000147443.13	DOK2	chr8	21908873	21913690	6	6	6
ENSG00000130227.17	XPO7	chr8	21919662	22006585	6	6	6
ENSG00000158806.14	NPM2	chr8	22024125	22036897	6	6	6
ENSG00000158815.11	FGF17	chr8	22042398	22048809	6	6	6
ENSG00000158856.18	DMTN	chr8	22048995	22082527	6	6	6
ENSG00000158863.22	FAM160B2	chr8	22089150	22104911	6	6	6
ENSG00000275074.2	NUDT18	chr8	22106874	22109419	6	6	6
ENSG00000168453.15	HR	chr8	22114419	22133384	6	6	6
ENSG00000168476.12	REEP4	chr8	22138020	22141951	6	6	6
ENSG00000168481.9	LGI3	chr8	22146830	22157084	6	6	6
ENSG00000168484.12	SFTPC	chr8	22156913	22164479	6	6	6
ENSG00000168487.20	BMP1	chr8	22165140	22212326	6	6	6
ENSG00000177725.5	AC105206.1	chr8	22169338	22171710	6	6	6
ENSG00000285881.1	AC105206.3	chr8	22188369	22192578	6	6	6
ENSG00000168490.14	PHYHIP	chr8	22219703	22232101	6	6	6
ENSG00000208037.1	MIR320A	chr8	22244962	22245043	6	6	6
ENSG00000168495.13	POLR3D	chr8	22245133	22254601	6	6	6
ENSG00000254064.1	AC105206.2	chr8	22254576	22275162	6	6	6
ENSG00000197181.12	PIWIL2	chr8	22275316	22357568	6	6	6
ENSG00000104635.15	SLC39A14	chr8	22367278	22434129	6	6	6
ENSG00000241026.1	AC105910.1	chr8	22389865	22390655	6	6	6
ENSG00000201761.1	RNU6-336P	chr8	22434391	22434497	6	6	6
ENSG00000120910.15	PPP3CC	chr8	22440819	22541142	6	6	6
ENSG00000251034.2	AC087854.1	chr8	22481588	22553444	6	6	6
ENSG00000254272.1	BTF3P3	chr8	22492631	22493044	6	6	6
ENSG00000120896.13	SORBS3	chr8	22544986	22575788	6	6	6
ENSG00000287467.1	AC037459.4	chr8	22545560	22548837	6	6	6
ENSG00000254230.1	AC037459.3	chr8	22565997	22567171	6	6	6
ENSG00000120913.23	PDLIM2	chr8	22578279	22598025	6	6	6
ENSG00000248235.6	AC037459.1	chr8	22589274	22602084	6	6	6
ENSG00000241852.10	C8orf58	chr8	22599599	22604150	6	6	6
ENSG00000158941.16	CCAR2	chr8	22604632	22621514	6	6	6
ENSG00000253200.1	AC037459.2	chr8	22613908	22616657	6	6	6
ENSG00000147439.13	BIN3	chr8	22620418	22669148	6	6	6
ENSG00000261026.1	AC105046.1	chr8	22679013	22684009	6	6	6
ENSG00000179388.9	EGR3	chr8	22687659	22693480	6	6	6
ENSG00000253125.1	AC055854.1	chr8	22690150	22798616	6	6	6
ENSG00000287812.1	AC105046.2	chr8	22698384	22703776	6	6	6
ENSG00000134020.8	PEBP4	chr8	22713251	23000000	6	6	6
ENSG00000248738.6	AC037441.1	chr8	22877972	22888022	6	6	6
ENSG00000253142.1	AC037441.2	chr8	22895434	22897813	6	6	6
ENSG00000240116.3	RN7SL303P	chr8	22977877	22978127	6	6	6
ENSG00000245025.3	AC107959.1	chr8	22984596	23019335	6	6	6
ENSG00000008853.17	RHOBTB2	chr8	22987417	23020199	6	6	6
ENSG00000120889.13	TNFRSF10B	chr8	23020133	23069031	6	6	6
ENSG00000246130.1	AC107959.2	chr8	23068229	23083619	6	6	6
ENSG00000253616.5	AC107959.3	chr8	23071377	23074488	6	6	6
ENSG00000284948.1	AC107959.4	chr8	23084355	23103558	6	6	6
ENSG00000284956.1	AC107959.5	chr8	23084403	23115536	6	6	6
ENSG00000173535.15	TNFRSF10C	chr8	23102921	23117445	6	6	6
ENSG00000173530.6	TNFRSF10D	chr8	23135588	23164027	6	6	6
ENSG00000253930.1	TNFRSF10A-AS1	chr8	23189279	23190675	6	6	6
ENSG00000104689.10	TNFRSF10A	chr8	23190452	23225102	6	6	6
ENSG00000243265.1	RPL23AP55	chr8	23206918	23207369	6	6	6
ENSG00000246582.3	AC100861.1	chr8	23224471	23230926	6	6	6
ENSG00000250714.3	AC100861.2	chr8	23225233	23230915	6	6	6
ENSG00000147457.14	CHMP7	chr8	23243637	23262000	6	6	6
ENSG00000104679.12	R3HCC1	chr8	23270120	23296279	6	6	6
ENSG00000134013.16	LOXL2	chr8	23296897	23425328	6	6	6
ENSG00000253837.1	AC090197.1	chr8	23336171	23366125	6	6	6
ENSG00000197217.13	ENTPD4	chr8	23385783	23457695	6	6	6
ENSG00000253390.1	AC104561.1	chr8	23458601	23484971	6	6	6
ENSG00000253483.1	AC104561.2	chr8	23483016	23483534	6	6	6
ENSG00000287166.1	AC104561.4	chr8	23492170	23494897	6	6	6
ENSG00000253986.1	AC104561.3	chr8	23493009	23494198	6	6	6
ENSG00000147454.14	SLC25A37	chr8	23528956	23575463	6	6	6
ENSG00000252067.1	RNU4-71P	chr8	23600026	23600138	6	6	6
ENSG00000253488.1	SINHCAFP3	chr8	23634876	23635507	6	6	6
ENSG00000167034.10	NKX3-1	chr8	23678697	23682938	6	6	6
ENSG00000180053.7	NKX2-6	chr8	23702451	23706598	6	6	6
ENSG00000253471.1	AC012574.1	chr8	23707141	23789487	6	6	6
ENSG00000254002.2	AC012574.2	chr8	23714066	23743042	6	6	6
ENSG00000271118.1	AC012119.2	chr8	23805933	23806154	6	6	6
ENSG00000207027.1	AC012119.1	chr8	23806229	23806377	6	6	6
ENSG00000159167.12	STC1	chr8	23841929	23854806	6	6	6
ENSG00000207201.1	RNU1-148P	chr8	24076997	24077158	6	6	6
ENSG00000253891.2	AC023202.1	chr8	24169001	24177080	6	6	6
ENSG00000042980.13	ADAM28	chr8	24294069	24359014	6	6	6
ENSG00000253535.5	AC120193.1	chr8	24295814	24912073	6	6	6
ENSG00000134028.14	ADAMDEC1	chr8	24384285	24406013	6	6	6
ENSG00000069206.15	ADAM7	chr8	24440930	24526970	6	6	6
ENSG00000253643.6	AC024958.1	chr8	24490312	24514856	6	6	6
ENSG00000272163.1	AF106564.1	chr8	24912165	24914717	6	6	6
ENSG00000104722.14	NEFM	chr8	24913758	24919098	6	6	6
ENSG00000277586.4	NEFL	chr8	24950955	24956721	6	6	6
ENSG00000283327.1	MIR6841	chr8	24953796	24953867	6	6	6
ENSG00000272157.1	AC107373.2	chr8	24956621	24957110	6	6	6
ENSG00000253832.1	AC107373.1	chr8	24992002	25009777	6	6	6
ENSG00000288055.1	AC107373.3	chr8	25000436	25003439	6	6	6
ENSG00000253670.1	AC073581.1	chr8	25141394	25141968	6	6	6
ENSG00000287185.1	AC041005.1	chr8	25179113	25184234	6	6	6
ENSG00000147459.18	DOCK5	chr8	25184689	25418082	6	6	6
ENSG00000284858.1	AC091185.2	chr8	25276945	25277476	6	6	6
ENSG00000274988.1	MIR6876	chr8	25345402	25345474	6	6	6
ENSG00000147437.10	GNRH1	chr8	25419258	25424654	6	6	6
ENSG00000253476.1	AC091185.1	chr8	25425521	25426580	6	6	6
ENSG00000104756.16	KCTD9	chr8	25427847	25458476	6	6	6
ENSG00000184661.14	CDCA2	chr8	25459199	25507911	6	6	6
ENSG00000253100.2	AC009623.1	chr8	25593197	25688786	6	6	6
ENSG00000253342.1	AC009623.2	chr8	25776679	25777456	6	6	6
ENSG00000285890.1	AC009623.3	chr8	25820975	25833464	6	6	6
ENSG00000254178.1	AC090103.1	chr8	25834129	25840135	6	6	6
ENSG00000221818.9	EBF2	chr8	25841725	26045413	6	6	6
ENSG00000199620.1	RNA5SP258	chr8	26136880	26136998	6	6	6
ENSG00000249213.1	AC079097.1	chr8	26254883	26256628	6	6	6
ENSG00000221914.11	PPP2R2A	chr8	26291508	26372680	6	6	6
ENSG00000228451.4	SDAD1P1	chr8	26375913	26382953	6	6	6
ENSG00000104765.16	BNIP3L	chr8	26383054	26505636	6	6	6
ENSG00000253430.1	AC011726.1	chr8	26422593	26423929	6	6	6
ENSG00000251203.1	DNAJB6P2	chr8	26433029	26434065	6	6	6
ENSG00000254362.1	AC011726.2	chr8	26440491	26442595	6	6	6
ENSG00000240694.9	PNMA2	chr8	26504701	26514092	6	6	6
ENSG00000092964.18	DPYSL2	chr8	26514031	26658178	6	6	6
ENSG00000253208.1	PSME2P5	chr8	26547669	26548463	6	6	6
ENSG00000120907.18	ADRA1A	chr8	26748150	26867278	6	6	6
ENSG00000240519.1	AC091675.1	chr8	26771790	26772140	6	6	6
ENSG00000253813.1	COX6B1P4	chr8	26835817	26836300	6	6	6
ENSG00000275115.1	AC067904.3	chr8	27010486	27010746	6	6	6
ENSG00000215288.5	AC067904.1	chr8	27011121	27012371	6	6	6
ENSG00000221616.1	MIR548H4	chr8	27048853	27048963	6	6	6
ENSG00000253899.1	AC067904.2	chr8	27063996	27065278	6	6	6
ENSG00000253903.2	AC090150.2	chr8	27086076	27087783	6	6	6
ENSG00000253888.2	AC090150.1	chr8	27171914	27210783	6	6	6
ENSG00000015592.16	STMN4	chr8	27235323	27258420	6	6	6
ENSG00000104228.13	TRIM35	chr8	27284886	27311272	6	6	6
ENSG00000120899.18	PTK2B	chr8	27311482	27459391	6	6	6
ENSG00000273836.1	MIR6842	chr8	27433370	27433434	6	6	6
ENSG00000120903.13	CHRNA2	chr8	27459756	27479883	6	6	6
ENSG00000120915.14	EPHX2	chr8	27490781	27545564	6	6	6
ENSG00000234770.1	GULOP	chr8	27560274	27589073	6	6	6
ENSG00000120885.22	CLU	chr8	27596917	27614700	6	6	6
ENSG00000284280.1	MIR6843	chr8	27610601	27610751	6	6	6
ENSG00000168077.14	SCARA3	chr8	27633868	27676776	6	6	6
ENSG00000222862.2	RNU6-1086P	chr8	27679836	27679935	6	6	6
ENSG00000253560.1	AC013643.1	chr8	27697217	27697526	6	6	6
ENSG00000279302.3	AC013643.3	chr8	27701194	27703789	6	6	6
ENSG00000265075.1	MIR3622B	chr8	27701673	27701767	6	6	6
ENSG00000284351.1	MIR3622A	chr8	27701677	27701759	6	6	6
ENSG00000253875.2	AC013643.2	chr8	27732915	27758552	6	6	6
ENSG00000147419.19	CCDC25	chr8	27733316	27772653	6	6	6
ENSG00000171320.15	ESCO2	chr8	27771949	27812640	6	6	6
ENSG00000202242.1	RNU6-1276P	chr8	27773645	27773748	6	6	6
ENSG00000168078.10	PBK	chr8	27809624	27838082	6	6	6
ENSG00000253176.3	AC104997.1	chr8	27838477	27840382	6	6	6
ENSG00000168079.17	SCARA5	chr8	27869883	27992673	6	6	6
ENSG00000265847.1	MIR4287	chr8	27886039	27886116	6	6	6
ENSG00000253290.1	AC069113.1	chr8	27903229	27903495	6	6	6
ENSG00000253615.1	AC069113.3	chr8	27903566	27903715	6	6	6
ENSG00000253397.1	AC069113.2	chr8	27904481	27910310	6	6	6
ENSG00000189233.12	NUGGC	chr8	28021964	28083936	6	6	6
ENSG00000134014.17	ELP3	chr8	28089673	28191156	6	6	6
ENSG00000250516.1	AC021678.1	chr8	28225929	28227562	6	6	6
ENSG00000253907.1	AC021678.3	chr8	28238430	28238905	6	6	6
ENSG00000253690.1	AC021678.2	chr8	28250063	28339255	6	6	6
ENSG00000239198.1	RPL5P22	chr8	28299683	28300566	6	6	6
ENSG00000168081.9	PNOC	chr8	28316986	28343355	6	6	6
ENSG00000186918.14	ZNF395	chr8	28345590	28402701	6	6	6
ENSG00000214050.8	FBXO16	chr8	28348287	28490278	6	6	6
ENSG00000286804.1	AC025871.3	chr8	28414499	28416593	6	6	6
ENSG00000254370.1	AC025871.2	chr8	28415524	28420055	6	6	6
ENSG00000207361.1	RNU6-178P	chr8	28416448	28416551	6	6	6
ENSG00000253567.1	AC025871.1	chr8	28447264	28455902	6	6	6
ENSG00000104290.11	FZD3	chr8	28494205	28574267	6	6	6
ENSG00000265251.1	MIR4288	chr8	28505116	28505182	6	6	6
ENSG00000202411.1	RNA5SP259	chr8	28530411	28530519	6	6	6
ENSG00000012232.9	EXTL3	chr8	28600469	28755599	6	6	6
ENSG00000246339.6	EXTL3-AS1	chr8	28690215	28702030	6	6	6
ENSG00000104299.15	INTS9	chr8	28767661	28890242	6	6	6
ENSG00000254034.2	INTS9-AS1	chr8	28798142	28802085	6	6	6
ENSG00000242958.1	AC040975.1	chr8	28810103	28810418	6	6	6
ENSG00000147421.18	HMBOX1	chr8	28890395	29064764	6	6	6
ENSG00000273710.1	Metazoa_SRP	chr8	28915579	28915864	6	6	6
ENSG00000259196.1	HMBOX1-IT1	chr8	28949676	28955955	6	6	6
ENSG00000200719.1	RNA5SP260	chr8	29048494	29048604	6	6	6
ENSG00000259366.1	AC108449.2	chr8	29055935	29056685	6	6	6
ENSG00000197892.13	KIF13B	chr8	29067278	29263124	6	6	6
ENSG00000259607.1	AC108449.3	chr8	29067279	29068454	6	6	6
ENSG00000254129.1	AC108449.1	chr8	29110573	29140729	6	6	6
ENSG00000253770.1	HMGB1P23	chr8	29218905	29219472	6	6	6
ENSG00000120875.9	DUSP4	chr8	29333064	29350684	6	6	6
ENSG00000285601.1	AC084262.2	chr8	29351292	29360222	6	6	6
ENSG00000260253.1	AC084262.1	chr8	29352420	29353170	6	6	6
ENSG00000253632.1	AC084026.2	chr8	29527312	29530323	6	6	6
ENSG00000253182.1	AC084026.1	chr8	29548171	29564341	6	6	6
ENSG00000280147.1	AC084026.3	chr8	29587001	29588426	6	6	6
ENSG00000243844.1	RPL17P33	chr8	29632091	29632644	6	6	6
ENSG00000251191.8	LINC00589	chr8	29673922	29748109	6	6	6
ENSG00000253490.5	LINC02099	chr8	29748309	29798492	6	6	6
ENSG00000248964.7	AC131254.1	chr8	29815004	29854543	6	6	6
ENSG00000254086.1	AC131254.3	chr8	29864644	29871661	6	6	6
ENSG00000253604.1	AC131254.2	chr8	29905735	29908956	6	6	6
ENSG00000253279.6	LINC02209	chr8	29920560	29953724	6	6	6
ENSG00000264788.1	MIR3148	chr8	29957272	29957348	6	6	6
ENSG00000254013.1	MAP2K1P1	chr8	30027713	30028900	6	6	6
ENSG00000239175.1	RNU6-1218P	chr8	30043801	30043908	6	6	6
ENSG00000133872.14	SARAF	chr8	30063003	30083208	6	6	6
ENSG00000272256.1	AC044849.1	chr8	30082758	30083467	6	6	6
ENSG00000104660.19	LEPROTL1	chr8	30095408	30177208	6	6	6
ENSG00000241511.1	RPS15AP24	chr8	30117384	30117779	6	6	6
ENSG00000177669.4	MBOAT4	chr8	30131671	30144665	6	6	6
ENSG00000271869.1	AC026979.2	chr8	30155830	30156232	6	6	6
ENSG00000104671.8	DCTN6	chr8	30156319	30183639	6	6	6
ENSG00000253708.1	AC026979.1	chr8	30176554	30180888	6	6	6
ENSG00000285669.1	AC026979.4	chr8	30192429	30201332	6	6	6
ENSG00000272375.1	AC026979.3	chr8	30197404	30198048	6	6	6
ENSG00000248159.1	HSPA8P11	chr8	30237382	30240997	6	6	6
ENSG00000254316.1	AC090820.1	chr8	30249502	30250092	6	6	6
ENSG00000287590.1	AC090820.2	chr8	30279549	30281455	6	6	6
ENSG00000253346.1	AC109329.1	chr8	30331961	30332277	6	6	6
ENSG00000254152.1	PPIAP84	chr8	30349866	30350347	6	6	6
ENSG00000127589.4	TUBBP1	chr8	30351873	30353518	6	6	6
ENSG00000254109.6	RBPMS-AS1	chr8	30382119	30385401	6	6	6
ENSG00000157110.16	RBPMS	chr8	30384511	30572256	6	6	6
ENSG00000279041.1	AC102945.2	chr8	30552345	30553766	6	6	6
ENSG00000197265.9	GTF2E2	chr8	30578318	30658236	6	6	6
ENSG00000253112.1	AC102945.1	chr8	30596914	30597532	6	6	6
ENSG00000253457.3	SMIM18	chr8	30638580	30646064	6	6	6
ENSG00000254172.1	RNU5A-3P	chr8	30643689	30643802	6	6	6
ENSG00000104687.14	GSR	chr8	30678066	30727846	6	6	6
ENSG00000104691.16	UBXN8	chr8	30729131	30767006	6	6	6
ENSG00000271081.1	HIKESHIP3	chr8	30754236	30754539	6	6	6
ENSG00000104695.13	PPP2CB	chr8	30774457	30814314	6	6	6
ENSG00000133863.9	TEX15	chr8	30831544	30913008	6	6	6
ENSG00000253204.1	AC090281.1	chr8	30921060	30921335	6	6	6
ENSG00000253793.1	AC008066.1	chr8	30983459	30984321	6	6	6
ENSG00000172733.11	PURG	chr8	30995802	31033715	6	6	6
ENSG00000165392.11	WRN	chr8	31033788	31176138	6	6	6
ENSG00000253579.1	SUMO2P16	chr8	31131539	31131802	6	6	6
ENSG00000253961.1	AC009563.1	chr8	31167078	31177167	6	6	6
ENSG00000229211.3	KCTD9P6	chr8	31219894	31220984	6	6	6
ENSG00000253377.2	AC068672.2	chr8	31275542	31390805	6	6	6
ENSG00000254095.1	AC068672.3	chr8	31339197	31346479	6	6	6
ENSG00000253275.1	AC068672.1	chr8	31497423	31498612	6	6	6
ENSG00000287204.1	AC090816.1	chr8	31536630	31546735	6	6	6
ENSG00000222468.1	RNA5SP261	chr8	31598099	31598204	6	6	6
ENSG00000157168.20	NRG1	chr8	31639222	32855666	6	6	6
ENSG00000286648.1	AC068931.1	chr8	31827238	31840709	6	6	6
ENSG00000253974.6	NRG1-IT1	chr8	32026210	32139495	6	6	6
ENSG00000252261.1	RNA5SP262	chr8	32192028	32192153	6	6	6
ENSG00000200246.1	RNA5SP263	chr8	32256496	32256623	6	6	6
ENSG00000254049.2	NRG1-IT3	chr8	32440704	32448803	6	6	6
ENSG00000286131.1	AC083977.1	chr8	32647202	32647390	6	6	6
ENSG00000212407.1	RNU6-663P	chr8	32911493	32911598	6	6	6
ENSG00000247134.7	AC090204.1	chr8	32927913	33045445	6	6	6
ENSG00000254346.2	MTND1P6	chr8	33014081	33015026	6	6	6
ENSG00000254090.1	MTND2P32	chr8	33015261	33017043	6	6	6
ENSG00000253393.1	RANP9	chr8	33039523	33039793	6	6	6
ENSG00000253993.1	AC104027.1	chr8	33226848	33227147	6	6	6
ENSG00000252735.1	RNU6-528P	chr8	33338867	33338966	6	6	6
ENSG00000272338.2	AC067838.1	chr8	33360839	33361415	6	6	6
ENSG00000172728.16	FUT10	chr8	33370824	33473146	6	6	6
ENSG00000254061.1	AC091144.2	chr8	33436268	33436700	6	6	6
ENSG00000129696.13	TTI2	chr8	33473386	33513185	6	6	6
ENSG00000198042.11	MAK16	chr8	33485182	33501262	6	6	6
ENSG00000239039.1	SNORD13	chr8	33513475	33513578	6	6	6
ENSG00000253232.1	AC091144.1	chr8	33523154	33523291	6	6	6
ENSG00000252505.1	SNORA70	chr8	33540040	33540137	6	6	6
ENSG00000253995.1	RPL10P18	chr8	33540185	33540493	6	6	6
ENSG00000133874.2	RNF122	chr8	33547754	33567128	6	6	6
ENSG00000240189.3	RN7SL621P	chr8	33580210	33580508	6	6	6
ENSG00000133878.9	DUSP26	chr8	33591330	33600023	6	6	6
ENSG00000253642.6	AF279873.3	chr8	33604856	34039104	6	6	6
ENSG00000253684.1	BUD31P1	chr8	33641581	33641939	6	6	6
ENSG00000263794.2	RN7SL457P	chr8	33715784	33716070	6	6	6
ENSG00000253569.1	VENTXP5	chr8	33722305	33723079	6	6	6
ENSG00000240738.1	AF279873.2	chr8	33859480	33860223	6	6	6
ENSG00000188512.6	AF279873.1	chr8	33969567	33969879	6	6	6
ENSG00000254194.5	AF279873.4	chr8	33973701	34009595	6	6	6
ENSG00000254302.2	AC087855.2	chr8	34174886	34207513	6	6	6
ENSG00000253108.1	AC090993.1	chr8	34228439	34346731	6	6	6
ENSG00000254033.1	AC087855.1	chr8	34229294	34248946	6	6	6
ENSG00000215264.4	RPL10AP3	chr8	34322992	34323642	6	6	6
ENSG00000254344.3	LINC01288	chr8	34784028	34865364	6	6	6
ENSG00000243181.2	AC087343.1	chr8	34874159	34874633	6	6	6
ENSG00000287152.1	AC099685.1	chr8	35080592	35093509	6	6	6
ENSG00000156687.11	UNC5D	chr8	35235475	35796550	6	6	6
ENSG00000279099.1	AC090740.1	chr8	35254344	35256605	6	6	6
ENSG00000232024.2	LSM12P1	chr8	35525176	35525763	6	6	6
ENSG00000286693.1	AC105230.1	chr8	35672195	35707734	6	6	6
ENSG00000253452.6	AC124290.1	chr8	35862123	36191194	6	6	6
ENSG00000253524.1	AC124290.2	chr8	36004316	36095046	6	6	6
ENSG00000254309.1	AC124290.3	chr8	36121398	36121683	6	6	6
ENSG00000253504.1	MTCYBP19	chr8	36277763	36278886	6	6	6
ENSG00000254384.1	MTND6P19	chr8	36278960	36279483	6	6	6
ENSG00000253685.1	MTND5P41	chr8	36279491	36279696	6	6	6
ENSG00000253610.1	AP006245.1	chr8	36308245	36308364	6	6	6
ENSG00000206871.1	RNU6-533P	chr8	36309584	36309690	6	6	6
ENSG00000254320.1	AP006245.2	chr8	36321039	36321404	6	6	6
ENSG00000253363.7	AC090809.1	chr8	36378069	36779209	6	6	6
ENSG00000244708.1	RPL23P10	chr8	36581180	36581591	6	6	6
ENSG00000199985.1	RNA5SP264	chr8	36764445	36764551	6	6	6
ENSG00000215262.8	KCNU1	chr8	36784324	36936125	6	6	6
ENSG00000274489.1	AC124076.1	chr8	36795255	36795862	6	6	6
ENSG00000219491.7	TPT1P8	chr8	36887456	36890576	6	6	6
ENSG00000243503.2	AC090453.1	chr8	36987977	36988412	6	6	6
ENSG00000254038.1	AC092818.1	chr8	37067441	37069418	6	6	6
ENSG00000253650.1	SMARCE1P4	chr8	37095150	37095390	6	6	6
ENSG00000253123.4	AC091182.1	chr8	37326575	37331991	6	6	6
ENSG00000253746.1	AC091182.2	chr8	37405439	37406724	6	6	6
ENSG00000253161.5	LINC01605	chr8	37421341	37554183	6	6	6
ENSG00000253388.1	AC124067.1	chr8	37480089	37480809	6	6	6
ENSG00000253414.3	AC124067.2	chr8	37516399	37521447	6	6	6
ENSG00000254111.3	AC124067.3	chr8	37559992	37567477	6	6	6
ENSG00000254290.1	AC124067.4	chr8	37597480	37599858	6	6	6
ENSG00000254306.1	AC137579.2	chr8	37600537	37625873	6	6	6
ENSG00000253344.1	AC137579.1	chr8	37626015	37674387	6	6	6
ENSG00000223215.1	RNU6-607P	chr8	37668898	37669005	6	6	6
ENSG00000183779.7	ZNF703	chr8	37695782	37700019	6	6	6
ENSG00000253181.2	AC138356.3	chr8	37717579	37733756	6	6	6
ENSG00000183154.1	AC138356.1	chr8	37734761	37737426	6	6	6
ENSG00000147475.17	ERLIN2	chr8	37736601	37758422	6	6	6
ENSG00000233170.4	AC138356.2	chr8	37747338	37748004	6	6	6
ENSG00000147471.12	PLPBP	chr8	37762595	37779768	6	6	6
ENSG00000020181.18	ADGRA2	chr8	37784191	37844896	6	6	6
ENSG00000104221.13	BRF2	chr8	37843268	37849861	6	6	6
ENSG00000156675.16	RAB11FIP1	chr8	37858618	37899497	6	6	6
ENSG00000280064.1	AC130304.1	chr8	37858949	37861333	6	6	6
ENSG00000241032.3	RN7SL709P	chr8	37908738	37909037	6	6	6
ENSG00000169154.7	GOT1L1	chr8	37934281	37940124	6	6	6
ENSG00000285880.1	AC144573.1	chr8	37934340	37965953	6	6	6
ENSG00000188778.6	ADRB3	chr8	37962990	37966599	6	6	6
ENSG00000270865.1	RPL12P48	chr8	37983070	37983373	6	6	6
ENSG00000187840.5	EIF4EBP1	chr8	38030534	38060365	6	6	6
ENSG00000260949.1	AP006545.1	chr8	38062881	38063791	6	6	6
ENSG00000286677.1	AP006545.3	chr8	38082122	38099288	6	6	6
ENSG00000272128.1	AP006545.2	chr8	38099471	38099931	6	6	6
ENSG00000129691.16	ASH2L	chr8	38105493	38144076	6	6	6
ENSG00000253437.1	RNU6-988P	chr8	38122374	38122480	6	6	6
ENSG00000240015.2	AC084024.1	chr8	38123274	38124651	6	6	6
ENSG00000147465.12	STAR	chr8	38142700	38150992	6	6	6
ENSG00000253356.1	AC084024.3	chr8	38148741	38163772	6	6	6
ENSG00000175324.10	LSM1	chr8	38163335	38176730	6	6	6
ENSG00000253739.1	RNU6-323P	chr8	38166012	38166118	6	6	6
ENSG00000156735.11	BAG4	chr8	38176533	38213301	6	6	6
ENSG00000248585.2	AC084024.2	chr8	38201699	38204238	6	6	6
ENSG00000285632.1	AC084024.4	chr8	38223957	38231695	6	6	6
ENSG00000085788.14	DDHD2	chr8	38225218	38275558	6	6	6
ENSG00000147535.17	PLPP5	chr8	38263130	38269243	6	6	6
ENSG00000147548.17	NSD3	chr8	38269704	38382272	6	6	6
ENSG00000255487.1	AC087362.2	chr8	38275888	38276680	6	6	6
ENSG00000254898.1	AC087362.1	chr8	38335981	38337551	6	6	6
ENSG00000272092.1	AC087623.2	chr8	38382364	38383461	6	6	6
ENSG00000165046.13	LETM2	chr8	38386207	38409527	6	6	6
ENSG00000077782.21	FGFR1	chr8	38400215	38468834	6	6	6
ENSG00000272159.1	AC087623.3	chr8	38408048	38408742	6	6	6
ENSG00000255201.1	AC087623.1	chr8	38421889	38426096	6	6	6
ENSG00000239218.2	RPS20P22	chr8	38434347	38435664	6	6	6
ENSG00000196166.5	C8orf86	chr8	38510834	38560939	6	6	6
ENSG00000253361.3	AC069120.1	chr8	38543276	38560877	6	6	6
ENSG00000253570.1	RNF5P1	chr8	38600661	38601200	6	6	6
ENSG00000254321.2	AC016813.1	chr8	38699274	38704855	6	6	6
ENSG00000147526.20	TACC1	chr8	38728186	38853028	6	6	6
ENSG00000207258.1	Y_RNA	chr8	38744020	38744131	6	6	6
ENSG00000253586.1	AC067817.1	chr8	38799643	38802296	6	6	6
ENSG00000253829.1	AC067817.2	chr8	38844866	38846439	6	6	6
ENSG00000169499.15	PLEKHA2	chr8	38901235	38973912	6	6	6
ENSG00000253645.1	AC108863.1	chr8	38970360	38973011	6	6	6
ENSG00000169495.5	HTRA4	chr8	38974228	38988663	6	6	6
ENSG00000169490.17	TM2D2	chr8	38988808	38996824	6	6	6
ENSG00000168615.13	ADAM9	chr8	38996754	39105445	6	6	6
ENSG00000207199.1	SNORD38D	chr8	39018615	39018683	6	6	6
ENSG00000197140.15	ADAM32	chr8	39106990	39284917	6	6	6
ENSG00000243095.1	RPL3P10	chr8	39157538	39158701	6	6	6
ENSG00000253160.1	AC105185.1	chr8	39309909	39310443	6	6	6
ENSG00000196115.13	ADAM5	chr8	39314591	39417378	6	6	6
ENSG00000197475.11	ADAM3A	chr8	39451045	39522852	6	6	6
ENSG00000254067.2	AC123767.1	chr8	39522976	39580134	6	6	6
ENSG00000168619.16	ADAM18	chr8	39584489	39730065	6	6	6
ENSG00000104755.15	ADAM2	chr8	39743735	39838289	6	6	6
ENSG00000253332.1	AP005902.2	chr8	39860219	39860525	6	6	6
ENSG00000253233.1	AP005902.1	chr8	39867436	39867812	6	6	6
ENSG00000131203.13	IDO1	chr8	39902275	39928790	6	6	6
ENSG00000253939.1	AC007991.3	chr8	39903775	39995248	6	6	6
ENSG00000253838.1	AC007991.2	chr8	39914229	39915721	6	6	6
ENSG00000254287.1	AC007991.4	chr8	39918076	39920890	6	6	6
ENSG00000188676.13	IDO2	chr8	39934614	40016391	6	6	6
ENSG00000253790.1	AC007991.1	chr8	39997869	39998499	6	6	6
ENSG00000253381.1	AC087518.1	chr8	40104169	40107935	6	6	6
ENSG00000253665.1	LINC02866	chr8	40114651	40127468	6	6	6
ENSG00000176907.5	TCIM	chr8	40153482	40155310	6	6	6
ENSG00000254143.1	AC022733.1	chr8	40161458	40172612	6	6	6
ENSG00000253802.2	SIRLNT	chr8	40298697	40353133	6	6	6
ENSG00000253354.2	AC105999.1	chr8	40369981	40402010	6	6	6
ENSG00000272479.1	AC010857.1	chr8	40519565	40520158	6	6	6
ENSG00000165061.15	ZMAT4	chr8	40530590	40897833	6	6	6
ENSG00000254383.1	AC048387.1	chr8	40900016	40901854	6	6	6
ENSG00000206867.1	RNU6-356P	chr8	41032892	41032998	6	6	6
ENSG00000104332.12	SFRP1	chr8	41261962	41309473	6	6	6
ENSG00000263372.1	MIR548AO	chr8	41271048	41271143	6	6	6
ENSG00000239281.2	RPS29P2	chr8	41271431	41271566	6	6	6
ENSG00000253509.1	AC104393.1	chr8	41275115	41277003	6	6	6
ENSG00000206852.1	RNU6-895P	chr8	41298163	41298265	6	6	6
ENSG00000238936.1	SNORD65B	chr8	41426655	41426727	6	6	6
ENSG00000253396.1	AC016868.1	chr8	41435298	41440419	6	6	6
ENSG00000147533.17	GOLGA7	chr8	41490396	41510980	6	6	6
ENSG00000253133.2	AC009630.1	chr8	41509593	41578421	6	6	6
ENSG00000253943.1	KRT18P37	chr8	41511240	41512521	6	6	6
ENSG00000147536.12	GINS4	chr8	41529218	41545030	6	6	6
ENSG00000253174.2	AC009630.2	chr8	41540381	41545044	6	6	6
ENSG00000287535.1	AC009630.4	chr8	41566858	41568641	6	6	6
ENSG00000158669.11	GPAT4	chr8	41577187	41625001	6	6	6
ENSG00000264578.1	AC009630.3	chr8	41609692	41621502	6	6	6
ENSG00000165066.13	NKX6-3	chr8	41645177	41650817	6	6	6
ENSG00000029534.21	ANK1	chr8	41653220	41896762	6	6	6
ENSG00000274705.2	MIR486-1	chr8	41660441	41660508	6	6	6
ENSG00000283450.1	MIR486-2	chr8	41660444	41660507	6	6	6
ENSG00000253389.2	AC113133.1	chr8	41660991	41665566	6	6	6
ENSG00000207101.1	Y_RNA	chr8	41803349	41803450	6	6	6
ENSG00000260588.1	AC027702.1	chr8	41828165	41829934	6	6	6
ENSG00000241834.3	RN7SL149P	chr8	41840059	41840339	6	6	6
ENSG00000083168.11	KAT6A	chr8	41929479	42051994	6	6	6
ENSG00000238966.1	AC090571.1	chr8	42043504	42043575	6	6	6
ENSG00000244235.2	AC103724.1	chr8	42101318	42101836	6	6	6
ENSG00000253135.1	AC103724.2	chr8	42128774	42129249	6	6	6
ENSG00000271938.1	AC103724.4	chr8	42139461	42139752	6	6	6
ENSG00000261449.1	AC103724.3	chr8	42151772	42152763	6	6	6
ENSG00000070718.12	AP3M2	chr8	42152946	42171673	6	6	6
ENSG00000104368.19	PLAT	chr8	42174718	42207709	6	6	6
ENSG00000253408.6	AC083973.1	chr8	42233674	42271266	6	6	6
ENSG00000104365.16	IKBKB	chr8	42271302	42332460	6	6	6
ENSG00000070501.12	POLB	chr8	42338454	42371808	6	6	6
ENSG00000240395.1	RPL5P23	chr8	42341767	42342634	6	6	6
ENSG00000104371.5	DKK4	chr8	42374063	42377229	6	6	6
ENSG00000078668.14	VDAC3	chr8	42391624	42405937	6	6	6
ENSG00000168575.10	SLC20A2	chr8	42416475	42541926	6	6	6
ENSG00000254131.1	AC093367.1	chr8	42484600	42485019	6	6	6
ENSG00000254165.1	AC090739.1	chr8	42537529	42538304	6	6	6
ENSG00000176209.12	SMIM19	chr8	42541155	42555195	6	6	6
ENSG00000147432.7	CHRNB3	chr8	42697366	42737407	6	6	6
ENSG00000255101.1	AC103843.1	chr8	42705583	42721946	6	6	6
ENSG00000255361.1	AC103843.2	chr8	42725547	42726228	6	6	6
ENSG00000147434.9	CHRNA6	chr8	42752620	42796392	6	6	6
ENSG00000131931.8	THAP1	chr8	42836674	42843325	6	6	6
ENSG00000286837.1	AC087533.1	chr8	42842989	42844876	6	6	6
ENSG00000120925.16	RNF170	chr8	42849637	42897290	6	6	6
ENSG00000242719.3	RN7SL806P	chr8	42881236	42881517	6	6	6
ENSG00000284062.1	MIR4469	chr8	42896197	42896275	6	6	6
ENSG00000168172.9	HOOK3	chr8	42896946	43030535	6	6	6
ENSG00000202514.1	Y_RNA	chr8	42949388	42949495	6	6	6
ENSG00000254673.1	AC110275.1	chr8	43018424	43077334	6	6	6
ENSG00000168522.13	FNTA	chr8	43034194	43085788	6	6	6
ENSG00000200731.1	RNU1-124P	chr8	43073474	43073618	6	6	6
ENSG00000185900.11	POMK	chr8	43093498	43131180	6	6	6
ENSG00000254198.1	AC113191.1	chr8	43125995	43126397	6	6	6
ENSG00000165102.15	HGSNAT	chr8	43140464	43202855	6	6	6
ENSG00000253611.1	VN1R46P	chr8	43219960	43220809	6	6	6
ENSG00000253884.1	AC022616.5	chr8	43246755	43246935	6	6	6
ENSG00000255166.1	AC022616.7	chr8	43247191	43247410	6	6	6
ENSG00000253312.1	AC022616.3	chr8	43251711	43251858	6	6	6
ENSG00000253186.2	AC022616.2	chr8	43253732	43254089	6	6	6
ENSG00000253606.2	AFG3L2P1	chr8	43270198	43271960	6	6	6
ENSG00000234713.3	AC022616.1	chr8	43276270	43276823	6	6	6
ENSG00000253707.1	AC022616.4	chr8	43284626	43284806	6	6	6
ENSG00000188877.12	POTEA	chr8	43292483	43363518	6	6	6
ENSG00000238509.1	RNU6-104P	chr8	43303376	43303482	6	6	6
ENSG00000255497.1	AC022616.8	chr8	43313948	43314200	6	6	6
ENSG00000254342.1	AC022616.6	chr8	43372559	43372677	6	6	6
ENSG00000201329.2	U3	chr8	43378297	43378510	6	6	6
ENSG00000250637.2	AC134698.1	chr8	43442902	43452912	6	6	6
ENSG00000254069.2	AC134698.4	chr8	43493937	43494762	6	6	6
ENSG00000253319.1	AC134698.3	chr8	43511820	43512033	6	6	6
ENSG00000253418.1	SNX18P27	chr8	43513643	43514421	6	6	6
ENSG00000254145.1	AC134698.5	chr8	43539137	43539472	6	6	6
ENSG00000253748.2	CYP4F44P	chr8	43539973	43540927	6	6	6
ENSG00000253195.2	AC134698.2	chr8	43542076	43544057	6	6	6
ENSG00000253845.1	AC139365.2	chr8	43672823	43673075	6	6	6
ENSG00000253198.1	AC139365.1	chr8	43674270	43674591	6	6	6
ENSG00000276685.1	AC118650.1	chr8	46028804	46028892	6	6	6
ENSG00000253425.2	HSPA8P13	chr8	46549089	46550802	6	6	6
ENSG00000248498.4	ASNSP1	chr8	46579213	46638886	6	6	6
ENSG00000254070.1	AC104576.1	chr8	46671839	46671926	6	6	6
ENSG00000251470.1	ASNSP4	chr8	46697630	46698688	6	6	6
ENSG00000228984.3	AC021451.1	chr8	46784800	46785928	6	6	6
ENSG00000250857.3	TRIM60P15	chr8	46792065	46793064	6	6	6
ENSG00000286484.1	AC021451.2	chr8	46810696	46819098	6	6	6
ENSG00000286554.1	AC021451.3	chr8	46814925	46817964	6	6	6
ENSG00000253314.7	LINC00293	chr8	46822174	46907309	6	6	6
ENSG00000253828.3	MTND2P38	chr8	46827228	46827894	6	6	6
ENSG00000282321.1	MTND1P7	chr8	46828117	46828413	6	6	6
ENSG00000252594.1	RNU6-656P	chr8	46831050	46831156	6	6	6
ENSG00000254118.1	MTCYBP20	chr8	46837578	46838706	6	6	6
ENSG00000254156.1	MTND6P20	chr8	46838788	46839205	6	6	6
ENSG00000253803.1	AC091163.3	chr8	46870902	46872045	6	6	6
ENSG00000253745.1	AC091163.1	chr8	46922561	46928832	6	6	6
ENSG00000253782.2	AC091163.2	chr8	46930604	46951850	6	6	6
ENSG00000215179.5	MAPK6P4	chr8	46972476	46974617	6	6	6
ENSG00000222099.1	RN7SKP32	chr8	47068021	47068323	6	6	6
ENSG00000248347.3	AC120036.1	chr8	47089572	47198861	6	6	6
ENSG00000285992.1	AC120036.5	chr8	47129262	47132628	6	6	6
ENSG00000200986.1	RNU6-819P	chr8	47131781	47131887	6	6	6
ENSG00000188873.4	RPL10AP2	chr8	47157118	47157771	6	6	6
ENSG00000248531.3	NDUFA5P12	chr8	47164870	47165524	6	6	6
ENSG00000254348.1	AC120036.3	chr8	47189305	47189560	6	6	6
ENSG00000255366.1	AC120036.4	chr8	47190772	47193262	6	6	6
ENSG00000253502.1	ATP6V1G1P2	chr8	47194002	47194347	6	6	6
ENSG00000253817.1	AC120036.2	chr8	47198032	47198323	6	6	6
ENSG00000215177.3	IGLV8OR8-1	chr8	47202444	47202897	6	6	6
ENSG00000164808.17	SPIDR	chr8	47260878	47736306	6	6	6
ENSG00000253330.1	AC024451.2	chr8	47511034	47512141	6	6	6
ENSG00000269924.1	AC024451.4	chr8	47527397	47528148	6	6	6
ENSG00000251354.3	AC024451.1	chr8	47546804	47547926	6	6	6
ENSG00000254065.1	AC024451.3	chr8	47592147	47592609	6	6	6
ENSG00000207369.1	RNU6-665P	chr8	47667771	47667877	6	6	6
ENSG00000221869.5	CEBPD	chr8	47736913	47738164	6	6	6
ENSG00000253729.8	PRKDC	chr8	47773111	47960178	6	6	6
ENSG00000207450.1	Y_RNA	chr8	47805079	47805179	6	6	6
ENSG00000287959.1	AC021236.1	chr8	47941426	47943670	6	6	6
ENSG00000104738.18	MCM4	chr8	47960185	47978160	6	6	6
ENSG00000222522.1	RNU6-519P	chr8	47979414	47979521	6	6	6
ENSG00000169139.12	UBE2V2	chr8	48008415	48064708	6	6	6
ENSG00000253843.1	AC104989.1	chr8	48193850	48194627	6	6	6
ENSG00000253654.2	IDI1P2	chr8	48294026	48294694	6	6	6
ENSG00000252710.1	RNU6-295P	chr8	48307927	48308030	6	6	6
ENSG00000277418.1	RNA5SP531	chr8	48316669	48316770	6	6	6
ENSG00000224594.2	RPL29P19	chr8	48384590	48385049	6	6	6
ENSG00000279881.1	AC041040.1	chr8	48428143	48431041	6	6	6
ENSG00000253140.2	AC026904.1	chr8	48515852	48518157	6	6	6
ENSG00000253688.2	AC026904.2	chr8	48551527	48556441	6	6	6
ENSG00000253608.2	AC022915.2	chr8	48551567	48698510	6	6	6
ENSG00000233858.4	LINC02599	chr8	48590401	48594621	6	6	6
ENSG00000253702.1	LINC02847	chr8	48597458	48621018	6	6	6
ENSG00000253455.1	AC022915.1	chr8	48620465	48623895	6	6	6
ENSG00000253892.1	AC022915.3	chr8	48657260	48658894	6	6	6
ENSG00000034239.11	EFCAB1	chr8	48710789	48735311	6	6	6
ENSG00000286878.1	AC100805.1	chr8	48818293	48824062	6	6	6
ENSG00000233109.4	AC013701.1	chr8	48913916	48914380	6	6	6
ENSG00000019549.13	SNAI2	chr8	48917598	48921740	6	6	6
ENSG00000287788.1	AC013701.2	chr8	48925917	48931288	6	6	6
ENSG00000286701.1	AC044893.2	chr8	49046652	49058536	6	6	6
ENSG00000168333.14	PPDPFL	chr8	49054311	49076093	6	6	6
ENSG00000253474.2	AC044893.1	chr8	49086301	49229174	6	6	6
ENSG00000199640.1	RN7SKP294	chr8	49330210	49330547	6	6	6
ENSG00000254268.1	RFPL4AP7	chr8	49352630	49352844	6	6	6
ENSG00000253380.1	AC090155.2	chr8	49496763	49512180	6	6	6
ENSG00000253206.1	AC090155.1	chr8	49536386	49554414	6	6	6
ENSG00000253810.1	PSAT1P1	chr8	49740216	49741321	6	6	6
ENSG00000253484.1	AC113145.1	chr8	49817586	49820944	6	6	6
ENSG00000271148.1	AC023762.1	chr8	49906863	49907446	6	6	6
ENSG00000147481.17	SNTG1	chr8	49909789	50796692	6	6	6
ENSG00000253849.1	AC090539.1	chr8	50381015	50382275	6	6	6
ENSG00000254392.1	AC090539.2	chr8	50490795	50491465	6	6	6
ENSG00000254358.1	CYCSP22	chr8	50762460	50762798	6	6	6
ENSG00000253340.1	AC087272.1	chr8	50859530	50860062	6	6	6
ENSG00000201316.1	AC090919.1	chr8	51015021	51015165	6	6	6
ENSG00000253664.1	AC012413.1	chr8	51257688	51321118	6	6	6
ENSG00000147485.13	PXDNL	chr8	51319577	51809445	6	6	6
ENSG00000254025.1	BRIX1P1	chr8	51435602	51436509	6	6	6
ENSG00000254225.1	BTF3P1	chr8	51721670	51722164	6	6	6
ENSG00000272076.1	AC090186.1	chr8	51810110	51810681	6	6	6
ENSG00000168300.14	PCMTD1	chr8	51817575	51899186	6	6	6
ENSG00000253475.1	AC103769.1	chr8	51895957	51896374	6	6	6
ENSG00000228801.6	AC064807.1	chr8	51899268	51949874	6	6	6
ENSG00000272024.1	AC064807.4	chr8	51950284	51950690	6	6	6
ENSG00000253844.1	AC064807.2	chr8	51961458	52022974	6	6	6
ENSG00000254136.1	AC064807.3	chr8	51996210	52008355	6	6	6
ENSG00000147488.11	ST18	chr8	52110839	52460959	6	6	6
ENSG00000254314.1	AC021915.2	chr8	52150820	52154892	6	6	6
ENSG00000253551.1	AC021915.1	chr8	52194362	52199580	6	6	6
ENSG00000253924.2	AC103831.1	chr8	52294455	52301942	6	6	6
ENSG00000240534.1	RPL34P17	chr8	52313154	52313500	6	6	6
ENSG00000196711.9	ALKAL1	chr8	52534037	52565430	6	6	6
ENSG00000023287.13	RB1CC1	chr8	52622458	52745843	6	6	6
ENSG00000271555.1	AC113139.1	chr8	52722903	52723141	6	6	6
ENSG00000288611.1	NPBWR1	chr8	52939182	52943734	6	6	6
ENSG00000248911.2	AC009800.1	chr8	52975111	52976116	6	6	6
ENSG00000250494.1	AC009646.1	chr8	53162339	53162987	6	6	6
ENSG00000254687.1	AC009646.2	chr8	53177571	53242683	6	6	6
ENSG00000082556.14	OPRK1	chr8	53225724	53251637	6	6	6
ENSG00000260484.1	AC131902.1	chr8	53388701	53390872	6	6	6
ENSG00000253369.2	AC022034.3	chr8	53394110	53484067	6	6	6
ENSG00000274295.1	AC131902.2	chr8	53394215	53394795	6	6	6
ENSG00000237807.4	AC022034.1	chr8	53493523	53524336	6	6	6
ENSG00000254204.1	AC022034.4	chr8	53515170	53515905	6	6	6
ENSG00000240919.1	AC022034.2	chr8	53532908	53533704	6	6	6
ENSG00000206144.5	MAPK6P1	chr8	53537060	53540300	6	6	6
ENSG00000253668.1	AC103778.1	chr8	53712697	53712896	6	6	6
ENSG00000047249.18	ATP6V1H	chr8	53715543	53843558	6	6	6
ENSG00000147509.14	RGS20	chr8	53851795	53959303	6	6	6
ENSG00000272457.1	AC113194.1	chr8	53876150	53876649	6	6	6
ENSG00000244159.1	RPS27AP13	chr8	53887008	53887244	6	6	6
ENSG00000200528.1	RNU6-1331P	chr8	53914719	53914824	6	6	6
ENSG00000187735.14	TCEA1	chr8	53966552	54022456	6	6	6
ENSG00000253667.2	AC100821.1	chr8	53971231	53974210	6	6	6
ENSG00000260955.2	AC100821.2	chr8	54042989	54045629	6	6	6
ENSG00000120992.18	LYPLA1	chr8	54046367	54102017	6	6	6
ENSG00000254274.1	TDGF1P5	chr8	54073114	54073566	6	6	6
ENSG00000276353.1	Metazoa_SRP	chr8	54130582	54130860	6	6	6
ENSG00000137547.9	MRPL15	chr8	54135241	54148514	6	6	6
ENSG00000251835.1	RNU6ATAC32P	chr8	54152807	54152882	6	6	6
ENSG00000270980.1	AC060764.1	chr8	54191582	54192035	6	6	6
ENSG00000253840.1	AC044836.1	chr8	54247633	54247906	6	6	6
ENSG00000199212.1	RNU105C	chr8	54330687	54330895	6	6	6
ENSG00000276605.1	AC027250.1	chr8	54354168	54355118	6	6	6
ENSG00000286471.1	AC027250.2	chr8	54381698	54394870	6	6	6
ENSG00000244107.3	RN7SL250P	chr8	54420468	54420725	6	6	6
ENSG00000164736.6	SOX17	chr8	54457935	54460892	6	6	6
ENSG00000274310.1	AC091076.1	chr8	54467208	54470609	6	6	6
ENSG00000270275.1	TRMT112P7	chr8	54479597	54479963	6	6	6
ENSG00000104237.11	RP1	chr8	54509422	54871720	6	6	6
ENSG00000226098.4	SEC11B	chr8	54522799	54523297	6	6	6
ENSG00000253114.2	AC090151.1	chr8	54696398	54697127	6	6	6
ENSG00000286348.1	AC084834.1	chr8	55067585	55081909	6	6	6
ENSG00000206579.9	XKR4	chr8	55102028	55542054	6	6	6
ENSG00000253976.1	AC022679.2	chr8	55135203	55142358	6	6	6
ENSG00000253857.2	AC022679.1	chr8	55161446	55164727	6	6	6
ENSG00000248522.1	SBF1P1	chr8	55449509	55455139	6	6	6
ENSG00000254357.1	AC090200.1	chr8	55517240	55520977	6	6	6
ENSG00000167904.15	TMEM68	chr8	55696424	55773407	6	6	6
ENSG00000222955.1	RNA5SP265	chr8	55745232	55745342	6	6	6
ENSG00000137574.11	TGS1	chr8	55773446	55826445	6	6	6
ENSG00000254087.8	LYN	chr8	55879835	56014169	6	6	6
ENSG00000254325.2	AC018607.1	chr8	55893595	55895739	6	6	6
ENSG00000199405.1	SNORA1B	chr8	55902723	55902855	6	6	6
ENSG00000240905.3	RN7SL798P	chr8	55980240	55980540	6	6	6
ENSG00000241997.3	RN7SL323P	chr8	56022019	56022313	6	6	6
ENSG00000236814.1	AC046176.1	chr8	56050038	56051207	6	6	6
ENSG00000008988.11	RPS20	chr8	56067254	56074510	6	6	6
ENSG00000238650.1	SNORD54	chr8	56073835	56073901	6	6	6
ENSG00000253603.1	CERNA3	chr8	56074592	56075274	6	6	6
ENSG00000248578.1	NPM1P21	chr8	56101199	56102267	6	6	6
ENSG00000172680.1	MOS	chr8	56112942	56113982	6	6	6
ENSG00000221093.1	AC107376.1	chr8	56121242	56121352	6	6	6
ENSG00000181690.8	PLAG1	chr8	56160909	56211324	6	6	6
ENSG00000170791.18	CHCHD7	chr8	56211686	56218809	6	6	6
ENSG00000272343.1	AC107952.2	chr8	56222688	56223173	6	6	6
ENSG00000254216.1	AC107952.1	chr8	56252960	56253372	6	6	6
ENSG00000170786.12	SDR16C5	chr8	56300010	56320776	6	6	6
ENSG00000253542.7	SDR16C6P	chr8	56373064	56395365	6	6	6
ENSG00000181195.11	PENK	chr8	56436674	56446671	6	6	6
ENSG00000254254.6	AC012349.1	chr8	56445807	56556513	6	6	6
ENSG00000253541.1	SEPTIN10P1	chr8	56476826	56477987	6	6	6
ENSG00000246430.7	LINC00968	chr8	56496048	56559823	6	6	6
ENSG00000253139.1	AC013644.1	chr8	56536758	56540497	6	6	6
ENSG00000241431.1	RPL37P6	chr8	56588385	56588787	6	6	6
ENSG00000254055.2	AC009597.1	chr8	56638894	56656496	6	6	6
ENSG00000270328.1	AC009597.2	chr8	56776283	56776874	6	6	6
ENSG00000206975.1	RNU6-13P	chr8	56917084	56917190	6	6	6
ENSG00000104331.9	BPNT2	chr8	56957931	56993867	6	6	6
ENSG00000222205.1	RNA5SP266	chr8	57126655	57126762	6	6	6
ENSG00000253301.6	LINC01606	chr8	57142659	57244793	6	6	6
ENSG00000251142.1	AC025674.1	chr8	57240057	57240541	6	6	6
ENSG00000253614.1	AC025674.2	chr8	57261226	57266613	6	6	6
ENSG00000215117.6	LINC00588	chr8	57279543	57286968	6	6	6
ENSG00000202265.1	RNU6-596P	chr8	57289552	57289649	6	6	6
ENSG00000253871.2	AC068075.1	chr8	57341021	57365444	6	6	6
ENSG00000243050.1	RPL30P10	chr8	57392546	57392882	6	6	6
ENSG00000287301.1	AC068075.2	chr8	57420834	57423673	6	6	6
ENSG00000253821.2	AC090796.1	chr8	57492884	57592451	6	6	6
ENSG00000253322.1	AC104051.1	chr8	57594166	57805029	6	6	6
ENSG00000254139.1	AC104051.2	chr8	57746149	57750199	6	6	6
ENSG00000205293.5	LINC01602	chr8	57855500	57984126	6	6	6
ENSG00000253376.2	AC012103.1	chr8	57888975	57934329	6	6	6
ENSG00000169122.11	FAM110B	chr8	57994509	58204279	6	6	6
ENSG00000253523.1	AC104350.1	chr8	58031334	58032682	6	6	6
ENSG00000253116.1	AC027698.1	chr8	58091442	58106294	6	6	6
ENSG00000242595.1	RPL26P26	chr8	58113189	58113622	6	6	6
ENSG00000288041.1	AC092819.3	chr8	58227578	58243984	6	6	6
ENSG00000253281.7	AC092819.1	chr8	58255771	58272137	6	6	6
ENSG00000286578.1	AC092819.2	chr8	58269979	58272450	6	6	6
ENSG00000215114.10	UBXN2B	chr8	58411359	58451501	6	6	6
ENSG00000250031.1	AC009927.1	chr8	58424588	58426685	6	6	6
ENSG00000167910.4	CYP7A1	chr8	58490178	58500163	6	6	6
ENSG00000254103.1	PPIAP85	chr8	58503588	58504068	6	6	6
ENSG00000137575.12	SDCBP	chr8	58552924	58582859	6	6	6
ENSG00000035681.9	NSMAF	chr8	58583508	58659853	6	6	6
ENSG00000242970.2	AC068522.1	chr8	58588420	58588764	6	6	6
ENSG00000198846.6	TOX	chr8	58805412	59119147	6	6	6
ENSG00000201231.1	RNU4-50P	chr8	58814412	58814552	6	6	6
ENSG00000254048.1	AC105150.1	chr8	58991720	58992938	6	6	6
ENSG00000167912.6	AC090152.1	chr8	59119040	59123478	6	6	6
ENSG00000206853.1	AC087698.1	chr8	59137372	59137502	6	6	6
ENSG00000201763.1	RNA5SP267	chr8	59455885	59456010	6	6	6
ENSG00000254150.1	AC087664.3	chr8	59557528	59557855	6	6	6
ENSG00000253260.2	AC087664.1	chr8	59561324	59604774	6	6	6
ENSG00000253879.2	AC087664.2	chr8	59601319	59620227	6	6	6
ENSG00000253413.1	AC107934.1	chr8	59760047	59760263	6	6	6
ENSG00000253723.1	AC107934.2	chr8	59821124	59821433	6	6	6
ENSG00000278428.1	AC022709.1	chr8	59893856	59893942	6	6	6
ENSG00000254775.2	AC021393.1	chr8	60046755	60136599	6	6	6
ENSG00000254954.1	SLC2A13P1	chr8	60141821	60142142	6	6	6
ENSG00000178538.10	CA8	chr8	60185412	60281400	6	6	6
ENSG00000251396.7	LINC01301	chr8	60289928	60516795	6	6	6
ENSG00000226301.3	PDCL3P1	chr8	60387262	60387995	6	6	6
ENSG00000104388.15	RAB2A	chr8	60516936	60623644	6	6	6
ENSG00000255321.1	AC068389.3	chr8	60551957	60553036	6	6	6
ENSG00000228862.4	AC068389.1	chr8	60629662	60653561	6	6	6
ENSG00000255289.1	AC068389.2	chr8	60660820	60664530	6	6	6
ENSG00000171316.12	CHD7	chr8	60678740	60868028	6	5	6
ENSG00000254432.1	AC113143.1	chr8	60808735	60809606	6	6	6
ENSG00000287975.1	AC113143.2	chr8	60876969	60904644	6	6	6
ENSG00000271377.1	IFITM3P8	chr8	60906059	60906452	6	6	6
ENSG00000254777.5	AC022182.1	chr8	60910053	60966557	6	6	6
ENSG00000255397.1	NASPP1	chr8	60937705	60939871	6	6	6
ENSG00000254802.1	AC022182.2	chr8	60965802	60967775	6	6	6
ENSG00000177182.11	CLVS1	chr8	61057158	61501645	6	6	6
ENSG00000213881.3	NPM1P6	chr8	61202350	61203220	6	6	6
ENSG00000254222.1	AC023866.2	chr8	61264624	61292039	6	6	6
ENSG00000253711.1	AC023866.1	chr8	61300164	61301069	6	6	6
ENSG00000198363.18	ASPH	chr8	61500556	61714640	6	6	6
ENSG00000254285.3	KRT8P3	chr8	61578220	61579668	6	6	6
ENSG00000222898.1	RN7SKP97	chr8	61631680	61632012	6	6	6
ENSG00000264408.1	MIR4470	chr8	61714788	61714859	6	6	6
ENSG00000251127.2	AC091173.1	chr8	61759094	61765969	6	6	6
ENSG00000254119.5	LINC02842	chr8	61785047	61944180	6	6	6
ENSG00000253834.1	AC025524.1	chr8	61821481	61825252	6	6	6
ENSG00000254120.1	LINC02155	chr8	61889839	61894206	6	6	6
ENSG00000253544.1	C1GALT1P3	chr8	61909984	61910802	6	6	6
ENSG00000253789.1	NARS1P2	chr8	62110524	62119898	6	6	6
ENSG00000237810.3	AC104852.1	chr8	62143311	62144769	6	6	6
ENSG00000285971.1	AC023095.1	chr8	62191088	62249879	6	6	6
ENSG00000185942.13	NKAIN3	chr8	62248591	63014000	6	6	6
ENSG00000254050.1	AC018861.2	chr8	62473217	62474269	6	6	6
ENSG00000253975.1	AC018861.1	chr8	62482198	62483811	6	6	6
ENSG00000287105.1	AC090577.1	chr8	62658343	62690133	6	6	6
ENSG00000253517.1	XRCC6P4	chr8	62855068	62857134	6	6	6
ENSG00000253431.1	SRPK2P	chr8	62863082	62864181	6	6	6
ENSG00000240915.2	AC120042.1	chr8	63013068	63014681	6	6	6
ENSG00000137563.13	GGH	chr8	63014881	63039407	6	6	6
ENSG00000253121.1	AC120042.2	chr8	63024372	63025294	6	6	6
ENSG00000137561.5	TTPA	chr8	63048553	63086053	6	6	6
ENSG00000253555.1	AC011978.1	chr8	63136223	63138084	6	6	6
ENSG00000270673.1	YTHDF3-AS1	chr8	63167725	63168442	6	6	6
ENSG00000185728.17	YTHDF3	chr8	63168553	63212786	6	6	6
ENSG00000261542.1	AC011978.2	chr8	63215981	63218034	6	6	6
ENSG00000241964.3	RN7SL135P	chr8	63234634	63234911	6	6	6
ENSG00000253205.6	AC011124.1	chr8	63384839	63470205	6	6	6
ENSG00000215096.3	IFITM8P	chr8	63409064	63409457	6	6	6
ENSG00000253894.2	AC011124.2	chr8	63465831	63478745	6	6	6
ENSG00000253583.1	AC018953.1	chr8	63586000	63589408	6	6	6
ENSG00000252358.1	RN7SKP135	chr8	63609354	63609600	6	6	6
ENSG00000287844.1	AC018953.2	chr8	63651457	63693249	6	6	6
ENSG00000253554.7	LINC01414	chr8	63687179	64369176	6	6	6
ENSG00000253762.2	AC069133.1	chr8	63703077	63751677	6	6	6
ENSG00000253734.2	LINC01289	chr8	63769428	63813937	6	6	6
ENSG00000253231.1	COX6CP8	chr8	64331927	64332152	6	6	6
ENSG00000254377.6	MIR124-2HG	chr8	64373151	64383787	6	6	6
ENSG00000207816.1	MIR124-2	chr8	64379149	64379257	6	6	6
ENSG00000287615.1	AC012535.1	chr8	64456198	64462926	6	6	6
ENSG00000253750.1	AC090136.1	chr8	64554236	64554475	6	6	6
ENSG00000253800.1	AC090136.2	chr8	64570913	64571332	6	6	6
ENSG00000254102.2	AC090136.3	chr8	64574306	64581921	6	6	6
ENSG00000180828.3	BHLHE22	chr8	64580365	64583627	6	6	6
ENSG00000172817.4	CYP7B1	chr8	64587763	64798737	6	6	6
ENSG00000254330.1	AC104232.2	chr8	64703774	64734459	6	6	6
ENSG00000287998.1	AC104232.3	chr8	64798804	64862370	6	6	6
ENSG00000254006.5	AC104232.1	chr8	64801236	64817573	6	6	6
ENSG00000253493.1	AC087808.1	chr8	64973488	64973848	6	6	6
ENSG00000239261.1	RPL31P41	chr8	65155407	65155778	6	6	6
ENSG00000280725.2	LINC00251	chr8	65161145	65184210	6	6	6
ENSG00000213873.4	PPIAP86	chr8	65377592	65378111	6	6	6
ENSG00000254081.2	LINC01299	chr8	65526738	65562781	6	6	6
ENSG00000272010.1	AC100814.1	chr8	65591850	65592472	6	6	6
ENSG00000200714.1	Y_RNA	chr8	65592731	65592820	6	6	6
ENSG00000104442.10	ARMC1	chr8	65602458	65634217	6	6	6
ENSG00000066855.16	MTFR1	chr8	65644734	65771261	6	6	6
ENSG00000272155.1	AC055822.1	chr8	65714334	65714778	6	6	6
ENSG00000205268.11	PDE7A	chr8	65714334	65842322	6	6	6
ENSG00000272192.1	AC100812.1	chr8	65842752	65843331	6	6	6
ENSG00000147570.10	DNAJC5B	chr8	66021553	66101245	6	6	6
ENSG00000253190.4	AC084082.1	chr8	66112667	66126632	6	6	6
ENSG00000147573.17	TRIM55	chr8	66126896	66175485	6	6	6
ENSG00000147571.5	CRH	chr8	66176376	66178464	6	6	6
ENSG00000253138.5	LINC00967	chr8	66192093	66197315	6	6	6
ENSG00000287127.1	AC009879.4	chr8	66363774	66432370	6	6	6
ENSG00000246145.1	RRS1-AS1	chr8	66419589	66428977	6	6	6
ENSG00000179041.4	RRS1	chr8	66429014	66430733	6	6	6
ENSG00000285655.1	AC009879.2	chr8	66430185	66445324	6	6	6
ENSG00000285791.1	AC009879.3	chr8	66432486	66518524	6	6	6
ENSG00000147576.17	ADHFE1	chr8	66432492	66468907	6	6	6
ENSG00000253623.1	AC009879.1	chr8	66480648	66481486	6	6	6
ENSG00000169085.13	VXN	chr8	66493520	66518524	6	6	6
ENSG00000206949.1	RNU6-1324P	chr8	66501205	66501311	6	6	6
ENSG00000185697.16	MYBL1	chr8	66562175	66614247	6	6	6
ENSG00000175073.8	VCPIP1	chr8	66628487	66667231	6	6	6
ENSG00000201365.1	Y_RNA	chr8	66653469	66653576	6	6	6
ENSG00000288602.1	C8orf44-SGK3	chr8	66667596	66860472	6	6	6
ENSG00000288596.2	C8orf44	chr8	66667615	66685564	6	6	6
ENSG00000104205.16	SGK3	chr8	66712734	66862022	6	6	6
ENSG00000213005.3	PTTG3P	chr8	66767400	66768005	6	6	6
ENSG00000178460.18	MCMDC2	chr8	66870749	66922048	6	6	6
ENSG00000245910.8	SNHG6	chr8	66921684	66926398	6	6	6
ENSG00000254341.2	SNORD87	chr8	66922467	66922555	6	6	6
ENSG00000261787.2	TCF24	chr8	66946501	66962591	6	6	6
ENSG00000178125.14	PPP1R42	chr8	66964099	67056604	6	6	6
ENSG00000253223.1	AC110998.1	chr8	66984135	66986187	6	6	6
ENSG00000121022.14	COPS5	chr8	67043079	67083783	6	6	6
ENSG00000104218.16	CSPP1	chr8	67062417	67196778	6	6	6
ENSG00000252637.1	RNA5SP268	chr8	67099302	67099425	6	6	6
ENSG00000250869.2	AC087359.1	chr8	67133554	67135911	6	6	6
ENSG00000066777.9	ARFGEF1	chr8	67173511	67343781	6	6	6
ENSG00000287214.1	AC021321.2	chr8	67313043	67314637	6	6	6
ENSG00000271966.1	AC021321.1	chr8	67343975	67345087	6	6	6
ENSG00000241961.1	AC011037.1	chr8	67406515	67407072	6	6	6
ENSG00000165078.13	CPA6	chr8	67422038	67746378	6	6	6
ENSG00000254253.1	NACAP10	chr8	67569416	67570078	6	6	6
ENSG00000255130.1	AC022874.1	chr8	67732587	67735665	6	6	6
ENSG00000255531.1	NDUFS5P6	chr8	67849044	67849338	6	6	6
ENSG00000046889.19	PREX2	chr8	67952046	68237032	6	6	6
ENSG00000255206.1	AC011853.2	chr8	68082204	68095081	6	6	6
ENSG00000254051.1	AC011853.1	chr8	68176768	68177221	6	6	6
ENSG00000252210.1	Y_RNA	chr8	68223318	68223402	6	6	6
ENSG00000253964.1	RPL31P40	chr8	68293446	68293818	6	6	6
ENSG00000248801.7	C8orf34-AS1	chr8	68302246	68331689	6	6	6
ENSG00000165084.16	C8orf34	chr8	68330955	68819023	6	6	6
ENSG00000236191.3	RPS15AP25	chr8	68525517	68525906	6	6	6
ENSG00000239184.1	RNA5SP269	chr8	68695643	68695779	6	6	6
ENSG00000254337.2	AC083967.1	chr8	68848737	68852763	6	6	6
ENSG00000253658.6	LINC01592	chr8	68880139	69104242	6	6	6
ENSG00000238808.1	RNU7-102P	chr8	69110513	69110574	6	6	6
ENSG00000254332.1	AF201337.1	chr8	69129598	69130345	6	6	6
ENSG00000253373.1	AC021785.1	chr8	69175579	69178189	6	6	6
ENSG00000253479.6	LINC01603	chr8	69424849	69448282	6	6	6
ENSG00000253216.1	AC022790.1	chr8	69446057	69446260	6	6	6
ENSG00000137573.14	SULF1	chr8	69466624	69660915	6	6	6
ENSG00000137571.11	SLCO5A1	chr8	69667046	69834978	6	6	6
ENSG00000222889.1	RN7SKP29	chr8	69700224	69700495	6	6	6
ENSG00000254557.1	AC091047.1	chr8	69713390	69719722	6	6	6
ENSG00000271113.1	AC079089.3	chr8	69794062	69794734	6	6	6
ENSG00000246528.3	AC079089.1	chr8	69834111	69854971	6	6	6
ENSG00000277740.1	Metazoa_SRP	chr8	69851148	69851436	6	6	6
ENSG00000255107.1	AC079089.2	chr8	69859264	69860540	6	6	6
ENSG00000239580.3	RN7SL675P	chr8	69922751	69923047	6	6	6
ENSG00000223293.1	RNA5SP270	chr8	69929905	69930022	6	6	6
ENSG00000280393.1	AC090574.1	chr8	69938168	69938400	6	6	6
ENSG00000247570.2	SDCBPP2	chr8	69942948	69944648	6	6	6
ENSG00000253721.1	SUMO2P20	chr8	69987415	69987697	6	6	6
ENSG00000147596.4	PRDM14	chr8	70051651	70071693	6	6	6
ENSG00000212473.1	RNU1-101P	chr8	70077906	70078032	6	6	6
ENSG00000253173.3	H2AZP2	chr8	70103798	70104179	6	6	6
ENSG00000140396.13	NCOA2	chr8	70109782	70403808	6	6	6
ENSG00000213003.3	BTF3P12	chr8	70273369	70273837	6	6	6
ENSG00000207036.1	RNY3P14	chr8	70357347	70357448	6	6	6
ENSG00000241204.1	AC022730.2	chr8	70424125	70424576	6	6	6
ENSG00000253143.3	AC022730.3	chr8	70471112	70480623	6	6	6
ENSG00000253967.1	AC022730.4	chr8	70471134	70485687	6	6	6
ENSG00000275128.1	RN7SL203P	chr8	70480192	70480487	6	6	6
ENSG00000241105.1	AC022730.1	chr8	70506251	70506818	6	6	6
ENSG00000287230.1	AC120194.1	chr8	70525053	70535646	6	6	6
ENSG00000067167.8	TRAM1	chr8	70573218	70608416	6	6	6
ENSG00000246366.6	LACTB2-AS1	chr8	70608577	70663279	6	6	6
ENSG00000147592.9	LACTB2	chr8	70635318	70669185	6	6	6
ENSG00000243532.3	RN7SL19P	chr8	70654578	70654883	6	6	6
ENSG00000221947.8	XKR9	chr8	70669339	70790371	6	6	6
ENSG00000285579.1	AC015687.1	chr8	70669369	71228629	6	6	6
ENSG00000223220.1	Y_RNA	chr8	70780914	70781008	6	6	6
ENSG00000254031.6	AC022858.1	chr8	71155454	71204223	6	6	6
ENSG00000104313.20	EYA1	chr8	71197433	71592025	6	6	6
ENSG00000253124.1	TRAPPC2P2	chr8	71448811	71449219	6	6	6
ENSG00000254277.1	AC009446.1	chr8	71675300	71702786	6	6	6
ENSG00000253287.1	AC104012.1	chr8	71779605	71792875	6	6	6
ENSG00000200191.1	U8	chr8	71815494	71815625	6	6	6
ENSG00000235531.11	MSC-AS1	chr8	71828167	72118393	6	6	6
ENSG00000178860.8	MSC	chr8	71841549	71844468	6	6	6
ENSG00000241942.2	RPS20P20	chr8	71895991	71896330	6	6	6
ENSG00000104321.11	TRPA1	chr8	72019917	72075584	6	6	6
ENSG00000253317.1	AC078906.1	chr8	72196334	72202269	6	6	6
ENSG00000250979.1	AC022905.1	chr8	72202751	72251565	6	6	6
ENSG00000252509.1	RNA5SP271	chr8	72357728	72357815	6	6	6
ENSG00000212989.3	AC124293.1	chr8	72429620	72430112	6	6	6
ENSG00000254347.1	AC011131.1	chr8	72462311	72470972	6	6	6
ENSG00000182674.6	KCNB2	chr8	72537225	72938349	6	6	6
ENSG00000253226.1	HAUS1P3	chr8	72618722	72619383	6	6	6
ENSG00000278193.1	AC013562.2	chr8	72660584	72661470	6	6	6
ENSG00000253726.1	AC013562.1	chr8	72732045	72751843	6	6	6
ENSG00000253784.1	AC090735.1	chr8	72874859	72881740	6	6	6
ENSG00000260838.3	AC022893.2	chr8	72947150	72950445	6	6	6
ENSG00000147601.15	TERF1	chr8	73008856	73048123	6	6	6
ENSG00000222488.1	RNU6-285P	chr8	73018945	73019044	6	6	6
ENSG00000272254.1	AC022893.3	chr8	73042910	73043346	6	6	6
ENSG00000253636.1	AC022893.1	chr8	73052178	73063061	6	6	6
ENSG00000164764.11	SBSPON	chr8	73064543	73124088	6	6	6
ENSG00000237061.1	AC100823.1	chr8	73083787	73085879	6	6	6
ENSG00000253564.1	AC100823.2	chr8	73215929	73216627	6	6	6
ENSG00000274443.4	C8orf89	chr8	73241329	73259502	6	6	6
ENSG00000254213.2	PRXL2AP2	chr8	73277364	73278046	6	6	6
ENSG00000147604.14	RPL7	chr8	73290242	73295789	6	6	6
ENSG00000121039.10	RDH10	chr8	73294602	73325281	6	6	6
ENSG00000250295.6	RDH10-AS1	chr8	73297711	73356461	6	6	6
ENSG00000253235.2	AC111149.1	chr8	73326991	73370601	6	6	6
ENSG00000253339.2	AC111149.2	chr8	73358670	73364212	6	6	6
ENSG00000253302.1	STAU2-AS1	chr8	73420004	73441526	6	6	6
ENSG00000040341.18	STAU2	chr8	73420369	73747708	6	6	6
ENSG00000254273.1	AC018620.1	chr8	73511276	73511654	6	6	6
ENSG00000253383.1	AC100784.1	chr8	73590574	73590883	6	6	6
ENSG00000254105.1	VENTXP6	chr8	73651289	73651602	6	6	6
ENSG00000254538.1	AC027018.1	chr8	73670441	73732897	6	6	6
ENSG00000258677.2	AC022826.2	chr8	73688691	73878854	6	6	6
ENSG00000104343.21	UBE2W	chr8	73780097	73878910	6	6	6
ENSG00000253273.2	AC022826.1	chr8	73831143	73831947	6	6	6
ENSG00000272469.2	RN7SL760P	chr8	73833773	73834042	6	6	6
ENSG00000286113.1	AC022868.1	chr8	73879046	73882733	6	6	6
ENSG00000251633.3	GYG1P1	chr8	73905357	73915010	6	6	6
ENSG00000154582.17	ELOC	chr8	73939169	73972287	6	6	6
ENSG00000175606.11	TMEM70	chr8	73972437	73982783	6	6	6
ENSG00000244295.2	RPS20P21	chr8	73982125	73982467	6	6	6
ENSG00000253833.1	DSTNP3	chr8	73984493	73984883	6	6	6
ENSG00000154589.7	LY96	chr8	73991392	74029079	6	6	6
ENSG00000212348.1	RNU6-1300P	chr8	74048677	74048784	6	6	6
ENSG00000254288.1	AC087672.2	chr8	74052340	74099853	6	6	6
ENSG00000240047.2	RPS3AP32	chr8	74055882	74056647	6	6	6
ENSG00000212485.1	RNU6-1197P	chr8	74079537	74079643	6	6	6
ENSG00000253983.3	AC087627.1	chr8	74093545	74208536	6	6	6
ENSG00000253115.1	AC087672.1	chr8	74103516	74106744	6	6	6
ENSG00000104369.5	JPH1	chr8	74234700	74321540	6	6	6
ENSG00000104381.14	GDAP1	chr8	74320613	74518007	6	6	6
ENSG00000253596.1	AC103952.1	chr8	74347757	74350050	6	6	6
ENSG00000207417.1	Y_RNA	chr8	74376687	74376793	6	6	6
ENSG00000266502.1	MIR5681A	chr8	74548543	74548617	6	6	6
ENSG00000283505.1	MIR5681B	chr8	74548550	74548609	6	6	6
ENSG00000254349.6	MIR2052HG	chr8	74599775	74823313	6	6	6
ENSG00000253341.1	PCBP2P2	chr8	74603244	74604244	6	6	6
ENSG00000254080.1	AC115837.1	chr8	74609698	74633320	6	6	6
ENSG00000283188.1	MIR2052	chr8	74705693	74705747	6	6	6
ENSG00000253706.5	AC011632.1	chr8	74798784	74866939	6	6	6
ENSG00000253777.1	AC026616.1	chr8	74804287	74804811	6	6	6
ENSG00000137558.9	PI15	chr8	74824534	74855029	6	6	6
ENSG00000254043.1	AC011632.2	chr8	74891151	74896302	6	6	6
ENSG00000121005.9	CRISPLD1	chr8	74984505	75034558	6	6	6
ENSG00000254238.1	AC100782.1	chr8	75026428	75029460	6	6	6
ENSG00000249395.4	CASC9	chr8	75120409	75352327	6	6	6
ENSG00000253712.1	LINC02886	chr8	75167704	75176656	6	6	6
ENSG00000253229.1	HIGD1AP6	chr8	75302296	75302574	6	6	6
ENSG00000254023.1	PKMP4	chr8	75376709	75377014	6	6	6
ENSG00000164749.13	HNF4G	chr8	75407914	75566834	6	6	6
ENSG00000287352.1	AC011029.1	chr8	76162119	76308315	6	6	6
ENSG00000222231.1	RNU2-54P	chr8	76265543	76265732	6	6	6
ENSG00000270866.1	AC067773.1	chr8	76403998	76405091	6	6	6
ENSG00000271167.1	LINC01109	chr8	76404058	76407138	6	6	6
ENSG00000254300.1	LINC01111	chr8	76406654	76524356	6	6	6
ENSG00000253661.2	ZFHX4-AS1	chr8	76491200	76683308	6	6	6
ENSG00000253681.1	AC013509.1	chr8	76576551	76579345	6	6	6
ENSG00000254305.1	MRPL9P1	chr8	76603240	76603852	6	6	6
ENSG00000091656.19	ZFHX4	chr8	76681239	76867281	6	6	6
ENSG00000276673.1	AC011716.1	chr8	76733302	76733476	6	6	6
ENSG00000253416.1	AC023200.1	chr8	76904591	76913399	6	6	6
ENSG00000266712.3	MIR3149	chr8	76966768	76966850	6	6	6
ENSG00000164751.15	PEX2	chr8	76980258	77001044	6	6	6
ENSG00000253952.1	HIGD1AP18	chr8	77013751	77014028	6	6	6
ENSG00000254366.7	AC062004.1	chr8	77399072	77537290	6	6	6
ENSG00000254001.5	AC084706.1	chr8	78148101	78153913	6	6	6
ENSG00000254266.6	PKIA-AS1	chr8	78268637	78558503	6	6	6
ENSG00000252935.1	RNU6-1220P	chr8	78398515	78398622	6	6	6
ENSG00000171033.13	PKIA	chr8	78516340	78605267	6	6	6
ENSG00000260398.1	AC068700.1	chr8	78605952	78609705	6	6	6
ENSG00000286675.1	AC068700.2	chr8	78626775	78665982	6	6	6
ENSG00000104427.12	ZC2HC1A	chr8	78666089	78719765	6	6	6
ENSG00000104432.14	IL7	chr8	78675743	78805523	6	6	6
ENSG00000254352.1	AC100854.1	chr8	78723796	78724136	6	6	6
ENSG00000253919.1	THAP12P7	chr8	78760142	78762431	6	6	6
ENSG00000285744.1	AC083837.1	chr8	78805293	78956082	6	6	6
ENSG00000261618.2	LINC02605	chr8	78835307	78840525	6	6	6
ENSG00000253659.2	AC138646.1	chr8	79259402	79314951	6	6	6
ENSG00000253391.1	AC100870.1	chr8	79520145	79520649	6	6	6
ENSG00000240540.2	RPL3P9	chr8	79571153	79572335	6	6	6
ENSG00000104435.14	STMN2	chr8	79611117	79666158	6	6	6
ENSG00000287052.1	AC016240.1	chr8	79747351	79749561	6	6	6
ENSG00000164683.18	HEY1	chr8	79762371	79767857	6	6	6
ENSG00000272138.2	LINC01607	chr8	79768110	79802842	6	6	6
ENSG00000249328.3	AC036214.1	chr8	79769372	79871759	6	6	6
ENSG00000238884.1	RNU7-85P	chr8	79800133	79800195	6	6	6
ENSG00000285758.2	AC036214.4	chr8	79891553	79930892	6	6	6
ENSG00000147586.10	MRPS28	chr8	79918717	80030289	6	6	6
ENSG00000276418.5	AC036214.3	chr8	79918860	80080775	6	6	6
ENSG00000272518.1	AC036214.2	chr8	79956465	79957381	6	6	6
ENSG00000272264.1	AC009686.2	chr8	80032724	80033300	6	6	6
ENSG00000076554.15	TPD52	chr8	80034745	80231232	6	6	6
ENSG00000254205.1	AC009686.1	chr8	80122852	80127670	6	6	6
ENSG00000241550.3	RN7SL41P	chr8	80204606	80204902	6	6	6
ENSG00000265588.1	MIR5708	chr8	80241389	80241473	6	6	6
ENSG00000241746.1	AC104212.3	chr8	80265528	80266155	6	6	6
ENSG00000253238.3	AC034114.2	chr8	80265907	80484481	6	6	6
ENSG00000213791.4	AC104212.2	chr8	80300869	80301481	6	6	6
ENSG00000206649.1	AC104212.1	chr8	80316939	80317069	6	6	6
ENSG00000253237.2	AC034114.1	chr8	80351132	80351416	6	6	6
ENSG00000252884.1	RNU6-1213P	chr8	80405516	80405609	6	6	6
ENSG00000251867.4	AC009812.1	chr8	80484561	80486699	6	6	6
ENSG00000277604.1	Y_RNA	chr8	80484589	80484683	6	6	6
ENSG00000205189.12	ZBTB10	chr8	80485619	80526265	6	6	6
ENSG00000254162.1	AC009812.3	chr8	80535006	80539135	6	6	6
ENSG00000260317.1	AC009812.4	chr8	80541300	80543104	6	6	6
ENSG00000188856.6	RPSAP47	chr8	80558870	80559757	6	6	6
ENSG00000252057.2	RNU7-174P	chr8	80560567	80560625	6	6	6
ENSG00000253760.1	AC009812.2	chr8	80568050	80568506	6	6	6
ENSG00000223327.1	RNU2-71P	chr8	80585585	80585773	6	6	6
ENSG00000254181.1	SLC25A51P3	chr8	80594815	80595703	6	6	6
ENSG00000243424.2	RN7SL107P	chr8	80613544	80613826	6	6	6
ENSG00000164684.13	ZNF704	chr8	80628451	80874781	6	6	6
ENSG00000254331.1	CKS1BP7	chr8	80644939	80645173	6	6	6
ENSG00000212429.1	RNU11-6P	chr8	80749561	80749693	6	6	6
ENSG00000243951.1	RN7SL308P	chr8	80776666	80776962	6	6	6
ENSG00000253516.1	HMGB1P41	chr8	80812142	80812581	6	6	6
ENSG00000286763.1	AC012533.1	chr8	80894016	80930081	6	6	6
ENSG00000076641.4	PAG1	chr8	80967810	81112068	6	6	6
ENSG00000254060.1	AC022778.1	chr8	81036964	81040831	6	6	6
ENSG00000254177.1	AC079209.2	chr8	81058523	81067744	6	6	6
ENSG00000253214.2	AC079209.1	chr8	81149107	81165266	6	6	6
ENSG00000254014.1	AC009902.1	chr8	81244156	81244338	6	6	6
ENSG00000253677.1	UBE2HP1	chr8	81254870	81255229	6	6	6
ENSG00000272425.1	AC009902.3	chr8	81275399	81277570	6	6	6
ENSG00000254027.1	AC009902.2	chr8	81279871	81281446	6	6	6
ENSG00000164687.11	FABP5	chr8	81280536	81284777	6	6	6
ENSG00000253859.2	AC018616.1	chr8	81439436	81521818	6	6	6
ENSG00000147588.7	PMP2	chr8	81440326	81447439	6	6	6
ENSG00000205186.4	FABP9	chr8	81458253	81461579	6	6	6
ENSG00000170323.9	FABP4	chr8	81478419	81483236	6	6	6
ENSG00000253374.5	AC023644.1	chr8	81521618	81533275	6	6	6
ENSG00000237264.4	FTH1P11	chr8	81521682	81522232	6	6	6
ENSG00000197416.4	FABP12	chr8	81524981	81531378	6	6	6
ENSG00000251521.2	IMPA1P1	chr8	81605569	81631134	6	6	6
ENSG00000254151.1	NIPA2P4	chr8	81617220	81618560	6	6	6
ENSG00000240427.1	RPS26P34	chr8	81627269	81627617	6	6	6
ENSG00000205184.2	SLC10A5P1	chr8	81634357	81635662	6	6	6
ENSG00000133731.10	IMPA1	chr8	81656914	81686331	6	6	6
ENSG00000253598.3	SLC10A5	chr8	81693631	81695058	6	6	6
ENSG00000280193.1	AC132219.2	chr8	81696368	81698694	6	6	6
ENSG00000104231.11	ZFAND1	chr8	81701334	81732903	6	6	6
ENSG00000164695.5	CHMP4C	chr8	81732448	81759515	6	6	6
ENSG00000253334.1	AC132219.1	chr8	81791823	81815714	6	6	6
ENSG00000104497.14	SNX16	chr8	81799581	81842866	6	6	6
ENSG00000231942.3	HNRNPA1P36	chr8	81807772	81808726	6	6	6
ENSG00000254689.3	LINC02235	chr8	81841952	81924348	6	6	6
ENSG00000254394.2	AC060765.2	chr8	82033533	82961926	6	6	6
ENSG00000254123.2	LINC02839	chr8	82098451	82160577	6	6	6
ENSG00000206228.4	HNRNPA1P4	chr8	82291624	82292379	6	6	6
ENSG00000253503.6	AC060765.1	chr8	82514568	82677153	6	6	6
ENSG00000253836.1	AC105031.2	chr8	82862779	82958696	6	6	6
ENSG00000253581.1	AC105031.1	chr8	82979411	82979886	6	6	6
ENSG00000254189.1	AC090095.1	chr8	83099976	83100846	6	6	6
ENSG00000253423.1	AC090132.1	chr8	83200952	83202431	6	6	6
ENSG00000274116.1	AC090132.2	chr8	83293925	83294271	6	6	6
ENSG00000253898.1	LINC01419	chr8	83403758	83408900	6	6	6
ENSG00000254202.2	AC015522.1	chr8	83912713	84142463	6	6	6
ENSG00000254195.1	TPM3P3	chr8	84162118	84162471	6	6	6
ENSG00000253362.1	AC012400.1	chr8	84163449	84164564	6	6	6
ENSG00000184672.12	RALYL	chr8	84182787	84921844	6	6	6
ENSG00000206701.1	RNU6-1040P	chr8	84665759	84665865	6	6	6
ENSG00000253137.1	PSMC2P2	chr8	84678798	84679842	6	6	6
ENSG00000248978.2	AC009901.1	chr8	84828573	84829479	6	6	6
ENSG00000254212.1	AC009901.2	chr8	84864668	84864907	6	6	6
ENSG00000203413.3	ACTBP6	chr8	84948585	84949674	6	6	6
ENSG00000253655.2	JCHAINP1	chr8	84980073	84980547	6	6	6
ENSG00000253283.1	AC091175.1	chr8	85086615	85087186	6	6	6
ENSG00000133739.16	LRRCC1	chr8	85107215	85146080	6	6	6
ENSG00000260493.1	AC011773.4	chr8	85172077	85177062	6	6	6
ENSG00000133740.11	E2F5	chr8	85177154	85217158	6	6	6
ENSG00000254208.1	AC011773.1	chr8	85177522	85178150	6	6	6
ENSG00000176731.12	RBIS	chr8	85214048	85220421	6	6	6
ENSG00000185015.8	CA13	chr8	85220587	85284073	6	6	6
ENSG00000258256.1	AC011773.3	chr8	85222446	85245717	6	6	6
ENSG00000257962.1	AC011773.2	chr8	85246295	85249848	6	6	6
ENSG00000133742.14	CA1	chr8	85327608	85379014	6	6	6
ENSG00000164879.7	CA3	chr8	85373436	85449040	6	6	6
ENSG00000253549.6	CA3-AS1	chr8	85440596	85464915	6	6	6
ENSG00000104267.10	CA2	chr8	85463968	85481493	6	6	6
ENSG00000254380.2	AC084734.1	chr8	85495693	85540511	6	6	6
ENSG00000253680.1	AC093331.1	chr8	85617344	85617512	6	6	6
ENSG00000270971.2	REXO1L8P	chr8	85642777	85646325	6	6	6
ENSG00000273567.1	REXO1L3P	chr8	85654684	85658514	6	6	6
ENSG00000205176.3	REXO1L1P	chr8	85656442	85663497	6	6	6
ENSG00000276006.1	REXO1L12P	chr8	85714922	85715833	6	6	6
ENSG00000275928.2	REXO1L11P	chr8	85733419	85737278	6	6	6
ENSG00000276540.1	REXO1L10P	chr8	85744543	85748373	6	6	6
ENSG00000271381.2	REXO1L9P	chr8	85762909	85766931	6	6	6
ENSG00000276998.1	REXO1L2P	chr8	85775106	85779090	6	6	6
ENSG00000274343.1	AC232323.1	chr8	85790382	85794399	6	6	6
ENSG00000270416.2	REXO1L4P	chr8	85802574	85806435	6	6	6
ENSG00000277436.1	REXO1L5P	chr8	85814767	85818783	6	6	6
ENSG00000277422.1	REXO1L6P	chr8	85826865	85828467	6	6	6
ENSG00000253154.2	AC100801.1	chr8	85833377	85951083	6	6	6
ENSG00000285768.1	LINC02849	chr8	85851446	85861562	6	6	6
ENSG00000287927.1	AC100801.2	chr8	85973793	85977154	6	6	6
ENSG00000147614.4	ATP6V0D2	chr8	85987323	86154225	6	6	6
ENSG00000227753.3	AC023194.1	chr8	86016819	86017126	6	6	6
ENSG00000243761.1	AC023194.2	chr8	86043102	86043507	6	6	6
ENSG00000147613.8	PSKH2	chr8	86047109	86088621	6	6	6
ENSG00000253675.1	AC023194.3	chr8	86098965	86154225	6	6	6
ENSG00000253699.1	AC084128.1	chr8	86180418	86212236	6	6	6
ENSG00000164893.9	SLC7A13	chr8	86214063	86321146	6	6	6
ENSG00000254231.3	AC103760.1	chr8	86333274	86343429	6	6	6
ENSG00000123124.14	WWP1	chr8	86342547	86478420	6	6	6
ENSG00000176623.12	RMDN1	chr8	86468257	86514357	6	6	6
ENSG00000250569.1	NTAN1P2	chr8	86481754	86483002	6	6	6
ENSG00000254088.1	SLC2A3P4	chr8	86503591	86505061	6	6	6
ENSG00000085719.13	CPNE3	chr8	86514435	86561498	6	6	6
ENSG00000170289.12	CNGB3	chr8	86553977	86743675	6	6	6
ENSG00000253292.1	MIOXP1	chr8	86593755	86594589	6	6	6
ENSG00000205333.5	GOLGA2P1	chr8	86657388	86660293	6	6	6
ENSG00000233915.4	UBE2Q2P10	chr8	86660525	86661922	6	6	6
ENSG00000254115.1	AC090572.3	chr8	86707547	86765023	6	6	6
ENSG00000253778.1	AC090572.2	chr8	86765935	86818558	6	6	6
ENSG00000253568.1	AC090572.1	chr8	86776479	86776638	6	6	6
ENSG00000176571.12	CNBD1	chr8	86866415	87615219	6	6	6
ENSG00000253500.6	AF121898.1	chr8	87540835	87755718	6	6	6
ENSG00000253401.1	VTA1P2	chr8	87575598	87576508	6	6	6
ENSG00000251563.1	IARS2P1	chr8	87598462	87601634	6	6	6
ENSG00000254376.2	SOX5P1	chr8	87788562	87789688	6	6	6
ENSG00000273978.1	AC005066.1	chr8	87867601	87868607	6	6	6
ENSG00000176566.5	DCAF4L2	chr8	87870747	87874015	6	6	6
ENSG00000253171.1	AC037450.1	chr8	87974165	88019113	6	6	6
ENSG00000156103.16	MMP16	chr8	88032011	88328025	6	6	6
ENSG00000253553.7	AC090578.1	chr8	88326836	88887573	6	6	6
ENSG00000251904.1	RNA5SP272	chr8	88396437	88396547	6	6	6
ENSG00000250962.1	AC090568.1	chr8	88485110	88486094	6	6	6
ENSG00000271156.1	AC090578.2	chr8	88808318	88808908	6	6	6
ENSG00000286984.1	AC090578.3	chr8	88809949	88813144	6	6	6
ENSG00000253621.1	RPSAP74	chr8	89243401	89243793	6	6	6
ENSG00000248231.1	KRT8P4	chr8	89412621	89415071	6	6	6
ENSG00000251136.9	AF117829.1	chr8	89585872	89757812	6	6	6
ENSG00000104312.8	RIPK2	chr8	89757806	89791064	6	6	6
ENSG00000253349.1	COX6B1P6	chr8	89823548	89823802	6	6	6
ENSG00000275103.1	AF117829.2	chr8	89826593	89833564	6	6	6
ENSG00000207359.1	RNU6-925P	chr8	89900721	89900824	6	6	6
ENSG00000164823.11	OSGIN2	chr8	89901849	89927888	6	6	6
ENSG00000104320.14	NBN	chr8	89933331	90003228	6	6	6
ENSG00000104325.7	DECR1	chr8	90001405	90053633	6	6	6
ENSG00000104327.7	CALB1	chr8	90058608	90095475	6	6	6
ENSG00000254180.2	AC004083.1	chr8	90198389	90620077	6	6	6
ENSG00000253394.6	LINC00534	chr8	90221341	90687863	6	6	6
ENSG00000199354.1	RNA5SP273	chr8	90511128	90511240	6	6	6
ENSG00000253799.1	LINC01030	chr8	90592804	90606065	6	6	6
ENSG00000180694.14	TMEM64	chr8	90621995	90791632	6	6	6
ENSG00000246792.3	AC106038.1	chr8	90646420	90670929	6	6	6
ENSG00000254182.1	AC106038.2	chr8	90701082	90701876	6	6	6
ENSG00000123119.12	NECAB1	chr8	90791741	90959393	6	6	6
ENSG00000254251.1	AC103770.1	chr8	90806474	90859240	6	6	6
ENSG00000253250.3	C8orf88	chr8	90958471	90985238	6	6	6
ENSG00000155099.8	PIP4P2	chr8	90993802	91040872	6	6	6
ENSG00000253358.1	AC087439.1	chr8	91016588	91018655	6	6	6
ENSG00000254219.1	AC087439.2	chr8	91042690	91044762	6	6	6
ENSG00000253738.2	OTUD6B-AS1	chr8	91059318	91070583	6	6	6
ENSG00000155100.11	OTUD6B	chr8	91070196	91087095	6	6	6
ENSG00000214954.8	LRRC69	chr8	91101832	91219236	6	6	6
ENSG00000253525.1	CPP	chr8	91157285	91158748	6	6	6
ENSG00000266194.1	MIR4661	chr8	91205485	91205559	6	6	6
ENSG00000147606.9	SLC26A7	chr8	91209494	91398155	6	6	6
ENSG00000253901.1	AC103409.1	chr8	91542924	91907619	6	6	6
ENSG00000200151.1	RN7SKP231	chr8	91594965	91595241	6	6	6
ENSG00000271202.1	PRR13P7	chr8	91909738	91910167	6	6	6
ENSG00000229182.3	MRPS16P1	chr8	91917507	91917918	6	6	6
ENSG00000079102.16	RUNX1T1	chr8	91954967	92103286	6	6	6
ENSG00000253576.1	AF181450.1	chr8	91975908	91977418	6	6	6
ENSG00000233778.3	AC104339.1	chr8	92144088	92144435	6	6	6
ENSG00000253118.1	AC022695.1	chr8	92351912	92352148	6	6	6
ENSG00000253682.2	AC022695.2	chr8	92402920	92413681	6	6	6
ENSG00000253749.1	AC022695.3	chr8	92420850	92421798	6	6	6
ENSG00000253634.3	AC091096.1	chr8	92460539	92655576	6	6	6
ENSG00000253177.2	AC104211.1	chr8	92668660	92683450	6	6	6
ENSG00000288005.1	AC104211.3	chr8	92687222	92697826	6	6	6
ENSG00000248858.7	FLJ46284	chr8	92699742	92879502	6	6	6
ENSG00000254020.1	AC104211.2	chr8	92723024	92725111	6	6	6
ENSG00000253577.2	AC117834.2	chr8	92765651	92858297	6	6	6
ENSG00000253197.5	AC117834.1	chr8	92882984	92965645	6	6	6
ENSG00000205133.12	TRIQK	chr8	92883532	93017673	6	6	6
ENSG00000251347.2	IRF5P1	chr8	92972575	92974738	6	6	6
ENSG00000277063.1	MIR8084	chr8	93029751	93029839	6	6	6
ENSG00000279847.3	C8orf87	chr8	93134095	93166850	6	6	6
ENSG00000246662.6	LINC00535	chr8	93213302	93700433	6	6	6
ENSG00000253960.1	AC016885.1	chr8	93215925	93234878	6	6	6
ENSG00000268080.2	AC016885.3	chr8	93229659	93229916	6	6	6
ENSG00000254089.2	AC016885.2	chr8	93259667	93298528	6	6	6
ENSG00000222416.1	RNA5SP274	chr8	93441277	93441384	6	6	6
ENSG00000253781.1	ZNF317P1	chr8	93646066	93647092	6	6	6
ENSG00000188343.13	CIBAR1	chr8	93698561	93731527	6	6	6
ENSG00000271971.1	AC120053.1	chr8	93715378	93716113	6	6	6
ENSG00000253854.1	AC010834.3	chr8	93719574	93721167	6	6	6
ENSG00000183808.11	RBM12B	chr8	93729356	93741017	6	6	6
ENSG00000253722.1	AC010834.1	chr8	93733216	93734022	6	6	6
ENSG00000279331.1	RBM12B-AS1	chr8	93740121	93740773	6	6	6
ENSG00000253848.1	AC010834.2	chr8	93741193	93744534	6	6	6
ENSG00000164953.16	TMEM67	chr8	93754844	93819234	6	6	6
ENSG00000254057.1	AC084346.1	chr8	93834454	93846743	6	6	6
ENSG00000254387.1	MYL12AP1	chr8	93849561	93850075	6	6	6
ENSG00000164951.16	PDP1	chr8	93857807	93926068	6	6	6
ENSG00000264448.5	MIR378D2HG	chr8	93915734	93916682	6	6	6
ENSG00000284288.1	MIR378D2	chr8	93916022	93916119	6	6	6
ENSG00000251234.1	PSMA2P2	chr8	93939364	93942877	6	6	6
ENSG00000240509.1	RPL34P18	chr8	93957338	93957691	6	6	6
ENSG00000275386.1	AC105081.1	chr8	93974671	93974776	6	6	6
ENSG00000253585.1	AP003351.1	chr8	94097764	94104322	6	6	6
ENSG00000079112.10	CDH17	chr8	94127162	94217303	6	6	6
ENSG00000249510.1	AP003478.1	chr8	94201913	94203052	6	6	6
ENSG00000164949.8	GEM	chr8	94249253	94262350	6	6	6
ENSG00000244217.1	RPS4XP10	chr8	94352923	94353653	6	6	6
ENSG00000197275.14	RAD54B	chr8	94371960	94475115	6	6	6
ENSG00000265817.4	FSBP	chr8	94378377	94436952	6	6	6
ENSG00000164944.12	VIRMA	chr8	94487689	94553529	6	6	6
ENSG00000254315.1	AC023632.5	chr8	94533628	94534391	6	6	6
ENSG00000253704.2	AC023632.2	chr8	94553668	94570648	6	6	6
ENSG00000253175.1	AC023632.1	chr8	94565036	94565715	6	6	6
ENSG00000254190.1	AC023632.3	chr8	94590115	94590259	6	6	6
ENSG00000254283.1	AC023632.4	chr8	94594411	94594601	6	6	6
ENSG00000261437.1	AC108860.2	chr8	94637285	94639467	2	2	2
ENSG00000104413.18	ESRP1	chr8	94641074	94707466	2	2	2
ENSG00000274701.1	Metazoa_SRP	chr8	94655911	94656208	2	2	2
ENSG00000241003.1	AC108860.1	chr8	94688228	94688610	2	2	2
ENSG00000253429.1	AP005660.1	chr8	94708952	94709244	2	2	2
ENSG00000199701.1	Y_RNA	chr8	94713715	94713812	2	2	2
ENSG00000156162.16	DPY19L4	chr8	94719703	94793836	2	2	2
ENSG00000254307.2	AP003692.1	chr8	94791643	94793106	2	2	2
ENSG00000164941.14	INTS8	chr8	94813311	94881746	2	2	2
ENSG00000175305.17	CCNE2	chr8	94879770	94896678	2	2	2
ENSG00000272509.1	AC087752.4	chr8	94884609	94885070	2	2	2
ENSG00000243979.2	AC087752.1	chr8	94891239	94892107	2	2	2
ENSG00000156170.13	NDUFAF6	chr8	94895767	95116455	2	2	6
ENSG00000164938.14	TP53INP1	chr8	94925972	94949378	2	2	2
ENSG00000253878.5	AC087752.3	chr8	94950037	94951396	2	2	2
ENSG00000253528.2	AC087752.2	chr8	94974573	94974853	2	2	2
ENSG00000287322.1	AC068189.2	chr8	95039617	95042209	2	2	2
ENSG00000200525.1	RNU6-1209P	chr8	95055214	95055320	2	2	2
ENSG00000245080.7	MIR3150BHG	chr8	95066808	95073182	2	2	2
ENSG00000254248.1	AC068189.1	chr8	95071732	95087924	2	2	2
ENSG00000284147.1	MIR3150B	chr8	95072911	95072996	2	2	2
ENSG00000283522.1	MIR3150A	chr8	95072914	95072993	2	2	2
ENSG00000175895.4	PLEKHF2	chr8	95133785	95156685	6	6	6
ENSG00000253773.3	C8orf37-AS1	chr8	95204456	95811254	6	6	6
ENSG00000253351.2	LINC01298	chr8	95206876	95216525	6	6	6
ENSG00000156172.6	C8orf37	chr8	95244913	95269201	6	6	6
ENSG00000253945.1	AC024995.1	chr8	95403802	95403894	6	6	6
ENSG00000253872.1	AC083836.1	chr8	95505406	95527524	6	6	6
ENSG00000202112.1	RNU6-690P	chr8	95599114	95599219	6	6	6
ENSG00000254079.1	SRSF3P2	chr8	95947781	95948233	6	6	6
ENSG00000248762.2	AC012339.1	chr8	95986108	95993103	6	6	6
ENSG00000183663.6	GAPDHP30	chr8	96068729	96069681	6	6	6
ENSG00000271349.1	AC007992.1	chr8	96126967	96127801	6	6	6
ENSG00000270131.1	AP003465.2	chr8	96140572	96140944	6	6	6
ENSG00000156466.10	GDF6	chr8	96142333	96160806	6	6	6
ENSG00000156467.10	UQCRB	chr8	96222947	96235546	6	6	6
ENSG00000254224.2	AP003465.1	chr8	96235427	96239149	6	6	6
ENSG00000156469.9	MTERF3	chr8	96239398	96261610	6	6	6
ENSG00000156471.13	PTDSS1	chr8	96261902	96336995	6	6	6
ENSG00000199732.1	Y_RNA	chr8	96309221	96309322	6	6	6
ENSG00000253105.6	AP003548.1	chr8	96370800	96387438	6	6	6
ENSG00000202095.1	RNU6-1172P	chr8	96431054	96431160	6	6	6
ENSG00000169439.12	SDC2	chr8	96493813	96611790	6	6	6
ENSG00000104324.16	CPQ	chr8	96645242	97149654	6	6	6
ENSG00000272249.1	AP003117.2	chr8	97132835	97133379	6	6	6
ENSG00000270077.1	AP003117.1	chr8	97144170	97144723	6	6	6
ENSG00000260640.1	AP003115.1	chr8	97241742	97242204	6	6	6
ENSG00000180543.5	TSPYL5	chr8	97273488	97277928	6	6	6
ENSG00000207215.2	SNORD3H	chr8	97358265	97358478	6	6	6
ENSG00000213750.4	AP002982.1	chr8	97624203	97625079	6	6	6
ENSG00000287654.1	AP002982.2	chr8	97643366	97643881	6	6	6
ENSG00000147649.10	MTDH	chr8	97644184	97730260	6	6	6
ENSG00000202399.1	Y_RNA	chr8	97772313	97772425	6	6	6
ENSG00000104341.17	LAPTM4B	chr8	97775057	97853013	6	6	6
ENSG00000270682.1	AP003357.1	chr8	97788210	97788357	6	6	6
ENSG00000270861.1	AP002906.1	chr8	97853021	97853253	6	6	6
ENSG00000253639.1	SUMO2P18	chr8	97858049	97858947	6	6	6
ENSG00000243504.1	RPS23P1	chr8	97865054	97865485	6	6	6
ENSG00000132561.14	MATN2	chr8	97868840	98036724	6	6	6
ENSG00000156482.11	RPL30	chr8	98024851	98046469	6	6	6
ENSG00000245970.2	AP003352.1	chr8	98041726	98044121	6	6	6
ENSG00000207067.1	SNORA72	chr8	98042086	98042217	6	6	6
ENSG00000252755.1	RNU6-703P	chr8	98048856	98048962	6	6	6
ENSG00000177459.11	ERICH5	chr8	98064522	98093610	6	6	6
ENSG00000132541.11	RIDA	chr8	98102344	98117171	6	6	6
ENSG00000104356.11	POP1	chr8	98117293	98159835	6	6	6
ENSG00000104361.10	NIPAL2	chr8	98189826	98294393	6	6	6
ENSG00000252558.1	RNU6-914P	chr8	98192205	98192313	6	6	6
ENSG00000104375.17	STK3	chr8	98371228	98942827	6	6	6
ENSG00000278914.1	AP003355.3	chr8	98391401	98391514	6	6	6
ENSG00000253468.1	AP003355.1	chr8	98412882	98413784	6	6	6
ENSG00000156486.8	KCNS2	chr8	98426958	98432853	6	6	6
ENSG00000272321.1	AP003355.2	chr8	98436669	98439290	6	6	6
ENSG00000207378.1	RNU6-748P	chr8	98462944	98463050	6	6	6
ENSG00000253911.1	AP003467.1	chr8	98603253	98606340	6	6	6
ENSG00000254112.1	AP003467.2	chr8	98633547	98633865	6	6	6
ENSG00000240870.2	RPL19P14	chr8	98782055	98782628	6	6	6
ENSG00000253415.1	AC016877.2	chr8	98904603	98905671	6	6	6
ENSG00000254312.1	MRPL57P7	chr8	98906260	98906517	6	6	6
ENSG00000223281.1	RN7SKP85	chr8	98921233	98921550	6	6	6
ENSG00000271930.1	AC016877.3	chr8	98943595	98944098	6	6	6
ENSG00000164920.9	OSR2	chr8	98944403	98952104	6	6	6
ENSG00000253948.2	VPS13B-DT	chr8	98958277	99013743	6	6	6
ENSG00000229625.3	AC016877.1	chr8	98961428	98968284	6	6	6
ENSG00000253180.1	AC104986.1	chr8	99003407	99003842	6	6	6
ENSG00000132549.18	VPS13B	chr8	99013266	99877580	6	6	6
ENSG00000253562.1	AC107909.2	chr8	99091738	99094060	6	6	6
ENSG00000253532.1	AC107909.1	chr8	99119352	99120581	6	6	6
ENSG00000236583.1	AP004290.1	chr8	99233048	99234459	6	6	6
ENSG00000237704.1	AP004289.2	chr8	99340305	99341761	6	6	6
ENSG00000225017.1	AP004289.1	chr8	99346052	99348256	6	6	6
ENSG00000206699.1	Y_RNA	chr8	99527826	99527927	6	6	6
ENSG00000207804.1	MIR599	chr8	99536636	99536730	6	6	6
ENSG00000216069.1	MIR875	chr8	99536786	99536861	6	6	6
ENSG00000243254.3	RN7SL350P	chr8	99613783	99614081	6	6	6
ENSG00000235683.1	AC018442.1	chr8	99695957	99698017	6	6	6
ENSG00000253539.1	AC018442.2	chr8	99796615	99799187	6	6	6
ENSG00000253912.1	AC018442.3	chr8	99804159	99804341	6	6	6
ENSG00000164919.11	COX6C	chr8	99873200	99893707	6	6	6
ENSG00000287952.1	AC105328.1	chr8	99893373	99895121	6	6	6
ENSG00000132554.20	RGS22	chr8	99960936	100131268	6	6	6
ENSG00000212414.1	SNORD77B	chr8	100004583	100004649	6	6	6
ENSG00000221753.1	AC021590.1	chr8	100023982	100024084	6	6	6
ENSG00000156509.14	FBXO43	chr8	100133351	100145817	6	6	6
ENSG00000147669.11	POLR2K	chr8	100150623	100154003	6	6	6
ENSG00000104450.13	SPAG1	chr8	100157906	100259278	6	6	6
ENSG00000202310.1	Y_RNA	chr8	100158868	100158975	6	6	6
ENSG00000253299.1	AC025647.1	chr8	100165226	100165478	6	6	6
ENSG00000199667.1	Y_RNA	chr8	100185138	100185239	6	6	6
ENSG00000034677.13	RNF19A	chr8	100257060	100336218	6	6	6
ENSG00000253217.1	AP001574.1	chr8	100337595	100350707	6	6	6
ENSG00000253824.2	AP003472.1	chr8	100380486	100464613	6	6	6
ENSG00000265599.1	MIR4471	chr8	100382763	100382845	6	6	6
ENSG00000253842.2	AP003472.2	chr8	100427559	100432726	6	6	6
ENSG00000253666.2	AP000424.1	chr8	100475667	100501148	6	6	6
ENSG00000254364.1	AP000424.2	chr8	100492528	100493713	6	6	6
ENSG00000186106.11	ANKRD46	chr8	100509752	100559784	6	6	6
ENSG00000251013.1	GAPDHP62	chr8	100550724	100551713	6	6	6
ENSG00000174226.9	SNX31	chr8	100572889	100663415	6	6	6
ENSG00000253740.5	AP001205.1	chr8	100618581	100619993	6	6	6
ENSG00000252764.1	RNU6-1092P	chr8	100683488	100683574	6	6	6
ENSG00000070756.17	PABPC1	chr8	100685816	100722809	6	6	6
ENSG00000284570.1	MIR7705	chr8	100702968	100703024	6	6	6
ENSG00000221527.1	RNU6ATAC41P	chr8	100739802	100739927	6	6	6
ENSG00000202001.2	Y_RNA	chr8	100755099	100755195	6	6	6
ENSG00000242399.1	RPS20P23	chr8	100776512	100776865	6	6	6
ENSG00000222795.1	RNU4-83P	chr8	100831728	100831860	6	6	6
ENSG00000212994.5	RPS26P6	chr8	100895771	100896118	6	6	6
ENSG00000275041.1	Metazoa_SRP	chr8	100897853	100898136	6	6	6
ENSG00000260368.1	AC027373.1	chr8	100913247	100914388	6	6	6
ENSG00000164924.18	YWHAZ	chr8	100916523	100953388	6	6	6
ENSG00000242315.3	RN7SL685P	chr8	100957883	100958180	6	6	6
ENSG00000248599.2	FLJ42969	chr8	101034868	101076407	6	6	6
ENSG00000253395.1	AP003469.2	chr8	101122145	101126158	6	6	6
ENSG00000253355.1	AP003469.1	chr8	101128987	101133486	6	6	6
ENSG00000202360.1	RN7SKP249	chr8	101137959	101138313	6	6	6
ENSG00000253737.1	AP003469.3	chr8	101139665	101140929	6	6	6
ENSG00000261087.1	ZNNT1	chr8	101166805	101169629	6	6	6
ENSG00000120963.12	ZNF706	chr8	101177878	101206193	6	6	6
ENSG00000271882.1	AP001330.4	chr8	101208148	101208558	6	6	6
ENSG00000253942.1	AP001330.2	chr8	101223941	101224573	6	6	6
ENSG00000253679.1	LINC02844	chr8	101261541	101262903	6	6	6
ENSG00000287479.1	AP001330.5	chr8	101275425	101280835	6	6	6
ENSG00000253282.1	AP001330.1	chr8	101287445	101293783	6	6	6
ENSG00000239115.1	RNU7-67P	chr8	101307367	101307428	6	6	6
ENSG00000271560.1	AP001330.3	chr8	101337496	101337649	6	6	6
ENSG00000228224.3	NACA4P	chr8	101361794	101372707	6	6	6
ENSG00000254063.2	DUXAP2	chr8	101366417	101367005	6	6	6
ENSG00000253644.2	LINC02845	chr8	101387299	101393255	6	6	6
ENSG00000239211.3	RN7SL563P	chr8	101397636	101397933	6	6	6
ENSG00000254084.1	AP001208.1	chr8	101411873	101452452	6	6	6
ENSG00000254024.1	AP001207.3	chr8	101461177	101492499	6	6	6
ENSG00000083307.12	GRHL2	chr8	101492439	101669726	6	6	6
ENSG00000253991.1	AP001207.2	chr8	101528723	101529569	6	6	6
ENSG00000253153.1	AP001207.1	chr8	101562008	101562488	6	6	6
ENSG00000104490.18	NCALD	chr8	101686542	102124907	6	6	6
ENSG00000253629.1	AP000426.1	chr8	101686547	101689093	6	6	6
ENSG00000238372.1	AP001329.1	chr8	101847256	101847360	6	6	6
ENSG00000282989.1	PDCL3P2	chr8	101871830	101872549	6	6	6
ENSG00000266756.1	MIR5680	chr8	102125432	102125515	6	6	6
ENSG00000254492.1	AP001328.1	chr8	102154550	102154725	6	6	6
ENSG00000048392.12	RRM2B	chr8	102204502	102238961	6	6	6
ENSG00000246263.3	UBR5-AS1	chr8	102239394	102253750	6	6	6
ENSG00000253328.2	SUMO2P19	chr8	102242040	102242619	6	6	6
ENSG00000104517.13	UBR5	chr8	102252273	102412759	6	6	6
ENSG00000272037.1	AP002907.1	chr8	102256392	102257821	6	6	6
ENSG00000253923.2	AP002981.1	chr8	102417979	102418953	6	6	6
ENSG00000221387.1	RNU6ATAC8P	chr8	102421197	102421322	6	6	6
ENSG00000271612.1	HSPE1P14	chr8	102451763	102452483	6	6	6
ENSG00000240724.2	RPS12P15	chr8	102503753	102504137	6	6	6
ENSG00000253633.2	AP002852.1	chr8	102528740	102539943	6	6	6
ENSG00000252593.1	RNU6-1224P	chr8	102533241	102533339	6	6	6
ENSG00000155087.4	ODF1	chr8	102551589	102561018	6	6	6
ENSG00000253382.3	POU5F1P2	chr8	102621509	102622331	6	6	6
ENSG00000155090.15	KLF10	chr8	102648784	102655725	6	6	6
ENSG00000283959.1	AP002851.1	chr8	102656464	102687118	6	6	6
ENSG00000250684.4	ADI1P2	chr8	102688317	102688906	6	6	6
ENSG00000253669.4	GASAL1	chr8	102805517	102810039	6	6	6
ENSG00000155096.14	AZIN1	chr8	102826308	102893864	6	6	6
ENSG00000253385.1	AP003696.1	chr8	102854455	102856075	6	6	6
ENSG00000253320.7	MAILR	chr8	102864271	103002424	6	6	6
ENSG00000253263.1	AP003354.1	chr8	102891876	102893608	6	6	6
ENSG00000244052.1	RPL5P24	chr8	102923371	102924255	6	6	6
ENSG00000201216.1	Y_RNA	chr8	102950467	102950564	6	6	6
ENSG00000253663.1	NPM1P52	chr8	103016744	103017589	6	6	6
ENSG00000254236.1	AP003550.1	chr8	103020187	103021428	6	6	6
ENSG00000155097.12	ATP6V1C1	chr8	103021063	103073051	6	6	6
ENSG00000253795.1	MTND1P5	chr8	103085651	103086590	6	6	6
ENSG00000253556.1	MTCO1P4	chr8	103088796	103090671	6	6	6
ENSG00000253977.1	MTCO2P4	chr8	103091263	103091509	6	6	6
ENSG00000250929.2	LINC01181	chr8	103121032	103132966	6	6	6
ENSG00000236939.2	BAALC-AS2	chr8	103132963	103141475	6	6	6
ENSG00000164929.17	BAALC	chr8	103140713	103230305	6	6	6
ENSG00000247081.8	BAALC-AS1	chr8	103153394	103298772	6	6	6
ENSG00000265657.1	MIR3151	chr8	103154614	103154689	6	6	6
ENSG00000253851.1	AC025370.1	chr8	103228425	103229314	6	6	6
ENSG00000164930.12	FZD6	chr8	103298433	103332866	6	6	6
ENSG00000286337.1	AC025370.2	chr8	103319392	103320106	6	6	6
ENSG00000164932.13	CTHRC1	chr8	103371538	103382989	6	6	6
ENSG00000266289.1	AC012213.3	chr8	103383078	103383854	6	6	6
ENSG00000207399.1	RNU6-1011P	chr8	103384961	103385067	6	6	6
ENSG00000164933.12	SLC25A32	chr8	103398635	103415189	6	6	6
ENSG00000285982.1	AC012213.5	chr8	103398658	103501895	6	6	6
ENSG00000164934.14	DCAF13	chr8	103414714	103443453	6	6	6
ENSG00000261670.1	AC012213.2	chr8	103464389	103468985	6	6	6
ENSG00000271830.1	AC012213.4	chr8	103481266	103481619	6	6	6
ENSG00000253477.5	AC012213.1	chr8	103483398	103501676	6	6	6
ENSG00000176406.23	RIMS2	chr8	103500696	104256094	6	6	6
ENSG00000255105.1	PTMAP15	chr8	103559099	103559389	6	6	6
ENSG00000254644.1	AC007751.1	chr8	103568603	103568978	6	6	6
ENSG00000239344.1	AC090686.1	chr8	103768281	103769029	6	6	6
ENSG00000147647.13	DPYS	chr8	104330324	104467055	6	6	6
ENSG00000164935.6	DCSTAMP	chr8	104339087	104356689	6	6	6
ENSG00000179577.3	AP003471.1	chr8	104419512	104421500	6	6	6
ENSG00000279138.1	AP002847.1	chr8	104478539	104480783	6	6	6
ENSG00000208032.1	MIR548A3	chr8	104484369	104484465	6	6	6
ENSG00000147650.11	LRP12	chr8	104489231	104589024	6	6	6
ENSG00000253454.1	NDUFA5P2	chr8	104566086	104566429	6	6	6
ENSG00000169946.14	ZFPM2	chr8	104590733	105804539	6	6	6
ENSG00000283157.1	AC012564.1	chr8	104699479	104703555	6	6	6
ENSG00000243939.1	AC090142.2	chr8	104981164	104981579	6	6	6
ENSG00000253997.1	AC090142.3	chr8	104990308	104990692	6	6	6
ENSG00000240271.1	AC090142.1	chr8	105011107	105011568	6	6	6
ENSG00000254041.1	AC021546.1	chr8	105142860	105188606	6	6	6
ENSG00000253318.1	TMCC1P1	chr8	105194990	105196969	6	6	6
ENSG00000243171.1	AC041039.1	chr8	105287830	105288365	6	6	6
ENSG00000251003.9	ZFPM2-AS1	chr8	105546089	106060524	6	6	6
ENSG00000253420.1	AC103853.1	chr8	105662352	105685765	6	6	6
ENSG00000254141.1	AC103853.2	chr8	105669991	105679031	6	6	6
ENSG00000243601.1	RPL12P24	chr8	105737280	105737765	6	6	6
ENSG00000253526.1	AC090802.1	chr8	105826570	105834038	6	6	6
ENSG00000201627.1	Y_RNA	chr8	105929126	105929238	6	6	6
ENSG00000213708.6	SLC16A14P1	chr8	106215763	106217218	6	6	6
ENSG00000254021.1	AC027031.1	chr8	106265435	106268741	6	6	6
ENSG00000254615.3	AC027031.2	chr8	106270144	106272902	6	6	6
ENSG00000164830.18	OXR1	chr8	106359476	106752694	6	6	6
ENSG00000253582.1	AC090579.1	chr8	106520474	106657548	6	6	6
ENSG00000253676.1	TAGLN2P1	chr8	106697427	106698013	6	6	6
ENSG00000251892.1	RNU7-84P	chr8	106729795	106729856	6	6	6
ENSG00000174429.4	ABRA	chr8	106759483	106770244	6	6	6
ENSG00000275905.1	AP003789.1	chr8	106980967	106981571	6	6	6
ENSG00000287289.1	AP000428.2	chr8	107160354	107166595	6	6	6
ENSG00000254146.1	HMGB1P46	chr8	107173200	107173809	6	6	6
ENSG00000287208.1	AP000428.1	chr8	107186997	107195938	6	6	6
ENSG00000154188.10	ANGPT1	chr8	107249482	107498055	6	6	6
ENSG00000286766.1	AC091010.1	chr8	107499773	107506416	6	6	6
ENSG00000248838.2	PGAM1P13	chr8	107647279	107648032	6	6	6
ENSG00000287949.1	AC025508.1	chr8	107857589	107963516	6	6	6
ENSG00000200806.1	RNA5SP275	chr8	107884494	107884611	6	6	6
ENSG00000147655.12	RSPO2	chr8	107899316	108083642	6	6	6
ENSG00000253228.1	NRBF2P4	chr8	107983116	107983965	6	6	6
ENSG00000230948.1	AURKBP1	chr8	108131100	108132114	6	6	6
ENSG00000104408.11	EIF3E	chr8	108162787	108443496	6	6	6
ENSG00000253754.1	AC087620.1	chr8	108226200	108227544	6	6	6
ENSG00000243287.2	RPS17P14	chr8	108378831	108379545	6	6	6
ENSG00000104412.8	EMC2	chr8	108443601	108489196	6	6	6
ENSG00000253657.1	AC022634.1	chr8	108572643	108573174	6	6	6
ENSG00000253949.1	AC022634.2	chr8	108581062	108626767	6	6	6
ENSG00000164841.5	TMEM74	chr8	108606850	108787594	6	6	6
ENSG00000253580.1	TRMT10BP1	chr8	108652373	108653315	6	6	6
ENSG00000253796.2	AC104248.1	chr8	108871128	109063417	6	6	6
ENSG00000174417.3	TRHR	chr8	109086585	109121565	6	6	6
ENSG00000120526.12	NUDCD1	chr8	109240919	109334121	6	6	6
ENSG00000250267.2	AC021237.1	chr8	109298598	109316513	6	6	6
ENSG00000120533.13	ENY2	chr8	109334324	109345954	6	6	6
ENSG00000205038.12	PKHD1L1	chr8	109362461	109537207	6	6	6
ENSG00000254185.1	MAPK6P5	chr8	109470131	109471117	6	6	6
ENSG00000147654.15	EBAG9	chr8	109539711	109565996	6	6	6
ENSG00000147642.17	SYBU	chr8	109573978	109691791	6	6	6
ENSG00000248050.1	AC079061.1	chr8	109644115	109648084	6	6	6
ENSG00000255099.1	AC023245.2	chr8	109777912	109782288	6	6	6
ENSG00000283555.1	U2	chr8	109873913	109874018	6	6	6
ENSG00000241385.1	AC023245.1	chr8	109899246	109899762	6	6	6
ENSG00000164794.9	KCNV1	chr8	109963636	109975771	6	6	6
ENSG00000255402.1	AC027451.1	chr8	109973943	109974781	6	6	6
ENSG00000240590.1	RPSAP48	chr8	110105076	110105964	6	6	6
ENSG00000253956.1	AC073023.1	chr8	110334743	110349607	6	6	6
ENSG00000253107.1	AC090819.1	chr8	110555408	110556518	6	6	6
ENSG00000253122.1	AC025366.1	chr8	110609241	110632394	6	6	6
ENSG00000253717.1	AP005357.1	chr8	110766863	110772759	6	6	6
ENSG00000253994.1	NDUFB9P3	chr8	110809394	110809894	6	6	6
ENSG00000253877.6	LINC01608	chr8	110899996	111040372	6	6	6
ENSG00000254241.1	MTCO1P47	chr8	110933263	110934533	6	6	6
ENSG00000253103.2	LINC01609	chr8	111093263	111236203	6	6	6
ENSG00000253489.1	AC009930.1	chr8	111179193	111179872	6	6	6
ENSG00000254124.1	EEF1A1P37	chr8	111225585	111227049	6	6	6
ENSG00000253434.8	LINC02237	chr8	111376639	111757710	6	6	6
ENSG00000255033.1	SERPINA15P	chr8	111380603	111380868	6	6	6
ENSG00000253156.1	H2AZP7	chr8	111621458	111621797	6	6	6
ENSG00000287942.1	AC022360.1	chr8	111699519	111700276	6	6	6
ENSG00000222146.1	RNU4-37P	chr8	112148742	112148825	6	6	6
ENSG00000164796.18	CSMD3	chr8	112222928	113436939	6	6	6
ENSG00000286946.1	AC024996.1	chr8	112446575	112457993	6	6	6
ENSG00000230169.1	RPL30P16	chr8	112538889	112539317	6	6	6
ENSG00000238399.1	MIR2053	chr8	112643493	112643583	6	6	6
ENSG00000227514.3	AC107890.1	chr8	113376669	113377227	6	6	6
ENSG00000287819.1	AC055788.2	chr8	113432224	113433129	6	6	6
ENSG00000286937.1	AC055788.1	chr8	113438334	113493281	6	6	6
ENSG00000253207.3	AC103993.1	chr8	113600310	113616958	6	6	6
ENSG00000206719.1	Y_RNA	chr8	113950886	113950998	6	6	6
ENSG00000254339.5	AC064802.1	chr8	114282067	114295839	6	6	6
ENSG00000253499.2	AC025881.1	chr8	114318400	114318911	6	6	6
ENSG00000253756.1	CARS1P2	chr8	114791653	114791929	6	6	6
ENSG00000104447.13	TRPS1	chr8	115408496	115809673	6	6	6
ENSG00000227170.1	AF178030.1	chr8	115509602	115511325	6	6	6
ENSG00000249917.3	LINC00536	chr8	115950511	116325062	6	6	6
ENSG00000199450.1	RNA5SP276	chr8	116022686	116022779	6	6	6
ENSG00000287826.1	AC090994.1	chr8	116289622	116298954	6	6	6
ENSG00000253672.1	AC105177.1	chr8	116402543	116403757	6	6	6
ENSG00000147677.11	EIF3H	chr8	116642130	116766925	6	6	6
ENSG00000147679.12	UTP23	chr8	116766505	116849463	6	6	6
ENSG00000164754.15	RAD21	chr8	116845934	116874776	6	6	6
ENSG00000253327.2	RAD21-AS1	chr8	116874424	116876868	6	6	6
ENSG00000283956.1	MIR3610	chr8	116874728	116874800	6	6	6
ENSG00000205002.4	AARD	chr8	116938207	116944487	6	6	6
ENSG00000164756.12	SLC30A8	chr8	116950273	117176714	6	6	6
ENSG00000244033.3	RN7SL228P	chr8	117017946	117018248	6	6	6
ENSG00000253271.2	AC027419.1	chr8	117055818	117056145	6	6	6
ENSG00000253622.1	AC027419.2	chr8	117128455	117130299	6	6	6
ENSG00000240151.3	RN7SL826P	chr8	117163968	117164255	6	6	6
ENSG00000286308.1	AC084114.1	chr8	117265272	117318701	6	6	6
ENSG00000252852.1	AP002848.1	chr8	117313528	117313661	6	6	6
ENSG00000164758.7	MED30	chr8	117520713	117540262	6	6	6
ENSG00000239917.3	RPS10P16	chr8	117523271	117524061	6	6	6
ENSG00000182197.12	EXT1	chr8	117794490	118111826	6	6	6
ENSG00000177570.15	SAMD12	chr8	118189455	118622112	6	5	6
ENSG00000225885.7	AC023590.1	chr8	118282139	118400605	6	5	6
ENSG00000281641.3	SAMD12-AS1	chr8	118620498	118906155	6	6	6
ENSG00000242206.2	RPS26P35	chr8	118761856	118762201	6	6	6
ENSG00000164761.9	TNFRSF11B	chr8	118923557	118951885	6	6	6
ENSG00000207334.1	RNU6-12P	chr8	118976513	118976619	6	6	6
ENSG00000254247.1	AC107953.1	chr8	118982579	118982875	6	6	6
ENSG00000184374.3	COLEC10	chr8	118995452	119108455	6	6	6
ENSG00000254278.1	AC107953.2	chr8	119062942	119068782	6	6	6
ENSG00000147676.14	MAL2	chr8	119165034	119245673	6	6	6
ENSG00000253972.6	MAL2-AS1	chr8	119214625	119246848	6	6	6
ENSG00000276479.1	MIR548AZ	chr8	119325171	119325265	6	6	6
ENSG00000286282.1	AC021733.4	chr8	119350291	119416947	6	6	6
ENSG00000206776.1	AC021733.1	chr8	119388348	119388469	6	6	6
ENSG00000136999.5	CCN3	chr8	119416446	119424434	6	6	6
ENSG00000253398.1	AC021733.2	chr8	119419910	119462350	6	6	6
ENSG00000254037.2	AC021733.3	chr8	119480279	119480775	6	6	6
ENSG00000136960.13	ENPP2	chr8	119557086	119673453	6	6	6
ENSG00000253495.1	CYCSP23	chr8	119618162	119618474	6	6	6
ENSG00000201896.1	RN7SKP153	chr8	119711830	119712145	6	6	6
ENSG00000064313.12	TAF2	chr8	119730774	119832841	6	6	6
ENSG00000286362.1	AP005717.2	chr8	119832875	119855509	6	6	6
ENSG00000136982.6	DSCC1	chr8	119833976	119855894	6	6	6
ENSG00000279347.1	AC021945.1	chr8	119838736	119840385	6	6	6
ENSG00000244642.3	RN7SL396P	chr8	119862662	119862956	6	6	6
ENSG00000245330.4	AP005717.1	chr8	119867419	119874488	6	6	6
ENSG00000155792.10	DEPTOR	chr8	119873717	120050918	6	6	6
ENSG00000202356.1	RNA5SP277	chr8	119891132	119891229	6	6	6
ENSG00000254343.2	AC091563.1	chr8	120052180	120056201	6	6	6
ENSG00000187955.12	COL14A1	chr8	120059780	120373573	6	6	6
ENSG00000172172.8	MRPL13	chr8	120380761	120445402	6	6	6
ENSG00000172167.8	MTBP	chr8	120445400	120542133	6	6	6
ENSG00000172164.15	SNTB1	chr8	120535745	120813273	6	6	6
ENSG00000250290.1	NCAPGP1	chr8	120635558	120638204	6	6	6
ENSG00000248318.1	AC104958.1	chr8	120761253	120776832	6	6	6
ENSG00000272502.1	AC104958.2	chr8	120812219	120813359	6	6	6
ENSG00000253619.1	AC068413.1	chr8	120913065	121119754	6	6	6
ENSG00000271219.1	AC011626.1	chr8	121113358	121113919	6	6	6
ENSG00000239872.1	RPL35AP19	chr8	121380137	121380465	6	6	6
ENSG00000170961.7	HAS2	chr8	121612116	121641440	6	6	6
ENSG00000248690.8	HAS2-AS1	chr8	121639293	121994185	6	6	6
ENSG00000254209.2	LINC02855	chr8	121668934	121697600	6	6	6
ENSG00000254303.1	AC037486.1	chr8	121954640	122127184	6	6	6
ENSG00000253814.1	MRPS36P3	chr8	122091480	122091609	6	6	6
ENSG00000255364.1	SMILR	chr8	122414332	122428551	6	6	6
ENSG00000253819.2	LINC01151	chr8	122485194	122733804	6	6	6
ENSG00000255325.2	AC108136.1	chr8	122485515	122489815	6	6	6
ENSG00000238901.1	AC100872.1	chr8	122671291	122671394	6	6	6
ENSG00000263443.1	AC100872.2	chr8	122700269	122703423	6	6	6
ENSG00000235165.2	CDK5P1	chr8	122769274	122770150	6	6	6
ENSG00000272384.1	AC016405.3	chr8	122779971	122780830	6	6	6
ENSG00000272043.1	AC016405.2	chr8	122780760	122781071	6	6	6
ENSG00000178764.8	ZHX2	chr8	122781655	122974510	6	6	6
ENSG00000253372.5	AC016405.1	chr8	122807746	122816517	6	6	6
ENSG00000259631.1	AC104316.2	chr8	122977026	122985629	6	6	6
ENSG00000253607.1	AC104316.1	chr8	123002560	123030751	6	6	6
ENSG00000136986.10	DERL1	chr8	123013170	123042302	6	6	6
ENSG00000156787.17	TBC1D31	chr8	123041968	123152153	6	6	6
ENSG00000253463.1	HMGB1P19	chr8	123123106	123123682	6	6	6
ENSG00000287657.1	AC068228.3	chr8	123157729	123165173	6	6	6
ENSG00000147689.16	FAM83A	chr8	123178960	123210079	6	6	6
ENSG00000221461.2	U3	chr8	123180310	123180525	6	6	6
ENSG00000253258.1	AC068228.1	chr8	123181638	123182788	6	6	6
ENSG00000253410.1	AC068228.2	chr8	123192875	123192932	6	6	6
ENSG00000204949.9	FAM83A-AS1	chr8	123196536	123202743	6	6	6
ENSG00000266324.1	MIR4663	chr8	123215788	123215863	6	6	6
ENSG00000189376.12	C8orf76	chr8	123219967	123241377	6	6	6
ENSG00000259305.6	ZHX1-C8orf76	chr8	123226189	123274284	6	6	6
ENSG00000243498.2	UBA52P5	chr8	123236852	123237062	6	6	6
ENSG00000165156.15	ZHX1	chr8	123248451	123275541	6	6	6
ENSG00000222607.1	RNU6-628P	chr8	123262843	123262949	6	6	6
ENSG00000253336.1	AC018992.1	chr8	123288355	123290503	6	6	6
ENSG00000156802.13	ATAD2	chr8	123319850	123416350	6	6	6
ENSG00000252297.1	RNU6-875P	chr8	123342414	123342519	6	6	6
ENSG00000207704.2	MIR548AA1	chr8	123348034	123348130	6	6	6
ENSG00000283172.1	MIR548D1	chr8	123348034	123348130	6	6	6
ENSG00000254388.1	DUTP2	chr8	123352181	123352643	6	6	6
ENSG00000254294.1	IMPDH1P6	chr8	123400582	123402095	6	6	6
ENSG00000156795.8	NTAQ1	chr8	123416726	123470028	6	6	6
ENSG00000278374.1	U4	chr8	123454981	123455107	6	6	6
ENSG00000156804.7	FBXO32	chr8	123497889	123541206	6	6	6
ENSG00000254113.1	AC090193.1	chr8	123563070	123568762	6	6	6
ENSG00000251840.1	RN7SKP155	chr8	123588759	123589046	6	6	6
ENSG00000253286.6	AC135166.1	chr8	123614219	123667248	6	6	6
ENSG00000175946.8	KLHL38	chr8	123645527	123652950	6	6	6
ENSG00000104537.17	ANXA13	chr8	123680794	123737402	6	6	6
ENSG00000176853.16	FAM91A1	chr8	123768439	123815452	6	6	6
ENSG00000214814.7	FER1L6	chr8	123851987	124120061	6	6	6
ENSG00000254000.1	AC090753.1	chr8	123924759	123925933	6	6	6
ENSG00000181171.5	FER1L6-AS1	chr8	123984138	124040782	6	6	6
ENSG00000254249.1	AC100871.2	chr8	124036010	124040468	6	6	6
ENSG00000253868.4	FER1L6-AS2	chr8	124044395	124171522	6	6	6
ENSG00000250727.1	AC100871.1	chr8	124141888	124143512	6	6	6
ENSG00000253885.1	ARF1P3	chr8	124151923	124152433	6	6	6
ENSG00000214803.3	AC090921.1	chr8	124192671	124247398	6	6	6
ENSG00000206724.1	RNU6-756P	chr8	124260646	124260752	6	6	6
ENSG00000253227.2	AC090192.2	chr8	124271667	124279580	6	6	6
ENSG00000237586.3	AC090192.1	chr8	124301315	124301804	6	6	6
ENSG00000164983.7	TMEM65	chr8	124306189	124372692	6	6	6
ENSG00000183665.5	TRMT12	chr8	124450820	124462150	6	6	6
ENSG00000245149.4	RNF139-AS1	chr8	124462485	124474582	6	6	6
ENSG00000170881.5	RNF139	chr8	124474880	124488618	6	6	6
ENSG00000147687.19	TATDN1	chr8	124488485	124539458	6	6	6
ENSG00000253106.1	AC090198.1	chr8	124488510	124491643	6	6	6
ENSG00000284087.1	MIR6844	chr8	124508515	124508576	6	6	6
ENSG00000147684.10	NDUFB9	chr8	124539101	124580648	6	6	6
ENSG00000170873.19	MTSS1	chr8	124550784	124728473	6	6	6
ENSG00000255491.3	AC100858.2	chr8	124811042	124857516	6	6	6
ENSG00000263735.1	MIR4662B	chr8	124821978	124822058	6	6	6
ENSG00000283609.1	MIR4662A	chr8	124821985	124822051	6	6	6
ENSG00000249816.7	LINC00964	chr8	124823702	124962531	6	6	6
ENSG00000250428.1	MRS2P1	chr8	124920428	124922076	6	6	6
ENSG00000255313.2	AC100858.1	chr8	124936328	124943765	6	6	6
ENSG00000286955.1	AC100858.3	chr8	124940041	124941909	6	6	6
ENSG00000180938.6	ZNF572	chr8	124973295	124979389	6	6	6
ENSG00000253513.1	AC009908.1	chr8	124996985	124998198	6	6	6
ENSG00000104549.12	SQLE	chr8	124998497	125022283	6	6	6
ENSG00000164961.16	WASHC5	chr8	125024260	125091819	6	6	6
ENSG00000253167.1	WASHC5-AS1	chr8	125040684	125044989	6	6	6
ENSG00000156831.8	NSMCE2	chr8	125091679	125367120	6	6	6
ENSG00000242170.3	RN7SL329P	chr8	125270604	125270902	6	6	6
ENSG00000254431.1	AC084083.1	chr8	125348196	125351416	6	6	6
ENSG00000173334.4	TRIB1	chr8	125430358	125438403	6	6	6
ENSG00000253111.2	AC091114.1	chr8	125466939	125541373	6	6	6
ENSG00000286122.1	AC016074.2	chr8	125648327	126008930	6	6	6
ENSG00000253470.1	AC016074.1	chr8	125749055	125750241	6	6	6
ENSG00000245164.8	LINC00861	chr8	125859721	126292788	6	6	6
ENSG00000206695.1	RNU6-442P	chr8	125900951	125901054	6	6	6
ENSG00000253651.1	SOD1P3	chr8	125951861	125952314	6	6	6
ENSG00000254227.1	AC024681.2	chr8	125998994	126001001	6	6	6
ENSG00000250563.1	KNOP1P5	chr8	126072587	126074231	6	6	6
ENSG00000253841.1	AC024681.1	chr8	126073046	126073532	6	6	6
ENSG00000248720.1	RFPL4AP5	chr8	126174186	126175014	6	6	6
ENSG00000244791.3	AC087667.1	chr8	126325454	126329538	6	6	6
ENSG00000253427.1	AC084116.2	chr8	126474189	126492596	6	6	6
ENSG00000253220.2	AC084116.1	chr8	126497385	126500440	6	6	6
ENSG00000207138.1	RNU6-869P	chr8	126504763	126504869	6	6	6
ENSG00000253530.2	AC084116.3	chr8	126506326	126522360	6	6	6
ENSG00000168672.4	LRATD2	chr8	126552443	126558478	6	6	6
ENSG00000253438.4	PCAT1	chr8	126556323	127419050	6	6	6
ENSG00000253543.1	AC083923.1	chr8	126582631	126583006	6	6	6
ENSG00000212451.1	RNU11-4P	chr8	126671522	126671654	6	6	6
ENSG00000253573.2	AC024382.1	chr8	126766196	126846981	6	6	6
ENSG00000254166.3	CASC19	chr8	127072694	127227541	6	6	6
ENSG00000282961.1	PRNCR1	chr8	127079874	127092600	6	6	6
ENSG00000224722.3	AC020688.1	chr8	127086263	127087510	6	6	6
ENSG00000287781.1	AC018714.2	chr8	127253213	127257630	6	6	6
ENSG00000246228.6	CASC8	chr8	127289817	127482139	6	6	6
ENSG00000271509.1	AC018714.1	chr8	127292233	127292440	6	6	6
ENSG00000212993.5	POU5F1B	chr8	127322183	127420066	6	6	6
ENSG00000280997.1	CCAT2	chr8	127400399	127402150	6	6	6
ENSG00000286266.1	AC104370.1	chr8	127578473	127636867	6	6	6
ENSG00000286010.1	AC108925.1	chr8	127663280	127670990	6	6	6
ENSG00000249375.8	CASC11	chr8	127686343	127738987	6	6	6
ENSG00000136997.21	MYC	chr8	127735434	127742951	6	6	6
ENSG00000249859.12	PVT1	chr8	127794526	128187101	6	6	6
ENSG00000283710.1	MIR1204	chr8	127795962	127796028	6	6	6
ENSG00000278324.1	AC084123.1	chr8	127890626	127890720	6	6	6
ENSG00000280055.2	TMEM75	chr8	127946559	127948723	6	6	6
ENSG00000221771.1	MIR1205	chr8	127960633	127960695	6	6	6
ENSG00000207110.1	RNVU1-32	chr8	127999131	127999294	6	6	6
ENSG00000283200.1	MIR1206	chr8	128008898	128008956	6	6	6
ENSG00000278275.2	AC103705.1	chr8	128009551	128011938	6	6	6
ENSG00000222501.1	RNU4-25P	chr8	128010382	128010611	6	6	6
ENSG00000221176.1	MIR1207	chr8	128049152	128049238	6	6	6
ENSG00000221261.1	MIR1208	chr8	128150116	128150188	6	6	6
ENSG00000201782.1	RN7SKP226	chr8	128220504	128220803	6	6	6
ENSG00000286034.1	AC100822.1	chr8	128323131	128388636	6	6	6
ENSG00000254275.6	LINC00824	chr8	128405269	128564679	6	6	6
ENSG00000229140.11	CCDC26	chr8	128634199	129683770	6	6	6
ENSG00000287785.1	AC103833.2	chr8	129241228	129242469	6	6	6
ENSG00000253225.1	AC103833.1	chr8	129250967	129251138	6	6	6
ENSG00000222755.1	RN7SKP206	chr8	129290983	129291275	6	6	6
ENSG00000253926.1	AC011257.1	chr8	129415949	129445852	6	6	6
ENSG00000263763.1	MIR3686	chr8	129484057	129484142	6	6	6
ENSG00000285108.1	AC103718.1	chr8	129685401	129723023	6	6	6
ENSG00000224110.3	MTRF1LP2	chr8	129728744	129730445	6	6	6
ENSG00000147697.9	GSDMC	chr8	129748196	129786624	6	6	6
ENSG00000254317.1	AC022973.5	chr8	129832301	129844504	6	6	6
ENSG00000153310.19	CYRIB	chr8	129839593	130017129	6	6	6
ENSG00000243402.1	AC022973.2	chr8	129864478	129865052	6	6	6
ENSG00000200075.1	AC022973.1	chr8	129868590	129868716	6	6	6
ENSG00000254263.1	AC022973.4	chr8	129890465	129901758	6	6	6
ENSG00000253720.2	AC022973.3	chr8	129939844	129951056	6	6	6
ENSG00000287195.1	AC131568.1	chr8	129953729	129964634	6	6	6
ENSG00000253043.1	RNU7-181P	chr8	130004528	130004601	6	6	6
ENSG00000264653.1	MIR5194	chr8	130008334	130008453	6	6	6
ENSG00000153317.15	ASAP1	chr8	130052104	130443674	6	6	6
ENSG00000200304.1	RNU6-1255P	chr8	130069541	130069652	6	6	6
ENSG00000280543.1	ASAP1-IT2	chr8	130082738	130084768	6	6	6
ENSG00000212342.1	AC103725.1	chr8	130162972	130163127	6	6	6
ENSG00000287201.1	AC009682.1	chr8	130248287	130251051	6	6	6
ENSG00000286535.1	AC139019.1	chr8	130358787	130362461	6	6	6
ENSG00000253656.1	AC090987.1	chr8	130595299	130655712	6	6	6
ENSG00000155897.10	ADCY8	chr8	130780301	131040909	6	6	6
ENSG00000253259.1	AC103726.1	chr8	130892070	130892785	6	6	6
ENSG00000253992.1	AC103726.2	chr8	130935409	130949665	6	6	6
ENSG00000253407.2	AC087341.1	chr8	131129761	131144948	6	6	6
ENSG00000253507.5	AC104257.1	chr8	131308545	131317632	6	6	6
ENSG00000252158.1	SNORA72	chr8	131432776	131432869	6	6	6
ENSG00000254255.1	AC060788.1	chr8	131712512	131712980	6	6	6
ENSG00000132294.15	EFR3A	chr8	131904093	132013642	6	6	6
ENSG00000253117.5	OC90	chr8	132024216	132059382	6	6	6
ENSG00000258417.3	AC100868.1	chr8	132024238	132085655	6	6	6
ENSG00000132297.12	HHLA1	chr8	132061486	132111159	6	6	6
ENSG00000184156.17	KCNQ3	chr8	132120859	132481095	6	6	6
ENSG00000253521.2	HPYR1	chr8	132507962	132565246	6	6	6
ENSG00000129295.9	LRRC6	chr8	132570416	132675592	6	6	6
ENSG00000165071.15	TMEM71	chr8	132685007	132760712	6	6	6
ENSG00000287095.1	AF228727.1	chr8	132702812	132722283	6	6	6
ENSG00000129292.21	PHF20L1	chr8	132775358	132848807	6	6	6
ENSG00000270137.1	AF230666.2	chr8	132826179	132826903	6	6	6
ENSG00000223697.3	AF230666.1	chr8	132838117	132844298	6	6	6
ENSG00000042832.12	TG	chr8	132866958	133134903	6	6	6
ENSG00000240237.1	AF305872.1	chr8	133002605	133003075	6	6	6
ENSG00000155926.14	SLA	chr8	133036728	133102912	6	6	6
ENSG00000276961.1	MIR7848	chr8	133046481	133046581	6	6	6
ENSG00000287736.1	PTCSC1	chr8	133054959	133057767	6	6	6
ENSG00000104415.14	CCN4	chr8	133191039	133231690	6	6	6
ENSG00000104419.17	NDRG1	chr8	133237175	133302022	6	6	6
ENSG00000243537.1	KC877373.1	chr8	133325997	133326404	6	6	6
ENSG00000253638.1	AF186190.1	chr8	133392211	133392690	6	6	6
ENSG00000225259.4	ST13P6	chr8	133408006	133409107	6	6	6
ENSG00000008513.16	ST3GAL1	chr8	133454848	133571940	6	6	6
ENSG00000283176.1	AC103706.2	chr8	133515506	133515745	6	6	6
ENSG00000283197.1	AC103706.3	chr8	133516184	133516268	6	6	6
ENSG00000261220.2	AC103706.1	chr8	133573183	133573861	6	6	6
ENSG00000212273.1	AC090821.1	chr8	133644598	133644725	6	6	6
ENSG00000276193.1	Metazoa_SRP	chr8	133668420	133668701	6	6	6
ENSG00000253970.1	MTND2P7	chr8	133754811	133755450	6	6	6
ENSG00000253916.1	MTCO1P49	chr8	133755845	133756646	6	6	6
ENSG00000253561.1	AC133634.1	chr8	133771409	133814537	6	6	6
ENSG00000253165.1	AC090821.2	chr8	133775551	133777352	6	6	6
ENSG00000254313.1	AC090821.3	chr8	133786093	133786268	6	6	6
ENSG00000253593.2	AC110741.1	chr8	133886496	133902407	6	6	6
ENSG00000277576.1	AC110741.3	chr8	133946677	133947335	6	6	6
ENSG00000271240.1	AC110741.2	chr8	133962992	133963259	6	6	6
ENSG00000288067.1	AC105180.2	chr8	134190383	134390487	6	6	6
ENSG00000253627.1	AC105180.1	chr8	134211865	134320447	6	6	6
ENSG00000066827.16	ZFAT	chr8	134477788	134713049	6	6	6
ENSG00000276140.1	AC015599.1	chr8	134598071	134598149	6	6	6
ENSG00000248492.1	ZFAT-AS1	chr8	134598071	134600689	6	6	6
ENSG00000277732.1	AC015599.2	chr8	134598318	134598518	6	6	6
ENSG00000278454.1	AC015599.3	chr8	134600257	134600336	6	6	6
ENSG00000271048.1	AC087045.1	chr8	134673131	134673512	6	6	6
ENSG00000272456.1	AC087045.2	chr8	134722947	134723949	6	6	6
ENSG00000278898.1	AC087045.3	chr8	134764809	134767276	6	6	6
ENSG00000279518.1	AC083843.3	chr8	134783694	134785879	6	6	6
ENSG00000259820.1	AC083843.2	chr8	134792020	134798272	6	6	6
ENSG00000207582.1	MIR30B	chr8	134800520	134800607	6	6	6
ENSG00000199153.1	MIR30D	chr8	134804876	134804945	6	6	6
ENSG00000254028.1	AC083843.1	chr8	134832747	134834482	6	6	6
ENSG00000253433.1	NCRNA00250	chr8	134838069	134842637	6	6	6
ENSG00000251218.1	AC103764.1	chr8	134849935	134881899	6	6	6
ENSG00000244413.1	RPL23AP56	chr8	134978827	134979279	6	6	6
ENSG00000254083.6	LINC01591	chr8	135234131	135299719	6	6	6
ENSG00000254372.1	AC040914.1	chr8	135455865	135456952	6	6	6
ENSG00000131773.14	KHDRBS3	chr8	135457456	135656722	6	6	6
ENSG00000253915.1	MAPRE1P1	chr8	135625185	135625981	6	6	6
ENSG00000199652.2	RNU1-35P	chr8	135742343	135742495	6	6	6
ENSG00000254101.7	LINC02055	chr8	135859369	137092183	6	6	6
ENSG00000286927.1	AC103955.1	chr8	135977329	135980588	6	6	6
ENSG00000285683.2	AC023781.1	chr8	136237236	136295232	6	6	6
ENSG00000206678.1	RNU6-144P	chr8	137105352	137105458	6	6	6
ENSG00000274572.1	ZYXP1	chr8	137424904	137425021	6	6	6
ENSG00000285817.1	AC105213.1	chr8	137524755	137645564	6	6	6
ENSG00000254076.1	AC110053.1	chr8	137696724	137698467	6	6	6
ENSG00000253288.2	AC046195.1	chr8	137809444	138083657	6	6	6
ENSG00000254361.2	AC046195.2	chr8	137852204	138019873	6	6	6
ENSG00000253988.1	AC079015.1	chr8	138063268	138073240	6	6	6
ENSG00000147724.12	FAM135B	chr8	138130023	138497261	6	6	6
ENSG00000169436.17	COL22A1	chr8	138588235	138914041	6	6	6
ENSG00000253432.1	AC027541.1	chr8	139096305	139102830	6	6	6
ENSG00000251744.1	AC100807.1	chr8	139108430	139108534	6	6	6
ENSG00000253783.1	AC100807.2	chr8	139114193	139127953	6	6	6
ENSG00000254258.1	AC087354.1	chr8	139460062	139463016	6	6	6
ENSG00000275078.1	AC090093.1	chr8	139508701	139508971	6	6	6
ENSG00000169427.8	KCNK9	chr8	139600838	139704109	6	6	6
ENSG00000167632.18	TRAPPC9	chr8	139727725	140458579	6	6	6
ENSG00000253574.5	AC021744.1	chr8	139911238	139916620	6	6	6
ENSG00000250733.6	C8orf17	chr8	139931172	139933942	6	6	6
ENSG00000274064.1	AC040978.1	chr8	140039756	140041037	6	6	6
ENSG00000282164.3	PEG13	chr8	140094894	140100543	6	6	6
ENSG00000259891.1	AC107375.1	chr8	140505813	140508043	6	6	6
ENSG00000104472.10	CHRAC1	chr8	140511311	140517154	6	6	6
ENSG00000123908.12	AGO2	chr8	140520156	140635633	6	6	6
ENSG00000279766.1	AC067931.1	chr8	140572142	140572812	6	6	6
ENSG00000280326.1	AC067931.2	chr8	140591684	140593201	6	6	6
ENSG00000280303.2	ERICD	chr8	140636281	140638283	6	6	6
ENSG00000169398.19	PTK2	chr8	140657900	141002216	6	6	6
ENSG00000254324.3	MIR151A	chr8	140732564	140732653	6	6	6
ENSG00000279786.1	AC105235.1	chr8	140820599	140822414	6	6	6
ENSG00000252864.1	RNA5SP278	chr8	140940562	140940663	6	6	6
ENSG00000253266.1	AC100860.1	chr8	141055290	141060596	6	6	6
ENSG00000105339.11	DENND3	chr8	141117278	141195808	6	6	6
ENSG00000253210.2	AC040970.1	chr8	141124717	141130064	6	6	6
ENSG00000022567.10	SLC45A4	chr8	141207166	141308305	6	6	6
ENSG00000280035.1	AC011676.5	chr8	141224288	141226947	6	6	6
ENSG00000253307.1	AC011676.1	chr8	141252286	141253292	6	6	6
ENSG00000254019.1	AC011676.2	chr8	141254565	141256817	6	6	6
ENSG00000254197.1	AC011676.3	chr8	141278228	141292862	6	6	6
ENSG00000254291.1	AC011676.4	chr8	141326130	141327137	6	6	6
ENSG00000253595.6	LINC01300	chr8	141340505	141344621	6	6	6
ENSG00000261655.1	AC100803.3	chr8	141353403	141355365	6	6	6
ENSG00000204882.4	GPR20	chr8	141356470	141367286	6	6	6
ENSG00000244998.1	AC100803.2	chr8	141389939	141392574	6	6	6
ENSG00000184489.12	PTP4A3	chr8	141391995	141432454	6	6	6
ENSG00000226807.6	MROH5	chr8	141433829	141507230	6	6	6
ENSG00000271959.1	AC100803.4	chr8	141434545	141437954	6	6	6
ENSG00000238854.1	AC100803.1	chr8	141447475	141447549	6	6	6
ENSG00000253605.1	HNRNPA1P38	chr8	141459075	141460031	6	6	6
ENSG00000287325.1	AC138647.2	chr8	141507333	141509785	6	6	6
ENSG00000226490.2	AC138647.1	chr8	141514638	141518737	6	6	6
ENSG00000287677.2	AC025839.1	chr8	141581658	141662209	6	6	6
ENSG00000221768.2	MIR1302-7	chr8	141786242	141786313	6	6	6
ENSG00000254183.1	AC104417.1	chr8	141968091	141968841	6	6	6
ENSG00000261710.1	AC104417.2	chr8	142089827	142091619	6	6	6
ENSG00000287332.1	AC103758.1	chr8	142111414	142185527	6	6	6
ENSG00000265247.1	MIR4472-1	chr8	142176339	142176418	6	6	6
ENSG00000254008.1	LINC00051	chr8	142198356	142209003	6	6	6
ENSG00000171045.16	TSNARE1	chr8	142212080	142403182	6	6	6
ENSG00000253602.2	RN7SL260P	chr8	142247585	142247866	6	6	6
ENSG00000261693.1	AC134682.1	chr8	142403652	142407028	6	6	6
ENSG00000181790.11	ADGRB1	chr8	142449430	142545009	6	6	6
ENSG00000232722.3	MROH4P	chr8	142567260	142577881	6	6	6
ENSG00000198576.4	ARC	chr8	142611049	142614479	6	6	6
ENSG00000261044.1	AP006547.1	chr8	142620373	142621064	6	6	6
ENSG00000277332.1	AC108002.2	chr8	142638596	142640648	6	6	6
ENSG00000234616.9	JRK	chr8	142657460	142681968	6	6	6
ENSG00000167653.5	PSCA	chr8	142670308	142682725	6	6	6
ENSG00000160886.13	LY6K	chr8	142700111	142705127	6	6	6
ENSG00000253741.2	LNCOC1	chr8	142701857	142727016	6	6	6
ENSG00000130193.8	THEM6	chr8	142727223	142736927	6	6	6
ENSG00000253806.1	AC108002.1	chr8	142727283	142727690	6	6	6
ENSG00000126233.2	SLURP1	chr8	142740949	142742406	6	6	6
ENSG00000197353.4	LYPD2	chr8	142750150	142752532	6	6	6
ENSG00000253196.1	AC083841.1	chr8	142763116	142766427	6	6	6
ENSG00000284505.1	LYNX1-SLURP2	chr8	142764334	142778224	6	6	6
ENSG00000283992.2	SLURP2	chr8	142764338	142769828	6	6	6
ENSG00000180155.20	LYNX1	chr8	142771197	142777810	6	6	6
ENSG00000167656.5	LY6D	chr8	142784882	142786539	6	6	6
ENSG00000253715.1	AC083841.2	chr8	142785374	142812120	6	6	6
ENSG00000283686.2	AC083841.4	chr8	142797624	142806142	6	6	6
ENSG00000253728.5	AC083841.3	chr8	142834138	142834940	6	6	6
ENSG00000104499.7	GML	chr8	142834247	142916506	6	6	6
ENSG00000253421.1	ZNHIT1P1	chr8	142858354	142858797	6	6	6
ENSG00000160882.13	CYP11B1	chr8	142872356	142879846	6	6	6
ENSG00000179142.2	CYP11B2	chr8	142910559	142917843	6	6	6
ENSG00000247317.3	LY6E-DT	chr8	142981738	143018437	6	6	6
ENSG00000253971.1	CDC42P3	chr8	142995850	142996482	6	6	6
ENSG00000160932.11	LY6E	chr8	143017982	143023832	6	6	6
ENSG00000177335.11	C8orf31	chr8	143039209	143060684	6	6	6
ENSG00000250115.2	AK3P2	chr8	143057060	143057816	6	6	6
ENSG00000243328.1	AC083982.1	chr8	143065915	143066587	6	6	6
ENSG00000261667.1	LY6L	chr8	143080457	143083001	6	6	6
ENSG00000176956.13	LY6H	chr8	143157914	143160711	6	6	6
ENSG00000277494.2	GPIHBP1	chr8	143213218	143217170	6	6	6
ENSG00000181638.20	ZFP41	chr8	143246821	143262705	6	6	6
ENSG00000264668.2	AC138696.1	chr8	143247110	143276403	6	6	6
ENSG00000250571.7	GLI4	chr8	143267433	143276931	6	6	6
ENSG00000253716.6	MINCR	chr8	143280161	143281690	6	6	6
ENSG00000185730.8	ZNF696	chr8	143289676	143299952	6	6	6
ENSG00000272172.1	AC138696.2	chr8	143290399	143290621	6	6	6
ENSG00000184428.13	TOP1MT	chr8	143304384	143359979	6	6	6
ENSG00000212221.1	RNU6-220P	chr8	143350172	143350278	6	6	6
ENSG00000254389.3	RHPN1-AS1	chr8	143366631	143368548	6	6	6
ENSG00000158106.14	RHPN1	chr8	143368876	143384221	6	6	6
ENSG00000253931.1	AC105118.1	chr8	143412749	143417054	6	6	6
ENSG00000254338.1	MAFA-AS1	chr8	143417679	143419150	6	6	6
ENSG00000182759.4	MAFA	chr8	143419182	143430732	6	6	6
ENSG00000014164.7	ZC3H3	chr8	143437659	143541447	6	6	6
ENSG00000287576.1	AC067930.9	chr8	143541648	143545128	6	6	6
ENSG00000254859.1	AC067930.3	chr8	143541973	143549729	6	6	6
ENSG00000275558.1	RN7SKP175	chr8	143542110	143542398	6	6	6
ENSG00000104518.11	GSDMD	chr8	143553207	143563062	6	6	6
ENSG00000204839.9	MROH6	chr8	143566192	143572772	6	6	6
ENSG00000255050.1	AC067930.4	chr8	143573490	143577397	6	6	6
ENSG00000147813.16	NAPRT	chr8	143574785	143578649	6	6	6
ENSG00000279605.1	AC067930.5	chr8	143578358	143583304	6	6	6
ENSG00000254741.1	AC067930.1	chr8	143579636	143580670	6	6	6
ENSG00000104529.17	EEF1D	chr8	143579697	143599541	6	6	6
ENSG00000179886.6	TIGD5	chr8	143597831	143603224	6	6	6
ENSG00000104524.14	PYCR3	chr8	143603210	143609773	6	6	6
ENSG00000104522.16	GFUS	chr8	143612618	143618048	6	6	6
ENSG00000254812.1	AC067930.2	chr8	143632071	143633756	6	6	6
ENSG00000183309.12	ZNF623	chr8	143636019	143656418	6	6	6
ENSG00000181135.16	ZNF707	chr8	143684452	143713898	6	6	6
ENSG00000181097.5	LINC02878	chr8	143696154	143698413	6	6	6
ENSG00000255181.3	CCDC166	chr8	143706694	143708109	6	6	6
ENSG00000254574.1	AC105219.2	chr8	143709007	143713584	6	6	6
ENSG00000181085.15	MAPK15	chr8	143716340	143722458	6	6	6
ENSG00000254548.1	AC105219.1	chr8	143718246	143718891	6	6	6
ENSG00000180921.7	FAM83H	chr8	143723933	143738234	6	6	6
ENSG00000265660.1	MIR4664	chr8	143733083	143733153	6	6	6
ENSG00000203499.12	IQANK1	chr8	143734139	143790645	6	6	6
ENSG00000254973.2	AC105219.3	chr8	143758153	143771870	6	6	6
ENSG00000180900.20	SCRIB	chr8	143790920	143815773	6	6	6
ENSG00000284224.1	MIR937	chr8	143812957	143813042	6	6	6
ENSG00000179950.14	PUF60	chr8	143816344	143829352	6	6	6
ENSG00000287222.1	AC234917.3	chr8	143829518	143832861	6	6	6
ENSG00000255343.1	AC234917.1	chr8	143833270	143834063	6	6	6
ENSG00000185189.18	NRBP2	chr8	143833583	143840973	6	6	6
ENSG00000284142.1	MIR6845	chr8	143837756	143837816	6	6	6
ENSG00000285599.1	AC234917.2	chr8	143838779	143840256	6	6	6
ENSG00000261150.3	EPPK1	chr8	143857324	143878467	6	6	6
ENSG00000288096.1	AC109322.2	chr8	143888500	143901588	6	6	6
ENSG00000178209.16	PLEC	chr8	143915153	143976734	6	6	6
ENSG00000207574.1	MIR661	chr8	143945191	143945279	6	6	6
ENSG00000178685.14	PARP10	chr8	143977153	144012772	6	6	6
ENSG00000178719.17	GRINA	chr8	143990056	143993415	6	6	6
ENSG00000186583.12	SPATC1	chr8	144012280	144047114	6	6	6
ENSG00000204791.10	SMPD5	chr8	144049079	144051522	6	6	6
ENSG00000178814.17	OPLAH	chr8	144051266	144063965	6	6	6
ENSG00000277888.1	MIR6846	chr8	144057321	144057380	6	6	6
ENSG00000255224.1	AC109322.1	chr8	144078002	144079265	6	6	6
ENSG00000178896.9	EXOSC4	chr8	144078648	144080648	6	6	6
ENSG00000284200.1	MIR6847	chr8	144079874	144079942	6	6	6
ENSG00000197858.11	GPAA1	chr8	144082590	144086216	6	6	6
ENSG00000179091.5	CYC1	chr8	144095039	144097525	6	6	6
ENSG00000179526.17	SHARPIN	chr8	144098633	144108124	6	6	6
ENSG00000179632.10	MAF1	chr8	144104461	144107611	6	6	6
ENSG00000179698.14	WDR97	chr8	144107726	144118328	6	6	6
ENSG00000235173.7	HGH1	chr8	144137774	144140851	6	6	6
ENSG00000227473.1	TSSK5P	chr8	144141214	144143664	6	6	6
ENSG00000179832.17	MROH1	chr8	144148016	144261940	6	6	6
ENSG00000261236.8	BOP1	chr8	144262045	144291438			
ENSG00000284054.1	MIR7112	chr8	144262673	144262737			
ENSG00000260428.3	SCX	chr8	144266453	144268481			
ENSG00000185122.11	HSF1	chr8	144291591	144314720			
ENSG00000185000.12	DGAT1	chr8	144314584	144326910			
ENSG00000254690.1	AC233992.1	chr8	144314590	144315138			
ENSG00000284229.1	MIR6848	chr8	144317246	144317315			
ENSG00000261678.3	SCRT1	chr8	144330565	144336482			
ENSG00000185803.12	SLC52A2	chr8	144333957	144361286			
ENSG00000261587.2	TMEM249	chr8	144352219	144354914			
ENSG00000271698.1	AC233992.2	chr8	144353228	144355609			
ENSG00000182325.11	FBXL6	chr8	144355431	144359376			
ENSG00000173137.12	ADCK5	chr8	144373101	144393242			
ENSG00000071894.17	CPSF1	chr8	144393229	144409335			
ENSG00000284310.1	MIR939	chr8	144394149	144394230			
ENSG00000284139.1	MIR1234	chr8	144400086	144400165			
ENSG00000283770.1	MIR6849	chr8	144400277	144400345			
ENSG00000272115.1	AC233992.3	chr8	144409492	144409976			
ENSG00000147804.10	SLC39A4	chr8	144409742	144416844			
ENSG00000160948.14	VPS28	chr8	144423601	144428563			
ENSG00000160949.17	TONSL	chr8	144428775	144444440			
ENSG00000276598.1	MIR6893	chr8	144435551	144435619			
ENSG00000232600.3	TONSL-AS1	chr8	144437675	144439971			
ENSG00000187954.13	CYHR1	chr8	144449582	144465667			
ENSG00000254578.1	AC084125.1	chr8	144463817	144465101			
ENSG00000167702.13	KIFC2	chr8	144466043	144474202			
ENSG00000160973.8	FOXH1	chr8	144473412	144475849			
ENSG00000160972.9	PPP1R16A	chr8	144477969	144502121			
ENSG00000255182.2	AC084125.2	chr8	144495458	144505444			
ENSG00000167701.14	GPT	chr8	144502973	144507174			
ENSG00000167700.9	MFSD3	chr8	144509070	144511213			
ENSG00000160957.14	RECQL4	chr8	144511288	144517845			
ENSG00000265393.1	AC084125.4	chr8	144512567	144513672			
ENSG00000160959.8	LRRC14	chr8	144517992	144525172			
ENSG00000254402.7	LRRC24	chr8	144522388	144527033			
ENSG00000213563.7	C8orf82	chr8	144525733	144529132			
ENSG00000147799.11	ARHGAP39	chr8	144529179	144605816			
ENSG00000255456.1	AC084125.3	chr8	144584040	144586488			
ENSG00000274772.1	Metazoa_SRP	chr8	144683169	144683464			
ENSG00000254533.1	AF186192.1	chr8	144698614	144699185			
ENSG00000255085.8	AF186192.2	chr8	144700353	144708517			
ENSG00000263612.1	AF186192.3	chr8	144713899	144714845			
ENSG00000198169.9	ZNF251	chr8	144720907	144756417			
ENSG00000196378.13	ZNF34	chr8	144772224	144787345			
ENSG00000244307.3	RN7SL395P	chr8	144785298	144785588			
ENSG00000161016.18	RPL8	chr8	144789765	144792587			
ENSG00000283764.1	MIR6850	chr8	144791931	144791991			
ENSG00000197363.9	ZNF517	chr8	144798876	144811169			
ENSG00000147789.15	ZNF7	chr8	144827464	144847509			
ENSG00000170619.10	COMMD5	chr8	144841042	144853736			
ENSG00000286681.1	AF235103.3	chr8	144854875	144869489			
ENSG00000196150.14	ZNF250	chr8	144876497	144902168			
ENSG00000170631.15	ZNF16	chr8	144930358	144950888			
ENSG00000196922.10	ZNF252P	chr8	144973589	145002895			
ENSG00000255164.1	AF235103.1	chr8	144992914	144994837			
ENSG00000254618.1	TMED10P1	chr8	144994886	144995540			
ENSG00000255559.1	ZNF252P-AS1	chr8	145002811	145006046			
ENSG00000255530.1	AF235103.2	chr8	145005561	145005906			
ENSG00000255000.1	AC139103.1	chr8	145047860	145048889			
ENSG00000182307.14	C8orf33	chr8	145052465	145066685			
ENSG00000236875.3	DDX11L5	chr9	12134	13783			
ENSG00000181404.17	WASHC1	chr9	14475	73865			
ENSG00000227518.5	MIR1302-9HG	chr9	27657	30891			
ENSG00000283921.1	MIR1302-9	chr9	30144	30281			
ENSG00000218839.5	FAM138C	chr9	34394	37269			
ENSG00000284986.1	AL449043.2	chr9	52452	73374			
ENSG00000277631.5	PGM5P3-AS1	chr9	72670	89850			
ENSG00000227917.3	AL449043.1	chr9	100804	110138	5	5	5
ENSG00000231808.2	LINC01388	chr9	112713	113754	5	5	5
ENSG00000170122.5	FOXD4	chr9	116231	118204	5	5	5
ENSG00000172785.18	CBWD1	chr9	121038	179147	5	5	5
ENSG00000287480.1	AL158832.2	chr9	197065	209554	5	5	5
ENSG00000183784.7	DOCK8-AS1	chr9	212824	215893	5	5	5
ENSG00000107099.16	DOCK8	chr9	214854	465259	5	5	5
ENSG00000235880.1	AL158832.1	chr9	267966	273002	5	5	5
ENSG00000227155.7	AL161725.1	chr9	452492	492248	5	5	5
ENSG00000107104.20	KANK1	chr9	470291	746106	5	5	5
ENSG00000235330.2	RPL12P25	chr9	477750	478423	5	5	5
ENSG00000228115.1	AL161725.2	chr9	487774	495610	5	5	5
ENSG00000226403.2	AL392089.1	chr9	547135	549967	5	5	5
ENSG00000202172.1	RNU6-1327P	chr9	558826	558930	5	5	5
ENSG00000229875.1	EIF1P1	chr9	659986	660326	5	5	5
ENSG00000227914.3	AL136979.1	chr9	673478	685555	5	5	5
ENSG00000137090.12	DMRT1	chr9	841690	969090	5	5	5
ENSG00000064218.5	DMRT3	chr9	976655	991732	5	5	5
ENSG00000252991.1	RNU6-1073P	chr9	1001858	1001963	5	5	5
ENSG00000228783.1	H3P29	chr9	1011085	1011799	5	5	5
ENSG00000286684.1	AL358976.1	chr9	1041655	1042608	5	5	5
ENSG00000281769.1	LINC01230	chr9	1045625	1048641	5	5	5
ENSG00000173253.15	DMRT2	chr9	1049858	1057552	5	5	5
ENSG00000224836.1	AL356498.1	chr9	1151807	1152140	5	5	5
ENSG00000236594.2	RPS27AP14	chr9	1164414	1164867	5	5	5
ENSG00000233575.2	AL358934.1	chr9	1328664	1328987	5	5	5
ENSG00000202383.1	RNA5SP279	chr9	1333837	1333953	5	5	5
ENSG00000287465.1	AL358053.1	chr9	1540321	1550103	5	5	5
ENSG00000224092.1	AL591644.1	chr9	1977784	1978547	5	5	5
ENSG00000080503.24	SMARCA2	chr9	1980290	2193624	5	5	5
ENSG00000236199.1	AL359076.1	chr9	2041900	2046023	5	5	5
ENSG00000222973.1	RNU2-25P	chr9	2162763	2162953	5	5	5
ENSG00000264615.2	RN7SL592P	chr9	2228961	2229241	5	5	5
ENSG00000236404.10	VLDLR-AS1	chr9	2421597	2643359	5	5	5
ENSG00000231052.1	AL353614.1	chr9	2541097	2541635	5	5	5
ENSG00000147852.16	VLDLR	chr9	2621787	2660056	5	5	5
ENSG00000286670.1	AL450467.1	chr9	2652856	2654371	5	5	5
ENSG00000168263.9	KCNV2	chr9	2717510	2730037	5	5	5
ENSG00000080608.10	PUM3	chr9	2720469	2844095	5	5	5
ENSG00000236496.2	GPS2P1	chr9	2875442	2876427	5	5	5
ENSG00000229184.2	ATP5PDP2	chr9	2900320	2900804	5	5	5
ENSG00000227835.8	CARM1P1	chr9	2907073	3053408	5	5	5
ENSG00000236511.2	LINC01231	chr9	3181342	3200445	5	5	5
ENSG00000080298.15	RFX3	chr9	3218297	3526004	5	5	5
ENSG00000215297.3	AL354941.1	chr9	3364329	3364792	5	5	5
ENSG00000232104.3	RFX3-AS1	chr9	3526723	3691814	5	5	5
ENSG00000237359.2	AL354977.2	chr9	3630947	3648390	5	5	5
ENSG00000226669.2	AL354977.1	chr9	3684076	3689626	5	5	5
ENSG00000107249.23	GLIS3	chr9	3824127	4348392	5	5	5
ENSG00000236724.1	AL137071.1	chr9	3875584	3878809	5	5	5
ENSG00000237009.2	GLIS3-AS1	chr9	3898642	3901248	5	5	5
ENSG00000230001.1	AL359095.1	chr9	4070906	4071884	5	5	5
ENSG00000228322.1	AL162419.1	chr9	4299390	4306046	5	5	5
ENSG00000200941.1	RNU6-694P	chr9	4386410	4386556	5	5	5
ENSG00000106688.12	SLC1A1	chr9	4490468	4587469	5	5	5
ENSG00000106686.16	SPATA6L	chr9	4553386	4666674	5	5	5
ENSG00000225893.1	AL136231.1	chr9	4633027	4633756	5	5	5
ENSG00000205808.7	PLPP6	chr9	4662294	4665258	5	5	5
ENSG00000273061.1	CDC37L1-DT	chr9	4676600	4679502	5	5	5
ENSG00000106993.12	CDC37L1	chr9	4679559	4708399	5	5	5
ENSG00000147853.17	AK3	chr9	4709556	4742043	5	5	5
ENSG00000287759.1	AL353151.2	chr9	4741741	4759639	5	5	5
ENSG00000270639.1	ECM1P1	chr9	4768617	4769895	5	5	5
ENSG00000220105.2	AL353151.1	chr9	4781475	4782078	5	5	5
ENSG00000120158.12	RCL1	chr9	4792944	4885917	5	5	5
ENSG00000233186.2	KLF4P1	chr9	4803788	4804972	5	5	5
ENSG00000199065.3	MIR101-2	chr9	4850297	4850375	5	5	5
ENSG00000228165.1	AL158147.1	chr9	4850299	4850373	5	5	5
ENSG00000220937.3	HNRNPA1P41	chr9	4944670	4945902	5	5	5
ENSG00000096968.14	JAK2	chr9	4984390	5129948	5	5	5
ENSG00000234534.1	CSNK1G2P1	chr9	5040945	5041940	5	5	5
ENSG00000182347.10	PDSS1P1	chr9	5084999	5086112	5	5	5
ENSG00000227730.2	MTND6P5	chr9	5091093	5091604	5	5	5
ENSG00000228166.1	MTND1P11	chr9	5094139	5095014	5	5	5
ENSG00000224083.1	MTCO1P11	chr9	5096666	5098193	5	5	5
ENSG00000235917.1	MTCO2P11	chr9	5098341	5099325	5	5	5
ENSG00000228097.1	MTATP6P11	chr9	5099560	5100229	5	5	5
ENSG00000237711.1	MTCO3P11	chr9	5100236	5101009	5	5	5
ENSG00000236254.1	MTND4P14	chr9	5107937	5109290	5	5	5
ENSG00000230225.1	MTND5P14	chr9	5109496	5110762	5	5	5
ENSG00000236567.2	TCF3P1	chr9	5110913	5112849	5	5	5
ENSG00000254017.1	IGHEP2	chr9	5113549	5114804	5	5	5
ENSG00000120210.8	INSL6	chr9	5123880	5185647	5	5	5
ENSG00000237553.1	AL133547.1	chr9	5193339	5193558	5	5	5
ENSG00000120211.4	INSL4	chr9	5231419	5235304	5	5	5
ENSG00000107014.9	RLN2	chr9	5299864	5304716	5	5	5
ENSG00000214195.4	HMGN2P31	chr9	5311444	5311716	5	5	5
ENSG00000107018.8	RLN1	chr9	5334930	5339876	5	5	5
ENSG00000272866.1	AL135786.2	chr9	5351796	5352410	5	5	5
ENSG00000231967.1	AL135786.1	chr9	5356312	5356525	5	5	5
ENSG00000107020.10	PLGRKT	chr9	5357971	5437925	5	5	5
ENSG00000214190.2	RNF152P1	chr9	5418373	5418976	5	5	5
ENSG00000120217.14	CD274	chr9	5450503	5470566	5	5	5
ENSG00000286162.2	AL162253.2	chr9	5457477	5629748	5	5	5
ENSG00000197646.8	PDCD1LG2	chr9	5510531	5571282	5	5	5
ENSG00000231509.1	AL162253.1	chr9	5584490	5588994	5	5	5
ENSG00000107036.12	RIC1	chr9	5629025	5776557	5	5	5
ENSG00000225408.1	AL136980.1	chr9	5719021	5720244	5	5	5
ENSG00000099219.14	ERMP1	chr9	5765076	5833117	5	5	5
ENSG00000223621.1	AK4P4	chr9	5855781	5856426	5	5	5
ENSG00000183354.12	KIAA2026	chr9	5881596	6008482	5	5	5
ENSG00000120215.10	MLANA	chr9	5890889	5910606	5	5	5
ENSG00000263575.1	MIR4665	chr9	6007826	6007904	5	5	5
ENSG00000137040.10	RANBP6	chr9	6011025	6015625	5	5	5
ENSG00000228739.1	AL162384.1	chr9	6047360	6066714	5	5	5
ENSG00000237274.2	GTF3AP1	chr9	6195934	6197248	5	5	5
ENSG00000137033.11	IL33	chr9	6215786	6257983	5	5	5
ENSG00000228132.2	AL360221.1	chr9	6276640	6276974	5	5	5
ENSG00000233846.2	SELENOTP1	chr9	6278667	6279153	5	5	5
ENSG00000170777.10	TPD52L3	chr9	6328375	6331900	5	5	5
ENSG00000147854.17	UHRF2	chr9	6413151	6507054	5	5	5
ENSG00000233367.1	AL133480.1	chr9	6415145	6449558	5	5	5
ENSG00000178445.10	GLDC	chr9	6532467	6645729	5	5	5
ENSG00000264530.2	RN7SL25P	chr9	6542094	6542353	5	5	5
ENSG00000237158.1	AL353718.1	chr9	6568844	6569360	5	5	5
ENSG00000206147.5	RPL23AP57	chr9	6639139	6639604	5	5	5
ENSG00000236924.1	AL162411.1	chr9	6645956	6670635	5	5	5
ENSG00000266863.2	RN7SL123P	chr9	6661651	6661942	5	5	5
ENSG00000229057.1	RPS3AP54	chr9	6662424	6663792	5	5	5
ENSG00000231381.2	RNF2P1	chr9	6668999	6670008	5	5	5
ENSG00000232946.1	RPL35AP20	chr9	6675284	6675614	5	5	5
ENSG00000229611.2	LINC02851	chr9	6704270	6707780	5	5	5
ENSG00000225489.7	AL354707.1	chr9	6716157	6727438	5	5	5
ENSG00000107077.19	KDM4C	chr9	6720863	7175648	5	5	5
ENSG00000231108.2	PRELID3BP11	chr9	6734598	6735076	5	5	5
ENSG00000256968.1	SNRPEP2	chr9	6748703	6748981	5	5	5
ENSG00000230581.2	ACTG1P14	chr9	6834456	6835577	5	5	5
ENSG00000224972.1	AL513412.1	chr9	6902670	6978859	5	5	5
ENSG00000285688.1	AL161443.1	chr9	7177577	7203458	5	5	5
ENSG00000288042.1	AL157703.1	chr9	7304551	7343556	5	5	5
ENSG00000230207.1	RPL4P5	chr9	7477045	7478320	5	5	5
ENSG00000178654.11	PPIAP33	chr9	7597823	7598377	5	5	5
ENSG00000273056.1	AL354694.1	chr9	7786105	7786688	5	5	5
ENSG00000137038.8	DMAC1	chr9	7796500	7888380	5	5	5
ENSG00000231902.2	AL135923.2	chr9	7914514	7961224	5	5	5
ENSG00000226376.1	AL135923.1	chr9	7930827	7935137	5	5	5
ENSG00000153707.17	PTPRD	chr9	8314246	10612723	5	5	5
ENSG00000235389.2	AL583805.2	chr9	8700595	8701552	5	5	5
ENSG00000212695.5	AL583805.1	chr9	8713311	8713841	5	5	5
ENSG00000239102.1	RNU7-185P	chr9	8797135	8797194	5	5	5
ENSG00000225706.2	PTPRD-AS1	chr9	8858127	8864772	5	5	5
ENSG00000234021.1	AL596451.1	chr9	8936079	8963077	5	5	5
ENSG00000212829.8	RPS26P3	chr9	9090898	9091245	5	5	5
ENSG00000265735.2	RN7SL5P	chr9	9442060	9442380	5	5	5
ENSG00000230920.1	AL513422.1	chr9	9799423	9803784	5	5	5
ENSG00000234360.1	AL135790.2	chr9	10532145	10532411	5	5	5
ENSG00000226717.2	PTPRD-AS2	chr9	10613202	10620420	5	5	5
ENSG00000232035.1	AL135790.1	chr9	10631750	10632203	5	5	5
ENSG00000227138.1	AL161788.1	chr9	10777357	10777525	5	5	5
ENSG00000230589.1	IMP3P1	chr9	10829752	10830308	5	5	5
ENSG00000270372.1	AL162413.1	chr9	10948372	10948481	5	5	5
ENSG00000234146.1	AKAP8P1	chr9	11011748	11013096	5	5	5
ENSG00000230365.1	AL451129.1	chr9	11275314	11276314	5	5	5
ENSG00000286474.1	AL355672.1	chr9	11313397	11436244	5	5	5
ENSG00000275130.1	AL592227.1	chr9	11618496	11618621	5	5	5
ENSG00000285784.1	AL353595.1	chr9	11618530	12058227	5	5	5
ENSG00000224935.2	AL589678.1	chr9	12098660	12159148	5	5	5
ENSG00000231491.2	JKAMPP1	chr9	12287320	12288238	5	5	5
ENSG00000222581.1	RNU2-47P	chr9	12300266	12300451	5	5	5
ENSG00000107165.13	TYRP1	chr9	12685439	12710285	5	5	5
ENSG00000235448.3	LURAP1L-AS1	chr9	12698554	12814377	5	5	5
ENSG00000243115.3	RN7SL849P	chr9	12764761	12765055	5	5	5
ENSG00000153714.6	LURAP1L	chr9	12775020	12823060	5	5	5
ENSG00000222658.1	Y_RNA	chr9	12885321	12885417	5	5	5
ENSG00000285637.2	AL161449.2	chr9	12958503	13034326	5	5	5
ENSG00000214121.4	PRDX1P1	chr9	12972843	12973438	5	5	5
ENSG00000234586.2	AL161449.1	chr9	13021694	13022892	5	5	5
ENSG00000107186.17	MPDZ	chr9	13105706	13279692	5	5	5
ENSG00000234740.1	AL162386.2	chr9	13274510	13279187	5	5	5
ENSG00000223672.2	AL162386.1	chr9	13322806	13323450	5	5	5
ENSG00000226197.3	AL583785.1	chr9	13386130	13836571	5	5	5
ENSG00000270547.6	LINC01235	chr9	13406380	13488125	5	5	5
ENSG00000288556.1	AL158157.1	chr9	13738537	13744191	5	5	5
ENSG00000205636.3	LINC00583	chr9	13927971	13945610	5	5	5
ENSG00000229268.1	PES1P2	chr9	13986175	13987909	5	5	5
ENSG00000235533.1	AL360089.1	chr9	14025971	14030115	5	5	5
ENSG00000223568.1	RPL3P11	chr9	14040716	14041861	5	5	5
ENSG00000213954.3	ATP5PDP3	chr9	14068932	14069417	5	5	5
ENSG00000147862.17	NFIB	chr9	14081843	14398983	5	5	5
ENSG00000234982.1	AL441963.1	chr9	14204248	14205039	5	5	5
ENSG00000225472.2	AL136366.1	chr9	14317073	14358490	5	5	5
ENSG00000287708.1	AL137017.1	chr9	14395791	14472407	5	5	5
ENSG00000237137.1	AL159169.1	chr9	14531916	14532042	5	5	5
ENSG00000273399.2	AL159169.3	chr9	14586766	14587326	5	5	5
ENSG00000272871.1	AL159169.2	chr9	14588797	14590065	5	5	5
ENSG00000229029.2	CDCA4P1	chr9	14593577	14594200	5	5	5
ENSG00000175893.12	ZDHHC21	chr9	14611071	14693432	5	5	5
ENSG00000147869.5	CER1	chr9	14719724	14722733	5	5	5
ENSG00000164946.20	FREM1	chr9	14737152	14910995	5	5	5
ENSG00000286500.1	AL512643.2	chr9	14779930	14784117	5	5	5
ENSG00000283647.1	AL512643.1	chr9	14790635	14791158	5	5	5
ENSG00000199814.1	RNU6-1260P	chr9	14850429	14850535	5	5	5
ENSG00000232000.3	CLCN3P1	chr9	14921013	15146401	5	5	5
ENSG00000214110.3	LDHAP4	chr9	14921337	14922334	5	5	5
ENSG00000215237.6	AL592293.1	chr9	14993312	15019729	5	5	5
ENSG00000234297.2	PSIP1P1	chr9	15055057	15056052	5	5	5
ENSG00000251960.1	RNU6-559P	chr9	15143289	15143386	5	5	5
ENSG00000155158.20	TTC39B	chr9	15163622	15307360	5	5	5
ENSG00000215236.3	RPL7P33	chr9	15361393	15362134	5	5	5
ENSG00000164975.15	SNAPC3	chr9	15422704	15465953	5	5	5
ENSG00000251834.1	RNU6-319P	chr9	15431899	15432006	5	5	5
ENSG00000164985.15	PSIP1	chr9	15464066	15510995	5	5	5
ENSG00000278754.1	AL513423.1	chr9	15524576	15524707	5	5	5
ENSG00000240613.3	RN7SL98P	chr9	15525782	15526081	5	5	5
ENSG00000213362.3	FTH1P12	chr9	15527133	15527683	5	5	5
ENSG00000207433.1	RNU6-246P	chr9	15544188	15544294	5	5	5
ENSG00000164989.17	CCDC171	chr9	15553043	16061663	5	5	5
ENSG00000231376.1	HMGN2P16	chr9	15588355	15588615	5	5	5
ENSG00000207360.1	RNU6-14P	chr9	15776181	15776286	5	5	5
ENSG00000205549.10	C9orf92	chr9	16203935	16410990	5	5	5
ENSG00000173068.18	BNC2	chr9	16409503	16870843	5	5	5
ENSG00000231756.1	AL449983.1	chr9	16473188	16476237	5	5	5
ENSG00000230694.1	AL450003.1	chr9	16625676	16626390	5	5	5
ENSG00000234779.1	BNC2-AS1	chr9	16726814	16727524	5	5	5
ENSG00000233551.2	LSM1P1	chr9	16775573	16775845	5	5	5
ENSG00000237153.4	AL162725.2	chr9	16917511	17114122	5	5	5
ENSG00000285169.2	AL358117.1	chr9	16982723	16989647	5	5	5
ENSG00000241152.3	RN7SL720P	chr9	17053901	17054204	5	5	5
ENSG00000226470.1	RPS29P33	chr9	17096301	17096446	5	5	5
ENSG00000237083.1	AL162725.1	chr9	17108304	17108604	5	5	5
ENSG00000044459.15	CNTLN	chr9	17134982	17503923	5	5	5
ENSG00000224488.1	SAMM50P1	chr9	17447145	17448543	5	5	5
ENSG00000107295.10	SH3GL2	chr9	17579066	17797124	5	5	5
ENSG00000228810.1	PABPC1P11	chr9	17589161	17591318	5	5	5
ENSG00000178031.17	ADAMTSL1	chr9	17906563	18910950	5	5	5
ENSG00000227167.1	AL442638.1	chr9	18360597	18362220	5	5	5
ENSG00000264638.1	MIR3152	chr9	18573306	18573379	5	5	5
ENSG00000252960.1	RN7SKP258	chr9	18651147	18651450	5	5	5
ENSG00000236857.3	RAP1BP1	chr9	18717974	18718526	5	5	5
ENSG00000155875.15	SAXO1	chr9	18858906	19049358	5	5	5
ENSG00000236680.1	AL356000.1	chr9	19026892	19028129	5	5	5
ENSG00000155876.6	RRAGA	chr9	19049427	19051025	5	5	5
ENSG00000147874.11	HAUS6	chr9	19053141	19102904	5	5	5
ENSG00000251733.1	SCARNA8	chr9	19063656	19063786	5	5	5
ENSG00000252943.1	RNU6-264P	chr9	19073843	19073946	5	5	5
ENSG00000201118.1	Y_RNA	chr9	19089593	19089688	5	5	5
ENSG00000147872.10	PLIN2	chr9	19108375	19149290	5	5	5
ENSG00000232176.1	AL161909.1	chr9	19200335	19201046	5	5	5
ENSG00000137145.20	DENND4C	chr9	19230435	19373545	5	5	5
ENSG00000232978.2	AL161909.2	chr9	19291337	19292576	5	5	5
ENSG00000272842.1	AL391834.1	chr9	19371386	19371945	5	5	5
ENSG00000273226.1	AL391834.2	chr9	19375451	19375996	5	5	5
ENSG00000137154.13	RPS6	chr9	19375715	19380236	5	5	5
ENSG00000234853.2	NDUFA5P3	chr9	19383217	19383887	5	5	5
ENSG00000285911.1	AL391834.3	chr9	19386927	19408532	5	5	5
ENSG00000177076.6	ACER2	chr9	19409009	19452505	5	5	5
ENSG00000260912.1	AL158206.1	chr9	19453209	19455173	5	5	5
ENSG00000231909.7	MAP1LC3BP1	chr9	19460926	19464524	5	5	5
ENSG00000155886.11	SLC24A2	chr9	19507452	19786928	5	5	5
ENSG00000232158.1	C11orf98P1	chr9	19705338	19705655	5	5	5
ENSG00000286685.1	AL158077.2	chr9	19789179	19894856	5	5	5
ENSG00000276667.1	AL158077.1	chr9	19895800	19895973	5	5	5
ENSG00000261402.1	AL591222.1	chr9	19926094	19929937	5	5	5
ENSG00000270712.1	AL591222.2	chr9	19957394	19958147	5	5	5
ENSG00000277711.1	AL591222.3	chr9	19967239	19967994	5	5	5
ENSG00000237434.1	AL512635.1	chr9	20331446	20332277	5	5	5
ENSG00000171843.17	MLLT3	chr9	20341669	20622499	5	5	5
ENSG00000263790.1	MIR4473	chr9	20411148	20411238	5	5	5
ENSG00000222202.1	RNU4-26P	chr9	20418321	20418427	5	5	5
ENSG00000264941.1	MIR4474	chr9	20502265	20502342	5	5	5
ENSG00000237088.1	AL163193.1	chr9	20532552	20533339	5	5	5
ENSG00000188352.12	FOCAD	chr9	20658309	20995955	5	5	5
ENSG00000227071.1	FOCAD-AS1	chr9	20683304	20684688	5	5	5
ENSG00000207609.3	MIR491	chr9	20716105	20716188	5	5	5
ENSG00000202189.1	SNORA30B	chr9	20786927	20787055	5	5	5
ENSG00000188921.14	HACD4	chr9	20999509	21031640	5	5	5
ENSG00000230208.1	IFNNP1	chr9	21058771	21059323	5	5	5
ENSG00000171855.7	IFNB1	chr9	21077104	21077942	5	5	5
ENSG00000225027.2	IFNWP4	chr9	21106543	21106836	5	5	5
ENSG00000275980.1	AL390882.1	chr9	21135598	21136350	5	5	5
ENSG00000177047.6	IFNW1	chr9	21140214	21142145	5	5	5
ENSG00000199635.1	Y_RNA	chr9	21160235	21160336	5	5	5
ENSG00000137080.4	IFNA21	chr9	21165637	21166660	5	5	5
ENSG00000232281.2	IFNWP15	chr9	21178589	21179188	5	5	5
ENSG00000236637.4	IFNA4	chr9	21186694	21187671	5	5	5
ENSG00000226597.1	IFNWP9	chr9	21190654	21191244	5	5	5
ENSG00000214042.1	IFNA7	chr9	21201469	21202205	5	5	5
ENSG00000186803.3	IFNA10	chr9	21206181	21207143	5	5	5
ENSG00000223684.1	IFNWP18	chr9	21209189	21209779	5	5	5
ENSG00000147885.4	IFNA16	chr9	21216373	21217311	5	5	5
ENSG00000234829.4	IFNA17	chr9	21227243	21228222	5	5	5
ENSG00000232138.1	IFNWP5	chr9	21231266	21231853	5	5	5
ENSG00000228083.3	IFNA14	chr9	21239002	21240005	5	5	5
ENSG00000224416.2	IFNA22P	chr9	21278050	21278619	5	5	5
ENSG00000147873.5	IFNA5	chr9	21304326	21305312	5	5	5
ENSG00000226393.1	IFNA20P	chr9	21321300	21321827	5	5	5
ENSG00000198642.7	KLHL9	chr9	21329665	21335404	5	5	5
ENSG00000120235.4	IFNA6	chr9	21349835	21351378	5	5	5
ENSG00000233816.3	IFNA13	chr9	21367424	21368962	5	5	5
ENSG00000188379.7	IFNA2	chr9	21384255	21385398	5	5	5
ENSG00000261696.1	AL353732.1	chr9	21394888	21396346	5	5	5
ENSG00000231195.1	IFNA11P	chr9	21398614	21399139	5	5	5
ENSG00000235108.1	IFNA12P	chr9	21403081	21403651	5	5	5
ENSG00000120242.4	IFNA8	chr9	21409117	21410185	5	5	5
ENSG00000288541.1	AL353732.2	chr9	21410969	21422960	5	5	5
ENSG00000237691.1	IFNWP2	chr9	21420234	21420813	5	5	5
ENSG00000197919.6	IFNA1	chr9	21440439	21441316	5	5	5
ENSG00000171889.5	MIR31HG	chr9	21453802	21559900	5	5	5
ENSG00000238271.2	IFNWP19	chr9	21455484	21456049	5	5	5
ENSG00000184995.7	IFNE	chr9	21480839	21482313	5	5	5
ENSG00000199177.1	MIR31	chr9	21512115	21512185	5	5	5
ENSG00000264379.1	SNORD39	chr9	21524307	21524382	5	5	5
ENSG00000227443.2	H3P30	chr9	21638285	21638676	5	5	5
ENSG00000229835.2	KHSRPP1	chr9	21695176	21696943	5	5	5
ENSG00000244230.3	RN7SL151P	chr9	21699314	21699596	5	5	5
ENSG00000099810.21	MTAP	chr9	21802636	21937651	5	5	5
ENSG00000264545.2	AL359922.1	chr9	21802636	22029594	5	5	5
ENSG00000229298.1	TUBB8P1	chr9	21811621	21812347	5	5	5
ENSG00000265194.1	AL359922.2	chr9	21858910	21861926	5	5	5
ENSG00000279670.1	AL359922.3	chr9	21892188	21893857	5	5	5
ENSG00000264801.1	ERVFRD-3	chr9	21929457	21931073	5	5	5
ENSG00000224854.3	CDKN2A-DT	chr9	21966929	21967751	5	5	5
ENSG00000147889.18	CDKN2A	chr9	21967752	21995301	5	5	5
ENSG00000240498.9	CDKN2B-AS1	chr9	21994139	22128103	5	5	5
ENSG00000266446.1	AL449423.1	chr9	21995482	21996013	5	5	5
ENSG00000147883.12	CDKN2B	chr9	22002903	22009305	5	5	5
ENSG00000215221.2	UBA52P6	chr9	22012155	22012536	5	5	5
ENSG00000274055.1	AL354709.1	chr9	22046758	22046901	5	5	5
ENSG00000277653.1	AL354709.2	chr9	22117665	22117814	5	5	5
ENSG00000236921.1	AL157937.1	chr9	22203990	22214672	5	5	5
ENSG00000176399.4	DMRTA1	chr9	22446824	22455740	5	5	5
ENSG00000234840.2	LINC01239	chr9	22646200	22824213	5	5	5
ENSG00000284418.2	AL391117.1	chr9	22703516	23438700	5	5	5
ENSG00000236739.3	CLIC4P1	chr9	22747700	22748234	5	5	5
ENSG00000224549.1	AC017067.1	chr9	22767175	22768316	5	5	5
ENSG00000287696.1	AL357614.1	chr9	23291544	23293923	5	5	5
ENSG00000283982.1	AL445623.2	chr9	23500691	23672387	5	5	5
ENSG00000227607.2	SUMO2P2	chr9	23632106	23632360	5	5	5
ENSG00000233906.1	AL445623.1	chr9	23671788	23672399	5	5	5
ENSG00000226626.2	NOP56P2	chr9	23681894	23682662	5	5	5
ENSG00000107105.15	ELAVL2	chr9	23690104	23826337	5	5	5
ENSG00000287843.1	AL161628.1	chr9	23826491	23828877	5	5	5
ENSG00000231460.2	AL365204.1	chr9	23829670	23849914	5	5	5
ENSG00000237414.2	AL365204.2	chr9	23894990	23898054	5	5	5
ENSG00000277608.1	AL365204.3	chr9	23955760	23956444	5	5	5
ENSG00000287139.1	AL513317.1	chr9	24069731	24088051	5	5	5
ENSG00000205442.13	IZUMO3	chr9	24542952	24545946	5	5	5
ENSG00000269957.6	AL353811.1	chr9	24545938	24592104	5	5	5
ENSG00000223088.1	RMRPP5	chr9	24905469	24905735	5	5	5
ENSG00000222693.1	RN7SKP120	chr9	25088811	25089151	5	5	5
ENSG00000287318.1	AL353730.1	chr9	25579657	25584272	5	5	5
ENSG00000198680.4	TUSC1	chr9	25676389	25678440	5	5	5
ENSG00000236306.3	LINC01241	chr9	25780032	25844585	5	5	5
ENSG00000270683.1	FAM71BP1	chr9	25937912	25938434	5	5	5
ENSG00000276759.2	AL353753.1	chr9	26066675	26118408	5	5	5
ENSG00000279256.1	AL442639.1	chr9	26642697	26644595	5	5	5
ENSG00000254261.1	AL451137.2	chr9	26746953	26786874	5	5	5
ENSG00000252580.1	AL451137.1	chr9	26796173	26796304	5	5	5
ENSG00000253400.1	AL356133.1	chr9	26801733	26805862	5	5	5
ENSG00000120159.13	CAAP1	chr9	26840685	26892803	5	5	5
ENSG00000232466.1	H3P31	chr9	26880178	26880549	5	5	5
ENSG00000240306.2	RN7SL100P	chr9	26895678	26895970	5	5	5
ENSG00000137055.15	PLAA	chr9	26903372	26947242	5	5	5
ENSG00000096872.17	IFT74	chr9	26947039	27066134	5	5	5
ENSG00000234676.1	IFT74-AS1	chr9	26955780	26956295	5	5	5
ENSG00000184434.8	LRRC19	chr9	26993136	27005672	5	5	5
ENSG00000254396.1	AL355432.1	chr9	27102630	27104728	5	5	5
ENSG00000120156.22	TEK	chr9	27109141	27230174	5	5	5
ENSG00000223162.1	RNA5SP280	chr9	27198287	27198401	5	5	5
ENSG00000232867.1	AL355433.1	chr9	27210327	27210626	5	5	5
ENSG00000283945.1	LINC00032	chr9	27245680	27284869	5	5	5
ENSG00000120160.11	EQTN	chr9	27284654	27297150	5	5	5
ENSG00000120162.10	MOB3B	chr9	27325209	27529814	5	5	5
ENSG00000237734.1	AL163192.1	chr9	27391734	27397563	5	5	5
ENSG00000287355.1	AL451123.2	chr9	27495857	27498251	5	5	5
ENSG00000147896.3	IFNK	chr9	27524314	27526498	5	5	5
ENSG00000285103.2	AL451123.1	chr9	27529085	27543902	5	5	5
ENSG00000147894.17	C9orf72	chr9	27535640	27573866	5	5	5
ENSG00000215441.3	CTAGE12P	chr9	27608382	27610745	5	5	5
ENSG00000260390.1	AL360014.1	chr9	27829276	27844481	5	5	5
ENSG00000260412.1	AL353746.1	chr9	27937617	27944497	5	5	5
ENSG00000174482.10	LINGO2	chr9	27948078	28670286	5	5	5
ENSG00000229060.4	AL451124.1	chr9	28148211	28149236	5	5	5
ENSG00000287551.1	AL445526.1	chr9	28539735	28566733	5	5	5
ENSG00000224955.1	KCTD10P1	chr9	28598668	28599292	5	5	5
ENSG00000215966.1	MIR876	chr9	28863626	28863706	5	5	5
ENSG00000215939.3	MIR873	chr9	28888879	28888955	5	5	5
ENSG00000287038.1	AL162388.2	chr9	29214322	29229229	5	5	5
ENSG00000230276.2	AL162388.1	chr9	29254075	29254426	5	5	5
ENSG00000277646.1	AL353684.1	chr9	29317833	29318952	5	5	5
ENSG00000229834.1	AL354676.1	chr9	29636486	29636853	5	5	5
ENSG00000230097.2	ME2P1	chr9	29824742	29826711	5	5	5
ENSG00000280683.1	LINC01242	chr9	30388935	30575012	5	5	5
ENSG00000232060.3	SLC4A1APP1	chr9	30558880	30559481	5	5	5
ENSG00000239792.2	CDRT15P5	chr9	30670964	30671966	5	5	5
ENSG00000215210.3	RBMXP2	chr9	30689105	30690272	5	5	5
ENSG00000235626.2	KRT18P66	chr9	30773464	30774732	5	5	5
ENSG00000226246.1	KRT18P36	chr9	30799471	30800746	5	5	5
ENSG00000233278.1	RPS26P2	chr9	30831878	30832225	5	5	5
ENSG00000214020.3	FTLP4	chr9	30935485	30935977	5	5	5
ENSG00000228557.1	HSPA8P17	chr9	30988085	30990572	5	5	5
ENSG00000223421.1	AL354854.1	chr9	31165618	31166980	5	5	5
ENSG00000232203.3	SLC25A6P2	chr9	31253901	31254777	5	5	5
ENSG00000260720.1	LINC01243	chr9	31371611	31381490	5	5	5
ENSG00000226998.1	MTATP6P30	chr9	31505280	31505943	5	5	5
ENSG00000229080.1	MTCO3P30	chr9	31505946	31506615	5	5	5
ENSG00000235148.2	HMGB3P23	chr9	31644576	31645160	5	5	5
ENSG00000252313.1	RNA5SP281	chr9	32293558	32293692	5	5	5
ENSG00000225347.1	SLC25A5P8	chr9	32333457	32334354	5	5	5
ENSG00000122729.19	ACO1	chr9	32384603	32454769	5	5	5
ENSG00000107201.10	DDX58	chr9	32455302	32526208	5	5	5
ENSG00000197579.8	TOPORS	chr9	32540544	32552586	5	5	5
ENSG00000235453.10	SMIM27	chr9	32551144	32568621	5	5	5
ENSG00000165264.11	NDUFB6	chr9	32553001	32573184	5	5	5
ENSG00000232303.2	DFFBP1	chr9	32566148	32567126	5	5	5
ENSG00000122728.6	TAF1L	chr9	32629454	32635669	5	5	5
ENSG00000223440.1	AL589642.1	chr9	32633454	32648685	5	5	5
ENSG00000230516.1	AL589642.2	chr9	32643103	32645026	5	5	5
ENSG00000238001.2	SNRPCP1	chr9	32676063	32676520	5	5	5
ENSG00000230867.1	AL157884.1	chr9	32727069	32727522	5	5	5
ENSG00000188133.6	TMEM215	chr9	32783540	32789201	5	5	5
ENSG00000272113.2	Y_RNA	chr9	32820261	32820350	5	5	5
ENSG00000236796.1	AL157884.3	chr9	32836575	32869595	5	5	5
ENSG00000231193.1	AL157884.2	chr9	32840598	32841762	5	5	5
ENSG00000137074.20	APTX	chr9	32886601	33025130	5	5	5
ENSG00000223807.1	BOLA3P4	chr9	32926051	32926450	5	5	5
ENSG00000237437.1	ASS1P12	chr9	32945996	32947222	5	5	5
ENSG00000236184.1	TCEA1P4	chr9	32979560	32980403	5	5	5
ENSG00000225693.1	LAGE3P1	chr9	33019682	33020165	5	5	5
ENSG00000086061.16	DNAJA1	chr9	33025273	33039907	5	5	5
ENSG00000122692.9	SMU1	chr9	33041765	33076674	5	5	5
ENSG00000086062.13	B4GALT1	chr9	33104082	33167356	5	5	5
ENSG00000233554.6	B4GALT1-AS1	chr9	33166948	33182865	5	5	5
ENSG00000252224.1	RNU4ATAC15P	chr9	33174170	33174295	5	5	5
ENSG00000122711.9	SPINK4	chr9	33218365	33248567	5	5	5
ENSG00000107262.26	BAG1	chr9	33247820	33264720	5	5	5
ENSG00000086065.14	CHMP5	chr9	33264879	33282070	5	5	5
ENSG00000086102.19	NFX1	chr9	33290512	33371157	5	5	5
ENSG00000200544.1	Y_RNA	chr9	33352788	33352874	5	5	5
ENSG00000165269.13	AQP7	chr9	33383179	33402682	5	5	5
ENSG00000286322.1	AL356218.2	chr9	33401478	33410553	5	5	5
ENSG00000165272.16	AQP3	chr9	33441156	33447596	5	5	5
ENSG00000270542.1	AL356218.1	chr9	33449755	33449941	5	5	5
ENSG00000165271.17	NOL6	chr9	33461353	33473930	5	5	5
ENSG00000275651.1	MIR6851	chr9	33467869	33467935	5	5	5
ENSG00000226823.1	SUGT1P1	chr9	33503655	33510711	5	5	5
ENSG00000228072.1	AL139008.2	chr9	33512959	33514773	5	5	5
ENSG00000230453.9	ANKRD18B	chr9	33524394	33573009	5	5	5
ENSG00000225123.2	AL139008.1	chr9	33574361	33574588	5	5	5
ENSG00000234373.1	SNX18P7	chr9	33576380	33577014	5	5	5
ENSG00000226562.4	CYP4F26P	chr9	33580695	33607874	5	5	5
ENSG00000204982.3	PRSS3P4	chr9	33613848	33614009	5	5	5
ENSG00000205274.3	TRBV20OR9-2	chr9	33617762	33618506	5	5	5
ENSG00000231991.4	ANXA2P2	chr9	33624274	33625293	5	5	5
ENSG00000183938.5	TRBV21OR9-2	chr9	33629121	33629586	5	5	5
ENSG00000234122.1	TRBV22OR9-2	chr9	33634111	33634246	5	5	5
ENSG00000229063.2	TRBV23OR9-2	chr9	33638035	33638494	5	5	5
ENSG00000215206.5	TRBV24OR9-2	chr9	33649047	33649614	5	5	5
ENSG00000240215.4	TRBV25OR9-2	chr9	33662166	33662663	5	5	5
ENSG00000237984.3	PTENP1	chr9	33673504	33677499	5	5	5
ENSG00000281128.2	PTENP1-AS	chr9	33676785	33688011	5	5	5
ENSG00000231165.3	TRBV26OR9-2	chr9	33695767	33696059	5	5	5
ENSG00000260947.1	AL356489.2	chr9	33697459	33700986	5	5	5
ENSG00000287063.1	AL356489.3	chr9	33706679	33710715	5	5	5
ENSG00000227301.1	AL356489.1	chr9	33719690	33722555	5	5	5
ENSG00000287495.1	AL356489.4	chr9	33730345	33734040	5	5	5
ENSG00000233776.5	LINC01251	chr9	33732975	33738416	5	5	5
ENSG00000010438.17	PRSS3	chr9	33750679	33799231	5	5	5
ENSG00000235481.3	UBE2R2-AS1	chr9	33775183	33818795	5	5	5
ENSG00000223394.2	TRBV29OR9-2	chr9	33786221	33786828	5	5	5
ENSG00000107341.5	UBE2R2	chr9	33817160	33920399	5	5	5
ENSG00000200834.1	Y_RNA	chr9	33830978	33831078	5	5	5
ENSG00000251748.1	RNU4ATAC11P	chr9	33868540	33868665	5	5	5
ENSG00000137073.23	UBAP2	chr9	33921693	34048949	5	5	5
ENSG00000238300.1	SNORD121B	chr9	33934296	33934376	5	5	5
ENSG00000238886.1	SNORD121A	chr9	33952769	33952850	5	5	5
ENSG00000226801.2	OSTCP8	chr9	33968071	33968518	5	5	5
ENSG00000222259.1	RN7SKP114	chr9	34049966	34050244	5	5	5
ENSG00000228352.2	AL354989.1	chr9	34084332	34096225	5	5	5
ENSG00000198876.13	DCAF12	chr9	34086387	34127399	5	5	5
ENSG00000224802.2	TUBB4BP2	chr9	34109171	34109968	5	5	5
ENSG00000239392.2	AL354989.2	chr9	34133157	34134696	5	5	5
ENSG00000165006.14	UBAP1	chr9	34179005	34252523	5	5	5
ENSG00000227383.1	RPL35AP2	chr9	34191555	34191881	5	5	5
ENSG00000279336.1	AL353662.2	chr9	34201273	34201515	5	5	5
ENSG00000252164.1	RNA5SP282	chr9	34206134	34206241	5	5	5
ENSG00000233668.1	AL353662.1	chr9	34223984	34224628	5	5	5
ENSG00000186638.16	KIF24	chr9	34252381	34311371	5	5	5
ENSG00000222426.1	RNU2-50P	chr9	34282528	34282670	5	5	5
ENSG00000229207.1	SERPINH1P1	chr9	34318407	34319655	5	5	5
ENSG00000164978.18	NUDT2	chr9	34329506	34343711	5	5	5
ENSG00000164976.9	MYORG	chr9	34366666	34376898	5	5	5
ENSG00000164972.13	C9orf24	chr9	34379019	34397810	5	5	5
ENSG00000207032.1	Y_RNA	chr9	34389943	34390051	5	5	5
ENSG00000164970.15	FAM219A	chr9	34398184	34458570	5	5	5
ENSG00000122735.16	DNAI1	chr9	34457414	34520988	5	5	5
ENSG00000251697.1	RN7SKP24	chr9	34478622	34478905	5	5	5
ENSG00000168913.7	ENHO	chr9	34521043	34522990	5	5	5
ENSG00000230729.1	AL160270.1	chr9	34521527	34524241	5	5	5
ENSG00000232983.2	AL160270.2	chr9	34546524	34546996	5	5	5
ENSG00000122756.15	CNTFR	chr9	34551432	34590140	5	5	5
ENSG00000237159.6	CNTFR-AS1	chr9	34568012	34583072	5	5	5
ENSG00000164967.10	RPP25L	chr9	34610486	34612104	5	5	5
ENSG00000137100.16	DCTN3	chr9	34613545	34620523	5	5	5
ENSG00000205143.3	ARID3C	chr9	34621379	34628086	5	5	5
ENSG00000147955.17	SIGMAR1	chr9	34634722	34637809	5	5	5
ENSG00000213930.12	GALT	chr9	34638133	34651035	5	5	5
ENSG00000258728.1	AL162231.3	chr9	34646645	34657113	5	5	5
ENSG00000137070.18	IL11RA	chr9	34650702	34661902	5	5	5
ENSG00000213927.4	CCL27	chr9	34661880	34664048	5	5	5
ENSG00000261215.1	AL162231.4	chr9	34661903	34666029	5	5	5
ENSG00000187186.15	AL162231.1	chr9	34664163	34666112	5	5	5
ENSG00000230074.3	AL162231.2	chr9	34665607	34681981	5	5	5
ENSG00000172724.12	CCL19	chr9	34689570	34691276	5	5	5
ENSG00000288583.1	AL162231.5	chr9	34702953	34774466	5	5	5
ENSG00000137077.8	CCL21	chr9	34709005	34710136	5	5	5
ENSG00000205108.6	FAM205A	chr9	34723053	34729488	5	5	5
ENSG00000287368.1	AL589645.1	chr9	34810020	34895175	5	5	5
ENSG00000257198.6	FAM205BP	chr9	34832295	34838586	5	5	5
ENSG00000187791.13	FAM205C	chr9	34889066	34895764	5	5	5
ENSG00000178723.7	GLULP4	chr9	34917175	34918296	5	5	5
ENSG00000215199.3	YWHAZP6	chr9	34922184	34922921	5	5	5
ENSG00000122733.12	PHF24	chr9	34957608	34982544	5	5	5
ENSG00000281491.1	DNAJB5-DT	chr9	34985410	34989379	5	5	5
ENSG00000137094.15	DNAJB5	chr9	34989641	34998900	5	5	5
ENSG00000273597.1	AL355377.1	chr9	35001342	35002994	5	5	5
ENSG00000279489.1	AL355377.2	chr9	35001913	35003663	5	5	5
ENSG00000233148.2	SYF2P2	chr9	35010703	35011285	5	5	5
ENSG00000286782.1	AL355377.3	chr9	35012963	35016076	5	5	5
ENSG00000287868.1	AL355377.4	chr9	35023840	35025402	5	5	5
ENSG00000279608.1	AL353795.3	chr9	35038625	35044326	5	5	5
ENSG00000174038.13	C9orf131	chr9	35041095	35045986	5	5	5
ENSG00000241568.3	RN7SL338P	chr9	35049271	35049563	5	5	5
ENSG00000165280.17	VCP	chr9	35055376	35079926	5	5	5
ENSG00000221829.10	FANCG	chr9	35073835	35079942	5	5	5
ENSG00000165282.14	PIGO	chr9	35088688	35096601	5	5	5
ENSG00000234181.1	AL353795.2	chr9	35096378	35098141	5	5	5
ENSG00000165283.16	STOML2	chr9	35099776	35103195	5	5	5
ENSG00000005238.20	FAM214B	chr9	35104112	35116341	5	5	5
ENSG00000215198.3	AL353795.1	chr9	35147410	35149184	5	5	5
ENSG00000198722.14	UNC13B	chr9	35161992	35405338	5	5	5
ENSG00000279083.1	AL160274.1	chr9	35360540	35362054	5	5	5
ENSG00000179766.19	ATP8B5P	chr9	35406755	35483035	5	5	5
ENSG00000244213.1	ZFAND6P1	chr9	35449748	35450352	5	5	5
ENSG00000198853.12	RUSC2	chr9	35490111	35561898	5	5	5
ENSG00000287287.1	AL133476.1	chr9	35491133	35491969	5	5	5
ENSG00000235619.1	RPL36AP33	chr9	35507564	35507873	5	5	5
ENSG00000215187.12	FAM166B	chr9	35561831	35563899	5	5	5
ENSG00000227852.1	RPS29P17	chr9	35592786	35592951	5	5	5
ENSG00000288586.1	AL357874.3	chr9	35603437	35605139	5	5	5
ENSG00000107140.16	TESK1	chr9	35605262	35610041	5	5	5
ENSG00000263892.3	MIR4667	chr9	35608094	35608159	5	5	5
ENSG00000137101.13	CD72	chr9	35609979	35646810	5	5	5
ENSG00000231393.1	AL357874.2	chr9	35642514	35643517	5	5	5
ENSG00000227933.1	AL357874.1	chr9	35646270	35647099	5	5	5
ENSG00000137078.9	SIT1	chr9	35649295	35650950	5	5	5
ENSG00000269900.3	RMRP	chr9	35657751	35658018	5	5	5
ENSG00000277027.1	RMRP	chr9	35657754	35658017	5	5	5
ENSG00000159884.12	CCDC107	chr9	35658290	35661511	5	5	5
ENSG00000137135.18	ARHGEF39	chr9	35658875	35675866	5	5	5
ENSG00000243136.3	RN7SL22P	chr9	35671776	35672044	5	5	5
ENSG00000107159.13	CA9	chr9	35673918	35681159	5	5	5
ENSG00000198467.16	TPM2	chr9	35681992	35690056	5	5	5
ENSG00000137076.21	TLN1	chr9	35696948	35732195	5	5	5
ENSG00000284195.1	MIR6852	chr9	35710676	35710741	5	5	5
ENSG00000107175.12	CREB3	chr9	35732598	35736999	5	5	5
ENSG00000273945.1	MIR6853	chr9	35732922	35732995	5	5	5
ENSG00000070610.14	GBA2	chr9	35736866	35749228	5	5	5
ENSG00000107185.10	RGP1	chr9	35749287	35758585	5	5	5
ENSG00000215183.5	MSMP	chr9	35752990	35756613	5	5	5
ENSG00000228843.2	AL133410.2	chr9	35756712	35757940	5	5	5
ENSG00000227388.3	AL133410.1	chr9	35772163	35790432	5	5	5
ENSG00000159899.15	NPR2	chr9	35791591	35809732	5	5	5
ENSG00000137098.14	SPAG8	chr9	35808045	35812272	5	5	5
ENSG00000137133.11	HINT2	chr9	35812960	35815354	5	5	5
ENSG00000285645.1	AL133410.3	chr9	35812960	35828732	5	5	5
ENSG00000137103.20	TMEM8B	chr9	35814451	35865518	5	5	5
ENSG00000204930.10	FAM221B	chr9	35816391	35828747	5	5	5
ENSG00000236083.2	OR13E1P	chr9	35859055	35859980	5	5	5
ENSG00000168828.5	OR13J1	chr9	35869263	35870601	5	5	5
ENSG00000233659.1	NDUFA5P4	chr9	35874810	35875194	5	5	5
ENSG00000196196.3	HRCT1	chr9	35906202	35907136	5	5	5
ENSG00000235387.5	SPAAR	chr9	35909490	35937153	5	5	5
ENSG00000287986.1	AL135841.1	chr9	35922159	35925554	5	5	5
ENSG00000225639.1	PGAM1P2	chr9	35943210	35943934	5	5	5
ENSG00000278889.4	OR2S2	chr9	35957108	35958154	5	5	5
ENSG00000228307.2	OR2S1P	chr9	35962195	36014623	5	5	5
ENSG00000213866.3	YBX1P10	chr9	35971344	35972318	5	5	5
ENSG00000179443.5	OR13C6P	chr9	35991336	35992285	5	5	5
ENSG00000243641.3	OR13C7	chr9	36002909	36003867	5	5	5
ENSG00000236110.1	OR2AM1P	chr9	36021692	36022113	5	5	5
ENSG00000122707.12	RECK	chr9	36036913	36124455	5	5	5
ENSG00000276730.1	AL138834.1	chr9	36072686	36072762	5	5	5
ENSG00000122694.16	GLIPR2	chr9	36136536	36163913	5	5	5
ENSG00000185972.6	CCIN	chr9	36169388	36171334	5	5	5
ENSG00000122705.17	CLTA	chr9	36190856	36304781	5	5	5
ENSG00000159921.19	GNE	chr9	36214441	36277042	5	5	5
ENSG00000222760.1	RNU4-53P	chr9	36267783	36267922	5	5	5
ENSG00000215283.3	HMGB3P24	chr9	36303499	36304924	5	5	5
ENSG00000137075.18	RNF38	chr9	36336396	36487548	5	5	5
ENSG00000165304.8	MELK	chr9	36572862	36677683	5	5	5
ENSG00000288571.1	AL442063.1	chr9	36764896	36777347	5	5	5
ENSG00000287514.2	AL450267.2	chr9	36779475	36830456	5	5	5
ENSG00000266255.1	MIR4475	chr9	36823539	36823599	5	5	5
ENSG00000196092.14	PAX5	chr9	36833269	37034268	5	5	5
ENSG00000258885.1	AL450267.1	chr9	36856555	36861375	5	5	5
ENSG00000264922.1	MIR4540	chr9	36864254	36864308	5	5	5
ENSG00000265368.1	MIR4476	chr9	36893462	36893531	5	5	5
ENSG00000250850.2	AL161781.2	chr9	37002697	37008040	5	5	5
ENSG00000125385.9	AL161781.1	chr9	37046835	37047237	5	5	5
ENSG00000232920.1	LINC01400	chr9	37073531	37075792	5	5	5
ENSG00000260100.1	AL512604.3	chr9	37078813	37079776	5	5	5
ENSG00000281649.2	EBLN3P	chr9	37079645	37090928	5	5	5
ENSG00000233242.3	AL512604.2	chr9	37112548	37120446	5	5	5
ENSG00000147905.18	ZCCHC7	chr9	37120574	37358149	5	5	5
ENSG00000200502.1	Y_RNA	chr9	37160137	37160237	5	5	5
ENSG00000228292.1	AL512604.1	chr9	37205112	37205368	5	5	5
ENSG00000206784.1	Y_RNA	chr9	37322259	37322371	5	5	5
ENSG00000252723.2	RNU6-677P	chr9	37333857	37333957	5	5	5
ENSG00000224648.1	LINC01627	chr9	37383178	37384434	5	5	5
ENSG00000137106.18	GRHPR	chr9	37422666	37436990	5	5	5
ENSG00000236156.2	CHCHD4P3	chr9	37434177	37434586	5	5	5
ENSG00000168795.5	ZBTB5	chr9	37438102	37465450	5	5	5
ENSG00000187988.5	KCTD9P3	chr9	37477149	37478317	5	5	5
ENSG00000137054.16	POLR1E	chr9	37485948	37503697	5	5	5
ENSG00000230188.1	AL158156.1	chr9	37490421	37490893	5	5	5
ENSG00000234160.1	AL513165.1	chr9	37509150	37510299	5	5	5
ENSG00000147912.13	FBXO10	chr9	37510892	37576380	5	5	5
ENSG00000256966.6	AL513165.2	chr9	37512547	37592469	5	5	5
ENSG00000175768.13	TOMM5	chr9	37582646	37592604	5	5	5
ENSG00000255872.3	AL138752.2	chr9	37588413	38068687	5	5	5
ENSG00000233111.1	RAB1C	chr9	37636688	37637293	5	5	5
ENSG00000070601.10	FRMPD1	chr9	37650954	37746904	5	5	5
ENSG00000201287.1	RN7SKP171	chr9	37661747	37662049	5	5	5
ENSG00000165275.10	TRMT10B	chr9	37753803	37778972	5	5	5
ENSG00000107371.14	EXOSC3	chr9	37759234	37832117	5	5	5
ENSG00000122741.16	DCAF10	chr9	37800554	37867666	5	5	5
ENSG00000232454.2	AL138752.1	chr9	37836044	37836394	5	5	5
ENSG00000226055.2	PAICSP1	chr9	37878116	37879493	5	5	5
ENSG00000122696.14	SLC25A51	chr9	37879400	37904353	5	5	5
ENSG00000213839.4	TMX2P1	chr9	37885683	37886390	5	5	5
ENSG00000107338.10	SHB	chr9	37915898	38069227	5	5	5
ENSG00000251745.1	RNU7-124P	chr9	37936707	37936768	5	5	5
ENSG00000200026.1	U8	chr9	38147428	38147561	5	5	5
ENSG00000223716.2	AL135785.1	chr9	38360427	38376430	5	5	5
ENSG00000137124.8	ALDH1B1	chr9	38392702	38398661	5	5	5
ENSG00000137142.5	IGFBPL1	chr9	38406528	38424454	5	5	5
ENSG00000283162.1	AL390726.5	chr9	38433696	38543880	5	5	5
ENSG00000225254.2	ARMC8P1	chr9	38452782	38454070	5	5	5
ENSG00000215165.3	TCEA1P3	chr9	38478471	38479350	5	5	5
ENSG00000229511.1	GAS2L1P1	chr9	38486859	38488338	5	5	5
ENSG00000237487.1	VN1R48P	chr9	38504447	38505482	5	5	5
ENSG00000243085.1	AL390726.1	chr9	38526831	38527032	5	5	5
ENSG00000176007.10	FAM220BP	chr9	38527097	38527912	5	5	5
ENSG00000273036.3	AL390726.4	chr9	38540567	38542792	5	5	5
ENSG00000283486.2	FAM95C	chr9	38540569	38577207	5	5	5
ENSG00000272934.1	AL390726.3	chr9	38542389	38543215	5	5	5
ENSG00000272904.1	AL390726.2	chr9	38542479	38568422	5	5	5
ENSG00000225345.3	SNX18P3	chr9	38566260	38568211	5	5	5
ENSG00000180071.20	ANKRD18A	chr9	38571358	38620596	5	5	5
ENSG00000204860.5	FAM201A	chr9	38620474	38624990	5	5	5
ENSG00000237557.1	YWHABP1	chr9	38643042	38643768	5	5	5
ENSG00000284612.1	AL591543.1	chr9	38650215	38662717	5	5	5
ENSG00000252725.1	RNU6-765P	chr9	38680006	38680104	5	5	5
ENSG00000283329.1	FAM240B	chr9	38694263	38720428	5	5	5
ENSG00000228467.2	AL845311.1	chr9	38804007	38851916	5	5	5
ENSG00000287838.1	AL953883.1	chr9	38949734	38998503	5	5	5
ENSG00000234680.1	VN2R3P	chr9	39016969	39039594	5	5	5
ENSG00000106714.17	CNTNAP3	chr9	39072767	39288315	5	5	5
ENSG00000226625.1	RBM17P1	chr9	39154075	39155479	5	5	5
ENSG00000271454.1	AL353729.2	chr9	39159071	39160319	5	5	5
ENSG00000243695.1	AL353729.1	chr9	39173794	39174513	5	5	5
ENSG00000278825.1	RN7SL640P	chr9	39191100	39191360	5	5	5
ENSG00000204849.10	SPATA31A1	chr9	39355669	39361962	5	5	5
ENSG00000277024.1	BX005214.3	chr9	39359890	39369105	5	5	5
ENSG00000215112.6	FAM74A1	chr9	39371065	39376916	5	5	5
ENSG00000224038.1	BX005214.1	chr9	39384506	39405305	5	5	5
ENSG00000231140.3	BX005214.2	chr9	39395737	39397406	5	5	5
ENSG00000198416.9	ZNF658B	chr9	39443815	39508885	5	5	5
ENSG00000229707.1	SKP1P3	chr9	39485379	39485865	5	5	5
ENSG00000269692.1	FKBP4P2	chr9	39631046	39632416	5	5	5
ENSG00000273994.1	SDR42E1P1	chr9	39651901	39652377	5	5	5
ENSG00000234720.3	ATP5F1AP8	chr9	39654241	39655531	5	5	5
ENSG00000226108.2	RAB28P1	chr9	39734670	39735628	5	5	5
ENSG00000232239.2	RBPJP5	chr9	39739747	39741193	5	5	5
ENSG00000278175.4	GLIDR	chr9	39748514	39810097	5	5	5
ENSG00000229273.1	BX664615.1	chr9	39809562	39810019	5	5	5
ENSG00000204837.5	FGF7P3	chr9	39816542	40106661	5	5	5
ENSG00000283886.3	BX664615.2	chr9	39816599	39874562	5	5	5
ENSG00000277774.1	RN7SL763P	chr9	39886861	39887144	5	5	5
ENSG00000252724.1	SNORA70	chr9	39892446	39892540	5	5	5
ENSG00000232798.1	CR769767.1	chr9	39892550	39892895	5	5	5
ENSG00000284116.1	AL772307.1	chr9	39983793	40106611	5	5	5
ENSG00000184961.5	RPL7AP49	chr9	39983821	39984401	5	5	5
ENSG00000237846.1	AL773545.3	chr9	40105822	40106527	5	5	5
ENSG00000230804.2	CDRT15P14	chr9	40121962	40122540	5	5	5
ENSG00000228136.1	AL773545.1	chr9	40130921	40153147	5	5	5
ENSG00000236966.1	AL773545.2	chr9	40131747	40132218	5	5	5
ENSG00000283211.1	AL773545.4	chr9	40167392	40171329	5	5	5
ENSG00000283246.1	MEP1AP1	chr9	40187792	40193921	5	5	5
ENSG00000183148.7	ANKRD20A2P	chr9	40223285	40266845	5	5	5
ENSG00000240240.9	BX664727.3	chr9	40223402	40329221	5	5	5
ENSG00000212441.1	RNU6-1269P	chr9	40233923	40234029	5	5	5
ENSG00000234812.1	BX664727.2	chr9	40291275	40291502	5	5	5
ENSG00000231390.1	SNX18P8	chr9	40293082	40293955	5	5	5
ENSG00000223839.8	FAM95B1	chr9	40321299	40329221			
ENSG00000224681.1	BX664727.1	chr9	40332995	40333460			
ENSG00000227069.1	CNN2P2	chr9	40346144	40347052			
ENSG00000232433.2	GXYLT1P3	chr9	40348599	40349791			
ENSG00000274157.1	AL591471.1	chr9	40358454	40358682			
ENSG00000278122.1	AQP7P5	chr9	40481558	40497592			
ENSG00000274067.1	FP885919.1	chr9	40481559	40497591			
ENSG00000184906.11	AMYH02020865.1	chr9	40497850	40566779			
ENSG00000276500.1	BMS1P14	chr9	40505399	40566281			
ENSG00000276266.1	FP325318.1	chr9	40611252	40622155			
ENSG00000225380.4	IGKV1OR9-2	chr9	40641841	40642117			
ENSG00000276963.1	AL353626.3	chr9	40755407	40767875	5	5	5
ENSG00000278331.1	RNU6-156P	chr9	40759600	40759706	5	5	5
ENSG00000275390.1	AL353626.1	chr9	40767870	40806344	5	5	5
ENSG00000276868.1	AL353626.2	chr9	40883634	40883763	5	5	5
ENSG00000275377.1	MIR1299	chr9	40929010	40929092	5	5	5
ENSG00000276291.5	FRG1HP	chr9	40992249	41218410	5	5	5
ENSG00000277778.2	PGM5P2	chr9	41006999	41074617	5	5	5
ENSG00000280077.1	AL353763.2	chr9	41012231	41014133	5	5	5
ENSG00000279456.1	AL353763.1	chr9	41061290	41062917	5	5	5
ENSG00000225655.5	BX255923.1	chr9	41073710	41076392	5	5	5
ENSG00000276462.2	BX255923.2	chr9	41100793	41119909	5	5	5
ENSG00000273514.1	FOXD4L6	chr9	41126430	41128463	5	5	5
ENSG00000215126.10	CBWD6	chr9	41131306	41199261	5	5	5
ENSG00000276029.1	MIR4477A	chr9	41233755	41233835	5	5	5
ENSG00000277049.1	RNA5SP530	chr9	41237440	41237557	5	5	5
ENSG00000279561.2	AL845472.1	chr9	41269916	41273997	5	5	5
ENSG00000275450.1	PTGER4P2-CDK2AP2P2	chr9	41276280	41282846	5	5	5
ENSG00000278647.1	CDK2AP2P1	chr9	41280460	41280787	5	5	5
ENSG00000274680.1	MYO5BP1	chr9	41292887	41294125	5	5	5
ENSG00000276502.1	AL354718.2	chr9	41310816	41332962	5	5	5
ENSG00000276832.2	CDRT15P6	chr9	41340823	41355538	5	5	5
ENSG00000275160.1	AL354718.1	chr9	41479960	41480548	5	5	5
ENSG00000277340.1	AL591926.3	chr9	41573156	41573453	5	5	5
ENSG00000276094.1	SNORA70	chr9	41573512	41573606	5	5	5
ENSG00000276562.1	RN7SL565P	chr9	41578903	41579186	5	5	5
ENSG00000288225.1	AL591926.7	chr9	41644438	41644756	5	5	5
ENSG00000278077.1	AL591926.6	chr9	41644771	41644981	5	5	5
ENSG00000278054.1	AL591926.5	chr9	41647825	41648035	5	5	5
ENSG00000276412.2	AL591926.2	chr9	41651658	41654594	5	5	5
ENSG00000275239.4	FAM242F	chr9	41657708	41699072	5	5	5
ENSG00000278028.1	Y_RNA	chr9	41672295	41672406	5	5	5
ENSG00000274688.1	AL591926.1	chr9	41700480	41700696	5	5	5
ENSG00000278001.1	AL591926.4	chr9	41700682	41701096	5	5	5
ENSG00000275297.1	AL162731.1	chr9	41760088	41764175	5	5	5
ENSG00000154529.15	CNTNAP3B	chr9	41890314	42129510	5	5	5
ENSG00000237207.2	RBM17P3	chr9	41974362	41975768	5	5	5
ENSG00000270909.1	CR788268.1	chr9	41979352	41983753	5	5	5
ENSG00000273717.1	RN7SL343P	chr9	42011350	42011610	5	5	5
ENSG00000185775.10	SPATA31A6	chr9	42183659	42189887	5	5	5
ENSG00000239986.2	AL445584.1	chr9	42196333	42196662	5	5	5
ENSG00000277260.1	FAM74A7	chr9	42199000	42204988	5	5	5
ENSG00000276277.1	AL445584.3	chr9	42213841	42213918	5	5	5
ENSG00000275649.1	AL445584.2	chr9	42231811	42354454	5	5	5
ENSG00000268234.1	FKBP4P6	chr9	42384805	42386136	5	5	5
ENSG00000277213.1	SDR42E1P2	chr9	42408526	42409006	5	5	5
ENSG00000234861.2	ATP5F1AP1	chr9	42410830	42412150	5	5	5
ENSG00000227353.1	RAB28P3	chr9	42492663	42493570	5	5	5
ENSG00000227924.2	RBPJP6	chr9	42497704	42499134	5	5	5
ENSG00000237357.2	BX088651.4	chr9	42566679	42569353	5	5	5
ENSG00000212952.6	BX088651.1	chr9	42568865	42569315	5	5	5
ENSG00000229311.1	BX088651.2	chr9	42579414	42586534	5	5	5
ENSG00000204816.5	FGF7P5	chr9	42625436	42626813	5	5	5
ENSG00000230245.2	BX088651.3	chr9	42636788	42637139	5	5	5
ENSG00000216829.6	FGF7P4	chr9	42667506	42668887	5	5	5
ENSG00000233424.2	BX664718.1	chr9	42707800	42714539	5	5	5
ENSG00000287276.1	BX664718.2	chr9	42725013	42802065	5	5	5
ENSG00000204818.4	ADGRF5P2	chr9	42795392	42800672	5	5	5
ENSG00000224537.1	MEP1AP4	chr9	42817105	42823213	5	5	5
ENSG00000236816.3	ANKRD20A7P	chr9	42830337	42950827	5	5	5
ENSG00000286793.1	CR848007.3	chr9	42834116	42838275	5	5	5
ENSG00000238529.1	RNU6-599P	chr9	42863200	42863306	5	5	5
ENSG00000273900.1	CR848007.2	chr9	42921443	42921670	5	5	5
ENSG00000275144.1	SNX18P5	chr9	42923277	42924144	5	5	5
ENSG00000230635.2	CYP4F60P	chr9	42950566	42951630	5	5	5
ENSG00000229079.1	CR848007.1	chr9	42959280	42960066	5	5	5
ENSG00000213816.3	CNN2P4	chr9	42972386	42973289	5	5	5
ENSG00000276128.2	AL591441.1	chr9	42974855	43045120	5	5	5
ENSG00000277737.3	FP325317.1	chr9	43109866	43125905	5	5	5
ENSG00000286506.1	FP325317.2	chr9	43126164	43139867	5	5	5
ENSG00000287800.1	ABBA01045074.2	chr9	43244305	43244508	5	5	5
ENSG00000286916.1	ABBA01045074.1	chr9	43244631	43244987	5	5	5
ENSG00000277598.1	BX088702.1	chr9	60546920	60547154	5	5	5
ENSG00000276581.3	SPATA31A5	chr9	60914407	60920653	5	5	5
ENSG00000275628.2	AL590491.1	chr9	60918581	60927822	5	5	5
ENSG00000274516.2	FAM74A6	chr9	60929774	60936746	5	5	5
ENSG00000276422.2	AL590491.2	chr9	60943311	60964196	5	5	5
ENSG00000278485.1	AL590491.3	chr9	60944555	60944636	5	5	5
ENSG00000283541.1	BX005040.4	chr9	61063752	61113954	5	5	5
ENSG00000276040.4	SPATA31A7	chr9	61190003	61196280	5	5	5
ENSG00000277412.1	BX005040.3	chr9	61194211	61203446	5	5	5
ENSG00000276149.1	BX005040.2	chr9	61202718	61203087	5	5	5
ENSG00000274583.1	FAM74A4	chr9	61205258	61212373	5	5	5
ENSG00000275676.1	BX005040.1	chr9	61229913	61231863	5	5	5
ENSG00000283378.1	CNTNAP3C	chr9	61330717	61453030	5	5	5
ENSG00000276522.1	RN7SL462P	chr9	61427617	61427877	5	5	5
ENSG00000277109.1	AL935212.3	chr9	61581813	61582675	5	5	5
ENSG00000231248.3	FAM242D	chr9	61615835	61627683	5	5	5
ENSG00000238933.1	Y_RNA	chr9	61642383	61642494	5	5	5
ENSG00000204814.5	AL935212.1	chr9	61659733	61662690	5	5	5
ENSG00000231454.2	AL935212.2	chr9	61665579	61666386	5	5	5
ENSG00000273940.1	RN7SL722P	chr9	61789143	61789426	5	5	5
ENSG00000231527.7	FAM27C	chr9	61854148	62096920	5	5	5
ENSG00000204805.9	AL391987.2	chr9	61861625	61863200	5	5	5
ENSG00000170152.5	AL391987.1	chr9	61861848	61862567	5	5	5
ENSG00000235659.1	AL391987.4	chr9	61865755	61866965	5	5	5
ENSG00000223379.1	AL391987.3	chr9	61868727	61887084	5	5	5
ENSG00000238749.1	Y_RNA	chr9	61883640	61883751	5	5	5
ENSG00000229697.2	FAM242E	chr9	61898805	61911022	5	5	5
ENSG00000276845.1	CR769775.1	chr9	61944232	61945136	5	5	5
ENSG00000284471.1	CR769775.2	chr9	61982796	61986934	5	5	5
ENSG00000231995.2	AL590399.4	chr9	62266319	62266919	5	5	5
ENSG00000231212.1	AL590399.3	chr9	62349941	62351536	5	5	5
ENSG00000236450.1	AL590399.6	chr9	62357834	62358140	5	5	5
ENSG00000252133.1	SNORA70	chr9	62358191	62358285	5	5	5
ENSG00000275230.1	RN7SL544P	chr9	62363581	62363864	5	5	5
ENSG00000204802.3	AL590399.1	chr9	62374128	62376836	5	5	5
ENSG00000227449.8	FGF7P6	chr9	62376161	62435199	5	5	5
ENSG00000233651.2	AL590399.5	chr9	62387171	62394004	5	5	5
ENSG00000226429.2	AL590399.2	chr9	62395370	62395678	5	5	5
ENSG00000224603.1	BX664725.1	chr9	62444256	62444634	5	5	5
ENSG00000232827.3	LINC01189	chr9	62452451	62522018	5	5	5
ENSG00000204801.7	FGF7P7	chr9	62474948	62476333	5	5	5
ENSG00000226007.3	BX005266.2	chr9	62532337	62534724	5	5	5
ENSG00000212951.5	BX005266.1	chr9	62532397	62532853	5	5	5
ENSG00000278213.1	CNTNAP3P5	chr9	62559839	62569907	5	5	5
ENSG00000234217.2	RBPJP7	chr9	62601226	62602672	5	5	5
ENSG00000236825.2	RAB28P2	chr9	62606797	62607748	5	5	5
ENSG00000234451.1	BX005266.3	chr9	62609725	62610799	5	5	5
ENSG00000241571.2	ATP5F1AP7	chr9	62686912	62688190	5	5	5
ENSG00000234276.1	SDR42E1P3	chr9	62690033	62690534	5	5	5
ENSG00000235256.1	FKBP4P7	chr9	62710036	62711398	5	5	5
ENSG00000238113.7	LINC01410	chr9	62801461	62813486	5	5	5
ENSG00000287168.1	AL512625.3	chr9	62801534	62802699	5	5	5
ENSG00000202474.1	RNA5SP283	chr9	62802320	62802438	5	5	5
ENSG00000229422.2	AL512625.2	chr9	62837139	62838302	5	5	5
ENSG00000184523.4	PTGER4P2	chr9	62838824	62844276	5	5	5
ENSG00000237451.3	CDK2AP2P2	chr9	62844818	62845184	5	5	5
ENSG00000234665.9	LERFS	chr9	62856999	62898095	5	5	5
ENSG00000238245.2	MYO5BP2	chr9	62857208	62858484	5	5	5
ENSG00000227582.2	ADGRF5P1	chr9	62860873	62864957	5	5	5
ENSG00000219693.3	FGF7P8	chr9	62888535	62889921	5	5	5
ENSG00000170161.7	AL512625.1	chr9	62897368	62900104	5	5	5
ENSG00000273509.1	CNTNAP3P1	chr9	62924911	62934964	5	5	5
ENSG00000244081.1	AL591379.2	chr9	63025597	63025993	5	5	5
ENSG00000198312.4	BMS1P9	chr9	63055641	63059217	5	5	5
ENSG00000182021.10	AL591379.1	chr9	63111255	63127100	5	5	5
ENSG00000176115.9	AQP7P4	chr9	63127359	63143401	5	5	5
ENSG00000237238.3	BMS1P10	chr9	63299453	63385117	5	5	5
ENSG00000186466.5	AQP7P1	chr9	63317067	63333091	5	5	5
ENSG00000228522.2	AL845321.1	chr9	63330326	63343660	5	5	5
ENSG00000233555.2	AL591438.1	chr9	63581254	63581834	5	5	5
ENSG00000234042.1	AL591438.2	chr9	63703065	63703755	5	5	5
ENSG00000268951.1	CDRT15P7	chr9	63719864	63720441	5	5	5
ENSG00000224267.1	AL772155.1	chr9	63728877	63744910	5	5	5
ENSG00000225360.1	AL772155.2	chr9	63729702	63730173	5	5	5
ENSG00000228656.1	MYO5BP3	chr9	63761546	63762824	5	5	5
ENSG00000226020.4	CDK2AP2P3	chr9	63774870	63775241	5	5	5
ENSG00000239684.2	PTGER4P3	chr9	63775892	63776143	5	5	5
ENSG00000225411.3	CR786580.1	chr9	63802144	63814159	5	5	5
ENSG00000207277.1	RNA5SP284	chr9	63813190	63813307	5	5	5
ENSG00000232815.1	DUX4L50	chr9	63817748	63818462	5	5	5
ENSG00000266017.1	MIR4477B	chr9	63819574	63819654	5	5	5
ENSG00000215548.2	FRG1JP	chr9	63832127	63859641	5	5	5
ENSG00000204790.9	AL163540.1	chr9	63974762	64004155	5	5	5
ENSG00000275068.1	U6	chr9	64082429	64082534			
ENSG00000285580.1	CR769776.3	chr9	64343044	64362584	5	5	5
ENSG00000172014.12	ANKRD20A4P	chr9	64369394	64413142	5	5	5
ENSG00000238551.1	RNU6-1193P	chr9	64380194	64380300	5	5	5
ENSG00000224185.1	SNX18P9	chr9	64439346	64440180	5	5	5
ENSG00000229156.1	CR769776.2	chr9	64462819	64463196	5	5	5
ENSG00000224106.1	CYP4F25P	chr9	64465463	64466498	5	5	5
ENSG00000224762.1	CR769776.1	chr9	64473040	64473826	5	5	5
ENSG00000235832.2	CNN2P3	chr9	64486164	64487069	5	5	5
ENSG00000235310.1	GXYLT1P6	chr9	64488600	64489786	5	5	5
ENSG00000277869.1	AL773524.1	chr9	64498517	64498745	5	5	5
ENSG00000181997.8	AQP7P2	chr9	64621560	64637586	5	5	5
ENSG00000176134.5	AL445665.1	chr9	64637845	64652556	5	5	5
ENSG00000225883.2	BMS1P11	chr9	64705734	64709311	5	5	5
ENSG00000235932.2	AL359955.2	chr9	64737403	64737755	5	5	5
ENSG00000156755.10	IGKV1OR-2	chr9	64765054	64765535	5	5	5
ENSG00000271225.1	BNIP3P4	chr9	64810865	64811429	5	5	5
ENSG00000197550.3	AL359955.1	chr9	64817870	64836341	5	5	5
ENSG00000223602.2	AC125634.1	chr9	64878790	64889063	5	5	5
ENSG00000206804.1	RNU6-1293P	chr9	64880369	64880475	5	5	5
ENSG00000287988.1	FO082814.1	chr9	65143058	65153359	5	5	5
ENSG00000224599.1	BMS1P12	chr9	65189995	65193610	5	5	5
ENSG00000236252.2	AL512605.1	chr9	65219987	65230861	5	5	5
ENSG00000267085.1	AL512605.2	chr9	65222522	65222777	5	5	5
ENSG00000204780.5	IGKV1OR9-1	chr9	65250543	65250826	5	5	5
ENSG00000204779.2	FOXD4L5	chr9	65282101	65285209	5	5	5
ENSG00000204778.4	CBWD4P	chr9	65287914	65323015	5	5	5
ENSG00000287329.1	FP326651.1	chr9	65385649	65396372	5	5	5
ENSG00000276723.1	Y_RNA	chr9	65573384	65573495	5	5	5
ENSG00000280286.1	FRG1KP	chr9	65646982	65652679	5	5	5
ENSG00000147996.16	CBWD5	chr9	65668805	65734041	5	5	5
ENSG00000184659.5	FOXD4L4	chr9	65736555	65738784	5	5	5
ENSG00000204776.6	IGKV1OR-3	chr9	65770955	65771434	5	5	5
ENSG00000237904.2	BX284632.2	chr9	65798726	65799124	5	5	5
ENSG00000235893.5	BX284632.1	chr9	65816932	65817472	5	5	5
ENSG00000231701.1	BMS1P13	chr9	65828120	65831696	5	5	5
ENSG00000279955.3	AC129778.1	chr9	65865190	65877274	5	5	5
ENSG00000279688.1	AQP7P3	chr9	65878766	65894790	5	5	5
ENSG00000274893.1	AL136317.2	chr9	66014525	66020816	5	5	5
ENSG00000273668.1	AL136317.1	chr9	66017643	66017868	5	5	5
ENSG00000275026.1	GXYLT1P4	chr9	66022661	66027719	5	5	5
ENSG00000278068.1	AL136317.3	chr9	66029264	66030169	5	5	5
ENSG00000278720.1	AL669942.2	chr9	66042646	66043342	5	5	5
ENSG00000274628.5	AL669942.1	chr9	66047084	66055006	5	5	5
ENSG00000286945.1	AL513478.4	chr9	66047107	66113085	5	5	5
ENSG00000229146.2	SNX18P4	chr9	66082350	66083187	5	5	5
ENSG00000276257.1	AL513478.1	chr9	66084804	66085031	5	5	5
ENSG00000276203.5	ANKRD20A3P	chr9	66106815	66179474	5	5	5
ENSG00000275030.1	RNU6-538P	chr9	66142221	66142327	5	5	5
ENSG00000284611.1	AL513478.2	chr9	66182326	66188451	5	5	5
ENSG00000284658.1	AL513478.3	chr9	66204896	66208833	5	5	5
ENSG00000233765.1	CDRT15P12	chr9	66253424	66254464	5	5	5
ENSG00000274181.1	RBPJP2	chr9	66635754	66637197	5	5	5
ENSG00000276894.1	RAB28P4	chr9	66641314	66642277	5	5	5
ENSG00000277297.1	ATP5F1AP10	chr9	66721158	66722760	5	5	5
ENSG00000273849.1	SDR42E1P4	chr9	66724584	66725064	5	5	5
ENSG00000276457.1	FKBP4P8	chr9	66744561	66745929	5	5	5
ENSG00000274349.4	ZNF658	chr9	66856426	66932141	5	5	5
ENSG00000277490.1	BX664608.1	chr9	66879454	66879940	5	5	5
ENSG00000277350.2	AL353770.4	chr9	66942703	66952344	5	5	5
ENSG00000276039.1	AL353770.2	chr9	66962271	66962348	5	5	5
ENSG00000274355.1	FAM74A3	chr9	66976520	66976991	5	5	5
ENSG00000276348.1	AL353770.3	chr9	66979132	66988373	5	5	5
ENSG00000274820.1	AL353770.1	chr9	66979460	66979862	5	5	5
ENSG00000275969.2	SPATA31A3	chr9	66986304	66992583	5	5	5
ENSG00000276386.1	CNTNAP3P2	chr9	67059560	67293468	5	5	5
ENSG00000274852.1	RN7SL422P	chr9	67175775	67176035	5	5	5
ENSG00000277575.1	AL162233.1	chr9	67203635	67208072	5	5	5
ENSG00000273999.1	RBM17P2	chr9	67211663	67213067	5	5	5
ENSG00000276204.1	BX005195.1	chr9	67328207	67329404	5	5	5
ENSG00000276898.1	BX664730.1	chr9	67512034	67515393	5	5	5
ENSG00000275904.1	Y_RNA	chr9	67697076	67697187	5	5	5
ENSG00000274026.2	FAM27E3	chr9	67717411	67719178	5	5	5
ENSG00000286079.1	AL627230.3	chr9	67718236	67718955	5	5	5
ENSG00000278763.1	FAM27B	chr9	67725690	67725902	5	5	5
ENSG00000275493.2	AL627230.1	chr9	67725914	67726255	5	5	5
ENSG00000274098.1	RN7SL787P	chr9	67791499	67791782	5	5	5
ENSG00000278010.1	SNORA70	chr9	67797087	67797181	5	5	5
ENSG00000277618.1	AL627230.2	chr9	67797221	67797500	5	5	5
ENSG00000260691.6	ANKRD20A1	chr9	67832765	67920552	5	5	5
ENSG00000278551.1	RNU6-368P	chr9	67869947	67870053	5	5	5
ENSG00000226904.1	AL353608.2	chr9	68228651	68229312	5	5	5
ENSG00000196873.16	CBWD3	chr9	68232003	68300035	5	5	5
ENSG00000279706.1	AL353608.4	chr9	68250469	68251656	5	5	5
ENSG00000187559.6	FOXD4L3	chr9	68302867	68305084	5	5	5
ENSG00000234394.8	AL353608.3	chr9	68306528	68330626	5	5	5
ENSG00000225337.1	AL353608.1	chr9	68307393	68308445	5	5	5
ENSG00000154330.13	PGM5	chr9	68328308	68531061	5	5	5
ENSG00000224958.6	PGM5-AS1	chr9	68353614	68357893	5	5	5
ENSG00000233178.7	AL161457.2	chr9	68393881	68406500	5	5	5
ENSG00000229019.1	AL161457.1	chr9	68426843	68429369	5	5	5
ENSG00000181778.5	TMEM252	chr9	68536580	68540883	5	5	5
ENSG00000226337.3	TMEM252-DT	chr9	68541036	68644442	5	5	5
ENSG00000234506.5	LINC01506	chr9	68543541	68546589	5	5	5
ENSG00000224025.2	AL353616.1	chr9	68609125	68611984	5	5	5
ENSG00000107242.20	PIP5K1B	chr9	68705240	69009176	5	5	5
ENSG00000187866.10	FAM122A	chr9	68780065	68785566	5	5	5
ENSG00000236998.2	AL354794.2	chr9	68788307	68789670	5	5	5
ENSG00000236733.1	AL354794.1	chr9	68822403	68843275	5	5	5
ENSG00000207000.1	RNU6-820P	chr9	68935873	68935979	5	5	5
ENSG00000165059.8	PRKACG	chr9	69012504	69014113	5	5	5
ENSG00000285130.2	AL358113.1	chr9	69035747	69255187	5	5	5
ENSG00000165060.15	FXN	chr9	69035751	69079076	5	5	5
ENSG00000270236.1	AL162730.1	chr9	69107926	69108217	5	5	5
ENSG00000119139.21	TJP2	chr9	69121264	69274615	5	5	5
ENSG00000278910.4	BANCR	chr9	69296682	69311111	5	5	5
ENSG00000135063.19	FAM189A2	chr9	69324567	69392558	5	5	5
ENSG00000107282.8	APBA1	chr9	69427532	69672371	5	5	5
ENSG00000243888.1	AL355140.1	chr9	69428248	69428721	5	5	5
ENSG00000229312.2	AL353693.1	chr9	69472466	69494513	5	5	5
ENSG00000261447.1	AL162412.1	chr9	69672749	69673713	5	5	5
ENSG00000188647.13	PTAR1	chr9	69709522	69760011	5	5	5
ENSG00000225626.4	C9orf135-DT	chr9	69818394	69820773	5	5	5
ENSG00000204711.9	C9orf135	chr9	69820817	69906227	5	5	5
ENSG00000241174.3	RN7SL570P	chr9	69884363	69884654	5	5	5
ENSG00000204706.14	MAMDC2-AS1	chr9	70033921	70175888	5	5	5
ENSG00000165072.10	MAMDC2	chr9	70043848	70226972	5	5	5
ENSG00000222465.1	RNU2-5P	chr9	70188571	70188750	5	5	5
ENSG00000268364.2	SMC5-AS1	chr9	70193997	70258866	5	5	5
ENSG00000236801.1	RPL24P8	chr9	70217195	70217668	5	5	5
ENSG00000198887.9	SMC5	chr9	70258978	70354873	5	5	5
ENSG00000274421.1	AL162390.1	chr9	70310875	70312120	5	5	5
ENSG00000239180.1	Y_RNA	chr9	70311607	70311701	5	5	5
ENSG00000119138.4	KLF9	chr9	70384597	70414624	5	5	5
ENSG00000083067.23	TRPM3	chr9	70529060	71446904	5	5	5
ENSG00000272232.2	RN7SL726P	chr9	70579163	70579461	5	5	5
ENSG00000232086.1	AL159990.2	chr9	70708047	70712863	5	5	5
ENSG00000223966.1	AL159990.1	chr9	70726040	70730856	5	5	5
ENSG00000207935.3	MIR204	chr9	70809975	70810084	5	5	5
ENSG00000224437.2	PIGUP1	chr9	70916997	70917501	5	5	5
ENSG00000229814.1	RPL35AP21	chr9	71589601	71589933	5	5	5
ENSG00000135048.14	CEMIP2	chr9	71683366	71816690	5	5	5
ENSG00000271166.1	AL671309.1	chr9	71804283	71804826	5	5	5
ENSG00000107362.14	ABHD17B	chr9	71862452	71911193	5	5	5
ENSG00000200922.1	Y_RNA	chr9	71902455	71902550	5	5	5
ENSG00000155621.15	C9orf85	chr9	71911510	71986054	5	5	5
ENSG00000236060.2	HSPB1P1	chr9	72007881	72008136	5	5	5
ENSG00000204669.11	C9orf57	chr9	72051376	72072721	5	5	5
ENSG00000286823.1	AL583829.1	chr9	72060576	72081448	5	5	5
ENSG00000224820.2	BTF3P4	chr9	72107818	72108312	5	5	5
ENSG00000119125.17	GDA	chr9	72114595	72257193	5	5	5
ENSG00000235523.1	AL135924.2	chr9	72257336	72257783	5	5	5
ENSG00000233933.2	AL135924.1	chr9	72275453	72275973	5	5	5
ENSG00000252428.1	RNA5SP285	chr9	72299720	72299838	5	5	5
ENSG00000225434.3	LINC01504	chr9	72305367	72356721	5	5	5
ENSG00000107372.13	ZFAND5	chr9	72351413	72365235	5	5	5
ENSG00000230003.2	AL445646.1	chr9	72445754	72445969	5	5	5
ENSG00000225947.1	AL596448.1	chr9	72470374	72471076	5	5	5
ENSG00000165091.18	TMC1	chr9	72521608	72838297	5	5	5
ENSG00000236862.1	RPS20P24	chr9	72655832	72656192	5	5	5
ENSG00000229753.1	RPS27AP15	chr9	72741152	72741617	5	5	5
ENSG00000236849.6	LINC01474	chr9	72871130	72874135	5	5	5
ENSG00000165092.13	ALDH1A1	chr9	72900671	73080442	5	5	5
ENSG00000228024.1	CYP1D1P	chr9	73042745	73056528	5	5	5
ENSG00000135046.14	ANXA1	chr9	73151865	73170393	5	5	5
ENSG00000221844.2	DPP3P2	chr9	73474378	73476073	5	5	5
ENSG00000286840.1	AL451127.2	chr9	73509664	73548331	5	5	5
ENSG00000232590.1	AL451127.1	chr9	73573615	73579498	5	5	5
ENSG00000236701.3	AL512594.1	chr9	73648828	73649839	5	5	5
ENSG00000212454.1	RNA5SP286	chr9	73750972	73751077	5	5	5
ENSG00000223368.2	AL513124.1	chr9	73870896	73873297	5	5	5
ENSG00000227809.2	AL355674.1	chr9	74371335	74384578	5	5	5
ENSG00000224825.2	RORB-AS1	chr9	74485551	74499127	5	5	5
ENSG00000198963.11	RORB	chr9	74497335	74693177	5	5	5
ENSG00000286944.1	AL137018.1	chr9	74630794	74641758	5	5	5
ENSG00000119121.22	TRPM6	chr9	74722495	74888094	5	5	5
ENSG00000202217.1	RN7SKP47	chr9	74799895	74800222	5	5	5
ENSG00000270954.1	RPSAP75	chr9	74804473	74804773	5	5	5
ENSG00000252758.1	RNU6-445P	chr9	74857675	74857781	5	5	5
ENSG00000224297.2	AL158825.1	chr9	74935176	74935696	5	5	5
ENSG00000135045.7	C9orf40	chr9	74946583	74952912	5	5	5
ENSG00000203321.2	CARNMT1-AS1	chr9	74952968	74996293	5	5	5
ENSG00000156017.13	CARNMT1	chr9	74980790	75028423	5	5	5
ENSG00000229587.2	AL158825.2	chr9	75009828	75016036	5	5	5
ENSG00000278040.1	AL158825.3	chr9	75016681	75016848	5	5	5
ENSG00000106733.21	NMRK1	chr9	75060573	75088217	5	5	5
ENSG00000134996.12	OSTF1	chr9	75088514	75147265	5	5	5
ENSG00000200041.1	Y_RNA	chr9	75181520	75181621	5	5	5
ENSG00000212316.1	RNU6-1228P	chr9	75198071	75198177	5	5	5
ENSG00000235707.2	AL158073.1	chr9	75401889	75402992	5	5	5
ENSG00000236376.1	AL353780.1	chr9	75579669	75588548	5	5	5
ENSG00000234644.2	OTX2P1	chr9	75724222	75724575	5	5	5
ENSG00000099139.14	PCSK5	chr9	75890644	76362975	5	5	5
ENSG00000231137.1	RBM22P5	chr9	76286494	76288081	5	5	5
ENSG00000135002.12	RFK	chr9	76385526	76394517	5	5	5
ENSG00000234618.1	RPSAP9	chr9	76398699	76399586	5	5	5
ENSG00000187210.14	GCNT1	chr9	76419850	76651203	5	5	5
ENSG00000233814.1	H3P32	chr9	76419934	76420631	5	5	5
ENSG00000219149.4	PPIAP87	chr9	76549282	76549771	5	5	5
ENSG00000106772.18	PRUNE2	chr9	76611376	76906114	5	5	5
ENSG00000225937.3	PCA3	chr9	76691980	76863307	5	5	5
ENSG00000274326.1	AL359314.1	chr9	76779657	76779917	5	5	5
ENSG00000277320.1	AL390239.1	chr9	76785782	76786190	5	5	5
ENSG00000286332.1	AL353637.2	chr9	76915615	76919785	5	5	5
ENSG00000230335.1	DNAJB5P1	chr9	76931261	76932066	5	5	5
ENSG00000236604.1	LYPLA2P3	chr9	76970322	76971028	5	5	5
ENSG00000229857.1	AL353637.1	chr9	76992099	76993108	5	5	5
ENSG00000204612.1	FOXB2	chr9	77019655	77020953	5	5	5
ENSG00000232851.3	ATP5MFP3	chr9	77040416	77040673	5	5	5
ENSG00000233526.1	RFC5P1	chr9	77072100	77073295	5	5	5
ENSG00000232998.3	VPS13A-AS1	chr9	77176760	77178180	5	5	5
ENSG00000197969.14	VPS13A	chr9	77177445	77421537	5	5	5
ENSG00000156049.7	GNA14	chr9	77423079	77648322	5	5	5
ENSG00000231373.1	GNA14-AS1	chr9	77456295	77526697	5	5	5
ENSG00000228248.1	NUTF2P3	chr9	77580245	77580628	5	5	5
ENSG00000201711.1	RNU6-1303P	chr9	77635203	77635309	5	5	5
ENSG00000156052.11	GNAQ	chr9	77716097	78031811	5	5	5
ENSG00000233457.1	AL353705.2	chr9	78150532	78151193	5	5	5
ENSG00000222452.1	RN7SKP59	chr9	78165465	78165778	5	5	5
ENSG00000233947.1	ASS1P3	chr9	78178263	78179512	5	5	5
ENSG00000228781.1	AL353705.1	chr9	78180214	78180693	5	5	5
ENSG00000234819.1	AL353705.3	chr9	78219120	78219357	5	5	5
ENSG00000148019.14	CEP78	chr9	78236062	78279690	5	5	5
ENSG00000135069.14	PSAT1	chr9	78297125	78330093	5	5	5
ENSG00000270627.1	AL592221.1	chr9	78589158	78589539	5	5	5
ENSG00000237257.1	MTND2P8	chr9	78741720	78742744	5	5	5
ENSG00000226234.2	KRT18P24	chr9	79036413	79037568	5	5	5
ENSG00000260995.3	AL512634.1	chr9	79135374	79198314	5	5	5
ENSG00000186940.6	CHCHD2P9	chr9	79391304	79391759	5	5	5
ENSG00000233086.8	LNCARSR	chr9	79505804	79567802	5	5	5
ENSG00000106829.20	TLE4	chr9	79571773	79726882	5	5	5
ENSG00000270691.1	AL161912.3	chr9	79850871	79851498	5	5	5
ENSG00000238002.3	NPAP1P6	chr9	79863019	79866875	5	5	5
ENSG00000232494.1	AL161912.1	chr9	79874696	79886678	5	5	5
ENSG00000260564.1	AL161912.2	chr9	79889001	79892007	5	5	5
ENSG00000279715.1	AL161912.4	chr9	79913269	79915736	5	5	5
ENSG00000280366.1	AL161782.1	chr9	79975023	79990064	5	5	5
ENSG00000230945.1	LINC01507	chr9	80030579	80034555	5	5	5
ENSG00000236521.1	NPAP1P4	chr9	80357029	80360338	5	5	5
ENSG00000232981.1	MTCO1P51	chr9	80563571	80564630	5	5	5
ENSG00000225901.1	MTND2P9	chr9	80565032	80565962	5	5	5
ENSG00000234637.1	RPS19P6	chr9	80782338	80782770	5	5	5
ENSG00000226798.1	AL138749.1	chr9	80869758	80871295	5	5	5
ENSG00000228375.1	RPS20P25	chr9	81410279	81410630	5	5	5
ENSG00000237072.1	AL161727.1	chr9	81488308	81488837	5	5	5
ENSG00000196781.16	TLE1	chr9	81583683	81689547	5	5	5
ENSG00000233926.1	AL591368.1	chr9	81689713	81776900	5	5	5
ENSG00000207206.1	RNU6-1035P	chr9	81725243	81725349	5	5	5
ENSG00000252167.1	RNA5SP287	chr9	81885496	81885598	5	5	5
ENSG00000200969.1	AL158154.1	chr9	81888918	81888985	5	5	5
ENSG00000240632.6	SPATA31D5P	chr9	81913437	81919926	5	5	5
ENSG00000230846.1	AL158154.2	chr9	81928021	81931368	5	5	5
ENSG00000189357.8	SPATA31D4	chr9	81928514	81934948	5	5	5
ENSG00000267559.5	AL158154.3	chr9	81930226	81977089	5	5	5
ENSG00000186788.13	SPATA31D3	chr9	81943586	81950038	5	5	5
ENSG00000237770.2	SPATA31D2P	chr9	81966564	81972130	5	5	5
ENSG00000228430.9	AL162726.3	chr9	81977614	82780194	5	5	5
ENSG00000214929.4	SPATA31D1	chr9	81988772	81995253	5	5	5
ENSG00000231649.3	SPATA31B1P	chr9	82057647	82063682	5	5	5
ENSG00000230360.1	DDX10P2	chr9	82086155	82088768	5	5	5
ENSG00000235377.1	AL158047.1	chr9	82130752	82131632	5	5	5
ENSG00000225085.1	AL162726.1	chr9	82405188	82406239	5	5	5
ENSG00000228046.2	MTCO3P40	chr9	82427350	82428025	5	5	5
ENSG00000228123.4	AL162726.2	chr9	82431889	82432905	5	5	5
ENSG00000232749.2	AL162726.4	chr9	82451656	82455225	5	5	5
ENSG00000278988.1	AL356490.1	chr9	82543718	82544196	5	5	5
ENSG00000286612.1	AL353774.1	chr9	82612552	82646584	5	5	5
ENSG00000233309.1	RPS6P12	chr9	82744067	82744792	5	5	5
ENSG00000165105.10	RASEF	chr9	82979590	83063177	5	5	5
ENSG00000286451.1	AL499602.1	chr9	83063398	83069143	5	5	5
ENSG00000251776.1	RN7SKP242	chr9	83200940	83201228	5	5	5
ENSG00000273806.1	AL137847.3	chr9	83201957	83202065	5	5	5
ENSG00000229109.2	AL137847.1	chr9	83219288	83238463	5	5	5
ENSG00000172159.16	FRMD3	chr9	83242990	83538546	5	5	5
ENSG00000237529.2	AL137847.2	chr9	83272280	83279499	5	5	5
ENSG00000251752.1	RNU4-29P	chr9	83275941	83276114	5	5	5
ENSG00000199483.1	RNU4-15P	chr9	83596444	83596584	5	5	5
ENSG00000148057.16	IDNK	chr9	83623049	83644130	5	5	5
ENSG00000135018.14	UBQLN1	chr9	83659968	83707958	5	5	5
ENSG00000254473.1	AL354920.1	chr9	83707594	83713378	5	5	5
ENSG00000165113.13	GKAP1	chr9	83739425	83829516	5	5	5
ENSG00000226877.9	AL354733.1	chr9	83817643	83837861	5	5	5
ENSG00000231616.9	AL354733.2	chr9	83831586	83868532	5	5	5
ENSG00000165115.15	KIF27	chr9	83834099	83921465	5	5	5
ENSG00000165118.15	C9orf64	chr9	83938311	83956986	5	5	5
ENSG00000165119.21	HNRNPK	chr9	83968083	83980616	5	5	5
ENSG00000284179.1	MIR7-1	chr9	83969748	83969857	5	5	5
ENSG00000235298.1	AL354733.3	chr9	83972233	83975777	5	5	5
ENSG00000178966.17	RMI1	chr9	83980798	84004074	5	5	5
ENSG00000202523.1	Y_RNA	chr9	83992932	83993033	5	5	5
ENSG00000227463.3	AL390838.1	chr9	84059298	84098984	5	5	5
ENSG00000270166.1	AL390838.2	chr9	84078584	84078857	5	5	5
ENSG00000197506.8	SLC28A3	chr9	84275457	84340758	5	5	5
ENSG00000233262.1	AL356134.1	chr9	84278219	84290131	5	5	5
ENSG00000285987.1	AL157886.1	chr9	84316514	84657077	5	5	5
ENSG00000228095.3	AL354692.1	chr9	84604111	84604425	5	5	5
ENSG00000148053.17	NTRK2	chr9	84668551	85027054	5	5	5
ENSG00000226590.1	UBE2V1P10	chr9	85159682	85159950	5	5	5
ENSG00000285556.1	AL354897.1	chr9	85167346	85194283	5	5	5
ENSG00000287930.1	AL354897.2	chr9	85230176	85233966	5	5	5
ENSG00000285634.2	AL583827.1	chr9	85369591	85444230	5	5	5
ENSG00000227412.1	STK33P1	chr9	85492579	85494094	5	5	5
ENSG00000135049.16	AGTPBP1	chr9	85546539	85742029	5	5	5
ENSG00000234424.2	AL353743.4	chr9	85753306	85786575	5	5	5
ENSG00000229454.1	AL157882.1	chr9	85756042	85765112	5	5	5
ENSG00000230303.6	AL353743.2	chr9	85783668	85805154	5	5	5
ENSG00000165121.11	AL353743.1	chr9	85805359	85849542	5	5	5
ENSG00000213711.3	PHBP7	chr9	85898903	85899716	5	5	5
ENSG00000231741.2	AL353743.3	chr9	85934588	85936599	5	5	5
ENSG00000135040.16	NAA35	chr9	85941146	86025462	5	5	5
ENSG00000135052.16	GOLM1	chr9	86026146	86100173	5	5	5
ENSG00000287333.1	AL161447.2	chr9	86127507	86128703	5	5	5
ENSG00000233713.2	AL161447.1	chr9	86132622	86132851	5	5	5
ENSG00000187753.13	C9orf153	chr9	86220265	86259657	5	5	5
ENSG00000270688.1	AL137849.1	chr9	86228815	86228983	5	5	5
ENSG00000223012.1	RN7SKP264	chr9	86258358	86258646	5	5	5
ENSG00000135070.15	ISCA1	chr9	86264546	86283102	5	5	5
ENSG00000083223.18	TUT7	chr9	86287733	86354454	5	5	5
ENSG00000214908.3	AL353678.1	chr9	86374966	86375706	5	5	5
ENSG00000235819.2	AL158828.1	chr9	86414201	86488607	5	5	5
ENSG00000222293.1	RNU2-36P	chr9	86422938	86423128	5	5	5
ENSG00000232211.1	AL353613.1	chr9	86632147	86696496	5	5	5
ENSG00000285686.1	LINC02834	chr9	86669349	86708307	5	5	5
ENSG00000288575.1	AL159996.1	chr9	86751297	86758347	5	5	5
ENSG00000180447.7	GAS1	chr9	86944362	86947506	5	5	5
ENSG00000226237.2	GAS1RR	chr9	86948666	87002033	5	5	5
ENSG00000269994.3	AL513318.1	chr9	87008440	87042419	5	5	5
ENSG00000231007.5	CDC20P1	chr9	87011652	87013151	5	5	5
ENSG00000224887.1	NFYCP2	chr9	87084161	87085151	5	5	5
ENSG00000204446.4	LINC02872	chr9	87148644	87159556	5	5	5
ENSG00000212421.1	AL136367.1	chr9	87260450	87260585	5	5	5
ENSG00000228373.2	AL353752.1	chr9	87423634	87423893	5	5	5
ENSG00000286842.1	AL353752.2	chr9	87436215	87445795	5	5	5
ENSG00000196730.13	DAPK1	chr9	87497228	87708634	5	5	5
ENSG00000219928.2	AL161787.1	chr9	87525302	87525475	5	5	5
ENSG00000236709.1	DAPK1-IT1	chr9	87553454	87554459	5	5	5
ENSG00000135047.16	CTSL	chr9	87724051	87731469	5	5	5
ENSG00000237747.1	AL160279.1	chr9	87741233	87741953	5	5	5
ENSG00000188029.8	CTSL3P	chr9	87772453	87786884	5	5	5
ENSG00000276478.1	AL772337.4	chr9	87799501	87821803	5	5	5
ENSG00000237743.3	FBP2P1	chr9	87810642	87837225	5	5	5
ENSG00000232743.2	ELF2P3	chr9	87816465	87817970	5	5	5
ENSG00000277357.1	NPAP1P7	chr9	87825146	87825968	5	5	5
ENSG00000234575.2	CTSLP8	chr9	87844154	87847314	5	5	5
ENSG00000233884.2	AL772337.2	chr9	87848113	87853526	5	5	5
ENSG00000214888.3	AL772337.1	chr9	87857015	87859599	5	5	5
ENSG00000234460.2	AL772337.3	chr9	87864096	87866291	5	5	5
ENSG00000177992.10	SPATA31E1	chr9	87882877	87888903	5	5	5
ENSG00000230246.7	SPATA31C1	chr9	87914493	87923505	5	5	5
ENSG00000238110.1	AL353572.2	chr9	87944276	87945023	5	5	5
ENSG00000283205.1	AL353572.3	chr9	87956214	87956883	5	5	5
ENSG00000156345.18	CDK20	chr9	87966441	87974753	5	5	5
ENSG00000271923.1	RNU6-86P	chr9	87998229	87998335	5	5	5
ENSG00000217716.3	RPS10P3	chr9	88016300	88016793	5	5	5
ENSG00000287750.1	AL353572.4	chr9	88066445	88076975	5	5	5
ENSG00000225385.3	AL353572.1	chr9	88066915	88068037	5	5	5
ENSG00000177910.8	SPATA31C2	chr9	88129305	88138446	5	5	5
ENSG00000276535.1	AL353726.1	chr9	88144851	88145850	5	5	5
ENSG00000279154.1	AL353726.2	chr9	88177695	88178578	5	5	5
ENSG00000204429.4	AL451142.1	chr9	88180673	88181447	5	5	5
ENSG00000229288.1	AL451142.2	chr9	88187735	88190202	5	5	5
ENSG00000226327.3	RPSAP49	chr9	88324454	88325339	5	5	5
ENSG00000287769.1	AL353748.3	chr9	88384902	88389224	5	5	5
ENSG00000106723.17	SPIN1	chr9	88388430	88478694	5	5	5
ENSG00000275017.1	AL353748.2	chr9	88391362	88391832	5	5	5
ENSG00000227638.2	HNRNPA1P14	chr9	88410529	88411463	5	5	5
ENSG00000231804.1	AL353748.1	chr9	88484852	88485325	5	5	5
ENSG00000130045.16	NXNL2	chr9	88534033	88584274	5	5	5
ENSG00000228189.5	LINC02843	chr9	88627063	88652180	5	5	5
ENSG00000286414.1	AL390791.1	chr9	88735041	88803716	5	5	5
ENSG00000265873.1	MIR4289	chr9	88745836	88745905	5	5	5
ENSG00000225856.2	PCNPP2	chr9	88970887	88971341	5	5	5
ENSG00000228658.1	AL772202.1	chr9	88971638	88976298	5	5	5
ENSG00000213694.6	S1PR3	chr9	88990863	89005155	5	5	5
ENSG00000148082.10	SHC3	chr9	89005771	89178818	5	5	5
ENSG00000224945.1	AL353150.1	chr9	89088604	89109934	5	5	5
ENSG00000123975.5	CKS2	chr9	89311195	89316703	5	5	5
ENSG00000265112.1	MIR3153	chr9	89312225	89312306	5	5	5
ENSG00000187742.15	SECISBP2	chr9	89318500	89359663	5	5	5
ENSG00000187764.11	SEMA4D	chr9	89360787	89498130	5	5	5
ENSG00000231799.2	PA2G4P6	chr9	89449558	89450754	5	5	5
ENSG00000225460.1	AL590233.1	chr9	89472237	89472692	5	5	5
ENSG00000285907.1	AL161910.1	chr9	89563537	89604687	5	5	5
ENSG00000130222.11	GADD45G	chr9	89605012	89606555	5	5	5
ENSG00000237372.4	UNQ6494	chr9	89639814	89719759	5	5	5
ENSG00000236507.2	BX470209.2	chr9	89797880	89803100	5	5	5
ENSG00000226206.1	BX470209.1	chr9	89799695	89821753	5	5	5
ENSG00000237626.2	AL161629.1	chr9	89825964	90019549	5	5	5
ENSG00000227555.1	MIR4290HG	chr9	90020654	90041499	5	5	5
ENSG00000263967.1	MIR4290	chr9	90023441	90023535	5	5	5
ENSG00000234910.2	IL6RP1	chr9	90081297	90082569	5	5	5
ENSG00000278382.1	AL161629.2	chr9	90108244	90108518	5	5	5
ENSG00000279503.1	AL353649.1	chr9	90158028	90158646	5	5	5
ENSG00000185074.7	OR7E31P	chr9	90216039	90216924	5	5	5
ENSG00000225072.1	OR7E116P	chr9	90232185	90233141	5	5	5
ENSG00000231107.2	LINC01508	chr9	90300885	90433566	5	5	5
ENSG00000229613.2	LINC01501	chr9	90462899	90583821	5	5	5
ENSG00000165023.7	DIRAS2	chr9	90609832	90642862	5	5	5
ENSG00000236316.2	OR7E109P	chr9	90742526	90743380	5	5	5
ENSG00000270432.1	OR7E108P	chr9	90751240	90752230	5	5	5
ENSG00000165025.15	SYK	chr9	90801787	90898549	5	5	5
ENSG00000287212.1	AL162585.1	chr9	90921990	90922856	5	5	5
ENSG00000228216.1	AL355607.1	chr9	90957260	90965393	5	5	5
ENSG00000260454.2	AL355607.2	chr9	90996949	91001901	5	5	5
ENSG00000237422.2	AL158071.3	chr9	91077138	91163087	5	5	5
ENSG00000230537.2	AL158071.2	chr9	91104327	91213046	5	5	5
ENSG00000229694.7	LINC00484	chr9	91118592	91182762	5	5	5
ENSG00000235641.5	LINC00484	chr9	91159573	91166272	5	5	5
ENSG00000230147.2	AL158071.1	chr9	91169585	91170045	5	5	5
ENSG00000273381.1	AL158071.4	chr9	91206175	91210299	5	5	5
ENSG00000148090.12	AUH	chr9	91213815	91361918	5	5	5
ENSG00000165030.4	NFIL3	chr9	91409045	91423832	5	5	5
ENSG00000233081.1	AL353764.1	chr9	91426238	91427144	5	5	5
ENSG00000169071.15	ROR2	chr9	91563091	91950228	5	5	5
ENSG00000228595.1	PAICSP2	chr9	91611343	91612492	5	5	5
ENSG00000266855.1	MIR3910-1	chr9	91636251	91636361	5	5	5
ENSG00000283351.1	MIR3910-2	chr9	91636264	91636345	5	5	5
ENSG00000090054.15	SPTLC1	chr9	92000087	92115413	5	5	5
ENSG00000227399.1	AL391219.1	chr9	92006062	92006544	5	5	5
ENSG00000237306.1	HSPE1P22	chr9	92027498	92027824	5	5	5
ENSG00000275756.1	AL354751.3	chr9	92104425	92105451	5	5	5
ENSG00000232179.1	MTATP6P29	chr9	92108858	92108989	5	5	5
ENSG00000228069.1	MTCO3P29	chr9	92109013	92110095	5	5	5
ENSG00000238288.1	MTND3P23	chr9	92110168	92110514	5	5	5
ENSG00000240791.1	MTND4LP7	chr9	92110575	92110868	5	5	5
ENSG00000227321.2	MTND4P15	chr9	92110865	92111897	5	5	5
ENSG00000234537.1	AL354751.1	chr9	92132398	92138629	5	5	5
ENSG00000225511.7	LINC00475	chr9	92141298	92160114	5	5	5
ENSG00000236717.2	AL354751.2	chr9	92150382	92157445	5	5	5
ENSG00000224809.2	BEND3P2	chr9	92171241	92173494	5	5	5
ENSG00000276717.2	PRSS47	chr9	92177235	92191156	5	5	5
ENSG00000236115.1	AL136097.2	chr9	92205356	92210158	5	5	5
ENSG00000196305.18	IARS1	chr9	92210207	92293756	5	5	5
ENSG00000281156.1	MIR3651	chr9	92292458	92292547	5	5	5
ENSG00000239183.1	SNORA84	chr9	92292461	92292593	5	5	5
ENSG00000198000.12	NOL8	chr9	92297358	92325636	5	5	5
ENSG00000188312.14	CENPP	chr9	92325953	92620529	5	5	5
ENSG00000229530.1	AL136097.1	chr9	92339658	92341663	5	5	5
ENSG00000106809.11	OGN	chr9	92383268	92404696	5	5	5
ENSG00000127083.7	OMD	chr9	92414245	92424461	5	5	5
ENSG00000106819.13	ASPN	chr9	92456205	92482506	5	5	5
ENSG00000106823.12	ECM2	chr9	92493554	92536655	5	5	5
ENSG00000264158.1	MIR4670	chr9	92527984	92528058	5	5	5
ENSG00000225551.1	AL157827.1	chr9	92539053	92539184	5	5	5
ENSG00000285650.1	AL157827.2	chr9	92600094	92612368	5	5	5
ENSG00000127080.10	IPPK	chr9	92613183	92670131	5	5	5
ENSG00000213669.2	AL137074.1	chr9	92676943	92677407	5	5	5
ENSG00000185963.14	BICD2	chr9	92711363	92764833	5	5	5
ENSG00000288062.1	AL136981.3	chr9	92805431	92809171	5	5	5
ENSG00000288271.1	AL136981.4	chr9	92809388	92888693	5	5	5
ENSG00000187984.13	ANKRD19P	chr9	92809568	92838457	5	5	5
ENSG00000252772.1	RNU6-714P	chr9	92820977	92821079	5	5	5
ENSG00000226721.2	EEF1DP2	chr9	92836826	92837668	5	5	5
ENSG00000275318.1	AL136981.2	chr9	92840955	92841688	5	5	5
ENSG00000127081.14	ZNF484	chr9	92844182	92878038	5	5	5
ENSG00000226668.5	AL136981.1	chr9	92882567	92899608	5	5	5
ENSG00000232843.2	SNX18P2	chr9	92893698	92894505	5	5	5
ENSG00000188101.5	ALOX15P2	chr9	92913156	92921560	5	5	5
ENSG00000127084.19	FGD3	chr9	92947523	93036236	5	5	5
ENSG00000157303.11	SUSD3	chr9	93058688	93085133	5	5	5
ENSG00000223446.2	AL451065.1	chr9	93091460	93095546	5	5	5
ENSG00000165233.18	CARD19	chr9	93096217	93113283	5	5	5
ENSG00000131669.10	NINJ1	chr9	93121496	93134251	5	5	5
ENSG00000203364.2	AL390760.1	chr9	93147040	93148556	5	5	5
ENSG00000165238.16	WNK2	chr9	93184916	93320572	5	5	5
ENSG00000204352.4	C9orf129	chr9	93318199	93346414	5	5	5
ENSG00000200570.1	RNU6-829P	chr9	93375556	93375667	5	5	5
ENSG00000201074.1	Y_RNA	chr9	93417855	93417966	5	5	5
ENSG00000237385.1	AL583839.1	chr9	93430342	93431299	5	5	5
ENSG00000188938.17	FAM120AOS	chr9	93431441	93453581	5	5	5
ENSG00000048828.17	FAM120A	chr9	93451685	93566112	5	5	5
ENSG00000197724.11	PHF2	chr9	93576584	93679587	5	5	5
ENSG00000283146.1	MIR548AU	chr9	93594841	93594894	5	5	5
ENSG00000231990.2	AL442224.1	chr9	93808347	93858340	5	5	5
ENSG00000265347.1	MIR4291	chr9	93819357	93819421	5	5	5
ENSG00000131668.14	BARX1	chr9	93951627	93955355	5	5	5
ENSG00000235601.1	BARX1-DT	chr9	93955597	93959140	5	5	5
ENSG00000158079.16	PTPDC1	chr9	94030794	94109856	5	5	5
ENSG00000227666.1	CYCSP24	chr9	94038030	94038345	5	5	5
ENSG00000286834.1	AL360020.1	chr9	94116023	94145693	5	5	5
ENSG00000286203.1	AL158152.1	chr9	94147966	94157219	5	5	5
ENSG00000269929.3	MIRLET7A1HG	chr9	94166258	94200902	5	5	5
ENSG00000199165.3	MIRLET7A1	chr9	94175957	94176036	5	5	5
ENSG00000199072.3	MIRLET7F1	chr9	94176347	94176433	5	5	5
ENSG00000230262.8	LINC02603	chr9	94176492	94259545	5	5	5
ENSG00000199133.3	MIRLET7D	chr9	94178834	94178920	5	5	5
ENSG00000175787.17	ZNF169	chr9	94259298	94301829	5	5	5
ENSG00000237679.2	VDAC1P11	chr9	94287699	94288550	5	5	5
ENSG00000130950.14	NUTM2F	chr9	94318196	94328644	5	5	5
ENSG00000232063.2	AL691447.2	chr9	94332459	94363013	5	5	5
ENSG00000224815.3	AL691447.1	chr9	94338347	94338733	5	5	5
ENSG00000282886.1	PTMAP12	chr9	94347234	94347563	5	5	5
ENSG00000148110.16	MFSD14B	chr9	94374569	94461042	5	5	5
ENSG00000278486.1	YRDCP1	chr9	94432631	94433273	5	5	5
ENSG00000286850.1	AL358232.2	chr9	94485445	94511614	5	5	5
ENSG00000224245.1	AL358232.1	chr9	94496275	94512879	5	5	5
ENSG00000202445.1	RNU6-669P	chr9	94507738	94507844	5	5	5
ENSG00000231806.3	PCAT7	chr9	94555054	94603990	5	5	5
ENSG00000130957.5	FBP2	chr9	94558720	94593824	5	5	5
ENSG00000165140.11	FBP1	chr9	94603133	94640249	5	5	5
ENSG00000288023.1	AL157936.1	chr9	94725871	94726575	5	5	5
ENSG00000148120.17	AOPEP	chr9	94726604	95087159	5	5	5
ENSG00000252153.1	MIR2278	chr9	94809962	94810057	5	5	5
ENSG00000230815.1	AL807757.1	chr9	94824272	94824773	5	5	5
ENSG00000236095.1	AL807757.2	chr9	94900429	94904754	5	5	5
ENSG00000224764.1	AL353768.1	chr9	94928551	94934946	5	5	5
ENSG00000285807.1	AL353768.2	chr9	94964369	94965624	5	5	5
ENSG00000274115.1	MIR6081	chr9	95065350	95065446	5	5	5
ENSG00000207563.1	MIR23B	chr9	95085208	95085304	5	5	5
ENSG00000207864.3	MIR27B	chr9	95085445	95085541	5	5	5
ENSG00000207617.4	MIR3074	chr9	95086014	95086094	5	5	5
ENSG00000284459.1	MIR24-1	chr9	95086021	95086088	5	5	5
ENSG00000158169.13	FANCC	chr9	95099054	95426796	5	5	5
ENSG00000229065.1	AL354893.2	chr9	95113708	95114461	5	5	5
ENSG00000223849.1	AL354893.1	chr9	95123521	95123868	5	5	5
ENSG00000251884.1	RNA5SP288	chr9	95142449	95142541	5	5	5
ENSG00000230221.2	AL157384.1	chr9	95292338	95294810	5	5	5
ENSG00000271384.1	AL161729.3	chr9	95406990	95407662	5	5	5
ENSG00000213761.4	MT1P1	chr9	95413267	95413449	5	5	5
ENSG00000185920.16	PTCH1	chr9	95442980	95517057	5	5	5
ENSG00000271314.1	AL161729.2	chr9	95494924	95495379	5	5	5
ENSG00000271155.1	AL161729.1	chr9	95506235	95507636	5	5	5
ENSG00000271659.1	AL161729.4	chr9	95514045	95514520	5	5	5
ENSG00000229345.2	AL392185.1	chr9	95599438	95606326	5	5	5
ENSG00000228142.2	AL354861.2	chr9	95650154	95715718	5	5	5
ENSG00000227358.1	AL354861.1	chr9	95652912	95653266	5	5	5
ENSG00000175611.12	LINC00476	chr9	95759231	95876049	5	5	5
ENSG00000268926.3	AL354861.3	chr9	95772323	95776282	5	5	5
ENSG00000252847.1	RNU2-46P	chr9	95859904	95860016	5	5	5
ENSG00000182150.18	ERCC6L2	chr9	95871264	96121154	5	5	5
ENSG00000199202.1	RNA5SP289	chr9	95905005	95905141	5	5	5
ENSG00000237631.2	AL161454.1	chr9	95918136	95918704	5	5	5
ENSG00000225194.3	LINC00092	chr9	96019724	96027993	5	5	5
ENSG00000237212.2	AL449403.1	chr9	96065740	96101912	5	5	5
ENSG00000201938.1	Y_RNA	chr9	96103079	96103174	5	5	5
ENSG00000275465.7	AL449403.2	chr9	96105741	96116411	5	5	5
ENSG00000287187.1	AL449403.3	chr9	96129869	96132214	5	5	5
ENSG00000224546.2	EIF4BP3	chr9	96146007	96147856	5	5	5
ENSG00000130948.10	HSD17B3	chr9	96235306	96302176	5	5	5
ENSG00000285269.2	AL160269.1	chr9	96235331	96352058	5	5	5
ENSG00000232283.1	HSD17B3-AS1	chr9	96246462	96250393	5	5	5
ENSG00000207276.1	RNU6-1160P	chr9	96256216	96256319	5	5	5
ENSG00000130958.13	SLC35D2	chr9	96313444	96383711	5	5	5
ENSG00000165244.7	ZNF367	chr9	96385941	96418370	5	5	5
ENSG00000238251.2	NSA2P7	chr9	96407284	96407797	5	5	5
ENSG00000286835.1	AL133477.1	chr9	96416724	96417377	5	5	5
ENSG00000287302.1	AL133477.2	chr9	96419722	96421129	5	5	5
ENSG00000130956.14	HABP4	chr9	96450169	96491336	5	5	5
ENSG00000081377.17	CDC14B	chr9	96490241	96619843	5	5	5
ENSG00000158122.12	PRXL2C	chr9	96639577	96655317	5	5	5
ENSG00000224848.2	AL589843.1	chr9	96687050	96774318	5	5	5
ENSG00000233820.2	AL589843.2	chr9	96725890	96727469	5	5	5
ENSG00000081386.12	ZNF510	chr9	96755865	96778129	5	5	5
ENSG00000196597.13	ZNF782	chr9	96816269	96875623	5	5	5
ENSG00000196312.15	MFSD14C	chr9	96887373	97013708	5	5	5
ENSG00000269907.1	PTMAP11	chr9	96910076	96910405	5	5	5
ENSG00000227257.1	AL158827.1	chr9	96918928	96919318	5	5	5
ENSG00000188152.13	NUTM2G	chr9	96928310	96940253	5	5	5
ENSG00000236745.2	YRDCP2	chr9	96954820	96955461	5	5	5
ENSG00000136943.11	CTSV	chr9	97029677	97039643	5	5	5
ENSG00000197214.5	TCEA1P1	chr9	97067749	97068628	5	5	5
ENSG00000228376.3	GAS2L1P2	chr9	97075671	97081945	5	5	5
ENSG00000228038.1	VN1R51P	chr9	97093694	97094638	5	5	5
ENSG00000213612.3	FAM220CP	chr9	97121659	97122489	5	5	5
ENSG00000277103.1	AL445670.1	chr9	97151894	97152694	5	5	5
ENSG00000159712.10	ANKRD18CP	chr9	97156570	97221235	5	5	5
ENSG00000252721.1	RNU6-798P	chr9	97192923	97193025	5	5	5
ENSG00000242375.1	AL590705.3	chr9	97195351	97197687	5	5	5
ENSG00000188801.9	ZNF322P1	chr9	97198303	97199511	5	5	5
ENSG00000203279.4	AL590705.1	chr9	97200475	97238745	5	5	5
ENSG00000235494.2	AL590705.2	chr9	97222602	97235017	5	5	5
ENSG00000254876.5	SUGT1P4-STRA6LP	chr9	97238449	97297314	5	5	5
ENSG00000255036.6	STRA6LP	chr9	97238497	97377287	5	5	5
ENSG00000254483.1	SUGT1P4	chr9	97238645	97246184	5	5	5
ENSG00000254633.2	AL512590.2	chr9	97276569	97295765	5	5	5
ENSG00000197816.16	CCDC180	chr9	97307304	97378751	5	5	5
ENSG00000221269.1	MIR1302-8	chr9	97363554	97363681	5	5	5
ENSG00000228957.1	AL512590.1	chr9	97386240	97396112	5	5	5
ENSG00000286375.1	AL512590.3	chr9	97403709	97411908	5	5	5
ENSG00000196116.8	TDRD7	chr9	97412096	97496125	5	5	5
ENSG00000136842.14	TMOD1	chr9	97501180	97601743	5	5	5
ENSG00000228174.7	AL162385.1	chr9	97512706	97517836	5	5	5
ENSG00000136925.15	TSTD2	chr9	97600080	97633368	5	5	5
ENSG00000136937.13	NCBP1	chr9	97633668	97673748	5	5	5
ENSG00000231521.1	AL162385.2	chr9	97634515	97636051	5	5	5
ENSG00000136936.11	XPA	chr9	97674909	97697340	5	5	5
ENSG00000214417.4	KRT18P13	chr9	97698922	97700734	5	5	5
ENSG00000236130.2	PTCSC2	chr9	97699625	97853080	5	5	5
ENSG00000260677.1	AL445531.1	chr9	97743208	97744935	5	5	5
ENSG00000178919.9	FOXE1	chr9	97853226	97856717	5	5	5
ENSG00000136932.14	TRMO	chr9	97904489	97922516	5	5	5
ENSG00000201830.1	Y_RNA	chr9	97915690	97915796	5	5	5
ENSG00000287070.1	AL499604.1	chr9	97921590	97922181	5	5	5
ENSG00000136929.13	HEMGN	chr9	97926791	97944856	5	5	5
ENSG00000136938.9	ANP32B	chr9	97983341	98015943	5	5	5
ENSG00000236896.1	AL354726.1	chr9	97986551	97987656	5	5	5
ENSG00000212521.1	RNU6-918P	chr9	98032230	98032335	5	5	5
ENSG00000095380.11	NANS	chr9	98056732	98083077	5	5	5
ENSG00000106785.15	TRIM14	chr9	98069275	98119222	5	5	5
ENSG00000274011.1	Metazoa_SRP	chr9	98115885	98116135	5	5	5
ENSG00000106789.13	CORO2A	chr9	98120975	98192637	5	5	5
ENSG00000095383.20	TBC1D2	chr9	98199011	98255649	5	5	5
ENSG00000278412.1	MIR6854	chr9	98229149	98229217	5	5	5
ENSG00000224001.2	AL360081.1	chr9	98234709	98235567	5	5	5
ENSG00000136928.7	GABBR2	chr9	98288109	98708935	5	5	5
ENSG00000229897.2	SEPTIN7P7	chr9	98606833	98608133	5	5	5
ENSG00000165138.18	ANKS6	chr9	98731329	98796965	5	5	5
ENSG00000285706.1	AL807776.1	chr9	98798466	98807564	5	5	5
ENSG00000119514.7	GALNT12	chr9	98807670	98850081	5	5	5
ENSG00000267026.5	AL136084.1	chr9	98847172	98872415	5	5	5
ENSG00000229338.1	NME2P3	chr9	98890590	98891937	5	5	5
ENSG00000204291.11	COL15A1	chr9	98943179	99070792	5	5	5
ENSG00000270412.1	AL136084.2	chr9	98943337	98943775	5	5	5
ENSG00000106799.13	TGFBR1	chr9	99104038	99154192	5	5	5
ENSG00000252942.1	RNA5SP290	chr9	99145840	99145966	5	5	5
ENSG00000227269.1	AL162427.1	chr9	99183373	99184891	5	5	5
ENSG00000240235.3	RN7SL794P	chr9	99185587	99185866	5	5	5
ENSG00000119523.10	ALG2	chr9	99216425	99221942	5	5	5
ENSG00000106803.10	SEC61B	chr9	99222064	99230615	5	5	5
ENSG00000222337.1	RN7SKP225	chr9	99284022	99284373	5	5	5
ENSG00000255815.3	KRT8P11	chr9	99305176	99306611	5	5	5
ENSG00000271086.7	NAMA	chr9	99355337	99377240	5	5	5
ENSG00000277828.1	AL137067.2	chr9	99357827	99357957	5	5	5
ENSG00000287955.1	AL137067.3	chr9	99359336	99371887	5	5	5
ENSG00000277465.1	AL137067.1	chr9	99368447	99368566	5	5	5
ENSG00000237461.2	AL359710.1	chr9	99396987	99819921	5	5	5
ENSG00000255145.3	STX17-AS1	chr9	99397024	99906605	5	5	5
ENSG00000234860.2	AL162394.1	chr9	99531507	99583301	5	5	5
ENSG00000119508.18	NR4A3	chr9	99821855	99866891	5	5	5
ENSG00000136874.11	STX17	chr9	99906654	99974534	5	5	5
ENSG00000254571.1	AL358937.1	chr9	99915077	99929896	5	5	5
ENSG00000023318.8	ERP44	chr9	99979185	100099000	5	5	5
ENSG00000234709.2	UPF3AP3	chr9	99998301	99999069	5	5	5
ENSG00000119509.13	INVS	chr9	100099243	100302175	5	5	5
ENSG00000239908.3	RN7SL75P	chr9	100102559	100102839	5	5	5
ENSG00000238172.2	RPS2P35	chr9	100116755	100117651	5	5	5
ENSG00000270995.1	AL137072.1	chr9	100120435	100120900	5	5	5
ENSG00000231697.3	NANOGP5	chr9	100175178	100176054	5	5	5
ENSG00000136891.14	TEX10	chr9	100302077	100352942	5	5	5
ENSG00000066697.15	MSANTD3	chr9	100427143	100451734	5	5	5
ENSG00000251349.3	MSANTD3-TMEFF1	chr9	100442271	100577636	5	5	5
ENSG00000241697.5	TMEFF1	chr9	100473149	100577636	5	5	5
ENSG00000170681.7	CAVIN4	chr9	100578079	100588389	5	5	5
ENSG00000200966.1	RN7SKP87	chr9	100581079	100581379	5	5	5
ENSG00000237999.2	ACTG1P19	chr9	100731240	100732355	5	5	5
ENSG00000230161.1	AL162395.1	chr9	100912320	100912741	5	5	5
ENSG00000229541.2	GAPDHP26	chr9	100975668	100976682	5	5	5
ENSG00000148123.15	PLPPR1	chr9	101028727	101325135	5	5	5
ENSG00000238143.1	AL161631.1	chr9	101125436	101125921	5	5	5
ENSG00000253041.1	AL359893.2	chr9	101322477	101322533	5	5	5
ENSG00000227411.1	ACNATP	chr9	101334084	101339347	5	5	5
ENSG00000136881.12	BAAT	chr9	101354182	101385400	5	5	5
ENSG00000236763.2	TRMT112P4	chr9	101356466	101356844	5	5	5
ENSG00000230328.2	AL359893.1	chr9	101358932	101361242	5	5	5
ENSG00000234502.2	FYTTD1P1	chr9	101375344	101376603	5	5	5
ENSG00000136897.8	MRPL50	chr9	101387633	101398618	5	5	5
ENSG00000136870.10	ZNF189	chr9	101398873	101410660	5	5	5
ENSG00000136872.20	ALDOB	chr9	101420560	101449664	5	5	5
ENSG00000270982.1	AL353621.2	chr9	101449801	101449933	5	5	5
ENSG00000225376.6	TMEM246-AS1	chr9	101468349	101482199	5	5	5
ENSG00000165152.9	PGAP4	chr9	101473170	101533537	5	5	5
ENSG00000233055.1	AL353621.1	chr9	101501643	101501885	5	5	5
ENSG00000155827.12	RNF20	chr9	101533853	101563344	5	5	5
ENSG00000198785.7	GRIN3A	chr9	101569352	101738647	5	5	5
ENSG00000188386.8	PPP3R2	chr9	101591604	101595021	5	5	5
ENSG00000230302.2	MTND3P4	chr9	101793454	101793756	5	5	5
ENSG00000230418.2	ARL2BPP7	chr9	102055252	102055741	5	5	5
ENSG00000238882.1	RNU6-329P	chr9	102256604	102256710	5	5	5
ENSG00000286243.1	AL442644.2	chr9	102444586	102444819	5	5	5
ENSG00000235901.2	AL442644.1	chr9	102515204	102518308	5	5	5
ENSG00000204250.3	LINC00587	chr9	102519636	102657514	5	5	5
ENSG00000232242.2	ZYG11AP1	chr9	102611162	102612155	5	5	5
ENSG00000234269.2	AL365396.1	chr9	102922574	102923244	5	5	5
ENSG00000155833.15	CYLC2	chr9	102995311	103018488	5	5	5
ENSG00000229830.1	AL589823.1	chr9	103065416	103065598	5	5	5
ENSG00000225564.6	LINC01492	chr9	103140523	103325034	5	5	5
ENSG00000226566.2	AL390962.1	chr9	103361952	103429892	5	5	5
ENSG00000253031.1	RNA5SP291	chr9	103689473	103689577	5	5	5
ENSG00000285483.1	AL590381.1	chr9	103999755	104000469	5	5	5
ENSG00000270332.2	SMC2-AS1	chr9	104080024	104093073	5	5	5
ENSG00000136824.19	SMC2	chr9	104094260	104141419	5	5	5
ENSG00000242111.1	TOPORSLP	chr9	104270228	104286955	5	5	5
ENSG00000203396.3	AL512646.1	chr9	104328320	104329396	5	5	5
ENSG00000186881.3	OR13F1	chr9	104504263	104505222	5	5	5
ENSG00000283001.2	AL450426.1	chr9	104519847	104537194	5	5	5
ENSG00000148136.5	OR13C4	chr9	104526253	104527209	5	5	5
ENSG00000204246.3	OR13C3	chr9	104535749	104536856	5	5	5
ENSG00000186943.1	OR13C8	chr9	104569168	104570130	5	5	5
ENSG00000237443.1	OR13D2P	chr9	104590044	104590950	5	5	5
ENSG00000277556.1	OR13C5	chr9	104598457	104599413	5	5	5
ENSG00000276119.1	OR13C2	chr9	104604671	104605627	5	5	5
ENSG00000136839.1	OR13C9	chr9	104617248	104618204	5	5	5
ENSG00000273423.1	OR13I1P	chr9	104629754	104631017	5	5	5
ENSG00000235248.3	OR13C1P	chr9	104655363	104659055	5	5	5
ENSG00000179055.7	OR13D1	chr9	104694379	104695485	5	5	5
ENSG00000188712.4	OR13D3P	chr9	104722335	104723271	5	5	5
ENSG00000136783.10	NIPSNAP3A	chr9	104747683	104760120	5	5	5
ENSG00000165028.12	NIPSNAP3B	chr9	104764129	104777764	5	5	5
ENSG00000165029.17	ABCA1	chr9	104781006	104928155	5	5	5
ENSG00000226334.1	AL359182.1	chr9	104927553	104928892	5	5	5
ENSG00000230013.2	CT70	chr9	104970593	104991818	5	5	5
ENSG00000286536.1	AL591506.1	chr9	105025932	105239221	5	5	5
ENSG00000201583.1	RN7SKP191	chr9	105096756	105097061	5	5	5
ENSG00000070214.16	SLC44A1	chr9	105244622	105439171	5	5	5
ENSG00000106701.13	FSD1L	chr9	105447796	105552433	5	5	5
ENSG00000229419.1	RALGAPA1P1	chr9	105520128	105526359	5	5	5
ENSG00000228317.2	AL158070.1	chr9	105554035	105558304	5	5	5
ENSG00000106692.15	FKTN	chr9	105558122	105653820	5	5	5
ENSG00000279609.1	AL158070.2	chr9	105656369	105657989	5	5	5
ENSG00000186051.7	TAL2	chr9	105662457	105663124	5	5	5
ENSG00000095209.12	TMEM38B	chr9	105694541	105776629	5	5	5
ENSG00000228366.1	AL592437.1	chr9	105710290	105710781	5	5	5
ENSG00000232486.1	DEPDC1P2	chr9	105758164	105760755	5	5	5
ENSG00000228948.2	SLC25A6P5	chr9	105849710	105851425	5	5	5
ENSG00000234323.8	LINC01505	chr9	105993310	106740875	5	5	5
ENSG00000225002.2	AL732323.1	chr9	106061354	106064825	5	5	5
ENSG00000229297.1	AL451140.1	chr9	106584142	106591952	5	5	5
ENSG00000277889.1	MIR8081	chr9	106600928	106601022	5	5	5
ENSG00000237062.2	AL512649.2	chr9	106615078	106615983	5	5	5
ENSG00000200131.1	RN7SKP77	chr9	106679977	106680329	5	5	5
ENSG00000228143.2	AL512649.1	chr9	106722350	106722930	5	5	5
ENSG00000212276.1	RNA5SP292	chr9	106843749	106843866	5	5	5
ENSG00000148143.13	ZNF462	chr9	106863166	107013634	5	5	5
ENSG00000230782.1	AL807761.4	chr9	106974833	107102988	5	5	5
ENSG00000231562.1	AL512593.1	chr9	106978776	106979554	5	5	5
ENSG00000223615.2	AL807761.1	chr9	107115784	107115954	5	5	5
ENSG00000225531.1	AL807761.2	chr9	107116829	107117557	5	5	5
ENSG00000226047.1	AL807761.3	chr9	107117459	107121705	5	5	5
ENSG00000226535.1	AL445487.1	chr9	107169569	107171148	5	5	5
ENSG00000119318.13	RAD23B	chr9	107283137	107332192	5	5	5
ENSG00000226825.2	LINC01509	chr9	107420191	107466613	5	5	5
ENSG00000287233.1	AL359552.1	chr9	107426405	107428742	5	5	5
ENSG00000213558.3	HMGN2P32	chr9	107458038	107458306	5	5	5
ENSG00000199905.1	RNU6-492P	chr9	107475036	107475139	5	5	5
ENSG00000136826.15	KLF4	chr9	107484852	107490482	5	5	5
ENSG00000236005.1	AL389915.1	chr9	107534390	107535162	5	5	5
ENSG00000227350.1	PPIAP88	chr9	107543151	107543616	5	5	5
ENSG00000202308.1	RNU6-996P	chr9	107663140	107663246	5	5	5
ENSG00000222558.1	RNU6-1064P	chr9	107797744	107797847	5	5	5
ENSG00000244104.3	RN7SL659P	chr9	107811616	107811914	5	5	5
ENSG00000231293.1	RPL36AP6	chr9	107834509	107834829	5	5	5
ENSG00000233727.1	AL162389.1	chr9	107853783	107854258	5	5	5
ENSG00000222459.1	RNA5SP293	chr9	107918866	107918978	5	5	5
ENSG00000236783.1	RPS15AP27	chr9	107963703	107964045	5	5	5
ENSG00000213557.4	AC068050.1	chr9	108040213	108040592	5	5	5
ENSG00000237360.2	CHCHD4P2	chr9	108097432	108097851	5	5	5
ENSG00000230030.1	AL353742.1	chr9	108252154	108254820	5	5	5
ENSG00000169253.3	AL669983.1	chr9	108626833	108627150	5	5	5
ENSG00000231678.2	AL358779.1	chr9	108701370	108703092	5	5	5
ENSG00000231810.1	RPL36AP35	chr9	108821697	108822004	5	5	5
ENSG00000213556.3	AL359692.1	chr9	108836333	108836597	5	5	5
ENSG00000148156.8	ACTL7B	chr9	108854588	108855986	5	5	5
ENSG00000187003.7	ACTL7A	chr9	108862266	108863756	5	5	5
ENSG00000070061.16	ELP1	chr9	108866898	108934328	5	5	5
ENSG00000119328.12	ABITRAM	chr9	108934400	108950744	5	5	5
ENSG00000119326.15	CTNNAL1	chr9	108942569	109013522	5	5	5
ENSG00000106771.13	TMEM245	chr9	109015135	109119947	5	5	5
ENSG00000199331.1	Y_RNA	chr9	109042386	109042487	5	5	5
ENSG00000207698.1	MIR32	chr9	109046229	109046298	5	5	5
ENSG00000260230.5	FRRS1L	chr9	109130293	109167249	5	5	5
ENSG00000095203.14	EPB41L4B	chr9	109171975	109320964	5	5	5
ENSG00000200106.1	RNU6-984P	chr9	109196201	109196309	5	5	5
ENSG00000237124.1	MTND2P11	chr9	109300186	109301172	5	5	5
ENSG00000207329.1	Y_RNA	chr9	109324685	109324796	5	5	5
ENSG00000070159.14	PTPN3	chr9	109375466	109498313	5	5	5
ENSG00000157654.19	PALM2AKAP2	chr9	109498325	110172512	5	5	5
ENSG00000263861.1	MIR3927	chr9	109511475	109511545	5	5	5
ENSG00000213539.4	YBX1P6	chr9	109532830	109534332	5	5	5
ENSG00000232939.1	AL158829.1	chr9	109760360	109772043	5	5	5
ENSG00000228053.1	AL158823.1	chr9	110024881	110025358	5	5	5
ENSG00000188959.9	C9orf152	chr9	110190048	110208189	5	5	5
ENSG00000136810.13	TXN	chr9	110243810	110256507	5	5	5
ENSG00000204193.11	TXNDC8	chr9	110303476	110337884	5	5	5
ENSG00000165124.18	SVEP1	chr9	110365248	110579880	5	5	5
ENSG00000206658.1	RNU6-1039P	chr9	110369592	110369698	5	5	5
ENSG00000232896.1	AL592463.1	chr9	110599475	110605219	5	5	5
ENSG00000030304.14	MUSK	chr9	110668779	110806558	5	5	5
ENSG00000223918.1	AL513328.1	chr9	110727456	110727679	5	5	5
ENSG00000198121.13	LPAR1	chr9	110873263	111038458	5	5	5
ENSG00000206923.1	RNU6-432P	chr9	110903337	110903445	5	5	5
ENSG00000207401.1	Y_RNA	chr9	110934406	110934507	5	5	5
ENSG00000212409.1	RNY4P18	chr9	111097325	111097413	5	5	5
ENSG00000227531.1	AL162414.1	chr9	111139246	111284836	5	5	5
ENSG00000274263.1	MIR7702	chr9	111271156	111271214	5	5	5
ENSG00000171133.3	OR2K2	chr9	111327483	111330183	5	5	5
ENSG00000136813.14	ECPAS	chr9	111360692	111484745	5	5	5
ENSG00000223238.1	RNA5SP294	chr9	111411644	111411742	5	5	5
ENSG00000173258.13	ZNF483	chr9	111525159	111577844	5	5	5
ENSG00000106853.20	PTGR1	chr9	111549722	111599893	5	5	5
ENSG00000224644.1	AL135787.1	chr9	111574192	111575427	5	5	5
ENSG00000204173.11	LRRC37A5P	chr9	111602831	111631289	5	5	5
ENSG00000059769.20	DNAJC25	chr9	111631334	111654351	5	5	5
ENSG00000244115.1	DNAJC25-GNG10	chr9	111631386	111670229	5	5	5
ENSG00000242616.4	GNG10	chr9	111661605	111670226	5	5	5
ENSG00000165181.16	SHOC1	chr9	111686173	111795008	5	5	5
ENSG00000224067.2	AL354877.1	chr9	111802980	111803435	5	5	5
ENSG00000206907.1	RNU6-1013P	chr9	111839828	111839934	5	5	5
ENSG00000148154.10	UGCG	chr9	111896814	111935369	5	5	5
ENSG00000266315.1	MIR4668	chr9	111932100	111932169	5	5	5
ENSG00000222356.1	RNU6-710P	chr9	111996635	111996739	5	5	5
ENSG00000259953.2	AL138756.1	chr9	112028570	112039143	5	5	5
ENSG00000106868.17	SUSD1	chr9	112040783	112175297	5	5	5
ENSG00000222327.1	RNU6-855P	chr9	112137797	112137900	5	5	5
ENSG00000200261.1	Y_RNA	chr9	112169286	112169397	5	5	5
ENSG00000225513.1	AL158824.1	chr9	112173522	112173971	5	5	5
ENSG00000119314.16	PTBP3	chr9	112217716	112333664	5	5	5
ENSG00000242256.3	RN7SL57P	chr9	112242550	112242839	5	5	5
ENSG00000199525.1	RNA5SP295	chr9	112252258	112252378	5	5	5
ENSG00000243911.3	RN7SL430P	chr9	112272596	112272837	5	5	5
ENSG00000230081.2	HSPE1P28	chr9	112280978	112281335	5	5	5
ENSG00000213529.3	AL359073.1	chr9	112362714	112363116	5	5	5
ENSG00000119471.15	HSDL2	chr9	112380080	112472405	5	5	5
ENSG00000230185.5	C9orf147	chr9	112399512	112487204	5	5	5
ENSG00000165185.15	KIAA1958	chr9	112486827	112669397	5	5	5
ENSG00000250068.1	AL445187.1	chr9	112581779	112582590	5	5	5
ENSG00000148153.14	INIP	chr9	112683926	112718149	5	5	5
ENSG00000226609.2	AL390067.1	chr9	112748902	112750565	5	5	5
ENSG00000148158.17	SNX30	chr9	112750760	112881671	5	5	5
ENSG00000119457.8	SLC46A2	chr9	112878920	112890876	5	5	5
ENSG00000271631.1	AL139041.1	chr9	112885158	112885767	5	5	5
ENSG00000228623.6	ZNF883	chr9	112957722	113012227	5	5	5
ENSG00000237906.1	MUPP	chr9	112959134	112962261	5	5	5
ENSG00000285447.1	ZNF883	chr9	112997120	113050043	5	5	5
ENSG00000136866.14	ZFP37	chr9	113038377	113056759	5	5	5
ENSG00000285115.1	AL162588.1	chr9	113060086	113060507	5	5	5
ENSG00000284763.1	AL449105.1	chr9	113065535	113065956	5	5	5
ENSG00000284962.1	AL449105.3	chr9	113070983	113071404	5	5	5
ENSG00000285076.1	AL449105.4	chr9	113076429	113076850	5	5	5
ENSG00000284867.1	AL449105.2	chr9	113081871	113082292	5	5	5
ENSG00000285370.1	AL449105.5	chr9	113087317	113087738	5	5	5
ENSG00000225684.4	FAM225B	chr9	113102117	113111543	5	5	5
ENSG00000231528.3	FAM225A	chr9	113113042	113119928	5	5	5
ENSG00000136867.11	SLC31A2	chr9	113150976	113164140	5	5	5
ENSG00000119321.9	FKBP15	chr9	113161006	113221318	5	5	5
ENSG00000136868.11	SLC31A1	chr9	113221544	113264492	5	5	5
ENSG00000176386.9	CDC26	chr9	113255835	113275572	5	5	5
ENSG00000136875.13	PRPF4	chr9	113275642	113294009	5	5	5
ENSG00000165188.13	RNF183	chr9	113297093	113303376	5	5	5
ENSG00000148225.16	WDR31	chr9	113313222	113340298	5	5	5
ENSG00000119411.11	BSPRY	chr9	113349541	113371233	5	5	5
ENSG00000119431.9	HDHD3	chr9	113373419	113376999	5	5	5
ENSG00000148218.16	ALAD	chr9	113386312	113401290	5	5	5
ENSG00000148229.13	POLE3	chr9	113407235	113410675	5	5	5
ENSG00000157653.12	C9orf43	chr9	113410054	113429690	5	5	5
ENSG00000138835.22	RGS3	chr9	113444731	113597743	5	5	5
ENSG00000237073.1	AL162727.2	chr9	113570190	113590019	5	5	5
ENSG00000282897.1	AL162727.3	chr9	113614589	113617375	5	5	5
ENSG00000233817.1	AL162727.1	chr9	113619228	113622634	5	5	5
ENSG00000227482.1	AL157702.2	chr9	113650956	113682855	5	5	5
ENSG00000214669.3	AL157702.1	chr9	113758994	113759419	5	5	5
ENSG00000232905.2	AL162393.1	chr9	113850687	113851632	5	5	5
ENSG00000157657.14	ZNF618	chr9	113876282	114056591	5	5	5
ENSG00000106927.12	AMBP	chr9	114060127	114078328	5	5	5
ENSG00000136883.14	KIF12	chr9	114086126	114099291	5	5	5
ENSG00000196739.15	COL27A1	chr9	114155537	114312511	5	5	5
ENSG00000207726.3	MIR455	chr9	114209434	114209529	5	5	5
ENSG00000229314.5	ORM1	chr9	114323056	114326475	5	5	5
ENSG00000228278.5	ORM2	chr9	114329869	114333251	5	5	5
ENSG00000106948.17	AKNA	chr9	114334156	114394405	5	5	5
ENSG00000235119.1	AL138895.1	chr9	114396724	114398503	5	5	5
ENSG00000095397.16	WHRN	chr9	114402080	114505473	5	5	5
ENSG00000271214.1	AL138895.2	chr9	114491564	114491741	5	5	5
ENSG00000235797.2	AL160275.2	chr9	114572901	114573371	5	5	5
ENSG00000136888.8	ATP6V1G1	chr9	114587706	114598915	5	5	5
ENSG00000157693.15	TMEM268	chr9	114611206	114646422	5	5	5
ENSG00000201749.1	Y_RNA	chr9	114615455	114615568	5	5	5
ENSG00000230054.3	TEX53	chr9	114656304	114662374	5	5	5
ENSG00000230601.7	TEX48	chr9	114666434	114682192	5	5	5
ENSG00000230284.1	AL160275.1	chr9	114695922	114696315	5	5	5
ENSG00000274919.1	AL390240.1	chr9	114774737	114775120	5	5	5
ENSG00000181634.8	TNFSF15	chr9	114784652	114806039	5	5	5
ENSG00000229817.1	AL133412.1	chr9	114845594	114848585	5	5	5
ENSG00000173077.16	DELEC1	chr9	114850968	115402644	5	5	5
ENSG00000106952.7	TNFSF8	chr9	114893343	114930595	5	5	5
ENSG00000041982.16	TNC	chr9	115019575	115118257	5	5	5
ENSG00000236461.1	AL162425.1	chr9	115119539	115138409	5	5	5
ENSG00000234692.1	AL355601.1	chr9	115252538	115254251	5	5	5
ENSG00000228714.4	AL691420.1	chr9	115324932	115744330	5	5	5
ENSG00000274755.1	U2	chr9	115734392	115734491	5	5	5
ENSG00000204148.3	LINC00474	chr9	115888169	115925207	5	5	5
ENSG00000228707.1	AL691426.1	chr9	116012361	116012965	5	5	5
ENSG00000182752.10	PAPPA	chr9	116153791	116402321	5	5	5
ENSG00000226604.2	PAPPA-AS2	chr9	116285829	116288769	5	5	5
ENSG00000244757.1	AL137024.1	chr9	116288618	116318689	5	5	5
ENSG00000256040.2	PAPPA-AS1	chr9	116398157	116400606	5	5	5
ENSG00000148219.17	ASTN2	chr9	116425225	117415070	5	5	5
ENSG00000229105.1	ASTN2-AS1	chr9	116504283	116562293	5	5	5
ENSG00000230894.2	AL133284.1	chr9	116567636	116586328	5	5	5
ENSG00000119401.11	TRIM32	chr9	116687305	116701300	5	5	5
ENSG00000285820.1	AL157829.1	chr9	116838144	116877264	5	5	5
ENSG00000230734.1	RPL10P3	chr9	117180628	117181095	5	5	5
ENSG00000207268.1	SNORA70C	chr9	117181066	117181200	5	5	5
ENSG00000201140.1	RN7SKP128	chr9	117197118	117197420	5	5	5
ENSG00000222413.1	RN7SKP125	chr9	117276985	117277286	5	5	5
ENSG00000233516.1	AL445644.1	chr9	117462294	117466260	5	5	5
ENSG00000233569.2	AL161630.1	chr9	117643151	117657032	5	5	5
ENSG00000235133.1	RPL35AP22	chr9	117685254	117685588	5	5	5
ENSG00000285082.2	AL160272.2	chr9	117704157	118072314	5	5	5
ENSG00000136869.16	TLR4	chr9	117704175	117724735	5	5	5
ENSG00000201444.1	RNU6-1082P	chr9	117707996	117708102	5	5	5
ENSG00000284977.2	AL160272.1	chr9	117759455	117879988	5	5	5
ENSG00000231901.1	AL354754.1	chr9	117840322	117897256	5	5	5
ENSG00000234782.3	TPT1P9	chr9	118082869	118083382	5	5	5
ENSG00000225050.2	AL355592.1	chr9	118687752	118732772	5	5	5
ENSG00000235201.1	LINC02578	chr9	118740563	118745312	5	5	5
ENSG00000231166.2	TUBB4BP6	chr9	118763867	118764345	5	5	5
ENSG00000078725.13	BRINP1	chr9	119153458	119369435	5	5	5
ENSG00000260970.1	AC006288.1	chr9	119495375	119524125	5	5	5
ENSG00000261432.1	LINC01613	chr9	119935053	119937832	5	5	5
ENSG00000225960.1	AL441989.1	chr9	119973094	119974322	5	5	5
ENSG00000207814.1	MIR147A	chr9	120244979	120245050	5	5	5
ENSG00000136861.18	CDK5RAP2	chr9	120388869	120580170	5	5	5
ENSG00000106780.9	MEGF9	chr9	120600811	120714470	5	5	5
ENSG00000238181.2	AHCYP2	chr9	120720673	120721972	5	5	5
ENSG00000119402.17	FBXW2	chr9	120751978	120793416	5	5	5
ENSG00000214654.8	B3GNT10	chr9	120792403	120799918	5	5	5
ENSG00000270917.1	AL161911.1	chr9	120812475	120812845	5	5	5
ENSG00000095261.14	PSMD5	chr9	120815496	120842951	5	5	5
ENSG00000226752.9	CUTALP	chr9	120824828	120854385	5	5	5
ENSG00000119403.15	PHF19	chr9	120855651	120894896	5	5	5
ENSG00000056558.11	TRAF1	chr9	120902393	120929173	5	5	5
ENSG00000106804.8	C5	chr9	120952335	121050275	5	5	5
ENSG00000119397.17	CNTRL	chr9	121074753	121177610	5	5	5
ENSG00000119396.11	RAB14	chr9	121178133	121223014	5	5	5
ENSG00000243738.3	RN7SL181P	chr9	121203159	121203435	5	5	5
ENSG00000148180.21	GSN	chr9	121207794	121332843	5	5	5
ENSG00000214651.4	AL513122.1	chr9	121238117	121240089	5	5	5
ENSG00000239593.1	AL513122.2	chr9	121279863	121282730	5	5	5
ENSG00000235865.2	GSN-AS1	chr9	121280768	121285530	5	5	5
ENSG00000148175.13	STOM	chr9	121338987	121370304	5	5	5
ENSG00000227355.3	AL359644.1	chr9	121369893	121463370	5	5	5
ENSG00000204136.11	GGTA1	chr9	121444991	121500027	5	5	5
ENSG00000240299.3	RN7SL187P	chr9	121494519	121494821	5	5	5
ENSG00000213467.4	HMGB1P37	chr9	121519816	121520424	5	5	5
ENSG00000136848.17	DAB2IP	chr9	121567057	121785530	5	5	5
ENSG00000229854.1	AL357936.1	chr9	121574891	121576214	5	5	5
ENSG00000261534.1	AL596244.1	chr9	121815674	121819452	5	5	5
ENSG00000175764.14	TTLL11	chr9	121821928	122093606	5	5	5
ENSG00000237548.1	TTLL11-IT1	chr9	121884636	121963719	5	5	5
ENSG00000266583.1	MIR4478	chr9	122120082	122120167	5	5	5
ENSG00000119421.7	NDUFA8	chr9	122144058	122159779	5	5	5
ENSG00000185681.13	MORN5	chr9	122159908	122200088	5	5	5
ENSG00000106852.15	LHX6	chr9	122202577	122229626	5	5	5
ENSG00000119446.14	RBM18	chr9	122237622	122264840	5	5	5
ENSG00000148187.18	MRRF	chr9	122264603	122331337	5	5	5
ENSG00000095303.17	PTGS1	chr9	122370530	122395703	5	5	5
ENSG00000269970.1	AL162424.1	chr9	122372605	122372825	5	5	5
ENSG00000233616.2	AL359636.1	chr9	122400970	122402906	5	5	5
ENSG00000234156.3	AL359636.2	chr9	122403407	122639685	5	5	5
ENSG00000136834.3	OR1J1	chr9	122476958	122477926	5	5	5
ENSG00000197233.7	OR1J2	chr9	122510802	122511743	5	5	5
ENSG00000239590.1	OR1J4	chr9	122519141	122520082	5	5	5
ENSG00000171505.5	OR1N1	chr9	122526358	122527296	5	5	5
ENSG00000171501.10	OR1N2	chr9	122553112	122555173	5	5	5
ENSG00000171496.4	OR1L8	chr9	122567117	122583384	5	5	5
ENSG00000228914.2	OR1H1P	chr9	122607864	122608800	5	5	5
ENSG00000165202.3	OR1Q1	chr9	122614738	122615682	5	5	5
ENSG00000280094.2	OR1B1	chr9	122628579	122629573	5	5	5
ENSG00000173679.2	OR1L1	chr9	122661566	122662648	5	5	5
ENSG00000171481.4	OR1L3	chr9	122675036	122676153	5	5	5
ENSG00000226783.1	TLK1P1	chr9	122685933	122688372	5	5	5
ENSG00000136939.1	OR1L4	chr9	122723990	122724925	5	5	5
ENSG00000171459.4	OR1L6	chr9	122742303	122750783	5	5	5
ENSG00000232387.2	SKA2P1	chr9	122761844	122762233	5	5	5
ENSG00000148215.4	OR5C1	chr9	122788933	122789895	5	5	5
ENSG00000136940.14	PDCL	chr9	122798389	122828588	5	5	5
ENSG00000165204.3	OR1K1	chr9	122800123	122801073	5	5	5
ENSG00000233425.1	KRT18P67	chr9	122837557	122838820	5	5	5
ENSG00000056586.16	RC3H2	chr9	122844556	122905359	5	5	5
ENSG00000212447.1	SNORD90	chr9	122880213	122880323	5	5	5
ENSG00000186130.5	ZBTB6	chr9	122908056	122913323	5	5	5
ENSG00000171448.9	ZBTB26	chr9	122915566	122931512	5	5	5
ENSG00000261094.2	AC007066.2	chr9	122937623	122940333	5	5	5
ENSG00000286718.1	AC007066.3	chr9	122940733	122941260	5	5	5
ENSG00000011454.18	RABGAP1	chr9	122940833	123104866	5	5	5
ENSG00000222351.1	RNY1P15	chr9	122945988	122946094	5	5	5
ENSG00000213216.2	AC007066.1	chr9	123029373	123029753	5	5	5
ENSG00000188394.8	GPR21	chr9	123033667	123035665	5	5	5
ENSG00000225078.2	AL365338.1	chr9	123061845	123063312	5	5	5
ENSG00000236901.6	MIR600HG	chr9	123109494	123115477	5	5	5
ENSG00000165209.19	STRBP	chr9	123109500	123268586	5	5	5
ENSG00000283941.1	MIR600	chr9	123111546	123111643	5	5	5
ENSG00000148204.12	CRB2	chr9	123356170	123380324	5	5	5
ENSG00000119522.16	DENND1A	chr9	123379654	123930152	5	5	5
ENSG00000207991.1	MIR601	chr9	123402525	123402603	5	5	5
ENSG00000274932.1	MIR7150	chr9	123485529	123485622	5	5	5
ENSG00000237336.1	AL445489.1	chr9	123491884	123493156	5	5	5
ENSG00000230826.1	AL390774.2	chr9	123736437	123751941	5	5	5
ENSG00000229115.1	AL390774.1	chr9	123759220	123759775	5	5	5
ENSG00000234881.1	PIGFP2	chr9	123843036	123843686	5	5	5
ENSG00000106689.11	LHX2	chr9	124001670	124033301	5	5	5
ENSG00000236668.2	AC006450.3	chr9	124006277	124009396	5	5	5
ENSG00000231227.1	AC006450.1	chr9	124010530	124011114	5	5	5
ENSG00000234921.1	AC006450.2	chr9	124031624	124032524	5	5	5
ENSG00000119408.17	NEK6	chr9	124257606	124353307	5	5	5
ENSG00000235204.1	AL162724.2	chr9	124259250	124261156	5	5	5
ENSG00000227200.1	AL162724.1	chr9	124262876	124265809	5	5	5
ENSG00000136930.13	PSMB7	chr9	124353465	124415444	5	5	5
ENSG00000180264.11	ADGRD2	chr9	124451425	124478589	5	5	5
ENSG00000136931.10	NR5A1	chr9	124481236	124507420	5	5	5
ENSG00000231149.2	AL354979.1	chr9	124514938	124516056	5	5	5
ENSG00000148200.17	NR6A1	chr9	124517275	124771311	5	5	5
ENSG00000231744.1	AL669818.1	chr9	124598707	124599580	5	5	5
ENSG00000241246.3	RN7SL302P	chr9	124607159	124607458	5	5	5
ENSG00000224020.1	MIR181A2HG	chr9	124658467	124698631	5	5	5
ENSG00000207595.1	MIR181A2	chr9	124692442	124692551	5	5	5
ENSG00000207737.1	MIR181B2	chr9	124693710	124693798	5	5	5
ENSG00000236643.1	AL354928.1	chr9	124770123	124772927	5	5	5
ENSG00000185585.20	OLFML2A	chr9	124777133	124814885	5	5	5
ENSG00000136918.8	WDR38	chr9	124853417	124857890	5	5	5
ENSG00000136942.15	RPL35	chr9	124857880	124861981	5	5	5
ENSG00000136950.13	ARPC5L	chr9	124862130	124877733	5	5	5
ENSG00000136935.14	GOLGA1	chr9	124878275	124948492	5	5	5
ENSG00000199313.1	RNU4-82P	chr9	124887410	124887549	5	5	5
ENSG00000173611.18	SCAI	chr9	124942608	125143528	5	5	5
ENSG00000177736.4	FXNP2	chr9	124968294	124968840	5	5	5
ENSG00000119414.12	PPP6C	chr9	125146573	125189939	5	5	5
ENSG00000232630.1	PRPS1P2	chr9	125150653	125151589	5	5	5
ENSG00000235332.2	RPSAP76	chr9	125194649	125195821	5	5	5
ENSG00000136933.17	RABEPK	chr9	125200542	125234161	5	5	5
ENSG00000044574.8	HSPA5	chr9	125234853	125241343	5	5	5
ENSG00000239705.2	AL354710.2	chr9	125241663	125257071	5	5	5
ENSG00000165219.22	GAPVD1	chr9	125261794	125367207	5	5	5
ENSG00000214593.3	AL354710.1	chr9	125263845	125264090	5	5	5
ENSG00000200554.1	RNU6-1020P	chr9	125303920	125304026	5	5	5
ENSG00000227845.2	AL627223.1	chr9	125372325	125372766	5	5	5
ENSG00000274510.1	Metazoa_SRP	chr9	125417305	125417586	5	5	5
ENSG00000287782.1	AL359632.1	chr9	125426169	125438509	5	5	5
ENSG00000119487.17	MAPKAP1	chr9	125437393	125707234	5	5	5
ENSG00000243845.3	RN7SL30P	chr9	125512902	125513207	5	5	5
ENSG00000227068.1	AL162584.1	chr9	125567579	125573023	5	5	5
ENSG00000214761.3	HNRNPA1P15	chr9	125595669	125596628	5	5	5
ENSG00000229582.3	AL358074.1	chr9	125743754	125746552	5	5	5
ENSG00000167081.18	PBX3	chr9	125747345	125967377	5	5	5
ENSG00000232413.1	AL589923.1	chr9	126057580	126159613	5	5	5
ENSG00000288537.1	AL162391.2	chr9	126270121	126275918	5	5	5
ENSG00000228392.3	AL162391.1	chr9	126286999	126298593	5	5	5
ENSG00000196814.15	MVB12B	chr9	126326829	126507041	5	5	5
ENSG00000253079.1	NRON	chr9	126408041	126408410	5	5	5
ENSG00000252985.1	SNORD116	chr9	126426893	126426970	5	5	5
ENSG00000233721.1	AL356309.2	chr9	126516417	126518808	5	5	5
ENSG00000279137.1	AL356309.3	chr9	126518840	126520773	5	5	5
ENSG00000226078.1	AL356309.1	chr9	126527618	126530343	5	5	5
ENSG00000224842.2	AL161908.1	chr9	126589594	126613700	5	5	5
ENSG00000136944.19	LMX1B	chr9	126613928	126701032	5	5	5
ENSG00000238010.1	AL161908.2	chr9	126640756	126641293	5	5	5
ENSG00000286428.1	AL161731.1	chr9	126701173	126704691	5	5	5
ENSG00000169155.10	ZBTB43	chr9	126805006	126838210	5	5	5
ENSG00000177125.5	ZBTB34	chr9	126860665	126885878	5	5	5
ENSG00000136828.19	RALGPS1	chr9	126914774	127223166	5	5	5
ENSG00000136859.10	ANGPTL2	chr9	127087348	127122635	5	5	5
ENSG00000228487.2	AL450263.1	chr9	127213783	127221907	5	5	5
ENSG00000136895.19	GARNL3	chr9	127224265	127393660	5	5	5
ENSG00000229369.1	AL450263.2	chr9	127300093	127300982	5	5	5
ENSG00000271833.1	AL445222.1	chr9	127366770	127367397	5	5	5
ENSG00000136856.18	SLC2A8	chr9	127397138	127408424	5	5	5
ENSG00000196152.10	ZNF79	chr9	127424374	127445372	5	5	5
ENSG00000197958.13	RPL12	chr9	127447674	127451406	5	5	5
ENSG00000201302.1	SNORA65	chr9	127448501	127448630	5	5	5
ENSG00000148356.14	LRSAM1	chr9	127451486	127503501	5	5	5
ENSG00000200788.1	Y_RNA	chr9	127470875	127470987	5	5	5
ENSG00000136830.12	NIBAN2	chr9	127505339	127578989	5	5	5
ENSG00000136854.24	STXBP1	chr9	127579370	127696027	5	5	5
ENSG00000279571.3	AL162426.1	chr9	127690098	127690840	5	5	5
ENSG00000187024.15	PTRH1	chr9	127690348	127724873	5	5	5
ENSG00000283874.1	MIR3911	chr9	127690687	127690795	5	5	5
ENSG00000160401.15	CFAP157	chr9	127706988	127716002	5	5	5
ENSG00000167094.16	TTC16	chr9	127716079	127731590	5	5	5
ENSG00000160404.18	TOR2A	chr9	127731524	127735313	5	5	5
ENSG00000095370.20	SH2D3C	chr9	127738317	127778710	5	5	5
ENSG00000286196.1	AL162586.2	chr9	127754534	127760560	5	5	5
ENSG00000136807.14	CDK9	chr9	127785679	127790792	5	5	5
ENSG00000283863.1	MIR3960	chr9	127785833	127785923	5	5	5
ENSG00000284547.1	MIR2861	chr9	127785918	127786007	5	5	5
ENSG00000136877.15	FPGS	chr9	127794597	127814327	5	5	5
ENSG00000106991.14	ENG	chr9	127815013	127854658	5	5	5
ENSG00000225032.5	AL162586.1	chr9	127816066	127822520	5	5	5
ENSG00000222421.1	Y_RNA	chr9	127832635	127832743	5	5	5
ENSG00000222455.1	RNA5SP296	chr9	127841112	127841222	5	5	5
ENSG00000106992.19	AK1	chr9	127866486	127877675	5	5	5
ENSG00000257524.6	AL157935.2	chr9	127867850	127906022	5	5	5
ENSG00000263979.1	MIR4672	chr9	127869415	127869495	5	5	5
ENSG00000160408.15	ST6GALNAC6	chr9	127885321	127905408	5	5	5
ENSG00000136840.19	ST6GALNAC4	chr9	127907886	127917041	5	5	5
ENSG00000167103.12	PIP5KL1	chr9	127920881	127930785	5	5	5
ENSG00000227218.7	AL157935.1	chr9	127934503	127940952	5	5	5
ENSG00000136908.18	DPM2	chr9	127935099	127937854	5	5	5
ENSG00000167106.12	FAM102A	chr9	127940582	127980989	5	5	5
ENSG00000230848.1	AL360268.2	chr9	128039135	128057362	5	5	5
ENSG00000171169.9	NAIF1	chr9	128061233	128068206	5	5	5
ENSG00000148339.12	SLC25A25	chr9	128068201	128109245	5	5	5
ENSG00000230536.1	AL360268.1	chr9	128090969	128094457	5	5	5
ENSG00000234771.3	SLC25A25-AS1	chr9	128108581	128118693	5	5	5
ENSG00000148334.16	PTGES2	chr9	128120693	128128462	5	5	5
ENSG00000232850.3	PTGES2-AS1	chr9	128128529	128130628	5	5	5
ENSG00000148346.12	LCN2	chr9	128149071	128153453	5	5	5
ENSG00000171159.5	C9orf16	chr9	128160265	128163924	5	5	5
ENSG00000148337.21	CIZ1	chr9	128161251	128204383	5	5	5
ENSG00000106976.21	DNM1	chr9	128191655	128255248	5	5	5
ENSG00000207581.1	MIR199B	chr9	128244721	128244830	5	5	5
ENSG00000264823.3	MIR3154	chr9	128244947	128245030	5	5	5
ENSG00000167110.18	GOLGA2	chr9	128255829	128275995	5	5	5
ENSG00000175854.14	SWI5	chr9	128275379	128316123	5	5	5
ENSG00000167112.10	TRUB2	chr9	128305159	128322447	5	5	5
ENSG00000272696.1	AL359091.3	chr9	128316337	128316909	5	5	5
ENSG00000167113.11	COQ4	chr9	128322544	128334072	5	5	5
ENSG00000167114.13	SLC27A4	chr9	128340527	128361470	5	5	5
ENSG00000223551.1	TMSB4XP4	chr9	128342153	128342770	5	5	5
ENSG00000167118.11	URM1	chr9	128371361	128392016	5	5	5
ENSG00000207955.5	AL359091.1	chr9	128392007	128393510	5	5	5
ENSG00000284185.1	MIR219A2	chr9	128392618	128392714	5	5	5
ENSG00000283335.1	MIR219B	chr9	128392621	128392708	5	5	5
ENSG00000167123.19	CERCAM	chr9	128411751	128437351	5	5	5
ENSG00000273186.1	AL359091.4	chr9	128431598	128432006	5	5	5
ENSG00000228510.2	AL359091.2	chr9	128444587	128446628	5	5	5
ENSG00000136811.16	ODF2	chr9	128455186	128501292	5	5	5
ENSG00000225951.1	ODF2-AS1	chr9	128468957	128473012	5	5	5
ENSG00000119392.15	GLE1	chr9	128504719	128542288	5	5	5
ENSG00000228395.2	AL356481.1	chr9	128528657	128552410	5	5	5
ENSG00000238406.1	RNU7-171P	chr9	128543916	128543977	5	5	5
ENSG00000197694.18	SPTAN1	chr9	128552558	128633662	5	5	5
ENSG00000280474.1	AL356481.2	chr9	128595893	128596633	5	5	5
ENSG00000280758.1	AL356481.3	chr9	128630328	128631685	5	5	5
ENSG00000119333.11	DYNC2I2	chr9	128633661	128656787	5	5	5
ENSG00000227759.2	VTI1BP4	chr9	128650998	128652145	5	5	5
ENSG00000234705.2	HMGA1P4	chr9	128663134	128684477	5	5	5
ENSG00000119335.17	SET	chr9	128683424	128696400	5	5	5
ENSG00000160447.7	PKN3	chr9	128702503	128720916	5	5	5
ENSG00000264438.2	RN7SL560P	chr9	128709780	128710043	5	5	5
ENSG00000160446.19	ZDHHC12	chr9	128720870	128724127	5	5	5
ENSG00000223478.1	AL441992.1	chr9	128724445	128733194	5	5	5
ENSG00000160445.11	ZER1	chr9	128729786	128772414	5	5	5
ENSG00000203286.5	Metazoa_SRP	chr9	128745857	128746138	5	5	5
ENSG00000107021.16	TBC1D13	chr9	128787253	128810430	5	5	5
ENSG00000167136.7	ENDOG	chr9	128818500	128822676	5	5	5
ENSG00000198917.13	SPOUT1	chr9	128819651	128829794	5	5	5
ENSG00000286112.1	AL441992.2	chr9	128819663	128881931	5	5	5
ENSG00000171097.14	KYAT1	chr9	128832942	128882494	5	5	5
ENSG00000136802.12	LRRC8A	chr9	128882133	128918039	5	5	5
ENSG00000175287.19	PHYHD1	chr9	128920966	128942041	5	5	5
ENSG00000251184.1	AL672142.1	chr9	128941478	128957021	5	5	5
ENSG00000175283.8	DOLK	chr9	128945530	128947603	5	5	5
ENSG00000095319.14	NUP188	chr9	128947699	129007096	5	5	5
ENSG00000267834.1	AL592211.1	chr9	129004502	129004998	5	5	5
ENSG00000148341.18	SH3GLB2	chr9	129007036	129028331	5	5	5
ENSG00000148343.18	MIGA2	chr9	129036621	129072082	5	5	5
ENSG00000287234.1	AL592211.2	chr9	129080355	129080765	5	5	5
ENSG00000167130.18	DOLPP1	chr9	129081111	129090438	5	5	5
ENSG00000095321.17	CRAT	chr9	129094794	129111189	5	5	5
ENSG00000234055.1	AL158151.2	chr9	129097854	129100266	5	5	5
ENSG00000119383.20	PTPA	chr9	129110950	129148946	5	5	5
ENSG00000235007.3	AL158151.3	chr9	129139413	129260575	5	5	5
ENSG00000268707.1	AL158151.4	chr9	129170434	129170940	5	5	5
ENSG00000188483.8	IER5L	chr9	129175552	129178261	5	5	5
ENSG00000204055.5	AL158151.1	chr9	129175807	129261581	5	5	5
ENSG00000224307.2	AL161785.1	chr9	129282458	129312665	5	5	5
ENSG00000179082.3	C9orf106	chr9	129321016	129324905	5	5	5
ENSG00000268615.1	AL353803.5	chr9	129328261	129328401	5	5	5
ENSG00000233901.6	LINC01503	chr9	129332300	129359541	5	5	5
ENSG00000242281.3	RN7SL159P	chr9	129370170	129370461	5	5	5
ENSG00000236146.2	AL353803.3	chr9	129380136	129380470	5	5	5
ENSG00000230676.1	AL353803.2	chr9	129430652	129451422	5	5	5
ENSG00000226355.2	AL353803.1	chr9	129438216	129447545	5	5	5
ENSG00000204054.14	LINC00963	chr9	129476946	129513687	5	5	5
ENSG00000261334.1	AL353803.4	chr9	129480605	129482538	5	5	5
ENSG00000286078.1	AL391056.2	chr9	129503461	129506433	5	5	5
ENSG00000227619.3	AL391056.1	chr9	129575117	129584556	5	5	5
ENSG00000148335.15	NTMT1	chr9	129608884	129636135	5	5	5
ENSG00000179058.7	C9orf50	chr9	129612225	129620776	5	5	5
ENSG00000148331.12	ASB6	chr9	129634604	129642169	5	5	5
ENSG00000234789.1	AL590369.1	chr9	129640476	129641282	5	5	5
ENSG00000167157.11	PRRX2	chr9	129665647	129722674	5	5	5
ENSG00000236024.1	PRRX2-AS1	chr9	129712896	129718635	5	5	5
ENSG00000148344.11	PTGES	chr9	129738331	129753042	5	5	5
ENSG00000233909.1	UBE2V1P4	chr9	129791196	129791837	5	5	5
ENSG00000136816.16	TOR1B	chr9	129803157	129811281	5	5	5
ENSG00000136827.12	TOR1A	chr9	129812942	129824244	5	5	5
ENSG00000136819.15	C9orf78	chr9	129827290	129835863	5	5	5
ENSG00000136878.14	USP20	chr9	129834698	129881828	5	5	5
ENSG00000276124.1	MIR6855	chr9	129869605	129869671	5	5	5
ENSG00000224988.1	AL158207.1	chr9	129883693	129884170	5	5	5
ENSG00000187239.17	FNBP1	chr9	129887187	130043194	5	5	5
ENSG00000230684.1	AL158207.2	chr9	129933536	129936541	5	5	5
ENSG00000270755.1	AL136141.1	chr9	130044713	130045081	5	5	5
ENSG00000148358.20	GPR107	chr9	130053426	130140169	5	5	5
ENSG00000223188.1	Y_RNA	chr9	130120806	130120912	5	5	5
ENSG00000196979.1	GPRACR	chr9	130140610	130144219	5	5	5
ENSG00000107130.10	NCS1	chr9	130172404	130237303	5	5	5
ENSG00000148357.16	HMCN2	chr9	130265882	130434123	5	5	5
ENSG00000264169.2	RN7SL665P	chr9	130400266	130400565	5	5	5
ENSG00000130707.18	ASS1	chr9	130444961	130501274	5	5	5
ENSG00000107164.16	FUBP3	chr9	130578965	130638352	5	5	5
ENSG00000277713.1	MIR6856	chr9	130626297	130626363	5	5	5
ENSG00000232172.1	AL359092.2	chr9	130651799	130652383	5	5	5
ENSG00000130711.5	PRDM12	chr9	130664594	130682986	5	5	5
ENSG00000130713.16	EXOSC2	chr9	130693721	130704894	5	5	5
ENSG00000097007.19	ABL1	chr9	130713016	130887675	5	5	5
ENSG00000288570.1	AL359092.3	chr9	130713626	130713724	5	5	5
ENSG00000224797.1	AL359092.1	chr9	130724786	130725050	5	5	5
ENSG00000188710.3	QRFP	chr9	130892707	130896812	5	5	5
ENSG00000130720.13	FIBCD1	chr9	130902438	130939286	5	5	5
ENSG00000236658.1	AL161733.1	chr9	130933851	130945520	5	5	5
ENSG00000050555.19	LAMC3	chr9	131009174	131094473	5	5	5
ENSG00000252582.1	AL583807.1	chr9	131021168	131021306	5	5	5
ENSG00000126878.13	AIF1L	chr9	131096476	131123152	5	5	5
ENSG00000126883.17	NUP214	chr9	131125586	131234663	5	5	5
ENSG00000252622.1	RNU6-881P	chr9	131126990	131127091	5	5	5
ENSG00000236986.6	AL157938.2	chr9	131132852	131167505	5	5	5
ENSG00000246851.1	AL157938.3	chr9	131189910	131194205	5	5	5
ENSG00000226987.1	AL157938.1	chr9	131240687	131241724	5	5	5
ENSG00000126882.13	FAM78A	chr9	131258076	131276510	5	5	5
ENSG00000286547.1	AL157938.4	chr9	131283421	131288278	5	5	5
ENSG00000160539.6	PLPP7	chr9	131289459	131359022	5	5	5
ENSG00000285287.1	AL354855.1	chr9	131370933	131372514	5	5	5
ENSG00000130723.21	PRRC2B	chr9	131373636	131500197	5	5	5
ENSG00000235284.1	SNORD62A	chr9	131485665	131485750	5	5	5
ENSG00000231587.1	SNORD62B	chr9	131490486	131490571	5	5	5
ENSG00000176868.2	AL358781.1	chr9	131497479	131500191	5	5	5
ENSG00000130714.18	POMT1	chr9	131502789	131523806	5	5	5
ENSG00000230289.1	AL358781.2	chr9	131516558	131522229	5	5	5
ENSG00000130717.13	UCK1	chr9	131523801	131531264	5	5	5
ENSG00000283526.1	PRRT1B	chr9	131545514	131558620	5	5	5
ENSG00000107263.18	RAPGEF1	chr9	131576770	131740074	5	5	5
ENSG00000240853.3	RN7SL328P	chr9	131725168	131725467	5	5	5
ENSG00000231018.1	EIF4A1P3	chr9	131782570	131782813	5	5	5
ENSG00000212395.1	AL160271.1	chr9	131782860	131782958	5	5	5
ENSG00000236687.1	AL160271.2	chr9	131816192	131820988	5	5	5
ENSG00000160563.14	MED27	chr9	131852928	132079867	5	5	5
ENSG00000196358.11	NTNG2	chr9	132161676	132244526	5	5	5
ENSG00000107290.14	SETX	chr9	132261356	132354986	5	5	5
ENSG00000125482.13	TTF1	chr9	132375548	132406851	5	5	5
ENSG00000188523.9	CFAP77	chr9	132410043	132573319	5	5	5
ENSG00000252521.1	RNU5D-2P	chr9	132421641	132421690	5	5	5
ENSG00000125492.10	BARHL1	chr9	132582606	132590252	5	5	5
ENSG00000125485.17	DDX31	chr9	132592997	132670401	5	5	5
ENSG00000125484.12	GTF3C4	chr9	132670035	132694953	5	5	5
ENSG00000165695.10	AK8	chr9	132725578	132878777	5	5	5
ENSG00000224992.2	AL445645.1	chr9	132768965	132770212	5	5	5
ENSG00000165698.16	SPACA9	chr9	132878027	132890201	5	5	5
ENSG00000165699.15	TSC1	chr9	132891348	132946874	5	5	5
ENSG00000165702.14	GFI1B	chr9	132944000	132991687	5	5	5
ENSG00000263816.1	MIR548AW	chr9	132945707	132945771	5	5	5
ENSG00000234907.1	AL593851.1	chr9	132962511	132962667	5	5	5
ENSG00000238558.1	RNU7-21P	chr9	132963732	132963793	5	5	5
ENSG00000196205.8	EEF1A1P5	chr9	133019486	133020874	5	5	5
ENSG00000148308.18	GTF3C5	chr9	133030675	133058503	5	5	5
ENSG00000273932.1	MIR6877	chr9	133051996	133052059	5	5	5
ENSG00000170835.16	CEL	chr9	133061978	133071863	5	5	5
ENSG00000170827.9	CELP	chr9	133079900	133087355	5	5	5
ENSG00000160271.16	RALGDS	chr9	133097720	133149334	5	5	5
ENSG00000285245.1	AL162417.1	chr9	133098121	133163914	5	5	5
ENSG00000148288.13	GBGT1	chr9	133152948	133163933	5	5	5
ENSG00000171102.14	OBP2B	chr9	133205277	133209250	5	5	5
ENSG00000119440.8	LCN1P1	chr9	133224905	133228591	5	5	5
ENSG00000175164.15	ABO	chr9	133250401	133276024	5	5	5
ENSG00000201843.1	Y_RNA	chr9	133302470	133302563	5	5	5
ENSG00000204031.3	LCN1P2	chr9	133317794	133318469	5	5	5
ENSG00000148296.7	SURF6	chr9	133328776	133336188	5	5	5
ENSG00000201451.1	Y_RNA	chr9	133337728	133337824	5	5	5
ENSG00000148297.16	MED22	chr9	133338312	133348131	5	5	5
ENSG00000230064.1	AL772161.1	chr9	133338990	133339465	5	5	5
ENSG00000148303.17	RPL7A	chr9	133348218	133351426	5	5	5
ENSG00000206611.1	SNORD24	chr9	133349396	133349470	5	5	5
ENSG00000200831.1	SNORD36B	chr9	133350095	133350168	5	5	5
ENSG00000199744.1	SNORD36A	chr9	133350456	133350528	5	5	5
ENSG00000252542.1	SNORD36C	chr9	133350847	133350912	5	5	5
ENSG00000148290.10	SURF1	chr9	133351758	133356676	5	5	5
ENSG00000148291.10	SURF2	chr9	133356550	133361158	5	5	5
ENSG00000148248.14	SURF4	chr9	133361450	133376166	5	5	5
ENSG00000198870.8	STKLD1	chr9	133376366	133406096	5	5	5
ENSG00000148300.12	REXO4	chr9	133406059	133418096	5	5	5
ENSG00000160323.19	ADAMTS13	chr9	133414358	133459402	5	5	5
ENSG00000160325.15	CACFD1	chr9	133459965	133470848	5	5	5
ENSG00000160326.14	SLC2A6	chr9	133471094	133479127	5	5	5
ENSG00000187616.5	MYMK	chr9	133514586	133528612	5	5	5
ENSG00000197859.11	ADAMTSL2	chr9	133532164	133575519	5	5	5
ENSG00000196990.9	FAM163B	chr9	133577081	133609389	5	5	5
ENSG00000261018.1	AC002101.1	chr9	133611798	133633099	5	5	5
ENSG00000123454.12	DBH	chr9	133636363	133659329	5	5	5
ENSG00000225756.1	DBH-AS1	chr9	133654586	133657313	5	5	5
ENSG00000123453.18	SARDH	chr9	133663560	133739955	5	5	5
ENSG00000160293.17	VAV2	chr9	133761894	133992604	5	5	5
ENSG00000235106.10	BRD3OS	chr9	134025481	134034666	5	5	5
ENSG00000169925.17	BRD3	chr9	134030305	134068535	5	5	5
ENSG00000235138.1	AL445931.1	chr9	134054290	134058805	5	5	5
ENSG00000271525.1	ARF4P1	chr9	134078904	134079444	5	5	5
ENSG00000273249.1	BX649632.1	chr9	134132242	134135772	5	5	5
ENSG00000196363.9	WDR5	chr9	134135365	134159968	5	5	5
ENSG00000221676.1	RNU6ATAC	chr9	134164439	134164564	5	5	5
ENSG00000273473.1	BX649601.1	chr9	134168769	134169340	5	5	5
ENSG00000223729.1	LINC02247	chr9	134293931	134295397	5	5	5
ENSG00000279929.1	AL354796.1	chr9	134298463	134300413	5	5	5
ENSG00000186350.12	RXRA	chr9	134317098	134440585	5	5	5
ENSG00000263897.1	MIR4669	chr9	134379411	134379472	5	5	5
ENSG00000223795.2	AL669970.1	chr9	134505472	134521442	5	5	5
ENSG00000228877.2	AL669970.3	chr9	134527182	134545244	5	5	5
ENSG00000227150.1	AL669970.2	chr9	134552738	134553897	5	5	5
ENSG00000130635.16	COL5A1	chr9	134641803	134844843	5	5	5
ENSG00000204011.5	COL5A1-AS1	chr9	134649385	134653073	5	5	5
ENSG00000286502.1	AL645768.1	chr9	134770651	134775671	5	5	5
ENSG00000264744.1	MIR3689C	chr9	134849298	134849369	5	5	5
ENSG00000265872.1	MIR3689A	chr9	134849487	134849564	5	5	5
ENSG00000265848.1	MIR3689D1	chr9	134849609	134849682	5	5	5
ENSG00000264163.1	MIR3689B	chr9	134850125	134850272	5	5	5
ENSG00000264136.1	MIR3689D2	chr9	134850277	134850356	5	5	5
ENSG00000266827.1	MIR3689E	chr9	134850570	134850641	5	5	5
ENSG00000266514.1	MIR3689F	chr9	134850742	134850807	5	5	5
ENSG00000232355.2	AL603650.1	chr9	134868236	134868475	5	5	5
ENSG00000160339.16	FCN2	chr9	134880810	134887523	5	5	5
ENSG00000085265.11	FCN1	chr9	134903232	134917912	5	5	5
ENSG00000236403.2	AL353611.1	chr9	134936524	134943207	5	5	5
ENSG00000279935.1	AL353611.2	chr9	134992958	134995854	5	5	5
ENSG00000130558.20	OLFM1	chr9	135075422	135121180	5	5	5
ENSG00000227958.1	AL390778.1	chr9	135204722	135237597	5	5	5
ENSG00000233936.1	AL390778.2	chr9	135245696	135252708	5	5	5
ENSG00000178243.4	C9orf62	chr9	135343249	135346562	5	5	5
ENSG00000235572.3	AL353615.1	chr9	135352673	135354284	5	5	5
ENSG00000224682.1	SOCS5P2	chr9	135447446	135450154	5	5	5
ENSG00000225361.4	PPP1R26-AS1	chr9	135462727	135480777	5	5	5
ENSG00000196422.11	PPP1R26	chr9	135479079	135488893	5	5	5
ENSG00000160345.13	C9orf116	chr9	135495181	135501734	5	5	5
ENSG00000122140.11	MRPS2	chr9	135499984	135504673	5	5	5
ENSG00000226706.1	AL161452.1	chr9	135503273	135506447	5	5	5
ENSG00000160349.10	LCN1	chr9	135521438	135526540	5	5	5
ENSG00000122136.14	OBP2A	chr9	135546126	135549969	5	5	5
ENSG00000122133.17	PAEP	chr9	135561756	135566955	5	5	5
ENSG00000237339.5	LINC01502	chr9	135574935	135587112	5	5	5
ENSG00000224045.1	PAEPP1	chr9	135588002	135591975	5	5	5
ENSG00000236543.3	AL354761.1	chr9	135604345	135619893	5	5	5
ENSG00000204007.7	GLT6D1	chr9	135623648	135639540	5	5	5
ENSG00000148386.9	LCN9	chr9	135663322	135666422	5	5	5
ENSG00000165643.11	SOHLH1	chr9	135693407	135704498	5	5	5
ENSG00000107147.14	KCNT1	chr9	135702185	135795508	5	5	5
ENSG00000130559.19	CAMSAP1	chr9	135808487	135907546	5	5	5
ENSG00000238058.2	AL355574.1	chr9	135907812	135916126	5	5	5
ENSG00000130560.9	UBAC1	chr9	135932969	135961373	5	5	5
ENSG00000148411.8	NACC2	chr9	136006537	136095289	5	5	7
ENSG00000260193.1	LINC02846	chr9	136107808	136109424	5	5	5
ENSG00000238227.8	TMEM250	chr9	136114581	136118875	5	5	5
ENSG00000275329.1	AL138781.1	chr9	136122521	136124363	5	5	5
ENSG00000107187.17	LHX3	chr9	136196250	136205128	5	5	5
ENSG00000165661.17	QSOX2	chr9	136206333	136245812	5	5	5
ENSG00000260220.7	CCDC187	chr9	136249973	136306901	5	5	5
ENSG00000279813.1	CR392000.1	chr9	136249978	136251205	5	5	5
ENSG00000283769.1	CR392000.2	chr9	136263925	136267237	5	5	5
ENSG00000262075.3	DKFZP434A062	chr9	136322303	136327323	5	5	5
ENSG00000160360.13	GPSM1	chr9	136327476	136359605	5	5	5
ENSG00000213221.5	DNLZ	chr9	136359480	136363744	5	5	5
ENSG00000187796.15	CARD9	chr9	136361903	136373681	5	5	5
ENSG00000165684.4	SNAPC4	chr9	136375577	136400168	5	5	5
ENSG00000165689.17	ENTR1	chr9	136401922	136410614	5	5	5
ENSG00000165688.12	PMPCA	chr9	136410641	136423761	5	5	5
ENSG00000148384.14	INPP5E	chr9	136428619	136439845	5	5	5
ENSG00000148396.18	SEC16A	chr9	136440096	136483759	5	5	5
ENSG00000196366.3	C9orf163	chr9	136483495	136486067	5	5	5
ENSG00000148400.12	NOTCH1	chr9	136494433	136546048	5	5	5
ENSG00000263403.1	MIR4673	chr9	136519568	136519626	5	5	5
ENSG00000227512.1	AL592301.1	chr9	136542881	136543835	5	5	5
ENSG00000265181.1	MIR4674	chr9	136546173	136546259	5	5	5
ENSG00000237886.1	NALT1	chr9	136546212	136549893	5	5	5
ENSG00000279141.3	LINC01451	chr9	136612024	136617181	5	5	5
ENSG00000228401.5	AL590226.1	chr9	136647872	136660421	5	5	5
ENSG00000172889.16	EGFL7	chr9	136658856	136672678	5	5	5
ENSG00000199161.1	MIR126	chr9	136670602	136670686	5	5	5
ENSG00000169692.13	AGPAT2	chr9	136673143	136687457	5	5	5
ENSG00000165716.11	DIPK1B	chr9	136712572	136724742	5	5	5
ENSG00000233016.7	SNHG7	chr9	136721366	136728184	5	5	5
ENSG00000280496.1	SNORA17B	chr9	136726104	136726239	5	5	5
ENSG00000276161.1	SNORA17B	chr9	136726105	136726234	5	5	5
ENSG00000274998.1	SNORA17A	chr9	136726747	136726879	5	5	5
ENSG00000281808.1	AL355987.6	chr9	136726748	136726879	5	5	5
ENSG00000274356.1	AL355987.5	chr9	136728953	136729855	5	5	5
ENSG00000187922.14	LCN10	chr9	136738167	136743356	5	5	5
ENSG00000204003.8	AL355987.1	chr9	136738167	136748453	5	5	5
ENSG00000267206.6	LCN6	chr9	136744017	136748525	5	5	5
ENSG00000278756.1	MIR6722	chr9	136746893	136746970	5	5	5
ENSG00000204001.9	LCN8	chr9	136754386	136758543	5	5	5
ENSG00000177984.7	LCN15	chr9	136759634	136766255	5	5	5
ENSG00000224662.2	ATP6V1G1P3	chr9	136779939	136780218	5	5	5
ENSG00000244187.8	TMEM141	chr9	136791344	136793317	5	5	5
ENSG00000272896.1	AL355987.3	chr9	136791379	136800595	5	5	5
ENSG00000213213.14	CCDC183	chr9	136796338	136807741	5	5	5
ENSG00000273066.5	AL355987.4	chr9	136799223	136810042	5	5	5
ENSG00000272679.1	AL355987.2	chr9	136800366	136829466	5	5	5
ENSG00000228544.1	CCDC183-AS1	chr9	136803927	136808848	5	5	5
ENSG00000196642.19	RABL6	chr9	136807943	136841187	5	5	5
ENSG00000213212.3	NCLP1	chr9	136812788	136815536	5	5	5
ENSG00000265806.1	MIR4292	chr9	136830957	136831023	5	5	5
ENSG00000232434.2	AJM1	chr9	136844415	136848801	5	5	5
ENSG00000054148.18	PHPT1	chr9	136848724	136851027	5	5	5
ENSG00000177943.14	MAMDC4	chr9	136850943	136860799	5	5	5
ENSG00000107223.13	EDF1	chr9	136862119	136866308	5	5	5
ENSG00000127191.18	TRAF2	chr9	136881912	136926607	5	5	5
ENSG00000266507.1	MIR4479	chr9	136886733	136886803	5	5	5
ENSG00000213590.2	AL807752.1	chr9	136935840	136937161	5	5	5
ENSG00000260190.1	AL807752.5	chr9	136937169	136937988	5	5	5
ENSG00000159069.14	FBXW5	chr9	136940435	136944738	5	5	5
ENSG00000176919.13	C8G	chr9	136945185	136946975	5	5	5
ENSG00000184925.12	LCN12	chr9	136949551	136955497	5	5	5
ENSG00000198454.2	LINC02692	chr9	136969243	136971990	5	5	5
ENSG00000107317.13	PTGDS	chr9	136975092	136981742	5	5	5
ENSG00000284341.1	AL807752.7	chr9	136977518	136985435	5	5	5
ENSG00000214402.7	LCNL1	chr9	136981904	136986410	5	5	5
ENSG00000148362.11	PAXX	chr9	136992422	136993984	5	5	5
ENSG00000169583.13	CLIC3	chr9	136994608	136996568	5	5	5
ENSG00000107331.17	ABCA2	chr9	137007234	137028922	5	5	5
ENSG00000180539.8	C9orf139	chr9	137027464	137037957	5	5	5
ENSG00000180549.8	FUT7	chr9	137030174	137032088	5	5	5
ENSG00000279073.3	AL807752.6	chr9	137031241	137040436	5	5	5
ENSG00000107281.10	NPDC1	chr9	137039463	137046179	5	5	5
ENSG00000054179.12	ENTPD2	chr9	137048107	137054061	5	5	5
ENSG00000236394.2	AL807752.4	chr9	137052662	137053375	5	5	5
ENSG00000229257.2	AL807752.2	chr9	137057663	137062461	5	5	5
ENSG00000186193.9	SAPCD2	chr9	137062127	137070557	5	5	5
ENSG00000231864.2	AL807752.3	chr9	137063535	137064581	5	5	5
ENSG00000197355.11	UAP1L1	chr9	137077517	137084539	5	5	5
ENSG00000268996.3	MAN1B1-DT	chr9	137084946	137086817	5	5	5
ENSG00000177239.15	MAN1B1	chr9	137086985	137109183	5	5	5
ENSG00000199411.1	SNORD62	chr9	137094345	137094430	5	5	5
ENSG00000176978.14	DPP7	chr9	137110546	137115177	5	5	5
ENSG00000176884.16	GRIN1	chr9	137139154	137168756	5	5	5
ENSG00000184709.7	LRRC26	chr9	137168758	137170051	5	5	5
ENSG00000261793.1	AL929554.1	chr9	137168854	137171984	5	5	5
ENSG00000263697.1	MIR3621	chr9	137169186	137169270	5	5	5
ENSG00000185863.8	TMEM210	chr9	137170858	137172056	5	5	5
ENSG00000176248.9	ANAPC2	chr9	137174784	137188560	5	5	5
ENSG00000176101.12	SSNA1	chr9	137188660	137190370	5	5	5
ENSG00000176058.13	TPRN	chr9	137191617	137204193	5	5	5
ENSG00000187713.7	TMEM203	chr9	137204082	137205648	5	5	5
ENSG00000188566.14	NDOR1	chr9	137205685	137217009	5	5	5
ENSG00000284976.1	BX255925.3	chr9	137217452	137219361	5	5	5
ENSG00000212864.3	RNF208	chr9	137220247	137221581	5	5	5
ENSG00000197191.6	CYSRT1	chr9	137224635	137226315	5	5	5
ENSG00000233198.4	RNF224	chr9	137227502	137229640	5	5	5
ENSG00000198569.10	SLC34A3	chr9	137230757	137236555	5	5	5
ENSG00000188229.6	TUBB4B	chr9	137241287	137243707	5	5	5
ENSG00000188163.8	FAM166A	chr9	137243584	137247770	5	5	5
ENSG00000275549.1	STPG3-AS1	chr9	137250219	137253497	5	5	5
ENSG00000197768.10	STPG3	chr9	137251261	137253483	5	5	5
ENSG00000188986.9	NELFB	chr9	137255327	137273542	5	5	5
ENSG00000198113.3	TOR4A	chr9	137277726	137282641	5	5	5
ENSG00000270259.2	BX255925.2	chr9	137286112	137287236	5	5	5
ENSG00000260996.1	BX255925.1	chr9	137293868	137295721	5	5	5
ENSG00000288234.1	BX255925.4	chr9	137294935	137300189	5	5	5
ENSG00000198435.4	NRARP	chr9	137299631	137302271	5	5	5
ENSG00000187609.16	EXD3	chr9	137306896	137423211	5	5	5
ENSG00000188747.8	NOXA1	chr9	137423350	137434406	5	5	5
ENSG00000188833.10	ENTPD8	chr9	137434364	137441816	5	5	5
ENSG00000165802.23	NSMF	chr9	137447570	137459334	5	5	5
ENSG00000284317.1	MIR7114	chr9	137450026	137450086	5	5	5
ENSG00000130653.16	PNPLA7	chr9	137459952	137550402	5	5	5
ENSG00000182154.8	MRPL41	chr9	137551879	137552555	5	5	5
ENSG00000148399.13	DPH7	chr9	137554444	137578925	5	5	5
ENSG00000165724.6	ZMYND19	chr9	137582081	137590512	5	5	5
ENSG00000197070.14	ARRDC1	chr9	137605685	137615360	5	5	5
ENSG00000283411.1	AL590627.2	chr9	137605744	137711018	5	5	5
ENSG00000203993.6	ARRDC1-AS1	chr9	137615332	137618906	5	5	5
ENSG00000181090.21	EHMT1	chr9	137618992	137870016	5	5	5
ENSG00000274841.1	Metazoa_SRP	chr9	137638128	137638408	5	5	5
ENSG00000233998.1	SETP5	chr9	137640986	137641547	5	5	5
ENSG00000255585.3	AL590627.1	chr9	137776539	137789235	5	5	5
ENSG00000207693.1	MIR602	chr9	137838419	137838516	5	5	5
ENSG00000203987.3	AL772363.1	chr9	137867925	137892570	5	5	5
ENSG00000148408.13	CACNA1B	chr9	137877782	138124624	5	5	5
ENSG00000276388.1	AL591424.1	chr9	138129399	138129526			
ENSG00000229926.1	IL9RP1	chr9	138137095	138143864			
ENSG00000159247.13	TUBBP5	chr9	138150075	138177433			
ENSG00000278130.1	AL591424.2	chr9	138177426	138179774			
ENSG00000237419.1	AL954642.1	chr9	138199933	138203325			
ENSG00000233013.10	FAM157B	chr9	138217068	138253217			
ENSG00000223256.1	RNU6-785P	chr9	138259595	138259698			
ENSG00000250210.5	FO082796.1	chr9	138286248	138286430			
ENSG00000286255.1	FO082796.2	chr9	138319898	138320835			
ENSG00000260370.1	AC215217.1	chr10	14061	16544			
ENSG00000237297.1	AL713922.1	chr10	44712	46884			
ENSG00000261456.6	TUBB8	chr10	46888	74163			
ENSG00000232420.2	IL9RP2	chr10	80394	86265			
ENSG00000015171.20	ZMYND11	chr10	134465	254637			
ENSG00000276662.1	AL713922.2	chr10	147820	148751			
ENSG00000212331.1	RNA5SP297	chr10	154831	154943			
ENSG00000151240.17	DIP2C	chr10	274190	689668	6	6	6
ENSG00000201861.1	RNA5SP298	chr10	282015	282125			
ENSG00000239822.3	RN7SL754P	chr10	430239	430504	6	6	6
ENSG00000233021.2	AL669841.1	chr10	437561	441170	6	6	6
ENSG00000225140.1	AL358216.1	chr10	628638	631255	6	6	6
ENSG00000263511.1	MIR5699	chr10	641689	641778	6	6	6
ENSG00000180525.13	PRR26	chr10	649948	669581	6	6	6
ENSG00000231601.1	AL157709.1	chr10	743992	744958	6	6	6
ENSG00000107929.15	LARP4B	chr10	806914	931705	6	6	6
ENSG00000229869.1	AL359878.2	chr10	933026	942743	6	6	6
ENSG00000205740.2	AL359878.1	chr10	971146	988341	6	6	6
ENSG00000107937.19	GTPBP4	chr10	988434	1019932	6	6	6
ENSG00000148377.6	IDI2	chr10	1018910	1025859	6	6	6
ENSG00000232656.8	IDI2-AS1	chr10	1022630	1045425	6	6	6
ENSG00000067064.11	IDI1	chr10	1039152	1049170	6	6	6
ENSG00000047056.16	WDR37	chr10	1049538	1132384	6	6	6
ENSG00000229205.5	LINC00200	chr10	1159768	1289426	6	6	6
ENSG00000185736.16	ADARB2	chr10	1177313	1737525	6	6	6
ENSG00000287043.1	AL392083.2	chr10	1201406	1208389	6	6	6
ENSG00000282390.1	AL392083.1	chr10	1290018	1293002	6	6	6
ENSG00000233052.1	AL513304.1	chr10	1361001	1361637	6	6	6
ENSG00000205696.4	ADARB2-AS1	chr10	1526637	1556984	6	6	6
ENSG00000287653.1	AL355597.1	chr10	1957589	1960190	6	6	6
ENSG00000234962.6	LINC00700	chr10	1989076	2015005	6	6	6
ENSG00000226694.2	AL441943.1	chr10	2071845	2081097	6	6	6
ENSG00000278069.1	MIR6072	chr10	2076019	2076089	6	6	6
ENSG00000252998.1	RNU6-889P	chr10	2098167	2098269	6	6	6
ENSG00000227912.2	AL441943.2	chr10	2150480	2169460	6	6	6
ENSG00000231326.7	LINC02662	chr10	2169140	2189512	6	6	6
ENSG00000212156.1	RNU6-576P	chr10	2199387	2199488	6	6	6
ENSG00000234556.1	LINC00701	chr10	2305083	2315075	6	6	6
ENSG00000234170.6	LINC02645	chr10	2368561	2502200	6	6	6
ENSG00000237500.1	AL713851.2	chr10	2499721	2500570	6	6	6
ENSG00000235281.2	AL713851.1	chr10	2501600	2618739	6	6	6
ENSG00000286858.1	AL355361.1	chr10	2724819	2728267	6	6	6
ENSG00000231743.1	AC026396.1	chr10	2936021	2936441	6	6	6
ENSG00000234182.2	AL731533.1	chr10	3009976	3013111	6	6	6
ENSG00000287560.1	AL731533.3	chr10	3042535	3047083	6	6	6
ENSG00000273001.1	AL731533.2	chr10	3065424	3066001	6	6	6
ENSG00000067057.18	PFKP	chr10	3066333	3137718	6	6	6
ENSG00000278419.1	AL451164.2	chr10	3134566	3145166	6	6	6
ENSG00000107959.17	PITRM1	chr10	3137728	3172841	6	6	6
ENSG00000237399.7	PITRM1-AS1	chr10	3141632	3167972	6	6	6
ENSG00000288566.1	AL451164.3	chr10	3200829	3210666	6	6	6
ENSG00000236968.1	AL451164.1	chr10	3223816	3227407	6	6	6
ENSG00000226762.5	LINC02668	chr10	3232264	3258897	6	6	6
ENSG00000227338.2	AL139280.1	chr10	3263346	3267216	6	6	6
ENSG00000288657.1	AL139280.3	chr10	3270090	3277649	6	6	6
ENSG00000287428.1	AL139280.2	chr10	3296338	3298137	6	6	6
ENSG00000286610.1	AL356433.1	chr10	3397505	3400180	6	6	6
ENSG00000233321.2	LINC02669	chr10	3433508	3502915	6	6	6
ENSG00000236892.2	AL357833.1	chr10	3532094	3556314	6	6	6
ENSG00000229672.3	AL450322.2	chr10	3748966	3763712	6	6	6
ENSG00000228353.1	AL450322.1	chr10	3767915	3768751	6	6	6
ENSG00000067082.15	KLF6	chr10	3775996	3785281	6	6	6
ENSG00000287175.1	AL513303.1	chr10	3809835	3816169	6	6	6
ENSG00000230573.1	LINC02639	chr10	3833950	3834728	6	6	6
ENSG00000226005.5	LINC02660	chr10	3911889	3935817	6	6	6
ENSG00000274809.1	MIR6078	chr10	3991160	3991259	6	6	6
ENSG00000227101.2	AC025822.1	chr10	4024903	4053018	6	6	6
ENSG00000236990.1	AC025822.2	chr10	4051726	4089013	6	6	6
ENSG00000233117.4	LINC00702	chr10	4201141	4243912	6	6	6
ENSG00000224382.2	LINC00703	chr10	4384246	4410614	6	6	6
ENSG00000230096.1	AC022535.1	chr10	4415305	4426179	6	6	6
ENSG00000287246.1	AC022535.3	chr10	4437102	4448692	6	6	6
ENSG00000286687.1	AC022535.2	chr10	4497449	4515244	6	6	6
ENSG00000207124.1	RNU6-163P	chr10	4514952	4515057	6	6	6
ENSG00000231298.7	MANCR	chr10	4650158	4678185	6	6	6
ENSG00000225269.3	LINC00705	chr10	4655427	4682722	6	6	6
ENSG00000287023.1	AC018978.1	chr10	4747846	4785100	6	6	6
ENSG00000165568.18	AKR1E2	chr10	4786629	4848062	6	6	6
ENSG00000151631.8	AKR1C6P	chr10	4871901	4891975	6	6	6
ENSG00000238840.1	U8	chr10	4962436	4962568	6	6	6
ENSG00000187134.14	AKR1C1	chr10	4963253	4983283	6	6	6
ENSG00000151632.17	AKR1C2	chr10	4987400	5018031	6	6	6
ENSG00000224251.6	AL391427.1	chr10	4995488	4997380	6	6	6
ENSG00000239148.1	U8	chr10	5004710	5004842	6	6	6
ENSG00000196139.14	AKR1C3	chr10	5035354	5107686	6	6	6
ENSG00000239142.1	U8	chr10	5093408	5093543	6	6	6
ENSG00000225418.1	AKR1C5P	chr10	5122087	5135226	6	6	6
ENSG00000264006.8	AKR1C8P	chr10	5154140	5185187	6	6	6
ENSG00000198610.11	AKR1C4	chr10	5195462	5218949	6	6	6
ENSG00000228291.1	ARL4AP3	chr10	5207169	5207742	6	6	6
ENSG00000287848.1	AL355303.2	chr10	5215408	5217014	6	6	6
ENSG00000231039.2	AL355303.1	chr10	5234358	5263408	6	6	6
ENSG00000224034.1	LINC02561	chr10	5266033	5271236	6	6	6
ENSG00000215267.8	AKR1C7P	chr10	5275173	5288470	6	6	6
ENSG00000223987.1	RPL26P28	chr10	5304431	5304865	6	6	6
ENSG00000280450.1	AL683826.1	chr10	5346651	5347277	6	6	6
ENSG00000178473.7	UCN3	chr10	5364966	5374692	6	6	6
ENSG00000178462.12	TUBAL3	chr10	5393101	5404828	6	6	6
ENSG00000173848.19	NET1	chr10	5412557	5459056	6	6	6
ENSG00000178372.8	CALML5	chr10	5498697	5499570	6	6	6
ENSG00000205488.9	CALML3-AS1	chr10	5510036	5526246	6	6	6
ENSG00000178363.5	CALML3	chr10	5524961	5526771	6	6	6
ENSG00000256462.1	AL732437.1	chr10	5524976	5525742	6	6	6
ENSG00000287566.1	AL732437.3	chr10	5549637	5554329	6	6	6
ENSG00000287235.1	AL732437.2	chr10	5563295	5566881	6	6	6
ENSG00000242147.3	LASTR	chr10	5594984	5632566	6	6	6
ENSG00000228685.1	AL365356.2	chr10	5624931	5625126	6	6	6
ENSG00000240577.3	RN7SL445P	chr10	5631463	5631755	6	6	6
ENSG00000196372.13	ASB13	chr10	5638867	5666595	6	6	6
ENSG00000108021.20	TASOR2	chr10	5684838	5763740	6	6	6
ENSG00000226647.2	AL365356.1	chr10	5712174	5744067	6	6	6
ENSG00000057608.17	GDI2	chr10	5765223	5842132	6	6	6
ENSG00000270427.1	NRBF2P5	chr10	5776071	5776858	6	6	6
ENSG00000272764.1	AL596094.1	chr10	5813985	5814441	6	6	6
ENSG00000134461.16	ANKRD16	chr10	5861616	5889906	6	6	6
ENSG00000240180.1	RPL12P28	chr10	5861805	5862594	6	6	6
ENSG00000134452.20	FBH1	chr10	5890203	5937594	6	6	6
ENSG00000232807.2	AL137186.2	chr10	5934270	5945900	6	6	6
ENSG00000134470.21	IL15RA	chr10	5943639	5978187	6	6	6
ENSG00000134460.18	IL2RA	chr10	6010689	6062370	6	6	6
ENSG00000251922.1	AL137186.3	chr10	6017054	6017194	6	6	6
ENSG00000229664.1	AL137186.1	chr10	6025978	6036427	6	6	6
ENSG00000214015.3	RPL32P23	chr10	6071514	6071918	6	6	6
ENSG00000134453.16	RBM17	chr10	6089034	6117457	6	6	6
ENSG00000170525.21	PFKFB3	chr10	6144934	6254644	6	6	6
ENSG00000201581.1	RN7SKP78	chr10	6149623	6149940	6	6	6
ENSG00000263628.1	MIR3155A	chr10	6152196	6152277	6	6	6
ENSG00000283634.1	MIR3155B	chr10	6152207	6152262	6	6	6
ENSG00000213994.3	AL157395.1	chr10	6197612	6202693	6	6	6
ENSG00000238366.1	Y_RNA	chr10	6245731	6245831	6	6	6
ENSG00000215244.3	LINC02649	chr10	6271169	6353827	6	6	6
ENSG00000226705.1	SDCBPP1	chr10	6293100	6294684	6	6	6
ENSG00000212743.2	LINC02656	chr10	6350316	6352762	6	6	6
ENSG00000065675.15	PRKCQ	chr10	6427143	6580301	6	6	6
ENSG00000237943.7	PRKCQ-AS1	chr10	6580419	6616921	6	6	6
ENSG00000225948.2	LINC02648	chr10	6618716	6625346	6	6	6
ENSG00000285743.1	AL158210.1	chr10	6682513	6823789	6	6	6
ENSG00000223784.2	LINP1	chr10	6709530	6740532	6	6	6
ENSG00000285988.1	AL392086.2	chr10	6737418	6840712	6	6	6
ENSG00000281186.1	LINC00706	chr10	6774307	6779180	6	6	6
ENSG00000238266.2	LINC00707	chr10	6779549	6879450	6	6	6
ENSG00000285845.1	AL392086.1	chr10	6779608	6877888	6	6	6
ENSG00000287277.1	AL392086.3	chr10	6824275	7118469	6	6	6
ENSG00000223581.2	LINC02665	chr10	7096216	7097675	6	6	6
ENSG00000270811.1	AL590095.1	chr10	7154120	7154236	6	6	6
ENSG00000198879.12	SFMBT2	chr10	7158624	7411486	6	6	6
ENSG00000235141.1	COX6CP17	chr10	7295106	7295290	6	6	6
ENSG00000278982.1	AL139125.1	chr10	7411599	7413467	6	6	6
ENSG00000232591.2	LINC02642	chr10	7444340	7472040	6	6	6
ENSG00000207453.1	RNU6-535P	chr10	7486703	7486809	6	6	6
ENSG00000230121.1	AL445070.1	chr10	7533207	7536565	6	6	6
ENSG00000123243.15	ITIH5	chr10	7559270	7666998	6	6	6
ENSG00000151655.19	ITIH2	chr10	7703316	7749520	6	6	6
ENSG00000151657.12	KIN	chr10	7750962	7787993	6	6	6
ENSG00000165629.20	ATP5F1C	chr10	7788147	7807815	6	6	6
ENSG00000165632.8	TAF3	chr10	7818505	8016631	6	6	6
ENSG00000233990.1	AL353754.1	chr10	7833618	7833957	6	6	6
ENSG00000107485.18	GATA3	chr10	8045378	8075198	6	6	6
ENSG00000197308.9	GATA3-AS1	chr10	8050450	8053484	6	6	6
ENSG00000232638.1	AL390294.1	chr10	8051541	8053084	6	6	6
ENSG00000225053.1	PRPF38AP1	chr10	8161260	8162192	6	6	6
ENSG00000232170.6	LINC00708	chr10	8259331	8268342	6	6	6
ENSG00000226861.1	AL390835.1	chr10	8298897	8301667	6	6	6
ENSG00000226990.1	AC025946.1	chr10	8400860	8461863	6	6	6
ENSG00000271251.1	AC025946.2	chr10	8472719	8472952	6	6	6
ENSG00000213771.3	KRT8P37	chr10	8513687	8515106	6	6	6
ENSG00000236420.1	CHCHD3P1	chr10	8619933	8620608	6	6	6
ENSG00000212505.1	RNA5SP299	chr10	8656716	8656831	6	6	6
ENSG00000270234.1	AL355333.1	chr10	8724010	8724288	6	6	6
ENSG00000234752.1	LINC02676	chr10	8897989	8914596	6	6	6
ENSG00000223808.1	AC044784.1	chr10	8970125	8973468	6	6	6
ENSG00000230014.1	LINC00709	chr10	9275833	9287057	6	6	6
ENSG00000287120.1	AL138773.1	chr10	9292842	9309772	6	6	6
ENSG00000235838.1	HSP90AB7P	chr10	9721963	9724416	6	6	6
ENSG00000228636.3	LINC02663	chr10	9758783	9878060	6	6	6
ENSG00000224788.1	LINC02670	chr10	10058722	10063502	6	6	6
ENSG00000229919.3	ELOCP3	chr10	10174230	10174577	6	6	6
ENSG00000200849.1	Y_RNA	chr10	10232611	10232712	6	6	6
ENSG00000272436.1	CUX2P1	chr10	10257169	10257466	6	6	6
ENSG00000286439.1	AL354916.1	chr10	10326875	10337876	6	6	6
ENSG00000234306.1	AL583859.1	chr10	10365180	10366487	6	6	6
ENSG00000270111.3	CELF2-DT	chr10	10369809	10462361	6	6	6
ENSG00000279575.1	AL583859.2	chr10	10394670	10395737	6	6	6
ENSG00000287309.1	AL583859.3	chr10	10400340	10404203	6	6	6
ENSG00000228997.1	AL136452.1	chr10	10776223	10776661	6	6	6
ENSG00000225383.8	SFTA1P	chr10	10784437	10795047	6	6	6
ENSG00000048740.18	CELF2	chr10	10798397	11336675	6	6	6
ENSG00000229240.9	LINC00710	chr10	10917866	10952234	6	6	6
ENSG00000231496.2	AL136369.2	chr10	10960148	10970816	6	6	6
ENSG00000228027.1	AL136369.1	chr10	11010164	11011119	6	6	6
ENSG00000229206.3	AL162408.1	chr10	11030334	11030868	6	6	6
ENSG00000237986.4	CELF2-AS2	chr10	11071541	11105773	6	6	6
ENSG00000230322.1	AL136320.1	chr10	11168922	11171376	6	6	6
ENSG00000181800.6	CELF2-AS1	chr10	11316833	11319884	6	6	6
ENSG00000280086.1	AC026887.1	chr10	11395808	11398792	6	6	6
ENSG00000148429.14	USP6NL	chr10	11453946	11611754	6	6	6
ENSG00000271360.1	AL512631.2	chr10	11611305	11612227	6	6	6
ENSG00000271046.1	AL512631.1	chr10	11679675	11680514	6	6	6
ENSG00000134463.15	ECHDC3	chr10	11742366	11764070	6	6	6
ENSG00000148426.13	PROSER2	chr10	11823339	11872277	6	6	6
ENSG00000225778.5	PROSER2-AS1	chr10	11849608	11894700	6	6	6
ENSG00000151461.20	UPF2	chr10	11920022	12043170	6	6	6
ENSG00000251957.1	RNU6-1095P	chr10	11923181	11923288	6	6	6
ENSG00000181192.12	DHTKD1	chr10	12068954	12123221	6	6	6
ENSG00000272507.1	RNU6-88P	chr10	12116280	12116379	6	6	6
ENSG00000065665.21	SEC61A2	chr10	12129637	12169961	6	6	6
ENSG00000265653.1	MIR548AK	chr10	12130760	12130816	6	6	6
ENSG00000165609.13	NUDT5	chr10	12165330	12196144	6	6	6
ENSG00000151465.14	CDC123	chr10	12195965	12250589	6	6	6
ENSG00000228302.2	AL512770.1	chr10	12244751	12247845	6	6	6
ENSG00000264036.2	RN7SL198P	chr10	12328132	12328389	6	6	6
ENSG00000183049.13	CAMK1D	chr10	12349547	12835545	6	6	6
ENSG00000252438.1	AL391314.1	chr10	12415928	12416000	6	6	6
ENSG00000252118.1	RNU6ATAC39P	chr10	12456483	12456631	6	6	6
ENSG00000285994.1	AL731559.1	chr10	12563151	12567351	6	6	6
ENSG00000263584.1	MIR4480	chr10	12578753	12578823	6	6	6
ENSG00000283699.1	MIR4481	chr10	12653138	12653197	6	6	6
ENSG00000221331.1	MIR548Q	chr10	12725254	12725353	6	6	6
ENSG00000285520.1	AL353586.1	chr10	12877459	12965275	6	6	6
ENSG00000151468.11	CCDC3	chr10	12896625	13099652	6	6	6
ENSG00000212499.1	RNA5SP300	chr10	12924679	12924785	6	6	6
ENSG00000225251.1	RPL5P25	chr10	13057902	13058676	6	6	6
ENSG00000123240.17	OPTN	chr10	13099449	13138308	6	6	6
ENSG00000235763.1	SNRPGP5	chr10	13104574	13104793	6	6	6
ENSG00000234175.1	AL355355.2	chr10	13139196	13139533	6	6	6
ENSG00000228330.1	AL355355.1	chr10	13142185	13142977	6	6	6
ENSG00000203414.2	BTBD7P1	chr10	13156684	13158136	6	6	6
ENSG00000237540.1	RPL36AP36	chr10	13159477	13159777	6	6	6
ENSG00000065328.17	MCM10	chr10	13161558	13211110	6	6	6
ENSG00000272055.1	RNU6-6P	chr10	13217269	13217375	6	6	6
ENSG00000165623.10	UCMA	chr10	13221766	13234374	6	6	6
ENSG00000107537.14	PHYH	chr10	13277796	13302412	6	6	6
ENSG00000226209.1	RBISP1	chr10	13308145	13308447	6	6	6
ENSG00000086475.15	SEPHS1	chr10	13317428	13348298	6	6	6
ENSG00000286514.1	AL355870.2	chr10	13391347	13400706	6	6	6
ENSG00000233256.1	AL355870.1	chr10	13415202	13423133	6	6	6
ENSG00000165626.17	BEND7	chr10	13438484	13528974	6	6	6
ENSG00000202508.1	Y_RNA	chr10	13511206	13511313	6	6	6
ENSG00000227175.1	AL590677.1	chr10	13528516	13530262	6	6	6
ENSG00000165630.14	PRPF18	chr10	13586939	13630859	6	6	6
ENSG00000227474.1	RPL6P24	chr10	13591460	13592323	6	6	6
ENSG00000282246.1	AL157392.5	chr10	13610047	13655929	6	6	6
ENSG00000239665.8	AL157392.3	chr10	13631143	13668445	6	6	6
ENSG00000151474.23	FRMD4A	chr10	13643706	14462142	6	6	6
ENSG00000273474.1	AL157392.4	chr10	13675646	13675990	6	6	6
ENSG00000225112.1	AL157392.1	chr10	13710415	13712054	6	6	6
ENSG00000199407.1	RNA5SP301	chr10	13727796	13727916	6	6	6
ENSG00000234091.1	AL157392.2	chr10	13729383	13756200	6	6	6
ENSG00000215227.4	NUTF2P5	chr10	13870797	13871175	6	6	6
ENSG00000229751.1	AC044781.1	chr10	13991815	14007526	6	6	6
ENSG00000235410.1	AL157896.1	chr10	14074284	14087605	6	6	6
ENSG00000285671.1	AL139405.1	chr10	14372001	14377586	6	6	6
ENSG00000266321.1	MIR4293	chr10	14383200	14383277	6	6	6
ENSG00000278100.1	Metazoa_SRP	chr10	14391875	14392196	6	6	6
ENSG00000221371.1	MIR1265	chr10	14436576	14436661	6	6	6
ENSG00000065809.13	FAM107B	chr10	14518557	14774897	6	6	6
ENSG00000236495.2	AL158168.1	chr10	14652689	14661691	6	6	6
ENSG00000201766.1	RNA5SP302	chr10	14663395	14663494	6	6	6
ENSG00000237032.1	RPSAP7	chr10	14723171	14724055	6	6	6
ENSG00000185267.10	CDNF	chr10	14819245	14838575	6	6	6
ENSG00000284024.4	AC069544.2	chr10	14838302	14846999	6	6	6
ENSG00000187522.16	HSPA14	chr10	14838306	14871741	6	6	6
ENSG00000272853.1	AC069544.1	chr10	14877688	14878686	6	6	6
ENSG00000152455.16	SUV39H2	chr10	14878820	14904315	6	6	6
ENSG00000152457.18	DCLRE1C	chr10	14897359	14954432	6	6	6
ENSG00000197889.10	MEIG1	chr10	14959388	14988050	6	6	6
ENSG00000235623.2	OR7E110P	chr10	14986942	14987515	6	6	6
ENSG00000228547.5	OR7E26P	chr10	14999050	15000055	6	6	6
ENSG00000182531.7	OR7E115P	chr10	15007861	15008884	6	6	6
ENSG00000237470.3	DCLRE1CP1	chr10	15015370	15021863	6	6	6
ENSG00000152463.15	OLAH	chr10	15032227	15073853	6	6	6
ENSG00000176244.7	ACBD7	chr10	15075475	15088776	6	6	6
ENSG00000228312.1	GAPDHP45	chr10	15093263	15093611	6	6	6
ENSG00000176236.6	RPP38-DT	chr10	15095385	15097319	6	6	6
ENSG00000152464.15	RPP38	chr10	15097180	15139818	6	6	6
ENSG00000152465.18	NMT2	chr10	15102584	15168693	6	6	6
ENSG00000206448.3	PPIAP30	chr10	15154802	15155320	6	6	6
ENSG00000228181.1	AL590365.1	chr10	15171036	15171278	6	6	6
ENSG00000148468.17	FAM171A1	chr10	15211643	15371289	6	6	6
ENSG00000232739.1	AL607028.1	chr10	15237492	15241767	6	6	6
ENSG00000077943.8	ITGA8	chr10	15513954	15719922	6	6	6
ENSG00000148481.14	MINDY3	chr10	15778170	15860507	6	6	6
ENSG00000252537.1	AL358033.1	chr10	16005808	16005923	6	6	6
ENSG00000237913.1	FTLP19	chr10	16071416	16071809	6	6	6
ENSG00000201260.1	RNU6-1075P	chr10	16207821	16207927	6	6	6
ENSG00000226140.6	LINC02654	chr10	16276871	16295858	6	6	6
ENSG00000165983.14	PTER	chr10	16436943	16513745	6	6	6
ENSG00000223156.1	RNU2-18P	chr10	16476003	16476164	6	6	6
ENSG00000165985.10	C1QL3	chr10	16513734	16521879	6	6	6
ENSG00000287925.1	AL353576.1	chr10	16521714	16539737	6	6	6
ENSG00000148484.18	RSU1	chr10	16590611	16817463	6	6	6
ENSG00000225213.2	AC073367.1	chr10	16721352	16748377	6	6	6
ENSG00000275001.1	AL365215.1	chr10	16767235	16767416	6	6	6
ENSG00000286958.1	AL365215.2	chr10	16817699	16821207	6	6	6
ENSG00000107611.16	CUBN	chr10	16823966	17129811	6	6	6
ENSG00000273153.1	AC067747.1	chr10	17137336	17137585	6	6	6
ENSG00000107614.22	TRDMT1	chr10	17137336	17202054	6	6	6
ENSG00000229124.7	VIM-AS1	chr10	17214239	17229985	6	6	6
ENSG00000026025.16	VIM	chr10	17228241	17237593	6	6	6
ENSG00000234961.1	AL133415.1	chr10	17233325	17234833	6	6	6
ENSG00000148488.17	ST8SIA6	chr10	17315421	17454595	6	6	6
ENSG00000204832.10	ST8SIA6-AS1	chr10	17386919	17445758	6	6	6
ENSG00000251803.1	Y_RNA	chr10	17403508	17403620	6	6	6
ENSG00000236582.1	PRPF38AP2	chr10	17577362	17578212	6	6	6
ENSG00000165996.14	HACD1	chr10	17589032	17617374	6	6	6
ENSG00000280126.2	AC069542.2	chr10	17602910	17603127	6	6	6
ENSG00000260589.1	STAM-AS1	chr10	17641284	17643878	6	6	6
ENSG00000136738.15	STAM	chr10	17644151	17716824	6	6	6
ENSG00000229190.1	AC069542.1	chr10	17695709	17700232	6	6	6
ENSG00000148483.9	TMEM236	chr10	17752201	17800868	6	6	6
ENSG00000260314.3	MRC1	chr10	17809348	17911164	6	6	6
ENSG00000207938.1	MIR511	chr10	17845107	17845193	6	6	6
ENSG00000235637.1	AC069023.1	chr10	17862887	17865471	6	6	6
ENSG00000148482.12	SLC39A12	chr10	17951839	18043292	6	6	6
ENSG00000226083.5	SLC39A12-AS1	chr10	18001786	18010562	6	6	6
ENSG00000165995.22	CACNB2	chr10	18140424	18543557	6	6	6
ENSG00000235020.5	AL390783.1	chr10	18206127	18261504	6	6	6
ENSG00000240291.1	AL450384.2	chr10	18513115	18545651	6	6	6
ENSG00000225527.1	AL450384.1	chr10	18531849	18533336	6	6	6
ENSG00000241058.4	NSUN6	chr10	18545561	18659285	6	6	6
ENSG00000165997.5	ARL5B	chr10	18659431	18681639	6	6	6
ENSG00000234244.2	AL512641.1	chr10	18710269	18748342	6	6	6
ENSG00000225509.1	AIFM1P1	chr10	18735745	18738631	6	6	6
ENSG00000234813.1	AL357520.1	chr10	18940501	18940953	6	6	6
ENSG00000204740.11	MALRD1	chr10	19048801	19790401	6	6	6
ENSG00000226255.1	UBE2V2P1	chr10	19051455	19052170	6	6	6
ENSG00000227734.1	AL590378.1	chr10	19290223	19291480	6	6	6
ENSG00000239539.1	HMGN1P20	chr10	19489101	19489400	6	6	6
ENSG00000236960.1	AL354695.1	chr10	19491072	19491299	6	6	6
ENSG00000200545.2	U3	chr10	19598247	19598463	6	6	6
ENSG00000252001.1	RNA5SP303	chr10	19633683	19633812	6	6	6
ENSG00000233968.7	AL157895.1	chr10	19710328	19728550	6	6	6
ENSG00000283456.1	MTND1P37	chr10	19747172	19747435	6	6	6
ENSG00000230818.1	MTND2P16	chr10	19747823	19748621	6	6	6
ENSG00000252832.1	RNU6-1212P	chr10	19792998	19793101	6	6	6
ENSG00000285852.1	AL353147.1	chr10	19812372	19816278	6	6	6
ENSG00000120594.17	PLXDC2	chr10	19816239	20289856	6	6	6
ENSG00000238246.1	AC069549.1	chr10	20070805	20091784	6	6	6
ENSG00000287613.1	AC069549.2	chr10	20095125	20099664	6	6	6
ENSG00000228339.1	AMD1P1	chr10	20350049	20351100	6	6	6
ENSG00000270727.1	AL590032.1	chr10	20547171	20547422	6	6	6
ENSG00000265372.1	MIR4675	chr10	20551970	20552046	6	6	6
ENSG00000078114.19	NEBL	chr10	20779973	21293011	6	6	6
ENSG00000235940.1	MTND1P21	chr10	20804293	20804577	6	6	6
ENSG00000230112.1	AL157398.1	chr10	20841375	20841560	6	6	6
ENSG00000228753.1	EIF4BP2	chr10	21028999	21030792	6	6	6
ENSG00000228219.1	NPM1P30	chr10	21110682	21113388	6	6	6
ENSG00000231920.1	NEBL-AS1	chr10	21174014	21175048	6	6	6
ENSG00000228860.1	AL731547.1	chr10	21217891	21218279	6	6	6
ENSG00000232853.1	LUZP4P1	chr10	21247752	21248095	6	6	6
ENSG00000207264.1	RNU6-15P	chr10	21321961	21322067	6	6	6
ENSG00000230109.1	LINC02643	chr10	21340233	21372950	6	6	6
ENSG00000231553.1	RNMTL1P1	chr10	21394033	21394592	6	6	6
ENSG00000278650.1	AL158209.1	chr10	21452197	21452412	6	6	6
ENSG00000273566.1	Metazoa_SRP	chr10	21455236	21455515	6	6	6
ENSG00000199222.1	Y_RNA	chr10	21481716	21481817	6	6	6
ENSG00000204682.8	MIR1915HG	chr10	21492658	21497260	6	6	6
ENSG00000222071.1	MIR1915	chr10	21496562	21496641	6	6	6
ENSG00000180592.17	SKIDA1	chr10	21513475	21526368	6	6	6
ENSG00000078403.17	MLLT10	chr10	21524646	21743630	6	6	6
ENSG00000286881.1	AL358780.1	chr10	21526568	21526863	6	6	6
ENSG00000207347.1	RNU6-306P	chr10	21564471	21564577	6	6	6
ENSG00000223984.1	HNRNPRP1	chr10	21624592	21626286	6	6	6
ENSG00000201390.1	RNU6-1141P	chr10	21661635	21661741	6	6	6
ENSG00000136770.11	DNAJC1	chr10	21756548	22003769	6	6	6
ENSG00000252634.1	RN7SKP219	chr10	21785292	21785587	6	6	6
ENSG00000279623.1	AL359697.1	chr10	21865335	21865921	6	6	6
ENSG00000201364.1	RN7SKP37	chr10	21933143	21933438	6	6	6
ENSG00000232497.1	ADIPOR1P1	chr10	22162992	22165794	6	6	6
ENSG00000236777.1	AL157831.1	chr10	22163092	22164306	6	6	6
ENSG00000223601.2	EBLN1	chr10	22208814	22210021	6	6	6
ENSG00000260205.1	AL157831.2	chr10	22218074	22221168	6	6	6
ENSG00000227462.1	PSME2P6	chr10	22225698	22226024	6	6	6
ENSG00000286832.1	AL157831.3	chr10	22230826	22232973	6	6	6
ENSG00000279631.1	AL158211.5	chr10	22252072	22254589	6	6	6
ENSG00000261671.1	AL158211.1	chr10	22257786	22258548	6	6	6
ENSG00000233318.2	RPL31P45	chr10	22266991	22267346	6	6	6
ENSG00000148444.16	COMMD3	chr10	22316386	22320306	6	6	6
ENSG00000269897.5	COMMD3-BMI1	chr10	22316388	22329542	6	6	6
ENSG00000168283.14	BMI1	chr10	22321099	22331484	6	6	6
ENSG00000272516.1	AL158211.4	chr10	22332404	22332987	6	6	6
ENSG00000271981.1	AL158211.2	chr10	22332587	22332981	6	6	6
ENSG00000272366.1	AL158211.3	chr10	22340377	22340615	6	6	6
ENSG00000077327.16	SPAG6	chr10	22345445	22454224	6	6	6
ENSG00000233451.1	AL513128.1	chr10	22361172	22413067	6	6	6
ENSG00000286810.1	AL513128.3	chr10	22439954	22479480	6	6	6
ENSG00000285254.2	AL513128.2	chr10	22475455	22478026	6	6	6
ENSG00000150867.14	PIP4K2A	chr10	22534854	22714578	6	6	6
ENSG00000279819.1	AL390318.1	chr10	22693953	22694639	6	6	6
ENSG00000206842.1	RNU6-413P	chr10	22787393	22787499	6	6	6
ENSG00000165309.14	ARMC3	chr10	22928024	23038523	6	6	6
ENSG00000286924.1	AL139815.1	chr10	22964926	23133804	6	6	6
ENSG00000223131.1	RNA5SP304	chr10	22997255	22997358	6	6	6
ENSG00000148450.13	MSRB2	chr10	23095579	23122013	6	6	6
ENSG00000229932.3	YWHAZP3	chr10	23136924	23137661	6	6	6
ENSG00000252049.1	AL139281.2	chr10	23166985	23167101	6	6	6
ENSG00000168267.7	PTF1A	chr10	23192312	23194245	6	6	6
ENSG00000179133.15	C10orf67	chr10	23202696	23344845	6	6	6
ENSG00000227537.1	AL139281.1	chr10	23258211	23258545	6	6	6
ENSG00000224215.1	AL606469.1	chr10	23343957	23345181	6	6	6
ENSG00000264574.1	AL606469.2	chr10	23393405	23393467	6	6	6
ENSG00000165312.6	OTUD1	chr10	23439458	23442390	6	6	6
ENSG00000287124.1	AL512603.2	chr10	23443036	23529801	6	6	6
ENSG00000286442.1	AL512603.1	chr10	23575012	23586224	6	6	6
ENSG00000120549.18	KIAA1217	chr10	23694746	24547848	6	6	6
ENSG00000223928.1	NUP35P1	chr10	24157835	24158781	6	6	6
ENSG00000277563.1	AC063961.1	chr10	24255246	24255333	6	6	6
ENSG00000207930.1	MIR603	chr10	24275685	24275781	6	6	6
ENSG00000286951.1	AL356113.1	chr10	24410183	24416459	6	6	6
ENSG00000279029.1	AL353583.1	chr10	24481180	24483034	6	6	6
ENSG00000107863.18	ARHGAP21	chr10	24583609	24723887	6	6	6
ENSG00000199535.1	RNA5SP305	chr10	24640166	24640284	6	6	6
ENSG00000285750.1	AL157385.2	chr10	24816331	24822950	6	6	6
ENSG00000099256.19	PRTFDC1	chr10	24848614	24952606	6	6	6
ENSG00000228667.1	AL157385.1	chr10	24867645	24868190	6	6	6
ENSG00000240294.2	RN7SKP241	chr10	24908522	24908812	6	6	6
ENSG00000285859.1	AL512598.2	chr10	24952350	25161236	6	6	6
ENSG00000273107.1	AL512598.1	chr10	24953241	24953513	6	6	6
ENSG00000151023.17	ENKUR	chr10	24981979	25062279	6	6	6
ENSG00000185875.13	THNSL1	chr10	25016612	25026664	6	6	6
ENSG00000231422.2	LINC01516	chr10	25113058	25161236	6	6	6
ENSG00000233642.1	GPR158-AS1	chr10	25158072	25176276	6	6	6
ENSG00000151025.11	GPR158	chr10	25174802	25602229	6	6	6
ENSG00000274242.1	AL354976.1	chr10	25244061	25244854	6	6	6
ENSG00000222543.1	RN7SKP220	chr10	25393557	25393844	6	6	6
ENSG00000227465.1	GPN3P1	chr10	25647570	25648104	6	6	6
ENSG00000280809.4	LINC00836	chr10	25651712	25732935	6	6	6
ENSG00000271563.1	HIRAP1	chr10	25691537	25692323	6	6	6
ENSG00000223019.1	RNA5SP306	chr10	25813811	25813917	6	6	6
ENSG00000251711.1	RNU6-632P	chr10	25819363	25819426	6	6	6
ENSG00000226304.1	AL358612.1	chr10	25924448	25933710	6	6	6
ENSG00000095777.17	MYO3A	chr10	25934229	26212532	6	6	6
ENSG00000136750.13	GAD2	chr10	26216665	26304558	6	6	6
ENSG00000284951.1	AL355798.1	chr10	26379034	26387374	6	6	6
ENSG00000077420.16	APBB1IP	chr10	26438341	26567803	6	6	6
ENSG00000199733.1	RNA5SP307	chr10	26509589	26509704	6	6	6
ENSG00000236894.3	AL160287.1	chr10	26577676	26622338	6	6	6
ENSG00000233261.3	FAM238A	chr10	26589865	26594330	6	6	6
ENSG00000234296.1	AL390961.1	chr10	26643228	26645016	6	6	6
ENSG00000231976.8	FAM238B	chr10	26647986	26653454	6	6	6
ENSG00000227932.2	SELENOOLP	chr10	26664206	26697295	6	6	6
ENSG00000279212.1	AL390961.3	chr10	26695091	26697625	6	6	6
ENSG00000148459.16	PDSS1	chr10	26697701	26746798	6	6	6
ENSG00000234788.1	HSPA8P3	chr10	26714622	26715832	6	6	6
ENSG00000235843.1	AL390961.2	chr10	26717635	26718778	6	6	6
ENSG00000136754.18	ABI1	chr10	26746593	26861087	6	6	6
ENSG00000223027.1	AL139404.1	chr10	26789017	26789157	6	6	6
ENSG00000206605.1	RNU6-946P	chr10	26790540	26790646	6	6	6
ENSG00000283709.1	FAM238C	chr10	26931206	26944418	6	6	6
ENSG00000107890.17	ANKRD26	chr10	26973793	27100494	6	6	6
ENSG00000199855.1	RNU6-490P	chr10	27088321	27088427	6	6	6
ENSG00000136758.19	YME1L1	chr10	27110111	27155266	6	6	6
ENSG00000120539.15	MASTL	chr10	27154824	27187953	6	6	6
ENSG00000107897.20	ACBD5	chr10	27168135	27243046	6	6	6
ENSG00000252639.1	RNU2-24P	chr10	27193358	27193500	6	6	6
ENSG00000251839.1	RNU7-12P	chr10	27232255	27232316	6	6	6
ENSG00000262412.1	AL160291.1	chr10	27243130	27250804	6	6	6
ENSG00000230445.4	LRRC37A6P	chr10	27246350	27259455	6	6	6
ENSG00000238021.6	ARMC4P1	chr10	27258762	27288824	6	6	6
ENSG00000278830.1	AL355493.6	chr10	27313723	27316587	6	6	6
ENSG00000200369.1	RNU6-666P	chr10	27315120	27315226	6	6	6
ENSG00000215409.4	AL355493.1	chr10	27331357	27341252	6	6	6
ENSG00000207135.1	RNU6-452P	chr10	27335501	27335607	6	6	6
ENSG00000260151.1	LINC02673	chr10	27343436	27344917	6	6	6
ENSG00000213770.3	FAM210CP	chr10	27349717	27350290	6	6	6
ENSG00000237956.1	TRIAP1P1	chr10	27378138	27378362	6	6	6
ENSG00000182077.12	PTCHD3	chr10	27397121	27414368	6	6	6
ENSG00000099246.17	RAB18	chr10	27504174	27542239	6	6	6
ENSG00000285737.1	LINC02680	chr10	27564430	27594588	6	6	6
ENSG00000150051.14	MKX	chr10	27672874	27746060	6	6	6
ENSG00000230500.1	MKX-AS1	chr10	27744786	27767794	6	6	6
ENSG00000169126.16	ARMC4	chr10	27775186	27999079	6	6	6
ENSG00000251810.1	RN7SKP132	chr10	27783846	27784053	6	6	6
ENSG00000226016.1	RPL36AP55	chr10	27904209	27905162	6	6	6
ENSG00000233472.1	AL390866.1	chr10	27999788	28049615	6	6	6
ENSG00000226395.1	MRPS21P5	chr10	28004702	28004932	6	6	6
ENSG00000150054.18	MPP7	chr10	28050993	28334486	6	6	6
ENSG00000286413.1	AL355501.1	chr10	28263703	28265175	6	6	6
ENSG00000275036.1	MIR8086	chr10	28289258	28289350	6	6	6
ENSG00000282996.1	MPP7-DT	chr10	28303300	28307658	6	6	6
ENSG00000237746.1	ZNF101P1	chr10	28338554	28340942	6	6	6
ENSG00000222666.2	U3	chr10	28408039	28408251	6	6	6
ENSG00000237128.1	LINC02652	chr10	28433008	28495813	6	6	6
ENSG00000224439.2	RPSAP10	chr10	28436201	28437078	6	6	6
ENSG00000222705.1	RN7SKP39	chr10	28442575	28442896	6	6	6
ENSG00000254635.6	WAC-AS1	chr10	28522652	28533066	6	6	6
ENSG00000095787.23	WAC	chr10	28532493	28623112	6	6	6
ENSG00000252401.1	RNU4ATAC6P	chr10	28652630	28652755	6	6	6
ENSG00000231911.1	TPRKBP1	chr10	28658987	28659467	6	6	6
ENSG00000207483.1	RNU6-1067P	chr10	28667919	28668025	6	6	6
ENSG00000095739.11	BAMBI	chr10	28677510	28682932	6	6	6
ENSG00000232624.8	LINC01517	chr10	28743506	28941910	6	6	6
ENSG00000236716.1	AL355376.1	chr10	28743745	28744663	6	6	6
ENSG00000201001.1	RNU6-270P	chr10	28760699	28760803	6	6	6
ENSG00000235824.5	LINC00837	chr10	28789188	28796113	6	6	6
ENSG00000271220.2	AL355376.2	chr10	28812899	28813139	6	6	6
ENSG00000199402.1	RNA5SP308	chr10	28874393	28874507	6	6	6
ENSG00000229605.5	RPL21P93	chr10	28898996	28899484	6	6	6
ENSG00000120563.10	LYZL1	chr10	29289061	29318328	6	6	6
ENSG00000287402.1	AL158167.1	chr10	29373027	29409366	6	6	6
ENSG00000224597.10	SVIL-AS1	chr10	29409402	29487745	6	6	6
ENSG00000274985.1	PTCHD3P1	chr10	29421476	29422012	6	6	6
ENSG00000197321.15	SVIL	chr10	29457338	29736959	6	6	6
ENSG00000207612.1	MIR604	chr10	29545004	29545097	6	6	6
ENSG00000212411.1	SNORD115	chr10	29575306	29575381	6	6	6
ENSG00000216035.1	MIR938	chr10	29602264	29602346	6	6	6
ENSG00000225976.5	CKS1BP2	chr10	29697935	29698174	6	6	6
ENSG00000222092.1	RNU6-908P	chr10	29711915	29712008	6	6	6
ENSG00000237936.1	AL353093.1	chr10	29891032	29891467	6	6	6
ENSG00000165757.9	JCAD	chr10	30012803	30115494	6	6	6
ENSG00000200887.1	RNU6-598P	chr10	30299569	30299673	6	6	6
ENSG00000230125.1	EEF1A1P39	chr10	30301823	30302072	6	6	6
ENSG00000259994.1	AL353796.1	chr10	30302826	30306066	6	6	6
ENSG00000107951.15	MTPAP	chr10	30309801	30374448	6	6	6
ENSG00000285824.1	AL353796.2	chr10	30309803	30312026	6	6	6
ENSG00000250833.1	DNM1P17	chr10	30353706	30357365	6	6	6
ENSG00000241621.1	GOLGA2P6	chr10	30364410	30374386	6	6	6
ENSG00000239625.3	RN7SL241P	chr10	30366064	30366299	6	6	6
ENSG00000284277.1	MIR7162	chr10	30368597	30368665	6	6	6
ENSG00000214434.2	NIFKP1	chr10	30380174	30381062	6	6	6
ENSG00000235679.1	AL161651.1	chr10	30383400	30383622	6	6	6
ENSG00000224473.1	CCND3P1	chr10	30403197	30403776	6	6	6
ENSG00000107968.10	MAP3K8	chr10	30434021	30461833	6	6	6
ENSG00000213778.2	HNRNPA1P32	chr10	30517616	30518861	6	6	6
ENSG00000287420.1	AL590068.4	chr10	30529517	30554625	6	6	6
ENSG00000228800.1	AL590068.1	chr10	30553854	30554483	6	6	6
ENSG00000239744.3	RN7SL63P	chr10	30555601	30555904	6	6	6
ENSG00000230298.1	AL590068.2	chr10	30576699	30580182	6	6	6
ENSG00000285630.1	AL590068.3	chr10	30587706	30591092	6	6	6
ENSG00000151033.10	LYZL2	chr10	30611779	30629762	6	6	6
ENSG00000234814.8	SVIL2P	chr10	30655489	30717266	6	6	6
ENSG00000230720.1	LINC02644	chr10	30723251	30723740	6	6	6
ENSG00000183621.15	ZNF438	chr10	30820207	31031937	6	6	6
ENSG00000272914.1	AL359532.1	chr10	30831828	30833387	6	6	6
ENSG00000237135.1	DDX10P1	chr10	30919012	30921235	6	6	6
ENSG00000287564.1	AL359546.1	chr10	31033089	31143813	6	6	6
ENSG00000272381.2	LINC02664	chr10	31187715	31261910	6	6	6
ENSG00000237036.5	ZEB1-AS1	chr10	31206278	31320447	6	6	6
ENSG00000252479.1	RNA5SP309	chr10	31259599	31259704	6	6	6
ENSG00000148516.22	ZEB1	chr10	31318495	31529814	6	6	6
ENSG00000230397.1	SPTLC1P1	chr10	31360955	31361215	6	6	6
ENSG00000285781.1	AL117340.1	chr10	31362799	31364049	6	6	6
ENSG00000223834.5	AL161935.1	chr10	31602862	31606218	6	6	6
ENSG00000286694.1	AL161935.3	chr10	31608500	31620862	6	6	6
ENSG00000231855.1	AL161935.2	chr10	31628540	31628599	6	6	6
ENSG00000237797.1	MACORIS	chr10	31693084	31707388	6	6	6
ENSG00000222412.1	Y_RNA	chr10	31756042	31756136	6	6	6
ENSG00000165322.18	ARHGAP12	chr10	31805398	31928876	6	6	6
ENSG00000231148.1	HMGB1P7	chr10	31913143	31913754	6	6	6
ENSG00000230240.1	RPL34P19	chr10	31983885	31984554	6	6	6
ENSG00000239731.3	RN7SL825P	chr10	31992087	31992381	6	6	6
ENSG00000170759.11	KIF5B	chr10	32009015	32056425	6	6	6
ENSG00000206660.1	Y_RNA	chr10	32056746	32056839	6	6	6
ENSG00000234335.1	RPS4XP11	chr10	32102522	32103293	6	6	6
ENSG00000235113.1	AL161932.2	chr10	32109861	32111666	6	6	6
ENSG00000234811.1	AL161932.1	chr10	32111644	32111789	6	6	6
ENSG00000252482.1	RNU7-22P	chr10	32173684	32173744	6	6	6
ENSG00000217094.2	PPIAP31	chr10	32188323	32188817	6	6	6
ENSG00000233190.1	RPS24P13	chr10	32231849	32232245	6	6	6
ENSG00000227253.3	AL158834.2	chr10	32266289	32269474	6	6	6
ENSG00000120616.16	EPC1	chr10	32267751	32378798	6	6	6
ENSG00000226842.1	AL158834.1	chr10	32281686	32282829	6	6	6
ENSG00000233825.1	AL391839.2	chr10	32346499	32347179	6	6	6
ENSG00000229327.1	AL391839.1	chr10	32347397	32374488	6	6	6
ENSG00000200484.1	RNU6-1244P	chr10	32394558	32394665	6	6	6
ENSG00000286409.1	AL391839.3	chr10	32413499	32446061	6	6	6
ENSG00000216937.13	CCDC7	chr10	32446140	32882874	6	6	6
ENSG00000231245.2	C1DP1	chr10	32511336	32511737	6	6	6
ENSG00000150093.20	ITGB1	chr10	32887273	33005792	6	6	6
ENSG00000228816.1	AK3P5	chr10	32944481	32944999	6	6	6
ENSG00000229656.7	ITGB1-DT	chr10	32958437	33082102	6	6	6
ENSG00000234163.1	MTND4LP11	chr10	33023368	33023647	6	6	6
ENSG00000265319.2	RN7SL847P	chr10	33034655	33034924	6	6	6
ENSG00000229878.1	AL365203.1	chr10	33035469	33035664	6	6	6
ENSG00000235962.5	RPL7AP53	chr10	33057615	33058407	6	6	6
ENSG00000233387.1	IATPR	chr10	33096257	33116672	6	6	6
ENSG00000099250.18	NRP1	chr10	33177492	33336262	6	6	6
ENSG00000238258.1	AL121748.1	chr10	33211277	33213804	6	6	6
ENSG00000244356.3	RN7SL398P	chr10	33288304	33288601	6	6	6
ENSG00000273012.1	AL353600.1	chr10	33341655	33341905	6	6	6
ENSG00000287278.1	AL353600.2	chr10	33384891	33390935	6	6	6
ENSG00000226412.1	LINC02628	chr10	33578931	33600040	6	6	6
ENSG00000203565.3	AL450313.1	chr10	33684755	33709868	6	6	6
ENSG00000261683.2	LINC00838	chr10	33759713	33772702	6	6	6
ENSG00000226407.1	RPL23P11	chr10	33864313	33864723	6	6	6
ENSG00000223470.3	LINC02629	chr10	33909238	33917804	6	6	6
ENSG00000148498.16	PARD3	chr10	34109560	34815325	6	6	6
ENSG00000199200.2	Y_RNA	chr10	34201979	34202074	6	6	6
ENSG00000234167.1	ELOBP4	chr10	34488583	34488878	6	6	6
ENSG00000229235.1	RPL37P18	chr10	34663859	34664101	6	6	6
ENSG00000215184.2	RPS12P16	chr10	34675635	34676041	6	6	6
ENSG00000226386.1	PARD3-AS1	chr10	34815767	34816386	6	6	6
ENSG00000232525.1	SS18L2P1	chr10	34875210	34875422	6	6	6
ENSG00000223047.1	RNU6-847P	chr10	34926775	34926882	6	6	6
ENSG00000222909.1	RNU6-193P	chr10	34942969	34943075	6	6	6
ENSG00000213724.4	PRDX2P2	chr10	34965069	34966259	6	6	6
ENSG00000283000.2	LINC02635	chr10	34969881	34975578	6	6	6
ENSG00000108094.16	CUL2	chr10	35008551	35090642	6	6	6
ENSG00000266228.1	MIR3611	chr10	35079598	35079680	6	6	6
ENSG00000230534.6	AL392046.1	chr10	35098006	35127020	6	6	6
ENSG00000095794.19	CREM	chr10	35126791	35212958	6	6	6
ENSG00000253054.1	RNU7-77P	chr10	35135443	35135502	6	6	6
ENSG00000233343.1	ATP6V1G1P4	chr10	35158306	35158640	6	6	6
ENSG00000269952.1	AL117336.1	chr10	35210416	35210750	6	6	6
ENSG00000233200.1	LINC02634	chr10	35219894	35230598	6	6	6
ENSG00000253070.1	RNU6-794P	chr10	35231331	35231394	6	6	6
ENSG00000108100.18	CCNY	chr10	35247025	35572669	6	6	6
ENSG00000200097.1	RNU6-1167P	chr10	35250959	35251052	6	6	6
ENSG00000271335.6	AL117336.2	chr10	35314552	35336401	6	6	6
ENSG00000287945.1	AL603824.1	chr10	35443411	35444569	6	6	6
ENSG00000273312.2	AL121749.1	chr10	35604485	35608153	6	6	6
ENSG00000177291.4	GJD4	chr10	35605341	35608935	6	6	6
ENSG00000177283.7	FZD8	chr10	35638249	35642278	6	6	6
ENSG00000287528.1	AL121749.2	chr10	35641097	35647826	6	6	6
ENSG00000284265.1	MIR4683	chr10	35641172	35641252	6	6	6
ENSG00000226646.1	RPL7P37	chr10	35697300	35698037	6	6	6
ENSG00000280719.1	PCAT5	chr10	35778302	35800920	6	6	6
ENSG00000227313.1	LINC02630	chr10	35896874	35898963	6	6	6
ENSG00000227475.1	AL355300.1	chr10	36089086	36089389	6	6	6
ENSG00000236626.1	MTND5P17	chr10	36432882	36434484	6	6	6
ENSG00000228694.1	MTND4P18	chr10	36434710	36435174	6	6	6
ENSG00000237002.6	AL590730.1	chr10	36438616	36442392	6	6	6
ENSG00000274458.1	AL590730.2	chr10	36438661	36438788	6	6	6
ENSG00000229644.6	NAMPTP1	chr10	36521721	36524234	6	6	6
ENSG00000207271.1	Y_RNA	chr10	36626015	36626138	6	6	6
ENSG00000238176.1	AL390061.1	chr10	36940109	36943932	6	6	6
ENSG00000233533.1	MKNK2P1	chr10	36944111	36944738	6	6	6
ENSG00000225355.1	ARL6IP1P2	chr10	36995023	36995585	6	6	6
ENSG00000148513.18	ANKRD30A	chr10	37125725	37384111	6	6	6
ENSG00000206796.1	RNU6-811P	chr10	37135237	37135343	6	6	6
ENSG00000234918.1	AL157387.1	chr10	37240887	37242049	6	6	6
ENSG00000235687.9	LINC00993	chr10	37248118	37347031	6	6	6
ENSG00000244402.3	RN7SL314P	chr10	37297398	37297689	6	6	6
ENSG00000252621.1	Y_RNA	chr10	37303000	37303109	6	6	6
ENSG00000237970.1	TMEM161BP1	chr10	37337415	37338871	6	6	6
ENSG00000236313.1	VN1R53P	chr10	37348616	37349572	6	6	6
ENSG00000224920.1	TACC1P1	chr10	37523011	37544701	6	6	6
ENSG00000225276.1	MTND1P18	chr10	37600796	37601368	6	6	6
ENSG00000256892.2	MTRNR2L7	chr10	37601440	37602974	6	6	6
ENSG00000226578.1	AL132657.1	chr10	37775371	37784131	6	6	6
ENSG00000198105.15	ZNF248	chr10	37776526	37858106	6	6	6
ENSG00000260137.1	AL132657.2	chr10	37791580	37791937	6	6	6
ENSG00000225192.1	ZNF33BP1	chr10	37794276	37796109	6	6	6
ENSG00000228828.1	TLK2P2	chr10	37818606	37820982	6	6	6
ENSG00000236514.1	AL135791.1	chr10	37857740	37859110	6	6	6
ENSG00000151963.4	ZNF37CP	chr10	37883594	37884109	6	6	6
ENSG00000235197.1	ZNF33CP	chr10	37894637	37896666	6	6	6
ENSG00000175395.16	ZNF25	chr10	37949573	37976647	6	6	6
ENSG00000226447.1	ZNF25-DT	chr10	37976825	37992467	6	6	6
ENSG00000206840.1	Y_RNA	chr10	37994863	37994975	6	6	6
ENSG00000189180.16	ZNF33A	chr10	38010650	38065088	6	6	6
ENSG00000252132.1	RNU6-795P	chr10	38043873	38043975	6	6	6
ENSG00000275675.1	AL161931.1	chr10	38068449	38068694	6	6	6
ENSG00000226086.5	EIF3LP3	chr10	38080056	38080877	6	6	6
ENSG00000235964.1	FXYD6P2	chr10	38091764	38092051	6	6	6
ENSG00000075407.18	ZNF37A	chr10	38094334	38150293	6	6	6
ENSG00000283930.1	AL117339.4	chr10	38094368	38360098	6	6	6
ENSG00000272983.1	AL117339.3	chr10	38137337	38144399	6	6	6
ENSG00000225965.1	AL117339.1	chr10	38161570	38161749	6	6	6
ENSG00000224761.4	CCNYL4	chr10	38164648	38212417	6	6	6
ENSG00000226113.1	AL133217.1	chr10	38247922	38333155	6	6	6
ENSG00000234941.1	AL117339.2	chr10	38250442	38250603	6	6	6
ENSG00000099251.14	HSD17B7P2	chr10	38356380	38378505	6	6	6
ENSG00000120555.13	SEPTIN7P9	chr10	38383069	38402916	6	6	6
ENSG00000276805.2	AL133216.2	chr10	38403189	38452153	6	6	6
ENSG00000222314.1	RNU6-1118P	chr10	38423625	38423728	6	6	6
ENSG00000228882.1	CICP9	chr10	38452987	38455365	6	6	6
ENSG00000203496.9	AL133216.1	chr10	38453181	38466176	6	6	6
ENSG00000215151.4	ABCD1P2	chr10	38601418	38605609	6	6	6
ENSG00000277133.1	AL133173.2	chr10	38617255	38617344	6	6	6
ENSG00000225638.1	PABPC1P12	chr10	38635908	38638082	6	6	6
ENSG00000233867.2	SLC9B1P3	chr10	38640971	38689068	6	6	6
ENSG00000227264.3	ACTR3BP5	chr10	38696424	38697902	6	6	6
ENSG00000234541.2	CHEK2P5	chr10	38713195	38719229	6	6	6
ENSG00000227679.1	AL133173.1	chr10	38762095	38762491	6	6	6
ENSG00000233832.1	AL590623.1	chr10	38783004	38783108	6	6	6
ENSG00000229485.1	KSR1P1	chr10	42149310	42149549	6	6	6
ENSG00000237592.2	IGKV1OR10-1	chr10	42185339	42185791	6	6	6
ENSG00000271650.1	AL031601.1	chr10	42209990	42210383	6	6	6
ENSG00000274167.4	AL031601.2	chr10	42242721	42276842	6	6	6
ENSG00000228755.1	PABPC1P8	chr10	42279734	42281819	6	6	6
ENSG00000215146.5	BX322639.1	chr10	42331866	42367974	6	6	6
ENSG00000182632.15	CCNYL2	chr10	42408168	42475349	6	6	6
ENSG00000279239.1	AL391099.1	chr10	42470082	42470268	6	6	6
ENSG00000185904.12	LINC00839	chr10	42475480	42495337	6	6	6
ENSG00000234420.7	ZNF37BP	chr10	42513510	42552822	6	6	6
ENSG00000270762.1	FXYD6P1	chr10	42555440	42555724	6	6	6
ENSG00000233837.1	EIF3LP2	chr10	42566677	42567483	6	6	6
ENSG00000196693.15	ZNF33B	chr10	42574185	42638570	6	6	6
ENSG00000277479.1	AL022345.3	chr10	42578500	42578727	6	6	6
ENSG00000272319.2	AL022345.1	chr10	42579724	42579858	6	6	6
ENSG00000272387.2	AL022345.2	chr10	42583241	42583375	6	6	6
ENSG00000251783.1	RNU6-1170P	chr10	42605158	42605263	6	6	6
ENSG00000285884.1	AL022345.4	chr10	42638314	42645542	6	6	6
ENSG00000233515.2	LINC01518	chr10	42644445	42691723	6	6	6
ENSG00000232109.1	VN1R54P	chr10	42660728	42661776	6	6	6
ENSG00000231009.1	CUBNP1	chr10	42694371	42714575	6	6	6
ENSG00000234864.2	LINC02632	chr10	42696012	42706453	6	6	6
ENSG00000230425.1	RSU1P1	chr10	42725857	42737159	6	6	6
ENSG00000270552.1	DUXAP3	chr10	42747544	42748687	6	6	6
ENSG00000259869.2	AL022344.1	chr10	42751178	42754297	6	6	6
ENSG00000165733.8	BMS1	chr10	42782795	42834937	6	6	6
ENSG00000252416.1	RNU6-885P	chr10	42832447	42832550	6	6	6
ENSG00000234944.1	LINC02623	chr10	42871521	42874060	6	6	6
ENSG00000229630.1	LINC01264	chr10	42979017	42981507	6	6	6
ENSG00000263795.1	MIR5100	chr10	42997563	42997681	6	6	6
ENSG00000165731.20	RET	chr10	43077064	43130351	6	6	6
ENSG00000273008.1	AC010864.1	chr10	43136824	43138334	6	6	6
ENSG00000169826.8	CSGALNACT2	chr10	43138445	43185302	6	6	6
ENSG00000198915.12	RASGEF1A	chr10	43194535	43267065	6	6	6
ENSG00000224265.1	LINC02633	chr10	43323665	43327932	6	6	6
ENSG00000285712.1	AC068707.1	chr10	43325833	43350792	6	6	6
ENSG00000221468.1	RNU6ATAC11P	chr10	43341786	43341910	6	6	6
ENSG00000150201.15	FXYD4	chr10	43371636	43376335	6	6	6
ENSG00000169813.16	HNRNPF	chr10	43385617	43409166	6	6	6
ENSG00000221400.2	SNORD3J	chr10	43417249	43417438	6	6	6
ENSG00000230555.2	AL450326.1	chr10	43420738	43422100	6	6	6
ENSG00000243660.11	ZNF487	chr10	43436841	43483181	6	6	6
ENSG00000252532.1	RNU7-193P	chr10	43458065	43458129	6	6	6
ENSG00000236114.1	AL450326.2	chr10	43523256	43525217	6	6	6
ENSG00000196793.14	ZNF239	chr10	43556344	43574618	6	6	6
ENSG00000287852.1	AL450326.3	chr10	43583498	43596625	6	6	6
ENSG00000232004.1	CAP1P2	chr10	43604843	43606251	6	6	6
ENSG00000198298.13	ZNF485	chr10	43606419	43617904	6	6	6
ENSG00000223910.1	ZNF32-AS3	chr10	43628817	43674703	6	6	6
ENSG00000237389.1	AL645634.2	chr10	43630882	43631564	6	6	6
ENSG00000238263.1	RPL21P88	chr10	43630947	43631382	6	6	6
ENSG00000169740.14	ZNF32	chr10	43643860	43648881	6	6	6
ENSG00000226245.1	ZNF32-AS1	chr10	43643872	43645047	6	6	6
ENSG00000230565.1	ZNF32-AS2	chr10	43645942	43648019	6	6	6
ENSG00000228426.1	AL645634.1	chr10	43665668	43667005	6	6	6
ENSG00000271173.1	SPRING1P1	chr10	43728217	43728728	6	6	6
ENSG00000224162.1	UQCRHP3	chr10	43732334	43732584	6	6	6
ENSG00000223746.1	ELOCP30	chr10	43741437	43742350	6	6	6
ENSG00000234973.5	LINC02658	chr10	43777562	43778825	6	6	6
ENSG00000226808.3	LINC00840	chr10	43778946	43901004	6	6	6
ENSG00000226790.3	HNRNPA3P1	chr10	43789249	43790387	6	6	6
ENSG00000236769.3	LINC02659	chr10	43900874	43912369	6	6	6
ENSG00000233395.2	LINC00841	chr10	43909244	43981102	6	6	6
ENSG00000227029.1	AL139237.1	chr10	43912444	43914236	6	6	6
ENSG00000237590.1	AL137026.2	chr10	44259602	44261813	6	6	6
ENSG00000229116.3	AL137026.1	chr10	44282489	44293998	6	6	6
ENSG00000277288.5	LINC02881	chr10	44292569	44294649	6	6	6
ENSG00000287901.1	AL137026.3	chr10	44296805	44310237	6	6	6
ENSG00000107562.16	CXCL12	chr10	44370165	44386493	6	6	6
ENSG00000214089.3	RPL9P21	chr10	44414649	44415153	6	6	6
ENSG00000270767.1	AL356157.2	chr10	44488335	44488445	6	6	6
ENSG00000287173.1	AL356157.3	chr10	44509708	44515421	6	6	6
ENSG00000234580.1	AL356157.1	chr10	44591208	44602104	6	6	6
ENSG00000224812.3	TMEM72-AS1	chr10	44793119	44959709	6	6	6
ENSG00000227395.1	EIF2AP4	chr10	44806443	44808223	6	6	6
ENSG00000234504.2	AL353801.2	chr10	44899614	44920220	6	6	6
ENSG00000187783.12	TMEM72	chr10	44911316	44937010	6	6	6
ENSG00000223462.2	AL353801.1	chr10	44937508	44955725	6	6	6
ENSG00000273363.1	AL353801.3	chr10	44958917	44959458	6	6	6
ENSG00000107551.21	RASSF4	chr10	44959407	44995891	6	6	6
ENSG00000165507.9	DEPP1	chr10	44970981	44978809	6	6	6
ENSG00000165511.6	ZNF22-AS1	chr10	44997698	45000888	6	6	6
ENSG00000165512.5	ZNF22	chr10	45000923	45005326	6	6	6
ENSG00000226937.9	CEP164P1	chr10	45002222	45076066	6	6	6
ENSG00000277757.4	AL358394.3	chr10	45016080	45147221	6	6	6
ENSG00000270258.1	DUXAP4	chr10	45055656	45056268	6	6	6
ENSG00000228462.1	RPS19P7	chr10	45073146	45073541	6	6	6
ENSG00000232554.9	RSU1P2	chr10	45099487	45154606	6	6	6
ENSG00000235690.2	CUBNP3	chr10	45127318	45148914	6	6	6
ENSG00000243349.2	AL358394.2	chr10	45147394	45171389	6	6	6
ENSG00000236442.1	ANKRD54P1	chr10	45151445	45151915	6	6	6
ENSG00000230501.1	ANKRD30BP3	chr10	45156775	45176925	6	6	6
ENSG00000263476.1	MIR3156-1	chr10	45164014	45164088	6	6	6
ENSG00000227683.1	AL358394.1	chr10	45164228	45181427	6	6	6
ENSG00000275312.1	AL512324.3	chr10	45180400	45180616	6	6	6
ENSG00000278531.1	AL512324.6	chr10	45187292	45198323	6	6	6
ENSG00000207071.1	RNU6-1207P	chr10	45188790	45188896	6	6	6
ENSG00000234993.1	CUBNP2	chr10	45232026	45247361	6	6	6
ENSG00000224402.2	OR6D1P	chr10	45255640	45263252	6	6	6
ENSG00000256574.8	OR13A1	chr10	45302298	45315608	6	6	6
ENSG00000012779.11	ALOX5	chr10	45374176	45446119	6	6	6
ENSG00000231964.1	AL731567.1	chr10	45444570	45453121	6	6	6
ENSG00000165406.16	MARCHF8	chr10	45454585	45594906	6	6	6
ENSG00000172671.20	ZFAND4	chr10	45615500	45672780	6	6	6
ENSG00000230869.1	AGAP10P	chr10	45678692	45700532	6	6	6
ENSG00000237840.6	FAM21FP	chr10	45706431	45727231	6	6	6
ENSG00000228702.1	AL645998.1	chr10	45725694	45726038	6	6	6
ENSG00000172661.19	WASHC2C	chr10	45727200	45792964	6	6	6
ENSG00000270434.1	AC012044.1	chr10	45812648	45812944	6	6	6
ENSG00000231122.5	FAM25E	chr10	45815428	45817324	6	6	6
ENSG00000188234.13	AGAP4	chr10	45825594	45853875	6	6	6
ENSG00000239883.8	PARGP1	chr10	45854093	45972154	6	6	6
ENSG00000239152.1	RNA5SP310	chr10	45856307	45856422	6	6	6
ENSG00000264217.2	RPL35AP23	chr10	45940522	45940851	6	6	6
ENSG00000265354.4	TIMM23	chr10	45972489	46003742	6	6	6
ENSG00000265733.1	SNORA74C-1	chr10	45984610	45984810	6	6	6
ENSG00000266412.5	NCOA4	chr10	46005088	46030714	6	6	6
ENSG00000263639.7	MSMB	chr10	46033307	46048180	6	6	6
ENSG00000280012.2	RPL23AP61	chr10	46063250	46063715	6	6	6
ENSG00000264204.2	AGAP7P	chr10	46109621	46131358	6	6	6
ENSG00000263482.3	ANTXRLP1	chr10	46233885	46273557	6	6	6
ENSG00000274209.4	ANTXRL	chr10	46286345	46330207	6	6	6
ENSG00000279058.2	AGAP14P	chr10	46337224	46358714	6	6	6
ENSG00000273225.4	FAM25BP	chr10	46369113	46373563	6	6	6
ENSG00000279458.2	AC244230.1	chr10	46370759	46382626	6	6	6
ENSG00000264230.9	ANXA8L1	chr10	46375627	46391784	6	6	6
ENSG00000285402.1	AC244230.2	chr10	46375752	46537864	6	6	6
ENSG00000285294.1	LINC00842	chr10	46398362	46453306	6	6	6
ENSG00000213412.3	HNRNPA1P33	chr10	46415853	46416413	6	6	6
ENSG00000204174.8	NPY4R	chr10	46461099	46465958	6	6	6
ENSG00000204175.5	GPRIN2	chr10	46549044	46555530	6	6	6
ENSG00000204176.14	SYT15	chr10	46578217	46594173	6	6	6
ENSG00000231187.3	AL356056.2	chr10	46580708	46598150	6	6	6
ENSG00000229227.8	AL356056.1	chr10	46597918	46612154	6	6	6
ENSG00000165874.13	SHLD2P1	chr10	46610474	46652025	6	6	6
ENSG00000272430.1	LINC02637	chr10	46632387	46635472	6	6	6
ENSG00000229927.2	RHEBP1	chr10	46634911	46635466	6	6	6
ENSG00000274186.1	RN7SL248P	chr10	46648948	46649276	6	6	6
ENSG00000285662.2	FAM245B	chr10	46721002	46751738	6	6	6
ENSG00000280913.2	CTSLP3	chr10	46753605	46759740	6	6	6
ENSG00000265366.6	GLUD1P2	chr10	46759019	46786770	6	6	6
ENSG00000215097.3	AL731733.1	chr10	46774421	46776180	6	6	6
ENSG00000204177.10	BMS1P1	chr10	46786674	46811989	6	6	6
ENSG00000238405.1	RNA5SP311	chr10	46807458	46807573	6	6	6
ENSG00000243289.1	AGAP13P	chr10	46816516	46832476	6	6	6
ENSG00000150175.13	FRMPD2B	chr10	46870858	46894562	6	6	6
ENSG00000204179.10	PTPN20	chr10	46911396	47002488	6	6	6
ENSG00000266524.3	GDF10	chr10	47300197	47313577	6	6	6
ENSG00000263761.3	GDF2	chr10	47322454	47327588	6	6	6
ENSG00000265203.2	RBP3	chr10	47348363	47357881	6	6	6
ENSG00000265763.4	ZNF488	chr10	47365496	47384293	6	6	6
ENSG00000265190.7	ANXA8	chr10	47460162	47484158	6	6	6
ENSG00000270369.1	AL591684.3	chr10	47484457	47484754	6	6	6
ENSG00000189090.7	FAM25G	chr10	47487219	47491693	6	6	6
ENSG00000224919.1	AL591684.1	chr10	47496212	47502195	6	6	6
ENSG00000204172.12	AGAP9	chr10	47501854	47523638	6	6	6
ENSG00000254929.6	AL591684.2	chr10	47517816	47553514	6	6	6
ENSG00000252877.1	RNA5SP312	chr10	47532352	47532467	6	6	6
ENSG00000251079.6	BMS1P2	chr10	47538377	47551954	6	6	6
ENSG00000265630.2	BX547991.1	chr10	47563604	47569697	6	6	6
ENSG00000215065.3	DUSP8P1	chr10	47564256	47566016	6	6	6
ENSG00000266217.2	CTSLP2	chr10	47581211	47582321	6	6	6
ENSG00000264404.3	LINC02675	chr10	47588681	47619480	6	6	6
ENSG00000189014.7	SHLD2P3	chr10	47689707	47730436	6	6	6
ENSG00000276544.1	RN7SL453P	chr10	47692399	47692727	6	6	6
ENSG00000226964.1	RHEBP2	chr10	47706203	47706802	6	6	6
ENSG00000277758.5	FO681492.1	chr10	47749758	47763592	6	6	6
ENSG00000276850.5	AC245041.2	chr10	47908064	47991877	6	6	6
ENSG00000264717.5	NPY4R2	chr10	47918739	47923524	6	6	6
ENSG00000273760.1	AC245041.1	chr10	47970043	47973496	6	6	6
ENSG00000276430.3	FAM25C	chr10	47995322	47999791	6	6	6
ENSG00000265018.6	AGAP12P	chr10	48009873	48031640	6	6	6
ENSG00000252149.1	RNA5SP315	chr10	48040462	48040577	6	6	6
ENSG00000270025.2	BMS1P7	chr10	48050282	48060016	6	6	6
ENSG00000278561.1	PTPN20CP	chr10	48064308	48119455	6	6	6
ENSG00000170324.21	FRMPD2	chr10	48153088	48274696	6	6	6
ENSG00000285786.1	AC074325.1	chr10	48246525	48248512	6	6	6
ENSG00000225482.1	RPS6P14	chr10	48292699	48293417	6	6	6
ENSG00000107643.16	MAPK8	chr10	48306639	48439360	6	6	6
ENSG00000279822.1	AC016397.2	chr10	48443836	48445820	6	6	6
ENSG00000128805.15	ARHGAP22	chr10	48446036	48656265	6	6	6
ENSG00000248682.1	ARHGAP22-IT1	chr10	48510525	48511589	6	6	6
ENSG00000231906.1	AC016397.1	chr10	48546472	48546713	6	6	6
ENSG00000251413.1	AC068898.2	chr10	48624004	48625093	6	6	6
ENSG00000236800.1	AC068898.1	chr10	48664199	48672424	6	6	6
ENSG00000128815.19	WDFY4	chr10	48684876	48982956	6	6	6
ENSG00000228754.1	RPL13AP19	chr10	48745545	48746128	6	6	6
ENSG00000286993.1	AC035139.2	chr10	48835541	48845945	6	6	6
ENSG00000228403.1	AC035139.1	chr10	48878022	48878649	6	6	6
ENSG00000241577.1	AC060234.3	chr10	48883955	48935213	6	6	6
ENSG00000165383.11	LRRC18	chr10	48909483	48914232	6	6	6
ENSG00000233665.8	AC060234.2	chr10	48976554	48993046	6	6	6
ENSG00000226576.1	AC060234.1	chr10	48984564	49018897	6	6	6
ENSG00000264800.1	MIR4294	chr10	48985512	48985587	6	6	6
ENSG00000165633.13	VSTM4	chr10	49014236	49115522	6	6	6
ENSG00000234736.6	FAM170B-AS1	chr10	49121839	49151547	6	6	6
ENSG00000172538.7	FAM170B	chr10	49131154	49134021	6	6	6
ENSG00000204161.14	TMEM273	chr10	49154725	49188585	6	6	6
ENSG00000236208.1	C10orf71-AS1	chr10	49296112	49299018	6	6	6
ENSG00000177354.12	C10orf71	chr10	49299170	49327492	6	6	6
ENSG00000165606.9	DRGX	chr10	49364181	49396016	6	6	6
ENSG00000235939.1	AL138760.1	chr10	49419277	49472903	6	6	6
ENSG00000225830.15	ERCC6	chr10	49454470	49539538	6	6	6
ENSG00000271237.1	HMGB1P50	chr10	49551308	49552652	6	6	6
ENSG00000070748.19	CHAT	chr10	49609095	49667942	6	6	6
ENSG00000187714.7	SLC18A3	chr10	49610310	49612720	6	6	6
ENSG00000178645.13	C10orf53	chr10	49679651	49710261	6	6	6
ENSG00000197444.10	OGDHL	chr10	49734641	49762379	6	6	6
ENSG00000226389.3	MAPK6P6	chr10	49771841	49773299	6	6	6
ENSG00000229870.1	RPL21P89	chr10	49815096	49815562	6	6	6
ENSG00000227345.8	PARG	chr10	49818279	49970203	6	6	6
ENSG00000230166.1	RPL35AP24	chr10	49909613	49909942	6	6	6
ENSG00000204152.14	TIMM23B	chr10	49942049	49974850	6	6	6
ENSG00000178440.7	TIMM23B-AGAP6	chr10	49942056	50011654	6	6	6
ENSG00000288603.1	SNORA74C-2	chr10	49954214	49954414	6	6	6
ENSG00000222108.1	RNA5SP317	chr10	49979665	49979780	6	6	6
ENSG00000285803.1	AL442003.1	chr10	49981420	49988899	6	6	6
ENSG00000204149.13	AGAP6	chr10	49982190	50010506	6	6	6
ENSG00000235618.8	FAM21EP	chr10	50021182	50067803	6	6	6
ENSG00000226631.1	SLC9A3P3	chr10	50025135	50027363	6	6	6
ENSG00000099290.17	WASHC2A	chr10	50067888	50133509	6	6	6
ENSG00000233011.1	SLC9A3P1	chr10	50150603	50152287	6	6	6
ENSG00000188611.16	ASAH2	chr10	50182778	50279720	6	6	6
ENSG00000225137.1	DYNC1I2P1	chr10	50264978	50266815	6	6	6
ENSG00000198964.14	SGMS1	chr10	50305586	50625163	6	6	6
ENSG00000286401.1	AC069547.2	chr10	50325697	50341585	6	6	6
ENSG00000279863.1	AC069547.1	chr10	50334538	50336123	6	6	6
ENSG00000225303.2	AL117341.1	chr10	50472814	50474246	6	6	6
ENSG00000238523.1	RNU7-107P	chr10	50590652	50590712	6	6	6
ENSG00000226200.7	SGMS1-AS1	chr10	50623466	50641451	6	6	6
ENSG00000231588.1	SHQ1P1	chr10	50629532	50631075	6	6	6
ENSG00000231345.3	BEND3P1	chr10	50655967	50660472	6	6	6
ENSG00000232706.3	NUTM2HP	chr10	50676743	50686326	6	6	6
ENSG00000226168.1	AL589794.1	chr10	50695592	50695981	6	6	6
ENSG00000230011.2	CTSLP4	chr10	50705380	50708906	6	6	6
ENSG00000213667.3	PGGT1BP1	chr10	50726947	50727969	6	6	6
ENSG00000287221.1	AL589794.2	chr10	50736078	50739434	6	6	6
ENSG00000204147.11	ASAH2B	chr10	50739318	50816495	6	6	6
ENSG00000148584.15	A1CF	chr10	50799409	50885675	6	6	6
ENSG00000229711.1	AL512366.1	chr10	50822692	50824525	6	6	6
ENSG00000236944.1	CCDC58P2	chr10	50962993	50963358	6	6	6
ENSG00000261368.1	AL731537.2	chr10	50964270	50965220	6	6	6
ENSG00000185532.20	PRKG1	chr10	50990888	52298423	6	6	6
ENSG00000223502.1	AL731537.1	chr10	51062579	51068553	6	6	6
ENSG00000231132.1	AC022537.1	chr10	51244894	51245806	6	6	6
ENSG00000207813.1	MIR605	chr10	51299573	51299655	6	6	6
ENSG00000235279.1	AC069079.1	chr10	51302566	51306709	6	6	6
ENSG00000213659.4	RSU1P3	chr10	51319826	51320660	6	6	6
ENSG00000177613.9	CSTF2T	chr10	51695486	51699595	6	6	6
ENSG00000236671.9	PRKG1-AS1	chr10	52230398	52314507	6	6	6
ENSG00000107984.10	DKK1	chr10	52314281	52318042	6	6	6
ENSG00000213657.3	RPL31P44	chr10	52389112	52389488	6	6	6
ENSG00000227972.1	THAP12P3	chr10	52411135	52413492	6	6	6
ENSG00000231131.8	LNCAROD	chr10	52450874	52755507	6	6	6
ENSG00000165471.7	MBL2	chr10	52765380	52772784	6	6	6
ENSG00000201196.1	Y_RNA	chr10	52852607	52852703	6	6	6
ENSG00000285958.1	AC073174.1	chr10	52946431	52955585	6	6	6
ENSG00000227121.2	LINC02672	chr10	52972612	53030024	6	6	6
ENSG00000231399.1	SNRPEP8	chr10	53038285	53038544	6	6	6
ENSG00000226296.1	AC036101.1	chr10	53291072	53311065	6	6	6
ENSG00000252161.1	RNA5SP318	chr10	53458197	53458288	6	6	6
ENSG00000233805.1	AL365496.1	chr10	53766400	53766614	6	6	6
ENSG00000150275.19	PCDH15	chr10	53802771	55627942	6	6	6
ENSG00000252252.1	RNU6-687P	chr10	54452423	54452511	6	6	6
ENSG00000234173.1	AL353784.1	chr10	54486230	54656051	6	6	6
ENSG00000224697.1	NEFMP1	chr10	54599678	54600683	6	6	6
ENSG00000221594.1	MIR548F1	chr10	54607874	54607957	6	6	6
ENSG00000236958.1	AC051618.1	chr10	54864674	54869122	6	6	6
ENSG00000236744.2	AC016822.1	chr10	55247755	55597233	6	6	6
ENSG00000223800.1	AL355314.1	chr10	55468327	55469222	6	6	6
ENSG00000228048.1	AL355314.2	chr10	55506219	55513217	6	6	6
ENSG00000249860.4	MTRNR2L5	chr10	55599042	55600728	6	6	6
ENSG00000236993.2	GAPDHP21	chr10	55667341	55668350	6	6	6
ENSG00000270541.1	AC069545.1	chr10	55746551	55746908	6	6	6
ENSG00000122952.17	ZWINT	chr10	56357227	56361273	6	6	6
ENSG00000287016.1	AC010996.1	chr10	56361479	56364714	6	6	6
ENSG00000238707.1	AC025039.1	chr10	56595963	56596031	6	6	6
ENSG00000264747.1	MIR3924	chr10	57304479	57304559	6	6	6
ENSG00000235810.1	AL731534.1	chr10	57513157	57513425	6	6	6
ENSG00000223841.1	AC006484.1	chr10	57955295	57957178	6	6	6
ENSG00000270192.1	MRPS35P3	chr10	57982285	57982993	6	6	6
ENSG00000232115.1	AC026884.1	chr10	58106423	58106879	6	6	6
ENSG00000151151.6	IPMK	chr10	58191517	58267894	6	6	6
ENSG00000180221.6	TPT1P10	chr10	58212541	58213036	6	6	6
ENSG00000122873.12	CISD1	chr10	58269162	58289586	6	6	6
ENSG00000228527.1	AC016396.1	chr10	58304553	58305621	6	6	6
ENSG00000261076.1	AC016396.2	chr10	58325614	58327030	6	6	6
ENSG00000072401.15	UBE2D1	chr10	58334979	58370751	6	6	6
ENSG00000108064.11	TFAM	chr10	58385345	58399220	6	6	6
ENSG00000122870.12	BICC1	chr10	58512872	58831435	6	6	6
ENSG00000183055.5	FAM133CP	chr10	58715554	58716257	6	6	6
ENSG00000252076.1	RN7SKP196	chr10	58869184	58869528	6	6	6
ENSG00000237949.2	LINC00844	chr10	58999482	59066396	6	6	6
ENSG00000226888.2	RPLP1P10	chr10	59088701	59089039	6	6	6
ENSG00000226557.1	TRAF6P1	chr10	59136625	59138182	6	6	6
ENSG00000165443.12	PHYHIPL	chr10	59176643	59247774	6	6	6
ENSG00000148541.13	FAM13C	chr10	59246130	59363181	6	6	6
ENSG00000236556.1	AC025038.1	chr10	59282147	59282835	6	6	6
ENSG00000287969.1	AL355474.1	chr10	59357007	59364075	6	6	6
ENSG00000235469.1	MRPL50P4	chr10	59551404	59551878	6	6	6
ENSG00000235140.2	AC026391.1	chr10	59578467	59650345	6	6	6
ENSG00000165449.11	SLC16A9	chr10	59650761	59736002	6	6	6
ENSG00000227877.7	MRLN	chr10	59736692	59756041	6	6	6
ENSG00000108091.11	CCDC6	chr10	59788747	59906556	6	6	6
ENSG00000235931.2	LINC01553	chr10	59955430	59960913	6	6	6
ENSG00000151150.22	ANK3	chr10	60026298	60733490	6	6	6
ENSG00000232682.2	AL592430.1	chr10	60050668	60060743	6	6	6
ENSG00000202190.1	Y_RNA	chr10	60081741	60081854	6	6	6
ENSG00000282121.1	AL592430.2	chr10	60139912	60140877	6	6	6
ENSG00000122872.8	ARL4AP1	chr10	60684505	60685209	6	6	6
ENSG00000254271.1	ANK3-DT	chr10	60734342	60741828	6	6	6
ENSG00000170312.16	CDK1	chr10	60778331	60794852	6	6	6
ENSG00000072422.17	RHOBTB1	chr10	60869438	61001440	6	6	6
ENSG00000223107.1	RNU2-72P	chr10	60912765	60912927	6	6	6
ENSG00000227244.2	LINC00845	chr10	61016275	61026420	6	6	6
ENSG00000196932.12	TMEM26	chr10	61406642	61453381	6	6	6
ENSG00000237233.2	TMEM26-AS1	chr10	61452639	61481956	6	6	6
ENSG00000288052.1	AL356952.1	chr10	61493843	61496499	6	6	6
ENSG00000183346.9	CABCOCO1	chr10	61662929	61766766	6	6	6
ENSG00000272592.1	AL451049.1	chr10	61684892	61685388	6	6	6
ENSG00000233643.2	LINC02625	chr10	61781745	61821246	6	6	6
ENSG00000150347.16	ARID5B	chr10	61901684	62096944	6	6	6
ENSG00000182010.11	RTKN2	chr10	62183035	62268844	6	6	6
ENSG00000234756.1	LINC02621	chr10	62289521	62304033	6	6	6
ENSG00000288011.1	AC024597.1	chr10	62339553	62375166	6	6	6
ENSG00000240940.3	RN7SL591P	chr10	62350006	62350297	6	6	6
ENSG00000138311.18	ZNF365	chr10	62374192	62480288	6	6	6
ENSG00000285837.1	AC024598.1	chr10	62374192	62672011	6	5	6
ENSG00000285551.2	AC067752.1	chr10	62520448	62672011	6	5	6
ENSG00000238280.2	AC067751.1	chr10	62682652	62805887	6	6	6
ENSG00000234489.1	ALDH7A1P4	chr10	62741208	62741385	6	6	6
ENSG00000181915.5	ADO	chr10	62804720	62808479	6	6	6
ENSG00000122877.16	EGR2	chr10	62811996	62919900	6	6	6
ENSG00000199446.1	RNU6-543P	chr10	63110139	63110246	6	6	6
ENSG00000224301.2	AL590502.1	chr10	63123929	63125587	6	6	6
ENSG00000148572.16	NRBF2	chr10	63133247	63155031	6	6	6
ENSG00000171988.19	JMJD1C	chr10	63167221	63521850	6	6	6
ENSG00000234369.1	TATDN1P1	chr10	63222155	63223045	6	6	6
ENSG00000270421.1	AC022022.2	chr10	63358745	63359104	6	6	6
ENSG00000221063.3	MIR1296	chr10	63372957	63373048	6	6	6
ENSG00000235816.3	PRELID1P3	chr10	63427297	63427939	6	6	6
ENSG00000272767.1	JMJD1C-AS1	chr10	63465229	63466563	6	6	6
ENSG00000224412.1	AC022022.1	chr10	63489461	63489638	6	6	6
ENSG00000165476.14	REEP3	chr10	63521401	63625128	6	6	6
ENSG00000286373.1	AC022387.2	chr10	63630672	63655769	6	6	6
ENSG00000232075.1	MRPL35P2	chr10	63634317	63634827	6	6	6
ENSG00000270352.1	AC022387.1	chr10	63658074	63658521	6	6	6
ENSG00000228566.2	AC013287.1	chr10	63664664	64693446	6	6	6
ENSG00000213609.3	RPL7AP50	chr10	63902451	63903245	6	6	6
ENSG00000226426.1	AC012558.1	chr10	64036345	64037280	6	6	6
ENSG00000235489.4	DBF4P1	chr10	64168959	64170850	6	6	6
ENSG00000233900.1	RPL17P35	chr10	64620374	64620922	6	6	6
ENSG00000270648.1	CYP2C61P	chr10	64762883	64763172	6	6	6
ENSG00000216740.2	ANXA2P3	chr10	64825572	64826579	6	6	6
ENSG00000224714.3	LINC02671	chr10	64901136	65017639	6	6	6
ENSG00000270754.1	NEK4P3	chr10	65054460	65055003	6	6	6
ENSG00000282906.1	AL513321.2	chr10	65123667	65141185	6	6	6
ENSG00000227173.1	MYL6P3	chr10	65169438	65169869	6	6	6
ENSG00000233724.1	AL513321.1	chr10	65248032	65248792	6	6	6
ENSG00000235356.2	AL592466.1	chr10	65271319	65315080	6	6	6
ENSG00000228065.11	LINC01515	chr10	65570338	65880289	6	6	6
ENSG00000183230.17	CTNNA3	chr10	65912523	67696195	6	6	6
ENSG00000273360.1	AC022017.1	chr10	66079243	66118326	6	6	6
ENSG00000277056.1	AL607023.1	chr10	66837457	66837704	6	6	6
ENSG00000198739.11	LRRTM3	chr10	66926036	67101551	6	6	6
ENSG00000225299.1	AL139240.1	chr10	67052609	67055028	6	6	6
ENSG00000226448.1	RPL7AP51	chr10	67334123	67334882	6	6	6
ENSG00000276866.1	MIR7151	chr10	67403351	67403410	6	6	6
ENSG00000213606.3	AKR1B10P1	chr10	67750284	67751225	6	6	6
ENSG00000225922.1	RPL21P92	chr10	67793770	67794245	6	6	6
ENSG00000108176.15	DNAJC12	chr10	67796669	67838188	6	6	6
ENSG00000212520.1	RNU6-1250P	chr10	67808502	67808608	6	6	6
ENSG00000239942.2	RN7SL394P	chr10	67825310	67825600	6	6	6
ENSG00000237141.1	DNAJC19P1	chr10	67833763	67834081	6	6	6
ENSG00000272892.1	AL133551.1	chr10	67849525	67850746	6	6	6
ENSG00000252113.2	RNU6-523P	chr10	67858818	67858871	6	6	6
ENSG00000219932.6	RPL12P8	chr10	67874332	67874911	6	6	6
ENSG00000096717.12	SIRT1	chr10	67884656	67918390	6	6	6
ENSG00000148634.16	HERC4	chr10	67921899	68075301	6	6	6
ENSG00000226318.1	RPS3AP38	chr10	67960702	67961464	6	6	6
ENSG00000266467.2	RN7SL220P	chr10	68007718	68008017	6	6	6
ENSG00000236375.3	POU5F1P5	chr10	68010205	68010862	6	6	6
ENSG00000138347.16	MYPN	chr10	68106117	68212017	6	6	6
ENSG00000222371.1	RN7SKP202	chr10	68158079	68158408	6	6	6
ENSG00000179774.9	ATOH7	chr10	68230595	68232113	6	6	6
ENSG00000233590.1	LINC02640	chr10	68233251	68242379	6	6	6
ENSG00000234102.1	KRT19P4	chr10	68260557	68261499	6	6	6
ENSG00000108187.16	PBLD	chr10	68282660	68333049	6	6	6
ENSG00000096746.17	HNRNPH3	chr10	68331174	68343191	6	6	6
ENSG00000204130.14	RUFY2	chr10	68341107	68407294	6	6	6
ENSG00000138346.15	DNA2	chr10	68414064	68472121	6	6	6
ENSG00000234806.1	RPL26P29	chr10	68424560	68424997	6	6	6
ENSG00000199638.1	RNA5SP319	chr10	68461407	68461525	6	6	6
ENSG00000122912.15	SLC25A16	chr10	68477998	68527523	6	6	6
ENSG00000226493.1	RPL26P27	chr10	68499532	68499968	6	6	6
ENSG00000207438.1	Y_RNA	chr10	68503152	68503259	6	6	6
ENSG00000214881.4	TMEM14DP	chr10	68544489	68544833	6	6	6
ENSG00000138336.9	TET1	chr10	68560337	68694487	6	6	6
ENSG00000213025.2	COX20P1	chr10	68632371	68632727	6	6	6
ENSG00000227583.1	RPS3AP37	chr10	68674356	68675100	6	6	6
ENSG00000260400.1	AL513534.2	chr10	68698500	68700794	6	6	6
ENSG00000270494.1	AL513534.3	chr10	68717311	68717795	6	6	6
ENSG00000060339.14	CCAR1	chr10	68721012	68792377	6	6	6
ENSG00000195401.2	Y_RNA	chr10	68735720	68735823	6	6	6
ENSG00000283551.1	SNORD98	chr10	68755172	68755238	6	6	6
ENSG00000221184.1	AL513534.1	chr10	68759318	68759414	6	6	6
ENSG00000165730.16	STOX1	chr10	68827531	68895432	6	6	6
ENSG00000200218.1	RNU6-697P	chr10	68846805	68846911	6	6	6
ENSG00000285871.1	AL359844.1	chr10	68896920	68900768	6	6	6
ENSG00000107625.13	DDX50	chr10	68901286	68946847	6	6	6
ENSG00000206855.1	RNU6-571P	chr10	68911653	68911759	6	6	6
ENSG00000165732.13	DDX21	chr10	68956170	68985068	6	6	6
ENSG00000198954.9	KIFBP	chr10	68988803	69043544	6	6	6
ENSG00000214875.2	MED28P1	chr10	68991137	68991707	6	6	6
ENSG00000229001.1	ACTBP14	chr10	69022778	69023866	6	6	6
ENSG00000122862.5	SRGN	chr10	69088103	69104805	6	6	6
ENSG00000274008.1	Metazoa_SRP	chr10	69098496	69098794	6	6	6
ENSG00000122958.15	VPS26A	chr10	69123512	69174412	6	6	6
ENSG00000233163.1	RPS12P17	chr10	69161530	69161906	6	6	6
ENSG00000156502.14	SUPV3L1	chr10	69180234	69209099	6	6	6
ENSG00000229261.1	AL596223.1	chr10	69215333	69232490	6	6	6
ENSG00000156510.13	HKDC1	chr10	69220332	69267552	6	6	6
ENSG00000231748.1	AL596223.2	chr10	69265342	69268148	6	6	6
ENSG00000156515.24	HK1	chr10	69269984	69401884	6	6	6
ENSG00000229197.1	RPS15AP28	chr10	69300432	69300817	6	6	6
ENSG00000075073.15	TACR2	chr10	69403903	69416918	6	6	6
ENSG00000232734.1	ATP5MC1P7	chr10	69432972	69433371	6	6	6
ENSG00000099282.10	TSPAN15	chr10	69451465	69507666	6	6	6
ENSG00000287306.1	AC016821.1	chr10	69510166	69544257	6	6	6
ENSG00000233197.1	TMEM256P1	chr10	69523311	69523650	6	6	6
ENSG00000122859.5	NEUROG3	chr10	69571698	69573422	6	6	6
ENSG00000236154.1	AL450311.1	chr10	69575807	69577154	6	6	6
ENSG00000230755.1	MTATP6P23	chr10	69589880	69590355	6	6	6
ENSG00000235803.1	MTCO2P23	chr10	69590583	69591262	6	6	6
ENSG00000235524.1	MTCO1P23	chr10	69591406	69592931	6	6	6
ENSG00000231152.1	MTND2P15	chr10	69594041	69594932	6	6	6
ENSG00000226794.1	MTND1P20	chr10	69595487	69596436	6	6	6
ENSG00000171224.9	FAM241B	chr10	69630247	69633596	6	6	6
ENSG00000235645.2	LINC02651	chr10	69684899	69692452	6	6	6
ENSG00000230469.1	RPL5P26	chr10	69778962	69779838	6	6	6
ENSG00000197467.16	COL13A1	chr10	69801880	69964275	6	6	6
ENSG00000224222.2	LINC02636	chr10	69994276	70019496	6	6	6
ENSG00000099284.15	MACROH2A2	chr10	70052544	70112282	6	6	6
ENSG00000042286.15	AIFM2	chr10	70098223	70132934	6	6	6
ENSG00000156521.14	TYSND1	chr10	70137981	70146700	6	6	6
ENSG00000079332.15	SAR1A	chr10	70147289	70170523	6	6	6
ENSG00000229097.1	CALM2P2	chr10	70163685	70164124	6	6	6
ENSG00000232142.1	RPS25P9	chr10	70198988	70199239	6	6	6
ENSG00000180817.12	PPA1	chr10	70202835	70233911	6	6	6
ENSG00000148734.8	NPFFR1	chr10	70247329	70284004	6	6	6
ENSG00000172731.14	LRRC20	chr10	70298970	70382650	6	6	6
ENSG00000224725.3	CEP57L1P1	chr10	70389426	70390626	6	6	6
ENSG00000148730.7	EIF4EBP2	chr10	70404145	70428618	6	6	6
ENSG00000156574.10	NODAL	chr10	70431936	70447951	6	6	6
ENSG00000280401.1	AC022532.1	chr10	70434829	70436556	6	6	6
ENSG00000107719.9	PALD1	chr10	70478767	70568450	6	6	6
ENSG00000230661.1	YY1P1	chr10	70485336	70486325	6	6	6
ENSG00000180644.8	PRF1	chr10	70597348	70602759	6	6	6
ENSG00000138316.11	ADAMTS14	chr10	70672506	70762441	6	6	6
ENSG00000166220.12	TBATA	chr10	70771239	70785401	6	6	6
ENSG00000231366.1	RPS26P40	chr10	70794230	70794523	6	6	6
ENSG00000166224.17	SGPL1	chr10	70815948	70881184	6	6	6
ENSG00000166228.9	PCBD1	chr10	70882280	70888565	6	6	6
ENSG00000285300.1	AC073176.2	chr10	70927055	71077810	6	6	6
ENSG00000271409.1	AC073176.1	chr10	70929925	70932057	6	6	6
ENSG00000259267.3	LINC02622	chr10	70939036	70955947	6	6	6
ENSG00000107731.12	UNC5B	chr10	71212570	71302864	6	6	6
ENSG00000237512.6	UNC5B-AS1	chr10	71217224	71218228	6	6	6
ENSG00000198246.9	SLC29A3	chr10	71319259	71381423	6	6	6
ENSG00000279406.1	AL359183.1	chr10	71364243	71366374	6	6	6
ENSG00000107736.21	CDH23	chr10	71396920	71815947	6	6	6
ENSG00000223817.1	CDH23-AS1	chr10	71508153	71511873	6	6	6
ENSG00000214688.6	C10orf105	chr10	71711701	71737824	6	6	6
ENSG00000107738.20	VSIR	chr10	71747556	71773520	6	6	6
ENSG00000274824.1	MIR7152	chr10	71790747	71790800	6	6	6
ENSG00000197746.14	PSAP	chr10	71816298	71851325	6	6	6
ENSG00000238446.1	RNU7-38P	chr10	71844735	71844794	6	6	6
ENSG00000230526.1	AC073370.1	chr10	71878356	71879107	6	6	6
ENSG00000122863.6	CHST3	chr10	71964395	72013558	6	6	6
ENSG00000272988.1	AC022392.1	chr10	72053294	72054037	6	6	6
ENSG00000107742.13	SPOCK2	chr10	72059034	72089032	6	6	6
ENSG00000138303.18	ASCC1	chr10	72096032	72217134	6	6	6
ENSG00000200294.1	AL607035.1	chr10	72180858	72180989	6	6	6
ENSG00000226701.1	RPL15P14	chr10	72189941	72190576	6	6	6
ENSG00000166295.9	ANAPC16	chr10	72216000	72235860	6	6	6
ENSG00000200170.1	Y_RNA	chr10	72220752	72220852	6	6	6
ENSG00000168209.5	DDIT4	chr10	72273924	72276036	6	6	6
ENSG00000269926.1	DDIT4-AS1	chr10	72274915	72275980	6	6	6
ENSG00000148719.15	DNAJB12	chr10	72332830	72355149	6	6	6
ENSG00000107745.19	MICU1	chr10	72367327	72626191	6	6	6
ENSG00000202513.1	RNU6-805P	chr10	72391964	72392069	6	6	6
ENSG00000282915.1	AC091769.1	chr10	72467749	72473304	6	6	6
ENSG00000276531.1	SNX19P4	chr10	72483245	72483812	6	6	6
ENSG00000226163.1	AL513185.1	chr10	72501746	72502956	6	6	6
ENSG00000230609.1	AL513185.2	chr10	72560264	72560456	6	6	6
ENSG00000272536.2	RN7SL840P	chr10	72582803	72583086	6	6	6
ENSG00000231471.1	HMGN2P34	chr10	72636497	72636765	6	6	6
ENSG00000238215.1	AL513185.3	chr10	72643011	72644650	6	6	6
ENSG00000201881.1	Y_RNA	chr10	72654165	72654276	6	6	6
ENSG00000156026.14	MCU	chr10	72692131	72887694	6	6	6
ENSG00000266719.1	MIR4676	chr10	72721029	72721100	6	6	6
ENSG00000280166.1	AC016542.3	chr10	72730557	72731175	6	6	6
ENSG00000279502.1	AC016542.2	chr10	72756398	72757016	6	6	6
ENSG00000272627.1	AC016542.1	chr10	72766560	72767052	6	6	6
ENSG00000138315.13	OIT3	chr10	72893584	72933036	6	6	6
ENSG00000215086.2	NPM1P24	chr10	72917641	72918534	6	6	6
ENSG00000138308.6	PLA2G12B	chr10	72934762	72954806	6	6	6
ENSG00000213700.3	RPL17P50	chr10	73005833	73006595	6	6	6
ENSG00000122884.12	P4HA1	chr10	73007217	73096974	6	6	6
ENSG00000232646.1	AL731563.1	chr10	73065126	73065467	6	6	6
ENSG00000237768.2	AL731563.2	chr10	73071295	73074008	6	6	6
ENSG00000201047.1	Y_RNA	chr10	73082494	73082595	6	6	6
ENSG00000272630.1	AL731563.3	chr10	73098044	73101297	6	6	6
ENSG00000166321.14	NUDT13	chr10	73110375	73131828	6	6	6
ENSG00000272599.2	AC016394.1	chr10	73124573	73125532	6	6	6
ENSG00000221164.1	SNORA11F	chr10	73126080	73126207	6	6	6
ENSG00000122882.11	ECD	chr10	73130155	73169055	6	6	6
ENSG00000138286.15	FAM149B1	chr10	73168119	73244504	6	6	6
ENSG00000213551.7	DNAJC9	chr10	73183362	73247255	6	6	6
ENSG00000199201.1	Y_RNA	chr10	73192223	73192325	6	6	6
ENSG00000227382.1	EIF4A2P2	chr10	73199826	73201225	6	6	6
ENSG00000288559.1	AC016394.2	chr10	73247342	73248268	6	6	6
ENSG00000236756.4	DNAJC9-AS1	chr10	73247360	73276984	6	6	6
ENSG00000182180.14	MRPS16	chr10	73248843	73252693	6	6	6
ENSG00000227540.1	DNAJC9-AS1	chr10	73252791	73254349	6	6	6
ENSG00000156042.18	CFAP70	chr10	73253759	73358859	6	6	6
ENSG00000200356.1	RNU6-833P	chr10	73279062	73279168	6	6	6
ENSG00000207473.1	Y_RNA	chr10	73346936	73347048	6	6	6
ENSG00000138279.16	ANXA7	chr10	73375101	73414076	6	6	6
ENSG00000233144.1	AL512656.1	chr10	73381433	73383496	6	6	6
ENSG00000229659.1	RPL26P6	chr10	73422259	73422696	6	6	6
ENSG00000166343.10	MSS51	chr10	73423579	73433561	6	6	6
ENSG00000107758.16	PPP3CB	chr10	73436433	73496024	6	6	6
ENSG00000221817.10	PPP3CB-AS1	chr10	73495525	73520070	6	6	6
ENSG00000166348.18	USP54	chr10	73497538	73625953	6	6	6
ENSG00000207327.1	RNU6-883P	chr10	73529051	73529157	6	6	6
ENSG00000237139.1	RPS26P41	chr10	73537803	73538391	6	6	6
ENSG00000268584.1	AC073389.1	chr10	73625996	73626790	6	6	6
ENSG00000272791.1	AC073389.3	chr10	73630556	73631490	6	6	6
ENSG00000177791.12	MYOZ1	chr10	73631612	73641474	6	6	6
ENSG00000166317.12	SYNPO2L	chr10	73644881	73663803	6	6	6
ENSG00000271848.2	AC073389.2	chr10	73653980	73675450	6	6	6
ENSG00000172650.14	AGAP5	chr10	73674287	73697881	6	6	6
ENSG00000242288.9	BMS1P4-AGAP5	chr10	73674295	73730466	6	6	6
ENSG00000271816.1	BMS1P4	chr10	73699151	73730487	6	6	6
ENSG00000272140.2	AC022400.4	chr10	73703735	73713581	6	6	6
ENSG00000252072.1	RNA5SP320	chr10	73706490	73706613	6	6	6
ENSG00000242338.6	BMS1P4	chr10	73715843	73730469			
ENSG00000250959.2	GLUD1P3	chr10	73730562	73737311			
ENSG00000235316.1	DUSP8P5	chr10	73731824	73733638			
ENSG00000270808.1	AC022400.3	chr10	73740538	73740823			
ENSG00000279088.1	AC022400.6	chr10	73742995	73744230			
ENSG00000176986.16	SEC24C	chr10	73744372	73772161			
ENSG00000279689.1	AC022400.7	chr10	73769264	73772862			
ENSG00000196968.11	FUT11	chr10	73772276	73780251			
ENSG00000172586.8	CHCHD1	chr10	73782047	73783652			
ENSG00000214655.11	ZSWIM8	chr10	73785606	73801797			
ENSG00000280238.1	AC022400.8	chr10	73791218	73791490			
ENSG00000272589.1	ZSWIM8-AS1	chr10	73796514	73801399			
ENSG00000272916.5	AC022400.5	chr10	73796514	73811651			
ENSG00000166507.19	NDST2	chr10	73801911	73811798			
ENSG00000148660.20	CAMK2G	chr10	73812501	73874591			
ENSG00000224195.1	AC022400.1	chr10	73813518	73814737			
ENSG00000229990.3	AC022400.2	chr10	73841833	73847115			
ENSG00000122861.16	PLAU	chr10	73909177	73917496			
ENSG00000222047.9	C10orf55	chr10	73909969	73922777			
ENSG00000035403.18	VCL	chr10	73995193	74121363			
ENSG00000225761.1	AL596247.1	chr10	74005137	74027915			
ENSG00000185009.13	AP3M1	chr10	74120255	74150842			
ENSG00000156110.15	ADK	chr10	74151202	74709963	2	2	2
ENSG00000236900.1	TIMM9P1	chr10	74344550	74344805			
ENSG00000214629.3	RPSAP6	chr10	74371535	74372416			
ENSG00000213731.2	RAB5CP1	chr10	74423435	74424014	2	2	2
ENSG00000232342.7	AC022540.1	chr10	74506081	74530553	2	2	2
ENSG00000226253.1	MRPL35P3	chr10	74527584	74527947	2	2	2
ENSG00000206756.1	Y_RNA	chr10	74551392	74551493	2	2	2
ENSG00000271710.1	NDUFA8P1	chr10	74641410	74641776	2	2	2
ENSG00000214626.2	POLR3DP1	chr10	74654956	74656131	2	2	2
ENSG00000213525.3	FAM32CP	chr10	74744386	74744707	2	2	2
ENSG00000272748.1	AC063962.1	chr10	74821610	74822130	2	2	2
ENSG00000156650.14	KAT6B	chr10	74824927	75032624	6	6	6
ENSG00000234149.1	AC018511.2	chr10	75003055	75025174	6	6	6
ENSG00000227186.1	AC018511.1	chr10	75023475	75024251	6	6	6
ENSG00000188716.5	DUSP29	chr10	75037836	75058514	6	6	6
ENSG00000285810.1	AC018511.6	chr10	75041876	75055754	6	6	6
ENSG00000237882.1	PPIAP13	chr10	75089248	75089725	6	6	6
ENSG00000079393.20	DUSP13	chr10	75094432	75109221	6	6	6
ENSG00000156671.15	SAMD8	chr10	75099586	75182123	6	6	6
ENSG00000232437.1	RPS26P42	chr10	75125217	75125862	6	6	6
ENSG00000165637.13	VDAC2	chr10	75210154	75231448	6	6	6
ENSG00000165644.11	COMTD1	chr10	75233641	75236030	6	6	6
ENSG00000226051.8	ZNF503-AS1	chr10	75243568	75373500	6	6	6
ENSG00000227271.1	RPL39P25	chr10	75269392	75269545	6	6	6
ENSG00000233313.2	HMGA1P5	chr10	75276376	75276646	6	6	6
ENSG00000270087.5	AC010997.3	chr10	75279726	75401246	6	6	6
ENSG00000223428.1	AC010997.1	chr10	75288333	75288682	6	6	6
ENSG00000236797.1	SPA17P1	chr10	75382393	75382844	6	6	6
ENSG00000165655.17	ZNF503	chr10	75397830	75401764	6	6	6
ENSG00000237149.5	ZNF503-AS2	chr10	75401519	75408982	6	6	6
ENSG00000273248.1	AC010997.5	chr10	75408973	75409326	6	6	6
ENSG00000272692.2	AC010997.4	chr10	75409142	75411842	6	6	6
ENSG00000236842.1	AC010997.2	chr10	75430571	75431588	6	6	6
ENSG00000148655.15	LRMDA	chr10	75431624	76560168	6	4	6
ENSG00000279814.1	AC010997.6	chr10	75450081	75451725	6	6	6
ENSG00000207583.1	MIR606	chr10	75552458	75552553	6	6	6
ENSG00000286715.1	AL589863.2	chr10	75592644	75628120	6	6	6
ENSG00000268659.2	AL589863.1	chr10	75642476	75643106	6	6	6
ENSG00000228280.1	AL731568.1	chr10	75742740	75743755	6	6	6
ENSG00000265486.2	RN7SL518P	chr10	76242022	76242301	4	4	4
ENSG00000201954.1	RNU6-673P	chr10	76260800	76260903	4	4	4
ENSG00000278992.1	AC012048.1	chr10	76270206	76270800	4	4	4
ENSG00000230575.1	AC013286.1	chr10	76437408	76438775	4	4	4
ENSG00000269256.1	AC024603.1	chr10	76558350	76560994	4	4	4
ENSG00000252888.1	AC013738.1	chr10	76835377	76835502	4	4	4
ENSG00000224948.1	ATP5MC1P8	chr10	76836568	76836861	4	4	4
ENSG00000156113.24	KCNMA1	chr10	76869601	77638369	4	4	4
ENSG00000236467.8	KCNMA1-AS1	chr10	76888044	76980624	4	4	4
ENSG00000225497.5	KCNMA1-AS2	chr10	77147652	77150100	4	4	4
ENSG00000224500.1	AL731575.1	chr10	77313941	77315694	4	4	4
ENSG00000225652.2	KCNMA1-AS3	chr10	77350851	77376613	4	4	4
ENSG00000228092.1	COX6CP15	chr10	77433572	77433782	4	4	4
ENSG00000199592.1	RNA5SP321	chr10	77587049	77587159	4	4	4
ENSG00000213514.2	AL731556.1	chr10	77730766	77734769	4	4	4
ENSG00000277981.1	AL731556.2	chr10	77738246	77739015	4	4	4
ENSG00000199664.1	RNU6-1266P	chr10	77776951	77777055	4	4	4
ENSG00000213513.3	IMPDH1P5	chr10	77780337	77781876	4	4	4
ENSG00000228748.2	AL450306.1	chr10	77782866	77793176	4	4	4
ENSG00000151208.17	DLG5	chr10	77790791	77926755	4	4	4
ENSG00000204049.1	AL391421.1	chr10	77866875	77869610	4	4	4
ENSG00000243446.3	RN7SL284P	chr10	77912271	77912545	4	4	4
ENSG00000233871.2	DLG5-AS1	chr10	77927372	77929824	4	4	4
ENSG00000234612.1	H2AZP5	chr10	77953495	77953876	4	4	4
ENSG00000274686.1	Metazoa_SRP	chr10	77966173	77966440	4	4	4
ENSG00000148606.13	POLR3A	chr10	77969251	78029515	4	4	4
ENSG00000138326.21	RPS24	chr10	78033760	78056813	4	4	4
ENSG00000231957.2	GNAI2P2	chr10	78068623	78069538	4	4	4
ENSG00000283096.1	AL731555.1	chr10	78176928	78178186	4	4	4
ENSG00000282863.1	AC012560.1	chr10	78179174	78675109	4	4	7
ENSG00000230417.12	LINC00595	chr10	78179185	78551355	4	4	7
ENSG00000288090.1	AC010163.3	chr10	78288059	78290565	4	4	4
ENSG00000229543.1	AC010163.1	chr10	78293842	78301003	4	4	4
ENSG00000230229.1	AC010163.2	chr10	78352597	78356100	4	4	4
ENSG00000201393.1	SNORA71	chr10	78367507	78367623	4	4	4
ENSG00000282952.1	AL583852.1	chr10	78538391	78551719	4	4	4
ENSG00000228683.1	AC016820.1	chr10	78696062	78697022	4	4	4
ENSG00000224596.8	ZMIZ1-AS1	chr10	78943328	79067895	4	4	4
ENSG00000229569.1	AL356753.1	chr10	79000484	79003803	4	4	4
ENSG00000108175.17	ZMIZ1	chr10	79068966	79316528	4	4	4
ENSG00000108179.14	PPIF	chr10	79347469	79355334	4	4	4
ENSG00000165424.7	ZCCHC24	chr10	79382325	79445624	4	4	4
ENSG00000235426.2	AL133481.1	chr10	79382328	79409274	4	4	4
ENSG00000259021.2	TPRX1P1	chr10	79499666	79499984	4	4	4
ENSG00000241317.1	AL133481.3	chr10	79504073	79506281	4	4	4
ENSG00000235705.6	AL133481.2	chr10	79507597	79510982	4	4	4
ENSG00000253626.3	EIF5AL1	chr10	79512601	79516440	4	4	4
ENSG00000271985.1	BX248123.1	chr10	79526508	79526631	4	4	4
ENSG00000232965.1	RPS12P18	chr10	79544087	79544356	4	4	4
ENSG00000185303.17	SFTPA2	chr10	79555852	79560407	4	4	4
ENSG00000219430.2	MBL3P	chr10	79582298	79584877	4	4	4
ENSG00000225827.1	SFTPA3P	chr10	79595294	79595660	4	4	4
ENSG00000122852.15	SFTPA1	chr10	79610939	79615455	4	4	4
ENSG00000226676.1	LINC02679	chr10	79628757	79632188	4	4	4
ENSG00000244733.5	AL132656.2	chr10	79660891	79677996	4	4	4
ENSG00000225484.7	NUTM2B-AS1	chr10	79661394	79826594	4	4	4
ENSG00000272489.1	AL132656.3	chr10	79663192	79664786	4	4	4
ENSG00000280355.1	AL132656.4	chr10	79681973	79684094	4	4	4
ENSG00000278616.1	BEND3P3	chr10	79682997	79685436	4	4	4
ENSG00000224886.2	AL132656.1	chr10	79684494	79684983	4	4	4
ENSG00000188199.10	NUTM2B	chr10	79703227	79714681	4	4	4
ENSG00000272447.1	AL135925.1	chr10	79825902	79827602	4	4	4
ENSG00000228570.7	NUTM2E	chr10	79841358	79850878	4	4	4
ENSG00000214695.3	NPAP1P2	chr10	79860573	79861806	4	4	4
ENSG00000204437.7	CTSLP6	chr10	79870375	79873903	4	4	4
ENSG00000214584.3	PGGT1BP2	chr10	79892148	79893175	4	4	4
ENSG00000283913.1	AL512662.1	chr10	79904898	79951029	4	4	4
ENSG00000283101.1	BMS1P21	chr10	79906605	79907856	4	4	4
ENSG00000242600.8	MBL1P	chr10	79920178	79923119	4	4	4
ENSG00000133661.17	SFTPD	chr10	79937467	79982614	4	4	4
ENSG00000273372.1	SFTPD-AS1	chr10	79968213	79973213	4	4	4
ENSG00000235924.1	ZNRF2P3	chr10	79981839	79982212	4	4	4
ENSG00000225100.2	DPY19L2P5	chr10	79982910	79983240	4	4	4
ENSG00000229616.2	AL356095.1	chr10	80017713	80017911	4	4	4
ENSG00000224760.4	C1DP3	chr10	80024737	80025159	4	4	4
ENSG00000236217.4	C1DP2	chr10	80031968	80032393	4	4	4
ENSG00000227515.3	C1DP4	chr10	80040621	80041044	4	4	4
ENSG00000230091.6	TMEM254-AS1	chr10	80046860	80078912	4	4	4
ENSG00000282432.1	AL356095.3	chr10	80053428	80053548	4	4	4
ENSG00000133678.14	TMEM254	chr10	80078646	80092557	4	4	4
ENSG00000279399.1	AL356095.2	chr10	80091411	80091867	4	4	4
ENSG00000230171.1	RPL22P18	chr10	80125941	80126317	4	4	4
ENSG00000189129.14	PLAC9	chr10	80131682	80145359	4	4	4
ENSG00000122359.18	ANXA11	chr10	80150889	80205572	4	4	4
ENSG00000237523.2	LINC00857	chr10	80207372	80219657	4	4	4
ENSG00000234319.1	RPS12P2	chr10	80215851	80216119	4	4	4
ENSG00000234382.2	AL513174.1	chr10	80233664	80245367	4	4	4
ENSG00000234743.1	EIF5AP4	chr10	80247219	80247683	4	4	4
ENSG00000279359.1	AL359195.2	chr10	80249710	80254121	4	4	4
ENSG00000151224.13	MAT1A	chr10	80271820	80289658	4	4	4
ENSG00000232950.1	ZNF519P1	chr10	80297720	80299655	4	4	4
ENSG00000235858.1	AL359195.1	chr10	80333771	80334426	4	4	4
ENSG00000170788.14	DYDC1	chr10	80336105	80356755	4	4	4
ENSG00000133665.13	DYDC2	chr10	80344745	80368073	4	4	4
ENSG00000122378.14	PRXL2A	chr10	80407829	80437115	4	4	4
ENSG00000108219.15	TSPAN14	chr10	80454166	80533124	4	4	4
ENSG00000226659.1	AC021028.1	chr10	80529597	80535942	4	4	4
ENSG00000178217.14	SH2D4B	chr10	80537902	80646560	4	4	4
ENSG00000231082.1	LINC02655	chr10	80649797	80653732	4	4	4
ENSG00000233353.1	RPS7P9	chr10	80716483	80717068	4	4	4
ENSG00000233703.1	AC027673.1	chr10	80749632	80751231	4	4	4
ENSG00000231060.1	FARSBP1	chr10	80776165	80778088	4	4	4
ENSG00000227209.1	WARS2P1	chr10	80940665	80941201	4	4	4
ENSG00000226466.2	RPA2P2	chr10	81136540	81137335	4	4	4
ENSG00000287358.1	AL096706.1	chr10	81870778	81875133	4	4	4
ENSG00000185737.13	NRG3	chr10	81875194	82987179	4	4	4
ENSG00000285739.1	AC010157.2	chr10	82207620	82210345	4	4	4
ENSG00000229458.2	AC010157.1	chr10	82224213	82229179	4	4	4
ENSG00000225738.2	NRG3-AS1	chr10	82228985	82232920	4	4	4
ENSG00000207275.1	RNU6-441P	chr10	82340771	82340876	4	4	4
ENSG00000200774.1	RNU6-478P	chr10	83067962	83068071	4	4	4
ENSG00000234931.1	MARK2P15	chr10	83311628	83314475	4	4	4
ENSG00000233945.2	LINC02650	chr10	83672406	83677122	4	4	4
ENSG00000286876.1	AC069540.2	chr10	83708841	83724834	4	4	4
ENSG00000223565.1	AC069540.1	chr10	83735506	83736493	4	4	4
ENSG00000212324.1	RNU6-129P	chr10	83764358	83764464	4	4	4
ENSG00000233258.1	AL390786.1	chr10	83911654	83912922	4	4	4
ENSG00000200789.1	RNU1-65P	chr10	84003332	84003479	4	4	4
ENSG00000212769.5	HMGN2P8	chr10	84081429	84081995	4	4	4
ENSG00000271933.1	AL603756.1	chr10	84138420	84140582	4	4	4
ENSG00000165678.21	GHITM	chr10	84139509	84153568	4	4	4
ENSG00000285972.1	CERNA2	chr10	84167228	84172093	4	4	4
ENSG00000188373.5	C10orf99	chr10	84173801	84185294	4	4	4
ENSG00000148600.15	CDHR1	chr10	84194537	84219621	4	4	4
ENSG00000204033.10	LRIT2	chr10	84220571	84225544	4	4	4
ENSG00000148604.15	RGR	chr10	84230666	84259960	4	4	4
ENSG00000148602.6	LRIT1	chr10	84231520	84241546	4	4	4
ENSG00000229404.6	LINC00858	chr10	84267747	84294659	4	4	4
ENSG00000107771.17	CCSER2	chr10	84328586	84518521	4	4	4
ENSG00000233189.1	RPL12P29	chr10	84389170	84389626	4	4	4
ENSG00000225423.1	TNPO1P1	chr10	84390908	84392045	4	4	4
ENSG00000225928.2	CACYBPP1	chr10	84454679	84456056	4	4	4
ENSG00000178429.9	RPS3AP5	chr10	84560443	84561263	4	4	4
ENSG00000288218.1	AL358787.2	chr10	85156330	85157348	4	4	4
ENSG00000237267.1	LINC01519	chr10	85193421	85197958	4	4	4
ENSG00000287057.1	AL358787.1	chr10	85199002	85212800	4	4	4
ENSG00000223993.2	LINC02647	chr10	85378327	85432775	4	4	4
ENSG00000224504.2	AC025428.1	chr10	85432863	85448961	4	4	4
ENSG00000230962.2	LINC01520	chr10	85449592	85492001	4	4	4
ENSG00000279910.1	AL731532.1	chr10	85526880	85531115	4	4	4
ENSG00000223064.1	RNU6-325P	chr10	85537379	85537483	4	4	4
ENSG00000280134.1	AL731532.2	chr10	85555484	85557436	4	4	4
ENSG00000234942.3	GRID1-AS1	chr10	85577731	85607213	4	4	4
ENSG00000182771.19	GRID1	chr10	85599552	86366795	4	4	4
ENSG00000278333.1	AC022028.3	chr10	85613017	85613186	4	4	4
ENSG00000270002.1	AC022028.2	chr10	85644073	85648066	4	4	4
ENSG00000252292.1	RN7SKP238	chr10	85650012	85650260	4	4	4
ENSG00000236606.1	AC022028.1	chr10	85708760	85709167	4	4	4
ENSG00000200487.1	RNA5SP322	chr10	86052448	86052566	4	4	4
ENSG00000199104.2	MIR346	chr10	86264694	86264788	4	4	4
ENSG00000287475.1	AL844892.2	chr10	86395187	86400943	4	4	4
ENSG00000286359.1	AL844892.1	chr10	86402119	86403201	4	4	4
ENSG00000062650.19	WAPL	chr10	86435256	86521792	4	4	4
ENSG00000212332.1	RNU6-780P	chr10	86488446	86488549	4	4	4
ENSG00000227896.2	AL731569.1	chr10	86521945	86525101	4	4	4
ENSG00000230507.5	RPL7AP8	chr10	86630825	86631628	4	4	4
ENSG00000122375.12	OPN4	chr10	86654547	86666848	4	4	4
ENSG00000122367.20	LDB3	chr10	86668507	86736072	4	4	4
ENSG00000272631.1	AC067750.1	chr10	86749754	86756298	4	4	4
ENSG00000107779.14	BMPR1A	chr10	86756601	86932825	4	4	4
ENSG00000270874.1	RPAP2P1	chr10	86854696	86856236	4	4	4
ENSG00000200176.1	RNU1-19P	chr10	86889569	86889733	4	4	4
ENSG00000173269.14	MMRN2	chr10	86935540	86969481	4	4	4
ENSG00000281974.1	AC025268.1	chr10	86948677	86949875	4	4	4
ENSG00000173267.14	SNCG	chr10	86958599	86963258	4	4	4
ENSG00000272734.1	ADIRF-AS1	chr10	86965345	86971311	4	4	4
ENSG00000148671.14	ADIRF	chr10	86968432	86983934	4	4	4
ENSG00000273413.1	AL136982.7	chr10	86970237	86970826	4	4	4
ENSG00000271880.1	AGAP11	chr10	86970741	87010126	4	4	4
ENSG00000240089.2	BMS1P3	chr10	86992253	87000435	4	4	4
ENSG00000151303.11	AL136982.1	chr10	86992406	87010203	4	4	4
ENSG00000272508.1	AL136982.6	chr10	86993432	87024732	4	4	6
ENSG00000261011.1	AL136982.4	chr10	87001636	87009905	4	4	4
ENSG00000229969.1	AL136982.2	chr10	87009785	87015782	4	4	6
ENSG00000188100.9	FAM25A	chr10	87020294	87024730	4	4	6
ENSG00000271573.1	AL136982.5	chr10	87027184	87027477	4	4	6
ENSG00000200253.1	RNU6-529P	chr10	87041238	87041341	4	4	6
ENSG00000148672.9	GLUD1	chr10	87050202	87094843	4	4	6
ENSG00000122376.12	SHLD2	chr10	87094161	87191465	4	4	6
ENSG00000237280.1	AL136982.3	chr10	87113954	87115523	4	4	6
ENSG00000273946.1	RN7SL733P	chr10	87154041	87154369	4	4	6
ENSG00000223482.8	NUTM2A-AS1	chr10	87201647	87342612	4	4	6
ENSG00000287077.1	AL157893.2	chr10	87203717	87206615	4	4	6
ENSG00000285257.1	AL157893.1	chr10	87214136	87216173	4	4	6
ENSG00000184923.12	NUTM2A	chr10	87225448	87236908	4	4	6
ENSG00000224914.4	LINC00863	chr10	87341685	87357882	4	4	6
ENSG00000214562.15	NUTM2D	chr10	87357720	87370695	4	4	6
ENSG00000237740.1	NPAP1P3	chr10	87376896	87378481	4	4	6
ENSG00000236417.2	CTSLP1	chr10	87386685	87390203	4	4	6
ENSG00000228055.3	FAM245A	chr10	87396561	87435035	4	4	6
ENSG00000231569.1	AL355334.1	chr10	87408044	87408258	4	4	6
ENSG00000286445.1	AL355334.2	chr10	87500337	87504837	4	4	4
ENSG00000283672.1	MIR4678	chr10	87503881	87503954	4	4	4
ENSG00000107789.16	MINPP1	chr10	87504875	87553461	4	4	4
ENSG00000223761.1	AL138767.2	chr10	87591607	87606024	4	4	4
ENSG00000225913.2	AL138767.3	chr10	87607985	87659279	4	4	4
ENSG00000196566.2	AL138767.1	chr10	87610163	87660003	4	4	4
ENSG00000234192.1	RPS26P38	chr10	87642607	87642954	4	4	4
ENSG00000198682.13	PAPSS2	chr10	87659613	87747705	4	4	4
ENSG00000138138.13	ATAD1	chr10	87751512	87841343	4	4	4
ENSG00000223820.5	CFL1P1	chr10	87817928	87845612	4	4	4
ENSG00000243782.3	RN7SL78P	chr10	87832818	87833098	4	4	4
ENSG00000227268.5	KLLN	chr10	87859158	87863533	4	4	4
ENSG00000171862.11	PTEN	chr10	87863625	87971930	4	4	4
ENSG00000224745.1	AC063965.2	chr10	87878692	87880427	4	4	4
ENSG00000213613.2	RPL11P3	chr10	87945502	87946024	4	4	4
ENSG00000200891.1	AC063965.1	chr10	87994618	87994695	4	4	4
ENSG00000227905.1	MED6P1	chr10	88048135	88049823	4	4	4
ENSG00000275015.1	AL353149.1	chr10	88259129	88259372	4	4	4
ENSG00000184719.12	RNLS	chr10	88273864	88584530	4	4	4
ENSG00000201548.1	Y_RNA	chr10	88585638	88585733	4	4	4
ENSG00000204022.9	LIPJ	chr10	88586753	88606976	4	4	4
ENSG00000237205.1	RPL7P34	chr10	88618223	88618934	4	4	4
ENSG00000182333.15	LIPF	chr10	88664441	88678814	4	4	4
ENSG00000271408.1	NAPGP1	chr10	88699683	88700401	4	4	4
ENSG00000204021.4	LIPK	chr10	88724544	88752756	4	4	4
ENSG00000226358.1	KRT8P38	chr10	88727485	88728914	4	4	4
ENSG00000204020.6	LIPN	chr10	88759982	88779626	4	4	4
ENSG00000235150.1	RCBTB2P1	chr10	88785600	88787061	4	4	4
ENSG00000173239.14	LIPM	chr10	88802730	88820546	4	4	4
ENSG00000152766.6	ANKRD22	chr10	88819896	88851844	4	4	4
ENSG00000234256.2	PTCD2P2	chr10	88876450	88877544	4	4	4
ENSG00000138134.12	STAMBPL1	chr10	88879734	88975153	4	4	4
ENSG00000180139.11	ACTA2-AS1	chr10	88932390	88940820	4	4	4
ENSG00000107796.13	ACTA2	chr10	88935074	88991339	4	4	4
ENSG00000286116.1	AL157394.3	chr10	88990045	88994249	4	4	4
ENSG00000026103.22	FAS	chr10	88990531	89017059	4	4	4
ENSG00000275693.1	AL157394.2	chr10	88992370	88992539	4	4	4
ENSG00000261438.1	AL157394.1	chr10	89015836	89017059	4	4	4
ENSG00000265375.1	MIR4679-2	chr10	89063335	89063411	4	4	4
ENSG00000283664.1	MIR4679-1	chr10	89063336	89063410	4	4	4
ENSG00000233292.1	AL513533.1	chr10	89139044	89139458	4	4	4
ENSG00000138135.7	CH25H	chr10	89205629	89207317	4	4	4
ENSG00000107798.18	LIPA	chr10	89213569	89414557	4	4	4
ENSG00000119922.10	IFIT2	chr10	89283694	89309271	4	4	4
ENSG00000232110.8	AL353751.1	chr10	89283765	89292125	4	4	4
ENSG00000119917.14	IFIT3	chr10	89327997	89340971	4	4	4
ENSG00000224289.1	IFIT6P	chr10	89362294	89363487	4	4	4
ENSG00000204010.3	IFIT1B	chr10	89378056	89385205	4	4	4
ENSG00000185745.10	IFIT1	chr10	89392546	89406487	4	4	4
ENSG00000152778.9	IFIT5	chr10	89414568	89420997	4	4	4
ENSG00000152779.14	SLC16A12	chr10	89430299	89556641	4	4	4
ENSG00000234452.5	SLC16A12-AS1	chr10	89456064	89468140	4	4	4
ENSG00000152782.16	PANK1	chr10	89579497	89645572	4	4	4
ENSG00000198997.2	MIR107	chr10	89592747	89592827	4	4	4
ENSG00000249962.1	AL157400.5	chr10	89644603	89645223	4	4	4
ENSG00000232936.6	AL157400.2	chr10	89645272	89652144	4	4	4
ENSG00000225836.1	AL157400.1	chr10	89646289	89650822	4	4	4
ENSG00000235100.4	AL157400.3	chr10	89667181	89701274	4	4	4
ENSG00000240996.1	AL157400.4	chr10	89694295	89697928	4	4	4
ENSG00000138182.15	KIF20B	chr10	89701590	89774939	4	4	4
ENSG00000283578.1	MTND5P42	chr10	89786610	89787107	4	4	4
ENSG00000232229.6	LINC00865	chr10	89829483	89840861	4	4	4
ENSG00000270670.1	MARK2P16	chr10	89837612	89839334	4	4	4
ENSG00000280560.2	LINC01374	chr10	89853595	90225443	4	4	4
ENSG00000226159.2	LINC01375	chr10	89915489	89957373	4	4	4
ENSG00000228938.3	SNRPD2P1	chr10	89978717	89979070	4	4	4
ENSG00000287150.1	AL139340.1	chr10	90059061	90099083	4	4	4
ENSG00000222451.1	RN7SKP143	chr10	90163651	90163960	4	4	4
ENSG00000236373.2	LINC02653	chr10	90402521	90628852	4	4	4
ENSG00000224750.6	AL391704.1	chr10	90454170	90502968	4	4	4
ENSG00000238291.1	AL391704.2	chr10	90462717	90467952	4	4	4
ENSG00000283053.1	AL390862.1	chr10	90622143	90623611	4	4	4
ENSG00000148680.16	HTR7	chr10	90740823	90858039	4	4	4
ENSG00000148688.14	RPP30	chr10	90871952	90908553	4	4	4
ENSG00000222305.1	Y_RNA	chr10	90880040	90880179	4	4	4
ENSG00000148677.7	ANKRD1	chr10	90912096	90921087	4	4	4
ENSG00000201604.1	RNU6-740P	chr10	90922731	90922835	4	4	4
ENSG00000225519.1	AL365434.1	chr10	90994620	91006390	4	4	4
ENSG00000273124.1	AL365434.2	chr10	90997480	90997713	4	4	4
ENSG00000224851.2	LINC00502	chr10	91033157	91062164	4	4	4
ENSG00000220585.4	DDX18P6	chr10	91053051	91055047	4	4	4
ENSG00000234043.3	NUDT9P1	chr10	91152605	91153349	4	4	4
ENSG00000286981.1	AL731553.1	chr10	91153669	91161315	4	4	4
ENSG00000180628.15	PCGF5	chr10	91163012	91284337	4	4	4
ENSG00000165338.17	HECTD2	chr10	91409280	91514829	4	4	4
ENSG00000271385.1	AL161798.1	chr10	91464578	91464708	4	4	4
ENSG00000223876.1	RPS27P1	chr10	91544852	91545098	4	4	4
ENSG00000119938.9	PPP1R3C	chr10	91628442	91633071	4	4	4
ENSG00000213449.2	GAPDHP28	chr10	91666780	91667782	4	4	4
ENSG00000228759.1	FAF2P1	chr10	91765899	91767196	4	4	4
ENSG00000228701.2	TNKS2-AS1	chr10	91782835	91798304	4	4	4
ENSG00000107854.6	TNKS2	chr10	91798426	91865475	4	4	4
ENSG00000180581.7	SRP9P1	chr10	91807179	91807439	4	4	4
ENSG00000273497.1	AL359198.2	chr10	91896704	91896897	4	4	4
ENSG00000174721.10	FGFBP3	chr10	91906584	91909486	4	4	4
ENSG00000272817.1	AL359198.1	chr10	91908131	91909348	4	4	4
ENSG00000095564.14	BTAF1	chr10	91923770	92030325	4	4	4
ENSG00000107864.15	CPEB3	chr10	92046692	92291078	4	4	4
ENSG00000252993.1	AL365398.1	chr10	92076242	92076365	4	4	4
ENSG00000214549.2	SDHCP2	chr10	92118664	92119164	4	4	4
ENSG00000213484.2	EIF4A1P8	chr10	92136875	92138370	4	4	4
ENSG00000221042.1	AL158040.1	chr10	92204229	92204306	4	4	4
ENSG00000105988.6	NHP2P1	chr10	92216332	92216793	4	4	4
ENSG00000199881.1	Y_RNA	chr10	92272147	92272250	4	4	4
ENSG00000198060.10	MARCHF5	chr10	92291167	92353964	4	4	4
ENSG00000202297.1	RNY3P12	chr10	92334463	92334564	4	4	4
ENSG00000232709.1	MARK2P9	chr10	92418667	92420875	4	4	4
ENSG00000286795.1	AL161652.1	chr10	92423386	92427620	4	4	4
ENSG00000119912.18	IDE	chr10	92451684	92574096	4	4	4
ENSG00000138160.7	KIF11	chr10	92574105	92655395	4	4	4
ENSG00000184111.6	RPL11P4	chr10	92596852	92597287	4	4	4
ENSG00000264313.2	RN7SL644P	chr10	92659044	92659302	4	4	4
ENSG00000236493.2	EIF2S2P3	chr10	92668745	92669743	4	4	4
ENSG00000152804.11	HHEX	chr10	92689955	92695647	4	4	4
ENSG00000201412.1	Y_RNA	chr10	92710499	92710608	4	4	4
ENSG00000138190.17	EXOC6	chr10	92826831	93059493	4	4	4
ENSG00000225118.1	AL392103.1	chr10	92878092	92878289	4	4	4
ENSG00000226425.1	AL358613.1	chr10	93059663	93060426	4	4	4
ENSG00000187553.10	CYP26C1	chr10	93060798	93069540	4	4	4
ENSG00000285846.1	AL358613.3	chr10	93063646	93077424	4	4	4
ENSG00000279607.1	AL358613.2	chr10	93071972	93073466	4	4	4
ENSG00000095596.12	CYP26A1	chr10	93073475	93077885	4	4	4
ENSG00000232805.1	NIP7P1	chr10	93106872	93107383	4	4	4
ENSG00000237417.1	XRCC6P1	chr10	93206857	93209627	4	4	4
ENSG00000213432.2	RPL17P34	chr10	93284004	93284558	4	4	4
ENSG00000138119.17	MYOF	chr10	93306429	93482334	4	4	4
ENSG00000138180.16	CEP55	chr10	93496612	93529092	4	4	4
ENSG00000212396.1	RNA5SP323	chr10	93510548	93510680	4	4	4
ENSG00000186188.11	FFAR4	chr10	93566665	93604480	4	4	4
ENSG00000138207.14	RBP4	chr10	93591687	93601744	4	4	4
ENSG00000095464.10	PDE6C	chr10	93612537	93666010	4	4	4
ENSG00000148690.12	FRA10AC1	chr10	93667883	93702592	4	4	4
ENSG00000108231.14	LGI1	chr10	93757840	93806272	4	4	4
ENSG00000280660.1	AL157396.1	chr10	93762453	93771991	4	4	4
ENSG00000280485.1	AL358154.1	chr10	93772681	93788605	4	4	4
ENSG00000227995.1	RAB11AP1	chr10	93881293	93881938	4	4	4
ENSG00000176273.15	SLC35G1	chr10	93893973	93956062	4	4	4
ENSG00000180764.13	PIPSL	chr10	93958191	93961540	4	4	4
ENSG00000138193.16	PLCE1	chr10	93993931	94332823	4	4	4
ENSG00000232913.8	PLCE1-AS2	chr10	94081950	94108814	4	4	4
ENSG00000231575.1	AL139118.1	chr10	94109116	94121107	4	4	4
ENSG00000234724.1	HDAC1P1	chr10	94137748	94139500	4	4	4
ENSG00000206631.1	RNU6-657P	chr10	94155639	94155745	4	4	4
ENSG00000228553.1	AL389885.1	chr10	94225160	94227288	4	4	4
ENSG00000268894.7	PLCE1-AS1	chr10	94278681	94287478	4	4	4
ENSG00000273450.1	AL139124.1	chr10	94314907	94315327	4	4	4
ENSG00000173145.11	NOC3L	chr10	94333226	94362959	4	4	4
ENSG00000108239.9	TBC1D12	chr10	94402541	94536332	4	4	4
ENSG00000119969.15	HELLS	chr10	94501434	94613905	4	4	4
ENSG00000244332.1	AL138759.1	chr10	94577439	94611238	4	4	4
ENSG00000235746.1	CTBP2P2	chr10	94646364	94647996	4	4	4
ENSG00000108242.13	CYP2C18	chr10	94683729	94736190	4	4	4
ENSG00000276490.1	AL583836.1	chr10	94688154	94853073	4	4	4
ENSG00000165841.11	CYP2C19	chr10	94762681	94855547	4	4	4
ENSG00000230338.1	MTND4P19	chr10	94774156	94774633	4	4	4
ENSG00000235199.1	CYP2C58P	chr10	94865852	94873129	4	4	4
ENSG00000225354.1	RPL7AP52	chr10	94882554	94883343	4	4	4
ENSG00000138109.11	CYP2C9	chr10	94938658	94990091	4	4	4
ENSG00000233377.1	MTND4P20	chr10	94940253	94941121	4	4	4
ENSG00000228460.1	CYP2C59P	chr10	95007126	95007556	4	4	4
ENSG00000260863.1	CYP2C60P	chr10	95009674	95009812	4	4	4
ENSG00000237885.1	AL359672.1	chr10	95031640	95032048	4	4	4
ENSG00000138115.14	CYP2C8	chr10	95036772	95069497	4	4	4
ENSG00000231829.4	AL157834.1	chr10	95109136	95111642	4	4	4
ENSG00000288526.1	AL157834.4	chr10	95141925	95168425	4	4	4
ENSG00000274691.1	AL157834.3	chr10	95173085	95173187	4	4	4
ENSG00000225533.1	PAWRP1	chr10	95183653	95184217	4	4	4
ENSG00000173124.14	ACSM6	chr10	95194200	95228928	4	4	4
ENSG00000234026.1	AL157834.2	chr10	95228243	95231144	4	4	4
ENSG00000107438.9	PDLIM1	chr10	95237572	95291012	4	4	4
ENSG00000095637.22	SORBS1	chr10	95311771	95561414	4	4	4
ENSG00000214362.2	RPS3AP36	chr10	95594598	95595372	4	4	4
ENSG00000059573.9	ALDH18A1	chr10	95605941	95656711	4	4	4
ENSG00000119977.21	TCTN3	chr10	95663396	95694143	4	4	4
ENSG00000138185.20	ENTPD1	chr10	95711779	95877266	4	4	4
ENSG00000226688.7	ENTPD1-AS1	chr10	95732976	96090250	4	4	4
ENSG00000240527.1	AL365273.1	chr10	95833508	95873758	4	4	4
ENSG00000270099.1	AL365273.2	chr10	95860548	95924844	4	4	4
ENSG00000188649.15	CC2D2B	chr10	95907603	96033745	4	4	4
ENSG00000227805.1	RPL21P90	chr10	95999778	96000243	4	4	4
ENSG00000107443.16	CCNJ	chr10	96043394	96060870	4	4	4
ENSG00000266407.1	MIR3157	chr10	96064315	96064399	4	4	4
ENSG00000200728.1	RNU6-271P	chr10	96112747	96112851	4	4	4
ENSG00000287009.1	AC021037.1	chr10	96129055	96130528	4	4	4
ENSG00000177853.14	ZNF518A	chr10	96129715	96205288	4	4	4
ENSG00000095585.17	BLNK	chr10	96189171	96271587	4	4	4
ENSG00000229417.1	NPM1P25	chr10	96189366	96190219	4	4	4
ENSG00000229418.2	AL136181.1	chr10	96292685	96306695	4	4	4
ENSG00000107447.8	DNTT	chr10	96304409	96338564	4	4	4
ENSG00000197430.11	OPALIN	chr10	96343221	96359365	4	4	4
ENSG00000095587.9	TLL2	chr10	96364608	96513926	4	4	4
ENSG00000077147.16	TM9SF3	chr10	96518110	96587452	4	4	4
ENSG00000235677.1	NPM1P26	chr10	96560185	96560922	4	4	4
ENSG00000155629.15	PIK3AP1	chr10	96593315	96720514	4	4	4
ENSG00000202047.1	RNA5SP324	chr10	96619376	96619483	4	4	4
ENSG00000227032.1	RPS2P36	chr10	96620877	96621707	4	4	4
ENSG00000207287.1	RNU6-1274P	chr10	96743167	96743273	4	4	4
ENSG00000236552.2	RPL13AP5	chr10	96750288	96750899	4	4	4
ENSG00000207976.1	MIR607	chr10	96828669	96828764	4	4	4
ENSG00000196233.14	LCOR	chr10	96832254	96995956	4	4	4
ENSG00000232875.1	HMGN2P35	chr10	96915633	96915902	4	4	4
ENSG00000187122.17	SLIT1	chr10	96998038	97185959	4	4	4
ENSG00000234855.2	SLIT1-AS1	chr10	97102756	97104355	4	4	4
ENSG00000269891.2	ARHGAP19-SLIT1	chr10	97153045	97292637	4	4	4
ENSG00000286683.1	AL512424.1	chr10	97195907	97203721	4	4	4
ENSG00000213390.11	ARHGAP19	chr10	97222173	97292673	4	4	4
ENSG00000231398.1	AL359385.1	chr10	97275012	97278097	4	4	4
ENSG00000277308.1	Metazoa_SRP	chr10	97297290	97297557	4	4	4
ENSG00000237169.1	RPL12P27	chr10	97309138	97309958	4	4	4
ENSG00000165879.9	FRAT1	chr10	97319271	97321915	4	4	4
ENSG00000181274.7	FRAT2	chr10	97332497	97334729	4	4	4
ENSG00000225850.3	AL355490.1	chr10	97334564	97343203	4	4	4
ENSG00000052749.14	RRP12	chr10	97356358	97426076	4	4	4
ENSG00000231508.1	RPL34P20	chr10	97393197	97393547	4	4	4
ENSG00000231970.1	AL355490.2	chr10	97401115	97419524	4	4	4
ENSG00000200737.1	Y_RNA	chr10	97421195	97421307	4	4	4
ENSG00000171314.9	PGAM1	chr10	97426191	97433444	4	4	4
ENSG00000171311.13	EXOSC1	chr10	97435909	97446017	4	4	4
ENSG00000171307.19	ZDHHC16	chr10	97446170	97457370	4	4	4
ENSG00000155229.21	MMS19	chr10	97458324	97498794	4	4	4
ENSG00000165886.5	UBTD1	chr10	97498924	97571206	4	4	4
ENSG00000165887.12	ANKRD2	chr10	97572499	97583884	4	4	4
ENSG00000241935.9	HOGA1	chr10	97584323	97612802	4	4	4
ENSG00000249967.1	AL355315.1	chr10	97584374	97673910	4	4	4
ENSG00000203942.5	C10orf62	chr10	97589721	97590934	4	4	4
ENSG00000171160.18	MORN4	chr10	97614553	97633500	4	4	4
ENSG00000155252.13	PI4K2A	chr10	97640686	97676434	4	4	4
ENSG00000119986.7	AVPI1	chr10	97677424	97687241	4	4	4
ENSG00000155254.13	MARVELD1	chr10	97713173	97718150	4	4	4
ENSG00000155256.17	ZFYVE27	chr10	97737121	97760907	4	4	4
ENSG00000120057.5	SFRP5	chr10	97766751	97771999	4	4	4
ENSG00000227356.2	LINC00866	chr10	97828478	97849798	4	4	4
ENSG00000155265.11	GOLGA7B	chr10	97849843	97871580	4	4	4
ENSG00000095713.14	CRTAC1	chr10	97865000	98030828	4	4	4
ENSG00000278752.1	AL355301.1	chr10	98076361	98076421	4	4	4
ENSG00000166024.14	R3HCC1L	chr10	98134624	98244897	4	4	4
ENSG00000138131.4	LOXL4	chr10	98247690	98268194	4	4	4
ENSG00000230928.1	AL139241.1	chr10	98252023	98256575	4	4	4
ENSG00000119943.13	PYROXD2	chr10	98383565	98415182	4	4	4
ENSG00000284415.1	MIR1287	chr10	98395218	98395307	4	4	4
ENSG00000107521.19	HPS1	chr10	98416198	98446947	4	4	4
ENSG00000264610.1	MIR4685	chr10	98431292	98431360	4	4	4
ENSG00000287261.1	AL139243.1	chr10	98446346	98453805	4	4	4
ENSG00000172987.13	HPSE2	chr10	98457077	99235862	4	4	4
ENSG00000274056.1	MIR6507	chr10	98924499	98924568	4	4	4
ENSG00000236818.1	ARL5AP2	chr10	99013103	99013952	4	4	4
ENSG00000234109.1	RPL7P36	chr10	99047639	99048319	4	4	4
ENSG00000119946.11	CNNM1	chr10	99329356	99394330	4	4	4
ENSG00000120053.12	GOT1	chr10	99396870	99430624	4	4	4
ENSG00000224934.5	AL391684.1	chr10	99430919	99463259	4	4	4
ENSG00000257582.5	LINC01475	chr10	99526350	99531177	4	4	4
ENSG00000228778.2	AL513542.1	chr10	99526948	99528467	4	4	4
ENSG00000119919.11	NKX2-3	chr10	99532942	99536524	4	4	4
ENSG00000155287.11	SLC25A28	chr10	99610522	99620609	4	4	4
ENSG00000260475.1	AL353719.1	chr10	99621055	99621918	4	4	4
ENSG00000229278.2	AL133353.1	chr10	99651595	99659284	4	4	4
ENSG00000285932.1	AL133353.2	chr10	99651595	99732112	4	4	4
ENSG00000198018.7	ENTPD7	chr10	99659509	99711241	4	4	4
ENSG00000233690.1	EBAG9P1	chr10	99697407	99697949	4	4	4
ENSG00000119929.13	CUTC	chr10	99702558	99756134	4	4	4
ENSG00000014919.13	COX15	chr10	99710868	99732127	4	4	4
ENSG00000023839.12	ABCC2	chr10	99782640	99852594	4	4	4
ENSG00000227351.2	NANOGP6	chr10	99788564	99789410	4	4	4
ENSG00000107554.17	DNMBP	chr10	99875577	100009947	4	4	4
ENSG00000227695.6	DNMBP-AS1	chr10	99927010	99959050	4	4	4
ENSG00000120054.12	CPN1	chr10	100042193	100081869	4	4	4
ENSG00000283232.1	CYP2C23P	chr10	100105754	100140151	4	4	4
ENSG00000232230.1	TPM4P1	chr10	100114417	100115223	4	4	4
ENSG00000270623.1	SPCS2P2	chr10	100143065	100143995	4	4	4
ENSG00000107566.14	ERLIN1	chr10	100150094	100186033	4	4	4
ENSG00000213341.11	CHUK	chr10	100188300	100229596	4	4	4
ENSG00000236308.1	AL138921.2	chr10	100190036	100190747	4	4	4
ENSG00000227492.2	AL138921.1	chr10	100229629	100234398	4	4	4
ENSG00000095485.18	CWF19L1	chr10	100232298	100267680	4	4	4
ENSG00000212464.1	SNORA12	chr10	100237156	100237302	4	4	4
ENSG00000230224.1	PHBP9	chr10	100248271	100249095	4	4	4
ENSG00000207362.1	RNU6-422P	chr10	100258571	100258677	4	4	4
ENSG00000196072.12	BLOC1S2	chr10	100273280	100286680	4	4	4
ENSG00000107593.17	PKD2L1	chr10	100288149	100330264	4	4	4
ENSG00000231188.1	AL139819.1	chr10	100335563	100346390	4	4	4
ENSG00000099194.6	SCD	chr10	100347233	100364826	4	4	4
ENSG00000235823.3	OLMALINC	chr10	100373099	100454043	4	4	4
ENSG00000212325.1	Y_RNA	chr10	100398352	100398446	4	4	4
ENSG00000075290.8	WNT8B	chr10	100463009	100483744	4	4	4
ENSG00000075826.17	SEC31B	chr10	100486646	100519864	4	4	4
ENSG00000255339.6	AL133352.1	chr10	100505628	100529881	4	4	4
ENSG00000166136.16	NDUFB8	chr10	100523740	100530000	4	4	4
ENSG00000166135.14	HIF1AN	chr10	100529072	100559998	4	4	4
ENSG00000274660.1	Metazoa_SRP	chr10	100666695	100667009	4	4	4
ENSG00000075891.22	PAX2	chr10	100735603	100829944	4	4	4
ENSG00000222072.1	Y_RNA	chr10	100907174	100907280	4	4	4
ENSG00000272572.1	AL138762.1	chr10	100911103	100912739	4	4	4
ENSG00000119906.13	SLF2	chr10	100912963	100965134	4	4	4
ENSG00000273476.1	AL133215.3	chr10	100967688	100968135	4	4	4
ENSG00000055950.16	MRPL43	chr10	100969458	100987515	4	4	4
ENSG00000095539.15	SEMA4G	chr10	100969518	100985871	4	4	4
ENSG00000207551.1	MIR608	chr10	100974985	100975084	4	4	4
ENSG00000236662.1	AL133215.1	chr10	100980507	100985614	4	4	4
ENSG00000107815.10	TWNK	chr10	100987367	100994403	4	4	4
ENSG00000107816.17	LZTS2	chr10	100996618	101007836	4	4	4
ENSG00000186862.20	PDZD7	chr10	101007679	101032295	4	4	4
ENSG00000107819.13	SFXN3	chr10	101031234	101041244	4	4	4
ENSG00000273162.1	AL133215.2	chr10	101060029	101061005	4	4	4
ENSG00000107821.15	KAZALD1	chr10	101061989	101068131	4	4	4
ENSG00000236311.6	TLX1NB	chr10	101089321	101131126	4	4	4
ENSG00000107807.13	TLX1	chr10	101131300	101137789	4	4	4
ENSG00000237579.3	LINC01514	chr10	101176306	101194147	4	4	4
ENSG00000270973.1	SMARCE1P7	chr10	101181144	101181951	4	4	4
ENSG00000138136.6	LBX1	chr10	101226195	101229794	4	4	4
ENSG00000227128.5	LBX1-AS1	chr10	101229577	101270148	4	4	4
ENSG00000229649.1	LINC02681	chr10	101252821	101263550	4	4	4
ENSG00000222238.1	RNU2-43P	chr10	101307529	101307718	4	4	4
ENSG00000225208.1	AL133387.1	chr10	101311018	101311505	4	4	4
ENSG00000230967.2	AL133387.2	chr10	101322485	101323394	4	4	4
ENSG00000166167.18	BTRC	chr10	101354033	101557321	4	4	4
ENSG00000222414.1	RNU2-59P	chr10	101364845	101365035	4	4	4
ENSG00000166171.13	DPCD	chr10	101570560	101609662	4	4	4
ENSG00000166169.17	POLL	chr10	101578882	101588270	4	4	4
ENSG00000263436.1	MIR3158-1	chr10	101601417	101601497	4	4	4
ENSG00000283558.1	MIR3158-2	chr10	101601417	101601497	4	4	4
ENSG00000107829.15	FBXW4	chr10	101610664	101695295	4	4	4
ENSG00000222051.1	RNU6-1165P	chr10	101622859	101622965	4	4	4
ENSG00000286489.1	AC010789.2	chr10	101694401	101705119	4	4	4
ENSG00000224817.2	AC010789.1	chr10	101701994	101730037	4	4	4
ENSG00000107831.13	FGF8	chr10	101770130	101780369	4	4	4
ENSG00000107833.10	NPM3	chr10	101781325	101783413	4	4	4
ENSG00000198408.14	OGA	chr10	101784443	101818465	4	4	4
ENSG00000226009.2	KCNIP2-AS1	chr10	101818800	101828885	4	4	4
ENSG00000120049.20	KCNIP2	chr10	101825974	101843920	4	4	4
ENSG00000120029.13	ARMH3	chr10	101845599	102056193	4	4	4
ENSG00000274742.1	Metazoa_SRP	chr10	101912998	101913279	4	4	4
ENSG00000222430.1	Y_RNA	chr10	101952605	101952704	4	4	4
ENSG00000166189.8	HPS6	chr10	102065349	102068036	4	4	4
ENSG00000224302.1	AL500527.1	chr10	102085476	102085730	4	4	4
ENSG00000229629.1	AL500527.2	chr10	102089968	102090062	4	4	4
ENSG00000198728.11	LDB1	chr10	102106489	102120368	4	4	4
ENSG00000148840.11	PPRC1	chr10	102132994	102150333	4	4	4
ENSG00000166197.17	NOLC1	chr10	102152176	102163871	4	4	4
ENSG00000119915.5	ELOVL3	chr10	102226299	102229589	4	4	4
ENSG00000107859.10	PITX3	chr10	102230186	102241512	4	4	4
ENSG00000107862.6	GBF1	chr10	102245371	102382899	4	4	4
ENSG00000077150.20	NFKB2	chr10	102394110	102402524	4	4	4
ENSG00000059915.17	PSD	chr10	102402617	102421539	4	4	4
ENSG00000107872.13	FBXL15	chr10	102419189	102423136	4	4	4
ENSG00000107874.11	CUEDC2	chr10	102423245	102432584	4	4	4
ENSG00000202569.4	MIR146B	chr10	102436512	102436584	4	4	4
ENSG00000269609.6	RPARP-AS1	chr10	102449816	102461106	4	4	4
ENSG00000120055.7	C10orf95	chr10	102449837	102451543	4	4	4
ENSG00000138111.14	MFSD13A	chr10	102461395	102477045	4	4	4
ENSG00000138107.13	ACTR1A	chr10	102461881	102502712	4	4	4
ENSG00000273262.1	AL121928.1	chr10	102483039	102483559	4	4	4
ENSG00000107882.12	SUFU	chr10	102503972	102633535	4	4	4
ENSG00000228657.1	RPL23AP58	chr10	102572757	102573225	4	4	4
ENSG00000207029.1	RNU6-43P	chr10	102591524	102591630	4	4	4
ENSG00000272933.1	AL391121.1	chr10	102642792	102644140	4	4	4
ENSG00000171206.15	TRIM8	chr10	102644479	102658318	4	4	4
ENSG00000138175.9	ARL3	chr10	102673731	102714397	4	4	4
ENSG00000156398.13	SFXN2	chr10	102714538	102743492	4	4	4
ENSG00000166272.18	WBP1L	chr10	102743948	102834516	4	4	4
ENSG00000252994.1	RNU6-1231P	chr10	102803929	102804031	4	4	4
ENSG00000148795.7	CYP17A1	chr10	102830531	102837472	4	4	4
ENSG00000213061.2	PFN1P11	chr10	102838011	102845473	4	4	4
ENSG00000236937.2	PTGES3P4	chr10	102845595	102845950	4	4	4
ENSG00000282772.1	AL358790.1	chr10	102845761	102854513	4	4	4
ENSG00000166275.16	BORCS7	chr10	102854259	102864961	4	4	4
ENSG00000270316.1	BORCS7-ASMT	chr10	102854272	102901899	4	4	4
ENSG00000283337.1	U6	chr10	102868421	102868519	4	4	4
ENSG00000214435.8	AS3MT	chr10	102869470	102901899	4	4	4
ENSG00000235266.1	RPL22P17	chr10	102887874	102888188	4	4	4
ENSG00000286575.1	AL356608.3	chr10	102898649	102918335	4	4	4
ENSG00000272912.1	AL356608.1	chr10	102914585	102915404	4	4	4
ENSG00000148842.18	CNNM2	chr10	102918294	103090222	4	4	4
ENSG00000278498.1	AL356608.2	chr10	103027336	103027498	4	4	4
ENSG00000076685.19	NT5C2	chr10	103087185	103277605	4	4	4
ENSG00000237827.1	RPS15AP29	chr10	103125017	103125416	4	4	4
ENSG00000213277.3	MARCKSL1P1	chr10	103175554	103176094	4	4	4
ENSG00000229256.1	ST13P13	chr10	103215709	103216800	4	4	4
ENSG00000235376.5	RPEL1	chr10	103245887	103248016	4	4	4
ENSG00000148798.11	INA	chr10	103277138	103290346	4	4	4
ENSG00000156374.16	PCGF6	chr10	103302796	103351144	4	4	4
ENSG00000212413.1	RNU11-3P	chr10	103312436	103312568	4	4	4
ENSG00000148835.11	TAF5	chr10	103367976	103389065	4	4	4
ENSG00000173915.16	ATP5MD	chr10	103389041	103396492	4	4	4
ENSG00000283867.1	MIR1307	chr10	103394253	103394401	4	4	4
ENSG00000148843.15	PDCD11	chr10	103396626	103446294	4	4	4
ENSG00000138172.11	CALHM2	chr10	103446786	103452402	4	4	4
ENSG00000273485.1	AL139339.2	chr10	103450196	103450852	4	4	4
ENSG00000234699.1	AL139339.1	chr10	103452846	103462695	4	4	4
ENSG00000185933.7	CALHM1	chr10	103453240	103458900	4	4	4
ENSG00000183128.7	CALHM3	chr10	103472804	103479240	4	4	4
ENSG00000235470.5	NEURL1-AS1	chr10	103479603	103517393	4	4	4
ENSG00000107954.10	NEURL1	chr10	103493979	103592552	4	4	4
ENSG00000226431.1	AL121929.1	chr10	103549075	103550964	4	4	4
ENSG00000287419.1	AL121929.3	chr10	103573157	103583687	4	4	4
ENSG00000107957.16	SH3PXD2A	chr10	103594027	103855543	4	4	4
ENSG00000273108.1	AL121929.2	chr10	103608619	103610050	4	4	4
ENSG00000222503.1	Y_RNA	chr10	103673158	103673265	4	4	4
ENSG00000280693.2	SH3PXD2A-AS1	chr10	103745966	103755423	4	4	4
ENSG00000260461.1	AL133355.1	chr10	103877374	103879761	4	4	4
ENSG00000107960.11	STN1	chr10	103877569	103918184	4	4	4
ENSG00000065613.15	SLK	chr10	103967140	104029233	4	4	4
ENSG00000266754.2	RN7SL524P	chr10	103974515	103974814	4	4	4
ENSG00000065618.21	COL17A1	chr10	104031286	104085880	4	4	4
ENSG00000283788.1	MIR936	chr10	104048089	104048186	4	4	4
ENSG00000156384.14	SFR1	chr10	104122058	104126385	4	4	4
ENSG00000197748.13	CFAP43	chr10	104129888	104232364	4	4	4
ENSG00000208033.1	MIR609	chr10	104218789	104218883	4	4	4
ENSG00000148834.13	GSTO1	chr10	104235356	104267459	4	4	4
ENSG00000266852.2	MIR4482	chr10	104268336	104268405	4	4	4
ENSG00000065621.15	GSTO2	chr10	104268873	104304950	4	4	4
ENSG00000148841.17	ITPRIP	chr10	104309698	104338465	4	4	4
ENSG00000270075.1	AL162742.1	chr10	104312141	104313881	4	4	4
ENSG00000287779.1	AL162742.2	chr10	104313308	104313479	4	4	4
ENSG00000228261.1	ITPRIP-AS1	chr10	104323369	104327004	4	4	4
ENSG00000231233.1	CFAP58-DT	chr10	104351591	104353575	4	4	4
ENSG00000120051.15	CFAP58	chr10	104353833	104455102	4	4	4
ENSG00000225768.1	LINC02620	chr10	104474939	104480274	4	4	4
ENSG00000237761.3	AL161646.1	chr10	104566931	104624795	4	4	4
ENSG00000156395.13	SORCS3	chr10	104641290	105265242	4	4	4
ENSG00000226387.2	SORCS3-AS1	chr10	104664608	104666200	4	4	4
ENSG00000207068.1	RNU6-463P	chr10	105534659	105534765	4	4	4
ENSG00000233477.1	PPIAP38	chr10	105685383	105685865	4	4	4
ENSG00000213260.3	YWHAZP5	chr10	105686322	105687051	4	4	4
ENSG00000229466.2	LINC02627	chr10	105808225	105820349	4	4	4
ENSG00000287732.1	AL731574.1	chr10	105844834	105904771	4	4	4
ENSG00000286609.1	AL589166.1	chr10	105985679	105987727	4	4	4
ENSG00000229775.7	LINC02624	chr10	106140143	106188722	4	4	4
ENSG00000215002.2	RPL23AP59	chr10	106550106	106551121	4	4	4
ENSG00000108018.15	SORCS1	chr10	106573663	107164534	4	4	4
ENSG00000287047.1	AL133395.1	chr10	106648899	106676780	4	4	4
ENSG00000200626.1	RNA5SP325	chr10	106970021	106970150	4	4	4
ENSG00000200079.1	RNA5SP326	chr10	107461560	107461669	4	4	4
ENSG00000229981.8	LINC01435	chr10	107694973	108197849	4	4	4
ENSG00000234544.2	PTGES3P5	chr10	108296099	108296532	4	4	4
ENSG00000203434.2	AL353740.1	chr10	108547975	108561815	4	4	4
ENSG00000223381.2	LINC02661	chr10	108708539	108840686	4	4	4
ENSG00000224498.1	MAPKAPK5P1	chr10	108848186	108849561	4	4	4
ENSG00000222436.1	RN7SKP278	chr10	108940969	108941310	4	4	4
ENSG00000252574.2	RNU5B-6P	chr10	109184934	109185001	4	4	4
ENSG00000200217.1	RNU6-839P	chr10	109239639	109239746	4	4	4
ENSG00000232728.1	PHB2P1	chr10	109528119	109529008	4	4	4
ENSG00000237242.1	BTF3P15	chr10	109534655	109534990	4	4	4
ENSG00000270333.1	AL390123.1	chr10	109661814	109662050	4	4	4
ENSG00000270294.1	XIAPP1	chr10	109680442	109681041	4	4	4
ENSG00000224907.1	RPL21P91	chr10	109807651	109808129	4	4	4
ENSG00000108039.18	XPNPEP1	chr10	109864766	109923553	4	4	4
ENSG00000272160.1	RNU4-5P	chr10	109869858	109869992	4	4	4
ENSG00000203876.10	ADD3-AS1	chr10	109940104	110008381	4	4	4
ENSG00000148700.15	ADD3	chr10	109996368	110135565	4	4	4
ENSG00000226734.1	SNRPGP12	chr10	110139214	110139426	4	4	4
ENSG00000119950.21	MXI1	chr10	110207605	110287365	4	4	4
ENSG00000228417.1	AL360182.2	chr10	110207850	110208591	4	4	4
ENSG00000214067.2	AL360182.1	chr10	110257064	110257843	4	4	4
ENSG00000119953.14	SMNDC1	chr10	110290730	110304938	4	4	4
ENSG00000273143.2	AL355512.1	chr10	110428840	110496590	4	4	4
ENSG00000237642.1	HMGB3P5	chr10	110450629	110451240	4	4	4
ENSG00000138166.6	DUSP5	chr10	110497907	110511533	4	4	4
ENSG00000233518.1	RPL7P35	chr10	110550115	110550854	4	4	4
ENSG00000108055.10	SMC3	chr10	110567695	110606048	4	4	4
ENSG00000223302.1	Y_RNA	chr10	110642678	110642785	4	4	4
ENSG00000203867.8	RBM20	chr10	110644336	110839468	4	4	4
ENSG00000252036.1	RN7SKP288	chr10	110756456	110756723	4	4	4
ENSG00000199364.1	RNA5SP327	chr10	110761142	110761242	4	4	4
ENSG00000232470.1	AL136368.1	chr10	110869743	110871594	4	4	4
ENSG00000203497.2	PDCD4-AS1	chr10	110869868	110872233	4	4	4
ENSG00000150593.18	PDCD4	chr10	110871795	110900006	4	4	4
ENSG00000284482.1	MIR4680	chr10	110898090	110898155	4	4	4
ENSG00000214413.9	BBIP1	chr10	110898730	110919201	4	4	4
ENSG00000278601.1	AL158163.2	chr10	110907483	110908182	4	4	4
ENSG00000270589.1	AL158163.1	chr10	110910596	110912244	4	4	4
ENSG00000108061.12	SHOC2	chr10	110919593	111013666	4	4	4
ENSG00000234118.1	RPL13AP6	chr10	110936622	110937233	4	4	4
ENSG00000221214.1	MIR548E	chr10	110988926	110989013	4	4	4
ENSG00000150594.7	ADRA2A	chr10	111077029	111080907	4	4	4
ENSG00000213247.3	AL355863.1	chr10	111104956	111105248	4	4	4
ENSG00000237618.1	BTBD7P2	chr10	111322778	111323397	4	4	4
ENSG00000227851.1	AC021035.1	chr10	111349939	111352103	4	4	4
ENSG00000230809.1	RPS6P15	chr10	111498191	111498941	4	4	4
ENSG00000287231.1	AL136119.1	chr10	111787233	111989909	4	4	4
ENSG00000119927.14	GPAM	chr10	112149865	112215377	4	4	4
ENSG00000119913.6	TECTB	chr10	112283400	112305038	4	4	4
ENSG00000283688.1	MIR6715B	chr10	112299612	112299688	4	4	4
ENSG00000276857.1	MIR6715A	chr10	112299612	112299690	4	4	4
ENSG00000243316.7	GUCY2GP	chr10	112308181	112356574	4	4	4
ENSG00000197142.10	ACSL5	chr10	112374018	112428380	4	4	4
ENSG00000232934.8	AL157786.1	chr10	112395813	112425589	4	4	4
ENSG00000023041.11	ZDHHC6	chr10	112424428	112446917	4	4	4
ENSG00000151532.14	VTI1A	chr10	112446998	112818744	4	4	4
ENSG00000234017.1	AC022018.1	chr10	112548632	112548872	4	4	4
ENSG00000264763.1	MIR4295	chr10	112634170	112634254	4	4	4
ENSG00000233340.1	AL139120.1	chr10	112671812	112677819	4	4	4
ENSG00000285676.1	AL158212.5	chr10	112810031	112821838	4	4	4
ENSG00000260917.1	AL158212.3	chr10	112823490	112827726	4	4	4
ENSG00000279315.1	AL158212.4	chr10	112831169	112832454	4	4	4
ENSG00000225292.2	AL158212.1	chr10	112888735	112906111	4	4	4
ENSG00000148737.17	TCF7L2	chr10	112950247	113167678	4	4	4
ENSG00000233547.1	AL158212.2	chr10	112950646	112951875	4	4	4
ENSG00000227560.1	RPS15AP30	chr10	112987476	112987865	4	4	4
ENSG00000238380.1	RNU7-165P	chr10	113353425	113353484	4	4	4
ENSG00000286289.1	AL133482.1	chr10	113482069	113492054	4	4	4
ENSG00000230018.1	PPIAP39	chr10	113482616	113483113	4	4	4
ENSG00000148702.15	HABP2	chr10	113550837	113589602	4	4	4
ENSG00000197893.14	NRAP	chr10	113588714	113664070	4	4	4
ENSG00000165806.21	CASP7	chr10	113679162	113730907	4	4	4
ENSG00000234393.1	AL592546.2	chr10	113710681	113719332	4	4	4
ENSG00000148735.15	PLEKHS1	chr10	113751262	113783429	4	4	4
ENSG00000283656.1	MIR4483	chr10	113777993	113778054	4	4	4
ENSG00000212589.1	AL592546.1	chr10	113820459	113820590	4	4	4
ENSG00000198924.8	DCLRE1A	chr10	113834725	113854383	4	4	4
ENSG00000196865.4	NHLRC2	chr10	113854661	113917194	4	4	4
ENSG00000287857.1	AL592546.3	chr10	113865811	113869614	4	4	4
ENSG00000043591.6	ADRB1	chr10	114043866	114046904	4	4	4
ENSG00000285540.1	AC022023.2	chr10	114109856	114118700	4	4	4
ENSG00000253066.1	RNU6-709P	chr10	114111414	114111517	4	4	4
ENSG00000226582.1	UBE2V1P5	chr10	114117147	114117551	4	4	4
ENSG00000165813.20	CCDC186	chr10	114120862	114174232	4	4	4
ENSG00000273904.1	AC022023.1	chr10	114168156	114168280	4	4	4
ENSG00000284442.1	MIR2110	chr10	114174105	114174179	4	4	4
ENSG00000095627.9	TDRD1	chr10	114179270	114232304	4	4	4
ENSG00000165816.13	VWA2	chr10	114239254	114294489	4	4	4
ENSG00000230165.1	AURKAP2	chr10	114246074	114246714	4	4	4
ENSG00000275024.1	AC005383.1	chr10	114280725	114281258	4	4	4
ENSG00000169129.15	AFAP1L2	chr10	114294824	114404756	4	4	4
ENSG00000242912.3	RN7SL384P	chr10	114423770	114424067	4	4	4
ENSG00000279796.1	AL133384.2	chr10	114424445	114427398	4	4	4
ENSG00000099204.20	ABLIM1	chr10	114431113	114768061	4	4	4
ENSG00000229668.1	AL133384.1	chr10	114501997	114502347	4	4	4
ENSG00000228169.3	PPIAP19	chr10	114690143	114690634	4	4	4
ENSG00000228484.3	AL137025.1	chr10	114764788	114794344	4	4	4
ENSG00000215760.2	TAF9BP2	chr10	114809375	114811170	4	4	4
ENSG00000151553.15	FAM160B1	chr10	114821744	114899832	4	4	4
ENSG00000226428.1	RPL15P13	chr10	114900722	114901366	4	4	4
ENSG00000165832.6	TRUB1	chr10	114938195	114977676	4	4	4
ENSG00000252611.1	RNU6-1121P	chr10	114969460	114969568	4	4	4
ENSG00000236799.1	LINC02626	chr10	114994657	114996593	4	4	4
ENSG00000107518.18	ATRNL1	chr10	115093365	115948999	4	4	4
ENSG00000285582.1	AC016042.1	chr10	115123482	115218819	4	4	4
ENSG00000270965.1	NTAN1P1	chr10	115819842	115820487	4	4	4
ENSG00000151892.15	GFRA1	chr10	116056925	116273284	4	4	4
ENSG00000285587.1	AC012470.1	chr10	116274270	116281071	4	4	4
ENSG00000182645.6	CCDC172	chr10	116324448	116380029	4	4	4
ENSG00000205433.4	SNRPGP6	chr10	116409256	116409475	4	4	4
ENSG00000203837.5	PNLIPRP3	chr10	116427847	116477957	4	4	4
ENSG00000227096.1	HMGB3P8	chr10	116439468	116440044	4	4	4
ENSG00000200935.1	RNU6-1090P	chr10	116538183	116538276	4	4	4
ENSG00000175535.6	PNLIP	chr10	116545931	116567855	4	4	4
ENSG00000232091.1	PNLIPP1	chr10	116577308	116583317	4	4	4
ENSG00000187021.15	PNLIPRP1	chr10	116590385	116609175	4	4	4
ENSG00000266200.6	PNLIPRP2	chr10	116620953	116645143	4	4	4
ENSG00000165863.17	C10orf82	chr10	116663696	116670264	4	4	4
ENSG00000232767.2	AC016825.1	chr10	116670034	116672750	4	4	4
ENSG00000165868.16	HSPA12A	chr10	116671192	116850251	4	4	4
ENSG00000228195.2	RPL5P27	chr10	116749905	116751261	4	4	4
ENSG00000188316.15	ENO4	chr10	116849499	116911788	4	4	4
ENSG00000187164.20	SHTN1	chr10	116881477	117126586	4	4	4
ENSG00000287655.1	AC023283.1	chr10	117005462	117006416	4	4	4
ENSG00000235742.1	AC012308.1	chr10	117023674	117023851	4	4	4
ENSG00000148704.13	VAX1	chr10	117128521	117138301	4	4	4
ENSG00000234474.3	MIR3663HG	chr10	117144564	117169108	4	4	4
ENSG00000266782.1	MIR3663	chr10	117167678	117167774	4	4	4
ENSG00000236171.1	RPL12P26	chr10	117196168	117196654	4	4	4
ENSG00000186795.1	KCNK18	chr10	117197489	117210299	4	4	4
ENSG00000225936.1	AL731557.1	chr10	117239600	117241923	4	4	4
ENSG00000165646.14	SLC18A2	chr10	117241093	117279430	4	4	4
ENSG00000277879.1	AL391988.1	chr10	117267116	117268668	4	4	4
ENSG00000165650.12	PDZD8	chr10	117277274	117375440	4	4	4
ENSG00000258114.1	AC005871.2	chr10	117425194	117490419	4	4	4
ENSG00000229847.9	EMX2OS	chr10	117473215	117545068	4	4	4
ENSG00000170370.12	EMX2	chr10	117542445	117549546	4	4	4
ENSG00000235198.1	AC005871.1	chr10	117562084	117572457	4	4	4
ENSG00000288172.1	AL356419.1	chr10	117579854	117593896	4	4	4
ENSG00000234952.2	LINC02674	chr10	117734510	117753329	4	4	4
ENSG00000263041.2	AL513324.1	chr10	117825894	117831244	4	4	4
ENSG00000107560.12	RAB11FIP2	chr10	118004916	118046941	4	4	4
ENSG00000231104.8	AC022395.1	chr10	118017487	118045810	4	4	4
ENSG00000177640.16	CASC2	chr10	118046279	118210158	4	4	4
ENSG00000238276.6	AL354863.1	chr10	118241468	118267710	4	4	4
ENSG00000165669.14	FAM204A	chr10	118297925	118342328	4	4	4
ENSG00000232139.6	LINC00867	chr10	118341437	118398468	4	4	4
ENSG00000234309.1	SLC25A18P1	chr10	118572871	118573620	4	4	4
ENSG00000119973.6	PRLHR	chr10	118589997	118595648	4	4	4
ENSG00000225155.4	TOMM22P5	chr10	118643760	118644198	4	4	4
ENSG00000151893.15	CACUL1	chr10	118674167	118755249	4	4	4
ENSG00000277687.1	AL139407.1	chr10	118692361	118693535	4	4	4
ENSG00000229272.2	AL157388.1	chr10	118784563	119029544	4	4	4
ENSG00000236058.3	RPL17P36	chr10	118872054	118872602	4	4	4
ENSG00000213574.2	LDHAP5	chr10	118932674	118933295	4	4	4
ENSG00000188613.7	NANOS1	chr10	119029714	119033730	4	4	4
ENSG00000107581.13	EIF3A	chr10	119033670	119080823	4	4	4
ENSG00000207468.1	SNORA19	chr10	119060011	119060138	4	4	4
ENSG00000222588.1	AL355598.1	chr10	119060983	119061111	4	4	4
ENSG00000271343.1	AL355598.2	chr10	119093140	119093341	4	4	4
ENSG00000119979.18	DENND10	chr10	119104086	119137984	4	4	4
ENSG00000183605.17	SFXN4	chr10	119140767	119165714	4	4	4
ENSG00000165672.7	PRDX3	chr10	119167720	119178812	4	4	4
ENSG00000198873.12	GRK5	chr10	119207571	119459745	4	4	4
ENSG00000228485.1	GRK5-IT1	chr10	119208531	119211760	4	4	4
ENSG00000242853.3	RN7SL749P	chr10	119212857	119213146	4	4	4
ENSG00000236426.5	AL583824.1	chr10	119330233	119336182	4	4	4
ENSG00000265719.1	MIR4681	chr10	119377972	119378043	4	4	4
ENSG00000148908.15	RGS10	chr10	119499817	119542719	4	4	4
ENSG00000271353.1	AC012468.1	chr10	119562101	119562530	4	4	4
ENSG00000151923.17	TIAL1	chr10	119571802	119597029	4	4	4
ENSG00000234569.1	RAD1P1	chr10	119621068	119621880	4	4	4
ENSG00000227437.1	RPS8P4	chr10	119638456	119639082	4	4	4
ENSG00000151929.10	BAG3	chr10	119651380	119677819	4	4	4
ENSG00000232823.2	TXNP1	chr10	119683127	119683823	4	4	4
ENSG00000198825.15	INPP5F	chr10	119726042	119829147	4	4	4
ENSG00000242818.3	RN7SL846P	chr10	119768247	119768538	4	4	4
ENSG00000270300.2	PHACTR2P1	chr10	119793589	119816642	4	4	4
ENSG00000282413.1	AL133461.1	chr10	119818866	119819133	4	4	4
ENSG00000197771.13	MCMBP	chr10	119829404	119892556	4	4	4
ENSG00000107651.13	SEC23IP	chr10	119892730	119944657	4	4	4
ENSG00000265370.1	MIR4682	chr10	119958513	119958592	4	4	4
ENSG00000180230.6	NACAP2	chr10	119997086	119997709	4	4	4
ENSG00000223455.1	AL355298.1	chr10	120069980	120070159	4	4	4
ENSG00000220842.6	RPL21P16	chr10	120354701	120355183	4	4	4
ENSG00000234522.1	AC073587.1	chr10	120434983	120440376	4	4	4
ENSG00000203805.11	PLPP4	chr10	120457227	120592065	4	4	4
ENSG00000177234.7	LINC01561	chr10	120597949	120600124	4	4	4
ENSG00000274461.2	AC023282.1	chr10	120608580	120825317	4	4	4
ENSG00000227165.9	WDR11-AS1	chr10	120759898	120851457	4	4	4
ENSG00000287936.1	AL391425.1	chr10	120842521	120845146	4	4	4
ENSG00000120008.16	WDR11	chr10	120851305	120909524	4	4	4
ENSG00000271670.1	AC010998.2	chr10	120879256	120880667	4	4	4
ENSG00000227307.1	AC010998.1	chr10	120925547	120980700	4	4	4
ENSG00000278484.1	AC010998.3	chr10	120984966	120985596	4	4	4
ENSG00000236762.1	RPL19P16	chr10	121133090	121133723	4	4	4
ENSG00000227143.1	LINC01153	chr10	121178700	121185966	4	4	4
ENSG00000222979.1	RN7SKP167	chr10	121410916	121411200	4	4	4
ENSG00000066468.23	FGFR2	chr10	121478332	121598458	4	4	4
ENSG00000223432.1	AC009988.1	chr10	121615425	121615839	4	4	4
ENSG00000223540.1	RPS15AP5	chr10	121713607	121713994	4	4	4
ENSG00000224250.1	AC025947.1	chr10	121736303	121739730	4	4	4
ENSG00000107669.18	ATE1	chr10	121740424	121928492	4	4	4
ENSG00000201884.1	Y_RNA	chr10	121846600	121846700	4	4	4
ENSG00000226864.2	ATE1-AS1	chr10	121928312	121951965	4	4	4
ENSG00000273767.1	AL731566.1	chr10	121949412	121949487	4	4	4
ENSG00000276742.1	AL731566.3	chr10	121956782	121957098	4	4	4
ENSG00000107672.15	NSMCE4A	chr10	121957091	121975217	4	4	4
ENSG00000273891.1	AL731566.2	chr10	121965764	121967700	4	4	4
ENSG00000138162.19	TACC2	chr10	121989163	122254545	4	4	4
ENSG00000285715.1	AC063960.1	chr10	122017982	122019160	4	4	4
ENSG00000285973.2	AC063960.2	chr10	122145106	122155197	4	4	4
ENSG00000138152.10	BTBD16	chr10	122271296	122338159	4	4	4
ENSG00000202245.1	RNU6-728P	chr10	122345690	122345793	4	4	4
ENSG00000107679.14	PLEKHA1	chr10	122374696	122442602	4	4	4
ENSG00000265442.1	MIR3941	chr10	122416965	122417067	4	4	4
ENSG00000285955.1	BX842242.1	chr10	122435924	122461383	4	4	4
ENSG00000254636.1	ARMS2	chr10	122454653	122457352	4	4	4
ENSG00000166033.13	HTRA1	chr10	122458551	122514907	4	4	4
ENSG00000187908.20	DMBT1	chr10	122560665	122643736	4	4	4
ENSG00000286114.1	AL603764.1	chr10	122657498	122664196	4	4	4
ENSG00000286135.1	AL603764.2	chr10	122672850	122679494	4	4	4
ENSG00000183559.12	C10orf120	chr10	122697709	122699846	4	4	4
ENSG00000176584.18	DMBT1L1	chr10	122729429	122826868	4	4	4
ENSG00000138161.14	CUZD1	chr10	122832158	122846175	4	4	4
ENSG00000286088.1	AC073585.1	chr10	122832167	122879583	4	4	4
ENSG00000213185.7	FAM24B	chr10	122849078	122879641	4	4	4
ENSG00000255624.3	C10orf88B	chr10	122879681	122898615	4	4	4
ENSG00000203795.3	FAM24A	chr10	122910610	122913111	4	4	4
ENSG00000119965.13	C10orf88	chr10	122930901	122954311	4	4	4
ENSG00000179988.15	PSTK	chr10	122954381	122997513	4	4	4
ENSG00000095574.12	IKZF5	chr10	122990807	123008812	4	4	4
ENSG00000196177.13	ACADSB	chr10	123008979	123058290	4	4	4
ENSG00000188620.11	HMX3	chr10	123135970	123139423	4	4	4
ENSG00000188816.3	HMX2	chr10	123148122	123150672	4	4	4
ENSG00000154473.18	BUB3	chr10	123154402	123170467	4	4	4
ENSG00000227586.5	RPS26P39	chr10	123171535	123171875	4	4	4
ENSG00000270902.1	AL160290.2	chr10	123323422	123323586	4	4	4
ENSG00000230131.6	LINC02641	chr10	123356450	123537767	4	4	4
ENSG00000225152.1	AL160290.1	chr10	123425713	123427640	4	4	4
ENSG00000286344.1	AL357127.2	chr10	123560326	123562213	4	4	4
ENSG00000234542.1	AL357127.1	chr10	123574227	123583767	4	4	4
ENSG00000154478.4	GPR26	chr10	123666355	123697399	4	4	4
ENSG00000121898.13	CPXM2	chr10	123706207	123940267	4	4	4
ENSG00000231138.1	AC009987.1	chr10	123776670	123777749	4	4	4
ENSG00000234677.1	AC068058.1	chr10	123913574	123931597	4	4	4
ENSG00000287768.1	BX469938.1	chr10	123943255	123944099	4	4	4
ENSG00000213438.2	YBX2P1	chr10	123991910	123992669	4	4	4
ENSG00000232334.1	AL683842.1	chr10	124004304	124004828	4	4	4
ENSG00000182022.18	CHST15	chr10	124007668	124093598	4	4	4
ENSG00000065154.12	OAT	chr10	124397303	124418976	4	4	4
ENSG00000229544.9	NKX1-2	chr10	124445243	124450035	4	4	4
ENSG00000271434.3	AL445237.1	chr10	124447152	124450048	4	4	4
ENSG00000107902.14	LHPP	chr10	124461823	124617888	4	4	4
ENSG00000229455.2	RPS10P18	chr10	124489823	124490578	4	4	4
ENSG00000258539.1	AC068896.1	chr10	124617080	124791727	4	4	4
ENSG00000189319.14	FAM53B	chr10	124619292	124744378	4	4	4
ENSG00000278831.1	AL513190.1	chr10	124623353	124624079	4	4	4
ENSG00000233334.3	FAM53B-AS1	chr10	124703625	124714217	4	4	4
ENSG00000203791.15	EEF1AKMT2	chr10	124748149	124791887	4	4	4
ENSG00000199466.1	Y_RNA	chr10	124766196	124766297	4	4	4
ENSG00000165660.8	ABRAXAS2	chr10	124801819	124836667	4	4	4
ENSG00000207494.1	Y_RNA	chr10	124814958	124815062	4	4	4
ENSG00000214807.2	NPM1P31	chr10	124867510	124868326	4	4	4
ENSG00000249456.1	AL731577.2	chr10	124917143	124942881	4	4	4
ENSG00000019995.6	ZRANB1	chr10	124942123	124988189	4	4	4
ENSG00000226899.1	AL731577.1	chr10	124945204	124946432	4	4	4
ENSG00000175029.17	CTBP2	chr10	124984317	125161170	4	4	4
ENSG00000273599.1	AL731571.1	chr10	124996064	125001491	4	4	4
ENSG00000264572.1	MIR4296	chr10	125032783	125032870	4	4	4
ENSG00000282787.1	AL157888.1	chr10	125162379	125162971	4	4	4
ENSG00000214298.3	MRPS21P6	chr10	125166677	125166937	4	4	4
ENSG00000233135.1	RPS27P18	chr10	125473686	125473932	4	4	4
ENSG00000237675.5	TEX36-AS1	chr10	125574371	125578445	4	4	4
ENSG00000175018.13	TEX36	chr10	125576522	125683163	4	4	4
ENSG00000214297.3	ALDOAP2	chr10	125666875	125667950	4	4	4
ENSG00000228021.7	AL158835.1	chr10	125683229	125709677	4	4	4
ENSG00000224023.10	EDRF1-DT	chr10	125700436	125719566	4	4	4
ENSG00000280561.1	AL158835.3	chr10	125707416	125749525	4	4	4
ENSG00000234134.1	AL158835.2	chr10	125718771	125719365	4	4	4
ENSG00000107938.18	EDRF1	chr10	125719515	125764143	4	4	4
ENSG00000236991.6	EDRF1-AS1	chr10	125725634	125752110	4	4	4
ENSG00000154485.5	MMP21	chr10	125753580	125775821	4	4	4
ENSG00000188690.15	UROS	chr10	125784980	125823258	4	4	4
ENSG00000265092.1	MIR4484	chr10	125819740	125819822	4	4	4
ENSG00000107949.17	BCCIP	chr10	125823546	125853695	4	4	4
ENSG00000089876.12	DHX32	chr10	125836337	125896436	4	4	4
ENSG00000277371.1	Metazoa_SRP	chr10	125869295	125869576	4	4	4
ENSG00000222629.1	RNU2-42P	chr10	125890566	125890678	4	4	4
ENSG00000203780.12	FANK1	chr10	125896564	126009592	4	4	4
ENSG00000234016.1	GNG10P1	chr10	125960208	125960406	4	4	4
ENSG00000233409.1	FANK1-AS1	chr10	125972188	125973126	4	4	4
ENSG00000148848.14	ADAM12	chr10	126012381	126388455	4	4	4
ENSG00000222740.1	RNA5SP328	chr10	126145474	126145582	4	4	4
ENSG00000213170.3	SAR1AP2	chr10	126272818	126273411	4	4	4
ENSG00000287609.1	AL589787.2	chr10	126393489	126398789	4	4	4
ENSG00000235180.1	LINC00601	chr10	126413869	126421879	4	4	4
ENSG00000154493.19	C10orf90	chr10	126424997	126798708	4	4	4
ENSG00000287326.1	AL589787.1	chr10	126425930	126460957	4	4	4
ENSG00000199321.1	AL512272.1	chr10	126779702	126779774	4	4	4
ENSG00000150760.13	DOCK1	chr10	126905409	127452517	4	4	4
ENSG00000223528.7	AL359094.1	chr10	126988095	127026507	4	4	4
ENSG00000232935.2	AL359094.2	chr10	127013501	127026475	4	4	4
ENSG00000188916.9	INSYN2A	chr10	127135426	127196591	4	4	4
ENSG00000214285.3	NPS	chr10	127549309	127553540	4	4	4
ENSG00000279725.1	AL391005.1	chr10	127734562	127736996	4	4	4
ENSG00000186766.8	FOXI2	chr10	127737185	127741183	4	4	4
ENSG00000270778.1	BUB1P1	chr10	127867881	127868487	4	4	4
ENSG00000180745.5	CLRN3	chr10	127877841	127892941	4	4	4
ENSG00000132334.17	PTPRE	chr10	127907103	128085855	4	4	4
ENSG00000232259.1	AL158166.2	chr10	127929376	127934517	4	4	4
ENSG00000227076.1	AL158166.1	chr10	127934698	127936167	4	4	4
ENSG00000287427.1	AL390236.1	chr10	128026878	128029444	4	4	4
ENSG00000148773.14	MKI67	chr10	128096659	128126423	4	4	4
ENSG00000280953.2	LINC01163	chr10	128181032	128317726	4	4	4
ENSG00000234640.1	AL390763.1	chr10	128316282	128320214	4	4	4
ENSG00000224190.2	LINC02667	chr10	128912810	128916429	4	4	4
ENSG00000232985.1	AL355537.1	chr10	128958772	128960062	4	4	4
ENSG00000287361.1	AL355537.2	chr10	128965406	128968740	4	4	4
ENSG00000225424.1	AL391869.1	chr10	129278251	129291722	4	4	4
ENSG00000285615.1	AL359508.1	chr10	129372194	129380753	4	4	4
ENSG00000170430.10	MGMT	chr10	129467190	129770983	4	4	4
ENSG00000287466.1	AL355531.1	chr10	129621988	129626664	4	4	4
ENSG00000237224.4	AL157832.2	chr10	129693722	129702117	4	4	4
ENSG00000227374.1	AL157832.1	chr10	129768844	129769435	4	4	4
ENSG00000283141.1	LINC02666	chr10	129784983	129806971	4	4	4
ENSG00000108001.15	EBF3	chr10	129835233	129973053	4	4	4
ENSG00000275327.1	AL354950.2	chr10	129837505	129837794	4	4	4
ENSG00000266676.1	MIR4297	chr10	129843299	129843374	4	4	4
ENSG00000275005.1	AL354950.1	chr10	129845328	129845895	4	4	4
ENSG00000287997.1	AL354950.3	chr10	129857638	129867384	4	4	4
ENSG00000237489.5	C10orf143	chr10	130020025	130110830	4	4	4
ENSG00000277218.1	AL139123.1	chr10	130104569	130104998	4	4	4
ENSG00000233122.2	CTAGE7P	chr10	130106046	130108481	4	4	4
ENSG00000233319.1	PPIAP32	chr10	130131770	130132241	4	4	4
ENSG00000108010.12	GLRX3	chr10	130136391	130184521	4	4	4
ENSG00000236303.4	LINC02646	chr10	130213488	130483193	4	4	4
ENSG00000276375.1	AL157712.1	chr10	130282445	130286604	4	4	4
ENSG00000222997.1	Y_RNA	chr10	130505106	130505201	4	4	4
ENSG00000285529.1	AC016816.1	chr10	130525712	130537406	4	4	4
ENSG00000264803.1	MIR378C	chr10	130962588	130962668	4	4	4
ENSG00000176769.9	TCERG1L	chr10	131092391	131311721	4	4	4
ENSG00000230098.1	TCERG1L-AS1	chr10	131095218	131095777	4	4	4
ENSG00000189275.4	LINC01164	chr10	131772398	131790199	4	4	4
ENSG00000286295.1	AL450307.1	chr10	131776386	131795277	4	4	4
ENSG00000280446.1	AL607033.1	chr10	131831910	131833508	4	4	4
ENSG00000283095.1	FP565171.1	chr10	131891640	131895297	4	4	4
ENSG00000175470.20	PPP2R2D	chr10	131901008	131959834	4	4	4
ENSG00000176171.11	BNIP3	chr10	131966455	131982013	4	4	4
ENSG00000277959.1	AL162274.2	chr10	131971202	131971533	4	4	4
ENSG00000273521.1	AL162274.1	chr10	131980240	131981337	4	4	4
ENSG00000279982.1	AL162274.3	chr10	131996738	131999846	4	4	4
ENSG00000188385.12	JAKMIP3	chr10	132036336	132184858	4	4	4
ENSG00000235010.1	AL512622.1	chr10	132181225	132185962	4	4	4
ENSG00000151640.13	DPYSL4	chr10	132186948	132205759	4	4	4
ENSG00000165752.17	STK32C	chr10	132207492	132331847	4	4	4
ENSG00000148814.18	LRRC27	chr10	132332154	132381508	4	4	4
ENSG00000171813.14	PWWP2B	chr10	132397168	132417859	4	4	4
ENSG00000231705.1	AL451069.2	chr10	132419083	132420953	4	4	4
ENSG00000234311.1	AL451069.3	chr10	132433733	132441484	4	4	4
ENSG00000180066.10	LINC02870	chr10	132444327	132449408	4	4	4
ENSG00000226900.2	AL451069.1	chr10	132508394	132518367	4	4	4
ENSG00000229081.1	LINC01165	chr10	132520827	132522449	4	4	4
ENSG00000068383.19	INPP5A	chr10	132537787	132783480	4	4	4
ENSG00000148826.9	NKX6-2	chr10	132783179	132786147	4	4	4
ENSG00000171811.14	CFAP46	chr10	132808392	132942823	4	4	4
ENSG00000232903.2	LINC01166	chr10	132943967	132965289	4	4	4
ENSG00000224758.1	LINC01167	chr10	132961340	132962237	4	4	4
ENSG00000240707.3	LINC01168	chr10	132965534	132976354	4	4	4
ENSG00000197177.15	ADGRA1	chr10	133070929	133131675	4	4	4
ENSG00000256925.3	ADGRA1-AS1	chr10	133083073	133088491	4	4	4
ENSG00000235264.1	RPL5P28	chr10	133144612	133145304	4	4	4
ENSG00000171798.18	KNDC1	chr10	133160219	133226412	4	4	4
ENSG00000171794.4	UTF1	chr10	133230217	133231558	4	4	4
ENSG00000151650.8	VENTX	chr10	133237855	133241928	4	4	4
ENSG00000166917.11	MIR202HG	chr10	133246478	133247891	4	4	4
ENSG00000284219.1	MIR202	chr10	133247511	133247620	4	4	4
ENSG00000273980.1	AL592071.1	chr10	133257144	133257551	4	4	4
ENSG00000151651.16	ADAM8	chr10	133262420	133276868	4	4	4
ENSG00000130640.13	TUBGCP2	chr10	133278630	133312337	4	4	4
ENSG00000235245.1	AL360181.2	chr10	133295187	133295977	4	4	4
ENSG00000198546.15	ZNF511	chr10	133308914	133313162	4	4	4
ENSG00000283496.1	ZNF511-PRAP1	chr10	133309410	133352529	4	4	4
ENSG00000130643.9	CALY	chr10	133324072	133336935	4	4	4
ENSG00000230306.1	BANF1P2	chr10	133344643	133344906	4	4	4
ENSG00000226699.1	AL360181.1	chr10	133345754	133350726	4	4	4
ENSG00000165828.15	PRAP1	chr10	133347368	133352683	4	4	4
ENSG00000148803.12	FUOM	chr10	133355158	133358025	4	4	4
ENSG00000127884.5	ECHS1	chr10	133362485	133373354	4	4	4
ENSG00000265395.1	MIR3944	chr10	133371556	133371663	4	4	4
ENSG00000274685.1	AL360181.4	chr10	133374736	133374869	4	4	4
ENSG00000148832.16	PAOX	chr10	133379261	133391694	4	4	4
ENSG00000254536.2	AL360181.3	chr10	133380017	133420271	4	4	4
ENSG00000148824.19	MTG1	chr10	133394094	133422520	4	4	4
ENSG00000203772.7	SPRN	chr10	133420666	133424572			
ENSG00000273327.1	OR6L2P	chr10	133430394	133431318			
ENSG00000214279.13	SCART1	chr10	133453928	133523558			
ENSG00000273336.1	OR7M1P	chr10	133481238	133481770			
ENSG00000130649.10	CYP2E1	chr10	133520406	133561220			
ENSG00000278518.1	AL161645.1	chr10	133526259	133527513			
ENSG00000286789.1	AL161645.2	chr10	133541809	133542575			
ENSG00000171772.17	SYCE1	chr10	133553901	133569835			
ENSG00000288107.1	AL731769.2	chr10	133565797	133629507			
ENSG00000233685.1	OR6L1P	chr10	133575122	133576031			
ENSG00000287327.1	AL731769.1	chr10	133588914	133589413			
ENSG00000225899.8	FRG2B	chr10	133623895	133626795			
ENSG00000213543.2	RARRES2P2	chr10	133637408	133637892			
ENSG00000233435.2	AGGF1P2	chr10	133640789	133642894			
ENSG00000230468.1	CLUHP5	chr10	133657235	133660635			
ENSG00000279626.1	DUX4L28	chr10	133664429	133665106			
ENSG00000280337.1	DUX4L25	chr10	133667151	133668419			
ENSG00000274599.2	DUX4L24	chr10	133670450	133671718			
ENSG00000276964.1	DUX4L23	chr10	133673749	133675017			
ENSG00000277274.1	DUX4L22	chr10	133677059	133678327			
ENSG00000275610.1	DUX4L21	chr10	133680369	133681637			
ENSG00000276164.1	DUX4L20	chr10	133683668	133684936			
ENSG00000237635.2	DUX4L29	chr10	133740606	133741284			
ENSG00000278664.1	DUX4L10	chr10	133743332	133744598			
ENSG00000278761.1	DUX4L11	chr10	133746641	133747907			
ENSG00000278790.1	DUX4L12	chr10	133749950	133751216			
ENSG00000276046.1	DUX4L13	chr10	133753250	133754516			
ENSG00000276904.1	DUX4L14	chr10	133756559	133757825			
ENSG00000278641.1	DUX4L15	chr10	133759859	133761125			
ENSG00000213147.3	RPL23AP60	chr10	133778246	133778699			
ENSG00000282875.1	BX322534.1	chr10	133778258	133778498			
ENSG00000253826.1	WBP1LP10	chr11	75780	76143			
ENSG00000224777.3	OR4F2P	chr11	86649	87586			
ENSG00000254468.2	AC069287.1	chr11	112967	125927			
ENSG00000270921.1	CICP23	chr11	123312	126123			
ENSG00000230724.9	LINC01001	chr11	127204	139612			
ENSG00000255229.1	AC069287.3	chr11	129279	186136			
ENSG00000222225.1	RNU6-447P	chr11	152999	153102			
ENSG00000177951.17	BET1L	chr11	167784	207428			
ENSG00000188076.3	SCGB1C1	chr11	193078	194575			
ENSG00000177947.14	ODF3	chr11	196761	200261			
ENSG00000254559.1	AC069287.2	chr11	203623	205470			
ENSG00000177963.14	RIC8A	chr11	207511	215113			
ENSG00000283920.1	MIR6743	chr11	209336	209406			
ENSG00000142082.15	SIRT3	chr11	215030	236931			
ENSG00000185627.18	PSMD13	chr11	236966	252984			
ENSG00000277290.1	AC136475.10	chr11	243099	243483			
ENSG00000174885.13	NLRP6	chr11	278407	285388			
ENSG00000255026.1	AC136475.3	chr11	287305	288987			
ENSG00000142102.16	PGGHG	chr11	289126	296107			
ENSG00000206013.2	IFITM5	chr11	298200	299526			
ENSG00000255533.1	AC136475.6	chr11	303856	304144			
ENSG00000185201.16	IFITM2	chr11	307631	315272			
ENSG00000254910.1	AC136475.2	chr11	310139	311141			
ENSG00000185885.16	IFITM1	chr11	313506	315272			
ENSG00000251661.3	AC136475.1	chr11	318640	325631			
ENSG00000142089.16	IFITM3	chr11	319676	327537			
ENSG00000255089.1	AC136475.4	chr11	321991	322426			
ENSG00000270105.1	AC136475.8	chr11	322186	322727			
ENSG00000270030.1	AC136475.7	chr11	325703	326294			
ENSG00000255328.1	AC136475.5	chr11	327171	330122			
ENSG00000270972.1	AC136475.9	chr11	333192	333688			
ENSG00000182272.12	B4GALNT4	chr11	369499	382117			
ENSG00000184363.10	PKP3	chr11	392614	404908			
ENSG00000185187.13	SIGIRR	chr11	405716	417455			
ENSG00000185101.13	ANO9	chr11	417933	442011			
ENSG00000243562.3	RN7SL838P	chr11	440399	440693			
ENSG00000174915.12	PTDSS2	chr11	448268	491399	5	5	5
ENSG00000255237.1	AC138230.1	chr11	462930	463899	5	5	5
ENSG00000023191.17	RNH1	chr11	494512	507300	5	5	5
ENSG00000288033.1	AC137894.4	chr11	512513	518134	5	5	5
ENSG00000254739.1	AC137894.1	chr11	528907	529659	5	5	5
ENSG00000174775.17	HRAS	chr11	532242	537287	5	5	5
ENSG00000161328.11	LRRC56	chr11	537527	554912	5	5	5
ENSG00000185522.9	LMNTD2	chr11	554850	560738	5	5	5
ENSG00000254815.6	LMNTD2-AS1	chr11	557595	560107	5	5	5
ENSG00000099849.15	RASSF7	chr11	560404	564025	5	5	5
ENSG00000247095.3	MIR210HG	chr11	565660	568457	5	5	5
ENSG00000199038.1	MIR210	chr11	568089	568198	5	5	5
ENSG00000070047.13	PHRF1	chr11	576470	612222	5	5	5
ENSG00000185507.21	IRF7	chr11	612553	615983	5	5	5
ENSG00000099834.19	CDHR5	chr11	616577	626078	5	5	5
ENSG00000070031.4	SCT	chr11	626309	627181	5	5	5
ENSG00000069696.7	DRD4	chr11	637269	640706	5	5	5
ENSG00000177030.17	DEAF1	chr11	644233	706715	5	5	5
ENSG00000255158.1	AC131934.1	chr11	665910	678391	5	5	5
ENSG00000177106.16	EPS8L2	chr11	694438	727727	5	5	5
ENSG00000177042.14	TMEM80	chr11	695428	705028	5	5	5
ENSG00000269915.1	AP006621.4	chr11	708564	727047	5	5	5
ENSG00000177156.11	TALDO1	chr11	747415	765012	5	5	5
ENSG00000177225.17	GATD1	chr11	767220	777488	5	5	5
ENSG00000255284.2	AP006621.3	chr11	777578	784297	5	5	5
ENSG00000279672.1	AP006621.5	chr11	779617	780755	5	5	5
ENSG00000255142.1	AP006621.2	chr11	781645	782105	5	5	5
ENSG00000184524.6	CEND1	chr11	787115	790113	5	5	5
ENSG00000177542.11	SLC25A22	chr11	790475	798281	5	5	5
ENSG00000288675.1	AP006621.6	chr11	797511	799190	5	5	5
ENSG00000177595.18	PIDD1	chr11	799179	809753	5	5	5
ENSG00000177600.9	RPLP2	chr11	809965	812880	5	5	5
ENSG00000199785.1	SNORA52	chr11	811681	811814	5	5	5
ENSG00000177666.17	PNPLA2	chr11	818914	825573	5	5	5
ENSG00000255108.1	AP006621.1	chr11	823634	832883	5	5	5
ENSG00000177685.17	CRACR2B	chr11	826144	831991	5	5	5
ENSG00000177697.19	CD151	chr11	832887	839831	5	5	5
ENSG00000177700.6	POLR2L	chr11	837356	842529	5	5	5
ENSG00000214063.11	TSPAN4	chr11	842812	867116	5	5	5
ENSG00000250397.2	AP006623.1	chr11	856880	859795	5	5	5
ENSG00000177830.18	CHID1	chr11	867859	915058	5	5	5
ENSG00000183020.14	AP2A2	chr11	924894	1012245	5	5	5
ENSG00000222561.1	RNU6-1025P	chr11	948421	948524	5	5	5
ENSG00000184956.16	MUC6	chr11	1012823	1036718	5	5	5
ENSG00000254872.3	LINC02688	chr11	1049880	1055749	5	5	5
ENSG00000198788.9	MUC2	chr11	1074875	1110511	5	5	5
ENSG00000215182.8	MUC5AC	chr11	1157953	1201138	5	5	5
ENSG00000286275.1	AC061979.1	chr11	1218530	1220242	5	5	5
ENSG00000117983.17	MUC5B	chr11	1223066	1262172	5	5	5
ENSG00000255177.2	MUC5B-AS1	chr11	1242261	1249676	5	5	5
ENSG00000275669.1	MIR6744	chr11	1256605	1256670	5	5	5
ENSG00000078902.16	TOLLIP	chr11	1274371	1309654	5	5	5
ENSG00000255153.1	TOLLIP-AS1	chr11	1309769	1310707	5	5	5
ENSG00000287935.1	AC136297.1	chr11	1333250	1337068	5	5	5
ENSG00000285985.1	LINC02689	chr11	1350359	1364286	5	5	5
ENSG00000174672.16	BRSK2	chr11	1389899	1462689	5	5	5
ENSG00000285581.1	AC091196.1	chr11	1464582	1467632	5	5	5
ENSG00000182208.14	MOB2	chr11	1469457	1501247	5	5	5
ENSG00000184545.11	DUSP8	chr11	1554051	1572271	5	5	5
ENSG00000233930.4	KRTAP5-AS1	chr11	1571353	1599184	5	5	5
ENSG00000205869.2	KRTAP5-1	chr11	1584342	1585283	5	5	5
ENSG00000205867.3	KRTAP5-2	chr11	1597177	1598294	5	5	5
ENSG00000196224.7	KRTAP5-3	chr11	1607565	1608463	5	5	5
ENSG00000241598.5	KRTAP5-4	chr11	1620958	1622138	5	5	5
ENSG00000185940.10	KRTAP5-5	chr11	1629775	1630707	5	5	5
ENSG00000231487.1	AP006285.1	chr11	1662584	1663343	5	5	5
ENSG00000205866.4	FAM99A	chr11	1665597	1667856	5	5	5
ENSG00000205865.4	FAM99B	chr11	1683269	1685629	5	5	5
ENSG00000227306.1	LINC02708	chr11	1688297	1689056	5	5	5
ENSG00000205864.1	KRTAP5-6	chr11	1697195	1697755	5	5	5
ENSG00000244242.2	IFITM10	chr11	1732406	1750595	5	5	5
ENSG00000250644.3	AC068580.4	chr11	1734821	1763954	5	5	5
ENSG00000117984.15	CTSD	chr11	1752752	1764573	5	5	5
ENSG00000235027.1	AC068580.3	chr11	1760348	1762486	5	5	5
ENSG00000229512.1	AC068580.1	chr11	1763009	1763749	5	5	5
ENSG00000287484.1	AC068580.5	chr11	1773745	1774903	5	5	5
ENSG00000230834.1	AC068580.2	chr11	1776930	1778388	5	5	5
ENSG00000230980.1	RPL36AP39	chr11	1792553	1792870	5	5	5
ENSG00000230080.2	AC139143.1	chr11	1802889	1804095	5	5	5
ENSG00000149043.16	SYT8	chr11	1828307	1837521	5	5	5
ENSG00000130598.16	TNNI2	chr11	1838981	1841680	5	5	5
ENSG00000130592.17	LSP1	chr11	1850904	1892267	5	5	5
ENSG00000264493.1	MIR4298	chr11	1859464	1859536	5	5	5
ENSG00000249086.1	AC051649.1	chr11	1864177	1866667	5	5	5
ENSG00000284594.1	MIR7847	chr11	1880045	1880147	5	5	5
ENSG00000283787.2	PRR33	chr11	1888078	1891895	5	5	5
ENSG00000229671.3	LINC01150	chr11	1897015	1908656	5	5	5
ENSG00000130595.19	TNNT3	chr11	1919703	1938706	5	5	5
ENSG00000214026.11	MRPL23	chr11	1947278	1984522	5	5	5
ENSG00000226416.1	MRPL23-AS1	chr11	1983237	1989920	5	5	5
ENSG00000232987.2	LINC01219	chr11	1991096	1993670	5	5	5
ENSG00000130600.19	H19	chr11	1995176	2001470	5	5	5
ENSG00000275266.1	AC051649.3	chr11	1996540	1996610	5	5	5
ENSG00000284010.1	MIR675	chr11	1996759	1996831	5	5	5
ENSG00000274866.1	AC051649.2	chr11	1997484	1997552	5	5	5
ENSG00000167244.21	IGF2	chr11	2129112	2141238	5	5	5
ENSG00000284779.2	AC132217.2	chr11	2129112	2158391	5	5	5
ENSG00000240801.1	AC132217.1	chr11	2129121	2129964	5	5	5
ENSG00000129965.15	INS-IGF2	chr11	2132538	2161209	5	5	5
ENSG00000207805.3	MIR483	chr11	2134134	2134209	5	5	5
ENSG00000099869.8	IGF2-AS	chr11	2140501	2148666	5	5	5
ENSG00000254647.7	INS	chr11	2159779	2161221	5	5	5
ENSG00000180176.15	TH	chr11	2163929	2171815	5	5	5
ENSG00000265258.1	MIR4686	chr11	2173063	2173138	5	5	5
ENSG00000183734.4	ASCL2	chr11	2268495	2270952	5	5	5
ENSG00000110665.12	C11orf21	chr11	2295628	2303049	5	5	5
ENSG00000064201.16	TSPAN32	chr11	2301997	2318204	5	5	5
ENSG00000207308.1	RNU6-878P	chr11	2321718	2321827	5	5	5
ENSG00000238184.1	CD81-AS1	chr11	2328749	2377992	5	5	5
ENSG00000236264.5	RPL26P30	chr11	2335135	2347685	5	5	5
ENSG00000199550.1	Y_RNA	chr11	2372638	2372750	5	5	5
ENSG00000110651.12	CD81	chr11	2376177	2397397	5	5	5
ENSG00000184281.15	TSSC4	chr11	2400488	2403878	5	5	5
ENSG00000230483.1	AC124057.1	chr11	2404515	2407908	5	5	5
ENSG00000070985.13	TRPM5	chr11	2404515	2423045	5	5	5
ENSG00000053918.18	KCNQ1	chr11	2444684	2849105	5	5	5
ENSG00000269821.1	KCNQ1OT1	chr11	2608328	2699994	5	5	5
ENSG00000275666.1	AC021424.1	chr11	2652099	2652562	5	5	5
ENSG00000276105.1	AC021424.3	chr11	2674097	2674292	5	5	5
ENSG00000276494.1	AC021424.4	chr11	2674625	2674740	5	5	5
ENSG00000276015.1	AC021424.2	chr11	2697851	2698076	5	5	5
ENSG00000236041.1	COX6CP18	chr11	2771356	2771577	5	5	5
ENSG00000229414.2	KCNQ1-AS1	chr11	2840135	2861568	5	5	5
ENSG00000237941.2	KCNQ1DN	chr11	2870033	2872105	5	5	5
ENSG00000274740.1	AC013791.1	chr11	2871437	2871498	5	5	5
ENSG00000129757.14	CDKN1C	chr11	2883213	2885775	5	5	5
ENSG00000254827.6	SLC22A18AS	chr11	2887344	2903575	5	5	5
ENSG00000110628.16	SLC22A18	chr11	2899721	2925246	5	5	5
ENSG00000181649.8	PHLDA2	chr11	2928273	2929420	5	5	5
ENSG00000205531.13	NAP1L4	chr11	2944431	2992377	5	5	5
ENSG00000207008.1	SNORA54	chr11	2963771	2963893	5	5	5
ENSG00000183562.3	AC131971.1	chr11	2989863	2991344	5	5	5
ENSG00000110619.18	CARS1	chr11	3000922	3057613	5	5	5
ENSG00000247473.2	CARS1-AS1	chr11	3029009	3041260	5	5	5
ENSG00000201616.1	RNU1-91P	chr11	3048359	3048521	5	5	5
ENSG00000285644.1	AC108448.3	chr11	3057538	3064707	5	5	5
ENSG00000236710.1	AC108448.2	chr11	3084393	3085443	5	5	5
ENSG00000021762.20	OSBPL5	chr11	3087107	3166739	5	5	5
ENSG00000234791.1	AC108448.1	chr11	3189546	3189929	5	5	5
ENSG00000182170.3	MRGPRG	chr11	3217944	3218813	5	5	5
ENSG00000236301.5	MRGPRG-AS1	chr11	3218332	3223131	5	5	5
ENSG00000184350.11	MRGPRE	chr11	3225030	3232417	5	5	5
ENSG00000224513.2	AC109309.1	chr11	3226061	3232838	5	5	5
ENSG00000236987.2	NDUFA5P8	chr11	3276045	3276390	5	5	5
ENSG00000276951.1	AC109309.2	chr11	3289311	3289642	5	5	5
ENSG00000232390.3	NDUFA5P1	chr11	3321862	3322202	5	5	5
ENSG00000273813.1	AC123788.2	chr11	3335125	3335407	5	5	5
ENSG00000254592.1	AC123788.1	chr11	3336721	3340630	5	5	5
ENSG00000005801.18	ZNF195	chr11	3339261	3379222	5	5	5
ENSG00000223756.7	TSSC2	chr11	3380961	3408978	5	5	5
ENSG00000189398.5	OR7E12P	chr11	3390780	3391752	5	5	5
ENSG00000166492.9	FAM86GP	chr11	3410352	3422496	5	5	5
ENSG00000284605.1	AC127526.3	chr11	3429758	3500621	5	5	5
ENSG00000254757.1	AC127526.1	chr11	3469319	3531328	5	5	5
ENSG00000287906.1	AC127526.5	chr11	3475280	3477065	5	5	5
ENSG00000255367.3	AC127526.2	chr11	3481520	3581211	5	5	5
ENSG00000287312.1	AC127526.4	chr11	3511559	3520886	5	5	5
ENSG00000255522.1	SNRPCP5	chr11	3531420	3531608	5	5	5
ENSG00000237226.1	RPS3AP39	chr11	3549745	3550519	5	5	5
ENSG00000223688.2	RPS24P14	chr11	3559657	3560022	5	5	5
ENSG00000284639.1	AP006294.2	chr11	3580927	3581135	5	5	5
ENSG00000230851.1	AP006294.1	chr11	3591277	3591615	5	5	5
ENSG00000238161.1	OR7E117P	chr11	3599595	3600706	5	5	5
ENSG00000182048.11	TRPC2	chr11	3609901	3637559	5	5	5
ENSG00000167311.14	ART5	chr11	3638512	3642316	5	5	5
ENSG00000129744.3	ART1	chr11	3645128	3664416	5	5	5
ENSG00000201279.1	Y_RNA	chr11	3663815	3663911	5	5	5
ENSG00000200201.1	Y_RNA	chr11	3665164	3665259	5	5	5
ENSG00000129749.3	CHRNA10	chr11	3665587	3671384	5	5	5
ENSG00000110713.17	NUP98	chr11	3671083	3797792	5	5	5
ENSG00000251934.1	RNU6-1143P	chr11	3714772	3714875	5	5	5
ENSG00000238304.1	RNU7-50P	chr11	3781395	3781456	5	5	5
ENSG00000148985.20	PGAP2	chr11	3797724	3826371	5	5	5
ENSG00000177105.10	RHOG	chr11	3826978	3840959	5	5	5
ENSG00000228661.1	STIM1-AS1	chr11	3854318	3855509	5	5	5
ENSG00000167323.11	STIM1	chr11	3854527	4093210	5	5	5
ENSG00000229368.1	AC090587.1	chr11	3854612	3855399	5	5	5
ENSG00000284525.1	MIR4687	chr11	3856062	3856141	5	5	5
ENSG00000230593.3	PPIAP40	chr11	3892398	3892887	5	5	5
ENSG00000206976.1	AC087441.1	chr11	3922567	3922703	5	5	5
ENSG00000255232.1	AC087441.3	chr11	3961277	3961538	5	5	5
ENSG00000255141.1	HNRNPA1P76	chr11	3972881	3974237	5	5	5
ENSG00000224555.3	AC087441.2	chr11	3989163	3989463	5	5	5
ENSG00000240385.1	RPS29P20	chr11	4018948	4019118	5	5	5
ENSG00000167325.15	RRM1	chr11	4094707	4138932	5	5	5
ENSG00000255276.1	RRM1-AS1	chr11	4137116	4138257	5	5	5
ENSG00000231548.2	OR55B1P	chr11	4146112	4151104	5	5	5
ENSG00000254480.2	LINC02749	chr11	4179675	4202663	5	5	5
ENSG00000255387.1	RDXP1	chr11	4210354	4212091	5	5	5
ENSG00000284018.1	SSU72P5	chr11	4233288	4233872	5	5	5
ENSG00000284306.1	SSU72P2	chr11	4242056	4242640	5	5	5
ENSG00000236175.3	SSU72P6	chr11	4278705	4279192	5	5	5
ENSG00000283873.1	SSU72P4	chr11	4287499	4288083	5	5	5
ENSG00000284546.1	SSU72P3	chr11	4329865	4330449	5	5	5
ENSG00000284438.1	SSU72P7	chr11	4338660	4339244	5	5	5
ENSG00000221996.6	OR52B4	chr11	4367263	4368386	5	5	5
ENSG00000175800.5	OR52B3P	chr11	4378282	4379209	5	5	5
ENSG00000132109.10	TRIM21	chr11	4384897	4393702	5	5	5
ENSG00000225101.6	OR52K3P	chr11	4393783	4476361	5	5	5
ENSG00000237272.2	OR51R1P	chr11	4418060	4419011	5	5	5
ENSG00000171999.7	OR52P2P	chr11	4431323	4432277	5	5	5
ENSG00000181963.5	OR52K2	chr11	4449295	4450361	5	5	5
ENSG00000196778.3	OR52K1	chr11	4482646	4493497	5	5	5
ENSG00000226616.1	OR52M2P	chr11	4514966	4515924	5	5	5
ENSG00000197790.1	OR52M1	chr11	4545191	4546144	5	5	5
ENSG00000171987.3	C11orf40	chr11	4571423	4577820	5	5	5
ENSG00000226288.2	OR52I2	chr11	4581743	4593340	5	5	5
ENSG00000232268.6	OR52I1	chr11	4593614	4596574	5	5	5
ENSG00000167333.13	TRIM68	chr11	4598672	4608231	5	5	5
ENSG00000197428.3	OR51D1	chr11	4637477	4643060	5	5	5
ENSG00000180785.10	OR51E1	chr11	4643420	4655488	5	5	5
ENSG00000180723.6	OR51A9P	chr11	4660853	4661763	5	5	5
ENSG00000167332.9	OR51E2	chr11	4680171	4697854	5	5	5
ENSG00000197674.7	OR51C1P	chr11	4690423	4697831	5	5	5
ENSG00000167346.7	MMP26	chr11	4704927	4992429	5	5	5
ENSG00000272634.2	OR51F5P	chr11	4709569	4712421	5	5	5
ENSG00000272664.1	OR51C4P	chr11	4718612	4719559	5	5	5
ENSG00000271602.1	KRT8P49	chr11	4722740	4724171	5	5	5
ENSG00000272559.1	OR51F3P	chr11	4736178	4737078	5	5	5
ENSG00000273051.1	OR51F4P	chr11	4752046	4752944	5	5	5
ENSG00000201980.1	SNORA62	chr11	4756645	4756797	5	5	5
ENSG00000280021.1	OR51F1	chr11	4768979	4769938	5	5	5
ENSG00000176951.6	OR51N1P	chr11	4786754	4787705	5	5	5
ENSG00000231070.1	OR52Y1P	chr11	4793778	4795284	5	5	5
ENSG00000279270.2	OR52R1	chr11	4803433	4804380	5	5	5
ENSG00000176925.8	OR51F2	chr11	4821321	4822456	5	5	5
ENSG00000197984.4	OR51A8P	chr11	4830175	4833072	5	5	5
ENSG00000176922.4	OR51S1	chr11	4847489	4849238	5	5	5
ENSG00000176904.3	OR51H1	chr11	4859610	4863652	5	5	5
ENSG00000198217.4	OR51H2P	chr11	4871717	4878117	5	5	5
ENSG00000176900.2	OR51T1	chr11	4881819	4882883	5	5	5
ENSG00000197023.6	OR51A6P	chr11	4889593	4890596	5	5	5
ENSG00000176895.9	OR51A7	chr11	4903783	4909462	5	5	5
ENSG00000176893.5	OR51G2	chr11	4912588	4919350	5	5	5
ENSG00000278870.2	OR51G1	chr11	4923374	4924339	5	5	5
ENSG00000227023.1	OR51A3P	chr11	4937371	4938294	5	5	5
ENSG00000205497.4	OR51A4	chr11	4942831	4947605	5	5	5
ENSG00000205496.1	OR51A2	chr11	4954772	4955713	5	5	5
ENSG00000225003.1	OR51A5P	chr11	4972943	4973884	5	5	5
ENSG00000176798.3	OR51L1	chr11	4994851	5005536	5	5	5
ENSG00000224300.1	OR51P1P	chr11	5015138	5016079	5	5	5
ENSG00000230261.1	OR52J2P	chr11	5037013	5037951	5	5	5
ENSG00000205495.1	OR52J3	chr11	5046526	5047461	5	5	5
ENSG00000176787.2	OR52E2	chr11	5058650	5059627	5	5	5
ENSG00000273085.3	OR52E1	chr11	5069572	5070497	5	5	5
ENSG00000237354.1	OR52S1P	chr11	5076130	5077066	5	5	5
ENSG00000226157.1	OR52E3P	chr11	5092676	5093611	5	5	5
ENSG00000203560.3	OR52J1P	chr11	5104153	5105084	5	5	5
ENSG00000236897.1	AC113331.1	chr11	5106062	5107530	5	5	5
ENSG00000205494.9	OR52A4P	chr11	5120621	5124513	5	5	5
ENSG00000171944.2	OR52A5	chr11	5128776	5138356	5	5	5
ENSG00000182070.6	OR52A1	chr11	5143219	5154757	5	5	5
ENSG00000176752.6	OR51A1P	chr11	5170351	5171296	5	5	5
ENSG00000176748.6	OR52Z1	chr11	5177714	5178664	5	5	5
ENSG00000176742.3	OR51V1	chr11	5199735	5200682	5	5	5
ENSG00000224091.1	AC104389.2	chr11	5205041	5207308	5	5	5
ENSG00000285498.1	AC104389.7	chr11	5224309	5225461	5	5	5
ENSG00000221031.1	AC104389.1	chr11	5224448	5224639	5	5	5
ENSG00000244734.4	HBB	chr11	5225464	5229395	5	5	5
ENSG00000223609.11	HBD	chr11	5232678	5243657	5	5	5
ENSG00000229988.2	HBBP1	chr11	5241105	5243537	5	5	5
ENSG00000260629.2	BGLT3	chr11	5244554	5245546	5	5	5
ENSG00000213934.9	HBG1	chr11	5248269	5249857	5	5	5
ENSG00000284931.1	AC104389.6	chr11	5248270	5254783	5	5	5
ENSG00000196565.15	HBG2	chr11	5253188	5505605	5	5	5
ENSG00000239920.2	AC104389.5	chr11	5254392	5678434	5	5	5
ENSG00000213931.7	HBE1	chr11	5268345	5505652	5	5	5
ENSG00000229093.1	OR51AB1P	chr11	5291761	5292380	5	5	5
ENSG00000183251.4	OR51B4	chr11	5301014	5301946	5	5	5
ENSG00000167355.8	OR51B5	chr11	5303444	5505652	5	5	5
ENSG00000223735.1	OR51B3P	chr11	5314772	5315684	5	5	5
ENSG00000279012.2	OR51B2	chr11	5323359	5324297	5	5	5
ENSG00000236359.1	OR51B8P	chr11	5330592	5331360	5	5	5
ENSG00000176239.7	OR51B6	chr11	5351508	5352446	5	5	5
ENSG00000230087.1	AC104389.3	chr11	5354692	5355578	5	5	5
ENSG00000236248.1	AC104389.4	chr11	5362615	5362849	5	5	5
ENSG00000184698.5	OR51M1	chr11	5383812	5393263	5	5	5
ENSG00000184321.1	OR51J1	chr11	5402597	5403547	5	5	5
ENSG00000167360.6	OR51Q1	chr11	5422111	5423206	5	5	5
ENSG00000248424.1	OR51K1P	chr11	5430653	5431602	5	5	5
ENSG00000167359.8	OR51I1	chr11	5440570	5441514	5	5	5
ENSG00000187918.5	OR51I2	chr11	5449323	5456518	5	5	5
ENSG00000230484.2	OR51A10P	chr11	5468486	5469422	5	5	5
ENSG00000181609.5	OR52D1	chr11	5488685	5489749	5	5	5
ENSG00000175520.9	UBQLN3	chr11	5507300	5509958	5	5	5
ENSG00000175518.8	UBQLNL	chr11	5514393	5518431	5	5	5
ENSG00000224295.3	OLFM5P	chr11	5518441	5524955	5	5	5
ENSG00000249633.1	OR52V1P	chr11	5527277	5528174	5	5	5
ENSG00000181616.9	OR52H1	chr11	5544489	5548533	5	5	5
ENSG00000248553.1	OR52H2P	chr11	5551662	5552563	5	5	5
ENSG00000231049.2	OR52B5P	chr11	5557096	5564327	5	5	5
ENSG00000233646.1	OR52T1P	chr11	5566678	5567616	5	5	5
ENSG00000229534.1	HNRNPA1P53	chr11	5571247	5572192	5	5	5
ENSG00000187747.2	OR52B6	chr11	5580877	5581884	5	5	5
ENSG00000121236.21	TRIM6	chr11	5596109	5612958	5	5	5
ENSG00000258588.3	TRIM6-TRIM34	chr11	5596725	5644398	5	5	5
ENSG00000258659.7	TRIM34	chr11	5619764	5644398	5	5	5
ENSG00000132256.19	TRIM5	chr11	5663195	5938619	5	5	5
ENSG00000132274.16	TRIM22	chr11	5689697	5737089	5	5	5
ENSG00000232381.1	OR52U1P	chr11	5719290	5720212	5	5	5
ENSG00000181109.3	OR52P1P	chr11	5726502	5727464	5	5	5
ENSG00000181023.8	OR56B1	chr11	5736448	5738523	5	5	5
ENSG00000181074.4	OR52N4	chr11	5754243	5755905	5	5	5
ENSG00000181017.6	OR56B2P	chr11	5761153	5767465	5	5	5
ENSG00000181009.5	OR52N5	chr11	5776165	5783355	5	5	5
ENSG00000181001.3	OR52N1	chr11	5786471	5791265	5	5	5
ENSG00000236965.4	OR52N3P	chr11	5800364	5801297	5	5	5
ENSG00000180988.2	OR52N2	chr11	5820314	5821348	5	5	5
ENSG00000205409.3	OR52E6	chr11	5840928	5841952	5	5	5
ENSG00000183269.5	OR52E8	chr11	5856674	5857734	5	5	5
ENSG00000233563.1	OR52E7P	chr11	5873960	5874892	5	5	5
ENSG00000180974.4	OR52E4	chr11	5880629	5887079	5	5	5
ENSG00000277932.2	OR52E5	chr11	5893208	5902730	5	5	5
ENSG00000277514.1	OR52Q1P	chr11	5903767	5904448	5	5	5
ENSG00000184478.7	OR56A3	chr11	5938751	5951347	5	5	5
ENSG00000188691.5	OR56A5	chr11	5967177	5968494	5	5	5
ENSG00000183313.4	OR52L1	chr11	5985892	5986985	5	5	5
ENSG00000254831.1	KRT18P58	chr11	5993876	5994995	5	5	5
ENSG00000183389.5	OR56A4	chr11	5999445	6006946	5	5	5
ENSG00000202147.1	RNA5SP329	chr11	6016996	6017114	5	5	5
ENSG00000180934.7	OR56A1	chr11	6019336	6034338	5	5	5
ENSG00000255481.2	OR56A7P	chr11	6045807	6046747	5	5	5
ENSG00000262980.2	OR52L2P	chr11	6057286	6058275	5	5	5
ENSG00000234895.1	OR52X1P	chr11	6066873	6067786	5	5	5
ENSG00000180919.3	OR56B4	chr11	6107684	6108835	5	5	5
ENSG00000254444.1	AC022762.1	chr11	6108135	6185576	5	5	5
ENSG00000180913.3	OR56B3P	chr11	6128610	6129556	5	5	5
ENSG00000180909.2	OR52B1P	chr11	6151641	6152549	5	5	5
ENSG00000255307.1	OR52B2	chr11	6169330	6170408	5	5	5
ENSG00000175485.2	OR52W1	chr11	6199146	6200259	5	5	5
ENSG00000267940.1	AC022762.2	chr11	6201901	6203253	5	5	5
ENSG00000180878.3	C11orf42	chr11	6205557	6211135	5	5	5
ENSG00000051009.11	FAM160A2	chr11	6211345	6234711	5	5	5
ENSG00000132259.13	CNGA4	chr11	6234765	6244479	5	5	5
ENSG00000110148.10	CCKBR	chr11	6259806	6272127	5	5	5
ENSG00000270435.1	AC068733.2	chr11	6297189	6298606	5	5	5
ENSG00000170955.10	CAVIN3	chr11	6318946	6320532	5	5	5
ENSG00000282556.3	AC068733.3	chr11	6319140	6360454	5	5	5
ENSG00000254443.1	AC068733.1	chr11	6362799	6365267	5	5	5
ENSG00000166311.10	SMPD1	chr11	6390440	6394998	5	5	5
ENSG00000166313.19	APBB1	chr11	6395124	6419414	5	5	5
ENSG00000110169.11	HPX	chr11	6431049	6442617	5	5	5
ENSG00000110171.20	TRIM3	chr11	6448613	6474459	5	5	5
ENSG00000132254.13	ARFIP2	chr11	6474683	6481479	5	5	5
ENSG00000283977.1	AC084337.2	chr11	6481485	6508978	5	5	5
ENSG00000132286.12	TIMM10B	chr11	6481501	6484681	5	5	5
ENSG00000254595.1	AC084337.1	chr11	6488186	6489377	5	5	5
ENSG00000179532.13	DNHD1	chr11	6497260	6593758	5	5	5
ENSG00000132275.11	RRP8	chr11	6595072	6603616	5	5	5
ENSG00000254400.1	AC091564.2	chr11	6603642	6604420	5	5	5
ENSG00000166333.14	ILK	chr11	6603708	6610874	5	5	5
ENSG00000166337.10	TAF10	chr11	6606294	6612539	5	5	5
ENSG00000254641.1	AC091564.3	chr11	6608667	6610135	5	5	5
ENSG00000285338.1	AC091564.7	chr11	6610883	6616594	5	5	5
ENSG00000166340.17	TPP1	chr11	6612768	6619448	5	5	5
ENSG00000255680.1	AC091564.6	chr11	6618790	6619764	5	5	5
ENSG00000166341.8	DCHS1	chr11	6621330	6655809	5	5	5
ENSG00000255390.1	AC091564.4	chr11	6621451	6622322	5	5	5
ENSG00000255410.2	AC091564.5	chr11	6630504	6658396	5	5	5
ENSG00000158042.9	MRPL17	chr11	6680385	6683340	5	5	5
ENSG00000241678.1	AC091564.1	chr11	6685891	6686369	5	5	5
ENSG00000254838.5	GVINP1	chr11	6713536	6746439	5	5	5
ENSG00000254781.1	GVINP2	chr11	6748131	6750324	5	5	5
ENSG00000188124.3	OR2AG2	chr11	6765626	6771976	5	5	5
ENSG00000279486.5	OR2AG1	chr11	6783020	6791558	5	5	5
ENSG00000184933.5	OR6A2	chr11	6791736	6799689	5	5	5
ENSG00000283415.2	AC087280.2	chr11	6821942	6926878	5	5	5
ENSG00000254712.1	AC087280.1	chr11	6843664	6844666	5	5	5
ENSG00000166363.5	OR10A5	chr11	6845652	6846705	5	5	5
ENSG00000170790.5	OR10A2	chr11	6863057	6874717	5	5	5
ENSG00000170782.3	OR10A4	chr11	6876625	6877619	5	5	5
ENSG00000166368.2	OR2D2	chr11	6891490	6892599	5	5	5
ENSG00000178358.4	OR2D3	chr11	6920974	6922043	5	5	5
ENSG00000149054.16	ZNF215	chr11	6926404	7001004	5	5	5
ENSG00000149050.10	ZNF214	chr11	6997085	7020346	5	5	5
ENSG00000158077.5	NLRP14	chr11	7020479	7071526	5	5	5
ENSG00000170748.7	RBMXL2	chr11	7088998	7091148	5	5	5
ENSG00000255179.1	AC027804.1	chr11	7222933	7230863	5	5	5
ENSG00000221703.1	MIR302E	chr11	7234766	7234837	5	5	5
ENSG00000170743.17	SYT9	chr11	7238778	7469043	5	5	5
ENSG00000251364.7	AC107884.1	chr11	7418826	7513644	5	5	5
ENSG00000183801.8	OLFML1	chr11	7485388	7511377	5	5	5
ENSG00000166387.13	PPFIBP2	chr11	7513298	7657127	5	5	5
ENSG00000254864.1	AC107884.2	chr11	7568866	7572046	5	5	5
ENSG00000166394.15	CYB5R2	chr11	7665100	7677222	5	5	5
ENSG00000183378.12	OVCH2	chr11	7689437	7706421	5	5	5
ENSG00000275612.1	AC104237.2	chr11	7698951	7699393	5	5	5
ENSG00000276668.1	AC104237.3	chr11	7699562	7699988	5	5	5
ENSG00000271758.2	AC044810.3	chr11	7704628	7882947	5	5	5
ENSG00000254707.1	AC104237.1	chr11	7705288	7709517	5	5	5
ENSG00000176716.5	OR10AB1P	chr11	7726436	7729684	5	5	5
ENSG00000227892.1	OR5P4P	chr11	7745990	7746906	5	5	5
ENSG00000254951.7	AC044810.2	chr11	7754393	7905955	5	5	5
ENSG00000166408.4	OR5P1P	chr11	7772890	7773814	5	5	5
ENSG00000241008.1	AC044810.1	chr11	7783697	7784407	5	5	5
ENSG00000183303.2	OR5P2	chr11	7795905	7796973	5	5	5
ENSG00000182334.3	OR5P3	chr11	7824818	7830840	5	5	5
ENSG00000170688.4	OR5E1P	chr11	7848700	7849626	5	5	5
ENSG00000252769.1	RNU6-943P	chr11	7889182	7889279	5	5	5
ENSG00000279000.3	OR10A6	chr11	7924592	7931268	5	5	5
ENSG00000170683.6	OR10A3	chr11	7937171	7941708	5	5	5
ENSG00000182261.4	NLRP10	chr11	7957537	7965426	5	5	5
ENSG00000175390.15	EIF3F	chr11	7970251	8001862	5	5	5
ENSG00000254642.1	COX6CP5	chr11	7977481	7977708	5	5	5
ENSG00000255420.2	CASC23	chr11	8011278	8016520	5	5	5
ENSG00000166402.9	TUB	chr11	8019244	8106243	5	5	5
ENSG00000254921.1	AC116456.1	chr11	8035446	8039718	5	5	5
ENSG00000248332.6	TUB-AS1	chr11	8060038	8069373	5	5	5
ENSG00000279391.1	AC116456.2	chr11	8075573	8077781	5	5	5
ENSG00000166405.15	RIC3	chr11	8106056	8169055	5	5	5
ENSG00000246820.2	RIC3-DT	chr11	8169167	8178903	5	5	5
ENSG00000166407.14	LMO1	chr11	8224309	8268716	5	5	5
ENSG00000130413.15	STK33	chr11	8391868	8594289	5	5	5
ENSG00000252778.1	AP006442.1	chr11	8555016	8555146	5	5	5
ENSG00000166436.16	TRIM66	chr11	8612037	8682694	5	5	5
ENSG00000254900.1	AC091053.2	chr11	8679089	8680913	5	5	5
ENSG00000166441.13	RPL27A	chr11	8682788	8714759	5	5	5
ENSG00000200983.1	SNORA3A	chr11	8684227	8684356	5	5	5
ENSG00000212607.1	SNORA3B	chr11	8685439	8685569	5	5	5
ENSG00000166444.19	DENND2B	chr11	8693351	8910951	5	5	5
ENSG00000254665.1	AC091053.1	chr11	8693357	8696607	5	5	5
ENSG00000255159.1	AC026894.1	chr11	8768778	8810231	5	5	5
ENSG00000252905.1	RNA5SP330	chr11	8845263	8845358	5	5	5
ENSG00000202276.1	Y_RNA	chr11	8877417	8877518	5	5	5
ENSG00000166452.12	AKIP1	chr11	8911139	8920084	5	5	5
ENSG00000176029.14	C11orf16	chr11	8920076	8933006	5	5	5
ENSG00000176009.3	ASCL3	chr11	8937579	8938211	5	5	5
ENSG00000223080.1	Y_RNA	chr11	8943380	8943467	5	5	5
ENSG00000175348.11	TMEM9B	chr11	8947202	8965011	5	5	5
ENSG00000254860.6	TMEM9B-AS1	chr11	8964510	8977527	5	5	5
ENSG00000175352.11	NRIP3	chr11	8980576	9004049	5	5	5
ENSG00000253973.3	AC079296.1	chr11	9004093	9067776	5	5	5
ENSG00000175356.14	SCUBE2	chr11	9019476	9138114	5	5	5
ENSG00000286935.1	AC079296.2	chr11	9089283	9090456	5	5	5
ENSG00000264984.1	MIR5691	chr11	9090312	9090379	5	5	5
ENSG00000213538.5	KRT8P41	chr11	9094377	9095890	5	5	5
ENSG00000184014.8	DENND5A	chr11	9138825	9265350	5	5	5
ENSG00000255097.1	AP006259.1	chr11	9242448	9245509	5	5	5
ENSG00000273725.1	Metazoa_SRP	chr11	9279532	9279816	5	5	5
ENSG00000166471.11	TMEM41B	chr11	9280654	9314636	5	5	5
ENSG00000254884.1	PRR13P2	chr11	9311284	9311689	5	5	5
ENSG00000205339.10	IPO7	chr11	9384652	9448127	5	5	5
ENSG00000201998.1	SNORA23	chr11	9428773	9428954	5	5	5
ENSG00000254397.1	AC132192.1	chr11	9430356	9433486	5	5	5
ENSG00000268403.2	AC132192.2	chr11	9459556	9460702	5	5	5
ENSG00000166478.10	ZNF143	chr11	9460319	9528524	5	5	5
ENSG00000166483.11	WEE1	chr11	9573670	9593457	5	5	5
ENSG00000238387.1	AC122179.1	chr11	9578028	9578131	5	5	5
ENSG00000243964.1	RPL23AP65	chr11	9606142	9606609	5	5	5
ENSG00000255463.1	AC011979.2	chr11	9631008	9631359	5	5	5
ENSG00000239470.3	AC011979.1	chr11	9660438	9660920	5	5	5
ENSG00000133789.15	SWAP70	chr11	9664077	9752993	5	5	5
ENSG00000201564.1	RN7SKP50	chr11	9680924	9681238	5	5	5
ENSG00000245522.2	LINC02709	chr11	9754770	9759533	5	5	5
ENSG00000246273.8	SBF2-AS1	chr11	9758268	9811335	5	5	5
ENSG00000133812.16	SBF2	chr11	9778667	10294219	5	5	5
ENSG00000255476.1	AC011092.2	chr11	9839143	9929263	5	5	5
ENSG00000252568.1	RNU7-28P	chr11	9843815	9843876	5	5	5
ENSG00000254765.1	AC011092.1	chr11	9958744	9959790	5	5	5
ENSG00000286561.1	AC011092.3	chr11	9982753	10000290	5	5	5
ENSG00000254865.1	AC100763.1	chr11	10149192	10165109	5	5	5
ENSG00000254719.1	AC080023.2	chr11	10272052	10272259	5	5	5
ENSG00000254554.1	AC080023.1	chr11	10302657	10303704	5	5	5
ENSG00000148926.10	ADM	chr11	10305073	10307397	5	5	5
ENSG00000133805.15	AMPD3	chr11	10308313	10507579	5	5	5
ENSG00000221574.1	RNU6ATAC33P	chr11	10399192	10399317	5	5	5
ENSG00000255823.5	MTRNR2L8	chr11	10507894	10509186	5	5	5
ENSG00000283813.1	MIR4485	chr11	10508270	10508326	5	5	5
ENSG00000110315.7	RNF141	chr11	10511673	10541230	5	5	5
ENSG00000177112.8	IRAG1-AS1	chr11	10541258	10599936	5	5	5
ENSG00000133800.9	LYVE1	chr11	10556966	10611689	5	5	5
ENSG00000072952.19	IRAG1	chr11	10573091	10693988	5	5	5
ENSG00000206858.1	Y_RNA	chr11	10725903	10726004	5	5	5
ENSG00000198730.9	CTR9	chr11	10751246	10801625	5	5	5
ENSG00000110321.19	EIF4G2	chr11	10797050	10808940	5	5	5
ENSG00000238622.1	SNORD97	chr11	10801467	10801608	5	5	5
ENSG00000246308.2	AC116535.1	chr11	10809204	10822931	5	5	5
ENSG00000236287.8	ZBED5	chr11	10812074	10858796	5	5	5
ENSG00000247271.7	ZBED5-AS1	chr11	10858179	10908972	5	5	5
ENSG00000250041.3	AC069360.1	chr11	10884158	10899364	5	5	5
ENSG00000254401.2	LINC02752	chr11	11020883	11183611	5	5	5
ENSG00000254957.1	AC111188.1	chr11	11135482	11137658	5	5	5
ENSG00000270897.1	AC111188.2	chr11	11182107	11182413	5	5	5
ENSG00000255123.1	MTND5P21	chr11	11239759	11240280	5	5	5
ENSG00000255260.1	KC877392.1	chr11	11243188	11243715	5	5	5
ENSG00000110328.6	GALNT18	chr11	11270877	11622005	5	5	5
ENSG00000254598.3	CSNK2A3	chr11	11351942	11353250	5	5	5
ENSG00000255351.1	AC023946.1	chr11	11352426	11353307	5	5	5
ENSG00000255462.1	AC104031.1	chr11	11570084	11573782	5	5	5
ENSG00000266645.1	MIR4299	chr11	11656651	11656722	5	5	5
ENSG00000280288.1	AC131935.2	chr11	11725332	11726702	5	5	5
ENSG00000255309.1	AC131935.1	chr11	11759101	11759433	5	5	5
ENSG00000286959.1	AC104383.1	chr11	11781971	11811530	5	5	5
ENSG00000278529.1	MIR8070	chr11	11783135	11783222	5	5	5
ENSG00000170242.19	USP47	chr11	11841423	11961887	5	5	5
ENSG00000255492.1	H3P33	chr11	11856490	11856859	5	5	5
ENSG00000050165.18	DKK3	chr11	11956207	12009769	5	5	5
ENSG00000254486.1	LINC02547	chr11	12030875	12061785	5	5	5
ENSG00000254991.1	AC124276.1	chr11	12066929	12073014	5	5	5
ENSG00000255400.1	AC124276.2	chr11	12086891	12089441	5	5	5
ENSG00000133816.17	MICAL2	chr11	12094008	12359144	5	5	5
ENSG00000275373.1	MIR6124	chr11	12163683	12163767	5	5	5
ENSG00000254680.1	AC079329.1	chr11	12261426	12263173	5	5	5
ENSG00000254983.1	AC025300.1	chr11	12303533	12308216	5	5	5
ENSG00000197702.14	PARVA	chr11	12377563	12535356	5	5	5
ENSG00000254847.1	AC009806.1	chr11	12538083	12540967	5	5	5
ENSG00000286521.1	AC107881.1	chr11	12619326	12668495	5	5	5
ENSG00000187079.20	TEAD1	chr11	12674421	12944737	5	5	5
ENSG00000254688.1	AC013549.3	chr11	12822435	12823667	5	5	5
ENSG00000255067.1	AC013549.4	chr11	12848795	12849433	5	5	5
ENSG00000252329.1	AC013549.2	chr11	12904817	12904988	5	5	5
ENSG00000203258.3	AC013549.1	chr11	12921186	12922925	5	5	5
ENSG00000251381.8	LINC00958	chr11	12961541	12989597	5	5	5
ENSG00000254670.1	RASSF10-DT	chr11	13001090	13009159	5	5	5
ENSG00000189431.8	RASSF10	chr11	13009316	13012119	5	5	5
ENSG00000255558.1	AC013762.1	chr11	13054615	13134839	5	5	5
ENSG00000255018.1	AC022878.1	chr11	13152200	13152348	5	5	5
ENSG00000133794.20	ARNTL	chr11	13276652	13387266	5	5	5
ENSG00000222162.1	RN7SKP151	chr11	13353208	13353523	5	5	5
ENSG00000148925.11	BTBD10	chr11	13388008	13463297	5	5	5
ENSG00000287548.1	AC021269.3	chr11	13463377	13464717	5	5	5
ENSG00000254583.1	AC021269.1	chr11	13478333	13479037	5	5	5
ENSG00000255401.1	AC021269.2	chr11	13488612	13489390	5	5	5
ENSG00000152266.7	PTH	chr11	13492054	13496181	5	5	5
ENSG00000228901.3	HMGN2P36	chr11	13610363	13610771	5	5	5
ENSG00000197601.13	FAR1	chr11	13668668	13732346	5	5	5
ENSG00000254791.1	FAR1-IT1	chr11	13669327	13670149	5	5	5
ENSG00000240454.1	RPL39P26	chr11	13685499	13685656	5	5	5
ENSG00000200685.1	Y_RNA	chr11	13686550	13686658	5	5	5
ENSG00000255075.1	CENPUP1	chr11	13756027	13757560	5	5	5
ENSG00000255088.1	AC013828.1	chr11	13758111	13758345	5	5	5
ENSG00000255411.3	LINC02548	chr11	13784017	13848002	5	5	5
ENSG00000254927.1	AC027779.1	chr11	13826843	13879499	5	5	5
ENSG00000254930.1	LINC02545	chr11	13844862	13870616	5	5	5
ENSG00000201856.1	RNA5SP331	chr11	13907484	13907590	5	5	5
ENSG00000254438.1	LINC02683	chr11	13921450	13924863	5	5	5
ENSG00000262655.4	SPON1	chr11	13962723	14268133	5	5	5
ENSG00000212365.1	RNA5SP332	chr11	14134986	14135100	5	5	5
ENSG00000254418.1	SPON1-AS1	chr11	14262846	14273691	5	5	5
ENSG00000133818.14	RRAS2	chr11	14277922	14364506	5	5	5
ENSG00000255074.1	AC018523.1	chr11	14440787	14441677	5	5	5
ENSG00000129083.13	COPB1	chr11	14443440	14500027	5	5	5
ENSG00000251991.1	RNU7-49P	chr11	14478892	14478953	5	5	5
ENSG00000256206.2	AC018523.2	chr11	14493783	14520344	5	5	5
ENSG00000129084.18	PSMA1	chr11	14504874	14643635	5	5	5
ENSG00000152270.9	PDE3B	chr11	14643804	14872044	5	5	5
ENSG00000255040.1	MORF4L1P3	chr11	14673606	14674555	5	5	5
ENSG00000186104.11	CYP2R1	chr11	14877440	14892231	5	5	5
ENSG00000175868.14	CALCB	chr11	14904997	15082342	5	5	5
ENSG00000253179.1	CALCP	chr11	14907518	14907986	5	5	5
ENSG00000110680.13	CALCA	chr11	14966668	14972351	5	5	5
ENSG00000250640.2	OR7E41P	chr11	14987671	14988694	5	5	5
ENSG00000188487.12	INSC	chr11	15112424	15247208	5	5	5
ENSG00000253072.1	AC104361.1	chr11	15481808	15481893	5	5	5
ENSG00000254946.2	LINC02751	chr11	15552855	15604169	5	5	5
ENSG00000254789.3	AC073172.1	chr11	15571817	15622447	5	5	5
ENSG00000254695.2	AC087379.2	chr11	15605484	15705376	5	5	5
ENSG00000254645.2	AC087379.1	chr11	15701265	15758898	5	5	5
ENSG00000286960.1	AC009869.1	chr11	15864452	15883653	5	5	5
ENSG00000254661.3	LINC02682	chr11	15910528	15930951	5	5	5
ENSG00000110693.18	SOX6	chr11	15966449	16739591	5	5	5
ENSG00000284094.1	MIR6073	chr11	15969533	15969621	5	5	5
ENSG00000254878.1	AC103794.1	chr11	16023190	16031515	5	5	5
ENSG00000213785.3	AKR1B1P3	chr11	16484084	16484671	5	5	5
ENSG00000241943.2	RN7SL188P	chr11	16576851	16577135	5	5	5
ENSG00000110696.10	C11orf58	chr11	16613132	16758340	5	5	5
ENSG00000166689.16	PLEKHA7	chr11	16777297	17014414	5	5	5
ENSG00000199883.1	RN7SKP90	chr11	16842253	16842587	5	5	5
ENSG00000244398.1	AC116533.1	chr11	16974693	16975013	5	5	5
ENSG00000184669.9	OR7E14P	chr11	17013998	17053024	5	5	5
ENSG00000110700.7	RPS13	chr11	17074388	17077715	5	5	5
ENSG00000272034.1	SNORD14A	chr11	17074654	17074744	5	5	5
ENSG00000201403.1	SNORD14B	chr11	17075779	17075868	5	5	5
ENSG00000011405.13	PIK3C2A	chr11	17077730	17207983	5	5	5
ENSG00000201586.1	RNU6-593P	chr11	17115652	17115763	5	5	5
ENSG00000240808.1	AC126389.1	chr11	17137976	17138265	5	5	5
ENSG00000213779.4	AC107956.2	chr11	17193489	17194308	5	5	5
ENSG00000070081.17	NUCB2	chr11	17208153	17349980	5	5	5
ENSG00000197149.5	AC107956.1	chr11	17228279	17229151	5	5	5
ENSG00000285545.1	AC124798.2	chr11	17349053	17351703	5	5	5
ENSG00000188211.9	NCR3LG1	chr11	17351800	17377341	5	5	5
ENSG00000260196.1	AC124798.1	chr11	17380649	17383531	5	5	5
ENSG00000187486.5	KCNJ11	chr11	17385859	17389331	5	5	5
ENSG00000006071.15	ABCC8	chr11	17392498	17476879	5	5	5
ENSG00000255035.2	SDHCP4	chr11	17435672	17436181	5	5	5
ENSG00000287898.1	AC124798.3	chr11	17476595	17492367	5	5	5
ENSG00000006611.17	USH1C	chr11	17493895	17544416	5	5	5
ENSG00000188162.12	OTOG	chr11	17547259	17647150	5	5	5
ENSG00000254586.2	AC124301.1	chr11	17695010	17697556	5	5	5
ENSG00000255335.2	LINC02729	chr11	17695266	17696994	5	5	5
ENSG00000129152.4	MYOD1	chr11	17719571	17722136	5	5	5
ENSG00000129159.9	KCNC1	chr11	17734774	17856804	5	5	5
ENSG00000129158.11	SERGEF	chr11	17788048	18013047	5	5	5
ENSG00000255448.1	AC055860.1	chr11	18000542	18022931	5	5	5
ENSG00000129167.9	TPH1	chr11	18017564	18042426	5	5	5
ENSG00000166788.10	SAAL1	chr11	18069935	18106087	5	5	5
ENSG00000255254.1	HIGD1AP5	chr11	18106583	18106841	5	5	5
ENSG00000166787.3	SAA3P	chr11	18112472	18116132	5	5	5
ENSG00000179826.7	MRGPRX3	chr11	18120955	18138480	5	5	5
ENSG00000255470.1	AC090099.1	chr11	18140186	18189495	5	5	5
ENSG00000285562.1	AC090099.2	chr11	18142341	18145142	5	5	5
ENSG00000254857.1	MRGPRX12P	chr11	18153277	18154255	5	5	5
ENSG00000179817.5	MRGPRX4	chr11	18172837	18174280	5	5	5
ENSG00000255138.1	GLTPP1	chr11	18189000	18189621	5	5	5
ENSG00000254546.1	MRGPRX13P	chr11	18196657	18197337	5	5	5
ENSG00000189332.5	SLC25A51P4	chr11	18209138	18214562	5	5	5
ENSG00000148965.10	SAA4	chr11	18231355	18236802	5	5	5
ENSG00000255071.3	SAA2-SAA4	chr11	18231423	18248635	5	5	5
ENSG00000134339.9	SAA2	chr11	18239223	18248668	5	5	5
ENSG00000200336.1	RNA5SP333	chr11	18248389	18248506	5	5	5
ENSG00000212789.4	ST13P5	chr11	18261982	18263091	5	5	5
ENSG00000173432.12	SAA1	chr11	18266260	18269977	5	5	5
ENSG00000201695.1	RNA5SP334	chr11	18266393	18266510	5	5	5
ENSG00000110756.18	HPS5	chr11	18278668	18322198	5	5	5
ENSG00000110768.12	GTF2H1	chr11	18322295	18367045	5	5	5
ENSG00000264603.1	MIR3159	chr11	18387787	18387860	5	5	5
ENSG00000134333.14	LDHA	chr11	18394560	18408425	5	5	5
ENSG00000256006.1	AC084117.1	chr11	18405609	18406731	5	5	5
ENSG00000166796.12	LDHC	chr11	18412318	18452063	5	5	5
ENSG00000256734.1	AC027544.3	chr11	18450112	18450868	5	5	5
ENSG00000166800.10	LDHAL6A	chr11	18455824	18479601	5	5	5
ENSG00000074319.13	TSG101	chr11	18468336	18526951	5	5	5
ENSG00000256464.1	YWHABP2	chr11	18490243	18490955	5	5	5
ENSG00000256588.1	AC027544.2	chr11	18507608	18508820	5	5	5
ENSG00000256361.1	AC027544.1	chr11	18511043	18511475	5	5	5
ENSG00000151116.17	UEVLD	chr11	18529609	18588747	5	5	5
ENSG00000274589.1	Metazoa_SRP	chr11	18538885	18539189	5	5	5
ENSG00000247595.4	SPTY2D1OS	chr11	18588781	18610255	5	5	5
ENSG00000256282.1	AC112694.1	chr11	18595459	18599683	5	5	5
ENSG00000279837.1	AC112694.2	chr11	18601882	18602649	5	5	5
ENSG00000179119.15	SPTY2D1	chr11	18606403	18634791	5	5	5
ENSG00000257043.1	SRSF3P1	chr11	18665050	18665548	5	5	5
ENSG00000151117.9	TMEM86A	chr11	18693122	18704785	5	5	5
ENSG00000179057.14	IGSF22	chr11	18704312	18726230	5	5	5
ENSG00000254966.1	AC103974.1	chr11	18706537	18740568	5	5	5
ENSG00000110786.18	PTPN5	chr11	18727928	18792721	5	5	5
ENSG00000286998.1	AC103974.2	chr11	18761664	18764965	5	5	5
ENSG00000276789.1	MRGPRX8P	chr11	18836304	18837081	5	5	5
ENSG00000254529.1	MRGPRX7P	chr11	18863558	18864509	5	5	5
ENSG00000255511.1	AC023078.2	chr11	18870989	18873462	5	5	5
ENSG00000254541.1	MRGPRX6P	chr11	18886933	18887920	5	5	5
ENSG00000255536.1	MRGPRX5P	chr11	18910436	18911396	5	5	5
ENSG00000170255.7	MRGPRX1	chr11	18933813	18939507	5	5	5
ENSG00000255244.1	AC023078.1	chr11	18934985	18939721	5	5	5
ENSG00000254738.1	MRGPRX11P	chr11	18956055	18957015	5	5	5
ENSG00000254720.1	MRGPRX10P	chr11	18971746	18972703	5	5	5
ENSG00000255424.1	MRGPRX9P	chr11	19029697	19030438	5	5	5
ENSG00000183695.3	MRGPRX2	chr11	19054455	19060717	5	5	5
ENSG00000177054.14	ZDHHC13	chr11	19117099	19176422	5	5	5
ENSG00000129170.10	CSRP3	chr11	19182030	19210571	5	5	5
ENSG00000255308.1	CSRP3-AS1	chr11	19196775	19281426	5	5	5
ENSG00000129173.13	E2F8	chr11	19224063	19241620	5	5	5
ENSG00000254544.1	PCNAP4	chr11	19274540	19275269	5	5	5
ENSG00000255160.5	AC009652.1	chr11	19299883	19308358	5	5	5
ENSG00000166833.22	NAV2	chr11	19350724	20121601	5	5	5
ENSG00000255270.1	NAV2-IT1	chr11	19380484	19385014	5	5	5
ENSG00000200687.1	RNA5SP335	chr11	19401872	19401981	5	5	5
ENSG00000255043.1	NAV2-AS5	chr11	19502672	19507229	5	5	5
ENSG00000254622.1	NAV2-AS4	chr11	19510890	19519896	5	5	5
ENSG00000265210.1	MIR4486	chr11	19575310	19575372	5	5	5
ENSG00000207407.1	AC023950.1	chr11	19591156	19591291	5	5	5
ENSG00000270607.1	AC009549.1	chr11	19710934	19712619	5	5	5
ENSG00000264309.1	MIR4694	chr11	19760004	19760083	5	5	5
ENSG00000254542.1	NAV2-AS3	chr11	19978699	19981337	5	5	5
ENSG00000254453.1	NAV2-AS2	chr11	20043846	20049303	5	5	5
ENSG00000254894.1	NAV2-AS1	chr11	20119684	20120632	5	5	5
ENSG00000279266.1	AC068860.1	chr11	20131730	20135465	5	5	5
ENSG00000109851.7	DBX1	chr11	20156155	20160475	5	5	5
ENSG00000109854.14	HTATIP2	chr11	20363685	20383782	5	5	5
ENSG00000185238.13	PRMT3	chr11	20387558	20509338	5	5	5
ENSG00000255291.2	HMGB1P40	chr11	20574186	20575042	5	5	5
ENSG00000286382.1	AC090707.2	chr11	20596522	20596979	5	5	5
ENSG00000165970.12	SLC6A5	chr11	20599594	20659285	5	5	5
ENSG00000165973.19	NELL1	chr11	20669551	21575686	5	5	5
ENSG00000254906.1	AC090707.1	chr11	20670425	20671297	5	5	5
ENSG00000201059.1	RNA5SP336	chr11	21000881	21000997	5	5	5
ENSG00000254816.1	AC090857.1	chr11	21169748	21170137	5	5	5
ENSG00000255167.1	AC090857.2	chr11	21260061	21262570	5	5	5
ENSG00000225477.3	AC099730.1	chr11	21283779	21284955	5	5	5
ENSG00000252816.1	RNA5SP337	chr11	21383801	21383909	5	5	5
ENSG00000287753.1	AC130307.1	chr11	21782659	21843210	5	5	5
ENSG00000171714.12	ANO5	chr11	21799934	22283357	5	5	5
ENSG00000287962.1	AC116534.1	chr11	22010402	22170001	5	5	5
ENSG00000254820.1	AC107882.1	chr11	22113448	22117001	5	5	5
ENSG00000255372.1	AC107886.1	chr11	22261209	22262256	5	5	5
ENSG00000254768.6	AC104009.1	chr11	22283730	22338245	5	5	5
ENSG00000091664.9	SLC17A6	chr11	22338381	22379503	5	5	5
ENSG00000254540.1	AC040936.1	chr11	22361213	22362294	5	5	5
ENSG00000255323.6	LINC01495	chr11	22445673	22492073	5	5	5
ENSG00000255357.2	AC055878.1	chr11	22492087	22510396	5	5	5
ENSG00000183161.6	FANCF	chr11	22622533	22625823	5	5	5
ENSG00000148935.11	GAS2	chr11	22625509	22813055	5	5	5
ENSG00000222427.1	RNA5SP338	chr11	22688351	22688435	5	5	5
ENSG00000198168.9	SVIP	chr11	22813799	22830299	5	5	5
ENSG00000246225.7	AC006299.1	chr11	22829380	22945393	5	5	5
ENSG00000255359.3	CCDC179	chr11	22846922	22860474	5	5	5
ENSG00000255418.6	LINC02718	chr11	23154683	23203161	5	5	5
ENSG00000271491.1	AC100767.2	chr11	23370116	23377644	5	5	5
ENSG00000255293.1	WIZP1	chr11	23403805	23406103	5	5	5
ENSG00000275868.1	MIR8054	chr11	23419105	23419190	5	5	5
ENSG00000254564.1	AC100767.1	chr11	23431677	23431799	5	5	5
ENSG00000254465.1	THAP12P4	chr11	23478068	23480430	5	5	5
ENSG00000240881.1	AC068472.1	chr11	23520322	23521202	5	5	5
ENSG00000255193.1	LINC02726	chr11	23730588	23796970	5	5	5
ENSG00000254861.2	AC100768.1	chr11	23761330	23808255	5	5	5
ENSG00000252519.1	RNU6-783P	chr11	23849778	23849882	5	5	5
ENSG00000277803.1	AC099842.1	chr11	23886135	23893557	5	5	5
ENSG00000254594.5	LINC02686	chr11	24235477	24262218	5	5	5
ENSG00000207252.1	Y_RNA	chr11	24455911	24456010	5	5	5
ENSG00000187398.12	LUZP2	chr11	24496970	25082638	5	5	5
ENSG00000255489.1	AC115990.1	chr11	24701275	24701575	5	5	5
ENSG00000255368.1	AC087373.1	chr11	25140533	25141023	5	5	5
ENSG00000240298.3	RPL36AP40	chr11	25588475	25588795	5	5	5
ENSG00000255454.1	AC100770.1	chr11	25630720	25631041	5	5	5
ENSG00000254456.6	LINC02699	chr11	25734757	25782017	5	5	5
ENSG00000254754.1	AC013799.1	chr11	25924188	25926808	5	5	5
ENSG00000255086.1	AC024341.1	chr11	26045987	26047598	5	5	5
ENSG00000134343.14	ANO3	chr11	26188842	26663289	5	5	5
ENSG00000287227.1	AC021698.1	chr11	26244640	26269415	5	5	5
ENSG00000254819.2	ANO3-AS1	chr11	26285578	26331289	5	5	5
ENSG00000255505.1	AC079064.1	chr11	26427051	26427412	5	5	5
ENSG00000169550.14	MUC15	chr11	26559032	26572263	5	5	5
ENSG00000148942.15	SLC5A12	chr11	26667020	26723427	5	5	5
ENSG00000176971.4	FIBIN	chr11	26994112	26997087	5	5	5
ENSG00000129151.9	BBOX1	chr11	27040725	27127809	5	5	5
ENSG00000254560.6	BBOX1-AS1	chr11	27047186	27220113	5	5	5
ENSG00000109881.17	CCDC34	chr11	27330827	27363234	5	5	5
ENSG00000205213.14	LGR4	chr11	27365961	27472790	5	5	5
ENSG00000254862.5	LGR4-AS1	chr11	27471729	27482433	5	5	5
ENSG00000242527.1	AC100771.1	chr11	27483850	27484128	5	5	5
ENSG00000148943.12	LIN7C	chr11	27494418	27506769	5	5	5
ENSG00000245573.9	BDNF-AS	chr11	27506830	27698231	5	5	5
ENSG00000278483.1	MIR8087	chr11	27514970	27515047	5	5	5
ENSG00000212289.1	RNA5SP339	chr11	27521605	27521726	5	5	5
ENSG00000240036.4	AC104563.1	chr11	27581680	27582055	5	5	5
ENSG00000254934.5	LINC00678	chr11	27617626	27634627	5	5	5
ENSG00000176697.20	BDNF	chr11	27654893	27722058	5	5	5
ENSG00000255496.1	AC103796.1	chr11	27696312	27877648	5	5	5
ENSG00000177447.6	CBX3P1	chr11	27806443	27806996	5	5	5
ENSG00000224411.3	HSP90AA2P	chr11	27888838	27891033	5	5	5
ENSG00000255094.1	AC090159.1	chr11	27978669	28019575	5	5	5
ENSG00000121621.7	KIF18A	chr11	28020619	28108156	5	5	5
ENSG00000207874.1	MIR610	chr11	28056815	28056910	5	5	5
ENSG00000169519.21	METTL15	chr11	28108248	28527041	5	5	5
ENSG00000271332.1	ATP5MGP8	chr11	28144907	28145204	5	5	5
ENSG00000222385.1	RN7SKP158	chr11	28261194	28261519	5	5	5
ENSG00000238149.1	AC104978.1	chr11	28287235	28287625	5	5	5
ENSG00000273912.1	MIR8068	chr11	28477481	28477548	5	5	5
ENSG00000254606.1	AC013714.1	chr11	28516832	28519341	5	5	5
ENSG00000248990.1	LINC02758	chr11	28679183	28683469	5	5	5
ENSG00000249867.6	LINC02742	chr11	28702607	29064322	5	5	5
ENSG00000272882.1	OR2BH1P	chr11	28986635	28987498	5	5	5
ENSG00000254526.1	AC090791.1	chr11	29159956	29266734	5	5	5
ENSG00000255450.1	AC110056.1	chr11	29275655	29276565	5	5	5
ENSG00000254530.2	LINC02755	chr11	29335878	29989328	5	5	5
ENSG00000255281.1	AC090124.2	chr11	29391525	29393844	5	5	5
ENSG00000255227.1	AC090124.1	chr11	29445487	29457393	5	5	5
ENSG00000255029.2	AC110058.1	chr11	29482807	29552861	5	5	5
ENSG00000255117.6	LINC02546	chr11	29594326	29631515	5	5	5
ENSG00000255047.1	HNRNPRP2	chr11	29668886	29669628	5	5	5
ENSG00000254734.1	AC107973.1	chr11	29713909	29881714	5	5	5
ENSG00000243505.3	RN7SL240P	chr11	29721399	29721684	5	5	5
ENSG00000240554.1	RPL7AP58	chr11	29725764	29726565	5	5	5
ENSG00000261340.1	LINC01616	chr11	29980113	29982392	5	5	5
ENSG00000182255.7	KCNA4	chr11	30009730	30017030	5	5	5
ENSG00000254532.2	AL358944.1	chr11	30044053	30322988	5	5	5
ENSG00000255288.1	AL358944.2	chr11	30167163	30167306	5	5	5
ENSG00000131808.11	FSHB	chr11	30231014	30235261	5	5	5
ENSG00000152219.5	ARL14EP	chr11	30323104	30338223	5	5	5
ENSG00000242353.1	RPL12P30	chr11	30368148	30368646	5	5	5
ENSG00000066382.16	MPPED2	chr11	30384493	30586872	5	5	5
ENSG00000255480.1	AL353699.1	chr11	30425552	30429268	5	5	5
ENSG00000254489.2	MPPED2-AS1	chr11	30584130	30632583	5	5	5
ENSG00000287373.1	AL122014.1	chr11	30773913	30850559	5	5	5
ENSG00000170959.14	DCDC1	chr11	30830369	31369810	5	5	5
ENSG00000255370.1	CYCSP25	chr11	31280672	31280987	5	5	5
ENSG00000255525.1	AL137804.1	chr11	31305685	31314548	5	5	5
ENSG00000170946.15	DNAJC24	chr11	31369840	31432835	5	5	5
ENSG00000148950.11	IMMP1L	chr11	31432401	31509645	5	5	5
ENSG00000109911.19	ELP4	chr11	31509755	31790324	5	5	5
ENSG00000228061.7	AC131571.1	chr11	31618124	31767953	5	5	5
ENSG00000007372.24	PAX6	chr11	31784779	31817961	5	5	5
ENSG00000281880.2	PAUPAR	chr11	31812307	32002405	5	5	5
ENSG00000285283.1	AL035078.4	chr11	31812391	32104665	5	5	5
ENSG00000254584.2	AL035078.1	chr11	32035979	32041318	5	5	5
ENSG00000254836.1	AL035078.3	chr11	32052843	32053260	5	5	5
ENSG00000254627.1	AL035078.2	chr11	32064912	32072173	5	5	5
ENSG00000212551.2	U3	chr11	32081764	32081973	5	5	5
ENSG00000255490.1	EIF4A2P5	chr11	32085111	32085712	5	5	5
ENSG00000049449.10	RCN1	chr11	32091074	32105722	5	5	5
ENSG00000255252.3	AL078612.1	chr11	32097143	32105091	5	5	5
ENSG00000227160.3	THEM7P	chr11	32112049	32343409	5	5	5
ENSG00000255375.3	AL078612.2	chr11	32132657	32143723	5	5	5
ENSG00000184937.16	WT1	chr11	32387775	32435564	5	5	5
ENSG00000183242.12	WT1-AS	chr11	32435518	32458769	5	5	5
ENSG00000278822.1	AL049692.6	chr11	32435738	32435846	5	5	5
ENSG00000273677.1	AL049692.1	chr11	32436311	32436447	5	5	5
ENSG00000278045.1	AL049692.5	chr11	32436797	32437030	5	5	5
ENSG00000276530.1	AL049692.3	chr11	32439086	32439206	5	5	5
ENSG00000273908.1	AL049692.2	chr11	32439716	32440009	5	5	5
ENSG00000277119.1	AL049692.4	chr11	32440109	32440383	5	5	5
ENSG00000149100.13	EIF3M	chr11	32583798	32606264	5	5	5
ENSG00000270903.1	HNRNPA3P9	chr11	32591793	32592771	5	5	5
ENSG00000186714.12	CCDC73	chr11	32602246	32794658	5	5	5
ENSG00000244535.1	AL049714.1	chr11	32758268	32758614	5	5	5
ENSG00000135378.4	PRRG4	chr11	32829927	32858120	5	5	5
ENSG00000060749.16	QSER1	chr11	32892811	32993316	5	5	5
ENSG00000200615.1	Y_RNA	chr11	33004250	33004345	5	5	5
ENSG00000121690.11	DEPDC7	chr11	33015876	33033582	5	5	5
ENSG00000176148.16	TCP11L1	chr11	33039417	33105943	5	5	5
ENSG00000213713.3	PIGCP1	chr11	33075566	33076460	5	5	5
ENSG00000280798.1	LINC00294	chr11	33076149	33079454	5	5	5
ENSG00000176102.13	CSTF3	chr11	33077188	33162371	5	5	5
ENSG00000247151.7	CSTF3-DT	chr11	33161657	33191598	5	5	5
ENSG00000206808.1	Y_RNA	chr11	33171381	33171490	5	5	5
ENSG00000241950.1	RPL29P23	chr11	33190062	33190503	5	5	5
ENSG00000200485.1	Y_RNA	chr11	33196547	33196637	5	5	5
ENSG00000241255.1	AL136126.1	chr11	33237008	33237409	5	5	5
ENSG00000110422.12	HIPK3	chr11	33256672	33357023	5	5	5
ENSG00000110427.17	KIAA1549L	chr11	33376108	33674102	5	5	5
ENSG00000254537.1	AL137161.1	chr11	33403216	33403605	5	5	5
ENSG00000255207.1	AL133399.1	chr11	33450646	33450943	5	5	5
ENSG00000255202.1	AL049629.1	chr11	33665220	33696701	5	5	5
ENSG00000205177.6	C11orf91	chr11	33698261	33700801	5	5	5
ENSG00000284969.1	AL049629.2	chr11	33698261	33722467	5	5	5
ENSG00000085063.17	CD59	chr11	33703010	33736479	5	5	5
ENSG00000110429.14	FBXO3	chr11	33740939	33774543	5	5	5
ENSG00000254508.5	FBXO3-DT	chr11	33774699	33775670	5	5	5
ENSG00000255272.1	AC113192.3	chr11	33776188	33779495	5	5	5
ENSG00000255161.1	AC113192.2	chr11	33787054	33787795	5	5	5
ENSG00000255169.1	LINC02722	chr11	33804768	33805641	5	5	5
ENSG00000254619.1	AC113192.1	chr11	33810145	33811178	5	5	5
ENSG00000255133.2	LINC02721	chr11	33813873	33822378	5	5	5
ENSG00000135363.12	LMO2	chr11	33858576	33892076	5	5	5
ENSG00000184566.3	AC132216.1	chr11	33880643	33881800	5	5	5
ENSG00000286626.1	AC090469.1	chr11	34049967	34052132	5	5	5
ENSG00000135387.21	CAPRIN1	chr11	34051731	34102610	5	5	5
ENSG00000135372.9	NAT10	chr11	34105617	34147670	5	5	5
ENSG00000166016.6	ABTB2	chr11	34150987	34358010	5	5	5
ENSG00000201867.1	Y_RNA	chr11	34189174	34189275	5	5	5
ENSG00000254708.1	MMADHCP2	chr11	34335118	34336003	5	5	5
ENSG00000220204.1	AL035079.1	chr11	34404663	34404949	5	5	5
ENSG00000216708.1	CIR1P3	chr11	34430880	34431649	5	5	5
ENSG00000121691.7	CAT	chr11	34438934	34472060	5	5	5
ENSG00000135374.11	ELF5	chr11	34478791	34525193	5	5	5
ENSG00000255271.1	AL137224.1	chr11	34533014	34557924	5	5	5
ENSG00000255427.1	LINC02707	chr11	34570876	34573982	5	5	5
ENSG00000135373.13	EHF	chr11	34621093	34663288	5	5	5
ENSG00000271369.1	AC087783.1	chr11	34709600	34710161	5	5	5
ENSG00000270491.1	AL359999.1	chr11	34742906	34743199	5	5	5
ENSG00000149089.13	APIP	chr11	34853094	34916379	5	5	5
ENSG00000110435.12	PDHX	chr11	34915829	35020591	5	5	5
ENSG00000251862.2	MIR1343	chr11	34941837	34941920	5	5	5
ENSG00000255521.2	AL356215.1	chr11	35132655	35138032	5	5	5
ENSG00000026508.20	CD44	chr11	35138882	35232402	5	5	5
ENSG00000255443.1	CD44-AS1	chr11	35210343	35214985	5	5	5
ENSG00000251194.2	AL133330.1	chr11	35212550	35214007	5	5	5
ENSG00000110436.13	SLC1A2	chr11	35251205	35420063	5	5	5
ENSG00000255004.1	SLC1A2-AS1	chr11	35281813	35286009	5	5	5
ENSG00000215380.2	AC090625.1	chr11	35374265	35374474	5	5	5
ENSG00000255542.1	AC090625.2	chr11	35419057	35421002	5	5	5
ENSG00000149090.12	PAMR1	chr11	35431823	35530300	5	5	5
ENSG00000254669.1	AL135934.1	chr11	35579430	35585310	5	5	5
ENSG00000179431.7	FJX1	chr11	35618460	35620865	5	5	5
ENSG00000254686.2	AL138812.1	chr11	35656694	35661339	5	5	5
ENSG00000166326.7	TRIM44	chr11	35662775	35818007	5	5	5
ENSG00000285705.1	AC090692.2	chr11	35824192	35838523	5	5	5
ENSG00000186082.9	KRT18P14	chr11	35860249	35861498	5	5	5
ENSG00000285740.1	AC090692.3	chr11	35894987	35897735	5	5	5
ENSG00000254919.1	AC090692.1	chr11	35915051	35918739	5	5	5
ENSG00000179241.13	LDLRAD3	chr11	35943981	36232136	5	5	5
ENSG00000254672.1	AL136146.1	chr11	35967010	35968676	5	5	5
ENSG00000255256.1	AL136146.2	chr11	35972428	35989007	5	5	5
ENSG00000241228.1	RPL12P31	chr11	35997226	35997675	5	5	5
ENSG00000263389.1	MIR3973	chr11	36010098	36010204	5	5	5
ENSG00000280321.1	AC129502.1	chr11	36196248	36197901	5	5	5
ENSG00000110442.12	COMMD9	chr11	36269284	36289449	5	5	5
ENSG00000135362.14	PRR5L	chr11	36296288	36465204	5	5	5
ENSG00000254566.1	AC087277.1	chr11	36321158	36323440	5	5	5
ENSG00000255186.1	AC087277.2	chr11	36386521	36388250	5	5	5
ENSG00000255060.1	AC009656.1	chr11	36425447	36426122	5	5	5
ENSG00000175104.15	TRAF6	chr11	36483769	36510272	5	5	5
ENSG00000280331.1	AC061999.1	chr11	36510361	36510537	5	5	5
ENSG00000166349.10	RAG1	chr11	36510709	36593156	5	5	5
ENSG00000175097.8	RAG2	chr11	36575574	36598279	5	5	5
ENSG00000166352.17	IFTAP	chr11	36594369	36675695	5	5	5
ENSG00000254498.1	AC104042.1	chr11	36696317	36697867	5	5	5
ENSG00000251838.1	AC061997.1	chr11	37702125	37702220	5	5	5
ENSG00000242834.1	RPL7AP56	chr11	37725666	37726456	5	5	5
ENSG00000254516.1	LINC02760	chr11	37938601	37954663	5	5	5
ENSG00000279004.1	AC103798.1	chr11	38013510	38014141	5	5	5
ENSG00000254784.1	LRRC6P1	chr11	38211389	38212799	5	5	5
ENSG00000255477.1	AC021713.1	chr11	38498995	38500186	5	5	5
ENSG00000255175.6	LINC02759	chr11	38618264	38646384	5	5	5
ENSG00000254562.7	LINC01493	chr11	38646451	38686323	5	5	5
ENSG00000285751.1	AC021723.2	chr11	39024631	39161638	5	5	5
ENSG00000240975.1	AC021723.1	chr11	39161453	39161967	5	5	5
ENSG00000201591.1	RNU6-99P	chr11	39261107	39261213	5	5	5
ENSG00000270588.1	AC021749.1	chr11	39873782	39874388	5	5	5
ENSG00000255347.1	AC021820.1	chr11	40083710	40084517	5	5	5
ENSG00000279675.1	AC080100.1	chr11	40107244	40112599	5	5	5
ENSG00000148948.8	LRRC4C	chr11	40114203	41459773	5	5	5
ENSG00000206806.1	Y_RNA	chr11	40351564	40351672	5	5	5
ENSG00000254579.2	AC090720.1	chr11	40444371	40513269	5	5	5
ENSG00000252922.1	RNU6-365P	chr11	41122907	41123012	5	5	5
ENSG00000255132.1	AC090138.1	chr11	41394595	41426504	5	5	5
ENSG00000255388.6	LINC02741	chr11	41518895	41714492	5	5	5
ENSG00000242729.1	AC021006.1	chr11	41538434	41538986	5	5	5
ENSG00000255563.1	AC021006.2	chr11	41660030	41660221	5	5	5
ENSG00000255171.7	LINC01499	chr11	41714534	41857733	5	5	5
ENSG00000254668.1	AC023442.1	chr11	41797543	41797964	5	5	5
ENSG00000255279.1	AC023442.3	chr11	41855920	41875997	5	5	5
ENSG00000254822.1	AC023442.2	chr11	41876634	41877078	5	5	5
ENSG00000255300.6	LINC02745	chr11	41993381	42163851	5	5	5
ENSG00000255109.6	LINC02740	chr11	42183292	42253721	5	5	5
ENSG00000254914.1	AC109810.1	chr11	42939775	42939998	5	5	5
ENSG00000271028.1	AC009643.2	chr11	43063637	43065932	5	5	5
ENSG00000254725.1	AC009643.1	chr11	43065686	43066076	5	5	5
ENSG00000251557.2	HNRNPKP3	chr11	43120762	43269393	5	5	5
ENSG00000166181.13	API5	chr11	43311963	43344529	5	5	5
ENSG00000254907.1	AC087276.2	chr11	43328748	43359296	5	5	5
ENSG00000252652.1	Y_RNA	chr11	43331261	43331356	5	5	5
ENSG00000052841.15	TTC17	chr11	43358920	43494933	5	5	5
ENSG00000255340.1	AC087276.3	chr11	43378882	43385671	5	5	5
ENSG00000254577.1	AC087276.1	chr11	43390283	43395495	5	5	5
ENSG00000252355.1	RN7SKP287	chr11	43435132	43435397	5	5	5
ENSG00000254463.1	PPIAP41	chr11	43466392	43466871	5	5	5
ENSG00000213697.3	CTBP2P6	chr11	43522036	43523264	5	5	5
ENSG00000283217.1	AC068205.1	chr11	43556436	43673393	5	5	5
ENSG00000211568.1	MIR670	chr11	43559656	43559753	5	5	5
ENSG00000235661.3	MIR670HG	chr11	43569306	43570395	5	5	5
ENSG00000283341.2	AC068205.2	chr11	43578889	43840030	5	5	5
ENSG00000199077.3	MIR129-2	chr11	43581394	43581483	5	5	5
ENSG00000149084.13	HSD17B12	chr11	43680680	43856617	5	5	5
ENSG00000283393.1	AC068205.3	chr11	43718676	43719143	5	5	5
ENSG00000243721.1	RPL23AP63	chr11	43718676	43719146	5	5	5
ENSG00000254512.1	PHBP2	chr11	43733759	43734564	5	5	5
ENSG00000283483.1	AC068205.4	chr11	43733761	43734564	5	5	5
ENSG00000246250.3	AC087521.2	chr11	43827517	43880726	5	5	5
ENSG00000283375.1	AC087521.4	chr11	43855913	43856404	5	5	5
ENSG00000166199.13	ALKBH3	chr11	43880811	43920274	5	5	5
ENSG00000213693.4	SEC14L1P1	chr11	43897456	43899636	5	5	5
ENSG00000244926.7	ALKBH3-AS1	chr11	43909289	43920944	5	5	5
ENSG00000254409.3	AC087521.3	chr11	43921059	44001157	5	5	5
ENSG00000187479.8	C11orf96	chr11	43925342	43943878	5	5	5
ENSG00000244953.1	AC087521.1	chr11	43943787	43947206	5	5	5
ENSG00000205126.2	ACCSL	chr11	44047981	44059977	5	5	5
ENSG00000110455.14	ACCS	chr11	44065925	44084237	5	5	5
ENSG00000255165.1	AC134775.1	chr11	44071462	44072403	5	5	5
ENSG00000151348.15	EXT2	chr11	44095673	44251962	5	5	5
ENSG00000052850.8	ALX4	chr11	44260440	44310139	5	5	5
ENSG00000255451.1	AC010768.4	chr11	44468464	44470429	5	5	5
ENSG00000255106.1	AC010768.3	chr11	44539778	44540693	5	5	5
ENSG00000085117.12	CD82	chr11	44564427	44620358	5	5	5
ENSG00000254693.1	AC010768.1	chr11	44604508	44605337	5	5	5
ENSG00000255092.1	AC010768.2	chr11	44606170	44608101	5	5	5
ENSG00000244267.1	RPL34P22	chr11	44629357	44629674	5	5	5
ENSG00000275725.1	AC104010.1	chr11	44656771	44656920	5	5	5
ENSG00000255079.1	LINC02704	chr11	44694863	44696301	5	5	5
ENSG00000255032.1	TSPAN18-AS1	chr11	44719392	44736692	5	5	5
ENSG00000157570.12	TSPAN18	chr11	44726465	44932423	5	5	5
ENSG00000175274.19	TP53I11	chr11	44885903	44951306	5	5	5
ENSG00000254654.2	LINC02685	chr11	44973770	44978028	5	5	5
ENSG00000287984.1	AC068858.1	chr11	45008266	45044053	5	5	5
ENSG00000019485.13	PRDM11	chr11	45095806	45235110	5	5	5
ENSG00000254664.1	AC103681.2	chr11	45215815	45235292	5	5	5
ENSG00000019505.8	SYT13	chr11	45240302	45286341	5	5	5
ENSG00000254497.1	AC103681.1	chr11	45253884	45254649	5	5	5
ENSG00000254427.2	LINC02696	chr11	45355371	45367490	5	5	5
ENSG00000255267.4	LINC02687	chr11	45371397	45388511	5	5	5
ENSG00000255041.1	AC103855.3	chr11	45387215	45513802	5	5	5
ENSG00000286418.1	AC018716.2	chr11	45397590	45412745	5	5	5
ENSG00000254651.1	AC018716.1	chr11	45399448	45400528	5	5	5
ENSG00000254746.6	AC103855.2	chr11	45486867	45542487	5	5	5
ENSG00000255519.1	AC103855.4	chr11	45514187	45514451	5	5	5
ENSG00000254514.1	AC103855.1	chr11	45582525	45583474	5	5	5
ENSG00000175264.8	CHST1	chr11	45647689	45665622	5	5	5
ENSG00000255091.1	AC087442.1	chr11	45651529	45652691	5	5	5
ENSG00000276639.1	MIR7154	chr11	45691704	45691776	5	5	5
ENSG00000254519.5	AC044839.1	chr11	45722279	45748029	5	5	5
ENSG00000255426.1	AC044839.2	chr11	45733994	45735766	5	5	5
ENSG00000255226.2	LINC02690	chr11	45749454	45752279	5	5	5
ENSG00000205106.4	LINC02716	chr11	45771432	45772358	5	5	5
ENSG00000181830.9	SLC35C1	chr11	45804072	45813016	5	5	5
ENSG00000255447.1	AC044839.3	chr11	45813219	45825258	5	5	5
ENSG00000121671.12	CRY2	chr11	45847118	45883248	5	5	5
ENSG00000121653.11	MAPK8IP1	chr11	45885651	45906465	5	5	5
ENSG00000255498.1	AC068385.1	chr11	45905941	45906461	5	5	5
ENSG00000234776.5	C11orf94	chr11	45906513	45907272	5	5	5
ENSG00000121680.16	PEX16	chr11	45909663	45918812	5	5	5
ENSG00000165905.18	LARGE2	chr11	45921621	45929096	5	5	5
ENSG00000135365.16	PHF21A	chr11	45929319	46121454	5	5	5
ENSG00000254653.1	AC024475.1	chr11	46116578	46117318	5	5	5
ENSG00000255314.4	AC024475.3	chr11	46123031	46177106	5	5	5
ENSG00000254871.1	AC024475.2	chr11	46142716	46143594	5	5	5
ENSG00000255269.3	LINC02710	chr11	46213150	46220438	5	5	5
ENSG00000254639.1	AC116021.1	chr11	46238382	46239267	5	5	5
ENSG00000255007.1	LINC02489	chr11	46256355	46274547	5	5	5
ENSG00000157613.11	CREB3L1	chr11	46277662	46321409	5	5	5
ENSG00000149091.15	DGKZ	chr11	46332905	46380554	5	5	5
ENSG00000264102.1	MIR4688	chr11	46376402	46376484	5	5	5
ENSG00000110492.15	MDK	chr11	46380756	46383837	5	5	5
ENSG00000180720.7	CHRM4	chr11	46385098	46386608	5	5	5
ENSG00000110497.14	AMBRA1	chr11	46396414	46594125	5	5	5
ENSG00000244313.3	AC024293.1	chr11	46428653	46429150	5	5	5
ENSG00000265014.1	MIR3160-1	chr11	46451805	46451889	5	5	5
ENSG00000283497.1	MIR3160-2	chr11	46451807	46451887	5	5	5
ENSG00000285658.1	AC127035.1	chr11	46572948	46587808	5	5	5
ENSG00000180423.4	HARBI1	chr11	46602861	46617909	5	5	5
ENSG00000175224.16	ATG13	chr11	46617527	46674818	5	5	5
ENSG00000175220.12	ARHGAP1	chr11	46677080	46700619	5	5	5
ENSG00000175213.3	ZNF408	chr11	46701030	46705912	5	5	5
ENSG00000180210.15	F2	chr11	46719196	46739506	5	5	5
ENSG00000175216.15	CKAP5	chr11	46743048	46846308	5	5	5
ENSG00000263540.1	MIR5582	chr11	46753125	46753192	5	5	5
ENSG00000252427.1	AC115088.1	chr11	46758766	46758873	5	5	5
ENSG00000212135.1	SNORD67	chr11	46762389	46762499	5	5	5
ENSG00000247675.7	LRP4-AS1	chr11	46846412	46874421	5	5	5
ENSG00000134569.10	LRP4	chr11	46856717	46918642	5	5	5
ENSG00000286450.1	AC021573.1	chr11	46920880	46929320	5	5	5
ENSG00000149179.14	C11orf49	chr11	46936689	47164385	5	5	5
ENSG00000271350.1	AC103792.1	chr11	47041027	47041945	5	5	5
ENSG00000255520.1	AC090589.2	chr11	47123104	47130801	5	5	5
ENSG00000149182.15	ARFGAP2	chr11	47164299	47177125	5	5	5
ENSG00000270060.1	AC090589.3	chr11	47168281	47169563	5	5	5
ENSG00000165912.16	PACSIN3	chr11	47177522	47186443	5	5	5
ENSG00000275208.1	MIR6745	chr11	47179611	47179737	5	5	5
ENSG00000243802.2	AC090589.1	chr11	47191181	47191542	5	5	5
ENSG00000134574.12	DDB2	chr11	47214465	47239217	5	5	5
ENSG00000256897.1	AC018410.1	chr11	47220218	47221751	5	5	5
ENSG00000134575.13	ACP2	chr11	47239302	47248906	5	5	5
ENSG00000025434.19	NR1H3	chr11	47248300	47269033	5	5	5
ENSG00000110514.19	MADD	chr11	47269161	47330031	5	5	5
ENSG00000256746.5	MADD-AS1	chr11	47270657	47272110	5	5	5
ENSG00000283338.1	AC090582.1	chr11	47323983	47324181	5	5	5
ENSG00000134571.11	MYBPC3	chr11	47331406	47352702	5	5	5
ENSG00000066336.12	SPI1	chr11	47354860	47378547	5	5	5
ENSG00000255197.6	AC090559.1	chr11	47381509	47409369	5	5	5
ENSG00000264583.1	MIR4487	chr11	47400970	47401042	5	5	5
ENSG00000165915.14	SLC39A13	chr11	47407132	47416496	5	5	5
ENSG00000165916.8	PSMC3	chr11	47418769	47426473	5	5	5
ENSG00000165917.10	RAPSN	chr11	47437764	47449143	5	5	5
ENSG00000149187.18	CELF1	chr11	47465933	47565569	5	5	5
ENSG00000270072.1	AC090559.2	chr11	47513605	47514889	5	5	5
ENSG00000265559.2	RN7SL652P	chr11	47557534	47557833	5	5	5
ENSG00000213619.11	NDUFS3	chr11	47565336	47584562	5	5	5
ENSG00000110536.14	PTPMT1	chr11	47565430	47573461	5	5	5
ENSG00000123444.14	KBTBD4	chr11	47572197	47578976	5	5	5
ENSG00000200376.1	RNU5E-10P	chr11	47576471	47576588	5	5	5
ENSG00000231880.2	KF459542.1	chr11	47577725	47578277	5	5	5
ENSG00000196666.6	FAM180B	chr11	47586678	47589194	5	5	5
ENSG00000172247.4	C1QTNF4	chr11	47589667	47594411	5	5	5
ENSG00000109919.10	MTCH2	chr11	47617315	47642607	5	5	5
ENSG00000165923.16	AGBL2	chr11	47659591	47715389	5	5	5
ENSG00000109920.13	FNBP4	chr11	47716494	47767443	5	5	5
ENSG00000200090.1	Y_RNA	chr11	47726894	47726992	5	5	5
ENSG00000030066.13	NUP160	chr11	47778087	47848555	5	5	5
ENSG00000271543.1	AC021443.1	chr11	47796169	47796379	5	5	5
ENSG00000252941.1	RNA5SP340	chr11	47804296	47804402	5	5	5
ENSG00000252874.2	Y_RNA	chr11	47820200	47820289	5	5	5
ENSG00000271557.1	YPEL5P2	chr11	47841324	47841682	5	5	5
ENSG00000254780.1	AC023232.1	chr11	47905323	47905607	5	5	5
ENSG00000149177.13	PTPRJ	chr11	47980558	48170841	5	5	5
ENSG00000254879.1	PTPRJ-AS1	chr11	48014406	48015855	5	5	5
ENSG00000263693.1	MIR3161	chr11	48096782	48096858	5	5	5
ENSG00000175619.3	OR4B1	chr11	48216810	48217739	5	5	5
ENSG00000255514.1	OR4B2P	chr11	48227429	48228310	5	5	5
ENSG00000172208.6	OR4X2	chr11	48245056	48246080	5	5	5
ENSG00000176567.1	OR4X1	chr11	48263861	48264778	5	5	5
ENSG00000176555.1	OR4S1	chr11	48306223	48307152	5	5	5
ENSG00000176547.10	OR4C3	chr11	48324920	48328471	5	5	5
ENSG00000197161.7	OR4C4P	chr11	48345351	48352447	5	5	5
ENSG00000176540.3	OR4C5	chr11	48365485	48366465	5	5	5
ENSG00000182565.8	OR4C2P	chr11	48420210	48421273	5	5	5
ENSG00000184789.6	OR4C10P	chr11	48432217	48433147	5	5	5
ENSG00000254925.1	OR4C9P	chr11	48464053	48464977	5	5	5
ENSG00000255215.1	OR4R1P	chr11	48486363	48486825	5	5	5
ENSG00000237388.2	OR4A47	chr11	48488717	48489780	5	5	5
ENSG00000255113.1	OR4A48P	chr11	48492026	48492416	5	5	5
ENSG00000255304.1	OR4A46P	chr11	48496348	48497280	5	5	5
ENSG00000254832.1	OR4A40P	chr11	48512273	48513220	5	5	5
ENSG00000255534.1	OR4A43P	chr11	48526064	48526971	5	5	5
ENSG00000213607.4	OR4A45P	chr11	48579436	48580336	5	5	5
ENSG00000255297.1	OR4A41P	chr11	48589760	48590687	5	5	5
ENSG00000254674.1	OR4A42P	chr11	48610063	48611000	5	5	5
ENSG00000255053.1	OR4A44P	chr11	48627546	48628493	5	5	5
ENSG00000255551.1	AC027369.6	chr11	48880111	48885237	5	5	5
ENSG00000254728.1	AC027369.3	chr11	48881723	48902181	5	5	5
ENSG00000254920.1	AC027369.4	chr11	48893256	48898703	5	5	5
ENSG00000255527.1	AC027369.5	chr11	48907103	48908946	5	5	5
ENSG00000249910.3	TRIM51CP	chr11	48945694	48951895	5	5	5
ENSG00000254517.1	AC027369.2	chr11	48959928	48961810	5	5	5
ENSG00000220948.5	TRIM51GP	chr11	48975324	48983826	5	5	5
ENSG00000254764.2	TRIM53CP	chr11	48985868	48991881	5	5	5
ENSG00000205044.5	AC027369.1	chr11	49009959	49018589	5	5	5
ENSG00000182053.12	TRIM49B	chr11	49027501	49038451	5	5	5
ENSG00000288434.1	AC084851.4	chr11	49048271	49050159	5	5	5
ENSG00000214891.9	TRIM64C	chr11	49053714	49059112	5	5	5
ENSG00000276637.1	AC084851.3	chr11	49067610	49069301	5	5	5
ENSG00000254801.1	AC084851.1	chr11	49070752	49071000	5	5	5
ENSG00000229361.5	UBTFL7	chr11	49081907	49083097	5	5	5
ENSG00000255452.1	AC084851.2	chr11	49092404	49092767	5	5	5
ENSG00000254412.1	AC118273.1	chr11	49098163	49101168	5	5	5
ENSG00000255338.1	AC118273.2	chr11	49110756	49111220	5	5	5
ENSG00000254993.2	TRIM77BP	chr11	49117010	49124570	5	5	5
ENSG00000254567.2	UBTFL9	chr11	49133653	49134800	5	5	5
ENSG00000086205.18	FOLH1	chr11	49145092	49208638	5	5	5
ENSG00000255532.1	AC118942.1	chr11	49305714	49379669	5	5	5
ENSG00000123447.6	TYRL	chr11	49405091	49415789	5	5	5
ENSG00000254496.1	CBX3P8	chr11	49406190	49406714	5	5	5
ENSG00000226268.3	AC135977.1	chr11	49433480	49434438	5	5	5
ENSG00000205035.8	AC136759.1	chr11	49558546	49810419	5	5	5
ENSG00000254487.2	AC130364.1	chr11	49817778	49825553	5	5	5
ENSG00000255268.2	AC130364.2	chr11	49824839	49826724	5	5	5
ENSG00000219061.4	TRIM51FP	chr11	49833140	49839320	5	5	5
ENSG00000265973.1	AP006587.5	chr11	49843488	49846533	5	5	5
ENSG00000288177.1	AP006587.6	chr11	49852096	49884421	5	5	5
ENSG00000255550.1	AP006587.4	chr11	49854080	49859402	5	5	5
ENSG00000255214.1	AP006587.3	chr11	49871826	49874067	5	5	5
ENSG00000255190.2	TRIM51DP	chr11	49874945	49876638	5	5	5
ENSG00000254800.2	AP006587.1	chr11	49882999	49884093	5	5	5
ENSG00000255111.1	AP006587.2	chr11	49892262	49893777	5	5	5
ENSG00000254408.1	OR4A1P	chr11	49898267	49899186	5	5	5
ENSG00000254472.1	OR4A49P	chr11	49915013	49915644	5	5	5
ENSG00000254637.1	OR4A18P	chr11	49917391	49918478	5	5	5
ENSG00000254940.1	OR4A19P	chr11	49920312	49921414	5	5	5
ENSG00000254624.1	OR4R3P	chr11	49923049	49923886	5	5	5
ENSG00000258817.1	OR4C13	chr11	49952391	49953419	5	5	5
ENSG00000221954.2	OR4C12	chr11	49981473	49982535	5	5	5
ENSG00000283605.1	OR4C48P	chr11	50018798	50019695	5	5	5
ENSG00000260811.3	OR4C45	chr11	50032874	50033794	5	5	5
ENSG00000260595.1	OR4C49P	chr11	50053410	50054309	5	5	5
ENSG00000255199.2	GTF2IP11	chr11	50100892	50102898	5	5	5
ENSG00000255442.1	AC109635.3	chr11	50170156	50190441	5	5	5
ENSG00000287538.1	AC109635.6	chr11	50184250	50208794	5	5	5
ENSG00000286983.1	AC109635.5	chr11	50213420	50223969	5	5	5
ENSG00000236919.3	PHKG1P3	chr11	50246554	50247761	5	5	5
ENSG00000255500.2	AC109635.4	chr11	50268161	50269273	5	5	5
ENSG00000255042.3	AC109635.2	chr11	50279828	50298452	5	5	5
ENSG00000255001.1	AC109635.1	chr11	50290749	50290933	5	5	5
ENSG00000254518.1	LINC02750	chr11	50298579	50304656	5	5	5
ENSG00000254840.1	AC024405.2	chr11	50307681	50361706	5	5	5
ENSG00000214883.4	AC024405.1	chr11	50409042	50422316	5	5	5
ENSG00000237610.1	OR4C50P	chr11	54591480	54592409	5	5	5
ENSG00000185926.1	OR4C46	chr11	54603069	54603998	5	5	5
ENSG00000255312.1	OR4C7P	chr11	54635037	54635955	5	5	5
ENSG00000255560.1	OR4R2P	chr11	54657120	54657716	5	5	5
ENSG00000254769.4	OR4A4P	chr11	54659667	54660596	5	5	5
ENSG00000254464.1	OR4A3P	chr11	54662580	54663450	5	5	5
ENSG00000227547.3	OR4A2P	chr11	54667298	54668210	5	5	5
ENSG00000225997.1	OR4A8	chr11	54682877	54683821	5	5	5
ENSG00000255349.1	OR4A7P	chr11	54692450	54693359	5	5	5
ENSG00000221840.4	OR4A5	chr11	54706832	54707902	5	5	5
ENSG00000255078.1	OR4A6P	chr11	54724847	54725816	5	5	5
ENSG00000150244.12	TRIM48	chr11	55262155	55271114	5	5	5
ENSG00000255543.1	AP005597.4	chr11	55267408	55267636	5	5	5
ENSG00000255283.3	AP005597.3	chr11	55279447	55284749	5	5	5
ENSG00000255110.1	AP005597.2	chr11	55279949	55280289	5	5	5
ENSG00000166007.11	TRIM51HP	chr11	55291883	55298270	5	5	5
ENSG00000254828.1	AP005597.1	chr11	55302290	55305060	5	5	5
ENSG00000254663.1	OR4A11P	chr11	55318560	55319465	5	5	5
ENSG00000254723.1	OR4A12P	chr11	55325756	55326673	5	5	5
ENSG00000181961.4	OR4A16	chr11	55343151	55344231	5	5	5
ENSG00000181958.5	OR4A15	chr11	55367974	55368918	5	5	5
ENSG00000254891.1	OR4A9P	chr11	55388529	55389472	5	5	5
ENSG00000255077.1	OR4X7P	chr11	55411526	55411717	5	5	5
ENSG00000255493.2	OR4A10P	chr11	55430478	55432370	5	5	5
ENSG00000255196.1	OR4A17P	chr11	55444435	55445338	5	5	5
ENSG00000181950.3	OR4A13P	chr11	55466771	55467712	5	5	5
ENSG00000255294.2	OR4A50P	chr11	55475943	55478512	5	5	5
ENSG00000181943.5	OR4A21P	chr11	55491205	55492148	5	5	5
ENSG00000254576.2	OR4C1P	chr11	55506635	55511169	5	5	5
ENSG00000233301.1	OR4C14P	chr11	55537002	55537924	5	5	5
ENSG00000181939.3	OR4C15	chr11	55554307	55555419	5	5	5
ENSG00000279514.2	OR4C16	chr11	55572128	55573060	5	5	5
ENSG00000172188.6	OR4C11	chr11	55602360	55607645	5	5	5
ENSG00000181927.4	OR4P4	chr11	55635113	55640309	5	5	5
ENSG00000174982.4	OR4S2	chr11	55648327	55652854	5	5	5
ENSG00000181903.5	OR4C6	chr11	55662201	55666195	5	5	5
ENSG00000254841.1	OR4V1P	chr11	55673536	55674675	5	5	5
ENSG00000188439.3	OR4P1P	chr11	55683239	55684374	5	5	5
ENSG00000254804.1	AP006437.1	chr11	55684141	55686160	5	5	5
ENSG00000254457.3	OR5D2P	chr11	55714799	55715727	5	5	5
ENSG00000186886.8	OR5D3P	chr11	55723776	55729621	5	5	5
ENSG00000181837.7	OR5D17P	chr11	55754977	55755957	5	5	5
ENSG00000279761.2	OR5D13	chr11	55773438	55774382	5	5	5
ENSG00000255019.1	OR5D15P	chr11	55786964	55787905	5	5	5
ENSG00000186113.1	OR5D14	chr11	55795556	55796500	5	5	5
ENSG00000279395.3	OR5L1	chr11	55811367	55812476	5	5	5
ENSG00000186119.8	OR5D18	chr11	55819607	55820597	5	5	5
ENSG00000205030.1	OR5L2	chr11	55827219	55828154	5	5	5
ENSG00000205029.1	OR5D16	chr11	55838752	55839738	5	5	5
ENSG00000186124.4	OR9M1P	chr11	55850347	55858547	5	5	5
ENSG00000255204.1	AC036111.2	chr11	55863932	55881243	5	5	5
ENSG00000255499.1	AC036111.3	chr11	55865709	55865820	5	5	5
ENSG00000254547.1	AC036111.1	chr11	55867569	55874537	5	5	5
ENSG00000124900.12	TRIM51	chr11	55883297	55891810	5	5	5
ENSG00000227806.1	OR5W1P	chr11	55903341	55904278	5	5	5
ENSG00000187612.1	OR5W2	chr11	55913650	55914582	5	5	5
ENSG00000167825.3	OR5I1	chr11	55935456	55936400	5	5	5
ENSG00000255416.1	OR10AF1P	chr11	55948120	55948924	5	5	5
ENSG00000254807.1	OR10AK1P	chr11	55957216	55957630	5	5	5
ENSG00000174970.5	OR10AG1	chr11	55965755	55969945	5	5	5
ENSG00000214880.3	OR7E5P	chr11	55979398	55980103	5	5	5
ENSG00000149133.1	OR5F1	chr11	55993681	55994625	5	5	5
ENSG00000182365.4	OR5F2P	chr11	56015017	56015957	5	5	5
ENSG00000181785.3	OR5AS1	chr11	56027654	56038191	5	5	5
ENSG00000184741.6	OR5AQ1P	chr11	56049785	56055730	5	5	5
ENSG00000181780.4	OR5J1P	chr11	56071111	56072049	5	5	5
ENSG00000225538.2	OR5BE1P	chr11	56082801	56084840	5	5	5
ENSG00000172154.10	OR8I2	chr11	56093277	56094286	5	5	5
ENSG00000254524.1	OR8I4P	chr11	56097244	56097384	5	5	5
ENSG00000181767.3	OR8H2	chr11	56103687	56107658	5	5	5
ENSG00000255140.1	OR5BN2P	chr11	56116639	56117256	5	5	5
ENSG00000181761.5	OR8H3	chr11	56122373	56123311	5	5	5
ENSG00000254848.1	OR5BN1P	chr11	56132666	56133494	5	5	5
ENSG00000167822.3	OR8J3	chr11	56134721	56140201	5	5	5
ENSG00000254947.1	OR8K4P	chr11	56142516	56143387	5	5	5
ENSG00000181752.3	OR8K5	chr11	56159394	56160317	5	5	5
ENSG00000255217.1	OR5J7P	chr11	56165500	56165921	5	5	5
ENSG00000174957.1	OR5J2	chr11	56176618	56177556	5	5	5
ENSG00000230213.1	OR8V1P	chr11	56188379	56189251	5	5	5
ENSG00000213604.4	AC022882.1	chr11	56205125	56205625	5	5	5
ENSG00000254658.3	OR8J2	chr11	56208985	56215222	5	5	5
ENSG00000181718.6	OR5T2	chr11	56231282	56234255	5	5	5
ENSG00000172489.7	OR5T3	chr11	56252254	56253222	5	5	5
ENSG00000181698.4	OR5T1	chr11	56274154	56276819	5	5	5
ENSG00000181693.8	OR8H1	chr11	56288462	56292254	5	5	5
ENSG00000255461.1	OR8I1P	chr11	56296541	56297471	5	5	5
ENSG00000280314.3	OR8K3	chr11	56315144	56320639	5	5	5
ENSG00000254722.1	FAM8A2P	chr11	56331347	56332488	5	5	5
ENSG00000255134.1	OR8K2P	chr11	56335142	56336068	5	5	5
ENSG00000150261.4	OR8K1	chr11	56345945	56347031	5	5	5
ENSG00000172487.4	OR8J1	chr11	56354291	56361511	5	5	5
ENSG00000242208.1	RPL5P29	chr11	56357328	56358221	5	5	5
ENSG00000172199.1	OR8U1	chr11	56375624	56376553	5	5	5
ENSG00000254903.1	OR8L1P	chr11	56381635	56382589	5	5	5
ENSG00000255466.1	OR5AL2P	chr11	56393729	56394648	5	5	5
ENSG00000272987.1	OR5AL1	chr11	56412696	56413680	5	5	5
ENSG00000279961.2	OR5R1	chr11	56417258	56418232	5	5	5
ENSG00000230416.3	OR5M4P	chr11	56448668	56449592	5	5	5
ENSG00000284732.1	AP002512.3	chr11	56459221	56473352	5	5	5
ENSG00000150269.1	OR5M9	chr11	56462469	56463401	5	5	5
ENSG00000174937.5	OR5M3	chr11	56469274	56473352	5	5	5
ENSG00000254752.2	OR5M2P	chr11	56476287	56484839	5	5	5
ENSG00000181371.4	OR5M8	chr11	56490349	56491395	5	5	5
ENSG00000254411.1	AP002512.1	chr11	56495760	56496412	5	5	5
ENSG00000254490.1	OR5M7P	chr11	56500300	56501271	5	5	5
ENSG00000254660.1	AP002512.2	chr11	56509573	56510195	5	5	5
ENSG00000254603.1	OR5M6P	chr11	56512235	56513171	5	5	5
ENSG00000185701.7	OR5M5P	chr11	56526568	56527503	5	5	5
ENSG00000255223.4	OR5M11	chr11	56542262	56543281	5	5	5
ENSG00000254834.4	OR5M10	chr11	56576736	56577787	5	5	5
ENSG00000166693.7	OR5M13P	chr11	56597426	56598362	5	5	5
ENSG00000255012.2	OR5M1	chr11	56609236	56614874	5	5	5
ENSG00000255172.2	OR5AM1P	chr11	56619779	56620810	5	5	5
ENSG00000197866.3	OR5M12P	chr11	56628932	56629860	5	5	5
ENSG00000254795.1	OR5AP1P	chr11	56633164	56634103	5	5	5
ENSG00000172464.3	OR5AP2	chr11	56641466	56642471	5	5	5
ENSG00000172459.4	OR5AR1	chr11	56663662	56664687	5	5	5
ENSG00000232511.4	OR2AH1P	chr11	56667545	56674664	5	5	5
ENSG00000238041.3	TMEM230P2	chr11	56690465	56690723	5	5	5
ENSG00000174914.3	OR9G1	chr11	56699095	56703884	5	5	5
ENSG00000254953.1	AP001803.1	chr11	56736316	56736462	5	5	5
ENSG00000181325.7	OR9G3P	chr11	56740179	56741096	5	5	5
ENSG00000172457.7	OR9G4	chr11	56741223	56748697	5	5	5
ENSG00000274770.1	MIR6128	chr11	56743873	56743981	5	5	5
ENSG00000286704.1	AP001803.10	chr11	56750330	56750435	5	5	5
ENSG00000254825.1	OR9G2P	chr11	56751023	56751902	5	5	5
ENSG00000181296.3	OR5G1P	chr11	56775261	56776206	5	5	5
ENSG00000255485.1	OR5G4P	chr11	56790206	56790965	5	5	5
ENSG00000205025.8	OR5G5P	chr11	56801856	56820422	5	5	5
ENSG00000241356.2	OR5G3	chr11	56819573	56820516	5	5	5
ENSG00000255433.5	LINC02735	chr11	56848478	56878078	5	5	5
ENSG00000274150.1	FADS2B	chr11	56890613	56927885	5	5	5
ENSG00000181282.5	OR5AK3P	chr11	56971050	56971979	5	5	5
ENSG00000181273.2	OR5AK2	chr11	56988872	56989867	5	5	5
ENSG00000255083.2	OR5AK1P	chr11	57018100	57019021	5	5	5
ENSG00000273228.1	OR5BQ1P	chr11	57029408	57029722	5	5	5
ENSG00000283307.1	OR5AK4P	chr11	57037534	57038436	5	5	5
ENSG00000272676.1	OR5AO1P	chr11	57045091	57045390	5	5	5
ENSG00000273255.1	OR5BP1P	chr11	57055587	57056132	5	5	5
ENSG00000183908.7	LRRC55	chr11	57181747	57191717	5	5	5
ENSG00000134817.11	APLNR	chr11	57233577	57237235	5	5	5
ENSG00000149115.14	TNKS1BP1	chr11	57299638	57324952	5	5	5
ENSG00000254662.1	AP000781.1	chr11	57325603	57327958	5	5	5
ENSG00000149136.9	SSRP1	chr11	57325986	57335892	5	5	5
ENSG00000109991.9	P2RX3	chr11	57338352	57372396	5	5	5
ENSG00000156575.2	PRG3	chr11	57376769	57381150	5	5	5
ENSG00000186652.10	PRG2	chr11	57386780	57390650	5	5	5
ENSG00000254979.5	AP000781.2	chr11	57387365	57424059	5	5	5
ENSG00000134802.18	SLC43A3	chr11	57406954	57427580	5	5	5
ENSG00000252070.1	RNA5SP341	chr11	57450183	57450299	5	5	5
ENSG00000222998.1	RN7SKP259	chr11	57451690	57452022	5	5	5
ENSG00000186907.8	RTN4RL2	chr11	57460528	57477534	5	5	5
ENSG00000255301.1	AP002893.1	chr11	57476493	57477534	5	5	5
ENSG00000149150.9	SLC43A1	chr11	57484534	57515780	5	5	5
ENSG00000265566.2	RN7SL605P	chr11	57528085	57528365	5	5	5
ENSG00000134809.9	TIMM10	chr11	57528464	57530803	5	5	5
ENSG00000214872.8	SMTNL1	chr11	57542641	57550274	5	5	5
ENSG00000156587.16	UBE2L6	chr11	57551656	57568284	5	5	5
ENSG00000240371.1	RPS4XP13	chr11	57576292	57577080	5	5	5
ENSG00000149131.17	SERPING1	chr11	57597387	57619171	5	5	5
ENSG00000254602.2	AP000662.1	chr11	57638024	57652790	5	5	5
ENSG00000208009.1	MIR130A	chr11	57641198	57641286	5	5	5
ENSG00000166793.13	YPEL4	chr11	57645087	57649944	5	5	5
ENSG00000172409.6	CLP1	chr11	57648992	57661865	5	5	5
ENSG00000156599.11	ZDHHC5	chr11	57667747	57701182	5	5	5
ENSG00000156603.19	MED19	chr11	57703714	57712323	5	5	5
ENSG00000288534.1	AP001931.2	chr11	57712582	57818431	5	5	5
ENSG00000213593.10	TMX2	chr11	57712593	57740973	5	5	5
ENSG00000213592.4	PPIAP42	chr11	57718044	57718530	5	5	5
ENSG00000211450.10	SELENOH	chr11	57741250	57743554	5	5	5
ENSG00000254732.2	AP001931.1	chr11	57741779	57804771	5	5	5
ENSG00000233436.7	BTBD18	chr11	57743514	57751781	5	5	5
ENSG00000198561.15	CTNND1	chr11	57753243	57819546	5	5	5
ENSG00000255303.2	OR5BA1P	chr11	57861948	57873588	5	5	5
ENSG00000255266.1	AP003484.1	chr11	57870322	57870571	5	5	5
ENSG00000180714.3	OR5AZ1P	chr11	57917297	57918239	5	5	5
ENSG00000254749.1	OR5BD1P	chr11	57945598	57946414	5	5	5
ENSG00000254601.1	CYCSP26	chr11	58005386	58005705	5	5	5
ENSG00000186509.4	OR9Q1	chr11	58023881	58181616	5	5	5
ENSG00000200817.1	RNU6-899P	chr11	58026706	58026812	5	5	5
ENSG00000279051.4	OR6Q1	chr11	58030930	58031931	5	5	5
ENSG00000236541.1	VN2R9P	chr11	58040708	58041660	5	5	5
ENSG00000255146.1	AP004247.2	chr11	58044110	58060138	5	5	5
ENSG00000254853.1	AP004247.1	chr11	58072378	58075438	5	5	5
ENSG00000255131.2	OR9L1P	chr11	58077348	58078603	5	5	5
ENSG00000272685.1	OR9I3P	chr11	58108720	58109661	5	5	5
ENSG00000172377.3	OR9I1	chr11	58116742	58125530	5	5	5
ENSG00000186508.4	OR9I2P	chr11	58144495	58145397	5	5	5
ENSG00000272569.1	OR5BL1P	chr11	58171098	58171721	5	5	5
ENSG00000186513.3	OR9Q2	chr11	58189070	58194053	5	5	5
ENSG00000197887.4	OR1S2	chr11	58203202	58204181	5	5	5
ENSG00000280204.3	OR1S1	chr11	58212720	58216084	5	5	5
ENSG00000180475.4	OR10Q1	chr11	58227882	58228918	5	5	5
ENSG00000254589.1	EIF4A2P3	chr11	58242043	58243097	5	5	5
ENSG00000172772.3	OR10W1	chr11	58266792	58268260	5	5	5
ENSG00000272900.1	OR10Q2P	chr11	58291826	58292765	5	5	5
ENSG00000255218.1	OR5BC1P	chr11	58317637	58318375	5	5	5
ENSG00000255431.1	OR5B19P	chr11	58343737	58344664	5	5	5
ENSG00000255096.2	OR5B10P	chr11	58348989	58349630	5	5	5
ENSG00000255333.1	AP000435.1	chr11	58354004	58354499	5	5	5
ENSG00000197786.3	OR5B17	chr11	58358124	58359069	5	5	5
ENSG00000233499.1	OR5B1P	chr11	58365836	58366763	5	5	5
ENSG00000273408.1	OR5B15P	chr11	58387583	58388486	5	5	5
ENSG00000172769.4	OR5B3	chr11	58402464	58406874	5	5	5
ENSG00000172365.3	OR5B2	chr11	58421264	58428121	5	5	5
ENSG00000172362.3	OR5B12	chr11	58439077	58442758	5	5	5
ENSG00000285895.1	AP003557.2	chr11	58491773	58493480	5	5	5
ENSG00000255299.5	AP003557.1	chr11	58497888	58505758	5	5	5
ENSG00000198283.2	OR5B21	chr11	58507175	58508105	5	5	5
ENSG00000110031.13	LPXN	chr11	58526871	58578220	5	5	5
ENSG00000186660.15	ZFP91	chr11	58579063	58621550	5	5	5
ENSG00000255073.8	ZFP91-CNTF	chr11	58579172	58624639	5	5	5
ENSG00000269570.2	AP001350.1	chr11	58611119	58612642	5	5	5
ENSG00000242689.3	CNTF	chr11	58622665	58625733	5	5	5
ENSG00000280010.1	AP001350.2	chr11	58627435	58628528	5	5	5
ENSG00000149124.11	GLYAT	chr11	58640426	58731974	5	5	5
ENSG00000197254.4	AP000445.1	chr11	58685086	58691861	5	5	5
ENSG00000254926.1	AP000445.2	chr11	58748999	58761053	5	5	5
ENSG00000255265.1	TMA16P1	chr11	58796237	58796854	5	5	5
ENSG00000156689.7	GLYATL2	chr11	58834065	58904215	5	5	5
ENSG00000254717.2	GLYATL1P2	chr11	58878302	58893460	5	5	5
ENSG00000166840.13	GLYATL1	chr11	58905398	59043527	5	5	5
ENSG00000255523.1	AP001652.1	chr11	58917015	58928689	5	5	5
ENSG00000255240.6	AP001636.3	chr11	58933643	59058659	5	5	5
ENSG00000254877.1	AP001636.2	chr11	58967596	58968291	5	5	5
ENSG00000255189.1	GLYATL1P1	chr11	58978787	58994120	5	5	5
ENSG00000254786.1	AP001636.1	chr11	58995439	58999689	5	5	5
ENSG00000254399.2	GLYATL1P4	chr11	59042737	59050971	5	5	5
ENSG00000255151.2	GLYATL1B	chr11	59086307	59094786	5	5	5
ENSG00000189057.11	FAM111B	chr11	59107185	59127412	5	5	5
ENSG00000245571.7	FAM111A-DT	chr11	59130133	59143015	5	5	5
ENSG00000255381.1	AP001258.1	chr11	59142121	59142610	5	5	5
ENSG00000166801.16	FAM111A	chr11	59142748	59155039	5	5	5
ENSG00000110042.8	DTX4	chr11	59171430	59208588	5	5	5
ENSG00000197629.6	MPEG1	chr11	59208510	59212927	5	5	5
ENSG00000263999.2	RN7SL42P	chr11	59214406	59214699	5	5	5
ENSG00000225802.3	WARS1P1	chr11	59255360	59259486	5	5	5
ENSG00000254799.1	SLC25A47P1	chr11	59263389	59263802	5	5	5
ENSG00000214797.3	AP002358.1	chr11	59268876	59284033	5	5	5
ENSG00000254704.3	AP002358.2	chr11	59287339	59289486	5	5	5
ENSG00000263944.2	RN7SL435P	chr11	59291052	59291333	5	5	5
ENSG00000235678.3	OR5AN2P	chr11	59309681	59310576	5	5	5
ENSG00000255386.1	OR5BR1P	chr11	59332757	59334086	5	5	5
ENSG00000176495.3	OR5AN1	chr11	59358895	59371714	5	5	5
ENSG00000198261.3	OR5BB1P	chr11	59391354	59392292	5	5	5
ENSG00000172324.5	OR5A2	chr11	59416969	59426412	5	5	5
ENSG00000172320.3	OR5A1	chr11	59436469	59451380	5	5	5
ENSG00000166884.2	OR4D6	chr11	59456938	59457991	5	5	5
ENSG00000254466.2	OR4D10	chr11	59473315	59479361	5	5	5
ENSG00000204989.3	OR4D8P	chr11	59491652	59492581	5	5	5
ENSG00000176200.1	OR4D11	chr11	59503576	59504511	5	5	5
ENSG00000172742.6	OR4D9	chr11	59511368	59520703	5	5	5
ENSG00000254770.1	OR4D7P	chr11	59531754	59532695	5	5	5
ENSG00000287264.1	AP003778.1	chr11	59545602	59558882	5	5	5
ENSG00000255008.3	LINC02739	chr11	59560298	59566283	5	5	5
ENSG00000255139.2	AP000442.1	chr11	59565923	59639861	5	5	5
ENSG00000110048.12	OSBP	chr11	59574398	59615774	5	5	5
ENSG00000264559.1	MIR3162	chr11	59595077	59595158	5	5	5
ENSG00000166889.14	PATL1	chr11	59636716	59669037	5	5	5
ENSG00000255355.1	AP000640.2	chr11	59669312	59676041	5	5	5
ENSG00000223223.1	RN7SKP192	chr11	59706057	59706383	5	5	5
ENSG00000172289.3	OR10V1	chr11	59712916	59713845	5	5	5
ENSG00000166900.17	STX3	chr11	59713456	59805882	5	5	5
ENSG00000254403.1	OR10Y1P	chr11	59728519	59729492	5	5	5
ENSG00000254743.1	OR10V3P	chr11	59741325	59742049	5	5	5
ENSG00000255538.1	OR10V2P	chr11	59748811	59749574	5	5	5
ENSG00000254477.2	AP000640.1	chr11	59752578	59754975	5	5	5
ENSG00000234964.4	FABP5P7	chr11	59781318	59781722	5	5	5
ENSG00000166902.5	MRPL16	chr11	59806140	59810778	5	5	5
ENSG00000134812.8	CBLIF	chr11	59829273	59845499	5	5	5
ENSG00000134827.8	TCN1	chr11	59852800	59866489	5	5	5
ENSG00000285231.1	OOSP3	chr11	59878809	59896481	5	5	5
ENSG00000270929.1	SRD5A3P1	chr11	59898185	59899133	5	5	5
ENSG00000284873.1	OOSP1	chr11	59938432	59957480	5	5	5
ENSG00000214788.3	AP000790.1	chr11	59942879	59970146	5	5	5
ENSG00000285010.1	OOSP4A	chr11	59964033	59970146	5	5	5
ENSG00000255393.2	OOSP4B	chr11	59978020	60031077	5	5	5
ENSG00000149507.7	OOSP2	chr11	60040409	60048044	5	5	5
ENSG00000149516.14	MS4A3	chr11	60056587	60071115	5	5	5
ENSG00000255331.1	AP000790.2	chr11	60077350	60078401	5	5	5
ENSG00000149534.9	MS4A2	chr11	60088261	60098467	5	5	5
ENSG00000254952.1	LINC02705	chr11	60159687	60160822	5	5	5
ENSG00000110077.14	MS4A6A	chr11	60172014	60184666	5	5	5
ENSG00000110079.18	MS4A4A	chr11	60185702	60317944	5	5	5
ENSG00000214787.10	MS4A4E	chr11	60200270	60243137	5	5	5
ENSG00000275344.1	MIR6503	chr11	60209071	60209156	5	5	5
ENSG00000166926.8	MS4A6E	chr11	60334831	60396596	5	5	5
ENSG00000166927.13	MS4A7	chr11	60378485	60395951	5	5	5
ENSG00000166928.11	MS4A14	chr11	60378530	60417756	5	5	5
ENSG00000166930.7	MS4A5	chr11	60429572	60455214	5	5	5
ENSG00000156738.18	MS4A1	chr11	60455846	60470752	5	5	5
ENSG00000071203.9	MS4A12	chr11	60492778	60507430	5	5	5
ENSG00000204979.8	MS4A13	chr11	60515392	60542721	5	5	5
ENSG00000283601.1	MS4A19P	chr11	60577856	60608418	5	5	5
ENSG00000181995.12	LINC00301	chr11	60615729	60687267	5	5	5
ENSG00000166959.8	MS4A8	chr11	60699585	60715807	5	5	5
ENSG00000214782.7	MS4A18	chr11	60729304	60744212	5	5	5
ENSG00000166961.15	MS4A15	chr11	60756867	60776733	5	5	5
ENSG00000172689.2	MS4A10	chr11	60785333	60801305	5	5	5
ENSG00000255845.1	AP000777.1	chr11	60813932	60821739	5	5	5
ENSG00000255959.1	AP000777.2	chr11	60835996	60842965	5	5	5
ENSG00000256813.1	AP000777.3	chr11	60841806	60851081	5	5	5
ENSG00000110104.13	CCDC86	chr11	60842113	60851081	5	5	5
ENSG00000183134.5	PTGDR2	chr11	60850933	60855950	5	5	5
ENSG00000149506.11	ZP1	chr11	60867562	60875693	5	5	5
ENSG00000110107.9	PRPF19	chr11	60890547	60906585	5	5	5
ENSG00000257052.1	AP003721.4	chr11	60906789	60909742	5	5	5
ENSG00000256944.1	AP003721.3	chr11	60913166	60914052	5	5	5
ENSG00000110108.10	TMEM109	chr11	60914158	60923443	5	5	5
ENSG00000256196.2	AP003721.1	chr11	60916339	60925397	5	5	5
ENSG00000006118.15	TMEM132A	chr11	60924460	60937159	5	5	5
ENSG00000110446.11	SLC15A3	chr11	60937084	60952530	5	5	5
ENSG00000013725.14	CD6	chr11	60971680	61020377	5	5	5
ENSG00000207153.1	RNU6-933P	chr11	60985061	60985167	5	5	5
ENSG00000256733.2	AP003721.2	chr11	61055392	61067597	5	5	5
ENSG00000110448.11	CD5	chr11	61102489	61127852	5	5	5
ENSG00000167987.11	VPS37C	chr11	61130257	61161615	5	5	5
ENSG00000279549.1	AP000437.1	chr11	61143380	61145464	5	5	5
ENSG00000229859.10	PGA3	chr11	61203307	61213098	5	5	5
ENSG00000229183.8	PGA4	chr11	61222216	61231927	5	5	5
ENSG00000256220.1	AP003037.1	chr11	61227168	61248533	5	5	5
ENSG00000256713.8	PGA5	chr11	61241175	61251444	5	5	5
ENSG00000167992.13	VWCE	chr11	61258286	61295316	5	5	5
ENSG00000167986.14	DDB1	chr11	61299451	61342596	5	5	5
ENSG00000149476.16	TKFC	chr11	61333220	61353295	5	5	5
ENSG00000162144.10	CYB561A3	chr11	61348754	61362283	5	5	5
ENSG00000279246.1	AP003108.3	chr11	61352244	61354477	5	5	5
ENSG00000149483.12	TMEM138	chr11	61362344	61369509	5	5	5
ENSG00000187049.10	TMEM216	chr11	61392360	61398863	5	5	5
ENSG00000149532.16	CPSF7	chr11	61402641	61430031	5	5	5
ENSG00000279632.1	AP003108.4	chr11	61426448	61427325	5	5	5
ENSG00000256591.5	AP003108.2	chr11	61429220	61485822	5	5	5
ENSG00000167985.7	SDHAF2	chr11	61430042	61446733	5	5	5
ENSG00000240823.3	RN7SL23P	chr11	61444149	61444423	5	5	5
ENSG00000162148.11	PPP1R32	chr11	61481120	61490931	5	5	5
ENSG00000255931.2	AP003108.1	chr11	61496440	61506649	5	5	5
ENSG00000266006.1	MIR4488	chr11	61508596	61508657	5	5	5
ENSG00000204950.4	LRRC10B	chr11	61508749	61511018	5	5	5
ENSG00000011347.10	SYT7	chr11	61513714	61581148	5	5	5
ENSG00000279878.1	AP003108.5	chr11	61525708	61526602	5	5	5
ENSG00000256443.1	AP003559.1	chr11	61539516	61542259	5	5	5
ENSG00000250230.3	AP002754.1	chr11	61588442	61607550	5	5	5
ENSG00000243742.5	RPLP0P2	chr11	61615036	61639449	5	5	5
ENSG00000255947.1	AP002754.2	chr11	61654665	61655702	5	5	5
ENSG00000134780.10	DAGLA	chr11	61680391	61747001	5	5	5
ENSG00000124915.10	MYRF-AS1	chr11	61746493	61757655	5	5	5
ENSG00000124920.14	MYRF	chr11	61752636	61788518	5	5	5
ENSG00000134825.16	TMEM258	chr11	61768501	61792802	5	5	5
ENSG00000284108.1	MIR611	chr11	61792495	61792561	5	5	5
ENSG00000168496.4	FEN1	chr11	61792911	61797238	5	5	5
ENSG00000134824.14	FADS2	chr11	61792980	61867354	5	5	5
ENSG00000149485.19	FADS1	chr11	61799627	61829318	5	5	5
ENSG00000284416.1	MIR1908	chr11	61815161	61815240	5	5	5
ENSG00000221968.9	FADS3	chr11	61873519	61892051	5	5	5
ENSG00000277892.1	MIR6746	chr11	61878216	61878278	5	5	5
ENSG00000167994.13	RAB3IL1	chr11	61897301	61920269	5	5	5
ENSG00000200898.1	RNU6-1243P	chr11	61937894	61938000	5	5	5
ENSG00000167995.17	BEST1	chr11	61950063	61965515	5	5	5
ENSG00000167996.16	FTH1	chr11	61959718	61967634	5	5	5
ENSG00000279491.1	AP003733.3	chr11	61967794	61969490	5	5	5
ENSG00000244176.1	AP003733.1	chr11	62011751	62012602	5	5	5
ENSG00000255553.2	LINC02733	chr11	62049863	62082184	5	5	5
ENSG00000254424.1	AP003733.2	chr11	62072882	62073052	5	5	5
ENSG00000285656.1	AP002793.1	chr11	62116470	62123767	5	5	5
ENSG00000149503.13	INCENP	chr11	62123998	62153169	5	5	5
ENSG00000236607.3	EEF1DP8	chr11	62169293	62169828	5	5	5
ENSG00000168515.3	SCGB1D1	chr11	62190216	62193539	5	5	5
ENSG00000124939.6	SCGB2A1	chr11	62208673	62213943	5	5	5
ENSG00000254404.1	AP003306.1	chr11	62213427	62260549	5	5	5
ENSG00000124935.4	SCGB1D2	chr11	62242239	62244812	5	5	5
ENSG00000110484.7	SCGB2A2	chr11	62270158	62273160	5	5	5
ENSG00000197745.3	SCGB1D4	chr11	62296281	62299075	5	5	5
ENSG00000255213.1	NPM1P35	chr11	62330946	62331813	5	5	5
ENSG00000255118.1	AP003306.2	chr11	62336911	62338090	5	5	5
ENSG00000162174.12	ASRGL1	chr11	62337448	62393412	5	5	5
ENSG00000254454.2	RCC2P6	chr11	62371146	62373168	5	5	5
ENSG00000255126.1	AP003064.1	chr11	62391516	62393372	5	5	5
ENSG00000149021.7	SCGB1A1	chr11	62405103	62423195	5	5	5
ENSG00000255446.1	AP003064.2	chr11	62421845	62426724	5	5	5
ENSG00000124942.14	AHNAK	chr11	62433542	62556235	5	5	5
ENSG00000250659.2	AP001363.1	chr11	62537312	62542018	5	5	5
ENSG00000257058.1	AP001363.2	chr11	62545999	62547699	5	5	5
ENSG00000254772.10	EEF1G	chr11	62559596	62574086	5	5	5
ENSG00000255508.7	AP002990.1	chr11	62559603	62591531	5	5	5
ENSG00000276102.1	MIR6747	chr11	62567011	62567071	5	5	5
ENSG00000149016.16	TUT1	chr11	62575045	62591637	5	5	5
ENSG00000149480.7	MTA2	chr11	62593214	62601865	5	5	5
ENSG00000149499.12	EML3	chr11	62602218	62612775	5	5	5
ENSG00000254964.1	AP001458.1	chr11	62606161	62606405	5	5	5
ENSG00000149489.9	ROM1	chr11	62611722	62615116	5	5	5
ENSG00000149541.10	B3GAT3	chr11	62615296	62622154	5	5	5
ENSG00000089597.18	GANAB	chr11	62624826	62646726	5	5	5
ENSG00000185085.2	INTS5	chr11	62646848	62653302	5	5	5
ENSG00000255432.1	AP001458.2	chr11	62649694	62665178	5	5	5
ENSG00000278615.5	C11orf98	chr11	62662817	62665210	5	5	5
ENSG00000162194.12	LBHD1	chr11	62662817	62672255	5	5	5
ENSG00000214756.8	CSKMT	chr11	62665309	62668496	5	5	5
ENSG00000206597.1	SNORA57	chr11	62665422	62665570	5	5	5
ENSG00000204922.5	UQCC3	chr11	62670273	62673686	5	5	5
ENSG00000162191.14	UBXN1	chr11	62676498	62679117	5	5	5
ENSG00000177363.5	LRRN4CL	chr11	62686406	62689530	5	5	5
ENSG00000168000.14	BSCL2	chr11	62690275	62709845	5	5	5
ENSG00000234857.2	HNRNPUL2-BSCL2	chr11	62690275	62727384	5	5	5
ENSG00000162188.6	GNG3	chr11	62707676	62709201	5	5	5
ENSG00000214753.4	HNRNPUL2	chr11	62712630	62727457	5	5	5
ENSG00000162222.14	TTC9C	chr11	62728069	62740293	5	5	5
ENSG00000185670.9	ZBTB3	chr11	62748319	62754184	5	5	5
ENSG00000168002.12	POLR2G	chr11	62761565	62766710	5	5	5
ENSG00000267811.1	AP001160.2	chr11	62771120	62771606	5	5	5
ENSG00000162227.8	TAF6L	chr11	62771357	62787342	5	5	5
ENSG00000168569.8	TMEM223	chr11	62771629	62792006	5	5	5
ENSG00000269176.2	AP001160.3	chr11	62786023	62786785	5	5	5
ENSG00000185475.11	TMEM179B	chr11	62787402	62790400	5	5	5
ENSG00000284535.1	MIR6748	chr11	62789815	62789885	5	5	5
ENSG00000162231.14	NXF1	chr11	62792123	62806302	5	5	5
ENSG00000274066.1	MIR6514	chr11	62792702	62792771	5	5	5
ENSG00000162236.13	STX5	chr11	62806860	62832051	5	5	5
ENSG00000269463.1	AP001160.4	chr11	62807682	62808063	5	5	5
ENSG00000252361.1	RNU6-118P	chr11	62815966	62816067	5	5	5
ENSG00000256690.1	AP001160.1	chr11	62832234	62834043	5	5	5
ENSG00000283268.1	TEX54	chr11	62832319	62832803	5	5	5
ENSG00000133316.15	WDR74	chr11	62832342	62841809	5	5	5
ENSG00000222328.1	RNU2-2P	chr11	62841619	62841809	5	5	5
ENSG00000255717.7	SNHG1	chr11	62851984	62855953	5	5	5
ENSG00000277194.1	SNORD22	chr11	62852910	62853035	5	5	5
ENSG00000277846.1	SNORD30	chr11	62853663	62853732	5	5	5
ENSG00000278527.1	SNORD22	chr11	62854161	62854285	5	5	5
ENSG00000274544.1	SNORD28	chr11	62854621	62854695	5	5	5
ENSG00000275996.1	SNORD27	chr11	62855012	62855083	5	5	5
ENSG00000276788.1	SNORD26	chr11	62855292	62855366	5	5	5
ENSG00000275043.1	SNORD25	chr11	62855564	62855632	5	5	5
ENSG00000168003.17	SLC3A2	chr11	62856102	62888875	5	5	5
ENSG00000168539.4	CHRM1	chr11	62908679	62921807	5	5	5
ENSG00000257002.1	AP000438.1	chr11	62909546	62918361	5	5	5
ENSG00000241082.3	RN7SL259P	chr11	62935982	62936234	5	5	5
ENSG00000197901.12	SLC22A6	chr11	62936385	62984967	5	5	5
ENSG00000285388.1	AP000438.2	chr11	62936427	62959852	5	5	5
ENSG00000149452.16	SLC22A8	chr11	62989154	63015841	5	5	5
ENSG00000256041.1	AP001858.1	chr11	63032503	63033103	5	5	5
ENSG00000253547.2	TUBAP7	chr11	63046785	63048126	5	5	5
ENSG00000197658.9	SLC22A24	chr11	63079940	63144221	5	5	5
ENSG00000239924.1	RPL29P22	chr11	63115880	63116338	5	5	5
ENSG00000184999.12	SLC22A10	chr11	63137867	63369718	5	5	5
ENSG00000196600.12	SLC22A25	chr11	63163776	63229652	5	5	5
ENSG00000256863.1	AP001880.2	chr11	63237957	63239114	5	5	5
ENSG00000256847.1	CCND2P1	chr11	63243085	63244004	5	5	5
ENSG00000256181.1	AP001880.1	chr11	63265836	63266256	5	5	5
ENSG00000149742.10	SLC22A9	chr11	63369785	63410294	5	5	5
ENSG00000168004.10	PLAAT5	chr11	63461404	63491194	5	5	5
ENSG00000275598.1	AP000484.1	chr11	63469376	63470944	5	5	5
ENSG00000287412.1	AP001591.1	chr11	63495484	63500610	5	5	5
ENSG00000133317.16	LGALS12	chr11	63506052	63516774	5	5	5
ENSG00000133321.11	PLAAT4	chr11	63536808	63546462	5	5	5
ENSG00000133328.4	PLAAT2	chr11	63552770	63563379	5	5	5
ENSG00000176485.12	PLAAT3	chr11	63572972	63616883	5	5	5
ENSG00000203520.3	AP000753.1	chr11	63616308	63621671	5	5	5
ENSG00000184743.13	ATL3	chr11	63624087	63671921	5	5	5
ENSG00000270269.1	IMMP1LP1	chr11	63632233	63632720	5	5	5
ENSG00000256789.1	AP000753.2	chr11	63637677	63658962	5	5	5
ENSG00000133318.14	RTN3	chr11	63681446	63759891	5	5	5
ENSG00000271100.1	AP000753.3	chr11	63698596	63698764	5	5	5
ENSG00000188070.9	C11orf95	chr11	63759892	63768775	5	5	5
ENSG00000264519.2	RN7SL596P	chr11	63797784	63798071	5	5	5
ENSG00000168005.9	SPINDOC	chr11	63813456	63827716	5	5	5
ENSG00000256280.1	ATP5MGP1	chr11	63834667	63834943	5	5	5
ENSG00000072518.21	MARK2	chr11	63838928	63911019	5	5	5
ENSG00000202089.1	RNU6-1306P	chr11	63882587	63882685	5	5	5
ENSG00000167771.6	RCOR2	chr11	63911230	63917164	5	5	5
ENSG00000110583.13	NAA40	chr11	63938959	63957319	5	5	5
ENSG00000207200.1	RNU6-45P	chr11	63970470	63970576	5	5	5
ENSG00000176340.4	COX8A	chr11	63974620	63976543	5	5	5
ENSG00000256100.1	AP000721.1	chr11	63974620	63988346	5	5	5
ENSG00000167770.11	OTUB1	chr11	63985853	64001811	5	5	5
ENSG00000133315.12	MACROD1	chr11	63998558	64166113	5	5	5
ENSG00000256824.1	AP000721.2	chr11	64035970	64103653	5	5	5
ENSG00000256481.1	AP006333.2	chr11	64081690	64087175	5	5	5
ENSG00000126500.3	FLRT1	chr11	64103188	64119173	5	5	5
ENSG00000256341.1	AP006333.1	chr11	64118272	64119210	5	5	5
ENSG00000168439.17	STIP1	chr11	64185272	64204543	5	5	5
ENSG00000149781.13	FERMT3	chr11	64206678	64223891	5	5	5
ENSG00000149743.14	TRPT1	chr11	64223799	64226254	5	5	5
ENSG00000149761.9	NUDT22	chr11	64225941	64230686	5	5	5
ENSG00000256116.1	AP001453.1	chr11	64229214	64234352	5	5	5
ENSG00000110011.13	DNAJC4	chr11	64230278	64234286	5	5	5
ENSG00000173511.10	VEGFB	chr11	64234584	64239264	5	5	5
ENSG00000173486.14	FKBP2	chr11	64241003	64244132	5	5	5
ENSG00000286264.2	AP001453.3	chr11	64241095	64244132	5	5	5
ENSG00000173457.11	PPP1R14B	chr11	64244479	64246943	5	5	5
ENSG00000256940.2	PPP1R14B-AS1	chr11	64245961	64248218	5	5	5
ENSG00000257086.1	AP001453.2	chr11	64246939	64249494	5	5	5
ENSG00000149782.13	PLCB3	chr11	64251530	64269150	5	5	5
ENSG00000002330.14	BAD	chr11	64269830	64284704	5	5	5
ENSG00000173264.15	GPR137	chr11	64270062	64289500	5	5	5
ENSG00000182450.13	KCNK4	chr11	64291302	64300031	5	5	5
ENSG00000257069.6	KCNK4-TEX40	chr11	64291722	64304769	5	5	5
ENSG00000207024.1	Y_RNA	chr11	64296037	64296138	5	5	5
ENSG00000219435.6	CATSPERZ	chr11	64300358	64304770	5	5	5
ENSG00000173153.17	ESRRA	chr11	64305497	64316743	5	5	5
ENSG00000173113.7	TRMT112	chr11	64316460	64317559	5	5	5
ENSG00000126432.14	PRDX5	chr11	64318121	64321811	5	5	5
ENSG00000236935.1	AP003774.2	chr11	64325050	64329504	5	5	5
ENSG00000168071.22	CCDC88B	chr11	64340204	64357534	5	5	5
ENSG00000278359.1	MIR7155	chr11	64341849	64341904	5	5	5
ENSG00000162302.13	RPS6KA4	chr11	64359148	64372215	5	5	5
ENSG00000221273.1	MIR1237	chr11	64368602	64368703	5	5	5
ENSG00000231680.1	LINC02723	chr11	64394342	64395831	5	5	5
ENSG00000231492.3	AP003774.1	chr11	64420311	64432670	5	5	5
ENSG00000181908.5	LINC02724	chr11	64449074	64451657	5	5	5
ENSG00000286816.1	AP005273.2	chr11	64486136	64490674	5	5	5
ENSG00000232500.2	AP005273.1	chr11	64500846	64505386	5	5	5
ENSG00000237363.1	AP006288.1	chr11	64531044	64532970	5	5	5
ENSG00000168065.16	SLC22A11	chr11	64555690	64572875	5	5	5
ENSG00000197891.12	SLC22A12	chr11	64590641	64602353	5	5	5
ENSG00000110076.19	NRXN2	chr11	64606174	64723197	5	5	5
ENSG00000237410.1	NRXN2-AS1	chr11	64646399	64659681	5	5	5
ENSG00000068831.19	RASGRP2	chr11	64726911	64745456	5	5	5
ENSG00000068976.14	PYGM	chr11	64746389	64759974	5	5	5
ENSG00000168066.20	SF1	chr11	64764606	64778786	5	5	5
ENSG00000269038.1	AP001462.1	chr11	64778954	64779405	5	5	5
ENSG00000168067.12	MAP4K2	chr11	64784918	64803241	5	5	5
ENSG00000133895.17	MEN1	chr11	64803510	64811294	5	5	5
ENSG00000171219.9	CDC42BPG	chr11	64823052	64844653	5	5	5
ENSG00000110047.18	EHD1	chr11	64851642	64888296	5	5	5
ENSG00000230835.1	AP001187.1	chr11	64881535	64881945	5	5	5
ENSG00000229719.5	MIR194-2HG	chr11	64889560	64893449	5	5	5
ENSG00000283926.1	MIR192	chr11	64891137	64891246	5	5	5
ENSG00000284155.1	MIR194-2	chr11	64891355	64891439	5	5	5
ENSG00000110046.13	ATG2A	chr11	64894546	64917211	5	5	5
ENSG00000274986.1	MIR6750	chr11	64898363	64898437	5	5	5
ENSG00000274314.1	MIR6749	chr11	64902387	64902455	5	5	5
ENSG00000068971.14	PPP2R5B	chr11	64917553	64934475	5	5	5
ENSG00000149735.7	GPHA2	chr11	64934471	64935893	5	5	5
ENSG00000168070.12	MAJIN	chr11	64937517	64972108	5	5	5
ENSG00000168062.10	BATF2	chr11	64987945	64997018	5	5	5
ENSG00000213465.8	ARL2	chr11	65014160	65022184	5	5	5
ENSG00000273003.1	ARL2-SNX15	chr11	65014182	65040570	5	5	5
ENSG00000278851.1	MIR6879	chr11	65018505	65018570	5	5	5
ENSG00000270775.1	AP000436.1	chr11	65025390	65026515	5	5	5
ENSG00000110025.13	SNX15	chr11	65027439	65040572	5	5	5
ENSG00000168061.17	SAC3D1	chr11	65040901	65044828	5	5	5
ENSG00000168060.16	NAALADL1	chr11	65044818	65058553	5	5	5
ENSG00000146670.10	CDCA5	chr11	65066300	65084164	5	5	5
ENSG00000162300.13	ZFPL1	chr11	65084210	65088398	5	5	5
ENSG00000187066.8	TMEM262	chr11	65084979	65089375	5	5	5
ENSG00000149823.9	VPS51	chr11	65089324	65111862	5	5	5
ENSG00000254501.1	AP003068.1	chr11	65110714	65111695	5	5	5
ENSG00000149809.16	TM7SF2	chr11	65111845	65116408	5	5	5
ENSG00000174276.7	ZNHIT2	chr11	65116403	65117701	5	5	5
ENSG00000255173.1	AP003068.3	chr11	65117157	65117458	5	5	5
ENSG00000278952.1	AP003068.4	chr11	65118310	65119111	5	5	5
ENSG00000149806.11	FAU	chr11	65120630	65122177	5	5	5
ENSG00000162298.19	SYVN1	chr11	65121780	65134532	5	5	5
ENSG00000149792.9	MRPL49	chr11	65122183	65127371	5	5	5
ENSG00000284489.1	MIR6751	chr11	65129916	65129978	5	5	5
ENSG00000254455.1	HIGD1AP10	chr11	65145691	65145972	5	5	5
ENSG00000222477.1	RNU2-23P	chr11	65147584	65147778	5	5	5
ENSG00000255058.1	PDCL2P2	chr11	65160194	65160382	5	5	5
ENSG00000204710.2	SPDYC	chr11	65170154	65173244	5	5	5
ENSG00000255200.1	PGAM1P8	chr11	65174117	65176470	5	5	5
ENSG00000254614.2	AP003068.2	chr11	65177606	65181834	5	5	5
ENSG00000014216.16	CAPN1	chr11	65180566	65212006	5	5	5
ENSG00000197847.12	SLC22A20P	chr11	65213840	65242757	5	5	5
ENSG00000287821.1	AP000944.6	chr11	65260996	65261748	5	5	5
ENSG00000014138.9	POLA2	chr11	65261920	65305589	5	5	5
ENSG00000285816.1	AP000944.5	chr11	65261928	65326543	5	5	5
ENSG00000287917.1	AP000944.7	chr11	65305406	65314244	5	5	5
ENSG00000149798.5	CDC42EP2	chr11	65314866	65322417	5	5	5
ENSG00000133884.10	DPF2	chr11	65333852	65354262	5	5	5
ENSG00000173825.7	TIGD3	chr11	65354751	65357613	5	5	5
ENSG00000255478.1	AP000944.1	chr11	65367438	65375299	5	5	5
ENSG00000162241.12	SLC25A45	chr11	65375192	65383701	5	5	5
ENSG00000126391.14	FRMD8	chr11	65386621	65413525	5	5	5
ENSG00000245532.9	NEAT1	chr11	65422774	65445540	5	5	5
ENSG00000278144.1	AP000944.4	chr11	65423273	65423392	5	5	5
ENSG00000278050.1	AP000944.3	chr11	65423638	65423742	5	5	5
ENSG00000277599.1	AP000944.2	chr11	65423960	65424118	5	5	5
ENSG00000283791.1	MIR612	chr11	65444458	65444557	5	5	5
ENSG00000275948.1	AP000769.4	chr11	65445541	65445598	5	5	5
ENSG00000173727.12	AP000769.1	chr11	65455258	65466720	5	5	5
ENSG00000279243.3	LINC02736	chr11	65487241	65488714	5	5	5
ENSG00000286756.1	AP000769.6	chr11	65487884	65488896	5	5	5
ENSG00000251562.8	MALAT1	chr11	65497688	65506516	5	5	5
ENSG00000270117.1	AP000769.2	chr11	65498010	65498405	5	5	5
ENSG00000278217.1	AP000769.5	chr11	65502914	65503008	5	5	5
ENSG00000274072.1	AP000769.3	chr11	65506117	65506173	5	5	5
ENSG00000270526.1	SNRPGP19	chr11	65514403	65514923	5	5	5
ENSG00000142186.17	SCYL1	chr11	65525077	65538704	5	5	5
ENSG00000168056.17	LTBP3	chr11	65538559	65558930	5	5	5
ENSG00000279093.1	AP001362.1	chr11	65561484	65561607	5	5	5
ENSG00000260233.3	ZNRD2-AS1	chr11	65568482	65570423	5	5	5
ENSG00000173465.8	ZNRD2	chr11	65570460	65573942	5	5	5
ENSG00000176973.8	FAM89B	chr11	65572349	65574198	5	5	5
ENSG00000173442.13	EHBP1L1	chr11	65576046	65592650	5	5	5
ENSG00000173338.13	KCNK7	chr11	65592836	65595996	5	5	5
ENSG00000173327.8	MAP3K11	chr11	65597756	65615382	5	5	5
ENSG00000197136.4	PCNX3	chr11	65615773	65637439	5	5	5
ENSG00000266041.1	MIR4690	chr11	65636310	65636369	5	5	5
ENSG00000213445.10	SIPA1	chr11	65638101	65650918	5	5	5
ENSG00000265874.1	MIR4489	chr11	65649192	65649253	5	5	5
ENSG00000173039.19	RELA	chr11	65653597	65663090	5	5	5
ENSG00000285533.2	RELA-DT	chr11	65663006	65671716	5	5	5
ENSG00000239356.3	RN7SL309P	chr11	65695552	65695837	5	5	5
ENSG00000172977.13	KAT5	chr11	65711996	65719604	5	5	5
ENSG00000172922.11	RNASEH2C	chr11	65714005	65720818	5	5	5
ENSG00000214659.4	KRT8P26	chr11	65726939	65728214	5	5	5
ENSG00000255557.1	AP001266.2	chr11	65745729	65771585	5	5	5
ENSG00000254470.3	AP5B1	chr11	65773898	65780976	5	5	5
ENSG00000172818.10	OVOL1	chr11	65787063	65797214	5	5	5
ENSG00000255120.5	OVOL1-AS1	chr11	65789051	65790868	5	5	5
ENSG00000255404.1	AP001266.1	chr11	65795946	65797219	5	5	5
ENSG00000172757.13	CFL1	chr11	65823022	65862026	5	5	5
ENSG00000172803.18	SNX32	chr11	65833834	65856896	5	5	5
ENSG00000172732.12	MUS81	chr11	65857126	65867653	5	5	5
ENSG00000172638.13	EFEMP2	chr11	65866441	65873592	5	5	5
ENSG00000172543.8	CTSW	chr11	65879837	65883741	5	5	5
ENSG00000172500.13	FIBP	chr11	65883740	65888531	5	5	5
ENSG00000175602.4	CCDC85B	chr11	65890673	65891635	5	5	5
ENSG00000175592.9	FOSL1	chr11	65892049	65900573	5	5	5
ENSG00000175573.7	C11orf68	chr11	65916810	65919062	5	5	5
ENSG00000175550.8	DRAP1	chr11	65919274	65921563	5	5	5
ENSG00000175513.9	TSGA10IP	chr11	65945445	65959963	5	5	5
ENSG00000175467.15	SART1	chr11	65961728	65980137	5	5	5
ENSG00000254867.1	AP006287.1	chr11	65983679	65984331	5	5	5
ENSG00000175376.9	EIF1AD	chr11	65996545	66002176	5	5	5
ENSG00000175334.8	BANF1	chr11	66002228	66004149	5	5	5
ENSG00000175315.3	CST6	chr11	66012008	66013505	5	5	5
ENSG00000175294.6	CATSPER1	chr11	66016752	66026479	5	5	5
ENSG00000175229.7	GAL3ST3	chr11	66040765	66049161	5	5	5
ENSG00000286459.1	AP006287.3	chr11	66043298	66044381	5	5	5
ENSG00000087365.16	SF3B2	chr11	66050729	66069308	5	5	5
ENSG00000255038.1	AP006287.2	chr11	66067277	66069619	5	5	5
ENSG00000175115.13	PACS1	chr11	66070272	66244744	5	5	5
ENSG00000255320.1	AP000759.1	chr11	66244840	66246239	5	5	5
ENSG00000174996.12	KLC2	chr11	66257294	66267860	5	5	5
ENSG00000254461.1	AP001107.4	chr11	66259567	66261834	5	5	5
ENSG00000254855.1	AP001107.8	chr11	66264777	66265666	5	5	5
ENSG00000254762.1	AP001107.7	chr11	66267635	66268129	5	5	5
ENSG00000174903.16	RAB1B	chr11	66268590	66277492	5	5	5
ENSG00000245156.1	AP001107.1	chr11	66269832	66278525	5	5	5
ENSG00000254452.1	AP001107.2	chr11	66276779	66277492	5	5	5
ENSG00000174871.11	CNIH2	chr11	66278175	66285301	5	5	5
ENSG00000174851.16	YIF1A	chr11	66284580	66289145	5	5	5
ENSG00000179292.5	TMEM151A	chr11	66291894	66296664	5	5	5
ENSG00000254458.1	AP001107.3	chr11	66312853	66319237	5	5	5
ENSG00000174807.4	CD248	chr11	66314494	66317044	5	5	5
ENSG00000174791.11	RIN1	chr11	66330241	66336840	5	5	5
ENSG00000254756.1	AP001107.6	chr11	66334494	66339875	5	5	5
ENSG00000174744.14	BRMS1	chr11	66337333	66345125	5	5	5
ENSG00000174684.7	B4GAT1	chr11	66345374	66347629	5	5	5
ENSG00000255468.7	AP001107.9	chr11	66347950	66364804	5	5	5
ENSG00000174669.12	SLC29A2	chr11	66362521	66372214	5	5	5
ENSG00000276918.1	Metazoa_SRP	chr11	66374138	66374435	5	5	5
ENSG00000254736.1	BRD9P1	chr11	66389609	66390168	5	5	5
ENSG00000202317.1	RNU1-84P	chr11	66393449	66393612	5	5	5
ENSG00000254510.2	AP001107.5	chr11	66409158	66417137	5	5	5
ENSG00000174576.10	NPAS4	chr11	66421004	66426707	5	5	5
ENSG00000201733.1	AP002748.1	chr11	66432763	66432902	5	5	5
ENSG00000174547.13	MRPL11	chr11	66435075	66466738	5	5	5
ENSG00000254596.1	AP002748.3	chr11	66454234	66454581	5	5	5
ENSG00000174516.15	PELI3	chr11	66466327	66477337	5	5	5
ENSG00000255517.6	AP002748.4	chr11	66473490	66480233	5	5	5
ENSG00000254986.7	DPP3	chr11	66480013	66509657	5	5	5
ENSG00000256349.1	AP002748.5	chr11	66509079	66533613	5	5	5
ENSG00000174483.20	BBS1	chr11	66510606	66533613	5	5	5
ENSG00000286688.1	AP002748.6	chr11	66514306	66519720	5	5	5
ENSG00000174165.8	ZDHHC24	chr11	66520637	66546235	5	5	5
ENSG00000248746.6	ACTN3	chr11	66546395	66563334	5	5	5
ENSG00000250105.1	AP002748.2	chr11	66558866	66560384	5	5	5
ENSG00000174080.12	CTSF	chr11	66563464	66568879	5	5	5
ENSG00000182791.5	CCDC87	chr11	66590176	66593063	5	5	5
ENSG00000173992.9	CCS	chr11	66593153	66606019	5	5	5
ENSG00000199325.1	RNU4-39P	chr11	66614964	66615090	5	5	5
ENSG00000239306.5	RBM14	chr11	66616626	66629934	5	5	5
ENSG00000248643.5	RBM14-RBM4	chr11	66616626	66646469	5	5	5
ENSG00000173933.21	RBM4	chr11	66638667	66668374	5	5	5
ENSG00000173914.12	RBM4B	chr11	66664998	66677887	5	5	5
ENSG00000173898.14	SPTBN2	chr11	66682497	66729226	5	5	5
ENSG00000239553.3	RN7SL12P	chr11	66712720	66713009	5	5	5
ENSG00000173715.18	C11orf80	chr11	66744451	66843516	5	5	5
ENSG00000213409.4	C1QBPP2	chr11	66761575	66762399	5	5	5
ENSG00000254984.1	FTLP6	chr11	66771246	66771667	5	5	5
ENSG00000173653.8	RCE1	chr11	66842835	66846552	5	5	5
ENSG00000173599.15	PC	chr11	66848417	66958386	5	5	5
ENSG00000173621.9	LRFN4	chr11	66856647	66860475	5	5	5
ENSG00000239099.1	RNU7-23P	chr11	66919762	66919823	5	5	5
ENSG00000266423.1	MIR3163	chr11	66934434	66934506	5	5	5
ENSG00000173237.4	C11orf86	chr11	66975277	66977004	5	5	5
ENSG00000173227.14	SYT12	chr11	67006778	67050863	5	5	5
ENSG00000283326.1	MIR6860	chr11	67045643	67045708	5	5	5
ENSG00000173156.7	RHOD	chr11	67056847	67072017	5	5	5
ENSG00000173120.15	KDM2A	chr11	67119263	67258082	5	5	5
ENSG00000179038.8	AP001885.1	chr11	67195569	67197167	5	5	5
ENSG00000287934.1	AP001885.3	chr11	67252336	67261545	5	5	5
ENSG00000173020.11	GRK2	chr11	67266473	67286556	5	5	5
ENSG00000172932.16	ANKRD13D	chr11	67289300	67302485	5	5	5
ENSG00000172830.13	SSH3	chr11	67303478	67312607	5	5	5
ENSG00000287851.1	AP001885.2	chr11	67316539	67317431	5	5	5
ENSG00000172613.8	RAD9A	chr11	67317871	67398410	5	5	5
ENSG00000175482.9	POLD4	chr11	67350772	67356972	5	5	5
ENSG00000256514.1	AP003419.1	chr11	67351572	67373584	5	5	5
ENSG00000274251.1	AP003419.2	chr11	67353629	67354348	5	5	5
ENSG00000201684.1	RN7SKP239	chr11	67362414	67362708	5	5	5
ENSG00000175505.11	CLCF1	chr11	67364168	67374177	5	5	5
ENSG00000275484.1	AP003419.3	chr11	67374416	67374932	5	5	5
ENSG00000253024.1	RNU6-1238P	chr11	67395210	67395311	5	5	5
ENSG00000172531.16	PPP1CA	chr11	67398181	67421183	5	5	5
ENSG00000175463.12	TBC1D10C	chr11	67403915	67410089	5	5	5
ENSG00000172508.10	CARNS1	chr11	67414968	67425607	5	5	5
ENSG00000175634.15	RPS6KB2	chr11	67428460	67435401	5	5	5
ENSG00000255949.1	RPS6KB2-AS1	chr11	67431367	67435399	5	5	5
ENSG00000213402.3	PTPRCAP	chr11	67435510	67437682	5	5	5
ENSG00000172725.14	CORO1B	chr11	67435510	67443821	5	5	5
ENSG00000175514.2	GPR152	chr11	67451301	67452729	5	5	5
ENSG00000175544.14	CABP4	chr11	67452406	67461752	5	5	5
ENSG00000172663.9	TMEM134	chr11	67461710	67469272	5	5	5
ENSG00000110711.10	AIP	chr11	67483026	67491103	5	5	5
ENSG00000276769.1	MIR6752	chr11	67490245	67490315	5	5	5
ENSG00000110697.13	PITPNM1	chr11	67491768	67506263	5	5	5
ENSG00000167797.8	CDK2AP2	chr11	67506497	67508649	5	5	5
ENSG00000167791.14	CABP2	chr11	67518912	67524517	5	5	5
ENSG00000283257.1	AP001184.1	chr11	67538899	67540584	5	5	5
ENSG00000084207.18	GSTP1	chr11	67583742	67586656	5	5	5
ENSG00000184224.3	C11orf72	chr11	67602880	67606706	5	5	5
ENSG00000255119.1	AP003385.3	chr11	67605521	67606642	5	5	5
ENSG00000167792.13	NDUFV1	chr11	67605653	67612554	5	5	5
ENSG00000231793.5	DOC2GP	chr11	67612651	67616257	5	5	5
ENSG00000167799.10	NUDT8	chr11	67627938	67629937	5	5	5
ENSG00000167800.9	TBX10	chr11	67631303	67639560	5	5	5
ENSG00000132744.8	ACY3	chr11	67642555	67650730	5	5	5
ENSG00000227834.1	AP003385.1	chr11	67651576	67653404	5	5	5
ENSG00000132746.15	ALDH3B2	chr11	67662160	67681224	5	5	5
ENSG00000239559.2	RPL37P2	chr11	67682772	67683058	5	5	5
ENSG00000184795.9	UNC93B5	chr11	67711702	67716005	5	5	5
ENSG00000235855.3	OR7E145P	chr11	67722483	67723455	5	5	5
ENSG00000254447.3	OR7E11P	chr11	67735600	67784229	5	5	5
ENSG00000285537.1	AP003385.5	chr11	67735608	67736559	5	5	5
ENSG00000254883.1	AP003385.2	chr11	67744322	67744645	5	5	5
ENSG00000255147.1	AP003385.4	chr11	67749043	67756968	5	5	5
ENSG00000227620.4	ALG1L8P	chr11	67785273	67792335	5	5	5
ENSG00000160172.10	FAM86C2P	chr11	67791648	67805336	5	5	5
ENSG00000273819.1	ENPP7P7	chr11	67812557	67873367	5	5	5
ENSG00000254792.1	AP003716.1	chr11	67840942	67841049	5	5	5
ENSG00000251637.6	LINC02754	chr11	67886477	67906350	5	5	5
ENSG00000206587.1	RNU6-46P	chr11	67895631	67895737	5	5	5
ENSG00000243672.1	RPS3AP40	chr11	67925651	67926431	5	5	5
ENSG00000254610.3	AC004923.1	chr11	67934563	67955802	5	5	5
ENSG00000254850.2	AC004923.2	chr11	67935558	67935926	5	5	5
ENSG00000255230.1	AC004923.3	chr11	67965873	67966227	5	5	5
ENSG00000255554.1	OR7E1P	chr11	67974286	67975243	5	5	5
ENSG00000110057.8	UNC93B1	chr11	67991100	68004982	5	5	5
ENSG00000006534.16	ALDH3B1	chr11	68008578	68029282	5	5	5
ENSG00000255306.1	AC004923.4	chr11	68024809	68030461	5	5	5
ENSG00000110717.13	NDUFS8	chr11	68030617	68036644	5	5	5
ENSG00000284293.1	MIR7113	chr11	68032864	68032922	5	5	5
ENSG00000284435.1	MIR4691	chr11	68033897	68033981	5	5	5
ENSG00000110719.10	TCIRG1	chr11	68039025	68050895	5	5	5
ENSG00000275022.1	MIR6753	chr11	68044794	68044957	5	5	5
ENSG00000255031.5	AP002807.1	chr11	68050740	68053762	5	5	5
ENSG00000110721.12	CHKA	chr11	68052859	68121444	5	5	5
ENSG00000255236.3	AP002992.1	chr11	68121624	68130518	5	5	5
ENSG00000110066.15	KMT5B	chr11	68154863	68213828	5	5	5
ENSG00000171067.11	C11orf24	chr11	68261338	68272001	5	5	5
ENSG00000286369.1	AP002813.1	chr11	68272102	68284879	5	5	5
ENSG00000162337.12	LRP5	chr11	68312591	68449275	5	5	5
ENSG00000110075.15	PPP6R3	chr11	68460731	68615334	5	5	5
ENSG00000254856.1	NDUFA3P2	chr11	68488609	68488840	5	5	5
ENSG00000260808.1	AP003096.1	chr11	68612899	68616711	5	5	5
ENSG00000069482.7	GAL	chr11	68683779	68691175	5	5	5
ENSG00000132749.11	TESMIN	chr11	68707440	68751520	5	5	5
ENSG00000110090.13	CPT1A	chr11	68754620	68844410	5	5	5
ENSG00000250508.1	LINC02701	chr11	68870664	68874542	5	5	5
ENSG00000197345.13	MRPL21	chr11	68891276	68903835	5	5	5
ENSG00000132740.10	IGHMBP2	chr11	68903863	68940602	5	5	5
ENSG00000255741.1	AP000808.1	chr11	68941503	68942852	5	5	5
ENSG00000172938.3	MRGPRD	chr11	68980021	68980986	5	5	5
ENSG00000261625.1	AP003071.4	chr11	69000765	69002048	5	5	5
ENSG00000261276.1	AP003071.3	chr11	69004394	69005100	5	5	5
ENSG00000172935.9	MRGPRF	chr11	69004395	69013382	5	5	5
ENSG00000256508.2	MRGPRF-AS1	chr11	69012283	69018447	5	5	5
ENSG00000162341.18	TPCN2	chr11	69048932	69136316	5	5	5
ENSG00000287725.1	AP003071.5	chr11	69072915	69162440	5	5	5
ENSG00000265539.1	MIR3164	chr11	69083176	69083258	5	5	5
ENSG00000260895.1	AP003071.1	chr11	69103493	69109094	5	5	5
ENSG00000261070.1	AP003071.2	chr11	69147228	69171564	5	5	5
ENSG00000284713.1	SMIM38	chr11	69155478	69159752	5	5	5
ENSG00000172927.8	MYEOV	chr11	69294151	69367726	5	5	5
ENSG00000213275.2	IFITM9P	chr11	69303412	69303807	5	5	5
ENSG00000260877.2	AP005233.2	chr11	69371463	69372512	5	5	5
ENSG00000259854.1	AP005233.1	chr11	69414307	69416832	5	5	5
ENSG00000255980.1	AP000439.2	chr11	69425690	69429621	5	5	5
ENSG00000255606.1	AP000439.1	chr11	69438365	69444743	5	5	5
ENSG00000261347.1	AP000439.3	chr11	69467598	69469705	5	5	5
ENSG00000255774.2	LINC02747	chr11	69475567	69481545	5	5	5
ENSG00000285094.1	LINC01488	chr11	69481662	69494952	5	5	5
ENSG00000110092.4	CCND1	chr11	69641156	69654474	5	5	5
ENSG00000149716.13	LTO1	chr11	69653076	69675416	5	5	5
ENSG00000162344.4	FGF19	chr11	69698238	69704022	5	5	5
ENSG00000256441.1	DNAJB6P5	chr11	69737298	69738017	5	5	5
ENSG00000075388.4	FGF4	chr11	69771022	69775341	5	5	5
ENSG00000186895.4	FGF3	chr11	69809968	69819416	5	5	5
ENSG00000260348.1	AP007216.1	chr11	69909184	69910994	5	5	5
ENSG00000260679.1	AP007216.2	chr11	69921638	69926813	5	5	5
ENSG00000255191.1	AP003555.2	chr11	69985876	70015815	5	5	5
ENSG00000254605.1	AP003555.1	chr11	70014858	70021059	5	5	5
ENSG00000248844.6	LINC02753	chr11	70056230	70065371	5	5	5
ENSG00000254417.1	LINC02584	chr11	70072434	70075433	5	5	5
ENSG00000202070.1	RNU6-1175P	chr11	70075363	70075469	5	5	5
ENSG00000131620.17	ANO1	chr11	70078302	70189528	5	5	5
ENSG00000255143.1	AP000879.2	chr11	70129297	70149623	5	5	5
ENSG00000254902.1	ANO1-AS1	chr11	70187788	70188509	5	5	5
ENSG00000168040.5	FADD	chr11	70203296	70207390	5	5	5
ENSG00000254721.1	AP000879.1	chr11	70206291	70207390	5	5	5
ENSG00000131626.19	PPFIA1	chr11	70270690	70385312	5	5	5
ENSG00000255329.1	H2AZP4	chr11	70278921	70279297	5	5	5
ENSG00000254604.1	AP002336.2	chr11	70282367	70363368	5	5	5
ENSG00000221333.1	MIR548K	chr11	70283955	70284070	5	5	5
ENSG00000254484.1	AP002336.1	chr11	70319928	70321415	5	5	5
ENSG00000255539.1	AP002336.3	chr11	70324871	70327209	5	5	5
ENSG00000254495.1	AP000487.2	chr11	70358198	70358677	5	5	5
ENSG00000246889.2	AP000487.1	chr11	70372246	70398488	5	5	5
ENSG00000085733.16	CTTN	chr11	70398404	70436584	5	5	5
ENSG00000162105.19	SHANK2	chr11	70467856	71252577	5	5	5
ENSG00000227726.1	AP001271.1	chr11	70477277	70477592	5	5	5
ENSG00000279459.1	AP001271.2	chr11	70603304	70604859	5	5	5
ENSG00000226627.2	SHANK2-AS1	chr11	70626441	70635658	5	5	5
ENSG00000236262.1	SHANK2-AS2	chr11	70646165	70647562	5	5	5
ENSG00000207196.1	Y_RNA	chr11	70705167	70705269	5	5	5
ENSG00000280089.1	AP000590.1	chr11	70705605	70706068	5	5	5
ENSG00000171671.6	SHANK2-AS3	chr11	70862790	70865115	5	5	5
ENSG00000263744.1	MIR3664	chr11	70872270	70872368	5	5	5
ENSG00000286708.1	AP003783.1	chr11	70886090	70896305	5	5	5
ENSG00000172900.12	ACTE1P	chr11	71382601	71423423	5	5	5
ENSG00000172893.16	DHCR7	chr11	71428193	71452868	5	5	5
ENSG00000254682.1	AP002387.1	chr11	71448674	71452157	5	5	5
ENSG00000172890.13	NADSYN1	chr11	71453109	71524107	5	5	5
ENSG00000278349.1	MIR6754	chr11	71473503	71473568	5	5	5
ENSG00000254924.2	AP000867.2	chr11	71506061	71506380	5	5	5
ENSG00000244411.4	KRTAP5-7	chr11	71527267	71528669	5	5	5
ENSG00000241233.4	KRTAP5-8	chr11	71538025	71539209	5	5	5
ENSG00000254997.4	KRTAP5-9	chr11	71548420	71549608	5	5	5
ENSG00000286948.1	AP000867.5	chr11	71563389	71565608	5	5	5
ENSG00000204572.10	KRTAP5-10	chr11	71565563	71566735	5	5	5
ENSG00000248903.1	AP000867.1	chr11	71568680	71568934	5	5	5
ENSG00000204571.6	KRTAP5-11	chr11	71579714	71603353	5	5	5
ENSG00000249387.1	KRTAP5-14P	chr11	71579728	71579848	5	5	5
ENSG00000184055.4	OR7E87P	chr11	71593454	71594382	5	5	5
ENSG00000255562.2	UNC93B6	chr11	71603260	71608040	5	5	5
ENSG00000255261.1	OR7E4P	chr11	71620020	71621032	5	5	5
ENSG00000255415.1	AP000867.3	chr11	71629045	71629421	5	5	5
ENSG00000284625.1	AP000867.4	chr11	71639551	71639769	5	5	5
ENSG00000239481.1	RPS3AP41	chr11	71669520	71670297	5	5	5
ENSG00000248671.8	ALG1L9P	chr11	71673885	71818238	5	5	5
ENSG00000254805.1	SNRPCP14	chr11	71690453	71690657	5	5	5
ENSG00000254972.1	AP003498.1	chr11	71701268	71705404	5	5	5
ENSG00000255319.5	ENPP7P8	chr11	71711740	71781183	5	5	5
ENSG00000285933.1	AP003498.2	chr11	71745331	71747051	5	5	5
ENSG00000158483.17	FAM86C1P	chr11	71787510	71801237	5	5	5
ENSG00000254978.2	ALG1L9P	chr11	71800541	71804640	5	5	5
ENSG00000214534.5	ZNF705E	chr11	71814045	71821548	5	5	5
ENSG00000184276.3	DEFB108B	chr11	71833200	71837710	5	5	5
ENSG00000252902.1	RNA5SP342	chr11	71845196	71845245	5	5	5
ENSG00000255157.1	DEFB130C	chr11	71856277	71863658	5	5	5
ENSG00000254469.7	AP002495.1	chr11	71865509	71928654	5	5	5
ENSG00000225805.4	DEFB131B	chr11	71878453	71884561	5	5	5
ENSG00000228915.3	OR7E128P	chr11	71893410	71894433	5	5	5
ENSG00000254593.1	OR7E126P	chr11	71903194	71904081	5	5	5
ENSG00000137522.18	RNF121	chr11	71929018	71997597	5	5	5
ENSG00000255296.1	AP002490.2	chr11	71938671	71939544	5	5	5
ENSG00000137496.18	IL18BP	chr11	71998613	72005715	5	5	5
ENSG00000137497.18	NUMA1	chr11	72002864	72080693	5	5	5
ENSG00000251143.1	AP002490.1	chr11	72014291	72020910	5	5	5
ENSG00000207012.2	RNU6-72P	chr11	72047873	72047951	5	5	5
ENSG00000263742.1	MIR3165	chr11	72072228	72072302	5	5	5
ENSG00000284922.2	AP000812.4	chr11	72080331	72110782	5	5	5
ENSG00000184154.15	LRTOMT	chr11	72080337	72096895	5	5	5
ENSG00000149357.10	LAMTOR1	chr11	72085895	72103297	5	5	5
ENSG00000284844.1	AP000812.3	chr11	72105924	72109329	5	5	5
ENSG00000110200.8	ANAPC15	chr11	72106378	72112780	5	5	5
ENSG00000110203.9	FOLR3	chr11	72114869	72139892	5	5	5
ENSG00000257075.1	RPEP6	chr11	72131282	72131907	5	5	5
ENSG00000256518.3	FOLR1P1	chr11	72158822	72159734	5	5	5
ENSG00000204971.3	AP000812.1	chr11	72163322	72209241	5	5	5
ENSG00000255860.3	AP000812.2	chr11	72172455	72177954	5	5	5
ENSG00000110195.14	FOLR1	chr11	72189558	72196323	5	5	5
ENSG00000165457.14	FOLR2	chr11	72216601	72221950	5	5	5
ENSG00000165458.14	INPPL1	chr11	72223701	72239147	5	5	5
ENSG00000165462.5	PHOX2A	chr11	72239077	72245664	5	5	5
ENSG00000228286.3	AP000593.2	chr11	72249856	72251288	5	5	5
ENSG00000285864.1	AP000593.4	chr11	72261731	72290688	5	5	5
ENSG00000213365.3	AP000593.1	chr11	72280151	72281178	5	5	5
ENSG00000162129.14	CLPB	chr11	72285495	72434680	5	2	5
ENSG00000255843.1	AP000593.3	chr11	72302139	72302965	5	5	5
ENSG00000256739.1	AP002892.2	chr11	72351347	72353210	5	5	5
ENSG00000255672.1	AP002892.1	chr11	72354516	72363555	5	5	5
ENSG00000256403.1	AP003785.1	chr11	72410716	72412079	2	2	2
ENSG00000237408.1	ART2BP	chr11	72478221	72479237	2	2	2
ENSG00000238048.1	ART2P	chr11	72519986	72521733	2	2	2
ENSG00000276109.1	AP005019.2	chr11	72551049	72551919	2	2	2
ENSG00000274664.1	AP005019.1	chr11	72562044	72562554	2	2	2
ENSG00000227467.3	LINC01537	chr11	72570660	72573229	2	2	2
ENSG00000186642.16	PDE2A	chr11	72576141	72674591	2	2	2
ENSG00000256633.1	PDE2A-AS2	chr11	72584572	72587979	2	2	2
ENSG00000272036.1	MIR139	chr11	72615063	72615130	2	2	2
ENSG00000251919.1	RNU7-105P	chr11	72621766	72621827	2	2	2
ENSG00000255808.1	PDE2A-AS1	chr11	72643237	72659407	2	2	2
ENSG00000186635.14	ARAP1	chr11	72685069	72793599	2	2	2
ENSG00000256007.1	ARAP1-AS1	chr11	72685075	72693808	2	2	2
ENSG00000286555.1	AP003065.1	chr11	72689650	72695821	2	2	2
ENSG00000245148.2	ARAP1-AS2	chr11	72700474	72705607	2	2	2
ENSG00000244134.1	RPS12P20	chr11	72708186	72708565	2	2	2
ENSG00000214530.9	STARD10	chr11	72754729	72793681	2	2	2
ENSG00000202522.1	Y_RNA	chr11	72766004	72766116	2	2	2
ENSG00000265064.1	MIR4692	chr11	72783530	72783592	2	2	2
ENSG00000285693.1	AP002381.2	chr11	72793624	72814054	2	2	2
ENSG00000168010.11	ATG16L2	chr11	72814406	72843674	2	2	2
ENSG00000137478.15	FCHSD2	chr11	72836745	73142318	2	2	2
ENSG00000206638.1	RNU6-672P	chr11	72869544	72869650	2	2	2
ENSG00000234751.1	AP002381.1	chr11	72940498	72941112	2	2	2
ENSG00000256568.2	AP002761.2	chr11	73157946	73181724	2	2	2
ENSG00000215841.3	AP002761.1	chr11	73214998	73215913	2	2	2
ENSG00000175591.12	P2RY2	chr11	73218281	73242427	2	2	2
ENSG00000260401.1	AP002761.4	chr11	73238975	73242335	2	2	2
ENSG00000256347.1	OR8R1P	chr11	73248779	73249867	2	2	2
ENSG00000171631.15	P2RY6	chr11	73264505	73298625	2	2	2
ENSG00000257038.1	AP002761.3	chr11	73307235	73309361	2	2	2
ENSG00000110237.5	ARHGEF17	chr11	73308276	73369388	2	2	2
ENSG00000054967.13	RELT	chr11	73376399	73397474	2	2	2
ENSG00000256928.1	AP000763.4	chr11	73395559	73396436	2	2	2
ENSG00000054965.11	FAM168A	chr11	73400487	73598189	2	2	2
ENSG00000256448.5	AP000763.3	chr11	73405297	73410682	2	2	2
ENSG00000255786.1	AP000763.1	chr11	73452020	73452344	2	2	2
ENSG00000256148.1	AP000763.2	chr11	73510658	73510820	2	2	2
ENSG00000231726.2	HMGN2P38	chr11	73580253	73580517	2	2	2
ENSG00000270323.1	AP000860.1	chr11	73640479	73641037	2	2	2
ENSG00000021300.14	PLEKHB1	chr11	73646178	73662819	2	2	2
ENSG00000175582.20	RAB6A	chr11	73675638	73761137	2	2	2
ENSG00000255928.1	AP002993.1	chr11	73722349	73722694	2	2	2
ENSG00000256034.1	AP002770.1	chr11	73760563	73761070	2	2	2
ENSG00000175581.14	MRPL48	chr11	73787872	73865133	2	2	4
ENSG00000199975.1	RN7SKP243	chr11	73832382	73832690	2	2	2
ENSG00000256681.1	CCDC58P5	chr11	73850469	73851211			
ENSG00000181924.7	COA4	chr11	73872667	73876901	4	4	4
ENSG00000175575.13	PAAF1	chr11	73876699	73931114	4	4	4
ENSG00000256898.1	ARPC3P4	chr11	73921665	73922196	4	4	4
ENSG00000187726.9	DNAJB13	chr11	73951026	73970366	4	4	4
ENSG00000255847.5	AP003717.1	chr11	73963657	73970287	4	4	4
ENSG00000175567.11	UCP2	chr11	73974672	73982843	4	4	4
ENSG00000287425.1	AP003717.4	chr11	73983449	73985562	4	4	4
ENSG00000256189.1	AP003717.2	chr11	73991283	73992180	4	4	4
ENSG00000256723.1	AP003717.3	chr11	73994972	73996151	4	4	4
ENSG00000175564.13	UCP3	chr11	74000277	74009085	4	4	4
ENSG00000168014.17	C2CD3	chr11	74012718	74171210	4	4	4
ENSG00000256098.1	AP002392.1	chr11	74142151	74142358	4	4	4
ENSG00000214517.10	PPME1	chr11	74171267	74254703	4	4	4
ENSG00000284736.1	RNA5SP343	chr11	74198748	74198854	4	4	4
ENSG00000280269.1	AP000577.2	chr11	74204869	74205746	4	4	4
ENSG00000149380.12	P4HA3	chr11	74235801	74311640	4	4	4
ENSG00000206913.1	AP000577.1	chr11	74252414	74252552	4	4	4
ENSG00000246211.2	P4HA3-AS1	chr11	74311362	74324705	4	4	4
ENSG00000165434.8	PGM2L1	chr11	74330316	74398433	4	4	4
ENSG00000212961.4	HNRNPA1P40	chr11	74354443	74355720	4	4	4
ENSG00000254631.5	AP001372.1	chr11	74397549	74485742	4	4	4
ENSG00000255440.2	AP001085.1	chr11	74398825	74416379	4	4	4
ENSG00000264402.1	MIR548AL	chr11	74399237	74399333	4	4	4
ENSG00000175538.11	KCNE3	chr11	74454841	74467729	4	4	4
ENSG00000254928.1	AP001372.3	chr11	74455348	74456825	4	4	4
ENSG00000255444.1	CYCSP27	chr11	74482250	74482542	4	4	4
ENSG00000254974.1	AP001372.4	chr11	74485580	74486051	4	4	4
ENSG00000175536.7	LIPT2	chr11	74490519	74493724	4	4	4
ENSG00000254837.2	AP001372.2	chr11	74493366	74498533	4	4	4
ENSG00000077514.9	POLD3	chr11	74493851	74669117	4	4	4
ENSG00000254500.1	RANP3	chr11	74652636	74652911	4	4	4
ENSG00000223202.1	RN7SKP297	chr11	74685224	74685505	4	4	4
ENSG00000054938.16	CHRDL2	chr11	74696429	74731426	4	4	4
ENSG00000279353.1	AP001324.3	chr11	74698231	74699658	4	4	4
ENSG00000265902.1	MIR4696	chr11	74720268	74720337	4	4	4
ENSG00000241097.2	AP001324.2	chr11	74738478	74738796	4	4	4
ENSG00000227615.1	AP001324.1	chr11	74745716	74746114	4	4	4
ENSG00000166439.6	RNF169	chr11	74748849	74842413	4	4	4
ENSG00000166435.15	XRRA1	chr11	74807739	74949200	4	4	4
ENSG00000278879.1	AP000560.1	chr11	74830574	74832510	4	4	4
ENSG00000242999.3	RN7SL239P	chr11	74845910	74846209	4	4	4
ENSG00000241170.3	AP001992.1	chr11	74876286	74920022	4	4	4
ENSG00000286943.1	AP001992.2	chr11	74931724	74936937	4	4	4
ENSG00000118363.12	SPCS2	chr11	74949247	74979033	4	4	4
ENSG00000200152.1	RNU6-216P	chr11	74968189	74968292	4	4	4
ENSG00000162139.10	NEU3	chr11	74988279	75018893	4	4	4
ENSG00000284722.2	AP003175.1	chr11	75069243	75096964	4	4	4
ENSG00000234611.1	OR2AT2P	chr11	75071148	75072052	4	4	4
ENSG00000213333.3	NPM1P50	chr11	75079265	75080131	4	4	4
ENSG00000171561.4	OR2AT4	chr11	75081753	75096876	4	4	4
ENSG00000255395.1	AP001972.4	chr11	75099172	75140148	4	4	4
ENSG00000137491.15	SLCO2B1	chr11	75100563	75206549	4	4	4
ENSG00000254475.1	OR2AT1P	chr11	75131138	75131880	4	4	4
ENSG00000255136.3	AP001972.3	chr11	75206048	75241173	4	4	4
ENSG00000255460.1	ZDHHC20P3	chr11	75228322	75228657	4	4	4
ENSG00000261594.4	TPBGL	chr11	75240774	75243704	4	4	4
ENSG00000137486.17	ARRB1	chr11	75260122	75351705	4	4	4
ENSG00000254429.1	AP001972.1	chr11	75260127	75261025	4	4	4
ENSG00000279117.1	AP001972.5	chr11	75260129	75262466	4	4	4
ENSG00000254963.1	AP001972.2	chr11	75264289	75265170	4	4	4
ENSG00000199090.1	MIR326	chr11	75335092	75335186	4	4	4
ENSG00000149273.15	RPS3	chr11	75399515	75422280	4	4	4
ENSG00000206941.1	SNORD15A	chr11	75400391	75400538	4	4	4
ENSG00000207445.1	SNORD15B	chr11	75404421	75404566	4	4	4
ENSG00000149243.16	KLHL35	chr11	75422394	75433203	4	4	4
ENSG00000158555.15	GDPD5	chr11	75434640	75525941	4	4	4
ENSG00000254460.1	AP002815.1	chr11	75506937	75508391	4	4	4
ENSG00000149257.16	SERPINH1	chr11	75562056	75572783	4	4	4
ENSG00000255326.1	AP001922.5	chr11	75583196	75594665	4	4	4
ENSG00000171533.11	MAP6	chr11	75586918	75669120	4	4	4
ENSG00000255434.1	AP001922.6	chr11	75596144	75597270	4	4	4
ENSG00000254630.1	AP001922.2	chr11	75635883	75638587	4	4	4
ENSG00000255280.1	AP001922.4	chr11	75642600	75642889	4	4	4
ENSG00000166391.15	MOGAT2	chr11	75717838	75732958	4	4	4
ENSG00000263993.2	RN7SL786P	chr11	75742129	75742426	4	4	4
ENSG00000247867.2	AP001922.1	chr11	75758455	75768647	4	4	4
ENSG00000062282.15	DGAT2	chr11	75759512	75801535	4	4	4
ENSG00000254826.1	AP001922.3	chr11	75775904	75776929	4	4	4
ENSG00000254814.1	AP003031.1	chr11	75800877	75803415	4	4	4
ENSG00000255507.6	UVRAG-DT	chr11	75803431	75815406	4	4	4
ENSG00000198382.9	UVRAG	chr11	75815210	76144232	4	4	4
ENSG00000200256.1	Y_RNA	chr11	75835215	75835323	4	4	4
ENSG00000199362.1	Y_RNA	chr11	75837544	75837645	4	4	4
ENSG00000255255.1	PPP1R1AP1	chr11	75911204	75911628	4	4	4
ENSG00000255081.1	AP003168.2	chr11	75914201	75915213	4	4	4
ENSG00000223013.1	RNA5SP344	chr11	75934936	75935039	4	4	4
ENSG00000254915.1	AP003168.1	chr11	75942129	75942435	4	4	4
ENSG00000255421.1	AP002340.1	chr11	76137315	76137731	4	4	4
ENSG00000085741.13	WNT11	chr11	76186325	76210736	4	4	4
ENSG00000254933.1	AP000785.1	chr11	76190725	76195071	4	4	4
ENSG00000255362.1	LINC02761	chr11	76210956	76216025	4	4	4
ENSG00000137492.8	THAP12	chr11	76349956	76381132	4	4	4
ENSG00000179240.13	GVQW3	chr11	76381303	76414619	4	4	4
ENSG00000201756.1	Y_RNA	chr11	76404140	76404252	4	4	4
ENSG00000255135.4	AP002360.1	chr11	76435559	76444687	4	4	4
ENSG00000158636.16	EMSY	chr11	76444923	76553025	4	4	4
ENSG00000254755.1	AP001189.2	chr11	76591023	76591211	4	4	4
ENSG00000255363.3	LINC02757	chr11	76607853	76630465	4	4	4
ENSG00000255479.1	AP001189.5	chr11	76625462	76626834	4	4	4
ENSG00000254810.1	AP001189.3	chr11	76654169	76656712	4	4	4
ENSG00000236304.1	AP001189.1	chr11	76657056	76663866	4	4	4
ENSG00000137507.11	LRRC32	chr11	76657524	76670747	4	4	4
ENSG00000254975.1	AP001189.4	chr11	76675079	76703195	4	4	4
ENSG00000204529.4	GUCY2EP	chr11	76694041	76719801	4	4	4
ENSG00000254632.2	AP003119.1	chr11	76759916	76768622	4	4	4
ENSG00000182704.8	TSKU	chr11	76782251	76798153	4	4	4
ENSG00000255100.1	AP003119.2	chr11	76782581	76783062	4	4	4
ENSG00000261578.1	AP003119.3	chr11	76800364	76804555	4	4	4
ENSG00000078124.12	ACER3	chr11	76860867	77026797	4	4	4
ENSG00000254988.1	AP002498.1	chr11	76955417	76978619	4	4	4
ENSG00000198488.10	B3GNT6	chr11	77034398	77041973	4	4	4
ENSG00000149260.18	CAPN5	chr11	77066961	77126155	4	4	4
ENSG00000254550.1	OMP	chr11	77102840	77103331	4	4	4
ENSG00000137474.22	MYO7A	chr11	77128246	77215241	4	4	4
ENSG00000178795.9	GDPD4	chr11	77216558	77301687	4	4	4
ENSG00000224829.3	TOMM20P1	chr11	77313606	77314032	4	4	4
ENSG00000149269.10	PAK1	chr11	77322017	77474635	4	4	4
ENSG00000268635.2	AP003680.1	chr11	77473371	77477030	4	4	4
ENSG00000074201.9	CLNS1A	chr11	77514936	77637794	4	4	4
ENSG00000238880.1	RNU7-59P	chr11	77566934	77566994	4	4	4
ENSG00000178301.4	AQP11	chr11	77589391	77610356	4	4	4
ENSG00000048649.13	RSF1	chr11	77659996	77821017	4	4	4
ENSG00000206816.1	Y_RNA	chr11	77691650	77691751	4	4	4
ENSG00000254985.1	RSF1-IT2	chr11	77717712	77718411	4	4	4
ENSG00000227376.1	FTH1P16	chr11	77734475	77735026	4	4	4
ENSG00000255409.1	RSF1-IT1	chr11	77738680	77739568	4	4	4
ENSG00000219529.2	AP000580.1	chr11	77813319	77813676	4	4	4
ENSG00000087884.14	AAMDC	chr11	77821109	77918432	4	4	4
ENSG00000254459.1	AP002812.2	chr11	77829654	77872262	4	4	4
ENSG00000254691.1	AP002812.3	chr11	77850604	77851511	4	4	4
ENSG00000255449.1	AP002812.5	chr11	77866412	77870091	4	4	4
ENSG00000241782.1	AP002812.1	chr11	77868722	77869195	4	4	4
ENSG00000149262.17	INTS4	chr11	77878720	77994671	4	4	4
ENSG00000255115.2	AP002812.4	chr11	77914990	77915275	4	4	4
ENSG00000254829.1	AP003032.2	chr11	78015715	78016495	4	4	4
ENSG00000151364.17	KCTD14	chr11	78015715	78046191	4	4	4
ENSG00000259112.2	NDUFC2-KCTD14	chr11	78016971	78079865	4	4	4
ENSG00000254675.1	AP003032.1	chr11	78022933	78023721	4	4	4
ENSG00000151365.2	THRSP	chr11	78063861	78068351	4	4	4
ENSG00000151366.13	NDUFC2	chr11	78068297	78079862	4	4	4
ENSG00000159063.13	ALG8	chr11	78100936	78139653	4	4	4
ENSG00000252494.1	RNU6-126P	chr11	78133420	78133522	4	4	4
ENSG00000246174.9	KCTD21-AS1	chr11	78139771	78175323	4	4	4
ENSG00000188997.8	KCTD21	chr11	78171249	78188626	4	4	4
ENSG00000118369.13	USP35	chr11	78188812	78215232	4	4	4
ENSG00000033327.13	GAB2	chr11	78215293	78418348	4	4	4
ENSG00000288538.1	AP002985.1	chr11	78223815	78225909	4	4	4
ENSG00000254420.1	AP003086.1	chr11	78324758	78444049	4	4	4
ENSG00000288393.1	AP003086.3	chr11	78384059	78385739	4	4	4
ENSG00000254649.1	AP003086.2	chr11	78388061	78392405	4	4	4
ENSG00000251323.3	LINC02728	chr11	78423982	78429836	4	4	4
ENSG00000137513.10	NARS2	chr11	78435968	78574874	4	4	4
ENSG00000255084.1	AP003110.1	chr11	78533176	78558565	4	4	4
ENSG00000252033.1	RNU6-311P	chr11	78579255	78579356	4	4	4
ENSG00000254697.1	COPS8P3	chr11	78581675	78582156	4	4	4
ENSG00000149256.16	TENM4	chr11	78652829	79441030	4	4	4
ENSG00000254563.1	AP002768.1	chr11	78749250	78756480	4	4	4
ENSG00000255345.1	AP002957.1	chr11	79092848	79098003	4	4	4
ENSG00000254885.1	AP001547.1	chr11	79191558	79193160	4	4	4
ENSG00000211997.1	MIR708	chr11	79402022	79402109	4	4	4
ENSG00000266570.1	MIR5579	chr11	79422169	79422226	4	4	4
ENSG00000255209.1	AP001978.1	chr11	79604967	79612300	4	4	4
ENSG00000279295.1	AP001541.1	chr11	79966805	79968708	4	4	4
ENSG00000254471.1	AP001284.1	chr11	79987513	79989630	4	4	4
ENSG00000254434.1	AP006295.1	chr11	80321620	80327911	4	4	4
ENSG00000200146.1	RNU6-544P	chr11	80527960	80528066	4	4	4
ENSG00000255014.1	ARL6IP1P3	chr11	80653429	80653988	4	4	4
ENSG00000255178.1	LINC02720	chr11	80751200	80762826	4	4	4
ENSG00000254437.1	AP003398.1	chr11	80957317	80957634	4	4	4
ENSG00000285568.1	AP003398.2	chr11	81015849	81040236	4	4	4
ENSG00000287912.1	AP003464.1	chr11	81175201	81431520	4	4	4
ENSG00000254747.1	MTND4LP18	chr11	81552226	81552516	4	4	4
ENSG00000255316.1	MTND6P25	chr11	81555910	81556425	4	4	4
ENSG00000245832.7	MIR4300HG	chr11	81821272	82718299	4	4	4
ENSG00000270701.1	AP002802.2	chr11	81842435	81842669	4	4	4
ENSG00000264110.1	MIR4300	chr11	81890741	81890836	4	4	4
ENSG00000254511.1	AP002802.1	chr11	81970994	81987813	4	4	4
ENSG00000255246.2	AP000793.1	chr11	82603529	82643445	4	4	4
ENSG00000227097.5	RPS28P7	chr11	82689559	82689768	4	4	4
ENSG00000182103.5	FAM181B	chr11	82729940	82733864	4	4	4
ENSG00000255382.2	LINC02734	chr11	82781502	82817741	4	4	4
ENSG00000255063.1	RBMXP3	chr11	82805354	82806509	4	4	4
ENSG00000137509.11	PRCP	chr11	82822936	82970584	4	4	4
ENSG00000254441.1	EIF2S2P6	chr11	82835509	82837222	4	4	4
ENSG00000165490.13	DDIAS	chr11	82899975	82958277	4	4	4
ENSG00000242279.1	AP000893.1	chr11	82957423	82958216	4	4	4
ENSG00000254698.1	AP000893.2	chr11	82963681	83039115	4	4	4
ENSG00000137502.10	RAB30	chr11	82973133	83071923	4	4	4
ENSG00000254522.1	AP001767.1	chr11	83040806	83041403	4	4	4
ENSG00000207221.1	SNORA70E	chr11	83041464	83041598	4	4	4
ENSG00000246067.8	RAB30-DT	chr11	83072052	83107789	4	4	4
ENSG00000255503.1	AP001767.2	chr11	83072402	83097196	4	4	4
ENSG00000279900.1	AP001767.3	chr11	83083687	83084138	4	4	4
ENSG00000255010.1	COX5BP4	chr11	83106580	83106961	4	4	4
ENSG00000254965.1	C1DP5	chr11	83111060	83111442	4	4	4
ENSG00000255051.1	BCAS2P1	chr11	83132056	83134737	4	4	4
ENSG00000165494.11	PCF11	chr11	83156988	83187451	4	4	4
ENSG00000254676.1	AP000873.4	chr11	83180144	83184520	4	4	4
ENSG00000247137.9	AP000873.2	chr11	83184491	83193794	4	4	4
ENSG00000269939.1	PCF11-AS1	chr11	83185521	83187036	4	4	4
ENSG00000137494.14	ANKRD42	chr11	83193712	83260694	4	4	4
ENSG00000255541.1	CKS1BP4	chr11	83209399	83209634	4	4	4
ENSG00000254551.1	AP000873.3	chr11	83209431	83213379	4	4	4
ENSG00000241020.1	AP000873.1	chr11	83213005	83213404	4	4	4
ENSG00000137500.9	CCDC90B	chr11	83259097	83286407	4	4	4
ENSG00000255234.6	AP000446.1	chr11	83286120	83423516	4	4	4
ENSG00000255003.1	CYCSP28	chr11	83328926	83329246	4	4	4
ENSG00000274004.1	AP000446.2	chr11	83386988	83387102	4	4	4
ENSG00000150672.17	DLG2	chr11	83455012	85627922	4	4	4
ENSG00000255311.5	DLG2-AS2	chr11	83643602	83725390	4	4	4
ENSG00000254629.1	AP002370.1	chr11	83789977	83791578	4	4	4
ENSG00000250257.1	LDHAL6DP	chr11	83814571	83815263	4	4	4
ENSG00000254713.2	HNRNPA1P72	chr11	84545131	84546846	4	4	4
ENSG00000240174.1	AP000852.1	chr11	84639993	84640565	4	4	4
ENSG00000254787.1	AP001825.1	chr11	84720826	84800701	4	4	4
ENSG00000274006.1	AP001825.2	chr11	84887207	84887419	4	4	4
ENSG00000276179.1	AP001825.3	chr11	84890744	84890961	4	4	4
ENSG00000255555.1	AP000857.2	chr11	84936689	84955705	4	4	4
ENSG00000255396.2	AP000857.1	chr11	84997226	84997768	4	4	4
ENSG00000213305.3	HNRNPCP6	chr11	85020785	85021655	4	4	4
ENSG00000254684.1	AP002803.1	chr11	85336075	85336572	4	4	4
ENSG00000254897.1	AP003035.1	chr11	85452282	85453698	4	4	4
ENSG00000206583.1	RNU6-1292P	chr11	85509938	85510044	4	4	4
ENSG00000171204.13	TMEM126B	chr11	85628573	85636539	4	4	4
ENSG00000171202.7	TMEM126A	chr11	85647967	85656547	4	4	4
ENSG00000137504.14	CREBZF	chr11	85657990	85682908	4	4	4
ENSG00000179071.5	CCDC89	chr11	85683848	85686195	4	4	4
ENSG00000137501.17	SYTL2	chr11	85694224	85811159	4	4	4
ENSG00000279742.1	AP000974.1	chr11	85852557	85854943	4	4	4
ENSG00000150676.13	CCDC83	chr11	85855101	85920021	4	4	4
ENSG00000255005.1	AP003128.1	chr11	85916502	85923682	4	4	4
ENSG00000254479.1	SLC25A1P1	chr11	85934737	85935663	4	4	4
ENSG00000073921.18	PICALM	chr11	85957175	86069882	4	4	4
ENSG00000200877.1	RNU6-560P	chr11	86153227	86153334	4	4	4
ENSG00000254699.1	LINC02695	chr11	86192787	86193482	4	4	4
ENSG00000254502.1	FNTAP1	chr11	86195132	86196266	4	4	4
ENSG00000276669.1	Metazoa_SRP	chr11	86216596	86216878	4	4	4
ENSG00000074266.22	EED	chr11	86244753	86278813	4	4	4
ENSG00000283744.1	MIR6755	chr11	86278333	86278398	4	4	4
ENSG00000254783.1	AP003084.1	chr11	86283927	86284668	4	4	4
ENSG00000255222.1	SETP17	chr11	86294760	86295576	4	4	4
ENSG00000149196.16	HIKESHI	chr11	86302211	86345943	4	4	4
ENSG00000239856.3	RN7SL225P	chr11	86324012	86324309	4	4	4
ENSG00000149201.10	CCDC81	chr11	86374736	86423109	4	4	4
ENSG00000254733.1	AP001831.1	chr11	86431590	86622867	4	4	4
ENSG00000254727.1	PTP4A1P6	chr11	86432098	86432575	4	4	4
ENSG00000278989.1	AP001148.1	chr11	86434924	86437282	4	4	4
ENSG00000151376.17	ME3	chr11	86441108	86672636	4	4	4
ENSG00000254731.1	AP003059.1	chr11	86703099	86714092	4	4	4
ENSG00000255250.2	AP003059.2	chr11	86727355	86765467	4	4	4
ENSG00000150687.12	PRSS23	chr11	86791059	86952910	4	4	4
ENSG00000271318.1	MOB4P2	chr11	86821143	86821728	4	4	4
ENSG00000197882.3	OR7E13P	chr11	86832540	86833449	4	4	4
ENSG00000269895.1	AP000654.1	chr11	86833068	86837615	4	4	4
ENSG00000255203.1	OR7E2P	chr11	86857059	86857947	4	4	4
ENSG00000255471.1	AP001528.1	chr11	86892214	86925037	4	4	4
ENSG00000280339.1	AP001528.2	chr11	86908990	86912238	4	4	4
ENSG00000174804.4	FZD4	chr11	86945679	86955395	4	4	4
ENSG00000246523.8	FZD4-DT	chr11	86955616	87021909	4	4	4
ENSG00000254748.1	HNRNPCP8	chr11	87024583	87025777	4	4	4
ENSG00000166575.17	TMEM135	chr11	87037844	87328824	4	4	4
ENSG00000254843.1	XIAPP2	chr11	87094734	87096585	4	4	4
ENSG00000279836.1	AP002967.1	chr11	87121058	87121596	4	4	4
ENSG00000213287.3	AP001102.1	chr11	87258851	87259259	4	4	4
ENSG00000270510.1	AP000811.1	chr11	87323709	87324359	4	4	4
ENSG00000254582.1	PSMA2P1	chr11	87329407	87330052	4	4	4
ENSG00000255391.1	AP003497.1	chr11	87480736	87481297	4	4	4
ENSG00000279701.1	AP003497.2	chr11	87490144	87491110	4	4	4
ENSG00000278929.1	AP001784.1	chr11	87565994	87566421	4	4	4
ENSG00000223015.1	RNU6-1135P	chr11	87606783	87606885	4	4	4
ENSG00000283412.1	U6	chr11	87648489	87648549	4	4	4
ENSG00000255183.1	LINC02711	chr11	87718354	87719411	4	4	4
ENSG00000279341.1	AP000756.1	chr11	87718667	87721233	4	4	4
ENSG00000254650.1	MTCYBP41	chr11	87815035	87816157	4	4	4
ENSG00000255022.1	AP000676.2	chr11	87816224	87816524	4	4	4
ENSG00000279793.1	AP000676.3	chr11	87816999	87817567	4	4	4
ENSG00000285835.1	AP000676.5	chr11	87847259	88045608	4	4	4
ENSG00000280307.1	AP000676.4	chr11	87879473	87880095	4	4	4
ENSG00000254794.1	AP000676.1	chr11	87917948	87917999	4	4	4
ENSG00000255516.1	AP005436.3	chr11	88050106	88062110	4	4	4
ENSG00000255102.1	AP005436.1	chr11	88061774	88098147	4	4	4
ENSG00000255241.1	AP005436.2	chr11	88098591	88115835	4	4	4
ENSG00000206690.1	Y_RNA	chr11	88099995	88100105	4	4	4
ENSG00000123892.12	RAB38	chr11	88113251	88175443	4	4	4
ENSG00000279733.1	AP001642.1	chr11	88165575	88167691	4	4	4
ENSG00000266581.1	MIR3166	chr11	88176502	88176593	4	4	4
ENSG00000109861.17	CTSC	chr11	88265069	88359684	4	4	4
ENSG00000249489.1	GAPDHP70	chr11	88408179	88409223	4	4	4
ENSG00000288018.1	AP003120.1	chr11	88422400	88428176	4	4	4
ENSG00000255082.1	GRM5-AS1	chr11	88504576	88524054	4	4	4
ENSG00000168959.14	GRM5	chr11	88504576	89065945	4	4	4
ENSG00000207113.1	RNU6-16P	chr11	88612805	88612911	4	4	4
ENSG00000077498.9	TYR	chr11	89177875	89295759	4	4	4
ENSG00000197692.5	CBX3P7	chr11	89293745	89294246	4	4	4
ENSG00000279297.1	AP000720.1	chr11	89297717	89298199	4	4	4
ENSG00000279603.1	AP000720.2	chr11	89300709	89301477	4	4	4
ENSG00000086991.13	NOX4	chr11	89324353	89498187	4	4	4
ENSG00000255295.1	H3P34	chr11	89498748	89499198	4	4	4
ENSG00000279248.1	AP003400.4	chr11	89533645	89534043	4	4	4
ENSG00000279697.1	AP003400.5	chr11	89545128	89545744	4	4	4
ENSG00000255429.1	AP003400.1	chr11	89546637	89589611	4	4	4
ENSG00000279045.1	AP003400.2	chr11	89548130	89548795	4	4	4
ENSG00000279056.1	AP003400.3	chr11	89556860	89557205	4	4	4
ENSG00000280201.1	AP003400.6	chr11	89576913	89577652	4	4	4
ENSG00000134612.12	FOLH1B	chr11	89639237	89698718	4	4	4
ENSG00000255385.1	UBTFL10	chr11	89700764	89701325	4	4	4
ENSG00000279163.1	AP003122.6	chr11	89704164	89704658	4	4	4
ENSG00000214414.9	TRIM77	chr11	89710299	89717872	4	4	4
ENSG00000255486.1	AP003122.4	chr11	89723482	89727253	4	4	4
ENSG00000255540.1	AP003122.5	chr11	89731017	89734782	4	4	4
ENSG00000234376.4	UBTFL2	chr11	89752785	89753975	4	4	4
ENSG00000254971.1	AP003122.2	chr11	89753982	89754953	4	4	4
ENSG00000255170.2	AP003122.3	chr11	89764884	89765138	4	4	4
ENSG00000204456.4	AP003122.1	chr11	89766440	89768836	4	4	4
ENSG00000254751.3	TRIM64DP	chr11	89776981	89782582	4	4	4
ENSG00000255162.1	AP004833.2	chr11	89785945	89787838	4	4	4
ENSG00000255285.1	AP004833.3	chr11	89789412	89789733	4	4	4
ENSG00000168930.13	TRIM49	chr11	89797655	89808575	4	4	4
ENSG00000250946.2	AP004833.1	chr11	89820082	89826922	4	4	4
ENSG00000166013.11	TRIM53BP	chr11	89841997	89850970	4	4	4
ENSG00000204455.7	TRIM51BP	chr11	89854953	89862893	4	4	4
ENSG00000254558.1	AP005435.1	chr11	89863848	89865550	4	4	4
ENSG00000189253.7	TRIM64B	chr11	89869282	89876017	4	4	4
ENSG00000255235.1	AP005435.4	chr11	89883927	89886213	4	4	4
ENSG00000254617.1	AP005435.2	chr11	89887366	89889991	4	4	4
ENSG00000254785.1	AP005435.3	chr11	89895799	89900449	4	4	4
ENSG00000255055.1	MTND1P35	chr11	89908540	89909047	4	4	4
ENSG00000223417.8	TRIM49D1	chr11	89911111	89921767	4	4	4
ENSG00000233802.8	TRIM49D2	chr11	89924064	89933063	4	4	4
ENSG00000254818.1	AP004607.3	chr11	89944035	89949402	4	4	4
ENSG00000278837.1	AP004607.9	chr11	89954593	89954908	4	4	4
ENSG00000255360.1	AP004607.8	chr11	89955146	89957165	4	4	4
ENSG00000254655.1	AP004607.1	chr11	89960422	89960624	4	4	4
ENSG00000204450.8	TRIM64	chr11	89968502	89974072	4	4	4
ENSG00000255305.1	AP004607.7	chr11	89978540	89980661	4	4	4
ENSG00000237706.4	TRIM51EP	chr11	89981441	89989559	4	4	4
ENSG00000225581.3	TRIM53AP	chr11	89993536	89999741	4	4	4
ENSG00000255184.1	AP004607.6	chr11	90017611	90024511	4	4	4
ENSG00000204449.3	TRIM49C	chr11	90031106	90042025	4	4	4
ENSG00000254803.1	AP004607.2	chr11	90049945	90050266	4	4	4
ENSG00000254916.1	AP004607.4	chr11	90051837	90053736	4	4	4
ENSG00000223709.6	TRIM64EP	chr11	90057605	90062999	4	4	4
ENSG00000255011.1	AP004607.5	chr11	90071136	90073055	4	4	4
ENSG00000254888.2	AP000827.1	chr11	90074839	90075096	4	4	4
ENSG00000255009.4	UBTFL1	chr11	90085950	90087131	4	4	4
ENSG00000254436.1	AP000648.2	chr11	90098421	90098817	4	4	4
ENSG00000286665.1	AP000648.9	chr11	90110638	90112022	4	4	4
ENSG00000207299.1	AP000648.1	chr11	90118391	90118461	4	4	4
ENSG00000279299.1	AP000648.3	chr11	90125658	90126061	4	4	4
ENSG00000077616.11	NAALAD2	chr11	90131515	90192894	4	4	4
ENSG00000280385.1	AP000648.4	chr11	90193614	90198120	4	4	4
ENSG00000110172.12	CHORDC1	chr11	90200429	90223077	4	4	4
ENSG00000280367.1	AP002364.1	chr11	90223153	90226538	4	4	4
ENSG00000261645.7	DISC1FP1	chr11	90251204	90915052	4	4	4
ENSG00000214391.3	TUBAP2	chr11	90282560	90284172	4	4	4
ENSG00000266703.1	MIR4490	chr11	90555774	90555857	4	4	4
ENSG00000280430.1	AP002782.1	chr11	90731110	90731723	4	4	4
ENSG00000221586.1	MIR1261	chr11	90869121	90869202	4	4	4
ENSG00000280085.1	AP001002.3	chr11	90972316	90972521	4	4	4
ENSG00000279209.1	AP001002.1	chr11	91013787	91015299	4	4	4
ENSG00000279438.1	AP001002.2	chr11	91093875	91094260	4	4	4
ENSG00000254677.1	OSBPL9P2	chr11	91114724	91115951	4	4	4
ENSG00000255070.1	OSBPL9P3	chr11	91115961	91116555	4	4	4
ENSG00000255187.2	LINC02748	chr11	91157994	91234388	4	4	4
ENSG00000280124.1	AP003485.2	chr11	91184934	91185543	4	4	4
ENSG00000278980.1	AP003485.1	chr11	91208838	91209590	4	4	4
ENSG00000280093.1	AP002791.1	chr11	91382909	91383289	4	4	4
ENSG00000255332.8	LINC02756	chr11	91794319	91872086	4	4	4
ENSG00000254961.1	TUBB4BP4	chr11	91949731	91950034	4	4	4
ENSG00000278859.1	AP002799.1	chr11	91992833	91993255	4	4	4
ENSG00000242248.2	RPL7AP57	chr11	92161106	92161889	4	4	4
ENSG00000235547.3	NDUFB11P1	chr11	92336032	92336496	4	4	4
ENSG00000165323.15	FAT3	chr11	92352096	92896470	4	4	4
ENSG00000249255.1	PGAM1P9	chr11	92366496	92367250	4	4	4
ENSG00000254705.1	AP000722.1	chr11	92400191	92408176	4	4	4
ENSG00000244244.2	RPS3AP42	chr11	92498152	92498935	4	4	4
ENSG00000255506.1	AP003718.1	chr11	92748732	92766867	4	4	4
ENSG00000282916.2	LINC02746	chr11	92913227	92915644	4	4	4
ENSG00000255127.3	AP003171.2	chr11	92914603	92931322	4	4	4
ENSG00000255287.1	SNRPGP16	chr11	92937441	92937666	4	4	4
ENSG00000254874.1	AP003171.1	chr11	92965797	92966603	4	4	4
ENSG00000134640.3	MTNR1B	chr11	92969651	92985066	4	4	4
ENSG00000242807.1	RPL26P31	chr11	93052395	93052827	4	4	4
ENSG00000278892.1	AP002371.1	chr11	93071529	93072031	4	4	4
ENSG00000279304.1	AP003072.4	chr11	93133855	93134164	4	4	4
ENSG00000180773.15	SLC36A4	chr11	93144174	93197991	4	4	4
ENSG00000255445.1	AP003072.2	chr11	93152075	93152750	4	4	4
ENSG00000280379.1	AP003072.5	chr11	93171134	93171906	4	4	4
ENSG00000279269.1	AP003072.3	chr11	93206990	93207583	4	4	4
ENSG00000233737.3	AP003072.1	chr11	93221486	93221630	4	4	4
ENSG00000255233.1	AP003969.1	chr11	93240133	93241168	4	4	4
ENSG00000279684.1	AP003969.2	chr11	93286629	93288903	4	4	4
ENSG00000165325.14	DEUP1	chr11	93329971	93438487	4	4	4
ENSG00000166002.7	SMCO4	chr11	93478472	93543391	4	4	4
ENSG00000234106.3	SRP14P2	chr11	93535468	93535816	4	4	4
ENSG00000240202.3	RN7SL223P	chr11	93556913	93557206	4	4	4
ENSG00000279454.1	AP003499.5	chr11	93587703	93588559	4	4	4
ENSG00000278953.1	AP003499.4	chr11	93592187	93592669	4	4	4
ENSG00000255515.1	AP003499.1	chr11	93609760	93610333	4	4	4
ENSG00000166004.15	CEP295	chr11	93661682	93730358	4	4	4
ENSG00000199875.1	Y_RNA	chr11	93719603	93719715	4	4	4
ENSG00000254911.3	SCARNA9	chr11	93721513	93721865	4	4	4
ENSG00000275146.1	AP003499.3	chr11	93721542	93721621	4	4	4
ENSG00000273885.1	AP003499.2	chr11	93721797	93721866	4	4	4
ENSG00000279696.1	AP001273.1	chr11	93726654	93729805	4	4	4
ENSG00000166012.17	TAF1D	chr11	93729948	93784391	4	4	4
ENSG00000207112.1	SNORA25	chr11	93730513	93730646	4	4	4
ENSG00000206799.1	SNORA32	chr11	93730979	93731099	4	4	4
ENSG00000202314.1	SNORD6	chr11	93731502	93731574	4	4	4
ENSG00000206834.1	SNORA1	chr11	93732004	93732133	4	4	4
ENSG00000207304.1	SNORA8	chr11	93732361	93732499	4	4	4
ENSG00000239195.1	SNORD5	chr11	93733228	93733300	4	4	4
ENSG00000207145.1	SNORA18	chr11	93733466	93733597	4	4	4
ENSG00000284458.1	MIR1304	chr11	93733674	93733764	4	4	4
ENSG00000210825.1	SNORA40	chr11	93735111	93735236	4	4	4
ENSG00000182919.15	C11orf54	chr11	93741591	93764749	4	4	4
ENSG00000284057.1	AP001273.2	chr11	93741664	93812378	4	4	4
ENSG00000042429.12	MED17	chr11	93784227	93814963	4	4	4
ENSG00000214376.6	VSTM5	chr11	93818232	93850618	4	4	4
ENSG00000206911.1	Y_RNA	chr11	93827622	93827734	4	4	4
ENSG00000255995.1	AP002795.1	chr11	93991346	93991429	4	4	4
ENSG00000256752.1	HPRT1P3	chr11	93998643	93999218	4	4	4
ENSG00000181333.12	HEPHL1	chr11	94021354	94114208	4	4	4
ENSG00000227593.2	PHBP16	chr11	94055023	94055972	4	4	4
ENSG00000110218.9	PANX1	chr11	94128841	94181968	4	4	4
ENSG00000250519.7	AP002784.1	chr11	94185439	94282203	4	4	4
ENSG00000256745.1	ARPC3P3	chr11	94188449	94188997	4	4	4
ENSG00000183560.9	IZUMO1R	chr11	94305592	94307721	4	4	4
ENSG00000123901.9	GPR83	chr11	94377316	94401419	4	4	4
ENSG00000020922.13	MRE11	chr11	94415570	94493885	4	4	4
ENSG00000221230.1	MIR548L	chr11	94466495	94466580	4	4	4
ENSG00000255893.1	AP000786.1	chr11	94472908	94473570	4	4	4
ENSG00000168876.9	ANKRD49	chr11	94493979	94499578	4	4	4
ENSG00000257057.3	C11orf97	chr11	94512461	94532123	4	4	4
ENSG00000196371.3	FUT4	chr11	94543840	94549898	4	4	4
ENSG00000134627.12	PIWIL4	chr11	94543840	94621421	4	4	4
ENSG00000255929.5	AP000943.2	chr11	94545330	94740355	4	4	4
ENSG00000280167.1	AP000943.3	chr11	94559018	94559374	4	4	4
ENSG00000233536.2	AP000943.1	chr11	94638038	94640833	4	4	4
ENSG00000255666.7	LINC02700	chr11	94638045	94652884	4	4	4
ENSG00000166025.18	AMOTL1	chr11	94706431	94876748	4	4	4
ENSG00000256469.1	AP002383.2	chr11	94874052	94925521	4	4	4
ENSG00000213368.3	ST13P11	chr11	94913047	94913766	4	4	4
ENSG00000150316.12	CWC15	chr11	94962620	94973586	4	4	4
ENSG00000186280.7	KDM4D	chr11	94973709	94999519	4	4	4
ENSG00000255653.1	AP002383.1	chr11	95011858	95012532	4	4	4
ENSG00000235268.2	KDM4E	chr11	95025258	95027596	4	4	4
ENSG00000274486.1	AP002383.5	chr11	95030549	95031245	4	4	4
ENSG00000256779.2	AP002383.3	chr11	95037482	95039811	4	4	4
ENSG00000257012.1	AP002383.4	chr11	95040411	95041571	4	4	4
ENSG00000255855.2	KDM4F	chr11	95049422	95051338	4	4	4
ENSG00000277984.1	AP001264.1	chr11	95057282	95057984	4	4	4
ENSG00000263465.4	SRSF8	chr11	95067197	95071224	4	4	4
ENSG00000149218.5	ENDOD1	chr11	95089846	95132645	4	4	4
ENSG00000270689.1	BUD13P1	chr11	95143637	95145125	4	4	4
ENSG00000270578.1	AP000787.2	chr11	95145437	95146004	4	4	4
ENSG00000245552.7	AP000787.1	chr11	95150539	95234391	4	4	4
ENSG00000149212.12	SESN3	chr11	95165513	95232541	4	4	4
ENSG00000282834.1	AP000787.3	chr11	95203727	95204033	4	4	4
ENSG00000250390.2	AP001790.1	chr11	95482406	95497553	4	4	4
ENSG00000285842.1	AP000820.2	chr11	95571040	95748715	4	4	4
ENSG00000255605.1	AP000820.1	chr11	95698086	95700623	4	4	4
ENSG00000273600.1	AP001877.1	chr11	95756959	95757442	4	4	4
ENSG00000077458.13	FAM76B	chr11	95768953	95790409	4	4	4
ENSG00000166037.11	CEP57	chr11	95789965	95832693	4	4	4
ENSG00000087053.20	MTMR2	chr11	95821766	95925315	4	4	4
ENSG00000222578.1	RNA5SP345	chr11	95840017	95840124	4	4	4
ENSG00000242993.1	AP000870.1	chr11	95963219	95963624	4	4	4
ENSG00000184384.14	MAML2	chr11	95976598	96343195	4	4	4
ENSG00000285921.1	AP000779.1	chr11	96092374	96137827	4	4	4
ENSG00000266192.3	MIR1260B	chr11	96341438	96341526	4	4	4
ENSG00000149231.15	CCDC82	chr11	96352769	96389956	4	4	4
ENSG00000183340.7	JRKL	chr11	96389989	96507574	4	4	4
ENSG00000255679.1	JRKL-AS1	chr11	96447132	96506826	4	4	4
ENSG00000200411.1	RNA5SP346	chr11	96474572	96474692	4	4	4
ENSG00000256684.1	LINC02737	chr11	96508425	96514748	4	4	4
ENSG00000254587.2	AP003066.1	chr11	96590317	96985810	4	4	4
ENSG00000255376.1	AP003066.2	chr11	96642671	96643225	4	4	4
ENSG00000255205.1	MED28P5	chr11	97000274	97000711	4	4	4
ENSG00000270753.1	AP001836.1	chr11	97086160	97086682	4	4	4
ENSG00000255039.1	LINC02553	chr11	97222644	97259987	4	4	4
ENSG00000199315.1	RNA5SP347	chr11	97657464	97657582	4	4	4
ENSG00000255502.6	LINC02713	chr11	97878475	97959558	4	4	4
ENSG00000254555.1	AP003730.1	chr11	97908253	97908537	4	4	4
ENSG00000255380.1	AP001317.1	chr11	98130239	98131198	4	4	4
ENSG00000254939.1	AP003038.1	chr11	98565074	98566827	4	4	4
ENSG00000254599.1	AP003715.1	chr11	98676391	98683735	4	4	4
ENSG00000254830.1	AP002428.1	chr11	98938912	98945079	4	4	4
ENSG00000149972.11	CNTN5	chr11	99020949	100358885	4	4	4
ENSG00000223269.1	RN7SKP53	chr11	99120176	99120490	4	4	4
ENSG00000255547.1	RPA2P3	chr11	100336856	100337625	4	4	4
ENSG00000242165.3	RN7SL222P	chr11	100641975	100642273	4	4	4
ENSG00000255059.1	PPIAP43	chr11	100666459	100666962	4	4	4
ENSG00000248027.1	ARHGAP42-AS1	chr11	100684162	100687955	4	4	4
ENSG00000165895.19	ARHGAP42	chr11	100687288	100993941	4	4	4
ENSG00000200047.1	RN7SKP115	chr11	100839630	100839946	4	4	4
ENSG00000082175.15	PGR	chr11	101029624	101129813	4	4	4
ENSG00000282728.1	PGR-AS1	chr11	101129077	101209591	4	4	4
ENSG00000255504.2	AP001533.1	chr11	101208905	101209450	4	4	4
ENSG00000137672.13	TRPC6	chr11	101451564	101872562	4	4	4
ENSG00000263885.1	MIR3920	chr11	101519820	101519905	4	4	4
ENSG00000254506.1	AP003080.1	chr11	101584295	101595156	4	4	4
ENSG00000254534.1	AP000776.1	chr11	101765935	101769961	4	4	4
ENSG00000187151.7	ANGPTL5	chr11	101890674	101916522	4	4	4
ENSG00000110318.15	CEP126	chr11	101915010	102001062	4	4	4
ENSG00000137691.13	CFAP300	chr11	102047437	102084554	4	4	4
ENSG00000274097.1	RNA5SP535	chr11	102057854	102057960	4	4	4
ENSG00000260008.1	AP001527.1	chr11	102107886	102109842	4	4	4
ENSG00000277459.1	AP001527.2	chr11	102109827	102110457	4	4	4
ENSG00000137693.14	YAP1	chr11	102110447	102233424	4	4	4
ENSG00000254422.1	AP000942.2	chr11	102229851	102230922	4	4	4
ENSG00000243777.1	AP000942.1	chr11	102295060	102295806	4	4	4
ENSG00000270868.1	AP000942.3	chr11	102306112	102306271	4	4	4
ENSG00000271600.1	AP000942.4	chr11	102308557	102308797	4	4	4
ENSG00000212466.1	RNU6-952P	chr11	102313722	102313829	4	4	4
ENSG00000288528.1	AP000942.5	chr11	102316173	102328586	4	4	4
ENSG00000023445.16	BIRC3	chr11	102317450	102339403	4	4	4
ENSG00000110330.8	BIRC2	chr11	102347211	102378670	4	4	4
ENSG00000152558.15	TMEM123	chr11	102396332	102470384	4	4	4
ENSG00000255337.1	AP001830.1	chr11	102452919	102462008	4	4	4
ENSG00000255482.1	AP001830.2	chr11	102467255	102498801	4	4	4
ENSG00000137673.9	MMP7	chr11	102520508	102530750	4	4	4
ENSG00000137674.4	MMP20	chr11	102576832	102625332	4	4	4
ENSG00000256916.1	AP000851.1	chr11	102606916	102628070	4	4	4
ENSG00000281655.1	AP000851.2	chr11	102681310	102683913	4	4	4
ENSG00000137675.5	MMP27	chr11	102691487	102705769	4	4	4
ENSG00000118113.12	MMP8	chr11	102711796	102727050	4	4	4
ENSG00000255282.6	WTAPP1	chr11	102746968	102836766	4	4	4
ENSG00000225678.2	AP000619.1	chr11	102751070	102754943	4	4	4
ENSG00000256254.1	AP000619.3	chr11	102766801	102767927	4	4	4
ENSG00000166670.10	MMP10	chr11	102770502	102780628	4	4	4
ENSG00000196611.5	MMP1	chr11	102789919	102798160	4	4	4
ENSG00000256035.1	AP000619.2	chr11	102806948	102807916	4	4	4
ENSG00000149968.12	MMP3	chr11	102835801	102843609	4	4	4
ENSG00000262406.3	MMP12	chr11	102862736	102874982	4	4	4
ENSG00000255469.1	BOLA3P1	chr11	102880492	102880846	4	4	4
ENSG00000238562.1	RNU7-159P	chr11	102903892	102903953	4	4	4
ENSG00000137745.12	MMP13	chr11	102942995	102955732	4	4	4
ENSG00000276521.1	AP001486.3	chr11	102963460	102966628	4	4	4
ENSG00000239861.1	AP001486.1	chr11	103045237	103045712	4	4	4
ENSG00000137692.12	DCUN1D5	chr11	103050686	103092194	4	4	4
ENSG00000260966.1	AP001486.2	chr11	103050687	103055799	4	4	4
ENSG00000187240.16	DYNC2H1	chr11	103109410	103479863	4	4	4
ENSG00000285878.1	AP002961.1	chr11	103252217	103293705	4	4	4
ENSG00000254895.2	MTCO3P15	chr11	103402013	103402586	4	4	4
ENSG00000254931.2	MTATP6P15	chr11	103402588	103403422	4	4	4
ENSG00000255417.1	MTCO2P15	chr11	103403512	103404167	4	4	4
ENSG00000255350.1	MTCO1P15	chr11	103404309	103405834	4	4	4
ENSG00000254565.1	MTND2P26	chr11	103406213	103407241	4	4	4
ENSG00000253245.2	MTND1P36	chr11	103407441	103408376	4	4	4
ENSG00000254824.1	AP003461.1	chr11	103409580	103409657	4	4	4
ENSG00000254987.1	AP002989.1	chr11	103675994	103895271	4	4	4
ENSG00000264200.1	MIR4693	chr11	103849906	103849980	4	4	4
ENSG00000170962.13	PDGFD	chr11	103907189	104164379	4	4	4
ENSG00000255548.1	AP003043.1	chr11	103945548	103946546	4	4	4
ENSG00000170967.5	DDI1	chr11	104036640	104039196	4	4	4
ENSG00000280773.2	AP003304.1	chr11	104252591	104252651	4	4	4
ENSG00000256422.6	LINC02552	chr11	104445868	104609498	4	4	4
ENSG00000270449.1	AP001485.1	chr11	104682383	104682581	4	4	4
ENSG00000254569.1	AP002004.1	chr11	104873264	104873417	4	4	4
ENSG00000204403.9	CASP12	chr11	104885718	104898670	4	4	4
ENSG00000235505.7	CASP4LP	chr11	104901549	104919073	4	4	4
ENSG00000196954.14	CASP4	chr11	104942866	104969366	4	4	4
ENSG00000284715.1	AP001153.1	chr11	104975356	104976116	4	4	4
ENSG00000137757.11	CASP5	chr11	104994235	105023168	4	4	4
ENSG00000137752.24	CASP1	chr11	105025443	105035250	4	4	4
ENSG00000204397.8	CARD16	chr11	105041326	105101431	4	4	4
ENSG00000288255.1	AP001153.2	chr11	105055567	105055666	4	4	4
ENSG00000254750.1	CASP1P2	chr11	105063345	105071541	4	4	4
ENSG00000255221.3	CARD17	chr11	105092469	105101431	4	4	4
ENSG00000255430.1	CASP1P1	chr11	105122661	105123339	4	4	4
ENSG00000255501.3	CARD18	chr11	105137714	105531697	4	4	4
ENSG00000254767.1	OR2AL1P	chr11	105194440	105194946	4	4	4
ENSG00000255336.1	AP003181.1	chr11	105246880	105247060	4	4	4
ENSG00000278640.1	Metazoa_SRP	chr11	105352670	105352956	4	4	4
ENSG00000152578.13	GRIA4	chr11	105609994	105982092	4	4	4
ENSG00000255403.1	HSPD1P13	chr11	105706299	105707937	4	4	4
ENSG00000222663.1	RNU4-55P	chr11	105824634	105824770	4	4	4
ENSG00000252081.1	RNU6-277P	chr11	105974826	105974931	4	4	4
ENSG00000285813.1	AP000813.1	chr11	105995185	105999213	4	4	4
ENSG00000170903.11	MSANTD4	chr11	105995623	106022403	4	4	4
ENSG00000182359.15	KBTBD3	chr11	106051098	106077459	4	4	4
ENSG00000149313.11	AASDHPPT	chr11	106075501	106098699	4	4	4
ENSG00000254433.1	AP001001.1	chr11	106085990	106101975	4	4	4
ENSG00000287846.1	AP001001.2	chr11	106106398	106107356	4	4	4
ENSG00000254580.1	LINC02719	chr11	106112459	106132116	4	4	4
ENSG00000286345.1	AP002001.3	chr11	106241974	106260146	4	4	4
ENSG00000254811.5	AP002001.1	chr11	106250019	106264905	4	4	4
ENSG00000255065.1	AP002001.2	chr11	106310045	106311791	4	4	4
ENSG00000287802.1	AP003173.1	chr11	106465985	106469296	4	4	4
ENSG00000152402.11	GUCY1A2	chr11	106674019	107018476	4	4	4
ENSG00000274584.1	AP001282.2	chr11	106824025	106824954	4	4	4
ENSG00000213252.3	AP001282.1	chr11	106826392	106827890	4	4	4
ENSG00000255353.1	ASS1P13	chr11	107176286	107177530	4	4	4
ENSG00000261098.1	AP000766.1	chr11	107312132	107316271	4	4	4
ENSG00000152404.15	CWF19L2	chr11	107326345	107457844	4	4	4
ENSG00000225215.1	SMARCE1P1	chr11	107403404	107404589	4	4	4
ENSG00000137760.15	ALKBH8	chr11	107502727	107565742	4	4	4
ENSG00000270969.1	AP001823.1	chr11	107585901	107586903	4	4	4
ENSG00000110675.13	ELMOD1	chr11	107591091	107666779	4	4	4
ENSG00000255483.1	AP000889.2	chr11	107600379	107600868	4	4	4
ENSG00000254758.1	AP000889.1	chr11	107642887	107643871	4	4	4
ENSG00000170290.4	SLN	chr11	107707378	107719693	4	4	4
ENSG00000254702.1	AP002353.1	chr11	107736009	107738718	4	4	4
ENSG00000110660.15	SLC35F2	chr11	107790991	107928293	4	4	4
ENSG00000240652.1	AP001024.1	chr11	107908420	107908764	4	4	4
ENSG00000179331.3	RAB39A	chr11	107928448	107963482	4	4	4
ENSG00000288012.1	AP003307.1	chr11	108008678	108009282	4	4	4
ENSG00000166266.14	CUL5	chr11	108008898	108107761	4	4	4
ENSG00000200855.1	Y_RNA	chr11	108084913	108085014	4	4	4
ENSG00000255467.1	AP002433.1	chr11	108105074	108121684	4	4	4
ENSG00000075239.14	ACAT1	chr11	108116695	108147603	4	4	4
ENSG00000285696.1	AP002433.2	chr11	108142458	108150381	4	4	4
ENSG00000149308.17	NPAT	chr11	108157215	108222638	4	4	4
ENSG00000149311.19	ATM	chr11	108222832	108369102	4	4	4
ENSG00000206967.1	Y_RNA	chr11	108229503	108229604	4	4	4
ENSG00000166323.13	C11orf65	chr11	108308519	108467531	4	4	4
ENSG00000178202.13	POGLUT3	chr11	108472112	108498384	4	4	4
ENSG00000110723.12	EXPH5	chr11	108505435	108593768	4	4	4
ENSG00000178105.11	DDX10	chr11	108665069	108940927	4	4	4
ENSG00000240698.1	RPS2P39	chr11	108690289	108690956	4	4	4
ENSG00000254730.1	AP002453.1	chr11	108727741	108730104	4	4	4
ENSG00000255379.1	CYCSP29	chr11	108822333	108822650	4	4	4
ENSG00000203334.4	AP003027.1	chr11	108957718	108959797	4	4	4
ENSG00000255528.1	AP003123.1	chr11	109002465	109037967	4	4	4
ENSG00000201243.1	RNU6-654P	chr11	109005517	109005623	4	4	4
ENSG00000200613.1	RNA5SP349	chr11	109120878	109120986	4	4	4
ENSG00000264997.1	SNORD39	chr11	109263494	109263564	4	4	4
ENSG00000255028.5	AP003049.2	chr11	109355085	109583907	4	4	4
ENSG00000185742.7	C11orf87	chr11	109422190	109429167	4	4	4
ENSG00000254890.1	AP003049.1	chr11	109486968	109487424	4	4	4
ENSG00000254482.1	AP003102.1	chr11	109637468	109638128	4	4	4
ENSG00000254659.3	LINC02715	chr11	109741625	109823893	4	4	4
ENSG00000137710.17	RDX	chr11	109864295	110296712	4	4	4
ENSG00000254798.1	TFAMP2	chr11	109907004	109907741	4	4	4
ENSG00000287245.1	AP001981.2	chr11	109946581	109975996	4	4	4
ENSG00000224776.3	RPSAP50	chr11	109982192	109983043	4	4	4
ENSG00000270423.1	AP001981.1	chr11	109985243	109985660	4	4	4
ENSG00000255210.1	AP001889.1	chr11	110049528	110050160	4	4	4
ENSG00000149289.11	ZC3H12C	chr11	110093392	110171841	4	4	4
ENSG00000254416.6	LINC02732	chr11	110355130	110407613	4	4	4
ENSG00000137714.3	FDX1	chr11	110429948	110464884	4	4	4
ENSG00000137727.12	ARHGAP20	chr11	110577042	110713189	4	4	4
ENSG00000233497.4	HNRNPA1P60	chr11	110788026	110788976	4	4	4
ENSG00000255149.1	AP002963.1	chr11	110876994	110877177	4	4	4
ENSG00000287556.1	AP003973.4	chr11	111013452	111027636	4	4	4
ENSG00000200168.1	RNA5SP350	chr11	111040098	111040208	4	4	4
ENSG00000271390.1	AP003973.2	chr11	111089870	111090368	4	4	4
ENSG00000271584.2	LINC02550	chr11	111091932	111179641	4	4	4
ENSG00000287028.1	AP003973.3	chr11	111097155	111106001	4	4	4
ENSG00000239354.1	RPS17P15	chr11	111105547	111105895	4	4	4
ENSG00000270202.1	AP003973.1	chr11	111107060	111107750	4	4	4
ENSG00000150750.8	C11orf53	chr11	111245726	111286401	4	4	4
ENSG00000196167.10	COLCA1	chr11	111290787	111305498	4	4	4
ENSG00000214290.8	COLCA2	chr11	111298555	111308735	4	4	4
ENSG00000288097.1	AP002448.1	chr11	111320379	111323816	4	4	4
ENSG00000264032.1	MIR4491	chr11	111347757	111347824	4	4	4
ENSG00000110777.12	POU2AF1	chr11	111352255	111455630	4	4	4
ENSG00000253099.1	RNU2-60P	chr11	111383092	111383219	4	4	4
ENSG00000255428.1	AP002008.3	chr11	111414242	111418186	4	4	4
ENSG00000255093.2	AP002008.2	chr11	111448450	111475397	4	4	4
ENSG00000137707.13	BTG4	chr11	111467526	111512354	4	4	4
ENSG00000286028.1	AP002008.4	chr11	111510600	111513888	4	4	4
ENSG00000207811.3	MIR34B	chr11	111512938	111513021	4	4	4
ENSG00000207562.3	MIR34C	chr11	111513439	111513515	4	4	4
ENSG00000254980.1	AP002008.1	chr11	111514043	111526755	4	4	4
ENSG00000183644.13	HOATZ	chr11	111514785	111537031	4	4	4
ENSG00000204381.12	LAYN	chr11	111540280	111561745	4	4	4
ENSG00000170145.5	SIK2	chr11	111602449	111730855	4	4	4
ENSG00000235286.1	AP000925.1	chr11	111670956	111672404	4	4	4
ENSG00000223324.1	RN7SKP273	chr11	111683111	111683424	4	4	4
ENSG00000137713.16	PPP2R1B	chr11	111726908	111766389	4	4	4
ENSG00000254990.5	AP001781.1	chr11	111768668	111778350	4	4	4
ENSG00000086848.15	ALG9	chr11	111782195	111871581	4	4	4
ENSG00000258529.5	AP001781.2	chr11	111786286	111879425	4	4	4
ENSG00000254450.1	ALG9-IT1	chr11	111817214	111829212	4	4	4
ENSG00000254949.1	GNG5P3	chr11	111864254	111864460	4	4	4
ENSG00000255561.7	FDXACB1	chr11	111874056	111881243	4	4	4
ENSG00000137720.8	C11orf1	chr11	111878935	111885975	4	4	4
ENSG00000176343.5	RPL37AP8	chr11	111889199	111889474	4	4	4
ENSG00000109846.9	CRYAB	chr11	111908564	111923722	4	4	4
ENSG00000170276.6	HSPB2	chr11	111912734	111914093	4	4	4
ENSG00000254445.1	HSPB2-C11orf52	chr11	111912736	111926871	4	4	4
ENSG00000149300.10	C11orf52	chr11	111918032	111926871	4	4	4
ENSG00000150764.14	DIXDC1	chr11	111927144	112022653	4	4	4
ENSG00000238965.1	RNA5SP351	chr11	111928400	111928508	4	4	4
ENSG00000255286.2	AP000907.1	chr11	111945639	111946892	4	4	4
ENSG00000255334.1	AP000907.2	chr11	112015307	112016124	4	4	4
ENSG00000150768.16	DLAT	chr11	112025408	112064404	4	4	4
ENSG00000230911.1	PPIHP1	chr11	112029858	112030367	4	4	4
ENSG00000238444.1	RNU6-893P	chr11	112032499	112032598	4	4	4
ENSG00000271025.1	AP000907.3	chr11	112036627	112036863	4	4	4
ENSG00000150773.11	PIH1D2	chr11	112063218	112074274	4	4	4
ENSG00000150776.18	NKAPD1	chr11	112074086	112085150	4	4	4
ENSG00000150779.12	TIMM8B	chr11	112084800	112086798	4	4	4
ENSG00000204370.13	SDHD	chr11	112086824	112120016	4	4	4
ENSG00000255292.9	AP002884.2	chr11	112086903	112193805	4	4	4
ENSG00000150782.12	IL18	chr11	112143253	112164096	4	4	4
ENSG00000254638.1	AP002884.1	chr11	112165197	112172606	4	4	4
ENSG00000150783.10	TEX12	chr11	112167372	112172556	4	4	4
ENSG00000197580.13	BCO2	chr11	112175510	112224699	4	4	4
ENSG00000214264.4	KCTD9P4	chr11	112180773	112183191	4	4	4
ENSG00000255231.1	MRPS36P4	chr11	112208601	112208898	4	4	4
ENSG00000243930.1	RPS12P21	chr11	112218326	112218720	4	4	4
ENSG00000150787.8	PTS	chr11	112226367	112269955	4	4	4
ENSG00000243250.1	RPS6P16	chr11	112235371	112236025	4	4	4
ENSG00000188771.5	PLET1	chr11	112248153	112260860	4	4	4
ENSG00000268472.2	AP002884.3	chr11	112260265	112261396	4	4	4
ENSG00000213234.4	ST13P10	chr11	112267290	112268371	4	4	4
ENSG00000250303.4	LINC02762	chr11	112270749	112362534	4	4	4
ENSG00000206772.1	RNU6-44P	chr11	112352556	112352662	4	4	4
ENSG00000254968.7	LINC02763	chr11	112393118	112624567	4	4	4
ENSG00000213233.5	RPL23AP62	chr11	112461468	112461920	4	4	4
ENSG00000255484.2	LINC02764	chr11	112534220	112555802	4	4	4
ENSG00000212397.1	AP003063.1	chr11	112602354	112602452	4	4	4
ENSG00000285769.2	AP003100.2	chr11	112637342	112751131	4	4	4
ENSG00000287006.1	AP003100.3	chr11	112698772	112721151	4	4	4
ENSG00000254626.1	AP003100.1	chr11	112787304	112795854	4	4	4
ENSG00000288070.1	AC016902.1	chr11	112822806	112835124	4	4	4
ENSG00000247416.4	AP000802.1	chr11	112959279	112963460	4	4	4
ENSG00000149294.17	NCAM1	chr11	112961247	113278436	4	4	4
ENSG00000238998.1	RNU7-187P	chr11	112977353	112977420	4	4	4
ENSG00000227487.4	NCAM1-AS1	chr11	113265137	113274032	4	4	4
ENSG00000255129.6	AP000880.1	chr11	113278250	113314482	4	4	4
ENSG00000149292.17	TTC12	chr11	113314579	113383544	4	4	4
ENSG00000270179.1	AP002840.2	chr11	113368478	113369117	4	4	4
ENSG00000170209.5	ANKK1	chr11	113387779	113400416	4	4	4
ENSG00000256757.1	AP002840.1	chr11	113405321	113412117	4	4	4
ENSG00000149295.14	DRD2	chr11	113409605	113475691	4	4	4
ENSG00000265140.1	MIR4301	chr11	113450023	113450088	4	4	4
ENSG00000166682.13	TMPRSS5	chr11	113687547	113706373	4	4	4
ENSG00000256091.1	MTRF1LP1	chr11	113711720	113712398	4	4	4
ENSG00000086827.9	ZW10	chr11	113733187	113773735	4	4	4
ENSG00000243353.1	RPS29P19	chr11	113751116	113751286	4	4	4
ENSG00000257070.1	AP003170.5	chr11	113769660	113769994	4	4	4
ENSG00000256603.1	AP003170.4	chr11	113770393	113771691	4	4	4
ENSG00000228607.2	CLDN25	chr11	113779747	113780500	4	4	4
ENSG00000256167.1	ATF4P4	chr11	113789231	113791366	4	4	4
ENSG00000255870.1	AP003170.2	chr11	113789242	113790027	4	4	4
ENSG00000257101.1	LRRC37A13P	chr11	113791466	113791752	4	4	4
ENSG00000048028.11	USP28	chr11	113797874	113875570	4	4	4
ENSG00000256452.1	AP003170.3	chr11	113818077	113822458	4	4	4
ENSG00000255710.2	AP003170.1	chr11	113820856	113821885	4	4	4
ENSG00000201687.1	RNU6-1107P	chr11	113859346	113859449	4	4	4
ENSG00000149305.7	HTR3B	chr11	113904677	113949078	4	4	4
ENSG00000166736.11	HTR3A	chr11	113974881	113990313	4	4	4
ENSG00000109906.14	ZBTB16	chr11	114059711	114256765	4	4	4
ENSG00000286463.1	AP002755.1	chr11	114159791	114161166	4	4	4
ENSG00000256947.1	AP002518.2	chr11	114210616	114356571	4	4	4
ENSG00000166741.8	NNMT	chr11	114257787	114313536	4	4	4
ENSG00000256195.3	AP002518.1	chr11	114343052	114396219	4	4	4
ENSG00000180425.11	C11orf71	chr11	114391443	114400511	4	4	4
ENSG00000076053.12	RBM7	chr11	114400030	114414203	4	4	4
ENSG00000255663.1	AP002373.1	chr11	114400682	114443932	4	4	4
ENSG00000076043.11	REXO2	chr11	114439435	114450279	4	4	4
ENSG00000256533.1	AP002373.2	chr11	114453064	114454123	4	4	4
ENSG00000255982.1	NXPE2P1	chr11	114512706	114513431	4	4	4
ENSG00000270204.1	AC020549.3	chr11	114517864	114518371	4	4	4
ENSG00000095110.8	NXPE1	chr11	114521645	114559895	4	4	4
ENSG00000238724.1	AC020549.1	chr11	114527129	114527232	4	4	4
ENSG00000137634.10	NXPE4	chr11	114570591	114595786	4	4	4
ENSG00000256674.1	AC020549.2	chr11	114583253	114584692	4	4	4
ENSG00000204361.10	NXPE2	chr11	114678527	114707069	4	4	4
ENSG00000252870.1	AP003179.1	chr11	115128218	115128373	4	4	4
ENSG00000182985.18	CADM1	chr11	115169218	115504957	4	4	4
ENSG00000287897.1	AP000465.1	chr11	115332529	115333418	4	4	4
ENSG00000256972.1	AP000462.3	chr11	115333577	115340262	4	4	4
ENSG00000255580.1	AP000462.1	chr11	115363629	115377931	4	4	4
ENSG00000256315.1	AP000462.2	chr11	115396756	115397658	4	4	4
ENSG00000256281.1	AP003174.2	chr11	115532322	115532953	4	4	4
ENSG00000257087.1	AP003174.3	chr11	115538869	115539384	4	4	4
ENSG00000255903.2	RPL12P46	chr11	115578049	115578243	4	4	4
ENSG00000255689.1	AP003174.1	chr11	115582297	115600339	4	4	4
ENSG00000239153.1	AP000997.1	chr11	115627082	115627185	4	4	4
ENSG00000255599.1	AP000997.2	chr11	115628065	115629743	4	4	4
ENSG00000260254.1	AP000997.3	chr11	115638563	115646962	4	4	4
ENSG00000279771.1	AP000997.4	chr11	115659168	115661417	4	4	4
ENSG00000256717.1	LINC02698	chr11	115659658	115843146	4	4	4
ENSG00000279818.1	AP002991.1	chr11	115731942	115734742	4	4	4
ENSG00000288020.1	AP002991.2	chr11	115734848	115756926	4	4	4
ENSG00000246100.4	LINC00900	chr11	115753889	115760646	4	4	4
ENSG00000257067.6	LINC02703	chr11	115920248	115943181	4	4	4
ENSG00000244259.1	AP000797.2	chr11	115950196	115950801	4	4	4
ENSG00000239600.1	AP000797.1	chr11	115951105	115951491	4	4	4
ENSG00000236437.1	LINC02151	chr11	116496899	116500630	4	4	4
ENSG00000278945.1	AP000770.1	chr11	116609995	116610094	4	4	4
ENSG00000237937.6	LINC02702	chr11	116639422	116658295	4	4	4
ENSG00000137656.12	BUD13	chr11	116748170	116772987	4	4	4
ENSG00000226645.1	AP006216.1	chr11	116773389	116774205	4	4	4
ENSG00000109917.11	ZPR1	chr11	116773799	116788039	4	4	4
ENSG00000110243.12	APOA5	chr11	116789367	116792420	4	4	4
ENSG00000236267.1	AP006216.2	chr11	116813204	116814003	4	4	4
ENSG00000285513.1	AP006216.3	chr11	116820645	116821541	4	4	4
ENSG00000110244.7	APOA4	chr11	116820700	116823304	4	4	4
ENSG00000110245.12	APOC3	chr11	116829706	116833072	4	4	4
ENSG00000118137.10	APOA1	chr11	116835751	116837622	4	4	4
ENSG00000235910.2	APOA1-AS	chr11	116836117	116856018	4	4	4
ENSG00000160584.16	SIK3	chr11	116843402	117098437	4	4	4
ENSG00000200537.1	RNY4P6	chr11	117015897	117015992	4	4	4
ENSG00000234268.1	AP000936.3	chr11	117035797	117036051	4	4	4
ENSG00000224077.1	AP000936.1	chr11	117098987	117108170	4	4	4
ENSG00000225236.1	AP000936.2	chr11	117117794	117119181	4	4	4
ENSG00000254851.1	AP005018.2	chr11	117135528	117138582	4	4	4
ENSG00000254678.1	AP005018.1	chr11	117143891	117144191	4	4	4
ENSG00000168092.14	PAFAH1B2	chr11	117144284	117176894	4	4	4
ENSG00000149577.16	SIDT2	chr11	117178736	117197445	4	4	4
ENSG00000149591.17	TAGLN	chr11	117199370	117207464	4	4	4
ENSG00000160613.14	PCSK7	chr11	117204337	117232525	4	4	4
ENSG00000280143.1	AP000892.4	chr11	117204967	117210292	4	4	4
ENSG00000167257.11	RNF214	chr11	117232625	117286454	4	4	4
ENSG00000252992.1	AP000892.2	chr11	117263799	117263952	4	4	4
ENSG00000186318.16	BACE1	chr11	117285207	117316259	4	4	4
ENSG00000278768.2	BACE1-AS	chr11	117288453	117293571	4	4	4
ENSG00000276505.1	AP000892.3	chr11	117297005	117297328	4	4	4
ENSG00000110274.16	CEP164	chr11	117314557	117413266	4	4	4
ENSG00000250699.1	AP000892.1	chr11	117316362	117328038	4	4	4
ENSG00000271412.1	PRR13P3	chr11	117336256	117336631	4	4	4
ENSG00000177103.15	DSCAML1	chr11	117427772	117817525	4	4	4
ENSG00000279586.1	AP000711.1	chr11	117611101	117612017	4	4	4
ENSG00000270403.1	AP001554.1	chr11	117668483	117668858	4	4	4
ENSG00000137731.14	FXYD2	chr11	117800844	117828698	4	4	4
ENSG00000254844.4	AP000757.2	chr11	117818443	117821992	4	4	4
ENSG00000255245.4	FXYD6-FXYD2	chr11	117820163	117876667	4	4	4
ENSG00000254528.7	AP000757.1	chr11	117833719	117838942	4	4	4
ENSG00000137726.17	FXYD6	chr11	117836976	117877486	4	4	4
ENSG00000137747.16	TMPRSS13	chr11	117900641	117929459	4	4	4
ENSG00000110324.11	IL10RA	chr11	117986370	118003037	4	4	4
ENSG00000255274.9	SMIM35	chr11	118003634	118088299	4	4	4
ENSG00000272075.2	RN7SL828P	chr11	118067237	118067539	4	4	4
ENSG00000137648.19	TMPRSS4	chr11	118077012	118121890	4	4	4
ENSG00000177098.9	SCN4B	chr11	118133377	118152888	4	4	4
ENSG00000149575.9	SCN2B	chr11	118162806	118176639	4	4	4
ENSG00000160593.19	JAML	chr11	118193725	118225094	4	4	4
ENSG00000255163.1	HSPE1P18	chr11	118208932	118209211	4	4	4
ENSG00000160588.10	MPZL3	chr11	118226690	118252365	4	4	4
ENSG00000149573.9	MPZL2	chr11	118253416	118264536	4	4	4
ENSG00000280032.1	AP002800.1	chr11	118264593	118266817	4	4	4
ENSG00000198851.10	CD3E	chr11	118304730	118316175	4	4	4
ENSG00000254992.1	AP001582.1	chr11	118322789	118323083	4	4	4
ENSG00000167286.10	CD3D	chr11	118339075	118342705	4	4	4
ENSG00000160654.11	CD3G	chr11	118344344	118355161	4	4	4
ENSG00000110344.10	UBE4A	chr11	118359600	118399211	4	4	4
ENSG00000254873.1	AP001267.1	chr11	118397095	118401895	4	4	4
ENSG00000285827.1	AP001267.5	chr11	118401602	118482737	4	4	4
ENSG00000167283.8	ATP5MG	chr11	118401606	118431496	4	4	4
ENSG00000269944.1	AP001267.4	chr11	118415977	118416521	4	4	4
ENSG00000255384.1	AP001267.2	chr11	118433121	118435206	4	4	4
ENSG00000118058.23	KMT2A	chr11	118436490	118526832	4	4	4
ENSG00000255435.7	AP001267.3	chr11	118510273	118531094	4	4	4
ENSG00000172425.12	TTC36	chr11	118527472	118531197	4	4	4
ENSG00000149582.16	TMEM25	chr11	118531041	118547280	4	4	4
ENSG00000118096.10	IFT46	chr11	118544528	118572970	4	4	4
ENSG00000243431.1	RPL5P30	chr11	118560690	118561580	4	4	4
ENSG00000095139.14	ARCN1	chr11	118572390	118603033	4	4	4
ENSG00000207185.1	RNU6-1157P	chr11	118593988	118594093	4	4	4
ENSG00000019144.19	PHLDB1	chr11	118606440	118658031	4	4	4
ENSG00000255176.1	AP000941.1	chr11	118636620	118638097	4	4	4
ENSG00000284246.1	MIR6716	chr11	118644000	118644079	4	4	4
ENSG00000118094.12	TREH	chr11	118657316	118679690	4	4	4
ENSG00000255239.2	TREHP1	chr11	118688033	118690599	4	4	4
ENSG00000255422.3	AP002954.1	chr11	118700427	118750263	4	4	4
ENSG00000207462.1	RNU6-376P	chr11	118702342	118702447	4	4	4
ENSG00000287238.1	AP002954.2	chr11	118721104	118729412	4	4	4
ENSG00000110367.13	DDX6	chr11	118747763	118791164	4	4	4
ENSG00000278376.1	AP004609.3	chr11	118791254	118793137	4	4	4
ENSG00000254478.1	AP004609.2	chr11	118821895	118822084	4	4	4
ENSG00000254621.1	SETP16	chr11	118833846	118834556	4	4	4
ENSG00000201535.2	Y_RNA	chr11	118836010	118836111	4	4	4
ENSG00000160683.5	CXCR5	chr11	118883892	118897787	4	4	4
ENSG00000245869.2	AP004609.1	chr11	118885841	118887742	4	4	4
ENSG00000186174.12	BCL9L	chr11	118893875	118925608	4	4	4
ENSG00000264211.1	MIR4492	chr11	118910708	118910787	4	4	4
ENSG00000110375.3	UPK2	chr11	118925164	118958559	4	4	4
ENSG00000239726.3	RN7SL688P	chr11	118931216	118931490	4	4	4
ENSG00000222529.1	Y_RNA	chr11	118970498	118970595	4	4	4
ENSG00000176302.13	FOXR1	chr11	118971712	118981287	4	4	4
ENSG00000280502.1	Metazoa_SRP	chr11	118994334	118994630	4	4	4
ENSG00000283691.1	Y_RNA	chr11	118994560	118994655	4	4	4
ENSG00000255121.2	CENATAC-DT	chr11	118994824	118998004	4	4	4
ENSG00000186166.9	CENATAC	chr11	118998138	119015793	4	4	4
ENSG00000240970.1	RPL23AP64	chr11	119003012	119003446	4	4	4
ENSG00000254428.1	AP003392.1	chr11	119003742	119004893	4	4	4
ENSG00000254909.1	AP003392.2	chr11	119005727	119005934	4	4	4
ENSG00000118181.11	RPS25	chr11	119015712	119018691	4	4	4
ENSG00000196655.12	TRAPPC4	chr11	119018763	119025454	4	4	4
ENSG00000283704.1	AP003392.15	chr11	119018944	119019012	4	4	4
ENSG00000137700.18	SLC37A4	chr11	119024114	119030906	4	4	4
ENSG00000255114.1	AP003392.3	chr11	119044188	119045493	4	4	4
ENSG00000149428.19	HYOU1	chr11	119044188	119057227	4	4	4
ENSG00000271751.1	AP003392.4	chr11	119065263	119065677	4	4	4
ENSG00000272186.1	AP003392.5	chr11	119067374	119067698	4	4	4
ENSG00000160695.15	VPS11	chr11	119067818	119081972	4	4	4
ENSG00000256269.10	HMBS	chr11	119084866	119093549	4	4	4
ENSG00000188486.3	H2AX	chr11	119093854	119095467	4	4	4
ENSG00000172269.19	DPAGT1	chr11	119096503	119108331	4	4	4
ENSG00000172375.14	C2CD2L	chr11	119102198	119118544	4	4	4
ENSG00000172273.13	HINFP	chr11	119121580	119136059	4	4	4
ENSG00000172350.10	ABCG4	chr11	119149052	119162653	4	4	4
ENSG00000160703.16	NLRX1	chr11	119166568	119184016	4	4	4
ENSG00000172367.16	PDZD3	chr11	119185457	119190223	4	4	4
ENSG00000248712.7	CCDC153	chr11	119189638	119196769	4	4	4
ENSG00000110395.7	CBL	chr11	119206298	119313926	4	4	4
ENSG00000222249.1	RNU6-262P	chr11	119289562	119289677	4	4	4
ENSG00000076706.17	MCAM	chr11	119308529	119321521	4	4	4
ENSG00000284148.1	MIR6756	chr11	119312950	119313012	4	4	4
ENSG00000252119.1	AP002956.1	chr11	119323293	119323409	4	4	4
ENSG00000173456.5	RNF26	chr11	119334527	119337309	4	4	4
ENSG00000245385.2	AP003396.1	chr11	119336249	119337309	4	4	4
ENSG00000223953.6	C1QTNF5	chr11	119338942	119340940	4	4	4
ENSG00000235718.9	MFRP	chr11	119338942	119346705	4	4	4
ENSG00000036672.16	USP2	chr11	119355215	119381711	4	4	4
ENSG00000245248.8	USP2-AS1	chr11	119364359	119526664	4	4	4
ENSG00000254740.2	AP003396.3	chr11	119372706	119381613	4	4	4
ENSG00000254590.1	AP003396.2	chr11	119402792	119404088	4	4	4
ENSG00000254892.1	AP003396.4	chr11	119403963	119404227	4	4	4
ENSG00000154096.14	THY1	chr11	119415476	119424985	4	4	4
ENSG00000263873.1	THY1-AS1	chr11	119417951	119419114	4	4	4
ENSG00000255377.1	DUXAP5	chr11	119444991	119445519	4	4	4
ENSG00000230716.3	KRT8P7	chr11	119602875	119604306	4	4	4
ENSG00000254561.4	AP003393.1	chr11	119608423	119659284	4	4	4
ENSG00000110400.11	NECTIN1	chr11	119623408	119729200	4	4	4
ENSG00000199217.1	RNU6-1123P	chr11	119656311	119656416	4	4	4
ENSG00000255247.1	NECTIN1-AS1	chr11	119709920	119713925	4	4	4
ENSG00000254854.1	AP003390.1	chr11	119729583	119739623	4	4	4
ENSG00000254406.1	AP001994.1	chr11	119821304	119822129	4	4	4
ENSG00000287545.1	AP001994.2	chr11	119832966	119867682	4	4	4
ENSG00000288047.1	AP001994.3	chr11	119892700	119919996	4	4	4
ENSG00000286992.1	AP001360.3	chr11	119976111	120009588	4	4	4
ENSG00000254863.2	LINC02744	chr11	119987952	119995037	4	4	4
ENSG00000255216.2	AP001360.1	chr11	120008044	120013620	4	4	4
ENSG00000286731.1	AP001360.2	chr11	120026753	120028341	4	4	4
ENSG00000137699.17	TRIM29	chr11	120111286	120185529	4	4	4
ENSG00000176984.6	AP000679.1	chr11	120168977	120171679	4	4	4
ENSG00000184232.9	OAF	chr11	120211032	120230334	4	4	4
ENSG00000137709.10	POU2F3	chr11	120236640	120319945	4	4	4
ENSG00000259541.5	AP001150.1	chr11	120249759	120265932	4	4	4
ENSG00000181264.9	TLCD5	chr11	120325296	120333686	4	4	4
ENSG00000196914.9	ARHGEF12	chr11	120336413	120489937	4	4	4
ENSG00000274303.1	7SK	chr11	120365666	120365963	4	4	4
ENSG00000149403.13	GRIK4	chr11	120511746	120988906	4	4	4
ENSG00000255006.1	ELOCP22	chr11	120619934	120620267	4	4	4
ENSG00000250493.2	AP004147.1	chr11	120867933	120894797	4	4	4
ENSG00000254735.1	HMGB1P42	chr11	120936102	120936654	4	4	4
ENSG00000154114.12	TBCEL	chr11	121024072	121090775	4	4	4
ENSG00000285509.1	TBCEL-TECTA	chr11	121024125	121113108	4	4	4
ENSG00000109927.11	TECTA	chr11	121101243	121191490	4	4	4
ENSG00000254515.1	AP001124.1	chr11	121238304	121238688	4	4	4
ENSG00000244400.2	RPS4XP12	chr11	121250270	121250978	4	4	4
ENSG00000109929.10	SC5D	chr11	121292681	121313410	4	4	4
ENSG00000232460.4	BMPR1AP2	chr11	121361854	121362865	4	4	4
ENSG00000271022.1	AP002365.1	chr11	121426645	121427416	4	4	4
ENSG00000246790.2	AP000977.1	chr11	121447331	121453013	4	4	4
ENSG00000137642.13	SORL1	chr11	121452314	121633763	4	4	4
ENSG00000286044.1	AP001977.1	chr11	121674261	121928976	4	4	4
ENSG00000286023.1	AP001924.1	chr11	121979571	122025937	4	4	4
ENSG00000252556.1	RNU6-256P	chr11	122004355	122004451	4	4	4
ENSG00000286497.1	AP001924.2	chr11	122026093	122027667	4	4	4
ENSG00000255248.9	MIR100HG	chr11	122028325	122556721	4	4	4
ENSG00000207971.1	MIR125B1	chr11	122099757	122099844	4	4	4
ENSG00000259571.2	BLID	chr11	122115340	122116215	4	4	4
ENSG00000198975.2	MIRLET7A2	chr11	122146522	122146593	4	4	4
ENSG00000207994.1	MIR100	chr11	122152229	122152308	4	4	4
ENSG00000255015.1	AP000755.1	chr11	122294938	122301763	4	4	4
ENSG00000255219.1	AP000755.2	chr11	122295190	122308019	4	4	4
ENSG00000252776.1	RNU4ATAC10P	chr11	122449210	122449331	4	4	4
ENSG00000253035.1	RNU4ATAC5P	chr11	122451474	122451599	4	4	4
ENSG00000223265.1	RNU6-592P	chr11	122579205	122579307	4	4	4
ENSG00000254572.2	GLULP3	chr11	122613444	122614486	4	4	4
ENSG00000254935.1	AP002469.1	chr11	122618851	122619274	4	4	4
ENSG00000154127.10	UBASH3B	chr11	122655722	122814473	4	4	4
ENSG00000286341.1	AP002762.3	chr11	122679801	122681942	4	4	4
ENSG00000239079.1	AP002762.1	chr11	122726208	122726311	4	4	4
ENSG00000285909.1	AP002762.2	chr11	122751147	122851617	4	4	4
ENSG00000109943.9	CRTAM	chr11	122838500	122872643	4	4	4
ENSG00000109944.11	JHY	chr11	122882683	122963862	4	4	4
ENSG00000199709.1	RNU4-23P	chr11	122927034	122927173	4	4	4
ENSG00000254944.1	ATP5PBP5	chr11	122960327	122961086	4	4	4
ENSG00000188909.5	BSX	chr11	122977570	122981834	4	4	4
ENSG00000213184.3	AP003040.1	chr11	123017638	123018661	4	4	4
ENSG00000243669.2	RPL34P23	chr11	123035867	123036224	4	4	4
ENSG00000244641.2	RPS26P43	chr11	123049787	123050353	4	4	4
ENSG00000233541.4	RPL31P47	chr11	123051161	123051401	4	4	4
ENSG00000109971.14	HSPA8	chr11	123057489	123063230	4	4	4
ENSG00000200879.1	SNORD14E	chr11	123058077	123058161	4	4	4
ENSG00000207118.1	SNORD14D	chr11	123058909	123058995	4	4	4
ENSG00000202252.1	SNORD14C	chr11	123059335	123059422	4	4	4
ENSG00000288061.1	AP000926.2	chr11	123062655	123084870	4	4	4
ENSG00000166250.12	CLMP	chr11	123069872	123195248	4	4	4
ENSG00000255342.1	AP000926.1	chr11	123135923	123136376	4	4	4
ENSG00000254710.2	AP001970.1	chr11	123188802	123228502	4	4	4
ENSG00000200496.1	U8	chr11	123301390	123301523	4	4	4
ENSG00000254823.2	LINC02727	chr11	123313657	123315340	4	4	4
ENSG00000254407.1	PHBP17	chr11	123340174	123340714	4	4	4
ENSG00000023171.18	GRAMD1B	chr11	123358428	123627774	4	4	4
ENSG00000265357.1	MIR4493	chr11	123381440	123381512	4	4	4
ENSG00000254449.1	SF3A3P2	chr11	123597946	123599452	4	4	4
ENSG00000166257.9	SCN3B	chr11	123629187	123655244	4	4	4
ENSG00000254467.2	AP002765.1	chr11	123668499	123675569	4	4	4
ENSG00000166261.11	ZNF202	chr11	123723914	123741675	4	4	4
ENSG00000221931.2	OR6X1	chr11	123753488	123754545	4	4	4
ENSG00000200197.1	RNU1-21P	chr11	123763927	123764089	4	4	4
ENSG00000196099.4	OR6M1	chr11	123805335	123806387	4	4	4
ENSG00000254613.2	OR6M2P	chr11	123839035	123841930	4	4	4
ENSG00000254430.1	OR6M3P	chr11	123861822	123862521	4	4	4
ENSG00000204300.7	TMEM225	chr11	123882920	123885670	4	4	4
ENSG00000181518.4	OR8D4	chr11	123902167	123909229	4	4	4
ENSG00000171014.2	OR4D5	chr11	123939543	123940637	4	4	4
ENSG00000181499.2	OR6T1	chr11	123942785	123943873	4	4	4
ENSG00000196248.5	OR10S1	chr11	123976661	123977781	4	4	4
ENSG00000198674.3	OR10G6	chr11	123994163	123995161	4	4	4
ENSG00000226461.3	OR10G5P	chr11	124009655	124010012	4	4	4
ENSG00000254737.2	OR10G4	chr11	124012997	124018732	4	4	4
ENSG00000236981.1	OR10G9	chr11	124023013	124023948	4	4	4
ENSG00000234560.4	OR10G8	chr11	124026798	124030634	4	4	4
ENSG00000182634.9	OR10G7	chr11	124036013	124041325	4	4	4
ENSG00000213182.4	OR10D5P	chr11	124054793	124055707	4	4	4
ENSG00000186268.4	OR10D4P	chr11	124093592	124094532	4	4	4
ENSG00000213181.3	OR10N1P	chr11	124104965	124111092	4	4	4
ENSG00000110002.16	VWA5A	chr11	124115404	124147721	4	4	4
ENSG00000196403.4	OR10D1P	chr11	124158421	124159356	4	4	4
ENSG00000197309.3	OR10D3	chr11	124183345	124188780	4	4	4
ENSG00000239426.4	OR8F1P	chr11	124207183	124208112	4	4	4
ENSG00000255425.6	OR8G3P	chr11	124211707	124215828	4	4	4
ENSG00000181214.8	OR8G2P	chr11	124224732	124225666	4	4	4
ENSG00000276316.1	OR8G7P	chr11	124238420	124239486	4	4	4
ENSG00000197849.6	OR8G1	chr11	124241095	124254364	4	4	4
ENSG00000255298.4	OR8G5	chr11	124256376	124266218	4	4	4
ENSG00000255116.2	SLC5A4P1	chr11	124273970	124274581	4	4	4
ENSG00000196341.3	OR8D1	chr11	124302831	124315099	4	4	4
ENSG00000279116.2	OR8D2	chr11	124319238	124320288	4	4	4
ENSG00000254976.1	OR8B7P	chr11	124324871	124325789	4	4	4
ENSG00000255225.1	OR8B6P	chr11	124338783	124339662	4	4	4
ENSG00000255030.1	OR8B5P	chr11	124357560	124358469	4	4	4
ENSG00000227737.3	OR8B1P	chr11	124365465	124367298	4	4	4
ENSG00000229254.1	OR8C1P	chr11	124376877	124377801	4	4	4
ENSG00000284680.1	OR8B2	chr11	124382394	124384462	4	4	4
ENSG00000284609.1	OR8B3	chr11	124395534	124399024	4	4	4
ENSG00000255048.1	OR8X1P	chr11	124404234	124405102	4	4	4
ENSG00000285561.1	AP001804.1	chr11	124406997	124414792	4	4	4
ENSG00000280090.2	OR8B4	chr11	124423904	124424893	4	4	4
ENSG00000197125.3	OR8B8	chr11	124437445	124445696	4	4	4
ENSG00000255510.1	OR8A2P	chr11	124460534	124461485	4	4	4
ENSG00000229386.3	OR8B9P	chr11	124476963	124482870	4	4	4
ENSG00000254646.1	OR8B10P	chr11	124516311	124517242	4	4	4
ENSG00000255315.1	OR8A3P	chr11	124531625	124531910	4	4	4
ENSG00000254937.1	AP000916.1	chr11	124538500	124539334	4	4	4
ENSG00000170953.3	OR8B12	chr11	124539635	124545333	4	4	4
ENSG00000196119.8	OR8A1	chr11	124566660	124582942	4	4	4
ENSG00000255341.1	OR8Q1P	chr11	124601584	124602238	4	4	4
ENSG00000154143.3	PANX3	chr11	124611428	124620356	4	4	4
ENSG00000154144.13	TBRG1	chr11	124622836	124635926	4	4	4
ENSG00000110013.13	SIAE	chr11	124633113	124695707	4	4	4
ENSG00000200278.1	RNA5SP352	chr11	124636459	124636592	4	4	4
ENSG00000064199.7	SPA17	chr11	124673844	124697518	4	4	4
ENSG00000154146.13	NRGN	chr11	124739942	124747210	4	4	4
ENSG00000255045.1	AP000866.5	chr11	124744634	124746337	4	4	4
ENSG00000019102.12	VSIG2	chr11	124747474	124752255	4	4	4
ENSG00000149564.12	ESAM	chr11	124752583	124762290	4	4	4
ENSG00000250073.3	AP000866.2	chr11	124759129	124766119	4	4	4
ENSG00000120458.13	MSANTD2	chr11	124766498	124800706	4	4	4
ENSG00000279342.2	AP000866.6	chr11	124789240	124792818	4	4	4
ENSG00000254509.1	AP000866.3	chr11	124791228	124791660	4	4	4
ENSG00000245498.7	AP000866.1	chr11	124800424	124834487	4	4	4
ENSG00000254941.1	AP000866.4	chr11	124807822	124808269	4	4	4
ENSG00000154134.15	ROBO3	chr11	124865432	124881471	4	4	4
ENSG00000254568.1	AP003501.1	chr11	124883691	124887789	4	4	4
ENSG00000154133.15	ROBO4	chr11	124883691	124898500	4	4	4
ENSG00000254943.1	AP003501.2	chr11	124891304	124892126	4	4	4
ENSG00000165478.7	HEPACAM	chr11	124919205	124936412	4	4	4
ENSG00000221932.6	HEPN1	chr11	124919244	124920677	4	4	4
ENSG00000285825.2	CCDC15-DT	chr11	124949205	124954044	4	4	4
ENSG00000149548.15	CCDC15	chr11	124954121	125041489	4	4	4
ENSG00000134955.12	SLC37A2	chr11	125063302	125090516	4	4	4
ENSG00000150433.9	TMEM218	chr11	125096545	125111763	4	4	4
ENSG00000187686.4	KRT18P59	chr11	125113161	125126781	4	4	4
ENSG00000255475.1	AP001007.2	chr11	125132847	125139587	4	4	4
ENSG00000254880.1	PKNOX2-AS1	chr11	125158461	125164609	4	4	4
ENSG00000165495.16	PKNOX2	chr11	125164687	125433389	4	4	4
ENSG00000259290.1	AP001007.3	chr11	125188115	125191404	4	4	4
ENSG00000254932.2	AP001007.1	chr11	125258626	125266798	4	4	4
ENSG00000222844.1	RNU6-321P	chr11	125277552	125277657	4	4	4
ENSG00000149557.14	FEZ1	chr11	125442881	125592568	4	4	4
ENSG00000255537.1	AP000708.1	chr11	125495214	125499528	4	4	4
ENSG00000149547.15	EI24	chr11	125569280	125584684	4	4	4
ENSG00000222297.1	RNU6-1156P	chr11	125574719	125574818	4	4	4
ENSG00000134910.14	STT3A	chr11	125591712	125625215	4	4	4
ENSG00000149554.13	CHEK1	chr11	125625665	125676255	4	4	4
ENSG00000252255.1	RNU2-35P	chr11	125649746	125649887	4	4	4
ENSG00000134940.14	ACRV1	chr11	125671522	125680874	4	4	4
ENSG00000171053.10	PATE1	chr11	125746279	125749867	4	4	4
ENSG00000196844.9	PATE2	chr11	125776113	125778828	4	4	4
ENSG00000236027.3	PATE3	chr11	125788127	125791600	4	4	4
ENSG00000237353.7	PATE4	chr11	125833316	125840072	4	4	4
ENSG00000260209.1	AP000842.3	chr11	125873031	125874528	4	4	4
ENSG00000198331.11	HYLS1	chr11	125883614	125900646	4	4	4
ENSG00000110060.9	PUS3	chr11	125893485	125903221	4	4	4
ENSG00000255027.2	AP000842.2	chr11	125903247	125938916	4	4	4
ENSG00000109832.14	DDX25	chr11	125903348	125943702	4	4	4
ENSG00000254790.1	AP000842.1	chr11	125940496	125941193	4	4	4
ENSG00000283703.2	VSIG10L2	chr11	125946056	125958647	4	4	4
ENSG00000064309.14	CDON	chr11	125955796	126063335	4	4	4
ENSG00000254759.1	NAP1L1P1	chr11	126067539	126068601	4	4	4
ENSG00000261257.1	AP000821.1	chr11	126100505	126102413	4	4	4
ENSG00000287666.1	AP000821.2	chr11	126121889	126128081	4	4	4
ENSG00000254833.1	AP001893.3	chr11	126160714	126176035	4	4	4
ENSG00000254771.1	AP001893.2	chr11	126179497	126179698	4	4	4
ENSG00000165526.9	RPUSD4	chr11	126202096	126211692	4	4	4
ENSG00000254694.1	AP001893.1	chr11	126208611	126209027	4	4	4
ENSG00000197798.9	FAM118B	chr11	126211724	126262984	4	4	4
ENSG00000222067.1	RNU4-86P	chr11	126214260	126214478	4	4	4
ENSG00000240098.3	RN7SL351P	chr11	126245035	126245282	4	4	4
ENSG00000182934.12	SRPRA	chr11	126262938	126269144	4	4	4
ENSG00000110074.11	FOXRED1	chr11	126269055	126278131	4	4	4
ENSG00000243607.3	RPL35AP26	chr11	126278257	126278577	4	4	4
ENSG00000150455.13	TIRAP	chr11	126283065	126298845	4	4	4
ENSG00000254905.1	AP001318.1	chr11	126292922	126294254	4	4	4
ENSG00000255062.1	AP001318.2	chr11	126294298	126304318	4	4	4
ENSG00000110063.10	DCPS	chr11	126304060	126350005	4	4	4
ENSG00000280832.1	GSEC	chr11	126340889	126355587	4	4	4
ENSG00000110080.20	ST3GAL4	chr11	126355640	126440344	4	4	4
ENSG00000278215.1	AP001318.3	chr11	126376773	126376893	4	4	4
ENSG00000149571.12	KIRREL3	chr11	126423358	127003460	4	4	4
ENSG00000257271.1	KIRREL3-AS1	chr11	126543947	126610948	4	4	4
ENSG00000254607.2	AP001783.1	chr11	126652852	126682104	4	4	4
ENSG00000254938.1	AP002833.1	chr11	126920188	126940659	4	4	4
ENSG00000279358.1	AP002833.3	chr11	126934886	126937150	4	4	4
ENSG00000254960.2	KIRREL3-AS2	chr11	126940746	126945090	4	4	4
ENSG00000266215.1	MIR3167	chr11	126988458	126988542	4	4	4
ENSG00000255317.1	AP002833.2	chr11	126992452	126995458	4	4	4
ENSG00000218109.5	KIRREL3-AS3	chr11	127002910	127006058	4	4	4
ENSG00000255087.4	AP001993.1	chr11	127021736	127172363	4	4	4
ENSG00000272642.2	AP003121.1	chr11	127188885	127223449	4	4	4
ENSG00000273409.3	LINC02712	chr11	127271029	127337033	4	4	4
ENSG00000222774.1	RN7SKP121	chr11	127406028	127406332	4	4	4
ENSG00000223315.1	RN7SKP279	chr11	127407851	127408148	4	4	4
ENSG00000254591.1	AP003532.1	chr11	127657568	127657877	4	4	4
ENSG00000254612.2	DNAJB6P1	chr11	127940913	127941654	4	4	4
ENSG00000273415.3	LINC02725	chr11	128095758	128183671	4	4	4
ENSG00000272575.7	LINC02098	chr11	128208749	128241441	4	4	4
ENSG00000134954.14	ETS1	chr11	128458761	128587558	4	4	4
ENSG00000276176.1	MIR6090	chr11	128522390	128522449	4	4	4
ENSG00000254588.1	ETS1-AS1	chr11	128526142	128530389	4	4	4
ENSG00000245008.4	AP001122.1	chr11	128614340	128686922	4	4	4
ENSG00000151702.17	FLI1	chr11	128686535	128813267	4	4	4
ENSG00000254703.2	SENCR	chr11	128691672	128696023	4	4	4
ENSG00000151704.16	KCNJ1	chr11	128836315	128867373	4	4	4
ENSG00000255369.1	AP000920.1	chr11	128880325	128880668	4	4	4
ENSG00000120457.12	KCNJ5	chr11	128891356	128921163	4	4	4
ENSG00000174370.11	C11orf45	chr11	128899565	128906035	4	4	4
ENSG00000120471.15	TP53AIP1	chr11	128934731	128943399	4	4	4
ENSG00000134909.18	ARHGAP32	chr11	128965060	129279324	4	4	4
ENSG00000212597.1	RNU6-876P	chr11	128993237	128993340	4	4	4
ENSG00000206847.1	Y_RNA	chr11	129030459	129030572	4	4	4
ENSG00000199260.1	RNU6-874P	chr11	129202966	129203070	4	4	4
ENSG00000255259.2	ZNF123P	chr11	129295286	129296481	4	4	4
ENSG00000043039.7	BARX2	chr11	129375848	129452279	4	4	4
ENSG00000240121.1	RPS27P20	chr11	129537869	129538114	4	4	4
ENSG00000281386.1	AP003500.1	chr11	129591493	129612110	4	4	4
ENSG00000281097.1	LINC01395	chr11	129612116	129617269	4	4	4
ENSG00000287426.1	AP003327.2	chr11	129761713	129814690	4	4	4
ENSG00000255188.1	AP003327.1	chr11	129788064	129788190	4	4	4
ENSG00000151715.8	TMEM45B	chr11	129815848	129860003	4	4	4
ENSG00000170322.14	NFRKB	chr11	129863636	129895590	4	4	4
ENSG00000170325.15	PRDM10	chr11	129899706	130002835	4	4	4
ENSG00000233220.3	LINC00167	chr11	130002938	130004356	4	4	4
ENSG00000255057.1	AP003041.1	chr11	130008586	130009765	4	4	4
ENSG00000255262.3	ELOBP2	chr11	130032866	130033220	4	4	4
ENSG00000255535.2	AP003041.2	chr11	130040365	130041071	4	4	4
ENSG00000084234.18	APLP2	chr11	130068147	130144811	4	4	4
ENSG00000244451.1	RPL34P21	chr11	130082495	130082781	4	4	4
ENSG00000274197.1	U4	chr11	130114251	130114335	4	4	4
ENSG00000149418.11	ST14	chr11	130159782	130210362	4	4	4
ENSG00000196323.14	ZBTB44	chr11	130226677	130314917	4	4	4
ENSG00000255358.1	NDUFAF2P2	chr11	130285023	130285833	4	4	4
ENSG00000255220.1	DDX18P5	chr11	130295641	130296946	4	4	4
ENSG00000272412.2	RN7SL778P	chr11	130310180	130310476	4	4	4
ENSG00000175773.13	ZBTB44-DT	chr11	130314993	130403657	4	4	4
ENSG00000134917.10	ADAMTS8	chr11	130404923	130428609	4	4	4
ENSG00000166106.3	ADAMTS15	chr11	130448974	130476641	4	4	4
ENSG00000255155.1	AP004371.1	chr11	130544643	130544856	4	4	4
ENSG00000236616.3	BAK1P2	chr11	130546799	130547429	4	4	4
ENSG00000274999.1	MIR8052	chr11	130666735	130666803	4	4	4
ENSG00000175728.4	LINC02873	chr11	130672956	130717352	4	4	4
ENSG00000288013.1	AP003486.2	chr11	130771413	130785533	4	4	4
ENSG00000255352.1	PPP1R10P1	chr11	130789231	130791025	4	4	4
ENSG00000254842.6	LINC02551	chr11	130844191	130865561	4	4	4
ENSG00000120451.11	SNX19	chr11	130866250	130916479	4	4	4
ENSG00000255455.2	AP003486.1	chr11	130866254	130870247	4	4	4
ENSG00000242673.3	RN7SL167P	chr11	131004128	131004429	4	4	4
ENSG00000236129.1	AP002856.3	chr11	131187022	131189753	4	4	4
ENSG00000227125.1	AP002856.1	chr11	131204999	131215163	4	4	4
ENSG00000237612.1	AP002856.4	chr11	131234538	131251816	4	4	4
ENSG00000231698.2	AP002856.2	chr11	131253422	131350917	4	4	4
ENSG00000182667.14	NTM	chr11	131370478	132336822	4	4	4
ENSG00000252351.1	RNU6ATAC12P	chr11	131385249	131385363	4	4	4
ENSG00000237654.6	AP003025.1	chr11	131502735	131540867	4	4	4
ENSG00000285980.2	AP003025.2	chr11	131542030	131581145	4	4	4
ENSG00000224795.3	NTM-AS1	chr11	131622451	131663583	4	4	4
ENSG00000271624.1	AP004372.1	chr11	131770795	131771638	4	4	4
ENSG00000238117.1	AP000844.2	chr11	131877680	131897108	4	4	4
ENSG00000224700.2	AP000844.1	chr11	131981096	131984661	4	4	4
ENSG00000238262.1	NTM-IT	chr11	132284302	132285081	4	4	4
ENSG00000279090.1	AP000843.1	chr11	132403360	132404060	4	4	4
ENSG00000183715.13	OPCML	chr11	132414977	133532519	4	4	4
ENSG00000283489.1	U6	chr11	132525809	132525887	4	4	4
ENSG00000279497.1	AP003784.1	chr11	132771623	132773371	4	4	4
ENSG00000255371.1	OPCML-IT2	chr11	132859245	132860077	4	4	4
ENSG00000279711.1	AP004782.1	chr11	133064697	133068129	4	4	4
ENSG00000279189.1	AP003972.1	chr11	133297189	133302634	4	4	4
ENSG00000254896.1	OPCML-IT1	chr11	133360029	133366080	4	4	4
ENSG00000287068.1	AP004606.1	chr11	133532415	133549866	4	4	4
ENSG00000255258.2	LINC02743	chr11	133783671	133810376	4	4	4
ENSG00000166118.8	SPATA19	chr11	133840631	133845538	4	4	4
ENSG00000213153.3	AP001979.1	chr11	133864877	133865627	4	4	4
ENSG00000080854.16	IGSF9B	chr11	133896438	133956968	4	4	4
ENSG00000284020.1	MIR4697	chr11	133898504	133898581	4	4	4
ENSG00000255406.3	LINC02730	chr11	134008215	134030167	4	4	4
ENSG00000204241.8	LINC02731	chr11	134032216	134067936	4	4	4
ENSG00000254648.1	AP000911.1	chr11	134035832	134037107	4	4	4
ENSG00000166086.13	JAM3	chr11	134069071	134152001	4	4	5
ENSG00000254481.1	PTP4A2P2	chr11	134123828	134124329	4	4	4
ENSG00000151503.13	NCAPD3	chr11	134150113	134225454	4	4	4
ENSG00000254616.1	AP001775.1	chr11	134173095	134173680	4	4	4
ENSG00000255348.1	AP001775.2	chr11	134178824	134186166	4	4	4
ENSG00000151502.11	VPS26B	chr11	134224671	134247788	4	4	4
ENSG00000151500.15	THYN1	chr11	134248279	134253370	4	4	4
ENSG00000151498.12	ACAD8	chr11	134253548	134265855	4	4	4
ENSG00000166105.16	GLB1L3	chr11	134274245	134319564			
ENSG00000254442.1	AP000859.1	chr11	134316782	134317088			
ENSG00000149328.15	GLB1L2	chr11	134331874	134378341			
ENSG00000109956.13	B3GAT1	chr11	134378504	134412242			
ENSG00000255545.8	B3GAT1-DT	chr11	134412284	134505665			
ENSG00000254573.1	AP004550.1	chr11	134563396	134573056			
ENSG00000286374.1	AP001999.3	chr11	134655769	134661206			
ENSG00000254989.1	AP001999.1	chr11	134671426	134672024			
ENSG00000285640.1	AP001999.2	chr11	134685044	134702004			
ENSG00000255344.2	LINC02706	chr11	134712539	134716250			
ENSG00000251226.1	LINC02714	chr11	134735596	134763810			
ENSG00000287251.1	AP003062.2	chr11	134945118	134980574			
ENSG00000255327.1	LINC02697	chr11	134950708	134951568			
ENSG00000279046.1	AP003062.1	chr11	134985683	134986799			
ENSG00000285735.2	LINC02717	chr11	134994982	135007779			
ENSG00000255512.2	LINC02684	chr11	135061781	135075908			
ENSG00000256263.1	DDX11L8	chr12	12310	13501			
ENSG00000226210.3	WASH8P	chr12	14522	32015			
ENSG00000249054.2	FAM138D	chr12	36602	38133			
ENSG00000120645.12	IQSEC3	chr12	66767	178455			
ENSG00000256948.1	AC026369.3	chr12	106524	111850			
ENSG00000249695.6	AC026369.1	chr12	137411	149169			
ENSG00000256694.1	AC026369.2	chr12	164664	166321			
ENSG00000256540.1	AC007406.3	chr12	166856	182399			
ENSG00000111181.12	SLC6A12	chr12	190077	214570			
ENSG00000255671.1	AC007406.1	chr12	193036	194130			
ENSG00000256577.2	SLC6A12-AS1	chr12	203642	205094			
ENSG00000010379.16	SLC6A13	chr12	220621	262873			
ENSG00000255746.1	AC007406.2	chr12	253442	257299			
ENSG00000261799.1	AC007406.4	chr12	273954	277123			
ENSG00000073614.13	KDM5A	chr12	280057	389320			
ENSG00000120647.10	CCDC77	chr12	389273	442642			
ENSG00000139044.12	B4GALNT3	chr12	459939	563509			
ENSG00000171840.12	NINJ2	chr12	564296	663779			
ENSG00000256020.1	AC006205.2	chr12	585865	586486			
ENSG00000238370.1	RNU7-103P	chr12	589530	589589			
ENSG00000255825.1	AC006205.1	chr12	590633	591269			
ENSG00000177406.5	NINJ2-AS1	chr12	630858	664196			
ENSG00000256672.1	LINC02455	chr12	674801	684127			
ENSG00000060237.18	WNK1	chr12	752579	911452	3	3	3
ENSG00000221439.1	RNU4ATAC16P	chr12	781133	781258	3	3	3
ENSG00000285704.1	AC004765.1	chr12	865288	867139	3	3	3
ENSG00000002016.18	RAD52	chr12	911736	990053	3	3	3
ENSG00000250132.6	AC004803.1	chr12	974133	991190	3	3	3
ENSG00000082805.20	ERC1	chr12	990509	1495933	3	3	3
ENSG00000275811.1	HTR1DP1	chr12	1151810	1153059	3	3	3
ENSG00000249028.2	AC004672.1	chr12	1380060	1391502	3	3	3
ENSG00000267285.1	AC004672.2	chr12	1385833	1386987	3	3	3
ENSG00000249628.3	LINC00942	chr12	1500525	1504424	3	3	3
ENSG00000111186.13	WNT5B	chr12	1529891	1647212	3	3	3
ENSG00000171823.7	FBXL14	chr12	1565993	1594581	3	3	3
ENSG00000266043.1	MIR3649	chr12	1660315	1660380	3	3	3
ENSG00000006831.10	ADIPOR2	chr12	1688574	1788674	3	3	3
ENSG00000271500.1	AC005183.1	chr12	1695830	1698044	3	3	3
ENSG00000285627.1	AC005343.4	chr12	1741197	1747099	3	3	3
ENSG00000243663.1	RPS4XP14	chr12	1757231	1758011	3	3	3
ENSG00000151062.15	CACNA2D4	chr12	1791963	1918666	3	3	3
ENSG00000287698.1	AC005343.7	chr12	1800862	1807486	3	3	3
ENSG00000166159.11	LRTM2	chr12	1820267	1836753	3	3	3
ENSG00000256706.1	AC005342.2	chr12	1917951	1922867	3	3	3
ENSG00000235049.1	LINC00940	chr12	1929202	1936574	3	3	3
ENSG00000151065.14	DCP1B	chr12	1946053	2004535	3	3	3
ENSG00000151067.22	CACNA1C	chr12	1970786	2697950	3	3	3
ENSG00000203593.3	AC005342.1	chr12	2004666	2011392	3	3	3
ENSG00000256837.1	CACNA1C-IT1	chr12	2018213	2020532	3	3	3
ENSG00000256257.1	CACNA1C-IT2	chr12	2048352	2049463	3	3	3
ENSG00000278255.1	AC005344.1	chr12	2217462	2217920	3	3	3
ENSG00000256025.2	CACNA1C-AS4	chr12	2219485	2223479	3	3	3
ENSG00000256721.1	CACNA1C-IT3	chr12	2269776	2288937	3	3	3
ENSG00000285555.1	AC005293.1	chr12	2332861	2335702	3	3	3
ENSG00000285734.1	AC005414.1	chr12	2440189	2457392	3	3	3
ENSG00000256769.1	CACNA1C-AS3	chr12	2603350	2607440	3	3	3
ENSG00000203648.3	AC007618.1	chr12	2659937	2660969	3	3	3
ENSG00000256271.1	CACNA1C-AS2	chr12	2668500	2672220	3	3	3
ENSG00000246627.6	CACNA1C-AS1	chr12	2676001	2691200	3	3	3
ENSG00000256150.2	ITFG2-AS1	chr12	2695765	2812902	3	3	3
ENSG00000283587.1	AC092471.2	chr12	2726400	2727050	3	3	3
ENSG00000274659.2	LINC02371	chr12	2740064	2746662	3	3	3
ENSG00000256902.1	IQSEC3P1	chr12	2752597	2753132	3	3	3
ENSG00000255669.2	AC092471.1	chr12	2761200	2775658	3	3	3
ENSG00000224438.3	RPL23AP14	chr12	2781904	2782371	3	3	3
ENSG00000256030.1	CBX3P4	chr12	2786931	2794295	3	3	3
ENSG00000004478.8	FKBP4	chr12	2794970	2805423	3	3	3
ENSG00000258325.2	ITFG2-AS1	chr12	2796877	2812902	3	3	3
ENSG00000258092.1	AC005841.1	chr12	2797136	2803938	3	3	3
ENSG00000111203.13	ITFG2	chr12	2812622	2859791	3	3	3
ENSG00000053702.15	NRIP2	chr12	2825348	2835544	3	3	3
ENSG00000283297.2	TEX52	chr12	2849046	2857039	3	3	3
ENSG00000111206.13	FOXM1	chr12	2857680	2877174	3	3	3
ENSG00000171792.11	RHNO1	chr12	2876258	2889524	3	3	3
ENSG00000078246.17	TULP3	chr12	2877223	2941138	3	3	3
ENSG00000278356.1	AC005911.1	chr12	2885819	2886329	3	3	3
ENSG00000252996.1	RNU6-1315P	chr12	2954240	2954338	3	3	3
ENSG00000197905.10	TEAD4	chr12	2959330	3040676	3	3	3
ENSG00000250899.3	AC125807.2	chr12	3041437	3044950	3	3	3
ENSG00000234589.4	AC125807.1	chr12	3071532	3072145	3	3	3
ENSG00000011105.14	TSPAN9	chr12	3077355	3286564	3	3	3
ENSG00000278469.1	Metazoa_SRP	chr12	3124777	3125063	3	3	3
ENSG00000256197.1	TSPAN9-IT1	chr12	3149797	3151476	3	3	3
ENSG00000275850.1	AC005912.2	chr12	3171657	3174056	3	3	3
ENSG00000227081.5	AC005912.1	chr12	3211663	3211917	3	3	3
ENSG00000250770.3	AC005865.1	chr12	3296202	3366122	3	3	3
ENSG00000287712.1	AC005865.2	chr12	3300698	3318677	3	3	3
ENSG00000236908.2	LINC02827	chr12	3318718	3325343	3	3	3
ENSG00000257048.1	LINC02417	chr12	3367833	3371346	3	3	3
ENSG00000111218.12	PRMT8	chr12	3381349	3593973	3	3	3
ENSG00000256691.1	AC005908.2	chr12	3462718	3463586	3	3	3
ENSG00000243507.1	AC005908.1	chr12	3468950	3469296	3	3	3
ENSG00000287243.2	THCAT155	chr12	3483714	3492819	3	3	3
ENSG00000130038.10	CRACR2A	chr12	3606633	3764819	3	3	3
ENSG00000280202.1	AC005831.1	chr12	3610307	3612003	3	3	3
ENSG00000222338.1	RNU6-174P	chr12	3726222	3726327	3	3	3
ENSG00000283138.1	AC006207.1	chr12	3752518	3757842	3	3	3
ENSG00000111224.14	PARP11	chr12	3791047	3873448	3	3	3
ENSG00000118976.5	OTUD4P1	chr12	3839459	3842525	3	3	3
ENSG00000256862.3	PARP11-AS1	chr12	3871579	3910382	3	3	3
ENSG00000256969.2	AC084375.1	chr12	4012902	4026658	3	3	3
ENSG00000256356.1	HSPA8P5	chr12	4097451	4099519	3	3	3
ENSG00000242444.3	AC007207.1	chr12	4109661	4118132	3	3	3
ENSG00000255920.3	CCND2-AS1	chr12	4247981	4276252	3	3	3
ENSG00000118971.9	CCND2	chr12	4269771	4305353	3	3	3
ENSG00000285901.2	AC008012.1	chr12	4273762	4405490	3	3	3
ENSG00000078237.7	TIGAR	chr12	4307763	4360028	3	3	3
ENSG00000213970.4	AC006122.1	chr12	4323724	4324811	3	3	3
ENSG00000118972.3	FGF23	chr12	4368227	4379712	3	3	3
ENSG00000111241.2	FGF6	chr12	4428155	4445614	3	3	3
ENSG00000047621.12	C12orf4	chr12	4487735	4538508	3	3	3
ENSG00000111247.15	RAD51AP1	chr12	4538798	4560047	3	3	3
ENSG00000010219.13	DYRK4	chr12	4562204	4615302	3	3	3
ENSG00000256748.1	AC005832.2	chr12	4601991	4603420	3	3	3
ENSG00000272921.1	AC005832.4	chr12	4604944	4662643	3	3	3
ENSG00000111254.8	AKAP3	chr12	4615508	4649051	3	3	3
ENSG00000256799.1	AC005832.3	chr12	4635349	4636140	3	3	3
ENSG00000256381.1	AC005832.1	chr12	4645496	4648027	3	3	3
ENSG00000139180.11	NDUFA9	chr12	4649095	4694317	3	3	3
ENSG00000255639.3	AC005833.1	chr12	4649101	4774184	3	3	3
ENSG00000255474.1	GAU1	chr12	4700417	4720102	3	3	3
ENSG00000130035.9	GALNT8	chr12	4720400	4851927	3	3	3
ENSG00000256988.2	AC005833.2	chr12	4804499	4830747	3	3	3
ENSG00000151079.7	KCNA6	chr12	4809176	4813412	3	3	3
ENSG00000255608.1	AC006063.1	chr12	4838955	4842675	3	3	3
ENSG00000286866.1	AC006063.3	chr12	4857283	4859904	3	3	3
ENSG00000287835.1	AC006063.4	chr12	4906393	4909265	3	3	3
ENSG00000256654.4	AC005906.2	chr12	4909867	5026012	3	3	3
ENSG00000111262.6	KCNA1	chr12	4909905	4918256	3	3	3
ENSG00000284513.1	AC006063.2	chr12	4960113	4963450	3	3	3
ENSG00000255996.1	AC005906.1	chr12	5032388	5032941	3	3	3
ENSG00000130037.5	KCNA5	chr12	5043879	5046788	3	3	3
ENSG00000285523.1	AC005906.3	chr12	5088002	5092742	3	3	3
ENSG00000256115.6	LINC02443	chr12	5226196	5244199	3	3	3
ENSG00000256417.1	AC006206.2	chr12	5290480	5383653	3	3	3
ENSG00000256146.1	AC006206.1	chr12	5315961	5319347	3	3	3
ENSG00000256218.1	AC007848.2	chr12	5366048	5367774	3	3	3
ENSG00000255983.1	AC007848.1	chr12	5388589	5406651	3	3	3
ENSG00000185652.12	NTF3	chr12	5432108	5521536	3	3	3
ENSG00000047617.15	ANO2	chr12	5531869	5946232	3	3	3
ENSG00000255973.1	AC137627.1	chr12	5583797	5584085	3	3	3
ENSG00000110799.14	VWF	chr12	5948877	6124770	3	3	3
ENSG00000240533.3	RN7SL69P	chr12	6095699	6095970	3	3	3
ENSG00000255775.1	AC005845.1	chr12	6155035	6160719	3	3	3
ENSG00000010278.15	CD9	chr12	6199715	6238271	3	3	3
ENSG00000202318.1	Y_RNA	chr12	6234345	6234455	3	3	3
ENSG00000256103.2	ATP5MFP5	chr12	6270168	6270425	3	3	3
ENSG00000008323.15	PLEKHG6	chr12	6310436	6328506	3	3	3
ENSG00000067182.8	TNFRSF1A	chr12	6328757	6342114	3	3	3
ENSG00000265388.2	RN7SL391P	chr12	6344554	6344837	3	3	3
ENSG00000111319.13	SCNN1A	chr12	6346843	6377730	3	3	3
ENSG00000111321.11	LTBR	chr12	6375045	6391571	3	3	3
ENSG00000256433.3	AC005840.2	chr12	6393879	6396148	3	3	3
ENSG00000213942.3	AC005840.1	chr12	6409637	6410013	3	3	3
ENSG00000224906.3	SRP14P1	chr12	6438498	6438852	3	3	3
ENSG00000215039.7	CD27-AS1	chr12	6439001	6451567	3	3	3
ENSG00000139193.4	CD27	chr12	6444955	6451718	3	3	3
ENSG00000139192.12	TAPBPL	chr12	6451690	6466517	3	3	3
ENSG00000139190.17	VAMP1	chr12	6462237	6470677	3	3	3
ENSG00000276718.1	AC005840.4	chr12	6466537	6467135	3	3	3
ENSG00000256913.1	AC005840.3	chr12	6477714	6480207	3	3	3
ENSG00000111639.8	MRPL51	chr12	6491886	6493841	3	3	3
ENSG00000010292.13	NCAPD2	chr12	6493356	6531955	3	3	3
ENSG00000239002.3	SCARNA10	chr12	6510222	6510551	3	3	3
ENSG00000276232.1	AC006064.5	chr12	6510275	6510522	3	3	3
ENSG00000255966.1	AC006064.3	chr12	6532290	6533498	3	3	3
ENSG00000111640.15	GAPDH	chr12	6534512	6538374	3	3	3
ENSG00000269968.1	AC006064.4	chr12	6537794	6538370	3	3	3
ENSG00000010295.20	IFFO1	chr12	6538961	6556073	3	3	3
ENSG00000245667.2	AC006064.1	chr12	6543504	6544931	3	3	3
ENSG00000111641.12	NOP2	chr12	6556863	6568691	3	3	3
ENSG00000285238.2	AC006064.6	chr12	6556886	6607367	3	3	3
ENSG00000111642.16	CHD4	chr12	6570082	6614524	3	3	3
ENSG00000247853.2	AC006064.2	chr12	6578622	6584739	3	3	3
ENSG00000251898.1	SCARNA11	chr12	6581474	6581609	3	3	3
ENSG00000184574.10	LPAR5	chr12	6618835	6635960	3	3	3
ENSG00000111644.8	ACRBP	chr12	6638075	6647433	3	3	3
ENSG00000111653.20	ING4	chr12	6650301	6663142	3	3	3
ENSG00000219410.6	AC125494.1	chr12	6663260	6672069	3	3	3
ENSG00000126746.17	ZNF384	chr12	6666477	6689572	3	3	3
ENSG00000139200.14	PIANP	chr12	6693791	6700815	3	3	3
ENSG00000252186.1	RNU6-781P	chr12	6709452	6709552	3	3	3
ENSG00000270068.1	AC125494.3	chr12	6723233	6723687	3	3	3
ENSG00000111652.10	COPS7A	chr12	6724014	6731875	3	3	3
ENSG00000269892.1	AC125494.2	chr12	6742985	6743641	3	3	3
ENSG00000089693.11	MLF2	chr12	6747996	6767475	3	3	3
ENSG00000159335.18	PTMS	chr12	6765516	6770952	3	3	3
ENSG00000089692.9	LAG3	chr12	6772512	6778455	3	3	3
ENSG00000244532.1	RN7SL380P	chr12	6783854	6784161	3	3	3
ENSG00000010610.10	CD4	chr12	6786858	6820799	3	3	3
ENSG00000250510.8	GPR162	chr12	6821624	6829972	3	3	3
ENSG00000110811.20	P3H3	chr12	6828407	6839847	3	3	3
ENSG00000111664.11	GNB3	chr12	6839954	6847393	3	3	3
ENSG00000111665.12	CDCA3	chr12	6844793	6851292	3	3	3
ENSG00000111667.14	USP5	chr12	6852148	6866632	3	3	3
ENSG00000111669.15	TPI1	chr12	6867119	6870948	3	3	3
ENSG00000111671.10	SPSB2	chr12	6870935	6889358	3	3	3
ENSG00000240370.6	RPL13P5	chr12	6873389	6884741	3	3	3
ENSG00000010626.15	LRRC23	chr12	6873569	6914241	3	3	3
ENSG00000248593.3	DSTNP2	chr12	6884682	6885786	3	3	3
ENSG00000275703.1	U47924.3	chr12	6899752	6900212	3	3	3
ENSG00000111674.9	ENO2	chr12	6913745	6923698	3	3	3
ENSG00000111676.15	ATN1	chr12	6924463	6942321	3	3	3
ENSG00000111678.11	C12orf57	chr12	6942978	6946003	3	3	3
ENSG00000272173.1	U47924.2	chr12	6943508	6944604	3	3	3
ENSG00000238923.1	RNU7-1	chr12	6943816	6943878	3	3	3
ENSG00000111679.17	PTPN6	chr12	6946468	6961316	3	3	3
ENSG00000257084.1	MIR200CHG	chr12	6963246	6964447	3	3	3
ENSG00000207713.3	MIR200C	chr12	6963699	6963766	3	3	3
ENSG00000207708.1	MIR141	chr12	6964097	6964191	3	3	3
ENSG00000271969.1	U47924.1	chr12	6964949	6965382	3	3	3
ENSG00000215021.10	PHB2	chr12	6965327	6970780	3	3	3
ENSG00000238795.1	SCARNA12	chr12	6967337	6967606	3	3	3
ENSG00000126749.16	EMG1	chr12	6970913	6997428	3	3	3
ENSG00000111684.11	LPCAT3	chr12	6976185	7018477	3	3	3
ENSG00000182326.15	C1S	chr12	6988259	7071032	3	3	3
ENSG00000239701.1	AC006512.1	chr12	7032108	7032398	3	3	3
ENSG00000257078.1	AC006512.2	chr12	7041156	7041641	3	3	3
ENSG00000159403.18	C1R	chr12	7080214	7092540	3	3	3
ENSG00000139178.11	C1RL	chr12	7089587	7109238	3	3	3
ENSG00000205885.7	C1RL-AS1	chr12	7108052	7122501	3	3	3
ENSG00000139194.8	RBP5	chr12	7115736	7128889	3	3	3
ENSG00000200345.2	RNU6-485P	chr12	7118785	7118891	3	3	3
ENSG00000256967.1	AC018653.3	chr12	7129079	7131198	3	3	3
ENSG00000139182.15	CLSTN3	chr12	7129698	7158945	3	3	3
ENSG00000285770.1	AC018653.4	chr12	7146482	7147817	3	3	3
ENSG00000255572.1	AC018653.1	chr12	7166674	7189069	3	3	3
ENSG00000139197.11	PEX5	chr12	7188685	7218574	3	3	3
ENSG00000256480.1	AC018653.2	chr12	7237432	7240986	3	3	3
ENSG00000215009.5	ACSM4	chr12	7304284	7328724	3	3	3
ENSG00000177675.9	CD163L1	chr12	7346685	7479897	3	3	3
ENSG00000255836.1	AC131206.1	chr12	7438780	7439990	3	3	3
ENSG00000177575.13	CD163	chr12	7470811	7503893	3	3	3
ENSG00000235868.3	GAPDHP31	chr12	7566369	7567382	3	3	3
ENSG00000256331.1	NIFKP3	chr12	7604350	7605214	3	3	3
ENSG00000255977.1	AC006927.1	chr12	7606834	7607331	3	3	3
ENSG00000284327.1	AC006927.2	chr12	7619872	7620260	3	3	3
ENSG00000284591.1	AC006927.4	chr12	7620542	7621450	3	3	3
ENSG00000284522.1	AC006927.3	chr12	7626103	7626486	3	3	3
ENSG00000285142.1	AC006927.5	chr12	7637396	7647086	3	3	3
ENSG00000111701.7	APOBEC1	chr12	7649400	7665908	3	3	3
ENSG00000184344.4	GDF3	chr12	7689784	7695775	3	3	3
ENSG00000187569.3	DPPA3	chr12	7711433	7717559	3	3	3
ENSG00000198178.11	CLEC4C	chr12	7729383	7751605	3	3	3
ENSG00000205857.2	NANOGNB	chr12	7765216	7774121	3	3	3
ENSG00000201549.1	Y_RNA	chr12	7784403	7784511	3	3	3
ENSG00000111704.11	NANOG	chr12	7787794	7799146	3	3	3
ENSG00000199912.1	Y_RNA	chr12	7800361	7800467	3	3	3
ENSG00000173262.12	SLC2A14	chr12	7812512	7891148	3	3	3
ENSG00000287713.1	AC006517.2	chr12	7838914	7844395	3	3	3
ENSG00000201663.1	Y_RNA	chr12	7850717	7850818	3	3	3
ENSG00000278459.1	Metazoa_SRP	chr12	7856169	7856471	3	3	3
ENSG00000241828.2	AC006517.1	chr12	7860437	7860764	3	3	3
ENSG00000255885.1	AC124891.1	chr12	7870852	7871370	3	3	3
ENSG00000176654.12	NANOGP1	chr12	7890801	7900140	3	3	3
ENSG00000255356.2	AC007536.1	chr12	7896608	7896956	3	3	3
ENSG00000059804.16	SLC2A3	chr12	7919230	7936187	3	3	3
ENSG00000288043.1	AC006511.6	chr12	7954216	7972759	3	3	3
ENSG00000206636.1	Y_RNA	chr12	7976259	7976360	3	3	3
ENSG00000240739.1	AC006511.1	chr12	7994770	7995084	3	3	3
ENSG00000282080.1	AC006511.4	chr12	8014093	8019007	3	3	3
ENSG00000255964.1	HSPD1P12	chr12	8015024	8016406	3	3	3
ENSG00000255581.1	AC006511.2	chr12	8017201	8017860	3	3	3
ENSG00000065970.9	FOXJ2	chr12	8032716	8055517	3	3	3
ENSG00000171860.5	C3AR1	chr12	8056844	8066359	3	3	3
ENSG00000089818.18	NECAP1	chr12	8076939	8097881	3	3	3
ENSG00000279865.1	AC006511.3	chr12	8080381	8082163	3	3	3
ENSG00000284697.1	AC006511.5	chr12	8082269	8138548	3	3	3
ENSG00000111729.14	CLEC4A	chr12	8123632	8138607	3	3	3
ENSG00000235602.5	POU5F1P3	chr12	8133772	8134849	3	3	3
ENSG00000284393.1	AC092111.3	chr12	8138140	8175320	3	3	3
ENSG00000256171.1	GCSHP4	chr12	8141168	8142697	3	3	3
ENSG00000196946.10	ZNF705A	chr12	8157034	8188537	3	3	3
ENSG00000226711.7	FAM66C	chr12	8180209	8216151	3	3	3
ENSG00000244050.2	DEFB109F	chr12	8199599	8218911	3	3	3
ENSG00000276417.1	AC092111.2	chr12	8205984	8207397	3	3	3
ENSG00000275367.1	AC092111.1	chr12	8217758	8221115	3	3	3
ENSG00000171847.11	FAM90A1	chr12	8221260	8227618	3	3	3
ENSG00000254016.3	ALG1L10P	chr12	8227734	8231764	3	3	3
ENSG00000164845.16	FAM86FP	chr12	8232512	8242948	3	3	3
ENSG00000215241.4	LINC02449	chr12	8235415	8242564	3	3	3
ENSG00000286895.1	AC092745.5	chr12	8243147	8342048	3	3	3
ENSG00000256589.2	ENPP7P5	chr12	8254527	8308855	3	3	3
ENSG00000286504.1	AC092745.4	chr12	8282677	8286518	3	3	3
ENSG00000226091.7	LINC00937	chr12	8295986	8396803	3	3	3
ENSG00000256552.2	AC092745.2	chr12	8320381	8369555	3	3	3
ENSG00000256101.5	AC092745.1	chr12	8321876	8329614	3	3	3
ENSG00000277952.1	AC092745.3	chr12	8340182	8340397	3	3	3
ENSG00000242661.1	RPS3AP43	chr12	8359054	8359834	3	3	3
ENSG00000284687.1	AC092865.4	chr12	8390270	8390488	3	3	3
ENSG00000284673.1	AC092865.3	chr12	8396423	8396641	3	3	3
ENSG00000256136.1	AC092865.2	chr12	8406833	8407195	3	3	3
ENSG00000238152.2	OR7E140P	chr12	8414780	8415805	3	3	3
ENSG00000214487.3	OR7E148P	chr12	8427640	8428610	3	3	3
ENSG00000177586.6	OR7E149P	chr12	8437403	8438425	3	3	3
ENSG00000205846.4	CLEC6A	chr12	8455962	8478330	3	3	3
ENSG00000243830.2	AC092865.1	chr12	8460618	8461232	3	3	3
ENSG00000201780.1	RNU6-275P	chr12	8484746	8484852	3	3	3
ENSG00000166527.8	CLEC4D	chr12	8509475	8522366	3	3	3
ENSG00000246115.3	SUPT4H1P2	chr12	8512374	8512726	3	3	3
ENSG00000166523.8	CLEC4E	chr12	8533305	8540905	3	3	3
ENSG00000255801.1	AC092746.1	chr12	8548361	8567613	3	3	3
ENSG00000238943.1	Y_RNA	chr12	8592476	8592585	3	3	3
ENSG00000252727.1	AC092184.1	chr12	8597509	8597640	3	3	3
ENSG00000111732.11	AICDA	chr12	8602170	8612867	3	3	3
ENSG00000280345.1	AC092184.2	chr12	8631545	8632259	3	3	3
ENSG00000255967.1	HADHAP2	chr12	8634367	8637608	3	3	3
ENSG00000197614.11	MFAP5	chr12	8637346	8662888	3	3	3
ENSG00000255829.1	AC092490.2	chr12	8664011	8669011	3	3	3
ENSG00000256004.1	AC092490.3	chr12	8678773	8679670	3	3	3
ENSG00000166532.16	RIMKLB	chr12	8681600	8783095	3	3	3
ENSG00000244131.2	RPSAP51	chr12	8742428	8743072	3	3	3
ENSG00000256661.1	A2ML1-AS1	chr12	8776219	8830947	3	3	3
ENSG00000249790.3	AC092490.1	chr12	8788253	8795789	3	3	3
ENSG00000256904.1	A2ML1-AS2	chr12	8819816	8820713	3	3	3
ENSG00000166535.20	A2ML1	chr12	8822621	8887001	3	3	3
ENSG00000282022.1	AC006581.2	chr12	8858143	8915276	3	3	3
ENSG00000111752.11	PHC1	chr12	8913896	8941467	3	3	3
ENSG00000003056.8	M6PR	chr12	8940361	8949761	3	3	3
ENSG00000139187.10	KLRG1	chr12	8950044	9010760	3	3	3
ENSG00000257105.1	AC006581.1	chr12	8987175	8996566	3	3	3
ENSG00000213049.3	HNRNPA1P34	chr12	9027532	9029089	3	3	3
ENSG00000255776.1	VDAC2P2	chr12	9036344	9037244	3	3	3
ENSG00000214851.5	LINC00612	chr12	9055589	9065070	3	3	3
ENSG00000245105.4	A2M-AS1	chr12	9065163	9068689	3	3	3
ENSG00000175899.15	A2M	chr12	9067664	9116229	3	3	3
ENSG00000256937.1	KRT17P8	chr12	9127783	9128645	3	3	3
ENSG00000256720.1	BTG1P1	chr12	9135084	9135591	3	3	3
ENSG00000126838.10	PZP	chr12	9148840	9208395	3	3	3
ENSG00000256817.1	TPT1P12	chr12	9155881	9156372	3	3	3
ENSG00000256069.7	A2MP1	chr12	9228533	9275817	3	3	3
ENSG00000283429.1	MIR1244-3	chr12	9239467	9239551	3	3	3
ENSG00000231503.4	PTMAP4	chr12	9239986	9240331	3	3	3
ENSG00000237248.5	LINC00987	chr12	9240003	9257960	3	3	3
ENSG00000256427.2	AC010175.1	chr12	9240406	9261050	3	3	3
ENSG00000111788.10	AC009533.1	chr12	9277235	9313241	3	3	3
ENSG00000212440.1	SNORA75	chr12	9286673	9286822	3	3	3
ENSG00000255753.1	AC009533.2	chr12	9314402	9316173	3	3	3
ENSG00000286911.1	AC009533.3	chr12	9347028	9350947	3	3	3
ENSG00000260423.2	LINC02367	chr12	9347056	9400387	3	3	3
ENSG00000287577.1	AC009533.4	chr12	9348030	9349268	3	3	3
ENSG00000256673.1	AC141557.1	chr12	9398355	9414851	3	3	3
ENSG00000278635.1	AC141557.2	chr12	9415641	9416718	3	3	3
ENSG00000214826.5	DDX12P	chr12	9418673	9448229	3	3	3
ENSG00000212432.1	SNORA75	chr12	9445058	9445205	3	3	3
ENSG00000284634.1	AC092821.3	chr12	9448295	9658392	3	3	3
ENSG00000214776.12	AC092821.1	chr12	9480608	9576275	3	3	3
ENSG00000256975.1	AC092821.2	chr12	9506347	9508440	3	3	3
ENSG00000111796.4	KLRB1	chr12	9594551	9607916	3	3	3
ENSG00000212345.1	RNU6-700P	chr12	9624122	9624228	3	3	3
ENSG00000233719.4	GOT2P3	chr12	9641723	9643011	3	3	3
ENSG00000272917.1	AC010186.4	chr12	9642872	9657070	3	3	3
ENSG00000256442.2	AC010186.1	chr12	9647014	9648084	3	3	3
ENSG00000256594.8	AC010186.2	chr12	9648047	9658412	3	3	3
ENSG00000257027.1	AC010186.3	chr12	9658567	9662085	3	3	3
ENSG00000069493.15	CLEC2D	chr12	9664969	9699553	3	3	3
ENSG00000213443.2	NPM1P7	chr12	9695384	9696227	3	3	3
ENSG00000256582.1	LINC02390	chr12	9704077	9709350	3	3	3
ENSG00000184293.7	CLECL1	chr12	9715860	9733299	3	3	3
ENSG00000110848.8	CD69	chr12	9752486	9760901	3	3	3
ENSG00000256912.1	GCNAP1	chr12	9817350	9818025	3	3	3
ENSG00000150045.12	KLRF1	chr12	9827481	9845007	3	3	3
ENSG00000110852.4	CLEC2B	chr12	9852984	9870136	3	3	3
ENSG00000255882.1	AC091814.1	chr12	9867027	9869808	3	3	3
ENSG00000256797.1	KLRF2	chr12	9881489	9895833	3	3	3
ENSG00000188393.9	CLEC2A	chr12	9898673	9932370	3	3	3
ENSG00000225231.2	LINC02470	chr12	9936504	9943495	3	3	3
ENSG00000231560.1	CLEC12A-AS1	chr12	9948137	9953336	3	3	3
ENSG00000172322.14	CLEC12A	chr12	9951316	9995694	3	3	3
ENSG00000165682.14	CLEC1B	chr12	9985642	10013424	3	3	3
ENSG00000256660.6	CLEC12B	chr12	10010627	10018796	3	3	3
ENSG00000256803.1	AC024224.2	chr12	10015240	10030606	3	3	3
ENSG00000197992.7	CLEC9A	chr12	10030678	10066031	3	3	3
ENSG00000256626.1	AC024224.1	chr12	10040848	10045711	3	3	3
ENSG00000150048.10	CLEC1A	chr12	10069554	10111627	3	3	3
ENSG00000223042.1	RN7SKP161	chr12	10084186	10084490	3	3	3
ENSG00000255734.1	HNRNPABP1	chr12	10111738	10112471	3	3	3
ENSG00000172243.18	CLEC7A	chr12	10116777	10130258	3	3	3
ENSG00000173391.9	OLR1	chr12	10158301	10172138	3	3	3
ENSG00000165685.8	TMEM52B	chr12	10170542	10191801	3	3	3
ENSG00000139112.11	GABARAPL1	chr12	10212458	10223128	3	3	3
ENSG00000255958.1	GABARAPL1-AS1	chr12	10214161	10214761	3	3	3
ENSG00000134539.17	KLRD1	chr12	10226058	10329608	3	3	3
ENSG00000256288.1	LINC02617	chr12	10332861	10338292	3	3	3
ENSG00000256155.1	LINC02598	chr12	10358464	10361045	3	3	3
ENSG00000245648.2	KLRK1-AS1	chr12	10363638	10398506	3	3	3
ENSG00000213809.9	KLRK1	chr12	10372353	10391874	3	3	3
ENSG00000255819.7	KLRC4-KLRK1	chr12	10372353	10410146	3	3	3
ENSG00000183542.5	KLRC4	chr12	10407382	10409757	3	3	3
ENSG00000255641.1	AC068775.1	chr12	10412312	10436001	3	3	3
ENSG00000205810.9	KLRC3	chr12	10412315	10420595	3	3	3
ENSG00000205809.9	KLRC2	chr12	10426854	10442300	3	3	3
ENSG00000134545.14	KLRC1	chr12	10442264	10454685	3	3	3
ENSG00000180574.3	EIF2S3B	chr12	10505602	10523135	3	3	3
ENSG00000257016.1	SLC25A39P2	chr12	10551266	10551535	3	3	3
ENSG00000256039.2	LINC02446	chr12	10553362	10572688	3	3	3
ENSG00000256667.6	KLRA1P	chr12	10588063	10599669	3	3	3
ENSG00000111196.10	MAGOHB	chr12	10604193	10613609	3	3	3
ENSG00000060140.9	STYK1	chr12	10618923	10674318	3	3	3
ENSG00000060138.13	YBX3	chr12	10699089	10723323	3	3	3
ENSG00000256888.6	LINC02366	chr12	10750188	10777446	3	3	3
ENSG00000235930.3	HSPE1P12	chr12	10770305	10770605	3	3	3
ENSG00000121377.2	TAS2R7	chr12	10801532	10802627	3	3	3
ENSG00000121314.3	TAS2R8	chr12	10806051	10807286	3	3	3
ENSG00000121381.4	TAS2R9	chr12	10809094	10810168	3	3	3
ENSG00000231887.7	PRH1	chr12	10824960	11171608	3	3	3
ENSG00000121318.2	TAS2R10	chr12	10825317	10826358	3	3	3
ENSG00000256651.1	AC006518.1	chr12	10831074	10832016	3	3	3
ENSG00000111215.12	PRR4	chr12	10845849	10849475	3	3	3
ENSG00000275778.2	AC018630.4	chr12	10845849	11171600	3	3	3
ENSG00000256682.2	AC006518.2	chr12	10894943	10896952	3	3	3
ENSG00000212128.2	TAS2R13	chr12	10907926	10909562	3	3	3
ENSG00000134551.13	PRH2	chr12	10929236	10934845	3	3	3
ENSG00000212127.6	TAS2R14	chr12	10937408	11171573	3	3	3
ENSG00000212125.2	TAS2R15P	chr12	10964425	10965352	3	3	3
ENSG00000212126.3	TAS2R50	chr12	10985913	10986912	3	3	3
ENSG00000255837.1	TAS2R20	chr12	10996495	10997875	3	3	3
ENSG00000212124.2	TAS2R19	chr12	11021619	11022620	3	3	3
ENSG00000256436.1	TAS2R31	chr12	11030387	11031407	3	3	3
ENSG00000256019.1	TAS2R63P	chr12	11048332	11049256	3	3	3
ENSG00000226761.3	TAS2R46	chr12	11061365	11062294	3	3	3
ENSG00000256274.1	TAS2R64P	chr12	11076769	11079171	3	3	3
ENSG00000255374.3	TAS2R43	chr12	11091287	11092313	3	3	3
ENSG00000256400.1	AC018630.1	chr12	11097179	11097274	3	3	3
ENSG00000256188.3	TAS2R30	chr12	11132958	11134644	3	3	3
ENSG00000256981.1	AC134349.2	chr12	11158785	11159694	3	3	3
ENSG00000256712.1	AC134349.1	chr12	11166090	11171353	3	3	3
ENSG00000256537.5	SMIM10L1	chr12	11171194	11176016	3	3	3
ENSG00000186136.1	TAS2R42	chr12	11185993	11186937	3	3	3
ENSG00000256657.1	AC244131.1	chr12	11196075	11196996	3	3	3
ENSG00000275119.1	AC244131.2	chr12	11212219	11251389	3	3	3
ENSG00000197870.12	PRB3	chr12	11265924	11269805	3	3	3
ENSG00000230657.8	PRB4	chr12	11307077	11310436	3	3	3
ENSG00000251655.6	PRB1	chr12	11351823	11395566	3	3	3
ENSG00000121335.12	PRB2	chr12	11391540	11501041	3	3	3
ENSG00000255790.6	AC078950.1	chr12	11399381	11486708	3	3	3
ENSG00000237303.2	HIGD1AP8	chr12	11481383	11481656	3	3	3
ENSG00000278654.1	AC007450.4	chr12	11500499	11501022	3	3	3
ENSG00000277705.1	AC007450.3	chr12	11507162	11507408	3	3	3
ENSG00000270863.1	DDX55P1	chr12	11512723	11514136	3	3	3
ENSG00000274551.1	AC007450.2	chr12	11516425	11521686	3	3	3
ENSG00000256237.1	AC007450.1	chr12	11541395	11555838	3	3	3
ENSG00000251747.1	RNU7-60P	chr12	11546479	11546540	3	3	3
ENSG00000247157.7	LINC01252	chr12	11548030	11590369	3	3	3
ENSG00000139083.11	ETV6	chr12	11649674	11895377	3	3	3
ENSG00000121380.12	BCL2L14	chr12	12049844	12211084	3	3	3
ENSG00000198134.3	PTMAP9	chr12	12111163	12111489	3	3	3
ENSG00000283475.1	MIR1244-4	chr12	12111952	12112036	3	3	3
ENSG00000070018.9	LRP6	chr12	12116025	12267044	3	3	3
ENSG00000242405.2	AC007537.1	chr12	12155262	12155772	3	3	3
ENSG00000199551.1	RNU6-545P	chr12	12226674	12226777	3	3	3
ENSG00000270857.1	AC007621.3	chr12	12248991	12249427	3	3	3
ENSG00000207010.1	RNU6-318P	chr12	12289227	12289329	3	3	3
ENSG00000111261.14	MANSC1	chr12	12326056	12350242	3	3	3
ENSG00000243141.2	RPL23AP66	chr12	12338776	12339254	3	3	3
ENSG00000205791.3	LOH12CR2	chr12	12355406	12357067	3	3	3
ENSG00000165714.11	BORCS5	chr12	12357078	12471233	3	3	3
ENSG00000271370.1	AC007619.2	chr12	12452103	12452481	3	3	3
ENSG00000111266.9	DUSP16	chr12	12473282	12562863	3	3	3
ENSG00000255670.1	AC007619.1	chr12	12485353	12491581	3	3	3
ENSG00000240424.2	AC092824.1	chr12	12568201	12568776	3	3	3
ENSG00000111269.3	CREBL2	chr12	12611827	12645108	3	3	3
ENSG00000271215.1	RPL21P136	chr12	12614359	12615907	3	3	3
ENSG00000275963.1	AC008115.4	chr12	12648939	12649713	3	3	3
ENSG00000183150.8	GPR19	chr12	12660890	12696207	3	3	3
ENSG00000257004.1	AC008115.2	chr12	12668982	12685075	3	3	3
ENSG00000111276.11	CDKN1B	chr12	12715058	12722369	3	3	3
ENSG00000275560.1	AC008115.3	chr12	12718973	12719521	3	3	3
ENSG00000256658.1	AC008115.1	chr12	12723297	12724011	3	3	3
ENSG00000178878.13	APOLD1	chr12	12725917	12829975	3	3	3
ENSG00000207983.1	MIR613	chr12	12764649	12764743	3	3	3
ENSG00000270296.1	STX8P1	chr12	12771351	12771705	3	3	3
ENSG00000213782.7	DDX47	chr12	12813316	12829981	3	3	3
ENSG00000242329.1	AC007215.1	chr12	12840804	12841079	3	3	3
ENSG00000241352.3	AC007688.2	chr12	12850982	12851740	3	3	3
ENSG00000234498.3	RPL13AP20	chr12	12875499	12876107	3	3	3
ENSG00000013588.9	GPRC5A	chr12	12891559	12917937	3	3	3
ENSG00000283759.1	MIR614	chr12	12915829	12915918	3	3	3
ENSG00000247498.10	GPRC5D-AS1	chr12	12927726	12984645	3	3	3
ENSG00000111291.8	GPRC5D	chr12	12940775	12952147	3	3	3
ENSG00000256011.1	AC007688.3	chr12	12962300	12963539	3	3	3
ENSG00000221611.1	AC007688.1	chr12	12972053	12972143	3	3	3
ENSG00000013583.10	HEBP1	chr12	12974870	13000265	3	3	3
ENSG00000183935.5	HTR7P1	chr12	13000420	13004830	3	3	3
ENSG00000255621.1	AC023790.2	chr12	13000451	13040679	3	3	3
ENSG00000243129.2	AC023790.1	chr12	13021260	13021606	3	3	3
ENSG00000084444.14	FAM234B	chr12	13044381	13142521	3	3	3
ENSG00000111305.19	GSG1	chr12	13083532	13103683	3	3	3
ENSG00000134531.10	EMP1	chr12	13196723	13219941	3	3	3
ENSG00000286869.1	AC022276.1	chr12	13238582	13278376	3	3	3
ENSG00000180861.9	LINC01559	chr12	13371089	13387167	3	3	3
ENSG00000273079.6	GRIN2B	chr12	13437942	13982002	3	3	3
ENSG00000201476.1	RNA5SP353	chr12	13440884	13441001	3	3	3
ENSG00000201909.1	RNU6-590P	chr12	13459670	13459776	3	3	3
ENSG00000256306.1	AC007527.1	chr12	13526854	13547582	3	3	3
ENSG00000277935.1	AC007527.2	chr12	13540231	13544540	3	3	3
ENSG00000287928.1	AC007535.1	chr12	13582031	13620077	3	3	3
ENSG00000200475.1	RN7SKP162	chr12	13683542	13683886	3	3	3
ENSG00000256346.1	AC092470.1	chr12	14169746	14169877	3	3	3
ENSG00000227760.2	AC135001.1	chr12	14192002	14192284	3	3	3
ENSG00000256084.1	AC092112.1	chr12	14216590	14221297	3	3	3
ENSG00000255763.1	MRPS18CP4	chr12	14237091	14237321	3	3	3
ENSG00000251908.1	RNU6-491P	chr12	14250232	14250341	3	3	3
ENSG00000255749.1	GNAI2P1	chr12	14254912	14255226	3	3	3
ENSG00000244573.3	RPL30P11	chr12	14356842	14365503	3	3	3
ENSG00000171681.12	ATF7IP	chr12	14365632	14502935	3	3	3
ENSG00000121316.11	PLBD1	chr12	14503661	14567883	3	3	3
ENSG00000255649.2	AC008114.1	chr12	14530124	14543575	3	3	3
ENSG00000200830.1	RN7SKP134	chr12	14553702	14553970	3	3	3
ENSG00000256751.6	PLBD1-AS1	chr12	14567393	14624191	3	3	3
ENSG00000070019.5	GUCY2C	chr12	14612632	14696599	3	3	3
ENSG00000214772.2	AC010168.1	chr12	14665655	14757963	3	3	3
ENSG00000261324.2	AC010168.2	chr12	14762504	14767931	3	3	3
ENSG00000197837.3	H4-16	chr12	14767999	14771131	3	3	3
ENSG00000246705.4	H2AJ	chr12	14774383	14778002	3	3	3
ENSG00000084463.8	WBP11	chr12	14784582	14803486	3	3	3
ENSG00000182993.5	C12orf60	chr12	14803666	14906586	3	3	3
ENSG00000179256.2	SMCO3	chr12	14804650	14814182	3	3	3
ENSG00000286107.1	AC007655.2	chr12	14805108	14808177	3	3	3
ENSG00000111339.12	ART4	chr12	14825569	14843526	3	3	3
ENSG00000256339.1	AC007655.1	chr12	14841092	14844708	3	3	3
ENSG00000111341.10	MGP	chr12	14880864	14885857	3	3	3
ENSG00000139055.7	ERP27	chr12	14914039	14938537	3	3	3
ENSG00000111348.9	ARHGDIB	chr12	14942031	14961728	3	3	3
ENSG00000139053.3	PDE6H	chr12	14973042	14981865	3	3	3
ENSG00000255727.2	LINC01489	chr12	15001787	15006999	3	3	3
ENSG00000134533.6	RERG	chr12	15107783	15348675	3	3	3
ENSG00000256650.1	RERG-IT1	chr12	15112363	15114698	3	3	3
ENSG00000255660.1	RERG-AS1	chr12	15151923	15155283	3	3	3
ENSG00000256283.1	METTL8P1	chr12	15255213	15255823	3	3	3
ENSG00000151490.15	PTPRO	chr12	15322257	15602175	3	3	3
ENSG00000243916.1	AC092183.1	chr12	15439527	15440401	3	3	3
ENSG00000151491.14	EPS8	chr12	15620134	15882329	3	3	3
ENSG00000200105.1	RNU6-251P	chr12	15671707	15671810	3	3	3
ENSG00000255565.1	AC073651.1	chr12	15780068	15782120	3	3	3
ENSG00000256627.1	AC073651.2	chr12	15803164	15804158	3	3	3
ENSG00000023734.11	STRAP	chr12	15882387	15903478	3	3	3
ENSG00000023697.13	DERA	chr12	15911302	16037381	3	3	3
ENSG00000256134.1	EGLN3P1	chr12	15971890	15972609	3	3	3
ENSG00000188991.3	SLC15A5	chr12	16188485	16277685	3	3	3
ENSG00000008394.13	MGST1	chr12	16347142	16609259	3	3	3
ENSG00000256238.1	SUPT16HP1	chr12	16399274	16402406	3	3	3
ENSG00000286303.1	AC007528.1	chr12	16420653	16447217	3	3	3
ENSG00000256450.1	AC007552.1	chr12	16513445	16514371	3	3	3
ENSG00000048540.15	LMO3	chr12	16548372	16610594	3	3	3
ENSG00000256564.1	AC007552.2	chr12	16567411	16573940	3	3	3
ENSG00000283240.1	AC007529.2	chr12	16661766	16788375	3	3	3
ENSG00000255871.2	AC007529.1	chr12	16693800	16695977	3	3	3
ENSG00000256211.1	SKP1P2	chr12	16989126	16989936	3	3	3
ENSG00000213235.3	EEF1A1P16	chr12	16990670	16992083	3	3	3
ENSG00000287455.1	AC092793.1	chr12	17066368	17075631	3	3	3
ENSG00000212358.1	RNU6-837P	chr12	17071398	17071505	3	3	3
ENSG00000285724.2	AC092110.1	chr12	17083531	17167790	3	3	3
ENSG00000242991.2	RPL7P40	chr12	17121716	17122460	3	3	3
ENSG00000256896.1	PSMC1P8	chr12	17383352	17384647	3	3	3
ENSG00000256756.1	TIMM17BP1	chr12	17400399	17400914	3	3	3
ENSG00000256389.2	AC048352.1	chr12	17479446	17709867	3	3	3
ENSG00000256994.2	LINC02378	chr12	17509353	17590049	3	3	3
ENSG00000283665.1	MIR3974	chr12	17673299	17673394	3	3	3
ENSG00000206662.1	Y_RNA	chr12	17710934	17711046	3	3	3
ENSG00000111404.7	RERGL	chr12	18080869	18320107	3	3	3
ENSG00000139144.11	PIK3C2G	chr12	18242961	18648416	3	3	3
ENSG00000255892.1	NDFIP1P1	chr12	18358443	18358967	3	3	3
ENSG00000255960.1	AC092851.1	chr12	18424663	18425140	3	3	3
ENSG00000256138.1	ZKSCAN7P1	chr12	18493051	18493723	3	3	3
ENSG00000139151.16	PLCZ1	chr12	18683169	18738100	3	3	3
ENSG00000255993.1	PSMC1P9	chr12	18692762	18694096	3	3	3
ENSG00000255648.1	AC087242.1	chr12	18714795	18737878	3	3	3
ENSG00000177938.5	CAPZA3	chr12	18738119	18739188	3	3	3
ENSG00000227525.4	RPL7P6	chr12	19089151	19089888	3	3	3
ENSG00000256844.1	MEF2BNBP1	chr12	19107854	19108183	3	3	3
ENSG00000052126.14	PLEKHA5	chr12	19129752	19376400	3	3	3
ENSG00000253284.2	AC092828.1	chr12	19147074	19154659	3	3	3
ENSG00000240993.3	RN7SL459P	chr12	19176288	19176589	3	3	3
ENSG00000243854.3	RN7SL67P	chr12	19303480	19303775	3	3	3
ENSG00000139154.16	AEBP2	chr12	19404045	19720801	3	3	3
ENSG00000255909.1	PDCD5P1	chr12	19413153	19413461	3	3	3
ENSG00000271462.1	AC091805.2	chr12	19418927	19419161	3	3	3
ENSG00000200247.1	RNU6-254P	chr12	19445949	19446055	3	3	3
ENSG00000245205.3	EEF1A1P4	chr12	19456244	19457648	3	3	3
ENSG00000240328.1	AC091805.1	chr12	19508904	19509245	3	3	3
ENSG00000287074.1	AC137561.1	chr12	19582317	19583274	3	3	3
ENSG00000200885.1	RNU1-146P	chr12	19724435	19724599	3	3	3
ENSG00000255910.2	AC024901.1	chr12	19775451	20012261	3	3	3
ENSG00000256849.1	TCP1P3	chr12	19941521	19943018	3	3	3
ENSG00000256287.1	LINC02398	chr12	20014780	20098868	3	3	3
ENSG00000287075.1	AC126468.1	chr12	20104590	20109893	3	3	3
ENSG00000256499.2	LINC02468	chr12	20120980	20136163	3	3	3
ENSG00000256879.1	AC129102.1	chr12	20361732	20370262	3	3	3
ENSG00000172572.7	PDE3A	chr12	20368537	20688583	3	3	3
ENSG00000131982.5	UBE2L2	chr12	20449655	20450083	3	3	3
ENSG00000256663.1	AC112777.1	chr12	20551590	20553012	3	3	3
ENSG00000139155.9	SLCO1C1	chr12	20695332	20753386	3	3	3
ENSG00000111700.13	SLCO1B3	chr12	20810702	20916911	3	3	3
ENSG00000257046.5	SLCO1B3-SLCO1B7	chr12	20815674	21090245	3	3	3
ENSG00000256157.1	AC011604.1	chr12	20845065	20845260	3	3	3
ENSG00000205754.12	SLCO1B7	chr12	20962768	21092745	3	3	3
ENSG00000257062.6	AC022335.1	chr12	21047179	21176895	3	3	3
ENSG00000134538.3	SLCO1B1	chr12	21131194	21239796	3	3	3
ENSG00000084453.16	SLCO1A2	chr12	21264600	21419594	3	3	3
ENSG00000121351.8	IAPP	chr12	21354959	21379980	3	3	3
ENSG00000121350.16	PYROXD1	chr12	21437615	21471250	3	3	3
ENSG00000256021.1	ELOCP31	chr12	21447545	21448314	3	3	3
ENSG00000004700.16	RECQL	chr12	21468910	21501669	3	3	3
ENSG00000111711.10	GOLT1B	chr12	21501781	21518408	3	3	3
ENSG00000134548.11	SPX	chr12	21526296	21541249	3	3	3
ENSG00000111713.3	GYS2	chr12	21536107	21604847	3	3	3
ENSG00000285854.1	AC010197.2	chr12	21536203	21657798	3	3	3
ENSG00000111716.14	LDHB	chr12	21635342	21757857	3	3	3
ENSG00000256615.1	AC010197.1	chr12	21662313	21760032	3	3	3
ENSG00000255644.1	AC010185.1	chr12	21759980	21766705	3	3	3
ENSG00000121361.5	KCNJ8	chr12	21764955	21775600	3	3	3
ENSG00000069431.11	ABCC9	chr12	21797401	21942529	3	3	3
ENSG00000257022.1	AC008250.1	chr12	21827210	21887957	3	3	3
ENSG00000275567.1	AC008250.2	chr12	21828360	21828564	3	3	3
ENSG00000255627.1	AC092862.1	chr12	22008348	22008880	3	3	3
ENSG00000111726.13	CMAS	chr12	22046218	22065674	3	3	3
ENSG00000111728.10	ST8SIA1	chr12	22063773	22437041	3	3	3
ENSG00000274624.1	AC007671.1	chr12	22104491	22105320	3	3	3
ENSG00000283582.1	SULT6B2P	chr12	22116629	22134851	3	3	3
ENSG00000212172.1	RNU1-149P	chr12	22195469	22195629	3	3	3
ENSG00000256714.1	AC087318.1	chr12	22395088	22398075	3	3	3
ENSG00000250166.3	AC053513.1	chr12	22409237	22618868	3	3	3
ENSG00000111731.12	C2CD5	chr12	22448583	22544546	3	3	3
ENSG00000256973.1	AC053513.2	chr12	22460519	22463914	3	3	3
ENSG00000256371.1	LRRC34P1	chr12	22573425	22575105	3	3	3
ENSG00000256774.1	AC087241.1	chr12	22596228	22596551	3	3	3
ENSG00000257023.1	AC087241.2	chr12	22609228	22625015	3	3	3
ENSG00000139163.16	ETNK1	chr12	22625075	22690665	3	3	3
ENSG00000256995.8	AC084816.1	chr12	22699859	23188807	3	3	3
ENSG00000241451.2	RPS27P22	chr12	22722229	22722469	3	3	3
ENSG00000256923.1	AC084819.1	chr12	22742582	22743091	3	3	3
ENSG00000256353.1	AC087258.1	chr12	23108458	23108493	3	3	3
ENSG00000256321.6	AC087235.2	chr12	23175648	23191587	3	3	3
ENSG00000115934.11	AC087235.1	chr12	23181334	23251499	3	3	3
ENSG00000134532.19	SOX5	chr12	23529504	24562544	3	3	3
ENSG00000256473.1	AC087260.1	chr12	23637973	23638487	3	3	3
ENSG00000216192.1	MIR920	chr12	24212421	24212495	3	3	3
ENSG00000256120.2	SOX5-AS1	chr12	24223233	24260056	3	3	3
ENSG00000197503.4	LINC00477	chr12	24566964	24584168	3	3	3
ENSG00000256852.1	KNOP1P1	chr12	24583561	24584549	3	3	3
ENSG00000244662.1	AC087312.1	chr12	24642687	24643166	3	3	3
ENSG00000255745.2	AC023796.1	chr12	24704503	24775565	3	3	3
ENSG00000240481.3	RN7SL38P	chr12	24706788	24707083	3	3	3
ENSG00000060982.15	BCAT1	chr12	24810024	24949101	3	3	3
ENSG00000256482.1	AC023796.2	chr12	24830421	24836558	3	3	3
ENSG00000278969.1	AC026310.2	chr12	24902309	24904681	3	3	3
ENSG00000255921.1	AC026310.1	chr12	24949163	24960158	3	3	3
ENSG00000213736.2	BRI3P2	chr12	24967127	24967504	3	3	3
ENSG00000226397.8	C12orf77	chr12	24993424	25006403	3	3	3
ENSG00000118308.15	IRAG2	chr12	25004342	25108334	3	3	3
ENSG00000258546.1	CENPUP2	chr12	25092715	25093900	3	3	3
ENSG00000258449.1	AC023510.1	chr12	25096868	25100980	3	3	3
ENSG00000276842.1	AC023510.2	chr12	25103124	25103869	3	3	3
ENSG00000118307.20	CFAP94	chr12	25108289	25195162	3	3	3
ENSG00000205707.11	ETFRF1	chr12	25195216	25209645	3	3	3
ENSG00000133703.13	KRAS	chr12	25205246	25250936	3	3	3
ENSG00000274987.1	AC092794.1	chr12	25210652	25211233	3	3	3
ENSG00000275197.1	AC092794.2	chr12	25225103	25225665	3	3	3
ENSG00000278743.1	AC087239.1	chr12	25385670	25386241	3	3	3
ENSG00000201439.1	RNU4-67P	chr12	25404288	25404428	3	3	3
ENSG00000241846.1	AC092451.1	chr12	25409293	25409445	3	3	3
ENSG00000152936.10	LMNTD1	chr12	25409307	25648579	3	3	3
ENSG00000279173.1	AC092451.2	chr12	25423600	25424942	3	3	3
ENSG00000256079.1	FAM133GP	chr12	25435581	25436238	3	3	3
ENSG00000255988.1	TUBB4BP1	chr12	25440875	25441052	3	3	3
ENSG00000257009.1	AC022367.1	chr12	25585994	25592928	3	3	3
ENSG00000222950.1	RN7SKP262	chr12	25779287	25779569	3	3	3
ENSG00000256686.1	AC019209.3	chr12	25782706	25814171	3	3	3
ENSG00000255725.2	TDGP1	chr12	25803298	25804526	3	3	3
ENSG00000256440.1	AC019209.2	chr12	25831416	25834182	3	3	3
ENSG00000283603.1	MIR4302	chr12	25874020	25874079	3	3	3
ENSG00000256256.1	AC019209.1	chr12	25882955	25885855	3	3	3
ENSG00000246695.8	RASSF8-AS1	chr12	25936683	25959765	3	3	3
ENSG00000123094.15	RASSF8	chr12	25959029	26079892	3	3	3
ENSG00000123095.6	BHLHE41	chr12	26120030	26125037	3	3	3
ENSG00000123096.12	SSPN	chr12	26121991	26299290	3	3	3
ENSG00000256894.1	AC022509.3	chr12	26125155	26126617	3	3	3
ENSG00000286752.1	AC022509.5	chr12	26139249	26167741	3	3	3
ENSG00000256234.1	AC022509.2	chr12	26211164	26335856	3	3	3
ENSG00000255750.6	AC022509.1	chr12	26229548	26319720	3	3	3
ENSG00000278095.1	AC022509.4	chr12	26273329	26273900	3	3	3
ENSG00000255858.3	AC055720.1	chr12	26301098	26304645	3	3	3
ENSG00000288532.1	AC055720.3	chr12	26315715	26317813	3	3	3
ENSG00000255968.1	AC024145.1	chr12	26318953	26421462	3	3	3
ENSG00000123104.12	ITPR2	chr12	26335352	26833194	3	3	3
ENSG00000256185.1	AC055720.2	chr12	26335864	26336950	3	3	3
ENSG00000212549.1	RNA5SP354	chr12	26373598	26373733	3	3	3
ENSG00000234428.2	AC023051.1	chr12	26623369	26649479	3	3	3
ENSG00000256640.1	AC023051.2	chr12	26800843	26801302	3	3	3
ENSG00000064102.15	INTS13	chr12	26905181	26938326	3	3	3
ENSG00000111790.14	FGFR1OP2	chr12	26938470	26966650	3	3	3
ENSG00000064115.11	TM7SF3	chr12	26971579	27014434	3	3	3
ENSG00000247903.1	AC024896.1	chr12	26971586	26979582	3	3	3
ENSG00000152944.9	MED21	chr12	27022546	27066343	3	3	3
ENSG00000275764.1	AC092747.4	chr12	27037100	27038960	3	3	3
ENSG00000214700.5	C12orf71	chr12	27081058	27082514	3	3	3
ENSG00000271418.1	AC092747.3	chr12	27093923	27094223	3	3	3
ENSG00000256226.1	AC092747.1	chr12	27105151	27161393	3	3	3
ENSG00000256625.1	AC092747.2	chr12	27121910	27147664	3	3	3
ENSG00000211455.8	STK38L	chr12	27243968	27325959	3	3	3
ENSG00000029153.14	ARNTL2	chr12	27332854	27425289	3	3	3
ENSG00000245311.2	ARNTL2-AS1	chr12	27389789	27446625	3	3	3
ENSG00000165935.9	SMCO2	chr12	27466810	27502185	3	3	3
ENSG00000257037.1	RARS1P1	chr12	27496937	27498589	3	3	3
ENSG00000110841.14	PPFIBP1	chr12	27523431	27695564	3	3	3
ENSG00000248100.2	AC087257.1	chr12	27547050	27552773	3	3	3
ENSG00000256056.1	AC087257.2	chr12	27592461	27594039	3	3	3
ENSG00000256557.1	AC009509.3	chr12	27608733	27609046	3	3	3
ENSG00000256377.6	AC009509.1	chr12	27696388	27710803	3	3	3
ENSG00000174236.4	REP15	chr12	27696447	27697596	3	3	3
ENSG00000276261.1	AC009509.4	chr12	27700066	27700574	3	3	3
ENSG00000230519.2	HMGB1P49	chr12	27702338	27702906	3	3	3
ENSG00000256504.2	AC009509.2	chr12	27704568	27708365	3	3	3
ENSG00000061794.13	MRPS35	chr12	27710822	27756295	3	3	3
ENSG00000252585.1	Y_RNA	chr12	27752874	27752986	3	3	3
ENSG00000205693.4	MANSC4	chr12	27762427	27780236	3	3	3
ENSG00000256747.1	AC009511.2	chr12	27779821	27781067	3	3	3
ENSG00000087448.11	KLHL42	chr12	27780048	27803040	3	3	3
ENSG00000256512.1	AC009511.1	chr12	27798641	27800708	3	3	3
ENSG00000201612.1	RN7SKP15	chr12	27806082	27806390	3	3	3
ENSG00000274075.1	AC009511.3	chr12	27824207	27824382	3	3	3
ENSG00000256378.1	AC008011.1	chr12	27935523	27935749	3	3	3
ENSG00000087494.16	PTHLH	chr12	27958084	27972733	3	3	3
ENSG00000257042.1	AC008011.2	chr12	27958517	27969813	3	3	3
ENSG00000123106.10	CCDC91	chr12	28133249	28581511	3	3	3
ENSG00000247934.4	AC022364.1	chr12	28163298	28190738	3	3	3
ENSG00000255951.1	AC022364.2	chr12	28164958	28165662	3	3	3
ENSG00000278733.1	AC022079.2	chr12	28185625	28186190	3	3	3
ENSG00000273989.1	AC022079.1	chr12	28236227	28236828	3	3	3
ENSG00000252237.1	RNU4-54P	chr12	28319335	28319463	3	3	3
ENSG00000202187.1	RNA5SP355	chr12	28505394	28505528	3	3	3
ENSG00000244712.1	AC084754.1	chr12	28564678	28565141	3	3	3
ENSG00000256513.1	AC022081.1	chr12	28821975	28825831	3	3	3
ENSG00000278687.1	AC024255.1	chr12	28978584	28978685	3	3	3
ENSG00000257258.2	AC012150.1	chr12	29142969	29158537	3	3	3
ENSG00000064763.11	FAR2	chr12	29149103	29340980	3	3	3
ENSG00000275278.1	AC012150.2	chr12	29156448	29156991	3	3	3
ENSG00000275476.1	AC009318.4	chr12	29277397	29277882	3	3	3
ENSG00000257176.3	AC009318.1	chr12	29277955	29317848	3	3	3
ENSG00000274315.1	AC009318.3	chr12	29331434	29331936	3	3	3
ENSG00000273680.1	AC009318.2	chr12	29332733	29333383	3	3	3
ENSG00000087502.18	ERGIC2	chr12	29337352	29381189	3	3	3
ENSG00000257599.3	OVCH1-AS1	chr12	29389289	29487488	3	3	3
ENSG00000187950.8	OVCH1	chr12	29412474	29497686	3	3	3
ENSG00000133687.16	TMTC1	chr12	29500840	29784759	3	3	3
ENSG00000257456.1	AC009320.1	chr12	29519731	29529974	3	3	3
ENSG00000242986.2	RPL21P99	chr12	29658376	29658798	3	3	3
ENSG00000286566.1	AC023511.3	chr12	30086342	30130590	3	3	3
ENSG00000276431.1	AC023511.2	chr12	30169881	30170091	3	3	3
ENSG00000257262.1	AC023511.1	chr12	30200983	30217916	3	3	3
ENSG00000257756.6	LINC02386	chr12	30230779	30296707	3	3	3
ENSG00000284682.1	AC078776.2	chr12	30306065	30307611	3	3	3
ENSG00000251781.1	RNA5SP356	chr12	30306431	30306524	3	3	3
ENSG00000257932.1	AC078776.1	chr12	30320834	30321617	3	3	3
ENSG00000258202.1	AC026371.1	chr12	30454919	30492302	3	3	3
ENSG00000133704.10	IPO8	chr12	30628988	30695869	3	3	3
ENSG00000285870.1	AC012673.1	chr12	30696121	30700220	3	3	3
ENSG00000110888.17	CAPRIN2	chr12	30709552	30754951	3	3	3
ENSG00000246331.2	AC010198.1	chr12	30755074	30780739	3	3	3
ENSG00000235884.4	LINC00941	chr12	30755167	30802602	3	3	3
ENSG00000285517.1	AC010198.2	chr12	30795458	30879268	3	3	3
ENSG00000258118.1	PPIAP44	chr12	30861921	30862179	3	3	3
ENSG00000110900.16	TSPAN11	chr12	30926428	30996602	3	3	3
ENSG00000226472.8	AC008013.1	chr12	30978308	31006010	3	3	3
ENSG00000256984.2	AC008013.2	chr12	31012503	31015806	3	3	3
ENSG00000245614.4	DDX11-AS1	chr12	31019434	31073847	3	3	3
ENSG00000013573.17	DDX11	chr12	31073860	31104799	3	3	3
ENSG00000212533.1	SNORA75	chr12	31076867	31077016	3	3	3
ENSG00000270926.1	AC008013.3	chr12	31105105	31106830	3	3	3
ENSG00000177359.20	AC024940.1	chr12	31111652	31201235	3	3	3
ENSG00000270766.1	AC024940.4	chr12	31244440	31244685	3	3	3
ENSG00000243517.1	AC024940.2	chr12	31251992	31252597	3	3	3
ENSG00000270395.1	MREGP1	chr12	31254361	31254445	3	3	3
ENSG00000275097.1	AC024940.5	chr12	31280422	31280895	3	3	3
ENSG00000139146.14	SINHCAF	chr12	31280584	31327058	3	3	3
ENSG00000256176.1	AC024940.3	chr12	31311617	31312029	3	3	3
ENSG00000177340.5	FLJ13224	chr12	31324316	31325829	3	3	3
ENSG00000256232.1	LINC02387	chr12	31363481	31369301	3	3	3
ENSG00000283256.1	U6	chr12	31366288	31366366	3	3	3
ENSG00000170456.16	DENND5B	chr12	31382226	31591136	3	3	3
ENSG00000200388.1	RNU6-618P	chr12	31396390	31396501	3	3	3
ENSG00000275769.1	AC068792.1	chr12	31443792	31444208	3	3	3
ENSG00000203437.3	AC022080.1	chr12	31465062	31465842	3	3	3
ENSG00000256159.1	AC022080.2	chr12	31477506	31477987	3	3	3
ENSG00000201228.1	Y_RNA	chr12	31506303	31506404	3	3	3
ENSG00000225349.2	ANKRD49P2	chr12	31534715	31535247	3	3	3
ENSG00000255867.1	DENND5B-AS1	chr12	31589923	31615666	3	3	3
ENSG00000252390.1	RNU5F-4P	chr12	31594093	31594206	3	3	3
ENSG00000231788.4	RPL31P50	chr12	31597114	31597409	3	3	3
ENSG00000233381.3	AK4P3	chr12	31615771	31616439	3	3	3
ENSG00000287388.1	AC068774.1	chr12	31627575	31652095	3	3	3
ENSG00000139160.13	ETFBKMT	chr12	31647160	31673114	3	3	3
ENSG00000151743.11	AMN1	chr12	31671142	31729121	3	3	3
ENSG00000276058.1	STMN1P1	chr12	31715342	31715781	3	3	3
ENSG00000276900.1	AC023157.2	chr12	31729117	31731204	3	3	3
ENSG00000256843.1	AC023157.1	chr12	31748100	31748240	3	3	3
ENSG00000223722.3	IFITM3P2	chr12	31754720	31755121	3	3	3
ENSG00000188375.5	H3-5	chr12	31791185	31792298	3	3	3
ENSG00000252421.1	RNU6-1069P	chr12	31802958	31803090	3	3	3
ENSG00000252204.1	AC023050.2	chr12	31811088	31811190	3	3	3
ENSG00000256372.1	AC023050.3	chr12	31853021	31853407	3	3	3
ENSG00000255760.2	LINC02422	chr12	31876969	31959316	3	3	3
ENSG00000256465.1	AC023050.4	chr12	31893370	31893702	3	3	3
ENSG00000244436.2	AC023050.1	chr12	31897820	31898123	3	3	3
ENSG00000242314.1	RPL12P32	chr12	31948334	31948827	3	3	3
ENSG00000256987.1	AC023050.5	chr12	31953889	31955268	3	3	3
ENSG00000174718.12	RESF1	chr12	31959370	31993107	3	3	3
ENSG00000276136.1	AC016957.2	chr12	32000375	32001222	3	3	3
ENSG00000257094.1	AC016957.1	chr12	32007127	32007435	3	3	3
ENSG00000257852.1	AC048344.2	chr12	32072734	32072880	3	3	3
ENSG00000271357.1	AC048344.3	chr12	32100485	32100735	3	3	3
ENSG00000257530.1	AC048344.1	chr12	32104117	32107528	3	3	3
ENSG00000151746.15	BICD1	chr12	32106835	32383633	3	3	3
ENSG00000277342.1	AC048344.4	chr12	32109076	32109602	3	3	3
ENSG00000258134.1	AC016954.1	chr12	32227410	32228154	3	3	3
ENSG00000274964.1	AC026356.1	chr12	32339368	32340724	3	3	3
ENSG00000276115.1	AC026356.2	chr12	32352349	32354144	3	3	3
ENSG00000207176.1	Y_RNA	chr12	32396050	32396147	3	3	3
ENSG00000139132.14	FGD4	chr12	32399529	32646050	3	3	6
ENSG00000253063.1	RNU6-494P	chr12	32477382	32477471	3	3	3
ENSG00000087470.18	DNM1L	chr12	32679200	32745650	3	3	3
ENSG00000257643.1	AC084824.2	chr12	32692504	32692848	3	3	3
ENSG00000201563.1	Y_RNA	chr12	32705403	32705506	3	3	3
ENSG00000276148.1	AC084824.5	chr12	32725248	32725660	3	3	3
ENSG00000257511.1	AC084824.1	chr12	32726383	32727387	3	3	3
ENSG00000139131.13	YARS2	chr12	32727490	32755897	3	3	3
ENSG00000274105.1	AC084824.3	chr12	32728169	32729024	3	3	3
ENSG00000275854.1	AC084824.4	chr12	32736930	32737660	3	3	3
ENSG00000286950.1	AC087588.2	chr12	32755510	32756463	3	3	3
ENSG00000057294.15	PKP2	chr12	32790755	32896777	3	3	3
ENSG00000274976.1	AC087588.1	chr12	32820142	32820567	3	3	3
ENSG00000244743.1	RPL35AP27	chr12	32863118	32863433	3	3	3
ENSG00000257316.1	ASS1P14	chr12	32985838	32987070	3	3	3
ENSG00000257435.1	AC087311.1	chr12	32988763	32993754	3	3	3
ENSG00000110975.8	SYT10	chr12	33374238	33439819	3	3	3
ENSG00000259937.2	AC023158.1	chr12	33404872	33405896	3	3	3
ENSG00000273853.1	AC023158.2	chr12	33432311	33432853	3	3	3
ENSG00000256070.1	AC016956.1	chr12	33454345	33455452	3	3	3
ENSG00000212475.1	RNU6-400P	chr12	33576095	33576200	3	3	3
ENSG00000270807.1	AC024153.1	chr12	33717853	33718217	3	3	3
ENSG00000207026.1	RNU6-472P	chr12	33923374	33923480	3	3	3
ENSG00000201624.1	Y_RNA	chr12	33982465	33982566	3	3	3
ENSG00000245482.2	AC046130.1	chr12	34022281	34046417	3	3	3
ENSG00000139133.7	ALG10	chr12	34022468	34029694	3	3	3
ENSG00000256538.2	AC046130.2	chr12	34037232	34058745	3	3	3
ENSG00000255628.1	AC140847.1	chr12	34149839	34162238	3	3	3
ENSG00000256986.2	AC140847.3	chr12	34162477	34163442	3	3	3
ENSG00000250788.1	TUBB8P4	chr12	34164773	34166954	3	3	3
ENSG00000255652.4	AC140847.2	chr12	34190471	34219246	3	3	3
ENSG00000272435.1	RNA5SP357	chr12	34205699	34205817	3	3	3
ENSG00000258794.3	DUX4L27	chr12	34208415	34209675	3	3	3
ENSG00000256614.1	AK6P1	chr12	34249481	34249958	3	3	3
ENSG00000258368.2	ZNF970P	chr12	37575587	37576384	3	3	3
ENSG00000257173.1	AK6P2	chr12	38078529	38078999	3	3	3
ENSG00000258278.2	CLUHP8	chr12	38082046	38087392	3	3	3
ENSG00000274293.1	AC079460.1	chr12	38150050	38150138	3	3	3
ENSG00000287442.1	AC079460.2	chr12	38155476	38167631	3	3	3
ENSG00000199843.1	RNA5SP358	chr12	38161466	38161582	3	3	3
ENSG00000201708.1	RNA5SP359	chr12	38163403	38163515	3	3	3
ENSG00000254381.3	TUBB8P5	chr12	38201566	38203792	3	3	3
ENSG00000257292.2	AC117372.1	chr12	38205098	38206009	3	3	3
ENSG00000258360.1	NF1P12	chr12	38206231	38207192	3	3	3
ENSG00000253016.1	Y_RNA	chr12	38274448	38274549	3	3	3
ENSG00000175548.9	ALG10B	chr12	38316762	38329721	3	3	3
ENSG00000257645.1	AC087897.1	chr12	38532895	38533050	3	3	3
ENSG00000258119.1	AC087897.2	chr12	38544177	38589812	3	3	3
ENSG00000139117.14	CPNE8	chr12	38646822	38907430	3	3	3
ENSG00000257718.1	CPNE8-AS1	chr12	38906451	38909592	3	3	3
ENSG00000257586.1	AC018448.2	chr12	38994803	38996882	3	3	3
ENSG00000257237.1	AC018448.1	chr12	39058028	39059933	3	3	3
ENSG00000258144.2	LINC02406	chr12	39087347	39145482	3	3	3
ENSG00000270718.1	AC084373.1	chr12	39170646	39170880	3	3	3
ENSG00000139116.19	KIF21A	chr12	39293228	39443390	3	3	3
ENSG00000286576.1	AC121334.4	chr12	39447404	39448314	3	3	3
ENSG00000255991.2	AC121334.1	chr12	39466442	39467345	3	3	3
ENSG00000270273.1	AC121334.2	chr12	39539581	39539851	3	3	3
ENSG00000173208.4	ABCD2	chr12	39550033	39619803	3	3	3
ENSG00000285732.1	AC121334.3	chr12	39611819	39614648	3	3	3
ENSG00000180116.15	C12orf40	chr12	39626167	39908300	3	3	3
ENSG00000151229.13	SLC2A13	chr12	39755025	40106089	3	3	3
ENSG00000199571.1	AC121336.1	chr12	39819750	39819883	3	3	3
ENSG00000229014.3	RPL30P13	chr12	40068243	40068590	3	3	3
ENSG00000260943.1	LINC02555	chr12	40140926	40142876	3	3	3
ENSG00000223914.4	LINC02471	chr12	40156113	40211419	3	3	3
ENSG00000225342.2	LRRK2-DT	chr12	40186009	40224915	3	3	3
ENSG00000188906.16	LRRK2	chr12	40196744	40369285	3	3	3
ENSG00000229899.1	AC084290.1	chr12	40286289	40286662	3	3	3
ENSG00000205592.15	MUC19	chr12	40393395	40570832	3	3	3
ENSG00000258167.1	AC107023.1	chr12	40395853	40443847	3	3	3
ENSG00000207492.1	RNU6-713P	chr12	40554161	40554267	3	3	3
ENSG00000018236.15	CNTN1	chr12	40692439	41072415	3	3	3
ENSG00000257680.1	AC016144.1	chr12	40728811	40729897	3	3	3
ENSG00000274682.1	AC015540.1	chr12	40978744	40979244	3	3	3
ENSG00000165966.16	PDZRN4	chr12	41188320	41574745	3	3	3
ENSG00000257228.5	AC090531.1	chr12	41409467	41473510	3	3	3
ENSG00000252364.1	RNA5SP360	chr12	41658676	41658793	3	3	3
ENSG00000258239.1	MTND2P17	chr12	41698495	41699182	3	3	3
ENSG00000257858.1	MTND1P24	chr12	41699391	41700251	3	3	3
ENSG00000257784.2	LINC02400	chr12	41764144	41774671	3	3	3
ENSG00000257239.1	AC090630.1	chr12	41829898	41932592	3	3	3
ENSG00000257128.1	AC006197.1	chr12	41911256	41912212	3	3	3
ENSG00000286591.1	AC006197.2	chr12	41951493	42024329	3	3	3
ENSG00000271379.1	AC023513.1	chr12	42069935	42070625	3	3	3
ENSG00000151233.11	GXYLT1	chr12	42081845	42144874	3	3	3
ENSG00000015153.15	YAF2	chr12	42157104	42238349	3	3	3
ENSG00000134283.18	PPHLN1	chr12	42238447	42459715	3	3	3
ENSG00000257674.1	AC020629.1	chr12	42286911	42288560	3	3	3
ENSG00000139168.9	ZCRB1	chr12	42312086	42326257	3	3	3
ENSG00000278520.1	MIR7851	chr12	42323700	42323859	3	3	3
ENSG00000252917.1	SNORA74	chr12	42347061	42347214	3	3	3
ENSG00000274943.1	AC079684.1	chr12	42361267	42361703	3	3	3
ENSG00000199886.1	RNU6-249P	chr12	42398550	42398651	3	3	3
ENSG00000257376.1	AC079601.2	chr12	42431665	42433357	3	3	3
ENSG00000207142.1	Y_RNA	chr12	42454720	42454821	3	3	3
ENSG00000139174.12	PRICKLE1	chr12	42456757	42590355	3	3	3
ENSG00000257225.1	AC079601.1	chr12	42459366	42466128	3	3	3
ENSG00000258068.2	AC079600.3	chr12	42485353	42498979	3	3	3
ENSG00000257510.2	LINC02402	chr12	42615221	42646547	3	3	3
ENSG00000257687.1	AC079600.2	chr12	42627008	42627137	3	3	3
ENSG00000257405.1	AC079600.1	chr12	42636815	42637111	3	3	3
ENSG00000257164.5	LINC02451	chr12	42646583	42686701	3	3	3
ENSG00000240759.1	RPS27P21	chr12	42678873	42679124	3	3	3
ENSG00000257114.3	LINC02450	chr12	42687195	42717120	3	3	3
ENSG00000271272.1	AC068802.1	chr12	42929848	42930579	3	3	3
ENSG00000257849.1	AC012038.2	chr12	42966122	42967353	3	3	3
ENSG00000257373.1	AC012038.1	chr12	42979254	42996486	3	3	3
ENSG00000257927.1	MRPS36P5	chr12	43054089	43054386	3	3	3
ENSG00000258331.1	LINC02461	chr12	43155315	43163110	3	3	3
ENSG00000173157.17	ADAMTS20	chr12	43353866	43552203	3	3	3
ENSG00000241251.2	AC090525.1	chr12	43560784	43561297	3	3	3
ENSG00000257813.2	AC090525.2	chr12	43569769	43572038	3	3	3
ENSG00000271508.1	AC090525.3	chr12	43633093	43633281	3	3	3
ENSG00000257907.2	EEF1A1P17	chr12	43659827	43661101	3	3	3
ENSG00000129317.15	PUS7L	chr12	43718992	43758793	3	3	3
ENSG00000257896.1	AC093012.1	chr12	43736628	43741067	3	3	3
ENSG00000198001.14	IRAK4	chr12	43758944	43789543	3	3	3
ENSG00000151239.14	TWF1	chr12	43793723	43806328	3	3	3
ENSG00000139173.10	TMEM117	chr12	43835967	44389762	3	3	3
ENSG00000258212.1	ZNF75BP	chr12	44008620	44010143	3	3	3
ENSG00000257947.1	AC025030.2	chr12	44244394	44263982	3	3	3
ENSG00000257864.1	AC025030.1	chr12	44248432	44249004	3	3	3
ENSG00000275286.1	AC025253.1	chr12	44498616	44499158	3	3	3
ENSG00000286671.1	AC025253.2	chr12	44499961	44503596	3	3	3
ENSG00000184613.11	NELL2	chr12	44508275	44921848	3	3	3
ENSG00000201788.1	Y_RNA	chr12	44880868	44880969	3	3	3
ENSG00000185610.6	DBX2	chr12	45014672	45051099	3	3	3
ENSG00000257319.1	AC008127.1	chr12	45050901	45103107	3	3	3
ENSG00000257331.1	RACGAP1P1	chr12	45063473	45065351	3	3	3
ENSG00000257572.1	SSBL3P	chr12	45071769	45072843	3	3	3
ENSG00000199556.1	RNA5SP361	chr12	45117771	45117888	3	3	3
ENSG00000287386.1	AC009248.3	chr12	45164186	45170809	3	3	3
ENSG00000134297.6	PLEKHA8P1	chr12	45173064	45216041	3	3	3
ENSG00000257738.2	AC009248.1	chr12	45200817	45201551	3	3	3
ENSG00000177119.16	ANO6	chr12	45215987	45440404	3	3	3
ENSG00000278351.1	AC009248.2	chr12	45256473	45256726	3	3	3
ENSG00000257368.2	AC063924.1	chr12	45444766	45445438	3	3	3
ENSG00000257657.3	AC079950.1	chr12	45475520	45610620	3	3	3
ENSG00000283545.1	U6	chr12	45554590	45554659	3	3	3
ENSG00000273015.2	AC008124.1	chr12	45718046	45727775	3	3	3
ENSG00000189079.17	ARID2	chr12	45729706	45908040	3	3	3
ENSG00000278475.1	AC009464.1	chr12	45789189	45789657	3	3	3
ENSG00000265093.2	RN7SL246P	chr12	45874035	45874330	3	3	3
ENSG00000270429.1	KNOP1P2	chr12	45880950	45882266	3	3	3
ENSG00000139218.18	SCAF11	chr12	45919131	45992120	3	3	3
ENSG00000239397.1	AC084878.1	chr12	46004038	46004685	3	3	3
ENSG00000111371.16	SLC38A1	chr12	46183063	46270017	3	3	3
ENSG00000274591.1	AC025031.3	chr12	46239106	46239473	3	3	3
ENSG00000134294.14	SLC38A2	chr12	46358188	46372773	3	3	3
ENSG00000258096.1	AC025031.2	chr12	46371463	46373778	3	3	3
ENSG00000257261.6	AC008014.1	chr12	46383652	46876784	3	3	3
ENSG00000257496.1	AC025031.1	chr12	46384233	46386991	3	3	3
ENSG00000275481.1	AC025031.4	chr12	46388856	46392126	3	3	3
ENSG00000278896.1	AC025031.5	chr12	46404644	46407166	3	3	3
ENSG00000272369.1	AC008035.1	chr12	46537502	46652550	3	3	3
ENSG00000272963.1	OR7A19P	chr12	46592573	46593305	3	3	3
ENSG00000271642.1	MARK3P1	chr12	46682071	46682713	3	3	3
ENSG00000139209.16	SLC38A4	chr12	46764761	46832408	3	3	3
ENSG00000274723.1	AC079906.1	chr12	46970504	46972155	3	3	3
ENSG00000139211.7	AMIGO2	chr12	47075707	47079959	3	3	3
ENSG00000179715.13	PCED1B	chr12	47079603	47236662	3	3	3
ENSG00000258352.1	IFITM3P6	chr12	47135498	47138370	3	3	3
ENSG00000263838.1	MIR4698	chr12	47187812	47187891	3	3	3
ENSG00000247774.7	PCED1B-AS1	chr12	47205898	47216456	3	3	3
ENSG00000257925.1	AC008083.2	chr12	47237734	47279021	3	3	3
ENSG00000258181.1	AC008083.3	chr12	47248124	47257539	3	3	3
ENSG00000276454.1	AC008083.4	chr12	47265665	47266108	3	3	3
ENSG00000258116.1	PPIAP45	chr12	47341614	47342089	3	3	3
ENSG00000199566.1	AC008083.1	chr12	47346166	47346297	3	3	3
ENSG00000257924.1	LINC02416	chr12	47353754	47369935	3	3	3
ENSG00000264906.1	MIR4494	chr12	47364186	47364269	3	3	3
ENSG00000257906.3	LINC02156	chr12	47377638	47420192	3	3	3
ENSG00000258369.1	ADI1P3	chr12	47463087	47463621	3	3	3
ENSG00000257807.1	AC003686.1	chr12	47484689	47485722	3	3	3
ENSG00000257905.1	AC004486.1	chr12	47593208	47593440	3	3	3
ENSG00000005175.10	RPAP3	chr12	47661249	47706030	3	3	3
ENSG00000276390.1	AC004241.3	chr12	47699401	47699917	3	3	3
ENSG00000257433.6	AC004241.1	chr12	47706083	47742294	3	3	3
ENSG00000111405.9	ENDOU	chr12	47709734	47725567	3	3	3
ENSG00000280054.1	AC004241.5	chr12	47728151	47730598	3	3	3
ENSG00000274902.1	AC004241.2	chr12	47731908	47732351	3	3	3
ENSG00000079337.16	RAPGEF3	chr12	47734363	47771040	3	3	3
ENSG00000211584.14	SLC48A1	chr12	47753916	47782751	3	3	3
ENSG00000277173.1	AC004241.4	chr12	47768529	47769648	3	3	3
ENSG00000061273.18	HDAC7	chr12	47782722	47833132	3	3	3
ENSG00000268069.2	AC004466.1	chr12	47784923	47786002	3	3	3
ENSG00000276691.1	AC004466.3	chr12	47788426	47788971	3	3	3
ENSG00000274737.1	AC004466.2	chr12	47817451	47817966	3	3	3
ENSG00000257488.5	LINC02354	chr12	47826854	47837898	3	3	3
ENSG00000111424.12	VDR	chr12	47841537	47943048	3	3	3
ENSG00000205537.2	AC121338.1	chr12	47882649	47901525	3	3	3
ENSG00000278385.1	AC121338.2	chr12	47905122	47906865	3	3	3
ENSG00000279840.1	AC004801.7	chr12	47960497	47963469	3	3	3
ENSG00000134291.12	TMEM106C	chr12	47963569	47968878	3	3	3
ENSG00000139219.19	COL2A1	chr12	47972967	48004554	3	3	3
ENSG00000258203.5	AC004801.5	chr12	48005277	48011227	3	3	3
ENSG00000257985.1	AC004801.4	chr12	48011304	48025469	3	3	3
ENSG00000257955.1	AC004801.3	chr12	48019771	48025382	3	3	3
ENSG00000276814.1	AC004801.6	chr12	48039784	48040761	3	3	3
ENSG00000079387.14	SENP1	chr12	48042897	48106079	3	3	3
ENSG00000240399.1	AC004801.2	chr12	48054813	48055591	3	3	3
ENSG00000222635.1	RNU6-1203P	chr12	48081319	48081428	3	3	3
ENSG00000226138.4	AC004801.1	chr12	48085062	48085421	3	3	3
ENSG00000152556.17	PFKM	chr12	48105139	48146404	3	3	3
ENSG00000275770.1	MIR6505	chr12	48132797	48132867	3	3	3
ENSG00000177981.11	ASB8	chr12	48147789	48181213	3	3	3
ENSG00000274124.1	AC074029.3	chr12	48152817	48153128	3	3	3
ENSG00000258051.1	AC074029.2	chr12	48160245	48160878	3	3	3
ENSG00000257885.1	PHBP18	chr12	48168847	48169659	3	3	3
ENSG00000257848.1	AC074029.1	chr12	48171590	48173353	3	3	3
ENSG00000177875.5	CCDC184	chr12	48183644	48185926	3	3	3
ENSG00000279875.1	AC074029.4	chr12	48189349	48191207	3	3	3
ENSG00000269514.3	AC024257.3	chr12	48198357	48230275	3	3	3
ENSG00000172640.3	OR10AD1	chr12	48202083	48203387	3	3	3
ENSG00000258234.1	AC024257.1	chr12	48231098	48284210	3	3	3
ENSG00000275228.1	AC024257.5	chr12	48327942	48328472	3	3	3
ENSG00000187166.1	H1-7	chr12	48328980	48330279	3	3	3
ENSG00000258273.1	AC024257.2	chr12	48333755	48333901	3	3	3
ENSG00000167528.13	ZNF641	chr12	48337180	48351414	3	3	3
ENSG00000257735.1	AC090115.1	chr12	48350945	48442411	3	3	3
ENSG00000257763.1	OR5BK1P	chr12	48355792	48356614	3	3	3
ENSG00000273765.1	AC024257.4	chr12	48360920	48361377	3	3	3
ENSG00000258024.1	OR5BT1P	chr12	48385417	48386265	3	3	3
ENSG00000257792.1	OR5BJ1P	chr12	48394510	48395392	3	3	3
ENSG00000273434.1	OR8S21P	chr12	48417150	48417337	3	3	3
ENSG00000226413.2	OR8T1P	chr12	48442030	48442947	3	3	3
ENSG00000139223.4	ANP32D	chr12	48472559	48473622	3	3	3
ENSG00000177627.11	C12orf54	chr12	48482498	48496524	3	3	3
ENSG00000258121.1	AC089987.2	chr12	48483287	48500961	3	3	3
ENSG00000240443.1	RPS10P20	chr12	48487946	48488408	3	3	3
ENSG00000197376.3	AC089987.1	chr12	48507354	48529897	3	3	3
ENSG00000284723.1	OR8S1	chr12	48525632	48528103	3	3	3
ENSG00000198678.5	OR5BS1P	chr12	48559882	48562956	3	3	3
ENSG00000167531.6	LALBA	chr12	48567684	48570066	3	3	3
ENSG00000224709.2	OR11M1P	chr12	48627879	48628836	3	3	3
ENSG00000139620.13	KANSL2	chr12	48653211	48682238	3	3	3
ENSG00000221491.2	SNORA2C	chr12	48654382	48654518	3	3	3
ENSG00000281842.2	MIR1291	chr12	48654444	48654530	3	3	3
ENSG00000206612.1	SNORA2A	chr12	48656648	48656782	3	3	3
ENSG00000207313.1	SNORA2B	chr12	48667457	48667593	3	3	3
ENSG00000129315.11	CCNT1	chr12	48688458	48716998	3	3	3
ENSG00000257987.6	TEX49	chr12	48727435	48765790	3	3	3
ENSG00000257653.1	AC117498.1	chr12	48766194	48767323	3	3	3
ENSG00000174233.11	ADCY6	chr12	48766194	48789037	3	3	3
ENSG00000264201.1	MIR4701	chr12	48771975	48772037	3	3	3
ENSG00000257660.5	ADCY6-DT	chr12	48789147	48790535	3	3	3
ENSG00000271547.1	AC117498.2	chr12	48800576	48801086	3	3	3
ENSG00000207467.1	Y_RNA	chr12	48809911	48810016	3	3	3
ENSG00000167535.8	CACNB3	chr12	48813794	48828941	3	3	3
ENSG00000174243.10	DDX23	chr12	48829756	48852842	3	3	3
ENSG00000172602.11	RND1	chr12	48857145	48865870	3	3	3
ENSG00000199394.1	RNU6-600P	chr12	48892130	48892228	3	3	3
ENSG00000239617.1	AC073610.1	chr12	48903418	48903813	3	3	3
ENSG00000272822.2	AC073610.2	chr12	48903503	48957365	3	3	3
ENSG00000139537.11	CCDC65	chr12	48904110	48931840	3	3	3
ENSG00000134285.11	FKBP11	chr12	48921518	48926474	3	3	3
ENSG00000134287.10	ARF3	chr12	48935723	48957487	3	3	3
ENSG00000169884.14	WNT10B	chr12	48965340	48971735	3	3	3
ENSG00000200303.1	RNU6-940P	chr12	48975543	48975646	3	3	3
ENSG00000125084.12	WNT1	chr12	48978322	48982620	3	3	3
ENSG00000181418.8	DDN	chr12	48995149	48999375	3	3	3
ENSG00000258283.1	AC011603.3	chr12	48995150	48996334	3	3	3
ENSG00000257913.2	DDN-AS1	chr12	48998367	49019235	3	3	3
ENSG00000181929.13	PRKAG1	chr12	49002274	49018807	3	3	3
ENSG00000167548.16	KMT2D	chr12	49018978	49060794	3	3	3
ENSG00000167550.11	RHEBL1	chr12	49064676	49070025	3	3	3
ENSG00000277672.1	AC011603.4	chr12	49075039	49075802	3	3	3
ENSG00000139549.4	DHH	chr12	49086656	49094801	3	3	3
ENSG00000257346.1	AC011603.1	chr12	49090208	49093312	3	3	3
ENSG00000139636.15	LMBR1L	chr12	49096551	49110900	3	3	3
ENSG00000123416.15	TUBA1B	chr12	49127782	49131397	3	3	3
ENSG00000258017.2	AC011603.2	chr12	49127782	49188484	3	3	3
ENSG00000200309.1	Y_RNA	chr12	49132853	49132947	3	3	3
ENSG00000167552.14	TUBA1A	chr12	49184795	49189080	3	3	3
ENSG00000167553.16	TUBA1C	chr12	49188736	49274600	3	3	3
ENSG00000274017.1	Metazoa_SRP	chr12	49196784	49197062	3	3	3
ENSG00000258101.2	AC010173.1	chr12	49232790	49264756	3	3	3
ENSG00000258232.2	AC125611.3	chr12	49265156	49273306	3	3	3
ENSG00000258334.1	AC125611.4	chr12	49292631	49324576	3	3	3
ENSG00000135406.14	PRPH	chr12	49293252	49298686	3	3	3
ENSG00000135451.13	TROAP	chr12	49323236	49331731	3	3	3
ENSG00000186897.5	C1QL4	chr12	49332409	49337188	3	3	3
ENSG00000178401.16	DNAJC22	chr12	49346888	49357546	3	3	3
ENSG00000123352.18	SPATS2	chr12	49366584	49527425	3	3	3
ENSG00000257954.1	AC125611.2	chr12	49389516	49390162	3	3	3
ENSG00000257464.1	AC125611.1	chr12	49442424	49442652	3	3	3
ENSG00000287537.1	AC020612.4	chr12	49536677	49538894	3	3	3
ENSG00000135519.8	KCNH3	chr12	49539030	49558337	3	3	3
ENSG00000187778.14	MCRS1	chr12	49556544	49568145	3	3	3
ENSG00000110844.14	PRPF40B	chr12	49568218	49644666	3	3	3
ENSG00000257964.1	AC020612.3	chr12	49576840	49577505	3	3	3
ENSG00000135436.8	FAM186B	chr12	49582885	49605639	3	3	3
ENSG00000199237.1	RNU6-834P	chr12	49593104	49593213	3	3	3
ENSG00000258284.1	POLR2KP1	chr12	49594091	49594258	3	3	3
ENSG00000257243.1	AC020612.1	chr12	49595148	49595688	3	3	3
ENSG00000258104.1	HIGD1AP9	chr12	49619334	49619612	3	3	3
ENSG00000161791.14	FMNL3	chr12	49636499	49708165	3	3	3
ENSG00000139644.13	TMBIM6	chr12	49707725	49764934	3	3	3
ENSG00000257570.1	AC020612.2	chr12	49709237	49709336	3	3	3
ENSG00000257730.1	LSM6P2	chr12	49770960	49771136	3	3	3
ENSG00000167566.17	NCKAP5L	chr12	49791146	49828750	3	3	3
ENSG00000258057.6	BCDIN3D-AS1	chr12	49827913	49841143	3	3	3
ENSG00000186666.6	BCDIN3D	chr12	49836043	49843106	3	3	3
ENSG00000257253.2	AC131157.1	chr12	49861207	49865802	3	3	3
ENSG00000242041.1	RPL35AP28	chr12	49863173	49863503	3	3	3
ENSG00000135472.9	FAIM2	chr12	49866896	49904217	3	3	3
ENSG00000257771.6	LINC02395	chr12	49900311	49932764	3	3	3
ENSG00000258135.5	LINC02396	chr12	49908882	49911863	3	3	3
ENSG00000167580.8	AQP2	chr12	49950737	49958878	3	3	3
ENSG00000257588.1	AC025154.2	chr12	49951512	49962924	3	3	3
ENSG00000257378.1	AC025154.1	chr12	49954639	49956125	3	3	3
ENSG00000161798.7	AQP5	chr12	49961872	49965682	3	3	3
ENSG00000086159.13	AQP6	chr12	49967194	49977139	3	3	3
ENSG00000161800.13	RACGAP1	chr12	49976923	50033136	3	3	3
ENSG00000110881.12	ASIC1	chr12	50057548	50083611	3	3	3
ENSG00000066117.15	SMARCD1	chr12	50085200	50100707	3	3	3
ENSG00000167588.13	GPD1	chr12	50103982	50111313	3	3	3
ENSG00000178449.9	COX14	chr12	50112082	50120457	3	3	3
ENSG00000272368.2	AC074032.1	chr12	50112197	50165618	3	3	3
ENSG00000139624.14	CERS5	chr12	50129289	50167533	3	3	3
ENSG00000050405.13	LIMA1	chr12	50175788	50283546	3	3	3
ENSG00000257298.1	AC008147.2	chr12	50185580	50191363	3	3	3
ENSG00000257531.2	AC008147.3	chr12	50217662	50218343	3	3	3
ENSG00000257256.1	AC008147.1	chr12	50219604	50229984	3	3	3
ENSG00000221604.1	MIR1293	chr12	50234142	50234212	3	3	3
ENSG00000212496.1	RNU6-1093P	chr12	50256238	50256344	3	3	3
ENSG00000278842.1	AC008147.4	chr12	50286244	50289231	3	3	3
ENSG00000185958.10	FAM186A	chr12	50326230	50396622	3	3	3
ENSG00000244266.1	AC090058.1	chr12	50365652	50366086	3	3	3
ENSG00000161813.22	LARP4	chr12	50392383	50480004	3	3	3
ENSG00000066084.13	DIP2B	chr12	50504985	50748657	3	3	3
ENSG00000207136.1	RNU6-769P	chr12	50633273	50633376	3	3	3
ENSG00000200183.1	RNU6-238P	chr12	50656973	50657078	3	3	3
ENSG00000200428.1	Y_RNA	chr12	50743568	50743684	3	3	3
ENSG00000271018.1	AC013244.1	chr12	50756892	50757433	3	3	3
ENSG00000123268.9	ATF1	chr12	50763710	50821162	3	3	3
ENSG00000271490.1	AC013244.2	chr12	50806335	50806437	3	3	3
ENSG00000243075.3	RN7SL519P	chr12	50841498	50841785	3	3	3
ENSG00000186452.11	TMPRSS12	chr12	50842920	50887884	3	3	3
ENSG00000271621.1	AC013244.3	chr12	50847925	50848312	3	3	3
ENSG00000185432.12	METTL7A	chr12	50923472	50932510	3	3	3
ENSG00000274156.1	AC008121.2	chr12	50934942	50935464	3	3	3
ENSG00000199740.1	Y_RNA	chr12	50939927	50940026	3	3	3
ENSG00000271596.1	AC008121.1	chr12	50949117	50949384	3	3	3
ENSG00000214511.3	HIGD1C	chr12	50953922	50970506	3	3	3
ENSG00000274797.1	AC008121.3	chr12	50953924	50954356	3	3	3
ENSG00000110911.16	SLC11A2	chr12	50979401	51028566	3	3	3
ENSG00000272028.1	RNU6-87P	chr12	51014134	51014241	3	3	3
ENSG00000199903.1	RNU6-1273P	chr12	51037499	51037602	3	3	3
ENSG00000050426.16	LETMD1	chr12	51047962	51060424	3	3	3
ENSG00000110925.7	CSRNP2	chr12	51061205	51083664	3	3	3
ENSG00000135457.10	TFCP2	chr12	51093656	51173135	3	3	3
ENSG00000244540.2	RPL35AP29	chr12	51106817	51107144	3	3	3
ENSG00000257246.1	PHBP19	chr12	51124628	51125381	3	3	3
ENSG00000200953.1	Y_RNA	chr12	51156868	51156977	3	3	3
ENSG00000199824.1	RNU6-199P	chr12	51162901	51163007	3	3	3
ENSG00000184271.17	POU6F1	chr12	51186936	51217708	3	3	3
ENSG00000278126.1	AC139768.1	chr12	51201684	51202581	3	3	3
ENSG00000183283.16	DAZAP2	chr12	51238724	51271362	3	3	3
ENSG00000170545.17	SMAGP	chr12	51244558	51270415	3	3	3
ENSG00000110934.13	BIN2	chr12	51281038	51324668	3	3	3
ENSG00000139610.2	CELA1	chr12	51328442	51346679	3	3	3
ENSG00000139629.16	GALNT6	chr12	51351247	51392867	3	3	3
ENSG00000050438.17	SLC4A8	chr12	51391317	51515763	3	3	3
ENSG00000271065.1	AC107031.1	chr12	51421956	51424611	3	3	3
ENSG00000196876.18	SCN8A	chr12	51590266	51812864	3	3	3
ENSG00000257851.2	HNRNPA3P10	chr12	51712469	51713606	3	3	3
ENSG00000260122.1	AC068987.1	chr12	51809705	51810600	3	3	3
ENSG00000284730.1	TMDD1	chr12	51813940	51814926	3	3	3
ENSG00000260473.2	AC068987.2	chr12	51815043	51842106	3	3	3
ENSG00000261308.3	FIGNL2	chr12	51817840	51848766	3	3	3
ENSG00000261586.2	AC068987.3	chr12	51817899	51820150	3	3	3
ENSG00000259887.1	FIGNL2-DT	chr12	51848223	51852729	3	3	3
ENSG00000167612.13	ANKRD33	chr12	51888009	51891727	3	3	3
ENSG00000258021.1	AC025259.2	chr12	51900565	51901336	3	3	3
ENSG00000139567.13	ACVRL1	chr12	51906908	51923361	3	3	3
ENSG00000135503.13	ACVR1B	chr12	51951699	51997078	3	3	3
ENSG00000206992.1	RNU6-574P	chr12	51987657	51987763	3	3	3
ENSG00000161835.11	TAMALIN	chr12	52006946	52015889	3	3	3
ENSG00000123358.20	NR4A1	chr12	52022832	52059507	3	3	3
ENSG00000259884.1	NR4A1AS	chr12	52058459	52059503	3	3	3
ENSG00000123395.14	ATG101	chr12	52069246	52077494	3	3	3
ENSG00000257663.1	AC025259.1	chr12	52076841	52082084	3	3	3
ENSG00000284791.2	SMIM41	chr12	52079704	52108255	3	3	3
ENSG00000257542.5	OR7E47P	chr12	52084744	52108261	3	3	3
ENSG00000257989.1	AC078864.1	chr12	52092485	52104297	3	3	3
ENSG00000258279.4	LINC00592	chr12	52164115	52223813	3	3	3
ENSG00000167767.14	KRT80	chr12	52168996	52192014	3	3	3
ENSG00000257137.7	LINC02874	chr12	52205392	52213583	3	3	3
ENSG00000257649.1	METTL7AP1	chr12	52229093	52229588	3	3	3
ENSG00000135480.16	KRT7	chr12	52232520	52252186	3	3	3
ENSG00000257671.1	KRT7-AS	chr12	52245048	52247448	3	3	3
ENSG00000170442.12	KRT86	chr12	52249300	52309163	3	3	3
ENSG00000135477.11	KRT87P	chr12	52250466	52258867	3	3	3
ENSG00000284883.1	AC021066.2	chr12	52263948	52267461	3	3	3
ENSG00000257830.1	AC021066.1	chr12	52274647	52279156	3	3	3
ENSG00000285102.1	AC021066.3	chr12	52275821	52277736	3	3	3
ENSG00000205426.10	KRT81	chr12	52285913	52291534	3	3	3
ENSG00000287051.1	AC121757.2	chr12	52298856	52306287	3	3	3
ENSG00000257829.1	AC121757.1	chr12	52306616	52308371	3	3	3
ENSG00000170523.3	KRT83	chr12	52314301	52321398	3	3	3
ENSG00000274928.6	KRT89P	chr12	52341197	52354036	3	3	3
ENSG00000135443.8	KRT85	chr12	52360006	52367481	3	3	3
ENSG00000161849.3	KRT84	chr12	52377812	52385652	3	3	3
ENSG00000258253.1	AC078865.1	chr12	52380460	52402407	3	3	3
ENSG00000161850.3	KRT82	chr12	52393931	52406335	3	3	3
ENSG00000257500.1	AC055736.1	chr12	52407580	52428494	3	3	3
ENSG00000257844.2	KRT90P	chr12	52411742	52421867	3	3	3
ENSG00000170454.6	KRT75	chr12	52424070	52434371	3	3	3
ENSG00000185479.6	KRT6B	chr12	52446651	52452146	3	3	3
ENSG00000170465.10	KRT6C	chr12	52468516	52473805	3	3	3
ENSG00000205420.11	KRT6A	chr12	52487176	52493257	3	3	3
ENSG00000186081.12	KRT5	chr12	52514575	52520530	3	3	3
ENSG00000139648.7	KRT71	chr12	52543909	52553145	3	3	3
ENSG00000170484.10	KRT74	chr12	52565782	52573843	3	3	3
ENSG00000170486.11	KRT72	chr12	52585589	52601538	3	3	3
ENSG00000257495.5	KRT73-AS1	chr12	52601467	52615305	3	3	3
ENSG00000186049.8	KRT73	chr12	52607570	52618559	3	3	3
ENSG00000258120.2	KRT128P	chr12	52630339	52634456	3	3	3
ENSG00000172867.4	KRT2	chr12	52644558	52652211	3	3	3
ENSG00000167768.4	KRT1	chr12	52674736	52680407	3	3	3
ENSG00000189182.10	KRT77	chr12	52689626	52703524	3	3	3
ENSG00000257700.1	AC055716.3	chr12	52692605	52696788	3	3	3
ENSG00000257402.2	KRT126P	chr12	52715567	52721655	3	3	3
ENSG00000258036.2	KRT125P	chr12	52729517	52736142	3	3	3
ENSG00000257616.1	AC055716.2	chr12	52730425	52732865	3	3	3
ENSG00000257343.1	AC055716.1	chr12	52746596	52748308	3	3	3
ENSG00000257675.1	BTBD10P1	chr12	52748776	52750127	3	3	3
ENSG00000257125.1	KRT127P	chr12	52751978	52753821	3	3	3
ENSG00000258071.1	ARL2BPP2	chr12	52763405	52763893	3	3	3
ENSG00000185069.2	KRT76	chr12	52768155	52777345	3	3	3
ENSG00000257404.1	AC107016.2	chr12	52782650	52782839	3	3	3
ENSG00000186442.7	KRT3	chr12	52789685	52796117	3	3	3
ENSG00000170477.13	KRT4	chr12	52806549	52814116	3	3	3
ENSG00000185640.6	KRT79	chr12	52821408	52834311	3	3	3
ENSG00000257389.1	AC107016.1	chr12	52837403	52837739	3	3	3
ENSG00000170423.13	KRT78	chr12	52837804	52849092	3	3	3
ENSG00000241146.1	RPL7P41	chr12	52885429	52886385	3	3	3
ENSG00000170421.12	KRT8	chr12	52897187	52949954	3	3	3
ENSG00000111057.11	KRT18	chr12	52948871	52952906	3	3	3
ENSG00000063046.18	EIF4B	chr12	53006282	53042215	3	3	3
ENSG00000257475.2	AC068888.2	chr12	53012104	53013921	3	3	3
ENSG00000257337.7	AC068888.1	chr12	53012884	53054450	3	3	3
ENSG00000111077.18	TNS2	chr12	53046969	53064379	3	3	3
ENSG00000278108.1	MIR6757	chr12	53056944	53057012	3	3	3
ENSG00000167778.9	SPRYD3	chr12	53064316	53079404	3	3	3
ENSG00000167779.9	IGFBP6	chr12	53097436	53102345	3	3	3
ENSG00000167780.12	SOAT2	chr12	53103486	53124535	3	3	3
ENSG00000258074.1	VTI1BP3	chr12	53131350	53131985	3	3	3
ENSG00000238669.1	RNU6-333P	chr12	53138545	53138651	3	3	3
ENSG00000258016.1	HIGD1AP1	chr12	53142053	53142327	3	3	3
ENSG00000257790.1	EIF4A1P4	chr12	53153272	53154484	3	3	3
ENSG00000139631.19	CSAD	chr12	53157663	53180925	3	3	3
ENSG00000257808.1	AC073573.1	chr12	53159586	53161000	3	3	3
ENSG00000139651.11	ZNF740	chr12	53180704	53195142	3	3	3
ENSG00000139626.16	ITGB7	chr12	53191323	53207282	3	3	3
ENSG00000172819.17	RARG	chr12	53210567	53232980	3	3	3
ENSG00000283536.2	AC021072.1	chr12	53241889	53242723	3	3	3
ENSG00000182544.9	MFSD5	chr12	53251251	53254406	3	3	3
ENSG00000135476.12	ESPL1	chr12	53268299	53293638	3	3	3
ENSG00000123349.15	PFDN5	chr12	53295291	53299452	3	3	3
ENSG00000288663.1	AC073611.1	chr12	53295492	53307174	3	3	3
ENSG00000257605.2	MYG1-AS1	chr12	53298655	53300314	3	3	3
ENSG00000139637.14	MYG1	chr12	53299695	53307177	3	3	3
ENSG00000094914.14	AAAS	chr12	53307456	53324864	3	3	3
ENSG00000170374.6	SP7	chr12	53326575	53345315	3	3	3
ENSG00000185591.10	SP1	chr12	53380176	53416446	3	3	3
ENSG00000135409.11	AMHR2	chr12	53423855	53431672	3	3	3
ENSG00000205352.11	PRR13	chr12	53441678	53446645	3	3	3
ENSG00000257379.1	AC023509.1	chr12	53441741	53467528	3	3	3
ENSG00000197111.16	PCBP2	chr12	53452102	53481162	3	3	3
ENSG00000282977.1	PCBP2-OT1	chr12	53464468	53465057	3	3	3
ENSG00000273658.1	AC023509.4	chr12	53464720	53464901	3	3	3
ENSG00000139625.13	MAP3K12	chr12	53479669	53500063	3	3	3
ENSG00000270175.1	AC023509.3	chr12	53500162	53500936	3	3	3
ENSG00000139546.11	TARBP2	chr12	53500921	53506431	3	3	3
ENSG00000267281.2	ATF7-NPFF	chr12	53506688	53625979	3	3	3
ENSG00000139574.8	NPFF	chr12	53506690	53507638	3	3	3
ENSG00000170653.19	ATF7	chr12	53507856	53626410	3	3	3
ENSG00000257550.2	AC023509.2	chr12	53513891	53517608	3	3	3
ENSG00000285692.1	AC023509.6	chr12	53531752	53621218	3	3	3
ENSG00000275488.1	AC023509.5	chr12	53574632	53576103	3	3	3
ENSG00000135390.21	ATP5MC2	chr12	53632726	53677408	3	3	3
ENSG00000213470.4	AC073594.1	chr12	53632788	53633151	3	3	3
ENSG00000012822.16	CALCOCO1	chr12	53708517	53727745	3	3	3
ENSG00000286069.2	AC076968.2	chr12	53739611	53898976	3	3	3
ENSG00000260492.3	CISTR	chr12	53746337	53757227	3	3	3
ENSG00000260030.1	AC076968.1	chr12	53754358	53762104	3	3	3
ENSG00000253053.1	RN7SKP289	chr12	53816185	53816479	3	3	3
ENSG00000249641.2	HOXC13-AS	chr12	53935328	53939643	3	3	3
ENSG00000123364.5	HOXC13	chr12	53938831	53946544	3	3	3
ENSG00000123407.4	HOXC12	chr12	53954903	53958956	3	3	3
ENSG00000228630.5	HOTAIR	chr12	53962308	53974956	3	3	3
ENSG00000275589.1	AC012531.5	chr12	53963629	53963697	3	3	3
ENSG00000277994.1	AC012531.7	chr12	53965965	53966061	3	3	3
ENSG00000274817.1	AC012531.4	chr12	53968002	53968178	3	3	3
ENSG00000277129.1	AC012531.6	chr12	53968351	53968501	3	3	3
ENSG00000123388.4	HOXC11	chr12	53973126	53977643	3	3	3
ENSG00000251151.2	HOXC-AS3	chr12	53981509	53985519	3	3	3
ENSG00000180818.5	HOXC10	chr12	53985065	53990279	3	3	3
ENSG00000273049.1	AC012531.3	chr12	53985845	54034888	3	3	3
ENSG00000197757.8	HOXC6	chr12	53990624	54030823	3	3	3
ENSG00000207924.3	MIR196A2	chr12	53991738	53991847	3	3	3
ENSG00000250133.2	HOXC-AS2	chr12	53993810	53996785	3	3	3
ENSG00000180806.5	HOXC9	chr12	53994895	54003337	3	3	3
ENSG00000250451.5	HOXC-AS1	chr12	53999022	54000010	3	3	3
ENSG00000037965.6	HOXC8	chr12	54008985	54012769	3	3	3
ENSG00000198353.8	HOXC4	chr12	54016931	54056030	3	3	3
ENSG00000273046.1	AC012531.2	chr12	54017110	54035361	3	3	3
ENSG00000260597.1	AC012531.1	chr12	54019910	54022589	3	3	3
ENSG00000172789.3	HOXC5	chr12	54032853	54035358	3	3	3
ENSG00000207571.1	MIR615	chr12	54033950	54034045	3	3	3
ENSG00000248265.2	FLJ12825	chr12	54058254	54122235	3	3	3
ENSG00000250654.7	AC023794.3	chr12	54076838	54081903	3	3	3
ENSG00000249388.3	AC023794.2	chr12	54081736	54102699	3	3	3
ENSG00000250432.5	FAM242C	chr12	54085132	54125992	3	3	3
ENSG00000202146.1	Y_RNA	chr12	54099191	54099302	3	3	3
ENSG00000123415.15	SMUG1	chr12	54121277	54189008	3	3	3
ENSG00000250742.4	LINC02381	chr12	54126082	54147485	3	3	3
ENSG00000260470.1	AC023794.5	chr12	54145069	54147225	3	3	3
ENSG00000257534.1	AC023794.4	chr12	54162065	54164452	3	3	3
ENSG00000248576.1	AC023794.1	chr12	54163139	54168595	3	3	3
ENSG00000094916.16	CBX5	chr12	54230942	54280133	3	3	3
ENSG00000283803.1	MIR3198-2	chr12	54231397	54231476	3	3	3
ENSG00000241785.3	RN7SL390P	chr12	54255627	54255910	3	3	3
ENSG00000257596.1	SCAT2	chr12	54262615	54279063	3	3	3
ENSG00000258344.1	AC078778.1	chr12	54276631	54345083	3	3	3
ENSG00000135486.19	HNRNPA1	chr12	54280193	54287088	3	3	3
ENSG00000123405.14	NFE2	chr12	54292111	54301015	3	3	3
ENSG00000111481.10	COPZ1	chr12	54301202	54351846	3	3	3
ENSG00000207381.1	RNU6-950P	chr12	54317781	54317887	3	3	3
ENSG00000199122.3	MIR148B	chr12	54337216	54337314	3	3	3
ENSG00000264028.2	RN7SL744P	chr12	54344610	54344876	3	3	3
ENSG00000258137.5	AC079313.2	chr12	54353661	54497688	3	3	3
ENSG00000258086.1	AC079313.1	chr12	54353792	54466985	3	3	3
ENSG00000139572.4	GPR84	chr12	54362445	54364487	3	3	3
ENSG00000161642.18	ZNF385A	chr12	54369133	54391298	3	3	3
ENSG00000161638.11	ITGA5	chr12	54395261	54419266	3	3	3
ENSG00000257477.1	LINC01154	chr12	54428303	54429403	3	3	3
ENSG00000170627.11	GTSF1	chr12	54455950	54473602	3	3	3
ENSG00000123338.13	NCKAP1L	chr12	54497752	54548243	3	3	3
ENSG00000257824.1	AC068789.1	chr12	54543111	54544105	3	3	3
ENSG00000123360.12	PDE1B	chr12	54549601	54579239	3	3	3
ENSG00000135447.17	PPP1R1A	chr12	54575387	54588659	3	3	3
ENSG00000257780.5	GLYCAM1	chr12	54608187	54610462	3	3	3
ENSG00000135413.9	LACRT	chr12	54630811	54634895	3	3	3
ENSG00000161634.12	DCD	chr12	54644589	54648493	3	3	3
ENSG00000257634.1	AC079310.1	chr12	54682973	54687434	3	3	3
ENSG00000270858.1	VDAC1P5	chr12	54802746	54803589	3	3	3
ENSG00000172551.11	MUCL1	chr12	54830518	54896008	3	3	3
ENSG00000135426.16	TESPA1	chr12	54948015	54984762	3	3	3
ENSG00000257870.1	AC027287.2	chr12	55009746	55014247	3	3	3
ENSG00000123307.4	NEUROD4	chr12	55019974	55030017	3	3	3
ENSG00000196534.5	OR9K1P	chr12	55113077	55118632	3	3	3
ENSG00000257350.1	AC027287.1	chr12	55122668	55124120	3	3	3
ENSG00000170605.6	OR9K2	chr12	55126406	55132750	3	3	3
ENSG00000224622.1	OR9R1P	chr12	55158847	55159723	3	3	3
ENSG00000227423.2	OR10U1P	chr12	55193882	55194786	3	3	3
ENSG00000179919.3	OR10A7	chr12	55221025	55221975	3	3	3
ENSG00000197706.3	OR6C74	chr12	55247198	55248302	3	3	3
ENSG00000213451.2	OR6C69P	chr12	55262539	55263431	3	3	3
ENSG00000205331.5	OR6C72P	chr12	55283750	55284641	3	3	3
ENSG00000188324.4	OR6C6	chr12	55293988	55296569	3	3	3
ENSG00000230307.1	OR6C5P	chr12	55311835	55312757	3	3	3
ENSG00000205330.4	OR6C1	chr12	55314343	55322364	3	3	3
ENSG00000205329.2	OR6C3	chr12	55330043	55332687	3	3	3
ENSG00000257757.1	OR6C7P	chr12	55342841	55343774	3	3	3
ENSG00000187857.4	OR6C75	chr12	55362975	55369279	3	3	3
ENSG00000203408.4	OR6C71P	chr12	55376742	55378797	3	3	3
ENSG00000233606.2	OR6C66P	chr12	55385837	55392964	3	3	3
ENSG00000257414.1	OR6C73P	chr12	55396340	55396697	3	3	3
ENSG00000205328.2	OR6C65	chr12	55400430	55401505	3	3	3
ENSG00000179899.8	PHC1P1	chr12	55411727	55414787	3	3	3
ENSG00000185821.3	OR6C76	chr12	55426254	55427192	3	3	3
ENSG00000258763.5	AC122685.1	chr12	55434734	55585471	3	3	3
ENSG00000179695.3	OR6C2	chr12	55444069	55453347	3	3	3
ENSG00000184954.4	OR6C70	chr12	55469200	55470138	3	3	3
ENSG00000205327.3	OR6C68	chr12	55492378	55493316	3	3	3
ENSG00000234670.1	OR6C64P	chr12	55522593	55523417	3	3	3
ENSG00000179626.4	OR6C4	chr12	55549602	55555832	3	3	3
ENSG00000179615.3	OR2AP1	chr12	55572468	55575612	3	3	3
ENSG00000272937.2	OR6U2P	chr12	55608043	55615878	3	3	3
ENSG00000175398.2	OR10P1	chr12	55636860	55637854	3	3	3
ENSG00000258921.1	AC009779.4	chr12	55638912	55659795	3	3	3
ENSG00000272837.1	OR10AE3P	chr12	55646195	55646663	3	3	3
ENSG00000258907.2	PSMB3P1	chr12	55654558	55655168	3	3	3
ENSG00000270458.1	AC009779.5	chr12	55662337	55662501	3	3	3
ENSG00000170439.7	METTL7B	chr12	55681678	55684611	3	3	3
ENSG00000135424.18	ITGA7	chr12	55684568	55716043	3	3	3
ENSG00000258311.5	AC009779.3	chr12	55716036	55724703	3	3	3
ENSG00000135441.7	BLOC1S1	chr12	55716037	55720087	3	3	3
ENSG00000135437.10	RDH5	chr12	55720367	55724705	3	3	3
ENSG00000135404.12	CD63	chr12	55725323	55729707	3	3	3
ENSG00000258056.2	AC009779.2	chr12	55729104	55730852	3	3	3
ENSG00000258045.2	Metazoa_SRP	chr12	55731264	55731531	3	3	3
ENSG00000257384.1	AC009779.1	chr12	55732366	55732648	3	3	3
ENSG00000135414.10	GDF11	chr12	55743122	55757264	3	3	3
ENSG00000205323.9	SARNP	chr12	55752463	55817724	3	3	3
ENSG00000257390.5	AC023055.1	chr12	55757275	55827546	3	3	3
ENSG00000257509.1	AC073487.1	chr12	55761550	55762628	3	3	3
ENSG00000123353.10	ORMDL2	chr12	55818041	55821879	3	3	3
ENSG00000135392.18	DNAJC14	chr12	55820960	55830824	3	3	3
ENSG00000182796.14	TMEM198B	chr12	55829608	55836246	3	3	3
ENSG00000123342.16	MMP19	chr12	55835433	55842966	3	3	3
ENSG00000257966.1	OLA1P3	chr12	55870048	55872602	3	3	3
ENSG00000257569.1	GSTP1P1	chr12	55900300	55900618	3	3	3
ENSG00000170473.17	PYM1	chr12	55901413	55932618	3	3	3
ENSG00000065357.20	DGKA	chr12	55927319	55954027	3	3	3
ENSG00000273973.1	AC025162.2	chr12	55929170	55929729	3	3	3
ENSG00000185664.14	PMEL	chr12	55954105	55973317	3	3	3
ENSG00000123374.11	CDK2	chr12	55966781	55972789	3	3	3
ENSG00000258554.1	AC025162.1	chr12	55966838	55967474	3	3	3
ENSG00000111540.16	RAB5B	chr12	55973913	55996683	3	3	3
ENSG00000237493.3	AC034102.1	chr12	55980432	55981035	3	3	3
ENSG00000139531.13	SUOX	chr12	55997180	56006641	3	3	3
ENSG00000123411.15	IKZF4	chr12	56007659	56038435	3	3	3
ENSG00000273890.1	AC034102.8	chr12	56010091	56010574	3	3	3
ENSG00000257449.1	AC034102.3	chr12	56029649	56041806	3	3	3
ENSG00000197728.11	RPS26	chr12	56041351	56044697	3	3	3
ENSG00000065361.16	ERBB3	chr12	56076799	56103505	3	3	3
ENSG00000257411.2	AC034102.2	chr12	56101331	56109289	3	3	3
ENSG00000170515.14	PA2G4	chr12	56104537	56113910	3	3	3
ENSG00000257553.1	AC034102.4	chr12	56104614	56113905	3	3	3
ENSG00000229117.9	RPL41	chr12	56116590	56117967	3	3	3
ENSG00000139641.13	ESYT1	chr12	56118250	56144674	3	3	3
ENSG00000135482.7	ZC3H10	chr12	56118260	56127514	3	3	3
ENSG00000258345.1	AC034102.7	chr12	56118968	56119939	3	3	3
ENSG00000258317.1	AC034102.6	chr12	56120033	56129619	3	3	3
ENSG00000257809.1	AC034102.5	chr12	56150796	56158220	3	3	3
ENSG00000196465.10	MYL6B	chr12	56152256	56159647	3	3	3
ENSG00000092841.19	MYL6	chr12	56158346	56163496	3	3	3
ENSG00000139613.12	SMARCC2	chr12	56162359	56189567	3	3	3
ENSG00000258199.1	AC073896.4	chr12	56162359	56190284	3	3	3
ENSG00000181852.18	RNF41	chr12	56202179	56221933	3	3	3
ENSG00000139579.13	NABP2	chr12	56222015	56229854	3	3	3
ENSG00000139540.12	SLC39A5	chr12	56230049	56237846	3	3	3
ENSG00000139645.10	ANKRD52	chr12	56237807	56258384	3	3	3
ENSG00000135469.14	COQ10A	chr12	56266890	56270966	3	3	3
ENSG00000258260.1	AC073896.5	chr12	56267793	56270104	3	3	3
ENSG00000062485.19	CS	chr12	56271699	56300391	3	3	3
ENSG00000144785.8	AC073896.1	chr12	56285916	56316059	3	3	3
ENSG00000257303.2	AC073896.2	chr12	56300076	56317992	3	3	3
ENSG00000257740.1	AC073896.3	chr12	56308868	56309449	3	3	3
ENSG00000257727.6	CNPY2	chr12	56309842	56316119	3	3	3
ENSG00000135473.15	PAN2	chr12	56316223	56334053	3	3	3
ENSG00000110944.9	IL23A	chr12	56334174	56340410	3	3	3
ENSG00000170581.14	STAT2	chr12	56341597	56360167	3	3	3
ENSG00000252206.1	RNU7-40P	chr12	56352387	56352450	3	3	3
ENSG00000175336.10	APOF	chr12	56360568	56362857	3	3	3
ENSG00000274823.1	APONP	chr12	56376818	56377331	3	3	3
ENSG00000259099.2	AC025574.1	chr12	56380361	56382711	3	3	3
ENSG00000276272.1	AC024884.2	chr12	56411944	56413190	3	3	3
ENSG00000274569.1	AC024884.1	chr12	56413647	56414045	3	3	3
ENSG00000111602.12	TIMELESS	chr12	56416363	56449426	3	3	3
ENSG00000135517.9	MIP	chr12	56449502	56469166	3	3	3
ENSG00000285528.1	AC097104.1	chr12	56449700	56488170	3	3	3
ENSG00000176422.14	SPRYD4	chr12	56468578	56479708	3	3	3
ENSG00000135423.13	GLS2	chr12	56470944	56488414	3	3	3
ENSG00000257576.1	HSPD1P4	chr12	56511002	56512703	3	3	3
ENSG00000076067.13	RBMS2	chr12	56521820	56596193	3	3	3
ENSG00000201579.1	RNU6-343P	chr12	56588518	56588621	3	3	3
ENSG00000076108.12	BAZ2A	chr12	56595596	56636816	3	3	3
ENSG00000110955.9	ATP5F1B	chr12	56638175	56645984	3	3	3
ENSG00000207031.1	SNORD59A	chr12	56645027	56645101	3	3	3
ENSG00000110958.16	PTGES3	chr12	56663341	56688408	3	3	3
ENSG00000241217.3	RN7SL809P	chr12	56670450	56670746	3	3	3
ENSG00000196531.14	NACA	chr12	56712305	56731628	3	3	3
ENSG00000285625.1	AC117378.1	chr12	56714612	56741535	3	3	3
ENSG00000198056.15	PRIM1	chr12	56731296	56752374	3	3	3
ENSG00000025423.11	HSD17B6	chr12	56752161	56787790	3	3	3
ENSG00000258679.1	AC121758.2	chr12	56822985	56874268	3	3	3
ENSG00000273536.1	AC121758.4	chr12	56840973	56841273	3	3	3
ENSG00000258816.1	AC121758.3	chr12	56855694	56855886	3	3	3
ENSG00000212383.1	AC121758.1	chr12	56861375	56861508	3	3	3
ENSG00000170426.2	SDR9C7	chr12	56923133	56934408	3	3	3
ENSG00000278400.1	AC026120.2	chr12	56941174	56941482	3	3	3
ENSG00000139547.7	RDH16	chr12	56951431	56959374	3	3	3
ENSG00000278399.1	AC026120.1	chr12	56981211	56985960	3	3	3
ENSG00000287715.1	AC026120.3	chr12	56987734	56990756	3	3	3
ENSG00000166856.3	GPR182	chr12	56994492	56998447	3	3	3
ENSG00000166860.3	ZBTB39	chr12	56998836	57006546	3	3	3
ENSG00000166863.13	TAC3	chr12	57010000	57028883	3	3	3
ENSG00000166866.13	MYO1A	chr12	57028517	57051198	3	3	3
ENSG00000166881.10	NEMP1	chr12	57055643	57088063	3	3	3
ENSG00000166886.13	NAB2	chr12	57089043	57095476	3	3	3
ENSG00000166888.12	STAT6	chr12	57095408	57132139	3	3	3
ENSG00000123384.14	LRP1	chr12	57128483	57213361	3	3	3
ENSG00000259125.1	LRP1-AS	chr12	57144620	57147619	3	3	3
ENSG00000221365.1	MIR1228	chr12	57194504	57194576	3	3	3
ENSG00000182379.10	NXPH4	chr12	57216794	57226449	3	3	3
ENSG00000276727.1	AC137834.2	chr12	57229498	57230198	3	3	3
ENSG00000182199.11	SHMT2	chr12	57229573	57234935	3	3	3
ENSG00000185633.10	NDUFA4L2	chr12	57234903	57240715	3	3	3
ENSG00000185482.8	STAC3	chr12	57243453	57251188	3	3	3
ENSG00000258830.1	AC137834.1	chr12	57249609	57296484	3	3	3
ENSG00000179912.20	R3HDM2	chr12	57253762	57431005	3	3	3
ENSG00000201198.1	RNU6-879P	chr12	57415296	57415403	3	3	3
ENSG00000258001.1	AC126614.1	chr12	57431116	57433935	3	3	3
ENSG00000175189.4	INHBC	chr12	57434784	57452062	3	3	3
ENSG00000139269.3	INHBE	chr12	57452323	57459280	3	3	3
ENSG00000287200.1	AC022506.2	chr12	57457596	57462818	3	3	3
ENSG00000111087.10	GLI1	chr12	57459785	57472268	3	3	3
ENSG00000123329.20	ARHGAP9	chr12	57472264	57488814	3	3	3
ENSG00000166986.15	MARS1	chr12	57475445	57517569	3	3	3
ENSG00000284152.1	MIR6758	chr12	57512688	57512750	3	3	3
ENSG00000175197.12	DDIT3	chr12	57516588	57521737	3	3	3
ENSG00000285133.1	AC022506.1	chr12	57517712	57520480	3	3	3
ENSG00000208028.1	MIR616	chr12	57519163	57519259	3	3	3
ENSG00000166987.15	MBD6	chr12	57520710	57530148	3	3	3
ENSG00000175203.17	DCTN2	chr12	57529633	57547224	3	3	3
ENSG00000155980.13	KIF5A	chr12	57546026	57586633	3	3	3
ENSG00000166908.18	PIP4K2C	chr12	57591174	57603418	3	3	3
ENSG00000178498.16	DTX3	chr12	57604622	57609804	3	3	3
ENSG00000240771.8	ARHGEF25	chr12	57610180	57617245	3	3	3
ENSG00000224713.4	AC025165.1	chr12	57612118	57619638	3	3	3
ENSG00000287908.1	AC025165.6	chr12	57615280	57626125	3	3	3
ENSG00000135502.19	SLC26A10	chr12	57619527	57626151	3	3	3
ENSG00000135454.14	B4GALNT1	chr12	57623409	57633239	3	3	3
ENSG00000242990.2	RPL13AP23	chr12	57674665	57675250	3	3	3
ENSG00000135506.16	OS9	chr12	57693955	57721557	3	3	3
ENSG00000257342.1	AC025165.2	chr12	57694132	57721510	3	3	3
ENSG00000135439.11	AGAP2	chr12	57723761	57742157	3	3	3
ENSG00000255737.2	AGAP2-AS1	chr12	57726271	57728356	3	3	3
ENSG00000135452.10	TSPAN31	chr12	57738013	57750219	3	3	3
ENSG00000135446.17	CDK4	chr12	57747727	57756013	3	3	3
ENSG00000283621.1	MIR6759	chr12	57748618	57748682	3	3	3
ENSG00000139266.6	MARCHF9	chr12	57755103	57760411	3	3	3
ENSG00000111012.10	CYP27B1	chr12	57762334	57768986	3	3	3
ENSG00000037897.17	METTL1	chr12	57768471	57772119	3	3	3
ENSG00000123427.17	EEF1AKMT3	chr12	57771492	57782541	3	3	3
ENSG00000257921.6	AC025165.3	chr12	57772660	57797554	3	3	3
ENSG00000123297.20	TSFM	chr12	57782761	57808071	3	3	3
ENSG00000135407.10	AVIL	chr12	57797376	57818704	3	3	3
ENSG00000270039.1	AC025165.5	chr12	57803838	57804415	3	3	3
ENSG00000206749.1	RNU6-1083P	chr12	57806154	57806260	3	3	3
ENSG00000269903.1	AC025165.4	chr12	57814494	57814926	3	3	3
ENSG00000175215.11	CTDSP2	chr12	57819927	57846729	3	3	3
ENSG00000207789.1	MIR26A2	chr12	57824609	57824692	3	3	3
ENSG00000257953.1	AC083805.2	chr12	57837092	57842745	3	3	3
ENSG00000245651.3	AC083805.1	chr12	57869834	57896482	3	3	3
ENSG00000273805.1	AC083805.3	chr12	57894232	57896846	3	3	3
ENSG00000166896.9	ATP23	chr12	57906039	57959148	3	3	3
ENSG00000257698.2	GIHCG	chr12	57930115	57936345	3	3	3
ENSG00000257159.1	AC084033.1	chr12	57967058	57968399	3	3	3
ENSG00000222210.1	RN7SKP65	chr12	57977965	57978277	3	3	3
ENSG00000257668.1	AC084033.2	chr12	57983795	57984761	3	3	3
ENSG00000257541.1	LINC02403	chr12	58087892	58093362	3	3	3
ENSG00000279134.1	AC090643.1	chr12	58094914	58098013	3	3	3
ENSG00000279411.1	AC090643.2	chr12	58103907	58105935	3	3	3
ENSG00000241423.2	RPL21P103	chr12	58244378	58244865	3	3	3
ENSG00000258133.1	AC025578.1	chr12	58394596	58395138	3	3	3
ENSG00000258231.5	AC020637.1	chr12	58544124	58813060	3	3	3
ENSG00000257259.3	LINC02388	chr12	58565959	58781747	3	3	3
ENSG00000139263.12	LRIG3	chr12	58872149	58920504	3	3	3
ENSG00000257443.1	AC068305.2	chr12	58920639	59064238	3	3	3
ENSG00000244390.2	RPS6P22	chr12	59020169	59020894	3	3	3
ENSG00000257288.1	AC068305.1	chr12	59052980	59054184	3	3	3
ENSG00000286351.1	AC046129.1	chr12	59129511	59130875	3	3	3
ENSG00000286279.1	AC108721.2	chr12	59322765	59436874	3	3	3
ENSG00000258214.1	AC108721.1	chr12	59366218	59411171	3	3	3
ENSG00000212599.1	RNU6-279P	chr12	59369051	59369151	3	3	3
ENSG00000251931.1	RNU6-871P	chr12	59450673	59450772	3	3	3
ENSG00000257230.1	LINC02448	chr12	59523278	59524184	3	3	3
ENSG00000202471.1	RNU4-20P	chr12	59586793	59586943	3	3	3
ENSG00000118596.12	SLC16A7	chr12	59596029	59789855	3	3	3
ENSG00000257146.1	AC079905.2	chr12	59719698	59719944	3	3	3
ENSG00000237176.4	AC079905.1	chr12	59812102	59812576	3	3	3
ENSG00000257294.2	AC080011.1	chr12	60092864	60096071	3	3	3
ENSG00000287014.1	AC087883.2	chr12	60150187	60269686	3	3	3
ENSG00000258184.1	AC087883.1	chr12	60215994	60216384	3	3	3
ENSG00000252607.1	Y_RNA	chr12	60341824	60341941	3	3	3
ENSG00000251822.1	AC090022.1	chr12	60363822	60363935	3	3	3
ENSG00000257865.1	AC090022.2	chr12	60418983	60419293	3	3	3
ENSG00000257308.1	AC090017.1	chr12	61231159	61232937	3	3	3
ENSG00000258336.2	DUX4L52	chr12	61600067	61600843	3	3	3
ENSG00000286402.1	AC090629.1	chr12	61668302	61702771	3	3	3
ENSG00000198673.10	TAFA2	chr12	61708259	62279150	3	3	3
ENSG00000242922.2	RPL21P104	chr12	61775923	61776400	3	3	3
ENSG00000257528.1	KRT8P19	chr12	61879318	61880772	3	3	3
ENSG00000213363.4	RPS3P6	chr12	62021570	62022174	3	3	3
ENSG00000257880.1	AC078789.1	chr12	62139999	62145643	3	3	3
ENSG00000258316.1	KLF17P1	chr12	62234390	62235515	3	3	3
ENSG00000135655.16	USP15	chr12	62260338	62417431	3	3	3
ENSG00000284360.1	MIR6125	chr12	62260359	62260454	3	3	3
ENSG00000200814.1	RNU6-595P	chr12	62334091	62334197	3	3	3
ENSG00000275881.1	Metazoa_SRP	chr12	62393607	62393880	3	3	3
ENSG00000061987.16	MON2	chr12	62466817	62600476	3	3	3
ENSG00000257568.1	AC079035.1	chr12	62482349	62484932	3	3	3
ENSG00000202034.1	RNU6-399P	chr12	62545582	62545679	3	3	3
ENSG00000221949.6	LINC01465	chr12	62601751	62603690	3	3	3
ENSG00000257354.2	AC048341.1	chr12	62602752	62622213	3	3	3
ENSG00000199179.3	MIRLET7I	chr12	62603686	62603769	3	3	3
ENSG00000275180.1	AC048341.2	chr12	62603909	62604399	3	3	3
ENSG00000111110.12	PPM1H	chr12	62643994	62935150	3	3	3
ENSG00000241941.2	RPL32P26	chr12	62658823	62659225	3	3	3
ENSG00000213352.3	GAPDHP44	chr12	62755227	62756233	3	3	3
ENSG00000200296.1	RNU1-83P	chr12	62850738	62850901	3	3	3
ENSG00000252660.1	Y_RNA	chr12	62935701	62935802	3	3	3
ENSG00000139239.7	RPL14P1	chr12	62965325	62965969	3	3	3
ENSG00000257779.1	AC078814.2	chr12	63002469	63002795	3	3	3
ENSG00000250517.2	LDHAL6CP	chr12	63003553	63006902	3	3	3
ENSG00000257235.1	AC078814.1	chr12	63004338	63006541	3	3	3
ENSG00000257664.1	RSL24D1P5	chr12	63055275	63055765	3	3	3
ENSG00000166148.4	AVPR1A	chr12	63142759	63151201	3	3	3
ENSG00000279444.1	AC135584.1	chr12	63151065	63154006	3	3	3
ENSG00000257332.1	HNRNPA1P69	chr12	63271404	63272336	3	3	3
ENSG00000258117.2	AC026116.1	chr12	63292625	63360037	3	3	3
ENSG00000177990.12	DPY19L2	chr12	63558913	63668939	3	3	3
ENSG00000249753.2	AC084357.2	chr12	63623788	63795718	3	3	3
ENSG00000257005.1	AC027667.1	chr12	63651627	63651930	3	3	3
ENSG00000255583.2	AC084357.3	chr12	63682523	63724935	3	3	3
ENSG00000240027.2	AC084357.1	chr12	63760358	63760612	3	3	3
ENSG00000118600.12	RXYLT1	chr12	63779842	63809562	3	3	3
ENSG00000255850.2	RXYLT1-AS1	chr12	63804739	63822156	3	3	3
ENSG00000255642.1	PABPC1P4	chr12	63822021	63823895	3	3	3
ENSG00000196935.9	SRGAP1	chr12	63844700	64162217	3	3	3
ENSG00000242087.2	RPL36AP41	chr12	63871739	63872044	3	3	3
ENSG00000256571.1	AC079866.2	chr12	63878787	63879474	3	3	3
ENSG00000256399.1	AC079866.1	chr12	63887379	63888598	3	3	3
ENSG00000255780.1	AC020611.1	chr12	64032412	64032665	3	3	3
ENSG00000255886.1	AC020611.2	chr12	64038562	64097618	3	3	3
ENSG00000287618.1	AC025576.3	chr12	64099415	64130539	3	3	3
ENSG00000255817.1	AC025576.2	chr12	64108763	64120489	3	3	3
ENSG00000255629.1	AC025576.1	chr12	64146388	64147857	3	3	3
ENSG00000174206.13	C12orf66	chr12	64186316	64222296	3	3	3
ENSG00000212298.1	RNU6-1009P	chr12	64204793	64204899	3	3	3
ENSG00000243024.6	AC012158.1	chr12	64222337	64397065	3	3	3
ENSG00000251788.1	RNU5A-7P	chr12	64228560	64228675	3	3	3
ENSG00000185306.13	C12orf56	chr12	64264762	64390758	3	3	3
ENSG00000256192.1	OOEPP2	chr12	64266413	64266766	3	3	3
ENSG00000256293.2	ATP6V1E1P3	chr12	64338178	64338797	3	3	3
ENSG00000238440.1	AC135279.1	chr12	64355762	64355865	3	3	3
ENSG00000184575.12	XPOT	chr12	64404392	64451125	3	3	3
ENSG00000255566.1	AC135279.2	chr12	64442510	64443330	3	3	3
ENSG00000277895.1	AC135279.3	chr12	64451591	64452901	3	3	3
ENSG00000183735.11	TBK1	chr12	64452090	64502114	3	3	3
ENSG00000288665.1	AC136977.1	chr12	64497968	64507329	3	3	3
ENSG00000153179.13	RASSF3	chr12	64507001	64697564	3	3	3
ENSG00000256199.1	AC078962.2	chr12	64507166	64533638	3	3	3
ENSG00000223294.1	SNORD83	chr12	64575665	64575741	3	3	3
ENSG00000256670.1	AC078962.4	chr12	64599078	64609459	3	3	3
ENSG00000207546.1	MIR548C	chr12	64622509	64622605	3	3	3
ENSG00000266016.3	MIR548Z	chr12	64622509	64622605	3	3	3
ENSG00000225195.2	AC078962.1	chr12	64628344	64629976	3	3	3
ENSG00000256314.1	AC078962.3	chr12	64654060	64655019	3	3	3
ENSG00000280320.1	AC025262.2	chr12	64696191	64696550	3	3	3
ENSG00000280181.1	AC025262.1	chr12	64709458	64710513	3	3	3
ENSG00000135677.11	GNS	chr12	64713445	64759431	3	3	3
ENSG00000111490.15	TBC1D30	chr12	64759484	64881033	3	3	3
ENSG00000288591.1	AC078815.1	chr12	64759496	64977509	3	3	3
ENSG00000286682.1	AC025262.3	chr12	64820179	64825955	3	3	3
ENSG00000243020.1	RPL7P39	chr12	64867956	64868699	3	3	3
ENSG00000255693.3	LINC02389	chr12	64883394	64990646	3	3	3
ENSG00000248995.2	LINC02231	chr12	64920845	64982524	3	3	3
ENSG00000221564.1	RNU6ATAC42P	chr12	64939023	64939117	3	3	3
ENSG00000198671.3	AC135895.1	chr12	65017468	65054124	3	3	3
ENSG00000156076.10	WIF1	chr12	65050626	65121305	3	3	3
ENSG00000207099.1	RNU6-166P	chr12	65095749	65095855	3	3	3
ENSG00000255700.2	APOOP3	chr12	65134688	65135273	3	3	3
ENSG00000174106.3	LEMD3	chr12	65169583	65248355	3	3	3
ENSG00000276853.1	AC026124.2	chr12	65171262	65171917	3	3	3
ENSG00000174099.12	MSRB3	chr12	65278643	65491430	3	3	3
ENSG00000250280.2	AC026124.1	chr12	65281657	65286728	3	3	3
ENSG00000215208.3	KRT18P60	chr12	65418731	65420027	3	3	3
ENSG00000250748.6	AC025419.1	chr12	65466820	65642372	3	3	3
ENSG00000255866.2	AC090023.1	chr12	65556925	65560889	3	3	3
ENSG00000256268.2	LINC02454	chr12	65589111	65613000	3	3	3
ENSG00000256915.2	AC090023.2	chr12	65622273	65663299	3	3	3
ENSG00000213344.2	PCNPP3	chr12	65645992	65646462	3	3	3
ENSG00000241749.4	RPSAP52	chr12	65758020	65826997	3	3	3
ENSG00000149948.14	HMGA2	chr12	65824460	65966291	3	3	3
ENSG00000277945.1	AC107308.1	chr12	65830750	65831050	3	3	3
ENSG00000197301.7	HMGA2-AS1	chr12	65851340	65882167	3	3	3
ENSG00000256083.1	AC090673.1	chr12	65934777	65948479	3	3	3
ENSG00000276878.1	MIR6074	chr12	66023620	66023726	3	3	3
ENSG00000256259.1	LINC02425	chr12	66027725	66031066	3	3	3
ENSG00000213343.5	RPL21P18	chr12	66037235	66037714	3	3	3
ENSG00000251857.1	RNA5SP362	chr12	66066221	66066338	3	3	3
ENSG00000139233.7	LLPH	chr12	66116555	66130750	3	3	3
ENSG00000228144.2	AC078927.1	chr12	66123917	66169985	3	3	3
ENSG00000239335.4	LLPH-DT	chr12	66130751	66134449	3	3	3
ENSG00000155957.18	TMBIM4	chr12	66135846	66170072	3	3	3
ENSG00000090376.11	IRAK3	chr12	66189195	66254622	3	3	3
ENSG00000225422.4	RBMS1P1	chr12	66234079	66235234	3	3	3
ENSG00000284011.1	MIR6502	chr12	66251082	66251157	3	3	3
ENSG00000256072.1	AC078889.1	chr12	66251745	66257434	3	3	3
ENSG00000256777.1	PDCL3P7	chr12	66275940	66276651	3	3	3
ENSG00000222744.1	RN7SKP166	chr12	66292683	66292987	3	3	3
ENSG00000127311.10	HELB	chr12	66302493	66343643	3	3	3
ENSG00000155974.12	GRIP1	chr12	66347431	67069162	3	3	3
ENSG00000256285.1	OSBPL9P5	chr12	66563524	66563694	3	3	3
ENSG00000256420.1	OSBPL9P4	chr12	66563967	66569194	3	3	3
ENSG00000257083.7	AC073530.1	chr12	66950754	67096410	3	3	3
ENSG00000279310.1	AC073530.2	chr12	67065018	67065278	3	3	3
ENSG00000255976.1	RAB11AP2	chr12	67131567	67132205	3	3	3
ENSG00000237766.2	GGTA2P	chr12	67265842	67266966	3	3	3
ENSG00000111530.13	CAND1	chr12	67269358	67319953	3	3	3
ENSG00000286563.1	AC078983.1	chr12	67329014	67350924	3	3	3
ENSG00000256037.1	MRPL40P1	chr12	67351436	67352039	3	3	3
ENSG00000256355.1	NTAN1P3	chr12	67424272	67424986	3	3	3
ENSG00000256172.1	LINC02420	chr12	67440998	67442559	3	3	3
ENSG00000203585.4	LINC02408	chr12	67443105	67590771	3	3	3
ENSG00000256077.5	LINC02442	chr12	67571197	67589987	3	3	3
ENSG00000127334.11	DYRK2	chr12	67648338	67665406	3	3	3
ENSG00000235872.2	AC078777.1	chr12	67658991	67670919	3	3	3
ENSG00000255970.1	LINC02421	chr12	67709047	67729475	3	3	3
ENSG00000279505.1	AC022513.1	chr12	67753701	67753817	3	3	3
ENSG00000255772.5	LINC01479	chr12	67929235	67970017	3	3	3
ENSG00000256835.1	AC005294.1	chr12	67978107	67978387	3	3	3
ENSG00000255733.6	IFNG-AS1	chr12	67989445	68234686	3	3	3
ENSG00000244432.2	RPL39P28	chr12	68001394	68001548	3	3	3
ENSG00000236946.2	HNRNPA1P70	chr12	68035767	68036853	3	3	3
ENSG00000256708.1	AC007458.1	chr12	68143318	68143690	3	3	3
ENSG00000111537.5	IFNG	chr12	68154768	68159740	3	3	3
ENSG00000111536.5	IL26	chr12	68201349	68225810	3	3	3
ENSG00000127318.11	IL22	chr12	68248242	68253604	3	3	3
ENSG00000111554.14	MDM1	chr12	68272443	68332381	3	3	3
ENSG00000251301.7	LINC02384	chr12	68332888	68451663	3	3	3
ENSG00000256273.1	AC022511.1	chr12	68344664	68349959	3	3	3
ENSG00000273824.1	AC008033.3	chr12	68426331	68427737	3	3	3
ENSG00000256075.1	AC008033.1	chr12	68473741	68474902	3	3	3
ENSG00000256917.1	AC008033.2	chr12	68487687	68487863	3	3	3
ENSG00000240087.3	RPSAP12	chr12	68552995	68553882	3	3	3
ENSG00000274459.1	Metazoa_SRP	chr12	68575858	68576136	3	3	3
ENSG00000127314.18	RAP1B	chr12	68610855	68671901	3	3	3
ENSG00000234040.3	RPL10P12	chr12	68626870	68627187	3	3	3
ENSG00000206650.1	SNORA70G	chr12	68627234	68627375	3	3	3
ENSG00000234925.2	ATP5PDP4	chr12	68642519	68642993	3	3	3
ENSG00000247363.2	AC090061.1	chr12	68674371	68687755	3	3	3
ENSG00000241825.2	RPL7P42	chr12	68684595	68686308	3	3	3
ENSG00000111581.10	NUP107	chr12	68686951	68745809	3	3	3
ENSG00000233560.2	KRT8P39	chr12	68705634	68707066	3	3	3
ENSG00000175782.11	SLC35E3	chr12	68746125	68793964	3	3	3
ENSG00000256678.1	AC025423.3	chr12	68805011	68805479	3	3	3
ENSG00000135679.25	MDM2	chr12	68808177	68850686	3	3	3
ENSG00000256325.1	AC025423.1	chr12	68828118	68828553	3	3	3
ENSG00000257181.1	AC025423.4	chr12	68841288	68843237	3	3	3
ENSG00000256664.1	AC025423.2	chr12	68841946	68842384	3	3	3
ENSG00000135678.12	CPM	chr12	68842197	68971570	3	3	3
ENSG00000252770.1	RNU7-4P	chr12	68911921	68911982	3	3	3
ENSG00000257289.1	AC025423.5	chr12	68913804	68914022	3	3	3
ENSG00000257336.1	PRELID2P1	chr12	68957377	68957677	3	3	3
ENSG00000258140.2	AC127894.1	chr12	69212108	69224242	3	3	3
ENSG00000111605.18	CPSF6	chr12	69239569	69274358	3	3	3
ENSG00000283476.1	MIR1279	chr12	69273157	69273218	3	3	3
ENSG00000257818.1	C1GALT1P1	chr12	69284397	69285485	3	3	3
ENSG00000274979.1	AC020656.2	chr12	69326574	69331882	3	3	3
ENSG00000090382.7	LYZ	chr12	69348381	69354234	3	3	3
ENSG00000257764.2	AC020656.1	chr12	69353493	69354225	3	3	3
ENSG00000127337.7	YEATS4	chr12	69359710	69390870	3	3	3
ENSG00000266185.2	RN7SL804P	chr12	69400903	69401200	3	3	3
ENSG00000241765.2	RPS26P45	chr12	69422656	69422995	3	3	3
ENSG00000257507.1	LINC02373	chr12	69449470	69460724	3	3	3
ENSG00000166225.9	FRS2	chr12	69470349	69579793	3	3	3
ENSG00000264405.1	MIR3913-1	chr12	69584722	69584823	3	3	3
ENSG00000283677.1	MIR3913-2	chr12	69584723	69584822	3	3	3
ENSG00000166226.13	CCT2	chr12	69585426	69601570	3	3	3
ENSG00000198812.5	LRRC10	chr12	69608564	69610907	3	3	3
ENSG00000127325.19	BEST3	chr12	69643360	69699476	3	3	3
ENSG00000279551.1	AC025263.3	chr12	69660034	69661429	3	3	3
ENSG00000247131.6	AC025263.1	chr12	69713633	69738574	3	3	3
ENSG00000127328.22	RAB3IP	chr12	69738860	69823204	3	3	3
ENSG00000258052.1	AC025263.2	chr12	69801669	69855363	3	3	3
ENSG00000166268.11	MYRFL	chr12	69825227	69959097	3	3	3
ENSG00000257815.7	PRANCR	chr12	69901918	70243379	3	3	3
ENSG00000257241.1	AC078922.1	chr12	69946543	69947081	3	3	3
ENSG00000257139.1	LINC02821	chr12	70180338	70202004	3	3	3
ENSG00000287132.1	AC092881.2	chr12	70239114	70242430	3	3	3
ENSG00000111596.14	CNOT2	chr12	70243002	70354993	3	3	3
ENSG00000279530.2	AC092881.1	chr12	70321542	70324274	3	3	3
ENSG00000135643.5	KCNMB4	chr12	70366290	70434292	3	3	3
ENSG00000222405.1	RNU4-65P	chr12	70443784	70443923	3	3	3
ENSG00000258168.6	AC025569.1	chr12	70468080	70543040	3	3	3
ENSG00000127329.16	PTPRB	chr12	70515870	70637440	3	3	3
ENSG00000277247.1	AC083809.1	chr12	70570969	70571440	3	3	3
ENSG00000153233.13	PTPRR	chr12	70638073	70920738	3	3	3
ENSG00000257302.1	FAHD2P1	chr12	70671918	70672856	3	3	3
ENSG00000207387.1	Y_RNA	chr12	70906917	70907018	3	3	3
ENSG00000257265.1	AC123905.1	chr12	71007773	71032083	3	3	3
ENSG00000257454.1	AC025575.1	chr12	71034122	71104526	3	3	3
ENSG00000258053.1	AC025575.2	chr12	71047402	71118247	3	3	3
ENSG00000127324.9	TSPAN8	chr12	71125085	71441898	3	3	3
ENSG00000139292.13	LGR5	chr12	71439798	71586310	3	3	3
ENSG00000277223.1	AC090116.1	chr12	71448405	71448850	3	3	3
ENSG00000288530.1	AC078860.3	chr12	71582293	71583852	3	3	3
ENSG00000257761.3	AC078860.2	chr12	71587642	71594404	3	3	3
ENSG00000133858.17	ZFC3H1	chr12	71609599	71667725	3	3	3
ENSG00000212461.1	AC078860.1	chr12	71639355	71639483	3	3	3
ENSG00000173451.7	THAP2	chr12	71664301	71680644	3	3	3
ENSG00000258064.1	AC073612.1	chr12	71674204	71698968	3	3	3
ENSG00000139291.14	TMEM19	chr12	71686082	71705047	3	3	3
ENSG00000257515.1	AC011601.1	chr12	71709171	71710374	3	3	3
ENSG00000080371.6	RAB21	chr12	71754863	71800286	3	3	3
ENSG00000257410.1	AC089984.1	chr12	71793855	71799627	3	3	3
ENSG00000257991.1	AC089984.2	chr12	71835034	71835396	3	3	3
ENSG00000121749.15	TBC1D15	chr12	71839707	71927248	3	3	3
ENSG00000257802.1	MRS2P2	chr12	71849228	71850428	3	3	3
ENSG00000139287.13	TPH2	chr12	71938845	72186618	3	3	3
ENSG00000258115.1	AC090109.1	chr12	72046149	72057377	3	3	3
ENSG00000072657.9	TRHDE	chr12	72087266	72670758	3	3	3
ENSG00000236333.4	TRHDE-AS1	chr12	72249964	72276954	3	3	3
ENSG00000257287.1	H3P35	chr12	72431722	72432075	3	3	3
ENSG00000257723.1	CHCHD3P2	chr12	72610678	72611316	3	3	3
ENSG00000258235.1	AC133480.1	chr12	72727923	72728844	3	3	3
ENSG00000258294.5	AC090503.2	chr12	73115957	73143858	3	3	3
ENSG00000258123.1	LINC02444	chr12	73159190	73208317	3	3	3
ENSG00000257682.1	AC090503.1	chr12	73203815	73206835	3	3	3
ENSG00000243164.1	AC087879.1	chr12	73648666	73649039	3	3	3
ENSG00000252415.1	RNU6-1012P	chr12	73679188	73679296	3	3	3
ENSG00000257750.2	LINC02445	chr12	73758657	73846188	3	3	3
ENSG00000201809.1	U8	chr12	73764279	73764413	3	3	3
ENSG00000251138.7	LINC02882	chr12	73820315	74402600	3	3	3
ENSG00000257587.1	AC136188.1	chr12	73906940	73919337	3	3	3
ENSG00000258332.3	LINC02394	chr12	74039024	74049981	3	3	3
ENSG00000258320.1	AC090502.3	chr12	74170445	74171830	3	3	3
ENSG00000257183.1	AC090502.2	chr12	74248637	74283669	3	3	3
ENSG00000257113.1	AC090502.1	chr12	74274952	74275231	3	3	3
ENSG00000257364.1	VENTXP3	chr12	74292324	74293096	3	3	3
ENSG00000253719.4	ATXN7L3B	chr12	74537835	74545430	3	3	3
ENSG00000257386.1	AC025257.1	chr12	74538145	74538633	3	3	3
ENSG00000257323.1	AC123904.2	chr12	74656561	74656860	3	3	3
ENSG00000188646.6	AC123904.1	chr12	74663774	74664141	3	3	3
ENSG00000257998.1	AC123904.3	chr12	74728038	74728851	3	3	3
ENSG00000257434.1	AC073525.1	chr12	75020969	75044793	3	3	3
ENSG00000166006.14	KCNC2	chr12	75040077	75209839	3	3	3
ENSG00000254451.2	CAPS2-AS1	chr12	75234740	75298508	3	3	3
ENSG00000258112.1	CCNG2P1	chr12	75257635	75258634	3	3	3
ENSG00000180881.19	CAPS2	chr12	75275979	75390928	3	3	3
ENSG00000257823.1	AC092552.1	chr12	75305452	75306357	3	3	3
ENSG00000273987.1	AC121761.2	chr12	75333798	75334486	3	3	3
ENSG00000173401.10	GLIPR1L1	chr12	75334670	75370560	3	3	3
ENSG00000180481.11	GLIPR1L2	chr12	75391089	75432688	3	3	3
ENSG00000139278.10	GLIPR1	chr12	75480753	75503863	3	3	3
ENSG00000257497.2	AC121761.1	chr12	75483454	75489820	3	3	3
ENSG00000111615.14	KRR1	chr12	75490863	75511636	3	3	3
ENSG00000258077.2	AC078923.1	chr12	75563202	75984015	3	3	3
ENSG00000257777.1	AC022507.1	chr12	75600047	75601551	3	3	3
ENSG00000286259.1	AC078820.2	chr12	75649195	75691937	3	3	3
ENSG00000258245.1	RPL10P13	chr12	75688794	75689096	3	3	3
ENSG00000251893.2	SNORA70	chr12	75689152	75689304	3	3	3
ENSG00000258088.1	AC078820.1	chr12	75694010	75698816	3	3	3
ENSG00000258091.1	AC011611.6	chr12	75926213	75926467	3	3	3
ENSG00000243420.3	RN7SL734P	chr12	75957833	75958130	3	3	3
ENSG00000257329.1	AC011611.2	chr12	75964440	75967062	3	3	3
ENSG00000198923.4	AC011611.1	chr12	75964799	75964995	3	3	3
ENSG00000139289.13	PHLDA1	chr12	76025447	76033932	3	3	3
ENSG00000257453.1	AC011611.3	chr12	76030494	76031378	3	3	3
ENSG00000257839.1	AC011611.4	chr12	76032658	76033897	3	3	3
ENSG00000187109.15	NAP1L1	chr12	76036585	76084735	3	3	3
ENSG00000257941.1	AC011611.5	chr12	76057538	76058115	3	3	3
ENSG00000258304.1	AC233290.2	chr12	76115711	76116100	3	3	3
ENSG00000257872.1	AC233290.1	chr12	76137425	76138610	3	3	3
ENSG00000252858.1	RNU6-1271P	chr12	76139567	76139671	3	3	3
ENSG00000257219.6	LNCOG	chr12	76259836	76305969	3	3	3
ENSG00000223273.1	RN7SKP172	chr12	76315751	76316048	3	3	3
ENSG00000179941.9	BBS10	chr12	76344474	76348415	3	3	3
ENSG00000091039.17	OSBPL8	chr12	76351797	76559809	3	3	3
ENSG00000257526.2	AC107032.2	chr12	76562294	76615567	3	3	3
ENSG00000287030.1	AC107032.3	chr12	76589476	76600644	3	3	3
ENSG00000213272.5	RPL7AP9	chr12	76599671	76600470	3	3	3
ENSG00000271142.1	YWHAQP7	chr12	76619386	76620043	3	3	3
ENSG00000243071.1	AC107032.1	chr12	76660405	76660884	3	3	3
ENSG00000241045.1	RPL7P43	chr12	76721534	76722286	3	3	3
ENSG00000258090.1	AC093014.1	chr12	76757191	76757914	3	3	3
ENSG00000186908.14	ZDHHC17	chr12	76763588	76853696	3	3	3
ENSG00000175183.10	CSRP2	chr12	76858709	76879023	3	3	3
ENSG00000257910.1	AC124784.1	chr12	76878193	76880352	3	3	3
ENSG00000257199.2	AC025161.1	chr12	76984079	76984669	3	3	3
ENSG00000165891.16	E2F7	chr12	77021248	77065569	3	3	3
ENSG00000286476.1	AC079030.1	chr12	77129178	77163638	3	3	3
ENSG00000257677.2	LINC02464	chr12	77219603	77317234	3	3	3
ENSG00000067798.16	NAV3	chr12	77324641	78213010	3	3	3
ENSG00000257835.2	AC073591.1	chr12	77379770	77390869	3	3	3
ENSG00000258066.1	AC138331.1	chr12	77775783	77783576	3	3	3
ENSG00000258225.1	AC073571.1	chr12	78052181	78091737	3	3	3
ENSG00000257220.1	PRXL2AP1	chr12	78130337	78131004	3	3	3
ENSG00000258220.1	LINC02424	chr12	78326680	78359746	3	3	3
ENSG00000258084.6	AC128707.1	chr12	78352519	78483030	3	3	3
ENSG00000257879.1	AC130415.1	chr12	78426826	78442952	3	3	3
ENSG00000257165.5	AC079362.1	chr12	78448995	78540675	3	3	3
ENSG00000257564.1	AC068993.1	chr12	78793526	78794114	3	3	3
ENSG00000257948.2	AC068993.2	chr12	78794132	78808995	3	3	3
ENSG00000067715.14	SYT1	chr12	78863993	79452008	3	3	3
ENSG00000257191.1	AC090709.1	chr12	78960258	79045644	3	3	3
ENSG00000257894.2	AC027288.3	chr12	79341205	79503396	3	3	3
ENSG00000221788.1	MIR1252	chr12	79419257	79419321	3	3	3
ENSG00000257604.1	AC027288.2	chr12	79500119	79500687	3	3	3
ENSG00000257474.5	AC027288.1	chr12	79540203	79550535	3	3	3
ENSG00000257956.1	NOP56P3	chr12	79558782	79559166	3	3	3
ENSG00000177425.11	PAWR	chr12	79574979	79690964	3	3	3
ENSG00000258048.1	AC073569.2	chr12	79690144	79778451	3	3	3
ENSG00000058272.19	PPP1R12A	chr12	79773563	79935460	3	3	3
ENSG00000277130.1	AC073569.3	chr12	79818784	79819465	3	3	3
ENSG00000258044.1	AC073569.1	chr12	79823778	79825496	3	3	3
ENSG00000201942.1	RNA5SP363	chr12	79878305	79878419	3	3	3
ENSG00000257557.2	PPP1R12A-AS1	chr12	79934901	79942712	3	3	3
ENSG00000271496.1	SNRPGP20	chr12	79989014	79989218	3	3	3
ENSG00000239473.1	RPL7P38	chr12	80028893	80029631	3	3	3
ENSG00000238842.1	RNU7-106P	chr12	80068691	80068757	3	3	3
ENSG00000165899.11	OTOGL	chr12	80099537	80380879	3	3	3
ENSG00000230291.5	AC078817.1	chr12	80102899	80103333	3	3	3
ENSG00000222880.1	RN7SKP261	chr12	80343515	80343792	3	3	3
ENSG00000139304.16	PTPRQ	chr12	80402178	80680273	3	3	3
ENSG00000257786.1	AKIRIN1P1	chr12	80561017	80561560	3	3	3
ENSG00000257429.1	AC074031.1	chr12	80583683	80593701	3	3	3
ENSG00000111046.4	MYF6	chr12	80707634	80709474	3	3	3
ENSG00000111049.4	MYF5	chr12	80716912	80719671	3	3	3
ENSG00000257741.6	LINC01490	chr12	80763151	80770717	3	3	3
ENSG00000111052.7	LIN7A	chr12	80792520	80937925	3	3	3
ENSG00000207763.1	MIR617	chr12	80832533	80832629	3	3	3
ENSG00000258215.1	AC078886.1	chr12	80860955	80861508	3	3	3
ENSG00000208022.1	MIR618	chr12	80935736	80935833	3	3	3
ENSG00000111058.8	ACSS3	chr12	80936414	81261210	3	3	3
ENSG00000258026.2	AC078955.1	chr12	81094371	81125863	3	3	3
ENSG00000265227.1	MIR4699	chr12	81158388	81158461	3	3	3
ENSG00000139220.17	PPFIA2	chr12	81257975	81759553	3	3	3
ENSG00000257467.6	PPFIA2-AS1	chr12	81270669	81312422	3	3	3
ENSG00000258162.4	AC069228.1	chr12	81378042	81556637	3	3	3
ENSG00000258375.2	AC079363.1	chr12	81545326	81546450	3	3	3
ENSG00000257609.1	AC091515.1	chr12	81868368	81869046	3	3	3
ENSG00000257747.2	LINC02426	chr12	81953719	81993136	3	3	3
ENSG00000258193.1	AC011602.1	chr12	81998632	81998962	3	3	3
ENSG00000133773.12	CCDC59	chr12	82223681	82358805	3	3	3
ENSG00000127720.8	METTL25	chr12	82358528	82479239	3	3	3
ENSG00000257875.1	AC089998.3	chr12	82468456	82468948	3	3	3
ENSG00000258170.1	AC089998.4	chr12	82481118	82497560	3	3	3
ENSG00000257837.1	AC089998.2	chr12	82505211	82506188	3	3	3
ENSG00000257431.1	AC089998.1	chr12	82512677	82515817	3	3	3
ENSG00000286043.1	AC091214.1	chr12	82673070	82686632	3	3	3
ENSG00000179104.9	TMTC2	chr12	82686880	83134870	3	3	3
ENSG00000252220.1	RNU6-977P	chr12	83021890	83021992	3	3	3
ENSG00000213270.5	RPL6P25	chr12	83151331	83152190	3	3	3
ENSG00000258338.1	AC090680.1	chr12	83171590	83172740	3	3	3
ENSG00000257124.2	AC093025.1	chr12	83661009	83661719	3	3	3
ENSG00000285191.1	AC090679.3	chr12	84147304	84154338	3	3	3
ENSG00000257729.2	AC090679.2	chr12	84154434	84294562	3	3	3
ENSG00000221148.1	AC090679.1	chr12	84183324	84183448	3	3	3
ENSG00000258358.2	AC087888.1	chr12	84448625	84449878	3	3	3
ENSG00000257296.1	AC093027.1	chr12	84671598	84672026	3	3	3
ENSG00000072041.17	SLC6A15	chr12	84859491	84913615	3	3	3
ENSG00000258073.1	AC128657.1	chr12	84939524	84939668	3	3	3
ENSG00000231738.11	TSPAN19	chr12	85014311	85036277	3	3	3
ENSG00000133640.20	LRRIQ1	chr12	85036314	85264457	3	3	3
ENSG00000180318.4	ALX1	chr12	85280220	85301784	3	3	3
ENSG00000258815.1	LINC02820	chr12	85318060	85342912	3	3	3
ENSG00000257855.1	AC126471.1	chr12	85567878	85568239	3	3	3
ENSG00000258206.1	AC137768.1	chr12	85781892	85782444	3	3	3
ENSG00000198774.5	RASSF9	chr12	85800703	85836409	3	3	3
ENSG00000133636.11	NTS	chr12	85874295	85882992	3	3	3
ENSG00000182050.13	MGAT4C	chr12	85955666	86838904	3	3	3
ENSG00000258178.1	AC016993.1	chr12	85958686	85960946	3	3	3
ENSG00000257897.1	AC139697.1	chr12	86015697	86016441	3	3	3
ENSG00000258185.2	AC010196.1	chr12	86599578	86838998	3	3	3
ENSG00000280049.1	AC079597.1	chr12	87041916	87042423	3	3	3
ENSG00000242850.3	RPL23AP68	chr12	87169985	87170429	3	3	3
ENSG00000258205.1	AC079598.4	chr12	87746567	87746683	3	3	3
ENSG00000257648.1	CYCSP30	chr12	87750142	87750313	3	3	3
ENSG00000258173.1	AC079598.2	chr12	87753414	87753447	3	3	3
ENSG00000258128.2	MKRN9P	chr12	87782163	87784568	3	3	3
ENSG00000257912.1	LINC02258	chr12	87795733	87802028	3	3	3
ENSG00000257940.1	AC079598.1	chr12	87816486	87817831	3	3	3
ENSG00000258179.1	AC079598.3	chr12	87820654	87820918	3	3	3
ENSG00000240721.2	RPS4XP15	chr12	87944885	87950819	3	3	3
ENSG00000165805.10	C12orf50	chr12	87980035	88034037	3	3	3
ENSG00000133641.18	C12orf29	chr12	88033846	88050160	3	3	3
ENSG00000198707.17	CEP290	chr12	88049016	88142099	3	3	3
ENSG00000252747.1	RNA5SP364	chr12	88051701	88051778	3	3	3
ENSG00000257752.1	AC091516.1	chr12	88057876	88058578	3	3	3
ENSG00000139324.12	TMTC3	chr12	88142296	88199887	3	3	3
ENSG00000199245.1	Y_RNA	chr12	88430442	88430550	3	3	3
ENSG00000049130.16	KITLG	chr12	88492793	88580851	3	3	3
ENSG00000281333.2	AC024941.2	chr12	88580531	88600725	3	3	3
ENSG00000252850.1	RNU1-117P	chr12	88581639	88581796	3	3	3
ENSG00000278011.1	AC024941.1	chr12	88601862	88602195	3	3	3
ENSG00000246363.3	LINC02458	chr12	89010681	89309566	3	3	3
ENSG00000257629.1	AC006199.1	chr12	89027757	89028522	3	3	3
ENSG00000238302.1	RNU7-120P	chr12	89282223	89282285	3	3	3
ENSG00000257820.1	MRPS6P4	chr12	89319364	89319649	3	3	3
ENSG00000139318.8	DUSP6	chr12	89347235	89352501	3	3	3
ENSG00000274021.1	AC024909.1	chr12	89351015	89353271	3	3	3
ENSG00000286608.1	AC010201.3	chr12	89353798	89418559	3	3	3
ENSG00000271327.1	AC010201.2	chr12	89367807	89369301	3	3	3
ENSG00000271259.1	AC010201.1	chr12	89371820	89372359	3	3	3
ENSG00000139323.14	POC1B	chr12	89419718	89526047	3	3	3
ENSG00000226982.4	CENPCP1	chr12	89500093	89502670	3	3	3
ENSG00000259075.6	POC1B-GALNT4	chr12	89519408	89526262	3	3	3
ENSG00000257594.4	GALNT4	chr12	89519412	89524796	3	3	3
ENSG00000270344.3	POC1B-AS1	chr12	89524594	89548005	3	3	3
ENSG00000279939.1	AC025034.2	chr12	89544203	89544488	3	3	3
ENSG00000258302.2	AC025034.1	chr12	89561129	89594878	3	3	3
ENSG00000070961.16	ATP2B1	chr12	89588049	89709300	3	3	3
ENSG00000271614.1	ATP2B1-AS1	chr12	89708959	89712590	3	3	3
ENSG00000258216.7	AC009522.1	chr12	89712048	90100763	3	3	3
ENSG00000252207.1	RNA5SP365	chr12	89726936	89727042	3	3	3
ENSG00000257480.1	MRPL2P1	chr12	89752913	89753831	3	3	3
ENSG00000252823.1	RNU6-148P	chr12	89754059	89754152	3	3	3
ENSG00000258290.1	BRWD1P2	chr12	89919437	89919776	3	3	3
ENSG00000257725.1	LINC02399	chr12	89947693	89949726	3	3	3
ENSG00000257194.2	AC126178.1	chr12	90107739	90112779	3	3	3
ENSG00000258183.6	LINC02392	chr12	90280894	90300974	3	3	3
ENSG00000286021.2	LINC02822	chr12	90576402	90889917	3	3	3
ENSG00000257995.1	AC084365.1	chr12	90617759	90622822	3	3	3
ENSG00000288102.1	AC112481.2	chr12	90617759	90808748	3	3	3
ENSG00000257787.2	AC112481.1	chr12	90809207	90810689	3	3	3
ENSG00000197651.4	CCER1	chr12	90905622	90955176	3	3	3
ENSG00000196243.5	LINC00615	chr12	90918023	90948669	3	3	3
ENSG00000083782.8	EPYC	chr12	90963682	91005026	3	3	3
ENSG00000139330.6	KERA	chr12	91050491	91058024	3	3	3
ENSG00000139329.5	LUM	chr12	91102629	91111494	3	3	3
ENSG00000011465.18	DCN	chr12	91140484	91183217	3	3	3
ENSG00000258148.2	AC007115.1	chr12	91193709	91193942	3	3	3
ENSG00000258100.3	LINC02823	chr12	91327045	91368607	3	3	3
ENSG00000286049.1	AC090016.1	chr12	91423781	91426936	3	3	3
ENSG00000274647.1	AC126175.1	chr12	91632912	91633023	3	3	3
ENSG00000277738.1	AC126175.2	chr12	91634887	91635644	3	3	3
ENSG00000258125.1	AC025254.1	chr12	91680131	91680873	3	3	3
ENSG00000258224.1	AC090049.2	chr12	91871122	91871230	3	3	3
ENSG00000257893.3	LINC02404	chr12	91876924	91880659	3	3	3
ENSG00000257863.1	AC090049.1	chr12	91901458	91906187	3	3	3
ENSG00000257242.8	LINC01619	chr12	91984976	92142914	3	3	3
ENSG00000286907.1	AC123512.1	chr12	92008052	92022595	3	3	3
ENSG00000287714.1	AC025164.2	chr12	92026447	92032392	3	3	3
ENSG00000133639.6	BTG1	chr12	92140278	92145846	3	3	3
ENSG00000245904.4	AC025164.1	chr12	92145573	92226557	3	3	3
ENSG00000239201.1	RPL21P106	chr12	92168400	92168877	3	3	3
ENSG00000199895.1	Y_RNA	chr12	92170353	92170453	3	3	3
ENSG00000277851.2	LINC02391	chr12	92247697	92363832	3	3	3
ENSG00000205057.6	CLLU1-AS1	chr12	92420094	92428148	3	3	3
ENSG00000257127.6	CLLU1	chr12	92421531	92431002	3	3	3
ENSG00000266923.1	AC063949.2	chr12	92421531	92483680	3	3	3
ENSG00000205056.8	LINC02397	chr12	92466451	92492091	3	3	3
ENSG00000258262.1	AC063949.1	chr12	92530460	92531324	3	3	3
ENSG00000187510.10	PLEKHG7	chr12	92702843	92772455	3	3	3
ENSG00000102189.17	EEA1	chr12	92770637	92929331	3	3	3
ENSG00000258012.1	AC026111.1	chr12	92858079	92859273	3	3	3
ENSG00000257195.1	HNRNPA1P50	chr12	92883773	92884700	3	3	3
ENSG00000202534.1	RNU6-1329P	chr12	92952639	92952745	3	3	3
ENSG00000257345.2	LINC02413	chr12	92999218	93019820	3	3	3
ENSG00000257322.6	AC138123.1	chr12	93003415	93215679	3	3	3
ENSG00000207365.1	Y_RNA	chr12	93021606	93021712	3	3	3
ENSG00000270506.1	AC021646.1	chr12	93035261	93035744	3	3	3
ENSG00000256393.1	RPL41P5	chr12	93083598	93083675	3	3	3
ENSG00000257746.2	AC138123.2	chr12	93090480	93108629	3	3	3
ENSG00000257210.1	NACAP8	chr12	93124063	93124543	3	3	3
ENSG00000258171.2	LINC02412	chr12	93173470	93182299	3	3	3
ENSG00000201502.1	AC126172.1	chr12	93266017	93266096	3	3	3
ENSG00000257512.1	AC124947.2	chr12	93314809	93315941	3	3	3
ENSG00000257252.6	AC124947.1	chr12	93316722	93377753	3	3	3
ENSG00000173598.14	NUDT4	chr12	93377883	93408146	3	3	3
ENSG00000177889.10	UBE2N	chr12	93405673	93441947	3	3	3
ENSG00000200011.1	Y_RNA	chr12	93460725	93460826	3	3	3
ENSG00000198015.14	MRPL42	chr12	93467514	93516214	3	3	3
ENSG00000243015.2	RN7SL737P	chr12	93509487	93509768	3	3	3
ENSG00000258271.1	AC025260.1	chr12	93529560	93529989	3	3	3
ENSG00000246985.8	SOCS2-AS1	chr12	93542022	93571768	3	3	3
ENSG00000120833.14	SOCS2	chr12	93569814	93583487	3	3	3
ENSG00000186076.5	AC012085.1	chr12	93640822	93641586	3	3	3
ENSG00000169372.13	CRADD	chr12	93677375	93894840	3	3	3
ENSG00000258274.1	AC012085.2	chr12	93707791	93737823	3	3	3
ENSG00000264978.2	RN7SL630P	chr12	93831076	93831372	3	3	3
ENSG00000258303.1	AC012464.2	chr12	93836167	93838038	3	3	3
ENSG00000257283.1	AC012464.1	chr12	93894965	93943603	3	3	3
ENSG00000271382.1	AC012464.3	chr12	93945041	93947813	3	3	3
ENSG00000223126.1	RN7SKP263	chr12	94008739	94009047	3	3	3
ENSG00000257360.1	AC123567.1	chr12	94140077	94141337	3	3	3
ENSG00000136040.9	PLXNC1	chr12	94148577	94307675	3	3	3
ENSG00000258035.2	AC123567.2	chr12	94167528	94187724	3	3	3
ENSG00000287237.1	AC073655.3	chr12	94260548	94262299	3	3	3
ENSG00000258172.1	AC073655.1	chr12	94272150	94277195	3	3	3
ENSG00000258365.1	AC073655.2	chr12	94277758	94282844	3	3	3
ENSG00000173588.15	CEP83	chr12	94306449	94459988	3	3	3
ENSG00000244391.3	RN7SL330P	chr12	94361220	94361526	3	3	3
ENSG00000213250.5	RBMS2P1	chr12	94423744	94424969	3	3	3
ENSG00000278916.1	CEP83-DT	chr12	94460003	94462484	3	3	3
ENSG00000257400.1	AC023161.1	chr12	94491546	94496442	3	3	3
ENSG00000244091.1	RN7SL483P	chr12	94515476	94515760	3	3	3
ENSG00000258357.1	NSA2P2	chr12	94521090	94521869	3	3	3
ENSG00000236349.1	SUCLG2P2	chr12	94548241	94549536	3	3	3
ENSG00000266099.1	MIR5700	chr12	94561789	94561859	3	3	3
ENSG00000057704.13	TMCC3	chr12	94567122	94650557	3	3	3
ENSG00000283818.1	MIR7844	chr12	94571231	94571352	3	3	3
ENSG00000257847.1	LSM3P2	chr12	94590821	94591093	3	3	3
ENSG00000216306.3	KRT19P2	chr12	94834147	94835158	3	3	3
ENSG00000283998.1	MIR492	chr12	94834398	94834513	3	3	3
ENSG00000184752.13	NDUFA12	chr12	94897055	95003748	3	3	3
ENSG00000120798.17	NR2C1	chr12	95020229	95073628	3	3	3
ENSG00000180263.14	FGD6	chr12	95076749	95217482	3	3	3
ENSG00000257121.1	AC126615.2	chr12	95100531	95101045	3	3	3
ENSG00000237774.3	AC126615.1	chr12	95125760	95126389	3	3	3
ENSG00000028203.18	VEZT	chr12	95217746	95302799	3	3	3
ENSG00000202470.1	Y_RNA	chr12	95275770	95275872	3	3	3
ENSG00000257666.1	CBX3P5	chr12	95286318	95286838	3	3	3
ENSG00000212535.1	RNU6-808P	chr12	95290692	95290799	3	3	3
ENSG00000199172.3	MIR331	chr12	95308420	95308513	3	3	3
ENSG00000265917.1	MIR3685	chr12	95309923	95309984	3	3	3
ENSG00000257943.2	AC084879.1	chr12	95311312	95442482	3	3	3
ENSG00000258313.1	AC084879.2	chr12	95387890	95388558	3	3	3
ENSG00000222544.1	RNU6-735P	chr12	95438737	95438843	3	3	3
ENSG00000241556.1	AC018475.1	chr12	95467397	95467861	3	3	3
ENSG00000111142.14	METAP2	chr12	95473520	95515839	3	3	3
ENSG00000136014.12	USP44	chr12	95516560	95551476	3	3	3
ENSG00000257150.3	PGAM1P5	chr12	95551582	95673999	3	3	3
ENSG00000212448.1	Y_RNA	chr12	95617689	95617786	3	3	3
ENSG00000074527.13	NTN4	chr12	95657807	95791189	3	3	3
ENSG00000258343.2	AC090001.1	chr12	95791733	95858839	3	3	3
ENSG00000199506.1	RNU6-247P	chr12	95792529	95792635	3	3	3
ENSG00000258292.1	LINC02410	chr12	95803097	95823307	3	3	3
ENSG00000139343.10	SNRPF	chr12	95858928	95903828	3	3	3
ENSG00000165972.13	CCDC38	chr12	95867048	95942635	3	3	3
ENSG00000285030.1	AC090001.2	chr12	95885169	95885797	3	3	3
ENSG00000139344.8	AMDHD1	chr12	95943331	95968720	3	3	3
ENSG00000084110.11	HAL	chr12	95972662	95996365	3	3	3
ENSG00000257878.1	AC007298.2	chr12	95996521	96011489	3	3	3
ENSG00000111144.10	LTA4H	chr12	96000753	96043520	3	3	3
ENSG00000257715.1	AC007298.1	chr12	96025323	96027971	3	3	3
ENSG00000258251.1	YPEL5P3	chr12	96060024	96060375	3	3	3
ENSG00000277062.1	RN7SL88P	chr12	96101951	96102249	3	3	3
ENSG00000283422.1	LINC02452	chr12	96160692	96172126	3	3	3
ENSG00000111145.8	ELK3	chr12	96194375	96269824	3	3	3
ENSG00000258177.1	AC008149.1	chr12	96222797	96223973	3	3	3
ENSG00000287454.1	AC008149.2	chr12	96229563	96235650	3	3	3
ENSG00000059758.8	CDK17	chr12	96278261	96400480	3	3	3
ENSG00000201435.1	RNU4-24P	chr12	96303375	96303513	3	3	3
ENSG00000257169.1	AC125612.1	chr12	96386818	96387194	3	3	3
ENSG00000258272.1	AC007513.1	chr12	96422326	96485442	3	3	3
ENSG00000252827.1	RN7SKP11	chr12	96427200	96427486	3	3	3
ENSG00000188596.11	CFAP54	chr12	96489571	96875555	3	3	3
ENSG00000258846.1	EEF1A1P33	chr12	96900697	96902698	3	3	3
ENSG00000139350.12	NEDD1	chr12	96907224	96953780	3	3	3
ENSG00000202368.1	Y_RNA	chr12	96979528	96979629	3	3	3
ENSG00000258131.1	AC007656.2	chr12	96985656	97185609	3	3	3
ENSG00000257470.2	AC007656.1	chr12	97024021	97127626	3	3	3
ENSG00000279190.1	AC007656.3	chr12	97150081	97154627	3	3	3
ENSG00000286434.1	AC007656.4	chr12	97155234	97160538	3	3	3
ENSG00000257920.1	LINC02409	chr12	97272692	97276209	3	3	3
ENSG00000255794.9	RMST	chr12	97430884	97598415	3	3	3
ENSG00000221479.3	MIR1251	chr12	97491909	97491978	3	3	3
ENSG00000273942.1	AC007351.2	chr12	97492462	97492597	3	3	3
ENSG00000274230.1	AC007351.3	chr12	97493178	97493286	3	3	3
ENSG00000275231.1	AC007351.4	chr12	97493897	97494003	3	3	3
ENSG00000273570.1	AC007351.1	chr12	97495932	97496057	3	3	3
ENSG00000275971.1	AC018659.4	chr12	97530656	97530858	3	3	3
ENSG00000274819.1	AC018659.3	chr12	97532691	97532958	3	3	3
ENSG00000251844.1	AC018659.1	chr12	97552137	97552228	3	3	3
ENSG00000278802.1	AC018659.7	chr12	97560557	97560721	3	3	3
ENSG00000276398.1	AC018659.5	chr12	97560856	97561048	3	3	3
ENSG00000279798.1	AC018659.8	chr12	97563257	97563971	3	3	3
ENSG00000207586.1	MIR135A2	chr12	97563812	97563911	3	3	3
ENSG00000277081.1	AC018659.6	chr12	97564174	97564327	3	3	3
ENSG00000257157.1	AC018659.2	chr12	97679879	97680047	3	3	3
ENSG00000257501.6	PAFAH1B2P2	chr12	97713412	97761859	3	3	3
ENSG00000206899.1	RNU6-36P	chr12	97721716	97721822	3	3	3
ENSG00000265861.1	MIR4495	chr12	97939056	97939121	3	3	3
ENSG00000263890.1	MIR4303	chr12	97995383	97995448	3	3	3
ENSG00000258312.1	AC016152.1	chr12	98113014	98292445	3	3	3
ENSG00000257580.1	AC008055.1	chr12	98317741	98318349	3	3	3
ENSG00000201296.1	RNU4-41P	chr12	98417896	98418038	3	3	3
ENSG00000286056.1	AC008055.2	chr12	98420448	98423721	3	3	3
ENSG00000227825.4	SLC9A7P1	chr12	98453835	98457145	3	3	3
ENSG00000245017.2	LINC02453	chr12	98485544	98503855	3	3	3
ENSG00000257167.2	TMPO-AS1	chr12	98512973	98516422	3	3	3
ENSG00000120802.14	TMPO	chr12	98515579	98550351	3	3	3
ENSG00000225185.3	PPIAP8	chr12	98590723	98591214	3	3	3
ENSG00000075415.13	SLC25A3	chr12	98593591	98606379	3	3	3
ENSG00000212443.1	SNORA53	chr12	98599635	98599883	3	3	3
ENSG00000166130.15	IKBIP	chr12	98613405	98645113	3	3	3
ENSG00000120868.14	APAF1	chr12	98645290	98735433	3	3	3
ENSG00000185046.18	ANKS1B	chr12	98726457	99984654	3	3	3
ENSG00000258204.1	AC008126.1	chr12	98794485	98794964	3	3	3
ENSG00000257458.1	AC069437.1	chr12	98931682	98976656	3	3	3
ENSG00000202324.1	RNA5SP366	chr12	99083783	99083905	3	3	3
ENSG00000258039.2	AC117377.1	chr12	99093359	99105011	3	3	3
ENSG00000180219.2	FAM71C	chr12	99647753	99650114	3	3	3
ENSG00000287675.1	AC078916.1	chr12	99985045	99985619	3	3	3
ENSG00000214203.4	RPS4XP1	chr12	100009052	100009838	3	3	3
ENSG00000279148.1	AC126474.1	chr12	100026248	100027540	3	3	3
ENSG00000111647.13	UHRF1BP1L	chr12	100028455	100142874	3	3	3
ENSG00000280088.1	AC126474.2	chr12	100032325	100034074	3	3	3
ENSG00000257696.1	AC010203.2	chr12	100143058	100144671	3	3	3
ENSG00000238105.7	GOLGA2P5	chr12	100156357	100173659	3	3	3
ENSG00000266610.2	RN7SL176P	chr12	100158502	100158765	3	3	3
ENSG00000257489.6	AC010203.1	chr12	100173196	100199783	3	3	3
ENSG00000221476.2	MIR1827	chr12	100189884	100189949	3	3	3
ENSG00000075089.9	ACTR6	chr12	100199122	100241865	3	3	3
ENSG00000166153.16	DEPDC4	chr12	100203669	100267079	3	3	3
ENSG00000206790.1	Y_RNA	chr12	100257688	100257790	3	3	3
ENSG00000136021.19	SCYL2	chr12	100267140	100341715	3	3	3
ENSG00000179520.11	SLC17A8	chr12	100357074	100422055	3	3	3
ENSG00000012504.15	NR1H4	chr12	100473708	100564414	3	3	3
ENSG00000271177.1	AC010200.1	chr12	100525186	100525420	3	3	3
ENSG00000139354.11	GAS2L3	chr12	100573683	100628288	3	3	3
ENSG00000257803.2	PIGAP1	chr12	100578744	100580197	3	3	3
ENSG00000151572.18	ANO4	chr12	100717526	101128641	3	3	3
ENSG00000257325.1	AC138360.1	chr12	100852331	100859262	3	3	3
ENSG00000258007.1	AC063947.1	chr12	101038420	101039094	3	3	3
ENSG00000258033.1	SNX5P2	chr12	101066734	101069232	3	3	3
ENSG00000256870.3	SLC5A8	chr12	101155493	101210238	3	3	3
ENSG00000207414.1	RNU6-768P	chr12	101199271	101199377	3	3	3
ENSG00000241744.1	AC079953.1	chr12	101228141	101228876	3	3	3
ENSG00000120800.5	UTP20	chr12	101280105	101386618	3	3	3
ENSG00000120805.14	ARL1	chr12	101393116	101407772	3	3	3
ENSG00000257543.1	AC063948.1	chr12	101408372	101409060	3	3	3
ENSG00000222890.1	RNU6-1068P	chr12	101411357	101411459	3	3	3
ENSG00000239413.1	RPS27P23	chr12	101424441	101424691	3	3	3
ENSG00000206929.1	Y_RNA	chr12	101446825	101446932	3	3	3
ENSG00000202249.1	RNU5E-5P	chr12	101466705	101466820	3	3	3
ENSG00000252366.1	RNA5SP367	chr12	101472339	101472456	3	3	3
ENSG00000166211.8	SPIC	chr12	101475336	101486997	3	3	3
ENSG00000196091.15	MYBPC1	chr12	101568353	101686028	3	3	3
ENSG00000257514.5	AC117505.1	chr12	101646720	101659970	3	3	3
ENSG00000274560.1	AC010205.1	chr12	101696002	101696450	3	3	3
ENSG00000111666.11	CHPT1	chr12	101696947	101744140	3	3	3
ENSG00000199933.1	RNY1P16	chr12	101719808	101719918	3	3	3
ENSG00000139351.15	SYCP3	chr12	101728648	101739472	3	3	3
ENSG00000111670.16	GNPTAB	chr12	101745499	101830959	3	3	3
ENSG00000222255.1	RNU6-101P	chr12	101765406	101765509	3	3	3
ENSG00000258230.2	AC063950.1	chr12	101773114	101773755	3	3	3
ENSG00000201168.1	RNA5SP368	chr12	101779814	101779929	3	3	3
ENSG00000222932.1	RNU6-172P	chr12	101796410	101796502	3	3	3
ENSG00000223046.1	RNA5SP369	chr12	101836820	101836927	3	3	3
ENSG00000252863.1	RNU6-1183P	chr12	101871742	101871801	3	3	3
ENSG00000258153.1	HSPE1P4	chr12	101873316	101873623	3	3	3
ENSG00000136048.14	DRAM1	chr12	101877580	102012130	3	3	3
ENSG00000257202.1	AC084398.2	chr12	101923410	101924719	3	3	3
ENSG00000241917.1	AC084398.1	chr12	101936216	101936674	3	3	3
ENSG00000258308.6	AC079907.2	chr12	101954992	101962414	3	3	3
ENSG00000258288.1	NENFP2	chr12	101963901	101964340	3	3	3
ENSG00000120860.11	WASHC3	chr12	102012840	102062149	3	3	3
ENSG00000257222.1	AC079907.1	chr12	102063355	102074820	3	3	3
ENSG00000075188.9	NUP37	chr12	102073103	102120120	3	3	3
ENSG00000185480.12	PARPBP	chr12	102120183	102197520	3	3	3
ENSG00000183395.5	PMCH	chr12	102196459	102197833	3	3	3
ENSG00000281344.1	HELLPAR	chr12	102197585	102402596	3	3	3
ENSG00000264554.2	RN7SL793P	chr12	102217318	102217613	3	3	3
ENSG00000258142.2	AC093023.1	chr12	102230027	102230533	3	3	3
ENSG00000283052.1	LINC02456	chr12	102304355	102463491	3	3	3
ENSG00000017427.17	IGF1	chr12	102395874	102481744	3	3	3
ENSG00000257254.1	AC010202.1	chr12	102513251	102513655	3	3	3
ENSG00000258169.1	LINC00485	chr12	102809280	102824399	3	3	3
ENSG00000171759.10	PAH	chr12	102836889	102958410	3	3	3
ENSG00000282964.1	AC026108.1	chr12	102953289	102953835	3	3	3
ENSG00000139352.4	ASCL1	chr12	102957674	102960513	3	3	3
ENSG00000288092.1	AC026108.2	chr12	103013362	103016095	3	3	3
ENSG00000257703.6	AC068643.1	chr12	103079634	103178675	3	3	3
ENSG00000257860.6	AC068643.2	chr12	103151834	103179247	3	3	3
ENSG00000179088.15	C12orf42	chr12	103237591	103495978	3	3	3
ENSG00000257415.1	AC084364.1	chr12	103503381	103504936	3	3	3
ENSG00000257994.1	AC084364.2	chr12	103505411	103506174	3	3	3
ENSG00000286197.1	AC084364.3	chr12	103518334	103571337	3	3	3
ENSG00000257762.6	LINC02401	chr12	103547751	103578947	3	3	3
ENSG00000136011.15	STAB2	chr12	103587273	103766719	3	3	3
ENSG00000212594.1	U8	chr12	103592112	103592243	3	3	3
ENSG00000257737.1	AC025265.2	chr12	103654780	103657995	3	3	3
ENSG00000257766.1	AC025265.3	chr12	103668575	103669406	3	3	3
ENSG00000257681.1	AC025265.1	chr12	103746315	103768858	3	3	3
ENSG00000111696.12	NT5DC3	chr12	103770453	103841234	3	3	3
ENSG00000257754.1	AC012555.2	chr12	103819610	103822085	3	3	3
ENSG00000257327.1	AC012555.1	chr12	103841451	103844664	3	3	3
ENSG00000214198.8	TTC41P	chr12	103843749	103930211	3	3	3
ENSG00000166598.15	HSP90B1	chr12	103930107	103953645	3	3	3
ENSG00000284503.1	MIR3652	chr12	103930425	103930555	3	3	3
ENSG00000204954.10	C12orf73	chr12	103940763	103965708	3	3	3
ENSG00000139372.15	TDG	chr12	103965822	103988874	3	3	3
ENSG00000120820.12	GLT8D2	chr12	103988984	104064183	3	3	3
ENSG00000216285.5	AC078819.1	chr12	104030779	104031543	3	3	3
ENSG00000111727.12	HCFC2	chr12	104064531	104106524	3	3	3
ENSG00000120837.8	NFYB	chr12	104117086	104138241	3	3	3
ENSG00000199415.1	RNA5SP370	chr12	104125236	104125356	3	3	3
ENSG00000257193.1	LINC02385	chr12	104170395	104177659	3	3	3
ENSG00000286258.1	AC089983.2	chr12	104171600	104177799	3	3	3
ENSG00000198431.16	TXNRD1	chr12	104215779	104350307	3	3	3
ENSG00000257732.1	AC089983.1	chr12	104262314	104280722	3	3	3
ENSG00000213442.5	RPL18AP3	chr12	104265309	104265836	3	3	3
ENSG00000255150.2	EID3	chr12	104303739	104305205	3	3	3
ENSG00000171310.11	CHST11	chr12	104455295	104762014	3	3	3
ENSG00000258111.1	AC079316.1	chr12	104514029	104514439	3	3	3
ENSG00000279176.1	AC079316.2	chr12	104552073	104553447	3	3	3
ENSG00000264295.1	MIR3922	chr12	104591633	104591716	3	3	3
ENSG00000136052.9	SLC41A2	chr12	104802553	104958744	3	3	3
ENSG00000222579.1	Y_RNA	chr12	104851824	104851918	3	3	3
ENSG00000286410.1	AC089985.1	chr12	104858838	104871765	3	3	3
ENSG00000257758.1	KRT18P20	chr12	104976749	104978027	3	3	3
ENSG00000151131.11	C12orf45	chr12	104986316	105074197	3	3	3
ENSG00000136010.14	ALDH1L2	chr12	105019784	105107643	3	3	3
ENSG00000136051.15	WASHC4	chr12	105107324	105169130	3	3	3
ENSG00000136044.12	APPL2	chr12	105173297	105236203	3	3	3
ENSG00000235162.9	C12orf75	chr12	105235290	105396097	3	3	3
ENSG00000286903.1	AC078874.1	chr12	105236338	105243173	3	3	3
ENSG00000257642.1	KCCAT198	chr12	105304867	105327017	3	3	3
ENSG00000286520.1	AC079851.1	chr12	105699168	105703520	3	3	3
ENSG00000257859.2	CASC18	chr12	105704203	105744062	3	3	3
ENSG00000257773.1	ST13P3	chr12	106015897	106017006	3	3	3
ENSG00000257890.1	AC011595.2	chr12	106050961	106058254	3	3	3
ENSG00000074590.13	NUAK1	chr12	106063340	106140033	3	3	3
ENSG00000257438.1	AC011595.1	chr12	106103163	106106165	3	3	3
ENSG00000257611.1	AC010182.1	chr12	106170004	106172437	3	3	3
ENSG00000136026.14	CKAP4	chr12	106237881	106304279	3	3	3
ENSG00000258355.1	AC079174.1	chr12	106245613	106246956	3	3	3
ENSG00000277715.1	AC079174.2	chr12	106250759	106252786	3	3	3
ENSG00000238609.1	RNU7-94P	chr12	106282927	106282989	3	3	3
ENSG00000166046.11	TCP11L2	chr12	106301929	106347003	3	3	3
ENSG00000013503.10	POLR3B	chr12	106357748	106510198	3	3	3
ENSG00000257545.5	AC079385.1	chr12	106495958	106774926	3	3	3
ENSG00000111783.13	RFX4	chr12	106583004	106762803	3	3	3
ENSG00000257711.2	AC079385.2	chr12	106678583	106684707	3	3	3
ENSG00000257918.1	AC079385.3	chr12	106714924	106733066	3	3	3
ENSG00000111785.21	RIC8B	chr12	106774621	106889316	3	3	3
ENSG00000287957.1	AC007695.1	chr12	106867177	106871505	3	3	3
ENSG00000257119.1	EEF1B2P4	chr12	106901283	106901984	3	3	3
ENSG00000240631.1	RPL30P12	chr12	106910757	106911109	3	3	3
ENSG00000260329.1	AC007541.1	chr12	106954029	106955497	3	3	3
ENSG00000151135.10	TMEM263	chr12	106955719	106978778	3	3	3
ENSG00000120832.10	MTERF2	chr12	106977277	106987160	3	3	3
ENSG00000008405.12	CRY1	chr12	106991364	107093549	3	3	3
ENSG00000257548.1	AC078929.1	chr12	107093298	107123314	3	3	3
ENSG00000286678.1	AC007649.1	chr12	107219764	107223576	3	3	3
ENSG00000257444.1	SETP7	chr12	107271394	107271846	3	3	3
ENSG00000151136.15	BTBD11	chr12	107318421	107659642	3	3	3
ENSG00000200897.1	AC009774.1	chr12	107374747	107374827	3	3	3
ENSG00000222302.1	RNA5SP371	chr12	107486511	107486635	3	3	3
ENSG00000257579.1	AC007540.1	chr12	107610034	107617721	3	3	3
ENSG00000222160.1	Y_RNA	chr12	107650789	107650892	3	3	3
ENSG00000136045.12	PWP1	chr12	107685799	107713162	3	3	3
ENSG00000240441.1	AC007622.1	chr12	107719599	107720133	3	3	3
ENSG00000110851.12	PRDM4	chr12	107732871	107761272	3	3	3
ENSG00000258136.2	AC007622.2	chr12	107736555	107759968	3	3	3
ENSG00000187855.5	ASCL4	chr12	107774385	107776644	3	3	3
ENSG00000257398.8	AC126177.3	chr12	107809483	107864562	3	3	3
ENSG00000257951.2	AC126177.5	chr12	107880581	107883386	3	3	3
ENSG00000257392.1	AC126177.2	chr12	107887730	107889886	3	3	3
ENSG00000257426.1	AC126177.4	chr12	107899638	107899815	3	3	3
ENSG00000258072.1	AC126177.6	chr12	107903270	107903948	3	3	3
ENSG00000257129.1	AC126177.1	chr12	107910403	107912620	3	3	3
ENSG00000075035.10	WSCD2	chr12	108129288	108250537	3	3	3
ENSG00000257281.1	AC009729.1	chr12	108281103	108282235	3	3	3
ENSG00000174600.14	CMKLR1	chr12	108288044	108339317	3	3	3
ENSG00000247213.7	LINC01498	chr12	108434130	108515023	3	3	3
ENSG00000198855.7	FICD	chr12	108515277	108525837	3	3	3
ENSG00000075856.12	SART3	chr12	108522214	108561400	3	3	3
ENSG00000287202.1	AC008119.1	chr12	108532074	108539738	3	3	3
ENSG00000136003.16	ISCU	chr12	108562582	108569368	3	3	3
ENSG00000183160.9	TMEM119	chr12	108589851	108598320	3	3	3
ENSG00000110876.10	SELPLG	chr12	108621895	108633894	3	3	3
ENSG00000257221.4	AC007569.1	chr12	108628668	108642349	3	3	3
ENSG00000284388.1	MIR4496	chr12	108635810	108635870	3	3	3
ENSG00000110880.11	CORO1C	chr12	108645109	108731526	3	3	3
ENSG00000238457.1	RNU7-169P	chr12	108668448	108668508	3	3	3
ENSG00000200060.1	Y_RNA	chr12	108738484	108738604	3	3	3
ENSG00000273499.1	AC087893.1	chr12	108778144	108778271	3	3	3
ENSG00000084112.15	SSH1	chr12	108778191	108857590	3	3	3
ENSG00000280110.1	AC087893.3	chr12	108778912	108779166	3	3	3
ENSG00000274598.1	AC087893.2	chr12	108833721	108834384	3	3	3
ENSG00000207622.1	MIR619	chr12	108836908	108837006	3	3	3
ENSG00000110887.8	DAO	chr12	108858932	108901043	3	3	3
ENSG00000166111.10	SVOP	chr12	108907741	109021068	3	3	3
ENSG00000201324.1	RNU6-361P	chr12	108926435	108926541	3	3	3
ENSG00000279630.1	AC190387.1	chr12	109020833	109021240	3	3	3
ENSG00000135093.13	USP30	chr12	109023089	109088023	3	3	3
ENSG00000256262.1	USP30-AS1	chr12	109052350	109053952	3	3	3
ENSG00000212138.1	RNA5SP372	chr12	109059986	109060100	3	3	3
ENSG00000189046.11	ALKBH2	chr12	109088188	109093631	3	3	3
ENSG00000076248.11	UNG	chr12	109097597	109110992	3	3	3
ENSG00000256139.2	AC007637.1	chr12	109111218	109125594	3	3	3
ENSG00000076555.15	ACACB	chr12	109116595	109268226	3	3	3
ENSG00000139445.18	FOXN4	chr12	109277978	109309284	3	3	3
ENSG00000174527.10	MYO1H	chr12	109347903	109455523	3	3	3
ENSG00000256560.1	LINC01486	chr12	109354083	109359488	3	3	3
ENSG00000255655.1	AC007570.1	chr12	109445410	109447497	3	3	3
ENSG00000110906.13	KCTD10	chr12	109448655	109477359	3	3	3
ENSG00000151148.14	UBE3B	chr12	109477402	109536705	3	3	3
ENSG00000139428.12	MMAB	chr12	109553715	109573580	3	3	3
ENSG00000200274.1	RNU4-32P	chr12	109567975	109568115	3	3	3
ENSG00000110921.14	MVK	chr12	109573255	109598125	3	3	3
ENSG00000200794.1	RN7SKP250	chr12	109662863	109663183	3	3	3
ENSG00000139438.6	FAM222A	chr12	109713825	109770495	3	3	3
ENSG00000255650.6	FAM222A-AS1	chr12	109734166	109773508	3	3	3
ENSG00000111199.12	TRPV4	chr12	109783087	109833406	3	3	3
ENSG00000263510.1	MIR4497	chr12	109833348	109833436	3	3	3
ENSG00000139433.11	GLTP	chr12	109850945	109880541	3	3	3
ENSG00000256351.1	AC007834.2	chr12	109859767	109860420	3	3	3
ENSG00000241413.3	RN7SL441P	chr12	109866214	109866509	3	3	3
ENSG00000249094.2	AC007834.1	chr12	109880676	109888467	3	3	3
ENSG00000139437.18	TCHP	chr12	109900264	109983841	3	3	3
ENSG00000139436.21	GIT2	chr12	109929802	109996389	3	3	3
ENSG00000277299.1	AC084876.1	chr12	109948389	109949029	3	3	3
ENSG00000280426.1	AC084876.2	chr12	109997419	109999127	3	3	3
ENSG00000076513.17	ANKRD13A	chr12	109999186	110039763	3	3	3
ENSG00000174456.15	C12orf76	chr12	110027028	110073634	3	3	3
ENSG00000277595.1	AC007546.1	chr12	110032245	110032803	3	3	3
ENSG00000286220.1	AC007546.3	chr12	110049360	110073686	3	3	3
ENSG00000279360.1	AC007546.2	chr12	110056916	110057275	3	3	3
ENSG00000122970.16	IFT81	chr12	110124335	110218793	3	3	3
ENSG00000174437.17	ATP2A2	chr12	110280756	110351093	3	3	3
ENSG00000276956.1	RN7SL769P	chr12	110360452	110360746	3	3	3
ENSG00000196510.12	ANAPC7	chr12	110372900	110403730	3	3	3
ENSG00000258210.1	AC144548.1	chr12	110387463	110445548	3	3	3
ENSG00000258011.2	HMGA1P3	chr12	110429959	110430282	3	3	3
ENSG00000111229.16	ARPC3	chr12	110434823	110450422	3	3	3
ENSG00000111231.9	GPN3	chr12	110452486	110469268	3	3	3
ENSG00000241680.1	RPL31P49	chr12	110460988	110461362	3	3	3
ENSG00000204856.12	FAM216A	chr12	110468415	110490385	3	3	3
ENSG00000111237.19	VPS29	chr12	110491083	110502111	3	3	3
ENSG00000202335.1	AC002350.1	chr12	110496352	110496421	3	3	3
ENSG00000278993.1	AC002350.2	chr12	110501614	110503441	3	3	3
ENSG00000151164.19	RAD9B	chr12	110501655	110533556	3	3	3
ENSG00000196850.6	PPTC7	chr12	110533245	110583318	3	3	3
ENSG00000204852.16	TCTN1	chr12	110614027	110649430	3	3	3
ENSG00000263537.2	RN7SL387P	chr12	110625645	110625917	3	3	3
ENSG00000122986.14	HVCN1	chr12	110627841	110704950	3	3	3
ENSG00000186298.12	PPP1CC	chr12	110719680	110742939	3	3	3
ENSG00000279925.1	AC144522.1	chr12	110744549	110746206	3	3	3
ENSG00000257268.1	AC002375.1	chr12	110831779	110845963	3	3	3
ENSG00000241286.2	RPL29P25	chr12	110841538	110842387	3	3	3
ENSG00000173093.13	CCDC63	chr12	110846769	110907535	3	3	3
ENSG00000111245.17	MYL2	chr12	110910819	110921443	3	3	3
ENSG00000185847.8	LINC01405	chr12	110934590	110959093	3	3	3
ENSG00000258240.6	AC002351.1	chr12	110951683	110957820	3	3	3
ENSG00000111249.14	CUX2	chr12	111034165	111350554	3	3	3
ENSG00000273700.1	MIR6760	chr12	111304142	111304209	3	3	3
ENSG00000253080.1	RNA5SP373	chr12	111339527	111339621	3	3	3
ENSG00000198324.13	PHETA1	chr12	111360651	111369121	3	3	3
ENSG00000257595.3	LINC02356	chr12	111369261	111403310	3	3	3
ENSG00000257539.2	HSPA8P14	chr12	111381867	111385638	3	3	3
ENSG00000111252.11	SH2B3	chr12	111405923	111451623	3	3	3
ENSG00000204842.18	ATXN2	chr12	111443485	111599676	3	3	3
ENSG00000272215.1	U7	chr12	111564821	111564883	3	3	3
ENSG00000238168.5	IFITM3P5	chr12	111581379	111581773	3	3	3
ENSG00000258099.1	ATXN2-AS	chr12	111599498	111600256	3	3	3
ENSG00000089234.16	BRAP	chr12	111642146	111685956	3	3	3
ENSG00000258359.1	PCNPP1	chr12	111669852	111670362	3	3	3
ENSG00000111271.15	ACAD10	chr12	111686053	111757107	3	3	3
ENSG00000257767.3	AC002996.1	chr12	111753890	111791418	3	3	3
ENSG00000111275.13	ALDH2	chr12	111766887	111817532	3	3	3
ENSG00000274697.1	MIR6761	chr12	111799834	111799905	3	3	3
ENSG00000234608.8	MAPKAPK5-AS1	chr12	111839764	111842902	3	3	3
ENSG00000089022.14	MAPKAPK5	chr12	111842228	111902222	3	3	3
ENSG00000244060.2	RPS2P41	chr12	111879338	111880249	3	3	3
ENSG00000229186.4	ADAM1A	chr12	111899263	111901391	3	3	3
ENSG00000226469.1	ADAM1B	chr12	111927018	111929017	3	3	3
ENSG00000198270.13	TMEM116	chr12	111931282	112013185	3	3	3
ENSG00000258373.1	SLC25A3P2	chr12	111992996	111993875	3	3	3
ENSG00000257624.1	AC004024.1	chr12	112000739	112000985	3	3	3
ENSG00000089248.7	ERP29	chr12	112013348	112023449	3	3	3
ENSG00000274227.1	AC073575.2	chr12	112018804	112019430	3	3	3
ENSG00000111300.10	NAA25	chr12	112026689	112108796	3	3	3
ENSG00000266370.1	MIR3657	chr12	112037599	112037715	3	3	3
ENSG00000258323.1	AC073575.1	chr12	112063909	112065755	3	3	3
ENSG00000200688.1	Y_RNA	chr12	112069104	112069209	3	3	3
ENSG00000135148.12	TRAFD1	chr12	112125538	112153604	3	3	3
ENSG00000200135.1	Y_RNA	chr12	112149360	112149472	3	3	3
ENSG00000173064.13	HECTD4	chr12	112160188	112382439	3	3	3
ENSG00000283793.1	MIR6861	chr12	112163258	112163321	3	3	3
ENSG00000257494.1	AC004217.1	chr12	112256800	112259091	3	3	3
ENSG00000201428.1	RN7SKP71	chr12	112267077	112267394	3	3	3
ENSG00000213152.5	RPL7AP60	chr12	112301870	112302663	3	3	3
ENSG00000257658.1	AC004217.2	chr12	112321759	112323089	3	3	3
ENSG00000089009.15	RPL6	chr12	112405190	112418838	3	3	3
ENSG00000179295.18	PTPN11	chr12	112418351	112509918	3	3	3
ENSG00000089169.15	RPH3A	chr12	112570380	112898881	3	3	3
ENSG00000283507.1	MIR1302-1	chr12	112695034	112695176	3	3	3
ENSG00000089127.14	OAS1	chr12	112906783	112933222	3	3	3
ENSG00000257452.1	AC004551.1	chr12	112907628	113017751	3	3	3
ENSG00000111331.13	OAS3	chr12	112938444	112973251	3	3	3
ENSG00000111335.13	OAS2	chr12	112978395	113011723	3	3	3
ENSG00000258159.1	IMMP1LP2	chr12	113015607	113016098	3	3	3
ENSG00000242461.1	RPS15AP32	chr12	113054062	113054435	3	3	3
ENSG00000135144.7	DTX1	chr12	113056709	113098028	3	3	3
ENSG00000111344.11	RASAL1	chr12	113098819	113136239	3	3	3
ENSG00000186710.11	CFAP73	chr12	113149858	113159276	3	3	3
ENSG00000199899.2	Y_RNA	chr12	113156763	113156861	3	3	3
ENSG00000123064.13	DDX54	chr12	113157173	113185479	3	3	3
ENSG00000276908.1	MIR7106	chr12	113159113	113159177	3	3	3
ENSG00000201208.1	Y_RNA	chr12	113178423	113178519	3	3	3
ENSG00000139405.16	RITA1	chr12	113185526	113192368	3	3	3
ENSG00000257286.1	AC089999.1	chr12	113185624	113192161	3	3	3
ENSG00000166578.10	IQCD	chr12	113195441	113221094	3	3	3
ENSG00000186815.13	TPCN1	chr12	113221050	113298585	3	3	3
ENSG00000277566.1	AC089999.2	chr12	113249466	113250042	3	3	3
ENSG00000274822.1	MIR6762	chr12	113291523	113291608	3	3	3
ENSG00000089060.11	SLC8B1	chr12	113298759	113359493	3	3	3
ENSG00000151176.8	PLBD2	chr12	113358566	113391629	3	3	3
ENSG00000135094.11	SDS	chr12	113392445	113426301	3	3	3
ENSG00000139410.15	SDSL	chr12	113422380	113438276	3	3	3
ENSG00000089116.4	LHX5	chr12	113462033	113472280	3	3	3
ENSG00000257935.2	LHX5-AS1	chr12	113472003	113480624	3	3	3
ENSG00000249550.7	LINC01234	chr12	113583886	113773726	3	3	3
ENSG00000257231.1	DYNLL1P4	chr12	113789542	113789807	3	3	3
ENSG00000122965.11	RBM19	chr12	113816738	113966325	3	3	3
ENSG00000287229.1	AC009731.1	chr12	113863402	113871597	3	3	3
ENSG00000257359.1	AC073863.1	chr12	113932569	113937255	3	3	3
ENSG00000257603.1	AC010183.1	chr12	114077133	114079902	3	3	3
ENSG00000257997.5	AC010183.2	chr12	114080381	114113489	3	3	3
ENSG00000257300.1	HAUS8P1	chr12	114097682	114098223	3	3	3
ENSG00000257915.1	GLULP5	chr12	114104542	114105931	3	3	3
ENSG00000257476.1	LINC02459	chr12	114238970	114241770	3	3	3
ENSG00000089225.20	TBX5	chr12	114353911	114408442	3	3	3
ENSG00000255399.4	TBX5-AS1	chr12	114408173	114412831	3	3	3
ENSG00000222982.1	RN7SKP216	chr12	114504876	114505187	3	3	3
ENSG00000255830.2	AC069240.1	chr12	114548854	114549852	3	3	3
ENSG00000258244.1	OSTF1P1	chr12	114588194	114588802	3	3	3
ENSG00000258254.1	AC010177.1	chr12	114621761	114622922	3	3	3
ENSG00000199220.1	Y_RNA	chr12	114657949	114658062	3	3	3
ENSG00000135111.16	TBX3	chr12	114670255	114684175	3	3	3
ENSG00000257817.2	AC026765.3	chr12	114682292	114767989	3	3	3
ENSG00000287982.1	AC026765.4	chr12	114733757	114735244	3	3	3
ENSG00000252459.1	AC026765.1	chr12	114737704	114737798	3	3	3
ENSG00000257517.1	AC026765.2	chr12	114768674	114771851	3	3	3
ENSG00000283459.1	AC009804.2	chr12	114894632	114898529	3	3	3
ENSG00000274879.1	AC009804.1	chr12	114929757	114929935	3	3	3
ENSG00000257958.1	AC008125.1	chr12	115077325	115080153	3	3	3
ENSG00000257519.1	AC078880.1	chr12	115263170	115270596	3	3	3
ENSG00000271579.1	AC078880.3	chr12	115299588	115300708	3	3	3
ENSG00000276308.1	AC078880.4	chr12	115318657	115320405	3	3	3
ENSG00000276972.1	AC078880.5	chr12	115332146	115332566	3	3	3
ENSG00000257726.1	AC078880.2	chr12	115363012	115364745	3	3	3
ENSG00000258108.2	AC009803.2	chr12	115569394	115581739	3	3	3
ENSG00000257407.1	AC009803.1	chr12	115582061	115639734	3	3	3
ENSG00000241656.1	UBA52P7	chr12	115592604	115592983	3	3	3
ENSG00000240205.3	RN7SL865P	chr12	115717725	115718013	3	3	3
ENSG00000257781.1	AC009387.1	chr12	115755262	115799936	3	3	3
ENSG00000257683.1	LINC02463	chr12	115810359	115886137	3	3	3
ENSG00000200112.1	AC012157.1	chr12	115852648	115852718	3	3	3
ENSG00000286991.1	AC012157.3	chr12	115878748	115885967	3	3	3
ENSG00000123066.9	MED13L	chr12	115957905	116277693	3	3	3
ENSG00000258034.1	AC012157.2	chr12	115961187	115962733	3	3	3
ENSG00000200665.1	RNU6-1188P	chr12	116082570	116082676	3	3	3
ENSG00000207967.1	MIR620	chr12	116148560	116148654	3	3	3
ENSG00000257979.1	SNRPGP18	chr12	116169045	116169258	3	3	3
ENSG00000258337.1	AC130895.1	chr12	116174502	116181295	3	3	3
ENSG00000286354.1	AC079384.2	chr12	116357578	116359096	3	3	3
ENSG00000258346.1	AC079384.1	chr12	116368764	116389471	3	3	3
ENSG00000264037.1	MIR4472-2	chr12	116428252	116428318	3	3	3
ENSG00000258018.2	LINC02457	chr12	116482073	116521047	3	3	3
ENSG00000196668.4	LINC00173	chr12	116533422	116536518	3	3	3
ENSG00000258102.5	MAP1LC3B2	chr12	116548105	116576606	3	3	3
ENSG00000275898.1	AC125603.4	chr12	116580974	116583672	3	3	3
ENSG00000258249.1	AC125603.3	chr12	116599270	116603585	3	3	3
ENSG00000257883.1	AC125603.2	chr12	116661582	116698065	3	3	3
ENSG00000257654.1	AC125603.1	chr12	116698336	116703130	3	3	3
ENSG00000111412.6	SPRING1	chr12	116710171	116738070	3	3	3
ENSG00000135119.15	RNFT2	chr12	116738178	116853631	3	3	3
ENSG00000239374.1	AC090013.1	chr12	116755395	116755874	3	3	3
ENSG00000201382.1	RNU6-558P	chr12	116782105	116782208	3	3	3
ENSG00000275467.1	AC083806.3	chr12	116801023	116801477	3	3	3
ENSG00000135116.9	HRK	chr12	116856144	116881441	3	3	3
ENSG00000240100.1	AC083806.1	chr12	116908312	116908627	3	3	3
ENSG00000174989.13	FBXW8	chr12	116910950	117031148	3	3	3
ENSG00000274554.1	AC083806.2	chr12	116948738	116951422	3	3	3
ENSG00000257279.1	AC127164.1	chr12	116977442	116987337	3	3	3
ENSG00000277840.1	AC026368.1	chr12	117002463	117003152	3	3	3
ENSG00000088992.18	TESC	chr12	117038923	117099479	3	3	3
ENSG00000258285.1	TESC-AS1	chr12	117099481	117142091	3	3	3
ENSG00000135108.15	FBXO21	chr12	117141991	117190471	3	3	3
ENSG00000089250.19	NOS1	chr12	117208142	117452170	3	3	3
ENSG00000257465.2	ELOCP32	chr12	117245551	117246164	3	3	3
ENSG00000255686.1	AC073864.1	chr12	117453012	117456986	3	3	3
ENSG00000171435.14	KSR2	chr12	117453012	117968990	3	3	3
ENSG00000256071.1	AC084291.1	chr12	117889454	117891008	3	3	3
ENSG00000111445.14	RFC5	chr12	118013588	118033130	3	3	3
ENSG00000277873.1	AC131159.2	chr12	118024817	118025518	3	3	3
ENSG00000176871.9	WSB2	chr12	118032687	118062430	3	3	3
ENSG00000276292.1	AC131159.1	chr12	118037869	118038081	3	3	3
ENSG00000176834.14	VSIG10	chr12	118063593	118136026	3	3	3
ENSG00000274859.1	AC131238.1	chr12	118066398	118066725	3	3	3
ENSG00000089220.5	PEBP1	chr12	118136124	118145584	3	3	3
ENSG00000135090.14	TAOK3	chr12	118149801	118372907	3	3	3
ENSG00000240342.3	RPS2P5	chr12	118246084	118246962	3	3	3
ENSG00000270482.1	AC026367.1	chr12	118375350	118376275	3	3	3
ENSG00000111707.12	SUDS3	chr12	118376555	118418033	3	3	3
ENSG00000275759.1	AC026367.3	chr12	118428281	118428870	3	3	3
ENSG00000275409.1	AC026367.2	chr12	118430147	118430699	3	3	3
ENSG00000255714.1	LINC02460	chr12	118645315	118648724	3	3	3
ENSG00000241590.1	RPL17P37	chr12	118737964	118738511	3	3	3
ENSG00000256750.2	LINC02423	chr12	118758217	118761739	3	3	3
ENSG00000255618.2	LINC02440	chr12	118773031	118775137	3	3	3
ENSG00000255814.2	LINC02439	chr12	118782926	118833536	3	3	3
ENSG00000199809.1	RNA5SP374	chr12	118829681	118829805	3	3	3
ENSG00000256149.1	AC087863.2	chr12	118849354	118908930	3	3	3
ENSG00000201042.1	AC087863.1	chr12	118888434	118888564	3	3	3
ENSG00000139767.10	SRRM4	chr12	118981541	119163051	3	3	3
ENSG00000286233.1	AC087885.1	chr12	118988010	118989594	3	3	3
ENSG00000244112.3	RN7SL508P	chr12	118993857	118994159	3	3	3
ENSG00000257095.1	AC084361.1	chr12	119031039	119116961	3	3	3
ENSG00000152137.8	HSPB8	chr12	119171555	119224855	3	3	3
ENSG00000256884.1	AC084880.4	chr12	119174065	119176484	3	3	3
ENSG00000256609.1	AC084880.3	chr12	119182048	119183259	3	3	3
ENSG00000213144.2	AC084880.1	chr12	119194850	119195394	3	3	3
ENSG00000256311.1	AC084880.2	chr12	119225834	119259017	3	3	3
ENSG00000281196.1	LINC00934	chr12	119283825	119303380	3	3	3
ENSG00000183273.7	CCDC60	chr12	119334712	119541040	3	3	3
ENSG00000248636.7	AC002070.1	chr12	119361247	119668079	3	3	3
ENSG00000224982.4	TMEM233	chr12	119593774	119643075	3	3	3
ENSG00000252886.1	RN7SKP197	chr12	119631090	119631386	3	3	3
ENSG00000111725.11	PRKAB1	chr12	119667864	119681624	3	3	3
ENSG00000122966.17	CIT	chr12	119685791	119877320	3	3	3
ENSG00000255692.1	AC002563.1	chr12	119699768	119701011	3	3	3
ENSG00000283768.1	MIR1178	chr12	119713634	119713724	3	3	3
ENSG00000226729.3	RPL35AP30	chr12	119959424	119959754	3	3	3
ENSG00000135127.11	BICDL1	chr12	119989869	120094494	3	3	3
ENSG00000278250.1	Metazoa_SRP	chr12	120018900	120019261	3	3	3
ENSG00000255575.1	AC004812.1	chr12	120057035	120057180	3	3	3
ENSG00000111737.12	RAB35	chr12	120095099	120117502	3	3	3
ENSG00000277283.1	AC004812.2	chr12	120116907	120119000	3	3	3
ENSG00000089154.11	GCN1	chr12	120127202	120194715	3	3	3
ENSG00000266704.1	MIR4498	chr12	120155434	120155499	3	3	3
ENSG00000089157.16	RPLP0	chr12	120196699	120201235	3	3	3
ENSG00000255857.6	PXN-AS1	chr12	120201291	120213231	3	3	3
ENSG00000089159.16	PXN	chr12	120210439	120265771	3	3	3
ENSG00000286067.1	AC004263.2	chr12	120218070	120222668	3	3	3
ENSG00000275936.1	AC004263.1	chr12	120224744	120225421	3	3	3
ENSG00000240925.1	RPS20P31	chr12	120247460	120247791	3	3	3
ENSG00000123009.4	NME2P1	chr12	120282303	120282716	3	3	3
ENSG00000202538.1	RNU4-2	chr12	120291763	120291903	3	3	3
ENSG00000200795.1	RNU4-1	chr12	120293097	120293237	3	3	3
ENSG00000089163.4	SIRT4	chr12	120302316	120313249	3	3	3
ENSG00000252659.1	RNU6-1088P	chr12	120313238	120313341	3	3	3
ENSG00000170890.14	PLA2G1B	chr12	120322115	120327779	3	3	3
ENSG00000135097.7	MSI1	chr12	120341330	120369164	3	3	3
ENSG00000239881.1	RPS27P25	chr12	120369440	120371688	3	3	3
ENSG00000256695.2	AC003982.1	chr12	120389502	120395995	3	3	3
ENSG00000111775.3	COX6A1	chr12	120438090	120440737	3	3	3
ENSG00000111780.8	AL021546.1	chr12	120438198	120460006	3	3	3
ENSG00000170855.4	TRIAP1	chr12	120443964	120446384	3	3	3
ENSG00000257218.6	GATC	chr12	120446444	120463749	3	3	3
ENSG00000219355.2	RPL31P52	chr12	120450437	120450803	3	3	3
ENSG00000111786.9	SRSF9	chr12	120461672	120469748	3	3	3
ENSG00000088986.11	DYNLL1	chr12	120469850	120498493	3	3	3
ENSG00000248008.3	NRAV	chr12	120488079	120495946	3	3	3
ENSG00000278344.1	AC063943.1	chr12	120500735	120501090	3	3	3
ENSG00000110871.15	COQ5	chr12	120503279	120534434	3	3	3
ENSG00000222601.1	Y_RNA	chr12	120504571	120504659	3	3	3
ENSG00000241030.1	RPL29P24	chr12	120522664	120523443	3	3	3
ENSG00000022840.16	RNF10	chr12	120533480	120577588	3	3	3
ENSG00000288623.1	AC063943.2	chr12	120534697	120534957	3	3	3
ENSG00000167272.11	POP5	chr12	120578764	120581402	3	3	3
ENSG00000242137.1	RPL11P5	chr12	120594015	120594548	3	3	3
ENSG00000256008.3	AC125616.1	chr12	120628830	120641591	3	3	3
ENSG00000157782.9	CABP1	chr12	120640552	120667324	3	3	3
ENSG00000110917.8	MLEC	chr12	120687149	120701859	3	3	3
ENSG00000256364.1	AC069234.2	chr12	120697124	120699541	3	3	3
ENSG00000277423.1	AC069234.5	chr12	120703867	120704282	3	3	3
ENSG00000276188.1	AC069234.4	chr12	120709112	120709523	3	3	3
ENSG00000175970.11	UNC119B	chr12	120710458	120723640	3	3	3
ENSG00000256569.1	AC069234.3	chr12	120721507	120723639	3	3	3
ENSG00000284143.1	MIR4700	chr12	120723193	120723266	3	3	3
ENSG00000122971.9	ACADS	chr12	120725774	120740008	3	3	3
ENSG00000255946.1	AC069234.1	chr12	120740470	120761592	3	3	3
ENSG00000157837.16	SPPL3	chr12	120762510	120904358	3	3	3
ENSG00000213137.3	ARF1P2	chr12	120845110	120845647	3	3	3
ENSG00000286493.1	AC069214.1	chr12	120904702	120907937	3	3	3
ENSG00000231313.2	CLIC1P1	chr12	120914400	120915123	3	3	3
ENSG00000244585.1	RPL12P33	chr12	120916745	120917236	3	3	3
ENSG00000241388.5	HNF1A-AS1	chr12	120941728	120980965	3	3	3
ENSG00000135100.18	HNF1A	chr12	120978543	121002512	3	3	3
ENSG00000157895.11	C12orf43	chr12	121000486	121016502	3	3	3
ENSG00000135114.12	OASL	chr12	121019111	121039242	3	3	3
ENSG00000283542.1	OASL2P	chr12	121053732	121059670	3	3	3
ENSG00000256963.1	AC079602.2	chr12	121079842	121080124	3	3	3
ENSG00000279001.1	AC079602.3	chr12	121096027	121096429	3	3	3
ENSG00000201945.1	SNORA70	chr12	121107043	121107174	3	3	3
ENSG00000223538.2	AC079602.1	chr12	121107220	121107490	3	3	3
ENSG00000089041.17	P2RX7	chr12	121132819	121188032	3	3	3
ENSG00000286248.1	AC069209.2	chr12	121177919	121191477	3	3	3
ENSG00000274029.1	AC069209.1	chr12	121190868	121191518	3	3	3
ENSG00000135124.15	P2RX4	chr12	121209861	121234106	3	3	3
ENSG00000110931.19	CAMKK2	chr12	121237675	121298308	3	3	3
ENSG00000089053.13	ANAPC5	chr12	121308245	121399896	3	3	3
ENSG00000258435.1	AC048337.1	chr12	121391962	121399859	3	3	3
ENSG00000170633.16	RNF34	chr12	121400041	121430623	3	3	3
ENSG00000089094.19	KDM2B	chr12	121429096	121581023	3	3	3
ENSG00000284402.1	MIR7107	chr12	121444273	121444352	3	3	3
ENSG00000256742.1	KDM2B-DT	chr12	121580792	121593504	3	3	3
ENSG00000252393.1	RNU6-1004P	chr12	121604902	121605012	3	3	3
ENSG00000276045.3	ORAI1	chr12	121626550	121642677	3	3	3
ENSG00000139714.12	MORN3	chr12	121648742	121672631	3	3	3
ENSG00000286586.1	AC084018.3	chr12	121687187	121689380	3	3	3
ENSG00000188735.13	TMEM120B	chr12	121712752	121783001	3	3	3
ENSG00000139725.8	RHOF	chr12	121777754	121803403	3	3	3
ENSG00000212694.8	LINC01089	chr12	121795267	121803906	3	3	3
ENSG00000272849.1	AC084018.1	chr12	121797511	121801972	3	3	3
ENSG00000274292.1	AC084018.2	chr12	121800797	121803403	3	3	3
ENSG00000139718.11	SETD1B	chr12	121804009	121832656	3	3	3
ENSG00000158104.11	HPD	chr12	121839527	121863596	3	3	3
ENSG00000256811.1	AC079360.1	chr12	121856259	121857059	3	3	3
ENSG00000278084.1	AC069503.3	chr12	121874193	121874337	3	3	3
ENSG00000287493.1	AC069503.5	chr12	121887540	121888643	3	3	3
ENSG00000110801.14	PSMD9	chr12	121888732	121918297	3	3	3
ENSG00000256950.2	AC069503.2	chr12	121888809	121921470	3	3	3
ENSG00000283389.1	Metazoa_SRP	chr12	121897583	121897826	3	3	3
ENSG00000239082.1	RNU7-170P	chr12	121908103	121908163	3	3	3
ENSG00000158023.10	CFAP251	chr12	121918592	122003927	3	3	3
ENSG00000255856.2	AC069503.1	chr12	122007434	122020063	3	3	3
ENSG00000110987.9	BCL7A	chr12	122019422	122062044	3	3	3
ENSG00000256546.2	AC156455.1	chr12	122063306	122068616	3	3	3
ENSG00000175727.14	MLXIP	chr12	122078756	122147344	3	3	3
ENSG00000158113.13	LRRC43	chr12	122167738	122203471	3	3	3
ENSG00000204671.2	IL31	chr12	122172029	122174221	3	3	3
ENSG00000176383.9	B3GNT4	chr12	122203681	122208952	3	3	3
ENSG00000284934.2	AC048338.2	chr12	122207662	122227534	3	3	3
ENSG00000184047.20	DIABLO	chr12	122207663	122227456	3	3	3
ENSG00000256861.1	AC048338.1	chr12	122207779	122266423	3	3	3
ENSG00000139719.11	VPS33A	chr12	122229564	122266494	3	3	3
ENSG00000130779.21	CLIP1	chr12	122271432	122422632	3	3	3
ENSG00000214760.3	RPL21P1	chr12	122364782	122365632	3	3	3
ENSG00000257097.1	CLIP1-AS1	chr12	122395542	122400857	3	3	3
ENSG00000033030.15	ZCCHC8	chr12	122471599	122501073	3	3	3
ENSG00000252192.1	AC127002.1	chr12	122492113	122492241	3	3	3
ENSG00000275265.1	AC127002.2	chr12	122501187	122501641	3	3	3
ENSG00000111011.18	RSRC2	chr12	122503454	122527000	3	3	3
ENSG00000184445.12	KNTC1	chr12	122527246	122626396	3	3	3
ENSG00000255972.1	AC026333.1	chr12	122563735	122563762	3	3	3
ENSG00000274191.1	AC026333.4	chr12	122634130	122634673	3	3	3
ENSG00000256249.1	AC026333.3	chr12	122687125	122715979	3	3	3
ENSG00000182782.8	HCAR2	chr12	122701293	122703357	3	3	3
ENSG00000255398.3	HCAR3	chr12	122714756	122716811	3	3	3
ENSG00000196917.6	HCAR1	chr12	122726076	122730844	3	3	3
ENSG00000256044.1	AC026333.2	chr12	122749481	122749586	3	3	3
ENSG00000139726.11	DENR	chr12	122752824	122771064	3	3	3
ENSG00000206914.1	Y_RNA	chr12	122768099	122768200	3	3	3
ENSG00000130783.14	CCDC62	chr12	122774526	122827528	3	3	3
ENSG00000130787.14	HIP1R	chr12	122834453	122862961	3	3	3
ENSG00000139722.7	VPS37B	chr12	122865330	122896127	3	3	3
ENSG00000256152.2	AC027290.1	chr12	122865335	122867021	3	3	3
ENSG00000280138.1	AC027290.2	chr12	122870059	122888720	3	3	3
ENSG00000150967.18	ABCB9	chr12	122920951	122981649	3	3	3
ENSG00000111325.16	OGFOD2	chr12	122974580	122980043	3	3	3
ENSG00000256028.2	AC026362.1	chr12	122975320	122982907	3	3	3
ENSG00000182196.13	ARL6IP4	chr12	122980060	122982913	3	3	3
ENSG00000090975.13	PITPNM2	chr12	122983480	123150015	3	3	3
ENSG00000265526.1	MIR4304	chr12	123010667	123010728	3	3	3
ENSG00000251497.2	PITPNM2-AS1	chr12	123081384	123084744	3	3	3
ENSG00000280381.1	AC026362.2	chr12	123087256	123092821	3	3	3
ENSG00000051825.15	MPHOSPH9	chr12	123152320	123244014	3	3	3
ENSG00000280120.1	AC073857.1	chr12	123152324	123153377	3	3	3
ENSG00000130921.8	C12orf65	chr12	123233436	123257960	3	3	3
ENSG00000111328.7	CDK2AP1	chr12	123250112	123272334	3	3	3
ENSG00000269980.1	AC068768.1	chr12	123262060	123262402	3	3	3
ENSG00000199845.1	RNA5SP375	chr12	123282916	123283034	3	3	3
ENSG00000139697.14	SBNO1	chr12	123289109	123364847	3	3	3
ENSG00000207189.1	Y_RNA	chr12	123348999	123349100	3	3	3
ENSG00000256092.2	SBNO1-AS1	chr12	123363868	123366113	3	3	3
ENSG00000284425.1	MIR8072	chr12	123364764	123364843	3	3	3
ENSG00000183955.13	KMT5A	chr12	123383773	123409353	3	3	3
ENSG00000150977.10	RILPL2	chr12	123410683	123436717	3	3	3
ENSG00000270445.1	COPS5P2	chr12	123441517	123441852	3	3	3
ENSG00000184209.15	SNRNP35	chr12	123458088	123473154	3	3	3
ENSG00000188026.13	RILPL1	chr12	123470054	123533719	3	3	3
ENSG00000274427.1	AC145423.1	chr12	123515275	123515513	3	3	3
ENSG00000278112.1	AC145423.2	chr12	123519390	123519856	3	3	3
ENSG00000266655.1	MIR3908	chr12	123536409	123536534	3	3	3
ENSG00000247373.3	TMED2-DT	chr12	123575891	123585115	3	3	3
ENSG00000086598.11	TMED2	chr12	123584533	123598582	3	3	3
ENSG00000111364.16	DDX55	chr12	123602077	123620943	3	3	3
ENSG00000206897.1	SNORA9B	chr12	123616708	123616840	3	3	3
ENSG00000111361.13	EIF2B1	chr12	123620406	123633766	3	3	3
ENSG00000111358.14	GTF2H3	chr12	123633739	123662604	3	3	3
ENSG00000279953.1	AC117503.3	chr12	123649068	123650485	3	3	3
ENSG00000278861.1	AC117503.2	chr12	123655528	123656128	3	3	3
ENSG00000168778.12	TCTN2	chr12	123671113	123708399	3	3	3
ENSG00000255839.1	AC117503.1	chr12	123707602	123708386	3	3	3
ENSG00000185344.15	ATP6V0A2	chr12	123712353	123761755	3	3	3
ENSG00000286092.1	AC117503.5	chr12	123713408	123723169	3	3	3
ENSG00000239215.1	RPL27P12	chr12	123721246	123721639	3	3	3
ENSG00000280300.1	AC117503.4	chr12	123754246	123754794	3	3	3
ENSG00000197653.16	DNAH10	chr12	123762188	123935720	3	3	3
ENSG00000119242.9	CCDC92	chr12	123918660	123972831	3	3	3
ENSG00000250091.3	DNAH10OS	chr12	123925461	123934984	3	3	3
ENSG00000270130.1	AC068790.7	chr12	123960717	123961244	3	3	3
ENSG00000270048.1	AC068790.4	chr12	123962555	123962817	3	3	3
ENSG00000269997.1	AC068790.3	chr12	123966077	123966629	3	3	3
ENSG00000269938.1	AC068790.2	chr12	123968023	123968579	3	3	3
ENSG00000270061.1	AC068790.5	chr12	123969990	123970344	3	3	3
ENSG00000270095.1	AC068790.6	chr12	123971457	123971714	3	3	3
ENSG00000179195.16	ZNF664	chr12	123971845	124015439	3	3	3
ENSG00000274874.2	AC068790.8	chr12	123973215	124088594	3	3	3
ENSG00000178882.15	RFLNA	chr12	123973241	124316024	3	3	3
ENSG00000256827.1	AC068790.1	chr12	124005871	124006225	3	3	3
ENSG00000275389.1	AC068790.9	chr12	124085761	124088598	3	3	3
ENSG00000256596.1	AC026358.1	chr12	124206228	124209018	3	3	3
ENSG00000196498.13	NCOR2	chr12	124324415	124567589	3	3	3
ENSG00000275967.1	MIR6880	chr12	124337181	124337242	3	3	3
ENSG00000255965.1	AC073916.1	chr12	124383381	124383510	3	3	3
ENSG00000214650.3	AC073592.1	chr12	124513222	124516798	3	3	3
ENSG00000279527.1	AC073592.7	chr12	124529722	124530228	3	3	3
ENSG00000279071.1	AC073592.3	chr12	124537844	124539677	3	3	3
ENSG00000280354.1	AC073592.9	chr12	124542503	124542873	3	3	3
ENSG00000279121.1	AC073592.5	chr12	124555905	124556432	3	3	3
ENSG00000279334.1	AC073592.6	chr12	124561869	124562283	3	3	3
ENSG00000280097.1	AC073592.8	chr12	124593181	124593691	3	3	3
ENSG00000278973.1	AC073592.2	chr12	124622290	124623069	3	3	3
ENSG00000280444.1	AC073592.10	chr12	124623391	124623987	3	3	3
ENSG00000279087.1	AC073592.4	chr12	124637999	124638444	3	3	3
ENSG00000279931.1	AC073593.1	chr12	124725524	124725934	3	3	3
ENSG00000073060.16	SCARB1	chr12	124776856	124882668	3	3	3
ENSG00000287242.1	AC073593.2	chr12	124786783	124808790	3	3	3
ENSG00000252008.1	RNU6-927P	chr12	124901512	124901611	3	3	3
ENSG00000150991.15	UBC	chr12	124911604	124917368	3	3	3
ENSG00000265345.1	MIR5188	chr12	124915547	124915659	3	3	3
ENSG00000241129.3	RPL22P19	chr12	124935455	124935895	3	3	3
ENSG00000150990.8	DHX37	chr12	124946825	124989131	3	3	3
ENSG00000184992.13	BRI3BP	chr12	124993645	125031231	3	3	3
ENSG00000280634.1	THRIL	chr12	125025434	125027410	3	3	3
ENSG00000256093.1	AC122688.1	chr12	125056359	125056581	3	3	3
ENSG00000081760.17	AACS	chr12	125065434	125143333	3	3	3
ENSG00000279233.1	AC122688.3	chr12	125138245	125141711	3	3	3
ENSG00000256814.1	AC122688.2	chr12	125150058	125151394	3	3	3
ENSG00000287240.1	AC122688.5	chr12	125159331	125160397	3	3	3
ENSG00000280117.1	AC122688.4	chr12	125160525	125164918	3	3	3
ENSG00000139364.10	TMEM132B	chr12	125186836	125662377	3	3	3
ENSG00000279462.1	AC093028.1	chr12	125300936	125301917	3	3	3
ENSG00000280125.1	AC005252.2	chr12	125808668	125809808	3	3	3
ENSG00000286209.1	AC005252.4	chr12	125858132	125880724	3	3	3
ENSG00000280415.1	AC005252.3	chr12	125858862	125861119	3	3	3
ENSG00000271184.1	AC005252.1	chr12	125900421	125901483	3	3	3
ENSG00000249267.7	LINC00939	chr12	125958688	125983665	3	3	3
ENSG00000275212.3	LINC02826	chr12	125983702	126043485	3	3	3
ENSG00000284848.2	LINC02359	chr12	126094112	126177632	3	3	3
ENSG00000280364.1	AC005858.2	chr12	126106459	126107047	3	3	3
ENSG00000280398.1	AC005858.3	chr12	126130166	126130865	3	3	3
ENSG00000280272.1	AC005858.1	chr12	126141952	126142377	3	3	3
ENSG00000286386.1	AC005888.1	chr12	126165730	126191406	3	3	3
ENSG00000255595.5	AC007368.1	chr12	126191151	126434227	3	3	3
ENSG00000256494.1	LINC02825	chr12	126400792	126405528	3	3	3
ENSG00000214043.8	LINC02347	chr12	126438837	126472790	3	3	3
ENSG00000256125.1	FAM32EP	chr12	126458462	126458792	3	3	3
ENSG00000255853.1	AC006065.1	chr12	126510910	126511711	3	3	3
ENSG00000256310.1	NDUFA5P6	chr12	126524248	126524626	3	3	3
ENSG00000256732.1	AC006065.4	chr12	126610034	126690318	3	3	3
ENSG00000255900.1	AC006065.2	chr12	126616344	126616554	3	3	3
ENSG00000255944.1	AC006065.3	chr12	126628172	126690322	3	3	3
ENSG00000278866.1	AC006065.5	chr12	126675895	126676243	3	3	3
ENSG00000279171.1	AC006065.6	chr12	126677262	126677806	3	3	3
ENSG00000255998.2	LINC02824	chr12	126688341	126720333	3	3	3
ENSG00000189238.6	LINC00943	chr12	126723412	126749027	3	3	3
ENSG00000256128.6	LINC00944	chr12	126729787	126772519	3	3	3
ENSG00000255923.1	AC078878.1	chr12	126864465	126865422	3	3	3
ENSG00000249873.7	LINC02372	chr12	126869010	126874725	3	3	3
ENSG00000256286.2	AC078878.2	chr12	126874804	126888718	3	3	3
ENSG00000257021.1	HSPE1P20	chr12	126912034	126912322	3	3	3
ENSG00000249345.8	LINC02405	chr12	126915199	127060565	3	3	3
ENSG00000286016.1	AC079949.3	chr12	127130005	127207706	3	3	3
ENSG00000256001.2	AC079949.1	chr12	127142029	127146532	3	3	3
ENSG00000286791.1	AC079949.5	chr12	127146535	127151330	3	3	3
ENSG00000278266.1	AC079949.2	chr12	127147149	127150081	3	3	3
ENSG00000287339.1	AC079949.6	chr12	127149955	127161259	3	3	3
ENSG00000256292.2	LINC02376	chr12	127274265	127284328	3	3	3
ENSG00000256496.1	AC073913.1	chr12	127317709	127319986	3	3	3
ENSG00000253089.1	RNU1-104P	chr12	127321355	127321529	3	3	3
ENSG00000256362.2	LINC02375	chr12	127324152	127340109	3	3	3
ENSG00000256502.1	AC073913.2	chr12	127344258	127344402	3	3	3
ENSG00000280024.1	AC048347.1	chr12	127372243	127372669	3	3	3
ENSG00000287365.1	AC068787.4	chr12	127451346	127455634	3	3	3
ENSG00000279952.1	AC068787.1	chr12	127462507	127463197	3	3	3
ENSG00000287112.1	AC068787.3	chr12	127484243	127486675	3	3	3
ENSG00000286922.1	AC068787.2	chr12	127486938	127533242	3	3	3
ENSG00000287622.1	AC068787.5	chr12	127563908	127590930	3	3	3
ENSG00000255945.1	AC025252.1	chr12	127598168	127599715	3	3	3
ENSG00000199584.1	Y_RNA	chr12	127619336	127619447	3	3	3
ENSG00000257035.1	AC025252.2	chr12	127624153	127626267	3	3	3
ENSG00000256022.6	LINC02411	chr12	127631248	127636488	3	3	3
ENSG00000288523.1	AC025160.1	chr12	127726339	127732171	3	3	3
ENSG00000286662.2	AC087894.3	chr12	127758832	127821183	3	3	3
ENSG00000279475.1	AC087894.2	chr12	127825938	127826286	3	3	3
ENSG00000255757.1	AC087894.1	chr12	127876999	127877516	3	3	3
ENSG00000256597.3	LINC02393	chr12	127881616	127898645	3	3	3
ENSG00000256193.6	LINC00507	chr12	127914707	127960028	3	3	3
ENSG00000256971.2	LINC00508	chr12	127933689	127983854	3	3	3
ENSG00000256643.1	LINC02441	chr12	128023788	128027166	3	3	3
ENSG00000287311.1	AC140121.1	chr12	128052122	128068361	3	3	3
ENSG00000256551.2	LINC02369	chr12	128086621	128118656	3	3	3
ENSG00000256659.2	LINC02368	chr12	128116730	128123103	3	3	3
ENSG00000276487.2	AC061709.2	chr12	128187225	128191495	3	3	3
ENSG00000265061.1	AC061709.1	chr12	128244506	128244573	3	3	3
ENSG00000181234.9	TMEM132C	chr12	128267403	128707915	3	3	3
ENSG00000279180.1	AC061709.3	chr12	128288159	128289056	3	3	3
ENSG00000265635.1	MIR3612	chr12	128294092	128294178	3	3	3
ENSG00000257025.1	AC023595.1	chr12	128399978	128404814	3	3	3
ENSG00000256630.1	AC090424.1	chr12	128437778	128439206	3	3	3
ENSG00000139370.12	SLC15A4	chr12	128793194	128823958	3	3	3
ENSG00000279500.1	AC108704.2	chr12	128813186	128814750	3	3	3
ENSG00000274695.1	AC108704.1	chr12	128826836	128827579	3	3	3
ENSG00000151948.12	GLT1D1	chr12	128853427	128984968	3	3	3
ENSG00000255838.1	AC069262.1	chr12	128944274	128945203	3	3	3
ENSG00000256581.1	NLRP9P1	chr12	129013336	129016663	3	3	3
ENSG00000151952.16	TMEM132D	chr12	129071725	129904025	3	3	3
ENSG00000249196.6	TMEM132D-AS1	chr12	129109629	129113294	3	3	3
ENSG00000277217.1	AC107033.1	chr12	129170092	129170238	3	3	3
ENSG00000256699.1	TMEM132D-AS2	chr12	129208601	129212662	3	3	3
ENSG00000280051.1	AC079456.1	chr12	129262345	129262824	3	3	3
ENSG00000256085.1	AC130404.1	chr12	129521303	129522763	3	3	3
ENSG00000286246.1	AC130404.2	chr12	129622929	129625366	3	3	3
ENSG00000256137.1	AC117373.1	chr12	129681427	129698227	3	3	3
ENSG00000286394.1	AC117373.2	chr12	129696599	129700122	3	3	3
ENSG00000280196.1	AC055717.3	chr12	129839928	129840522	3	3	3
ENSG00000251536.2	AC055717.1	chr12	129852208	129854944	3	3	3
ENSG00000261650.1	AC055717.2	chr12	130024493	130044956	3	3	3
ENSG00000214039.9	LINC02418	chr12	130032928	130045057	3	3	3
ENSG00000256298.1	AC135388.1	chr12	130047132	130048376	3	3	3
ENSG00000256906.1	LINC02419	chr12	130070325	130072685	3	3	3
ENSG00000279193.1	AC026336.4	chr12	130121925	130122974	3	3	3
ENSG00000276122.1	AC026336.3	chr12	130138693	130140768	3	3	3
ENSG00000250208.6	FZD10-AS1	chr12	130144315	130162256	3	3	3
ENSG00000280405.1	AC026336.5	chr12	130144954	130145691	3	3	3
ENSG00000111432.4	FZD10	chr12	130162459	130165740	3	3	3
ENSG00000242963.1	AC026336.1	chr12	130216807	130217157	3	3	3
ENSG00000259862.1	AC026336.2	chr12	130249679	130266725	3	3	3
ENSG00000125207.7	PIWIL1	chr12	130337887	130372637	3	3	3
ENSG00000279343.1	AC127071.2	chr12	130350996	130351707	3	3	3
ENSG00000279478.1	AC127071.3	chr12	130383364	130383890	3	3	3
ENSG00000060709.15	RIMBP2	chr12	130396137	130716281	3	3	3
ENSG00000256064.1	AC063926.1	chr12	130419535	130421019	3	3	3
ENSG00000279905.1	AC063926.3	chr12	130425004	130430661	3	3	3
ENSG00000279146.1	AC063926.2	chr12	130465008	130466315	3	3	3
ENSG00000256343.8	AC095350.1	chr12	130651342	130669233	3	3	3
ENSG00000279650.1	AC073912.3	chr12	130775694	130776546	3	3	3
ENSG00000111450.14	STX2	chr12	130789600	130839266	3	3	3
ENSG00000256250.1	AC073912.1	chr12	130810606	130812438	3	3	3
ENSG00000256299.1	AC073912.2	chr12	130810821	130812622	3	3	3
ENSG00000222438.1	RNU6-1077P	chr12	130869736	130869837	3	3	3
ENSG00000132341.12	RAN	chr12	130872037	130877678	3	3	3
ENSG00000206850.1	Y_RNA	chr12	130906838	130906949	3	3	3
ENSG00000111452.13	ADGRD1	chr12	130953907	131141469	3	3	3
ENSG00000279940.1	AC073862.3	chr12	130956384	130958031	3	3	3
ENSG00000279976.1	AC073862.4	chr12	130962175	130963028	3	3	3
ENSG00000280200.1	AC073862.5	chr12	130976786	130978812	3	3	3
ENSG00000256204.1	AC073862.1	chr12	130977562	130978768	3	3	3
ENSG00000279581.1	AC073862.2	chr12	130980667	130981367	3	3	3
ENSG00000280002.1	AC078925.4	chr12	130988312	130990028	3	3	3
ENSG00000256151.1	ADGRD1-AS1	chr12	130990138	130993976	3	3	3
ENSG00000279128.1	AC078925.2	chr12	131022769	131024741	3	3	3
ENSG00000279993.1	AC078925.3	chr12	131025561	131028060	3	3	3
ENSG00000256810.2	AC078925.1	chr12	131029110	131035487	3	3	3
ENSG00000204603.7	LINC01257	chr12	131165011	131232940	3	3	3
ENSG00000280217.1	AC126564.1	chr12	131235511	131237523	3	3	3
ENSG00000226356.2	RPS6P20	chr12	131292068	131293176	3	3	3
ENSG00000279746.1	AC092850.1	chr12	131295522	131298218	3	3	3
ENSG00000248703.2	LINC02415	chr12	131296110	131297972	3	3	3
ENSG00000212251.1	RNA5SP376	chr12	131299640	131299751	3	3	3
ENSG00000286462.1	AC092850.2	chr12	131310045	131312811	3	3	3
ENSG00000230294.4	LINC02370	chr12	131347470	131367555	3	3	3
ENSG00000287792.1	AC140118.2	chr12	131350844	131371721	3	3	3
ENSG00000256484.1	AC140118.1	chr12	131366660	131371059	3	3	3
ENSG00000280319.1	AC073578.4	chr12	131436447	131436960	3	3	3
ENSG00000275232.1	AC073578.2	chr12	131447337	131455436	3	3	3
ENSG00000287136.1	AC073578.5	chr12	131457018	131458324	3	3	3
ENSG00000256209.2	AC073578.1	chr12	131462853	131529894	3	3	3
ENSG00000279388.1	AC073578.3	chr12	131478844	131483034	3	3	3
ENSG00000255704.1	AC140063.1	chr12	131596857	131597115	3	3	3
ENSG00000279455.1	AC117500.5	chr12	131620178	131620765	3	3	3
ENSG00000256258.1	AC117500.3	chr12	131621891	131623203	3	3	3
ENSG00000256424.2	LINC02414	chr12	131639396	131661823	3	3	3
ENSG00000287639.1	AC117500.6	chr12	131644172	131645651	3	3	3
ENSG00000279153.1	AC117500.4	chr12	131645918	131646444	3	3	3
ENSG00000212154.1	RNA5SP377	chr12	131661063	131661174	3	3	3
ENSG00000249926.2	AC117500.1	chr12	131662596	131664704	3	3	3
ENSG00000243499.1	RPS6P21	chr12	131667492	131668246	3	3	3
ENSG00000061936.10	SFSWAP	chr12	131711081	131799738	3	3	3
ENSG00000255933.1	AC117500.2	chr12	131756966	131758047	3	3	3
ENSG00000200516.1	RNA5SP378	chr12	131801315	131801434	3	3	3
ENSG00000200483.1	RNU6-1017P	chr12	131815263	131815368	3	3	3
ENSG00000198598.6	MMP17	chr12	131828393	131851783	3	3	3
ENSG00000256955.2	AC131009.2	chr12	131857420	131864538	3	3	3
ENSG00000177169.10	ULK1	chr12	131894622	131923150	3	3	3
ENSG00000279283.1	AC131009.4	chr12	131896500	131898239	3	3	3
ENSG00000255992.1	AC131009.1	chr12	131924736	131929351	3	3	3
ENSG00000177192.14	PUS1	chr12	131929200	131945896	3	3	3
ENSG00000273568.1	AC131009.3	chr12	131934642	131934928	3	3	3
ENSG00000183495.14	EP400	chr12	131949942	132080460	3	3	3
ENSG00000208892.1	SNORA49	chr12	132031224	132031359	3	3	3
ENSG00000257000.1	AC137590.1	chr12	132077803	132080460	3	3	3
ENSG00000274670.1	AC137590.2	chr12	132083540	132083779	3	3	3
ENSG00000185684.15	EP400P1	chr12	132084283	132131639	3	3	3
ENSG00000279640.1	AC138466.5	chr12	132100013	132100820	3	3	3
ENSG00000256804.1	AC138466.2	chr12	132126461	132126764	3	3	3
ENSG00000185163.10	DDX51	chr12	132136594	132144319	3	3	3
ENSG00000184967.7	NOC4L	chr12	132144457	132152473	3	3	3
ENSG00000276693.1	AC138466.3	chr12	132169823	132170043	3	3	3
ENSG00000256576.2	LINC02361	chr12	132186735	132189695	3	3	3
ENSG00000256312.1	AC138466.1	chr12	132190213	132190997	3	3	3
ENSG00000182870.13	GALNT9	chr12	132196372	132329589	3	3	3
ENSG00000279480.1	AC138466.4	chr12	132200436	132201287	3	3	3
ENSG00000256943.1	AC148477.3	chr12	132275391	132278329	3	3	3
ENSG00000256542.2	AC148477.2	chr12	132277349	132280900	3	3	3
ENSG00000278872.1	AC148477.5	chr12	132279256	132280900	3	3	3
ENSG00000277011.1	AC148477.4	chr12	132282814	132284606	3	3	3
ENSG00000255916.1	AC148477.1	chr12	132329850	132331575	3	3	3
ENSG00000279113.1	AC148477.7	chr12	132332005	132332432	3	3	3
ENSG00000286008.1	AC148477.10	chr12	132344477	132345352	3	3	3
ENSG00000279704.1	AC148477.8	chr12	132351855	132352322	3	3	3
ENSG00000279023.1	AC148477.6	chr12	132360734	132361198	3	3	3
ENSG00000280150.1	AC148477.9	chr12	132362810	132363348	3	3	3
ENSG00000274373.1	AC148476.1	chr12	132424504	132425208	3	3	3
ENSG00000256783.1	AC079031.1	chr12	132457160	132460024	3	3	3
ENSG00000256875.2	AC079031.2	chr12	132462242	132462856	3	3	3
ENSG00000112787.13	FBRSL1	chr12	132489551	132585188	3	3	3
ENSG00000280287.1	AC131212.3	chr12	132550729	132554947	3	3	3
ENSG00000279700.1	AC131212.2	chr12	132565071	132566425	3	3	3
ENSG00000277052.1	MIR6763	chr12	132581997	132582061	3	3	3
ENSG00000277186.1	AC131212.1	chr12	132593031	132593698			
ENSG00000204583.10	LRCOL1	chr12	132603150	132610582			
ENSG00000187848.15	P2RX2	chr12	132618776	132622388			
ENSG00000280311.1	AC131212.4	chr12	132621999	132622973			
ENSG00000177084.18	POLE	chr12	132623753	132687376			
ENSG00000176894.10	PXMP2	chr12	132687587	132704985			
ENSG00000256632.3	AC135586.2	chr12	132688049	132714912			
ENSG00000247077.7	PGAM5	chr12	132710819	132722734			
ENSG00000201469.1	RNA5SP379	chr12	132723945	132724057			
ENSG00000176915.15	ANKLE2	chr12	132725503	132761832			
ENSG00000256108.1	AC135586.1	chr12	132745156	132745729			
ENSG00000090615.15	GOLGA3	chr12	132768914	132829078			
ENSG00000072609.18	CHFR	chr12	132822187	132956304			
ENSG00000232888.4	RPS11P5	chr12	132825701	132826184			
ENSG00000252079.1	RNU6-327P	chr12	132835374	132835500			
ENSG00000278949.1	AC127070.4	chr12	132865855	132867958			
ENSG00000236617.2	AC127070.1	chr12	132887842	132888583			
ENSG00000255703.1	AC127070.3	chr12	132899984	132900368			
ENSG00000250790.4	AC127070.2	chr12	132911470	132914732			
ENSG00000196458.11	ZNF605	chr12	132918306	132956306			
ENSG00000256563.2	NANOGNBP2	chr12	132972338	132972890			
ENSG00000198393.8	ZNF26	chr12	132986365	133032952			
ENSG00000252269.1	RNU4ATAC12P	chr12	132995190	132995302			
ENSG00000246394.7	ZNF84-DT	chr12	133030389	133037222			
ENSG00000255807.1	PTP4A1P2	chr12	133033503	133033956			
ENSG00000198040.11	ZNF84	chr12	133037292	133063304			
ENSG00000279466.1	AC073911.1	chr12	133073516	133073983			
ENSG00000279817.1	AC073911.2	chr12	133077762	133078392			
ENSG00000196387.9	ZNF140	chr12	133079838	133107544			
ENSG00000214029.5	ZNF891	chr12	133106817	133130473			
ENSG00000271963.1	AC026786.2	chr12	133115692	133122340			
ENSG00000240991.3	RPL23AP67	chr12	133125479	133125952			
ENSG00000256223.6	ZNF10	chr12	133130575	133159465			
ENSG00000256825.4	AC026786.1	chr12	133130984	133202369			
ENSG00000090612.22	ZNF268	chr12	133181409	133214832			
ENSG00000255919.1	AC226150.1	chr12	133217210	133217675			
ENSG00000227059.7	ANHX	chr12	133218312	133235877			
ENSG00000239190.1	RNU6-717P	chr12	133238335	133238438			
ENSG00000238443.1	Y_RNA	chr12	133238455	133238549			
ENSG00000279924.1	AL356585.4	chr13	18174010	18178465			
ENSG00000279516.2	FAM230C	chr13	18195297	18232024			
ENSG00000279081.2	AL356585.1	chr13	18206570	18207466			
ENSG00000284679.1	AL356585.12	chr13	18248913	18249035			
ENSG00000280208.1	GGT4P	chr13	18253526	18270822			
ENSG00000279124.1	AL356585.2	chr13	18279320	18309934			
ENSG00000279730.2	KMT5AP1	chr13	18297554	18298733			
ENSG00000279231.1	AL356585.3	chr13	18331933	18348596			
ENSG00000268486.5	FO681491.1	chr13	18408806	18431605			
ENSG00000276183.1	U6	chr13	18418526	18418632			
ENSG00000215604.3	ZNF962P	chr13	18467172	18485448			
ENSG00000270496.1	BNIP3P7	chr13	18491904	18492419			
ENSG00000231238.2	LINC00349	chr13	18538880	18551214			
ENSG00000233905.1	LONRF2P2	chr13	18609132	18609702			
ENSG00000229788.1	LINC00388	chr13	18610298	18611675			
ENSG00000235876.2	FEM1AP4	chr13	18665235	18667221			
ENSG00000231914.1	LINC00387	chr13	18672827	18676163			
ENSG00000226361.5	TERF1P5	chr13	18680494	18681700			
ENSG00000228797.2	FAM207BP	chr13	18697003	18697507			
ENSG00000230931.2	GXYLT1P1	chr13	18724415	18724904			
ENSG00000204718.3	CNN2P12	chr13	18726706	18727414			
ENSG00000227784.1	ZNF965P	chr13	18734080	18734896			
ENSG00000244155.1	CYP4F34P	chr13	18741730	18742718			
ENSG00000227568.1	SNX18P26	chr13	18807279	18808018			
ENSG00000225016.1	LINC00328-2P	chr13	18809830	18810048			
ENSG00000206192.7	ANKRD20A9P	chr13	18816718	18871967			
ENSG00000242756.2	RHOT1P3	chr13	18837768	18838098			
ENSG00000223024.1	RNU6-55P	chr13	18869185	18869291			
ENSG00000206787.1	RNU6-76P	chr13	18880054	18880157	4	4	4
ENSG00000235500.2	SNX19P2	chr13	18892260	18895230	4	4	4
ENSG00000226250.2	LINC00408	chr13	18905419	18935554	4	4	4
ENSG00000231358.4	AL355516.1	chr13	18921888	18944284	4	4	4
ENSG00000226057.7	PHF2P2	chr13	18946755	19062718	4	4	4
ENSG00000232685.5	LINC00442	chr13	19008259	19026802	4	4	4
ENSG00000229375.1	USP24P1	chr13	19015487	19019336	4	4	4
ENSG00000187721.8	GTF2IP3	chr13	19026001	19032626	4	4	4
ENSG00000226619.1	AL137001.1	chr13	19027837	19028701	4	4	4
ENSG00000287861.1	AL137001.2	chr13	19074038	19118315	4	4	4
ENSG00000252287.1	RNA5SP24	chr13	19088487	19088581	4	4	4
ENSG00000224778.1	CENPIP1	chr13	19126399	19139611	4	4	4
ENSG00000234894.1	AL139327.2	chr13	19151554	19152307	4	4	4
ENSG00000229147.1	SMPD4P2	chr13	19152567	19171194	4	4	4
ENSG00000278337.1	AL139327.3	chr13	19172773	19172925	4	4	4
ENSG00000198033.12	TUBA3C	chr13	19173772	19181824	4	4	4
ENSG00000121388.6	AL139327.1	chr13	19182038	19187618	4	4	4
ENSG00000227879.2	PSPC1P1	chr13	19201637	19227432	4	4	4
ENSG00000237636.3	ANKRD26P3	chr13	19262797	19344973	4	4	4
ENSG00000215349.2	MRPL3P1	chr13	19304593	19305625	4	4	4
ENSG00000236834.1	LINC00421	chr13	19345049	19346749	4	4	4
ENSG00000224976.2	PARP4P2	chr13	19349137	19407962	4	4	4
ENSG00000231184.3	CCNQP3	chr13	19382454	19383072	4	4	4
ENSG00000229791.1	AL356259.1	chr13	19408042	19409529	4	4	4
ENSG00000237164.1	SLC25A15P2	chr13	19411231	19416188	4	4	4
ENSG00000132958.17	TPTE2	chr13	19422877	19536762	4	4	4
ENSG00000223625.1	CYCSP32	chr13	19458398	19458718	4	4	4
ENSG00000232894.1	MRPS31P2	chr13	19552571	19570288	4	4	4
ENSG00000215572.2	ESRRAP1	chr13	19560013	19561269	4	4	4
ENSG00000225316.3	LINC00350	chr13	19561328	19588603	4	4	4
ENSG00000238132.2	CASC4P1	chr13	19563589	19564900	4	4	4
ENSG00000196199.14	MPHOSPH8	chr13	19633659	19673441	4	4	4
ENSG00000226352.2	PSPC1-AS2	chr13	19674624	19675884	4	4	4
ENSG00000121390.19	PSPC1	chr13	19674752	19783019	4	4	4
ENSG00000275014.1	RN7SL166P	chr13	19736975	19737254	4	4	4
ENSG00000233469.1	ST6GALNAC4P1	chr13	19818121	19818619	4	4	4
ENSG00000132950.19	ZMYM5	chr13	19823482	19863649	4	4	4
ENSG00000223576.2	AL355001.1	chr13	19841827	19843672	4	4	4
ENSG00000275964.1	AL355001.2	chr13	19863858	19865048	4	4	4
ENSG00000121741.16	ZMYM2	chr13	19958670	20091829	4	4	4
ENSG00000237672.1	KRR1P1	chr13	20070250	20072136	4	4	4
ENSG00000279951.1	AL138688.2	chr13	20092632	20094144	4	4	4
ENSG00000236076.1	LINC01072	chr13	20102701	20103230	4	4	4
ENSG00000121743.4	GJA3	chr13	20138255	20161052	4	4	4
ENSG00000226633.2	PPIAP28	chr13	20178978	20179462	4	4	4
ENSG00000260131.1	LINC00556	chr13	20181531	20181942	4	4	4
ENSG00000165474.8	GJB2	chr13	20187463	20192938	4	4	4
ENSG00000279065.1	AL138688.1	chr13	20194412	20196005	4	4	4
ENSG00000121742.19	GJB6	chr13	20221962	20232365	4	4	4
ENSG00000165475.15	CRYL1	chr13	20403666	20525873	4	4	4
ENSG00000263978.1	MIR4499	chr13	20433778	20433846	4	4	4
ENSG00000277020.4	AL590096.1	chr13	20564708	20567045	4	4	4
ENSG00000032742.18	IFT88	chr13	20567138	20691444	4	4	4
ENSG00000238286.1	SLC35E1P1	chr13	20607268	20608131	4	4	4
ENSG00000222726.1	RNU2-7P	chr13	20612161	20612338	4	4	4
ENSG00000278291.1	AL161772.1	chr13	20699307	20703718	4	4	4
ENSG00000172458.4	IL17D	chr13	20702127	20723098	4	4	4
ENSG00000279135.1	AL512652.2	chr13	20712431	20714146	4	4	4
ENSG00000150456.11	EEF1AKMT1	chr13	20728731	20773961	4	4	4
ENSG00000233524.1	RANP8	chr13	20747035	20748057	4	4	4
ENSG00000275485.1	AL512652.1	chr13	20768876	20769375	4	4	4
ENSG00000132953.16	XPO4	chr13	20777329	20903048	4	4	4
ENSG00000236704.1	CNOT4P1	chr13	20921664	20923233	4	4	4
ENSG00000233780.3	HNRNPA1P30	chr13	20938564	20949599	4	4	4
ENSG00000234363.1	PPIAP27	chr13	20956179	20956443	4	4	4
ENSG00000213621.3	RPSAP54	chr13	20961310	20962195	4	4	4
ENSG00000150457.9	LATS2	chr13	20973036	21061586	4	4	4
ENSG00000233851.1	LATS2-AS1	chr13	21005157	21018122	4	4	4
ENSG00000201821.1	RNU4-9P	chr13	21038529	21038667	4	4	4
ENSG00000180172.7	RPS12P23	chr13	21094315	21094714	4	4	4
ENSG00000225585.1	IPPKP1	chr13	21103003	21104371	4	4	4
ENSG00000275689.1	AL161613.1	chr13	21126271	21126396	4	4	4
ENSG00000252128.1	SNORD27	chr13	21139886	21139957	4	4	4
ENSG00000150459.12	SAP18	chr13	21140514	21149084	4	4	4
ENSG00000165480.16	SKA3	chr13	21153595	21176552	4	4	4
ENSG00000173141.5	MRPL57	chr13	21176658	21179084	4	4	4
ENSG00000271250.1	AL158032.1	chr13	21216555	21216660	4	4	4
ENSG00000233405.2	LINC01046	chr13	21224521	21235204	4	4	4
ENSG00000235438.7	ESRRAP2	chr13	21260015	21295003	4	4	4
ENSG00000277077.1	AL158032.2	chr13	21287634	21287828	4	4	4
ENSG00000233325.3	MIPEPP3	chr13	21298139	21306373	4	4	4
ENSG00000224429.8	LINC00539	chr13	21302862	21348721	4	4	4
ENSG00000215571.5	GRK6P1	chr13	21319156	21320866	4	4	4
ENSG00000235076.2	GAPDHP52	chr13	21358373	21359314	4	4	4
ENSG00000222747.1	RNA5SP25	chr13	21369790	21369899	4	4	4
ENSG00000180776.16	ZDHHC20	chr13	21372571	21459370	4	4	4
ENSG00000236953.1	ZDHHC20-IT1	chr13	21376977	21377874	4	4	4
ENSG00000226908.1	H2BP6	chr13	21483834	21484174	4	4	4
ENSG00000165487.14	MICU2	chr13	21492691	21604181	4	4	4
ENSG00000230022.1	FNTAP2	chr13	21530690	21531323	4	4	4
ENSG00000207518.1	RNU6-59P	chr13	21551304	21551410	4	4	4
ENSG00000226525.5	RPS7P10	chr13	21628413	21629015	4	4	4
ENSG00000102678.7	FGF9	chr13	21671073	21704498	4	4	4
ENSG00000244197.3	RN7SL766P	chr13	21790537	21790845	4	4	4
ENSG00000226722.4	LINC00424	chr13	21872763	21878256	4	4	4
ENSG00000276476.3	LINC00540	chr13	22040972	22276526	4	4	4
ENSG00000237175.1	NME1P1	chr13	22099163	22099544	4	4	4
ENSG00000226118.1	MTND3P1	chr13	22113119	22113338	4	4	4
ENSG00000287357.1	AL512484.1	chr13	22589699	22593871	4	4	4
ENSG00000232187.1	FTH1P7	chr13	22696023	22696574	4	4	4
ENSG00000225777.1	DDX39AP1	chr13	22704739	22706206	4	4	4
ENSG00000253094.1	SNORD36	chr13	22803145	22803224	4	4	4
ENSG00000237952.1	RPL7AP73	chr13	22803296	22803648	4	4	4
ENSG00000226507.1	IPMKP1	chr13	22837026	22837880	4	4	4
ENSG00000231650.1	RFESDP1	chr13	22850101	22850561	4	4	4
ENSG00000262619.2	LINC00621	chr13	22859050	22916369	4	4	4
ENSG00000230535.1	BASP1P1	chr13	22897341	22898005	4	4	4
ENSG00000234685.1	NUS1P2	chr13	22915651	22916523	4	4	4
ENSG00000262198.1	AL157931.1	chr13	22918591	22924602	4	4	4
ENSG00000283075.1	AL157931.2	chr13	22931537	22931999	4	4	4
ENSG00000233440.2	HMGA1P6	chr13	23134174	23134564	4	4	4
ENSG00000207157.1	RNY3P4	chr13	23152586	23152686	4	4	4
ENSG00000229483.2	LINC00362	chr13	23169835	23170597	4	4	4
ENSG00000102683.8	SGCG	chr13	23180979	23325162	4	4	4
ENSG00000252952.1	RNU6-58P	chr13	23217432	23217534	4	4	4
ENSG00000235205.1	TATDN2P3	chr13	23243520	23247184	4	4	4
ENSG00000236803.1	SDAD1P4	chr13	23267506	23269150	4	4	4
ENSG00000151835.16	SACS	chr13	23328826	23433740	4	4	4
ENSG00000232163.2	RPLP1P13	chr13	23373423	23374061	4	4	4
ENSG00000229558.2	SACS-AS1	chr13	23418971	23428869	4	4	4
ENSG00000232977.7	LINC00327	chr13	23465776	23487712	4	4	4
ENSG00000227893.1	LINC00352	chr13	23498796	23502874	4	4	4
ENSG00000127863.16	TNFRSF19	chr13	23570370	23676104	4	4	4
ENSG00000027001.10	MIPEP	chr13	23730189	23889400	4	4	4
ENSG00000232102.1	MTCO3P2	chr13	23765934	23766104	4	4	4
ENSG00000205861.13	PCOTH	chr13	23888842	23897263	4	4	4
ENSG00000205863.11	C1QTNF9B	chr13	23891099	23897502	4	4	4
ENSG00000196593.9	ANKRD20A19P	chr13	23939557	23946782	4	4	4
ENSG00000287530.1	AL445985.2	chr13	23954493	23970188	4	4	4
ENSG00000273167.1	AL359736.1	chr13	23979700	24321031	4	4	4
ENSG00000182957.16	SPATA13	chr13	23979805	24307074	4	4	4
ENSG00000228741.2	AL445985.1	chr13	23979810	24035027	4	4	4
ENSG00000225674.1	IPO7P2	chr13	24122065	24123814	4	4	4
ENSG00000252695.1	MIR2276	chr13	24162416	24162504	4	4	4
ENSG00000227213.1	SPATA13-AS1	chr13	24252749	24254439	4	4	4
ENSG00000240654.6	C1QTNF9	chr13	24307166	24322535	4	4	4
ENSG00000240868.1	C1QTNF9-AS1	chr13	24315725	24321598	4	4	4
ENSG00000277040.1	AL359736.2	chr13	24323021	24323457	4	4	4
ENSG00000234627.3	NUS1P3	chr13	24328211	24329072	4	4	4
ENSG00000261498.1	LINC00566	chr13	24331450	24337121	4	4	4
ENSG00000233545.1	CYCSP33	chr13	24400703	24401029	4	4	4
ENSG00000205822.10	TPTE2P6	chr13	24408157	24597676	4	4	4
ENSG00000102699.6	PARP4	chr13	24420931	24512778	4	4	4
ENSG00000288103.1	AL359538.4	chr13	24517794	24530461	4	4	4
ENSG00000287376.1	AL359538.3	chr13	24539139	24541720	4	4	4
ENSG00000244615.1	PSPC1P2	chr13	24566843	24570728	4	4	4
ENSG00000243008.2	AL359538.1	chr13	24566873	24597676	4	4	4
ENSG00000285228.1	AL359538.2	chr13	24611966	24613983	4	4	4
ENSG00000075673.12	ATP12A	chr13	24680408	24712472	4	4	4
ENSG00000207474.1	RNY1P7	chr13	24703556	24703665	4	4	4
ENSG00000225404.2	RPL26P34	chr13	24704338	24704788	4	4	4
ENSG00000285806.1	AL391560.1	chr13	24723101	24738690	4	4	4
ENSG00000231417.2	IRX1P1	chr13	24742677	24746184	4	4	4
ENSG00000287887.1	AL391560.2	chr13	24747658	24755201	4	4	4
ENSG00000226695.1	ANKRD20A10P	chr13	24750657	24752171	4	4	4
ENSG00000132972.19	RNF17	chr13	24764169	24879921	4	4	4
ENSG00000151849.15	CENPJ	chr13	24882279	24922889	4	4	4
ENSG00000253771.6	TPTE2P1	chr13	24924677	24968487	4	4	4
ENSG00000273628.1	AL354798.1	chr13	24933006	24936796	4	4	4
ENSG00000251299.1	SLC25A15P3	chr13	24943575	24944498	4	4	4
ENSG00000232858.1	RPL34P27	chr13	24988577	24988925	4	4	4
ENSG00000269099.2	LSP1P1	chr13	25017404	25017536	4	4	4
ENSG00000276958.1	AL590099.1	chr13	25017766	25017903	4	4	4
ENSG00000151846.8	PABPC3	chr13	25095868	25099254	4	4	4
ENSG00000279695.1	AL359757.2	chr13	25141536	25141809	4	4	4
ENSG00000165566.12	AMER2	chr13	25161684	25172288	4	4	4
ENSG00000238169.2	LINC01053	chr13	25168969	25190643	4	4	4
ENSG00000234056.2	LINC00463	chr13	25172828	25180079	4	4	4
ENSG00000279550.1	AL359757.1	chr13	25190063	25190317	4	4	4
ENSG00000225105.2	LINC01076	chr13	25193107	25210295	4	4	4
ENSG00000235315.2	RPL23AP69	chr13	25206049	25206506	4	4	4
ENSG00000139505.11	MTMR6	chr13	25246201	25288009	4	4	4
ENSG00000260509.2	AL590787.1	chr13	25300124	25301438	4	4	4
ENSG00000139496.16	NUP58	chr13	25301556	25349800	4	4	4
ENSG00000234152.1	ELOBP1	chr13	25365799	25366155	4	4	4
ENSG00000132932.17	ATP8A2	chr13	25371974	26025851	4	4	4
ENSG00000199767.1	RNU6-78P	chr13	25517119	25517225	4	4	4
ENSG00000180803.3	AL157366.1	chr13	25863250	25863667	4	4	4
ENSG00000242381.3	RN7SL741P	chr13	25944478	25944766	4	4	4
ENSG00000223158.1	RNY1P3	chr13	25950704	25950821	4	4	4
ENSG00000180730.5	SHISA2	chr13	26044597	26052016	4	4	4
ENSG00000231983.1	LINC00415	chr13	26052276	26053385	4	4	4
ENSG00000233963.2	ATP8A2P3	chr13	26094724	26154175	4	4	4
ENSG00000234706.1	PRUNEP1	chr13	26117548	26118964	4	4	4
ENSG00000127870.17	RNF6	chr13	26132115	26222314	4	4	4
ENSG00000277368.1	AL138966.2	chr13	26222191	26222654	4	4	4
ENSG00000271559.1	AL138966.1	chr13	26229332	26229644	4	4	4
ENSG00000227882.1	THAP12P6	chr13	26234213	26237129	4	4	4
ENSG00000132964.12	CDK8	chr13	26254104	26405238	4	4	4
ENSG00000278413.1	AL159159.1	chr13	26359529	26359702	4	4	4
ENSG00000285929.1	AL353789.1	chr13	26488952	26496120	4	4	4
ENSG00000132970.14	WASF3	chr13	26557683	26688948	4	4	4
ENSG00000234031.1	RPS3AP44	chr13	26576886	26577675	4	4	4
ENSG00000237001.7	WASF3-AS1	chr13	26606544	26641793	4	4	4
ENSG00000285935.1	AL159978.1	chr13	26685640	26698804	4	4	4
ENSG00000132975.8	GPR12	chr13	26755200	26760786	4	4	4
ENSG00000230256.1	FGFR1OP2P1	chr13	26905362	26905861	4	4	4
ENSG00000283579.1	AL160035.1	chr13	26965967	26991996	4	4	4
ENSG00000223782.1	RPS21P8	chr13	26977543	26977789	4	4	4
ENSG00000218198.3	RPS20P32	chr13	27017554	27017909	4	4	4
ENSG00000152484.14	USP12	chr13	27066156	27171811	4	4	4
ENSG00000278496.1	AL158062.1	chr13	27077218	27077962	4	4	4
ENSG00000232162.1	USP12-AS1	chr13	27162855	27169135	4	4	4
ENSG00000230641.1	USP12-AS2	chr13	27172259	27182998	4	4	4
ENSG00000275294.4	LINC02340	chr13	27178263	27251288	4	4	4
ENSG00000234772.2	LINC00412	chr13	27236282	27250711	4	4	4
ENSG00000122026.10	RPL21	chr13	27251309	27256691	4	4	4
ENSG00000207500.1	SNORD102	chr13	27255064	27255135	4	4	4
ENSG00000207051.1	SNORA27	chr13	27255401	27255526	4	4	4
ENSG00000122035.7	RASL11A	chr13	27270830	27275192	4	4	4
ENSG00000252247.2	RNU6-70P	chr13	27343687	27343746	4	4	4
ENSG00000229609.1	LINC01079	chr13	27373348	27374366	4	4	4
ENSG00000201242.1	RNY1P1	chr13	27402476	27402587	4	4	4
ENSG00000122034.17	GTF3A	chr13	27424619	27435823	4	4	4
ENSG00000122033.14	MTIF3	chr13	27435643	27450591	4	4	4
ENSG00000252499.1	RNU6-63P	chr13	27488138	27488232	4	4	4
ENSG00000139517.9	LNX2	chr13	27545913	27620529	4	4	4
ENSG00000186184.19	POLR1D	chr13	27620742	27744237	4	4	4
ENSG00000273552.2	AL136439.1	chr13	27667395	27680581	4	4	4
ENSG00000226703.1	NPM1P4	chr13	27696393	27697204	4	4	4
ENSG00000169840.5	GSX1	chr13	27792483	27794768	4	4	4
ENSG00000247381.3	PLUT	chr13	27819376	27917298	4	4	4
ENSG00000207330.1	RNU6-73P	chr13	27828763	27828869	4	4	4
ENSG00000139515.6	PDX1	chr13	27920000	27926313	4	4	4
ENSG00000180389.7	ATP5F1EP2	chr13	27945260	27945415	4	4	4
ENSG00000260704.1	LINC00543	chr13	27953526	27955370	4	4	4
ENSG00000165556.10	CDX2	chr13	27960918	27969315	4	4	4
ENSG00000183463.6	URAD	chr13	27977717	27988693	4	4	4
ENSG00000242360.3	RN7SL272P	chr13	27989296	27989584	4	4	4
ENSG00000122025.15	FLT3	chr13	28003274	28100592	4	4	4
ENSG00000271026.1	KATNBL1P1	chr13	28067587	28068334	4	4	4
ENSG00000235115.3	CHCHD2P8	chr13	28107431	28107877	4	4	4
ENSG00000261485.1	PAN3-AS1	chr13	28136843	28138193	4	4	4
ENSG00000152520.14	PAN3	chr13	28138506	28295335	4	4	4
ENSG00000232587.1	EEF1A1P3	chr13	28214513	28215897	4	4	4
ENSG00000200840.1	RNU6-82P	chr13	28232501	28232607	4	4	4
ENSG00000102755.12	FLT1	chr13	28300346	28495145	4	4	4
ENSG00000279393.1	AL139005.1	chr13	28495633	28497267	4	4	4
ENSG00000235472.1	EIF4A1P7	chr13	28598833	28600052	4	4	4
ENSG00000273964.1	Y_RNA	chr13	28629794	28629883	4	4	4
ENSG00000132963.8	POMP	chr13	28659104	28678959	4	4	4
ENSG00000139508.15	SLC46A3	chr13	28700064	28718970	4	4	4
ENSG00000202237.1	RNU6-53P	chr13	28703702	28703807	4	4	4
ENSG00000233588.1	CYP51A1P2	chr13	28722386	28724021	4	4	4
ENSG00000277227.1	AL359741.1	chr13	28778224	28778448	4	4	4
ENSG00000236339.1	POM121L13P	chr13	28778558	28778937	4	4	4
ENSG00000132938.21	MTUS2	chr13	28820348	29505947	4	4	4
ENSG00000236758.5	MTUS2-AS2	chr13	29239379	29250554	4	4	4
ENSG00000223460.1	GAPDHP69	chr13	29306778	29307785	4	4	4
ENSG00000270680.1	AL596092.1	chr13	29339566	29339869	4	4	4
ENSG00000179141.9	MTUS2-AS1	chr13	29476515	29490105	4	4	4
ENSG00000139514.13	SLC7A1	chr13	29509414	29595688	4	4	4
ENSG00000122042.10	UBL3	chr13	29764371	29850617	4	4	4
ENSG00000278172.1	Metazoa_SRP	chr13	29864372	29864629	4	4	4
ENSG00000236258.1	TIMM8BP1	chr13	29865959	29866169	4	4	4
ENSG00000224329.2	LINC00297	chr13	29872613	29888405	4	4	4
ENSG00000224405.1	LINC00572	chr13	29918647	29926651	4	4	4
ENSG00000122043.11	LINC00544	chr13	29935771	29950488	4	4	4
ENSG00000266505.1	AL354674.1	chr13	30022021	30023800	4	4	4
ENSG00000224511.2	LINC00365	chr13	30103178	30108895	4	4	4
ENSG00000232117.2	LINC00384	chr13	30151886	30159621	4	4	4
ENSG00000232643.2	LINC00385	chr13	30153744	30160592	4	4	4
ENSG00000279499.1	AL157770.1	chr13	30196443	30196881	4	4	4
ENSG00000102781.14	KATNAL1	chr13	30202630	30307551	4	4	4
ENSG00000252928.1	RNU6-64P	chr13	30281765	30281869	4	4	4
ENSG00000215049.3	PRDX2P1	chr13	30296147	30296735	4	4	4
ENSG00000236463.1	LINC00427	chr13	30316360	30319903	4	4	4
ENSG00000238121.6	LINC00426	chr13	30340267	30377145	4	4	4
ENSG00000279149.1	AL356750.1	chr13	30344672	30347167	4	4	4
ENSG00000285773.1	AL161893.1	chr13	30388785	30404967	4	4	4
ENSG00000225039.1	LINC01058	chr13	30419519	30422237	4	4	4
ENSG00000236444.5	UBE2L5	chr13	30422488	30429758	4	4	4
ENSG00000189403.15	HMGB1	chr13	30456704	30617597	4	4	4
ENSG00000285840.2	AL353648.1	chr13	30466117	30482312	4	4	4
ENSG00000213411.2	RBM22P2	chr13	30539597	30543461	4	4	4
ENSG00000232489.1	MFAP1P1	chr13	30541643	30542897	4	4	4
ENSG00000224117.1	PTPN2P2	chr13	30553670	30554693	4	4	4
ENSG00000132952.12	USPL1	chr13	30617693	30660770	4	4	4
ENSG00000275788.1	Metazoa_SRP	chr13	30684029	30684278	4	4	4
ENSG00000132965.10	ALOX5AP	chr13	30713478	30764426	4	4	4
ENSG00000237879.1	LINC00398	chr13	30803206	30810645	4	4	4
ENSG00000236094.2	LINC00545	chr13	30880912	30883395	4	4	4
ENSG00000224743.7	TEX26-AS1	chr13	30881933	30933846	4	4	4
ENSG00000102802.10	MEDAG	chr13	30906271	30925572	4	4	4
ENSG00000175664.10	TEX26	chr13	30932656	30975500	4	4	4
ENSG00000238185.1	AL353680.1	chr13	30973289	30977623	4	4	4
ENSG00000230403.1	LINC01066	chr13	30995162	30996138	4	4	4
ENSG00000286286.1	AL158065.1	chr13	31049715	31053250	4	4	4
ENSG00000231894.2	WDR95P	chr13	31063306	31115699	4	4	4
ENSG00000120694.20	HSPH1	chr13	31134973	31162388	4	4	4
ENSG00000187676.8	B3GLCT	chr13	31199975	31332276	4	4	4
ENSG00000229427.1	ANKRD26P4	chr13	31311289	31312921	4	4	4
ENSG00000278305.1	AL161616.2	chr13	31419989	31437999	4	4	4
ENSG00000277319.1	AL161616.1	chr13	31483414	31483699	4	4	4
ENSG00000133105.8	RXFP2	chr13	31739526	31803389	4	4	4
ENSG00000287904.1	AL138708.1	chr13	31838752	31846539	4	4	4
ENSG00000073910.22	FRY	chr13	31846713	32299125	4	4	4
ENSG00000229715.5	EEF1DP3	chr13	31952580	31953361	4	4	4
ENSG00000279314.1	AC002525.1	chr13	31960325	31961946	4	4	4
ENSG00000278732.1	Metazoa_SRP	chr13	31975167	31975448	4	4	4
ENSG00000237637.1	FRY-AS1	chr13	32025314	32031639	4	4	4
ENSG00000189167.12	ZAR1L	chr13	32303699	32315363	4	4	4
ENSG00000139618.16	BRCA2	chr13	32315086	32400268	4	4	4
ENSG00000215515.2	IFIT1P1	chr13	32384660	32386108	4	4	4
ENSG00000139597.18	N4BP2L1	chr13	32400723	32428311	4	4	4
ENSG00000212293.1	AL137247.1	chr13	32420390	32420516	4	4	4
ENSG00000270008.1	AL137247.2	chr13	32425358	32432954	4	4	4
ENSG00000244754.9	N4BP2L2	chr13	32432417	32538885	4	4	4
ENSG00000229800.1	ATP8A2P2	chr13	32477274	32478841	4	4	4
ENSG00000281026.1	N4BP2L2-IT2	chr13	32504506	32509395	4	4	4
ENSG00000083642.19	PDS5B	chr13	32586452	32778019	4	4	4
ENSG00000207325.1	RNY1P4	chr13	32763438	32763552	4	4	4
ENSG00000277151.1	AL138820.1	chr13	32782874	32788178	4	4	4
ENSG00000226968.1	LINC00423	chr13	32877431	32911650	4	4	4
ENSG00000227604.3	TOMM22P3	chr13	32954057	32954401	4	4	4
ENSG00000133116.8	KL	chr13	33016423	33066143	4	4	4
ENSG00000133121.21	STARD13	chr13	33103137	33350630	4	4	4
ENSG00000230300.1	STARD13-IT1	chr13	33158587	33164409	4	4	4
ENSG00000236581.9	STARD13-AS	chr13	33180401	33281584	4	4	4
ENSG00000287274.1	AL627232.1	chr13	33285866	33290561	4	4	4
ENSG00000227911.3	LINC02344	chr13	33333679	33335277	4	4	4
ENSG00000285621.1	AL138999.2	chr13	33335497	33349619	4	4	4
ENSG00000277386.1	AL138999.1	chr13	33336216	33336716	4	4	4
ENSG00000230490.3	AL139383.1	chr13	33355206	33676796	4	4	4
ENSG00000234535.1	AL161719.1	chr13	33610967	33611522	4	4	4
ENSG00000232986.1	AL139081.1	chr13	33657436	33659928	4	4	4
ENSG00000286779.1	AL139081.2	chr13	33800138	33802853	4	4	4
ENSG00000133119.13	RFC3	chr13	33818069	33966558	4	4	4
ENSG00000252397.1	RNU5A-4P	chr13	33829539	33829649	4	4	4
ENSG00000276672.1	AL161891.1	chr13	33846190	33850825	4	4	4
ENSG00000280431.1	AL160394.2	chr13	34079411	34080134	4	4	4
ENSG00000227254.1	VDAC1P12	chr13	34082429	34083310	4	4	4
ENSG00000199196.1	AL160394.1	chr13	34100711	34100838	4	4	4
ENSG00000278477.1	AL356321.1	chr13	34262863	34263090	4	4	4
ENSG00000271850.2	LINC02343	chr13	34347986	34616216	4	4	4
ENSG00000225179.2	LINC00457	chr13	34435450	34640803	4	4	4
ENSG00000271901.2	AL161716.1	chr13	34545929	34696612	4	4	4
ENSG00000231910.1	GAMTP2	chr13	34574204	34574666	4	4	4
ENSG00000273886.1	Metazoa_SRP	chr13	34910545	34910815	4	4	4
ENSG00000261728.1	AL138690.1	chr13	34925834	34928076	4	4	4
ENSG00000172915.18	NBEA	chr13	34942287	35673022	4	4	4
ENSG00000232795.1	SCAND3P1	chr13	35185294	35186679	4	4	4
ENSG00000234835.1	PHBP13	chr13	35251070	35251829	4	4	4
ENSG00000180660.8	MAB21L1	chr13	35473789	35476689	4	4	4
ENSG00000287650.1	AL390071.1	chr13	35494178	35496615	4	4	4
ENSG00000236036.2	LINC00445	chr13	35697487	35699938	4	4	4
ENSG00000133083.15	DCLK1	chr13	35768652	36131382	4	4	4
ENSG00000120669.16	SOHLH2	chr13	36168217	36214588	4	4	4
ENSG00000250709.1	CCDC169-SOHLH2	chr13	36168794	36297842	4	4	4
ENSG00000242715.8	CCDC169	chr13	36222008	36297840	4	4	4
ENSG00000207203.1	RNU6-71P	chr13	36267168	36267274	4	4	4
ENSG00000133104.14	SPART	chr13	36301638	36370180	4	4	4
ENSG00000120664.11	SPART-AS1	chr13	36346431	36369601	4	4	4
ENSG00000133101.10	CCNA1	chr13	36431520	36442870	4	4	4
ENSG00000223383.1	H2ACP1	chr13	36490078	36490441	4	4	4
ENSG00000180440.4	SERTM1	chr13	36674020	36697839	4	4	4
ENSG00000235306.2	GAPDHP34	chr13	36740041	36740863	4	4	4
ENSG00000223543.1	TCEAL4P1	chr13	36741878	36742465	4	4	4
ENSG00000215486.5	ARL2BPP3	chr13	36789332	36795050	4	4	4
ENSG00000271337.1	NDE1P2	chr13	36804198	36805302	4	4	4
ENSG00000133111.4	RFXAP	chr13	36819222	36829104	4	4	4
ENSG00000120693.14	SMAD9	chr13	36844831	36920765	4	4	4
ENSG00000236711.2	SMAD9-IT1	chr13	36849366	36850046	4	4	4
ENSG00000228825.1	LAMTOR3P1	chr13	36922539	36922908	4	4	4
ENSG00000232378.1	RPL29P28	chr13	36926438	36927219	4	4	4
ENSG00000226161.1	EIF4A1P5	chr13	36938400	36939494	4	4	4
ENSG00000120697.9	ALG5	chr13	36949738	37000261	4	4	4
ENSG00000120699.13	EXOSC8	chr13	36998816	37009614	4	4	4
ENSG00000102710.20	SUPT20H	chr13	37009312	37059713	4	4	4
ENSG00000180138.7	CSNK1A1L	chr13	37103259	37105664	4	4	4
ENSG00000274549.1	AL356274.1	chr13	37139176	37139585	4	4	4
ENSG00000279511.1	AL356274.2	chr13	37142967	37146718	4	4	4
ENSG00000202395.1	RN7SKP1	chr13	37166352	37166658	4	4	4
ENSG00000230283.1	RPS12P24	chr13	37220860	37221246	4	4	4
ENSG00000230390.1	LINC01048	chr13	37481467	37484769	4	4	4
ENSG00000275226.1	LINC00547	chr13	37534940	37551536	4	4	4
ENSG00000133110.15	POSTN	chr13	37562583	37598844	4	4	4
ENSG00000133107.15	TRPC4	chr13	37632063	37869802	4	4	4
ENSG00000199276.1	RNA5SP26	chr13	37854852	37854970	4	4	4
ENSG00000287477.1	AL356495.1	chr13	37869825	37874444	4	4	4
ENSG00000274317.2	LINC02334	chr13	37934298	38066444	4	4	4
ENSG00000228036.1	HSPD1P9	chr13	37993085	37994720	4	4	4
ENSG00000223685.6	LINC00571	chr13	38050817	38350259	4	4	4
ENSG00000120686.12	UFM1	chr13	38349849	38363619	4	4	4
ENSG00000279025.1	AL356863.1	chr13	38372856	38373935	4	4	4
ENSG00000236354.1	LINC00437	chr13	38533343	38545299	4	4	4
ENSG00000229437.2	LINC00366	chr13	38567715	38622671	4	4	4
ENSG00000234701.1	PRDX3P3	chr13	38617419	38617940	4	4	4
ENSG00000150893.11	FREM2	chr13	38687077	38887131	4	4	4
ENSG00000252795.1	RNU6-56P	chr13	38779424	38779516	4	4	4
ENSG00000225350.1	FREM2-AS1	chr13	38821798	38827570	4	4	4
ENSG00000225221.1	PLA2G12AP2	chr13	38902387	38902650	4	4	4
ENSG00000235550.1	ANKRD26P2	chr13	38922727	38936199	4	4	4
ENSG00000133115.12	STOML3	chr13	38965925	38990859	4	4	4
ENSG00000120685.20	PROSER1	chr13	39009865	39038089	4	4	4
ENSG00000188811.14	NHLRC3	chr13	39038306	39050109	4	4	4
ENSG00000273507.5	AL354809.1	chr13	39053019	39223238	4	4	4
ENSG00000214823.3	NXT1P1	chr13	39169636	39169951	4	4	4
ENSG00000183722.9	LHFPL6	chr13	39209116	39603528	4	4	4
ENSG00000133103.17	COG6	chr13	39655627	39791665	4	4	4
ENSG00000264171.1	MIR4305	chr13	39664034	39664135	4	4	4
ENSG00000200526.1	RNY4P14	chr13	39785415	39785510	4	4	4
ENSG00000224351.2	CDKN2AIPNLP3	chr13	39817741	39818049	4	4	4
ENSG00000270444.1	AZU1P1	chr13	39856710	39857094	4	4	4
ENSG00000212553.1	SNORD116	chr13	39857135	39857227	4	4	4
ENSG00000215483.11	LINC00598	chr13	40079106	40535807	4	4	4
ENSG00000230710.2	LINC00332	chr13	40172505	40195361	4	4	4
ENSG00000271429.1	RPL17P51	chr13	40224625	40224862	4	4	4
ENSG00000207458.1	RNY3P9	chr13	40226827	40226932	4	4	4
ENSG00000252812.1	RN7SKP2	chr13	40407122	40407440	4	4	4
ENSG00000288542.1	AL133318.1	chr13	40469955	40611127	4	4	4
ENSG00000150907.10	FOXO1	chr13	40555667	40666641	4	4	4
ENSG00000229456.1	RLIMP1	chr13	40618738	40621348	4	4	4
ENSG00000211491.2	MIR320D1	chr13	40727828	40727875	4	4	4
ENSG00000102738.8	MRPS31	chr13	40729128	40771190	4	4	4
ENSG00000277794.1	Metazoa_SRP	chr13	40730981	40731253	4	4	4
ENSG00000102743.15	SLC25A15	chr13	40789412	40812460	4	4	4
ENSG00000207652.1	MIR621	chr13	40810766	40810861	4	4	4
ENSG00000168852.13	TPTE2P5	chr13	40812309	40921749	4	4	4
ENSG00000176268.5	CYCSP34	chr13	40863599	40863902	4	4	4
ENSG00000287837.1	AL590064.1	chr13	40874685	40877861	4	4	4
ENSG00000239827.8	SUGT1P3	chr13	40882577	40921774	4	4	4
ENSG00000120690.16	ELF1	chr13	40931924	41061440	4	4	4
ENSG00000229473.2	RGS17P1	chr13	40992779	40993331	4	4	4
ENSG00000120688.9	WBP4	chr13	41061509	41084006	4	4	4
ENSG00000264226.1	MIR3168	chr13	41101019	41101100	4	4	4
ENSG00000244264.3	RN7SL597P	chr13	41121876	41122171	4	4	4
ENSG00000165572.8	KBTBD6	chr13	41127569	41132802	4	4	4
ENSG00000278390.5	AL354696.2	chr13	41132939	41236686	4	4	4
ENSG00000215482.3	CALM2P3	chr13	41170700	41171148	4	4	4
ENSG00000120696.9	KBTBD7	chr13	41189834	41194569	4	4	4
ENSG00000225133.1	MORF4L1P4	chr13	41199832	41200807	4	4	4
ENSG00000120662.16	MTRF1	chr13	41216369	41263577	4	4	4
ENSG00000277662.1	AL354696.1	chr13	41229180	41229676	4	4	4
ENSG00000231404.2	RAC1P3	chr13	41287741	41288320	4	4	4
ENSG00000172766.19	NAA16	chr13	41311267	41377030	4	4	4
ENSG00000223280.1	RNU6-57P	chr13	41354557	41354659	4	4	4
ENSG00000214222.2	TUBBP2	chr13	41384773	41385183	4	4	4
ENSG00000205240.4	OR7E36P	chr13	41431248	41432201	4	4	4
ENSG00000234655.3	OR7E155P	chr13	41439834	41440847	4	4	4
ENSG00000215480.4	OR7E37P	chr13	41442770	41443666	4	4	4
ENSG00000102760.13	RGCC	chr13	41457550	41470871	4	4	4
ENSG00000288600.1	AL354833.2	chr13	41488357	41506248	4	4	4
ENSG00000288598.1	AL354833.1	chr13	41517168	41590462	4	4	4
ENSG00000102763.18	VWA8	chr13	41566835	41961120	4	4	4
ENSG00000284584.1	MIR5006	chr13	41568286	41568395	4	4	4
ENSG00000241406.3	RN7SL515P	chr13	41807677	41807973	4	4	4
ENSG00000206962.1	RNU6-74P	chr13	41905118	41905224	4	4	4
ENSG00000229696.1	KARS1P1	chr13	41925598	41927349	4	4	4
ENSG00000278338.4	VWA8-AS1	chr13	41955808	41981565	4	4	4
ENSG00000226093.1	RPS28P8	chr13	42003430	42003637	4	4	4
ENSG00000102780.17	DGKH	chr13	42040036	42256578	4	4	4
ENSG00000231530.1	AL157932.1	chr13	42043727	42044247	4	4	4
ENSG00000237263.1	MAPK6P3	chr13	42068932	42071093	4	4	4
ENSG00000270809.1	CHCHD2P11	chr13	42181465	42181921	4	4	4
ENSG00000234213.1	FHP1	chr13	42255873	42256575	4	4	4
ENSG00000023516.9	AKAP11	chr13	42272152	42323261	4	4	4
ENSG00000283554.1	LINC02341	chr13	42339188	42485956	4	4	4
ENSG00000233259.4	FABP3P2	chr13	42369259	42369657	4	4	4
ENSG00000120659.15	TNFSF11	chr13	42562736	42608013	4	4	4
ENSG00000179813.7	FAM216B	chr13	42781550	42791549	4	4	4
ENSG00000271216.2	LINC01050	chr13	42810366	42814897	4	4	4
ENSG00000229546.1	LINC00428	chr13	42842414	42842887	4	4	4
ENSG00000133106.15	EPSTI1	chr13	42886388	42992271	4	4	4
ENSG00000238025.1	ZDHHC4P1	chr13	42933858	42934892	4	4	4
ENSG00000120675.6	DNAJC15	chr13	43023203	43114213	4	4	4
ENSG00000229928.1	LINC00400	chr13	43158631	43159466	4	4	4
ENSG00000276569.1	AL138709.1	chr13	43179501	43181193	4	4	4
ENSG00000120658.13	ENOX1	chr13	43213518	43786908	4	4	4
ENSG00000232540.1	RPL36P19	chr13	43394525	43394825	4	4	4
ENSG00000238189.2	ENOX1-AS2	chr13	43458465	43459484	4	4	4
ENSG00000233821.1	ENOX1-AS1	chr13	43543918	43548056	4	4	4
ENSG00000287842.1	AL161714.1	chr13	43607313	43629464	4	4	4
ENSG00000287029.1	AL162713.2	chr13	43786781	43814798	4	4	4
ENSG00000270522.1	AL162713.1	chr13	43787591	43787852	4	4	4
ENSG00000151773.13	CCDC122	chr13	43823909	43879740	4	4	4
ENSG00000274001.1	AL512506.1	chr13	43877715	43878163	4	4	4
ENSG00000179630.11	LACC1	chr13	43879284	43893932	4	4	4
ENSG00000281883.1	AL512506.3	chr13	43883800	44028526	4	4	4
ENSG00000280060.1	AL512506.2	chr13	43894725	43895182	4	4	4
ENSG00000233725.7	NRAD1	chr13	43908669	44030461	4	4	4
ENSG00000179611.3	DGKZP1	chr13	43968424	43971199	4	4	4
ENSG00000226519.2	LINC00390	chr13	44094822	44147762	4	4	4
ENSG00000227258.6	SMIM2-AS1	chr13	44110451	44240517	4	4	4
ENSG00000139656.7	SMIM2	chr13	44143150	44161257	4	4	4
ENSG00000235285.1	SMIM2-IT1	chr13	44146470	44158222	4	4	4
ENSG00000276854.1	AL589745.2	chr13	44196006	44197298	4	4	4
ENSG00000276319.1	MIR8079	chr13	44196129	44196200	4	4	4
ENSG00000230731.3	AL589745.1	chr13	44234118	44256596	4	4	4
ENSG00000277831.1	AL138960.1	chr13	44369365	44369877	4	4	4
ENSG00000151778.11	SERP2	chr13	44373665	44397714	4	4	4
ENSG00000237361.3	TUSC8	chr13	44400250	44405984	4	4	4
ENSG00000102804.15	TSC22D1	chr13	44432143	44577147	4	4	4
ENSG00000280357.1	AL138960.2	chr13	44432144	44432678	4	4	4
ENSG00000225727.3	AL139184.1	chr13	44437057	44464921	4	4	4
ENSG00000278156.2	TSC22D1-AS1	chr13	44575893	44580432	4	4	4
ENSG00000230793.1	SMARCE1P5	chr13	44594858	44596082	4	4	4
ENSG00000237585.1	LINC00407	chr13	44651812	44701016	4	4	4
ENSG00000276527.1	AL356515.1	chr13	44684487	44715393	4	4	4
ENSG00000235097.1	LINC00330	chr13	44799503	44809630	4	4	4
ENSG00000083635.8	NUFIP1	chr13	44939249	44989471	4	4	4
ENSG00000223732.2	AL359706.1	chr13	44982077	45083125	4	4	4
ENSG00000133114.18	GPALPP1	chr13	44989529	45037669	4	4	4
ENSG00000265802.2	RN7SL49P	chr13	45002150	45002447	4	4	4
ENSG00000223341.1	RN7SKP3	chr13	45060729	45061086	4	4	4
ENSG00000188342.12	GTF2F2	chr13	45120510	45284893	4	4	4
ENSG00000271818.1	RN7SKP4	chr13	45123093	45123414	4	4	4
ENSG00000277358.1	AL138693.1	chr13	45124015	45124143	4	4	4
ENSG00000180332.6	KCTD4	chr13	45192853	45194717	4	4	4
ENSG00000270381.1	AL138963.2	chr13	45263690	45263915	4	4	4
ENSG00000133112.17	TPT1	chr13	45333471	45341284	4	4	4
ENSG00000253051.1	SNORA31B	chr13	45336314	45336447	4	4	4
ENSG00000199477.1	SNORA31	chr13	45337480	45337609	4	4	4
ENSG00000273149.1	AL138963.3	chr13	45340039	45341183	4	4	4
ENSG00000170919.16	TPT1-AS1	chr13	45341345	45417975	4	4	4
ENSG00000228886.1	AL138963.1	chr13	45350323	45351350	4	4	4
ENSG00000214455.4	RCN1P2	chr13	45390353	45391267	4	4	4
ENSG00000174032.17	SLC25A30	chr13	45393316	45418455	4	4	4
ENSG00000251015.1	SLC25A30-AS1	chr13	45418162	45420371	4	4	4
ENSG00000229303.1	PPIAP25	chr13	45436121	45436660	4	4	4
ENSG00000136152.15	COG3	chr13	45464898	45536701	4	4	4
ENSG00000165837.12	ERICH6B	chr13	45534522	45615739	4	4	4
ENSG00000200709.1	RNA5SP27	chr13	45551485	45551603	4	4	4
ENSG00000232786.1	TIMM9P3	chr13	45552863	45553136	4	4	4
ENSG00000228869.1	COX4I1P2	chr13	45671845	45672391	4	4	4
ENSG00000235366.2	LINC01055	chr13	45680184	45701184	4	4	4
ENSG00000237876.1	AKR1B1P4	chr13	45687548	45688469	4	4	4
ENSG00000174015.10	CBY2	chr13	45702320	45714559	4	4	4
ENSG00000274357.1	Metazoa_SRP	chr13	45732082	45732356	4	4	4
ENSG00000215475.5	SIAH3	chr13	45777242	45851753	4	4	4
ENSG00000123200.17	ZC3H13	chr13	45954465	46052759	4	4	4
ENSG00000235903.9	CPB2-AS1	chr13	46052497	46161379	4	4	4
ENSG00000080618.17	CPB2	chr13	46053186	46105033	4	4	4
ENSG00000136167.15	LCP1	chr13	46125920	46211871	4	4	4
ENSG00000240767.3	RN7SL288P	chr13	46169458	46169748	4	4	4
ENSG00000173988.13	LRRC63	chr13	46211940	46277366	4	4	4
ENSG00000252854.1	RN7SKP5	chr13	46249942	46250213	4	4	4
ENSG00000251106.1	ABITRAMP1	chr13	46270077	46270617	4	4	4
ENSG00000287863.1	AL139801.1	chr13	46290300	46298110	4	4	4
ENSG00000261097.1	LINC00563	chr13	46296445	46297844	4	4	4
ENSG00000102445.20	RUBCNL	chr13	46334681	46438190	4	4	4
ENSG00000223336.1	RNU2-6P	chr13	46374401	46374590	4	4	4
ENSG00000252385.1	RNU6-68P	chr13	46410454	46410557	4	4	4
ENSG00000241353.3	PPP1R2P4	chr13	46437394	46437988	4	4	4
ENSG00000231817.9	LINC01198	chr13	46455131	46515958	4	4	4
ENSG00000285576.1	AL138686.2	chr13	46458061	46459324	4	4	4
ENSG00000227019.2	OR7E101P	chr13	46460609	46461121	4	4	4
ENSG00000277228.1	AL138686.1	chr13	46474246	46493268	4	4	4
ENSG00000205105.6	COX17P1	chr13	46490930	46491121	4	4	4
ENSG00000230243.1	FKBP1AP3	chr13	46505118	46505436	4	4	4
ENSG00000136141.15	LRCH1	chr13	46553168	46753040	4	4	4
ENSG00000278462.1	AL359880.1	chr13	46717423	46717688	4	4	4
ENSG00000139684.15	ESD	chr13	46771256	46797420	4	4	4
ENSG00000102468.11	HTR2A	chr13	46831546	46897076	4	4	4
ENSG00000224517.6	HTR2A-AS1	chr13	46852143	46856299	4	4	4
ENSG00000234590.1	GNG5P5	chr13	47307082	47307301	4	4	4
ENSG00000244521.3	RN7SL700P	chr13	47458941	47459234	4	4	4
ENSG00000136143.16	SUCLA2	chr13	47745736	48037968	4	4	4
ENSG00000234145.1	NAP1L4P3	chr13	47763460	47764606	4	4	4
ENSG00000229423.2	RPL27AP8	chr13	47766640	47767085	4	4	4
ENSG00000228573.1	AL138962.1	chr13	47825330	47835956	4	4	4
ENSG00000260388.2	LINC00562	chr13	47930153	47932622	4	4	4
ENSG00000287456.1	AL157369.1	chr13	47946053	47956830	4	4	4
ENSG00000227848.1	SUCLA2-AS1	chr13	48001389	48002552	4	4	4
ENSG00000136159.4	NUDT15	chr13	48037726	48047221	4	4	4
ENSG00000276968.1	AL158196.1	chr13	48041751	48042184	4	4	4
ENSG00000136146.15	MED4	chr13	48053323	48095131	4	4	4
ENSG00000229111.1	MED4-AS1	chr13	48077137	48079991	4	4	4
ENSG00000224510.2	POLR2KP2	chr13	48134358	48134534	4	4	4
ENSG00000136156.15	ITM2B	chr13	48232612	48270357	4	4	4
ENSG00000231473.3	RB1-DT	chr13	48296162	48303661	4	4	4
ENSG00000139687.16	RB1	chr13	48303744	48599436	4	4	4
ENSG00000238086.5	PPP1R26P1	chr13	48316863	48320475	4	4	4
ENSG00000177197.7	PCNPP5	chr13	48328084	48328564	4	4	4
ENSG00000277684.1	AL392048.1	chr13	48340797	48341330	4	4	4
ENSG00000139679.15	LPAR6	chr13	48389567	48444704	4	4	4
ENSG00000277233.1	Metazoa_SRP	chr13	48429269	48429554	4	4	4
ENSG00000136161.13	RCBTB2	chr13	48488963	48533256	4	4	4
ENSG00000287599.1	AL157813.2	chr13	48531800	48556358	4	4	4
ENSG00000274929.1	AL157813.1	chr13	48532013	48532599	4	4	4
ENSG00000233456.1	LINC01077	chr13	48570639	48573317	4	4	4
ENSG00000233610.1	LINC00462	chr13	48576974	48578088	4	4	4
ENSG00000152207.7	CYSLTR2	chr13	48653711	48711226	4	4	4
ENSG00000225131.2	PSME2P2	chr13	48771128	48771827	4	4	4
ENSG00000275202.1	AL161421.1	chr13	48974967	48976867	4	4	4
ENSG00000102531.16	FNDC3A	chr13	48975912	49209779	4	4	4
ENSG00000201662.1	RNU6-60P	chr13	48987915	48988017	4	4	4
ENSG00000223724.1	RAD17P2	chr13	49044079	49046794	4	4	4
ENSG00000199788.1	RNY3P2	chr13	49095391	49095492	4	4	4
ENSG00000235957.1	COX7CP1	chr13	49187479	49187670	4	4	4
ENSG00000231665.1	OGFOD1P1	chr13	49210422	49212294	4	4	4
ENSG00000102539.5	MLNR	chr13	49220338	49222377	4	4	4
ENSG00000274351.1	AL137000.1	chr13	49232874	49234399	4	4	4
ENSG00000102543.14	CDADC1	chr13	49247925	49293485	4	4	4
ENSG00000102547.19	CAB39L	chr13	49308650	49444064	4	4	4
ENSG00000136169.16	SETDB2	chr13	49444374	49495003	4	4	4
ENSG00000236577.1	SNRPGP14	chr13	49488970	49489364	4	4	4
ENSG00000136147.18	PHF11	chr13	49495610	49528981	4	4	4
ENSG00000136144.12	RCBTB1	chr13	49531946	49585558	4	4	4
ENSG00000176882.5	AL135901.1	chr13	49620314	49620646	4	4	4
ENSG00000152213.4	ARL11	chr13	49628507	49633872	4	4	4
ENSG00000123179.14	EBPL	chr13	49660674	49691486	4	4	4
ENSG00000102753.10	KPNA3	chr13	49699320	49792682	4	4	4
ENSG00000276436.1	AL136301.1	chr13	49792886	49793307	4	4	4
ENSG00000222148.1	RNY4P30	chr13	49889634	49889728	4	4	4
ENSG00000181358.3	CTAGE10P	chr13	49890591	49892998	4	4	4
ENSG00000200064.1	RNY4P9	chr13	49908634	49908730	4	4	4
ENSG00000123178.15	SPRYD7	chr13	49912702	49936490	4	4	4
ENSG00000231607.12	DLEU2	chr13	49956670	50125720	4	4	4
ENSG00000204977.10	TRIM13	chr13	49995888	50020481	4	4	4
ENSG00000264864.1	MIR3613	chr13	49996415	49996501	4	4	4
ENSG00000198553.9	KCNRG	chr13	50015254	50020922	4	4	4
ENSG00000277913.1	AL137060.9	chr13	50044649	50044768	4	4	4
ENSG00000277066.1	AL137060.7	chr13	50045143	50045232	4	4	4
ENSG00000208006.1	MIR16-1	chr13	50048973	50049061	4	4	4
ENSG00000283785.1	MIR15A	chr13	50049119	50049201	4	4	4
ENSG00000274878.1	AL137060.4	chr13	50049591	50049663	4	4	4
ENSG00000273612.1	AL137060.2	chr13	50068107	50068164	4	4	4
ENSG00000277752.1	AL137060.8	chr13	50075570	50075653	4	4	4
ENSG00000275559.1	AL137060.5	chr13	50081843	50081978	4	4	4
ENSG00000176124.15	DLEU1	chr13	50082169	50906856	4	4	4
ENSG00000276089.1	AL137060.6	chr13	50082295	50082484	4	4	4
ENSG00000214359.3	RPL18P10	chr13	50099331	50099868	4	4	4
ENSG00000273541.1	AL137060.1	chr13	50104833	50105174	4	4	4
ENSG00000274270.1	AL137060.3	chr13	50125816	50128463	4	4	4
ENSG00000232150.3	ST13P4	chr13	50172089	50173181	4	4	4
ENSG00000223676.1	RPL34P26	chr13	50361410	50361763	4	4	4
ENSG00000286191.1	AL158195.1	chr13	50372788	50387158	4	4	4
ENSG00000186047.10	DLEU7	chr13	50519364	50843939	4	4	4
ENSG00000200711.1	RNA5SP28	chr13	50812988	50813106	4	4	4
ENSG00000233672.9	RNASEH2B-AS1	chr13	50862172	50910764	4	4	4
ENSG00000136104.21	RNASEH2B	chr13	50909747	51024120	4	4	4
ENSG00000123201.14	GUCY1B2	chr13	50994511	51080862	4	4	4
ENSG00000222920.1	RNA5SP29	chr13	51027747	51027852	4	4	4
ENSG00000226792.7	C13orf42	chr13	51082119	51200252	4	4	4
ENSG00000214878.2	RPL5P31	chr13	51161723	51162357	4	4	4
ENSG00000274652.1	AL157817.1	chr13	51180178	51180967	4	4	4
ENSG00000271242.1	PRELID3BP2	chr13	51195881	51196081	4	4	4
ENSG00000150510.17	FAM124A	chr13	51222334	51284239	4	4	4
ENSG00000253309.6	SERPINE3	chr13	51335773	51364735	4	4	4
ENSG00000266072.1	MIR5693	chr13	51348567	51348639	4	4	4
ENSG00000102786.15	INTS6	chr13	51354077	51454264	4	4	4
ENSG00000236778.8	INTS6-AS1	chr13	51452364	51554678	4	4	4
ENSG00000224892.6	RPS4XP16	chr13	51454164	51461315	4	4	4
ENSG00000243900.3	RN7SL320P	chr13	51469753	51470047	4	4	4
ENSG00000229906.1	SNRPGP11	chr13	51496020	51496251	4	4	4
ENSG00000266611.1	MIR4703	chr13	51552589	51552667	4	4	4
ENSG00000252141.1	RNU6-65P	chr13	51565412	51565509	4	4	4
ENSG00000139668.9	WDFY2	chr13	51584455	51767709	4	4	4
ENSG00000206920.1	RNY1P6	chr13	51586424	51586532	4	4	4
ENSG00000242893.3	RN7SL413P	chr13	51593919	51594215	4	4	4
ENSG00000224451.2	ATP5PBP1	chr13	51598416	51599460	4	4	4
ENSG00000285444.1	AL162377.3	chr13	51763951	51845159	4	4	4
ENSG00000102796.11	DHRS12	chr13	51767993	51804162	4	4	4
ENSG00000231856.2	AL162377.1	chr13	51803838	51813832	4	4	4
ENSG00000281106.4	TMEM272	chr13	51813347	51845177	4	4	4
ENSG00000123171.7	CCDC70	chr13	51861981	51866232	4	4	4
ENSG00000232872.2	CTAGE3P	chr13	51908218	51910621	4	4	4
ENSG00000279677.1	AL162377.2	chr13	51921251	51921587	4	4	4
ENSG00000123191.16	ATP7B	chr13	51930436	52012125	4	4	4
ENSG00000236044.1	FABP5P2	chr13	51966742	51967149	4	4	4
ENSG00000253710.4	ALG11	chr13	52012398	52033600	4	4	4
ENSG00000253797.2	UTP14C	chr13	52024691	52033600	4	4	4
ENSG00000197168.13	NEK5	chr13	52033611	52129092	4	4	4
ENSG00000273523.1	AL139082.1	chr13	52128891	52132723	4	4	4
ENSG00000136098.17	NEK3	chr13	52132639	52159861	4	4	4
ENSG00000243406.6	MRPS31P5	chr13	52167709	52194465	4	4	4
ENSG00000217576.7	AL158066.1	chr13	52167709	52291557	4	4	4
ENSG00000285160.1	THSD1P1	chr13	52167954	52168321	4	4	4
ENSG00000285323.1	AL158066.2	chr13	52169987	52171248	4	4	4
ENSG00000272281.6	TPTE2P2	chr13	52219344	52334277	4	4	4
ENSG00000271564.2	LINC02333	chr13	52334295	52341896	4	4	4
ENSG00000136114.17	THSD1	chr13	52377167	52416373	4	4	4
ENSG00000199605.1	RNY4P24	chr13	52400004	52400099	4	4	4
ENSG00000136100.14	VPS36	chr13	52412602	52450634	4	4	4
ENSG00000278238.1	AL359513.1	chr13	52454775	52455331	4	4	4
ENSG00000136108.15	CKAP2	chr13	52455429	52476628	4	4	4
ENSG00000235660.2	LINC00345	chr13	52482804	52489216	4	4	4
ENSG00000244471.6	AL137058.1	chr13	52488993	52587095	4	4	4
ENSG00000280296.1	AL137058.3	chr13	52497097	52500195	4	4	4
ENSG00000273784.4	AL137058.2	chr13	52600042	52642542	4	4	4
ENSG00000250299.6	MRPS31P4	chr13	52600119	52637446	4	4	4
ENSG00000139675.12	HNRNPA1L2	chr13	52642425	52643796	4	4	4
ENSG00000273723.1	SUGT1-DT	chr13	52651305	52652279	4	4	4
ENSG00000165416.15	SUGT1	chr13	52652709	52700909	4	4	4
ENSG00000136110.13	CNMD	chr13	52703264	52739820	4	4	4
ENSG00000211579.2	MIR759	chr13	52810050	52810140	4	4	4
ENSG00000150276.8	PPIAP26	chr13	52820497	52821018	4	4	4
ENSG00000136099.13	PCDH8	chr13	52842889	52848641	4	4	4
ENSG00000102837.7	OLFM4	chr13	53028813	53052057	4	4	4
ENSG00000237092.2	LINC01065	chr13	53099397	53151914	4	4	4
ENSG00000279325.1	AL136359.1	chr13	53193667	53198540	4	4	4
ENSG00000225510.2	PCDH8P1	chr13	53199981	53202753	4	4	4
ENSG00000287722.1	AL356295.1	chr13	53207831	53801489	4	4	4
ENSG00000241613.3	RN7SL618P	chr13	53258077	53258372	4	4	4
ENSG00000287247.1	AL450423.2	chr13	53323784	53331065	4	4	4
ENSG00000273919.1	AL450423.1	chr13	53345211	53410880	4	4	4
ENSG00000274316.1	ZNF646P1	chr13	53408882	53409876	4	4	4
ENSG00000261517.2	LINC00558	chr13	53815419	53939960	4	4	4
ENSG00000234787.8	LINC00458	chr13	54115783	54142319	4	4	4
ENSG00000271652.1	AL356052.1	chr13	54116476	54116851	4	4	4
ENSG00000283126.1	MIR1297	chr13	54311972	54312048	4	4	4
ENSG00000136149.6	RPL13AP25	chr13	54440704	54441315	4	4	4
ENSG00000287460.1	AL442636.1	chr13	54572354	54687547	4	4	4
ENSG00000286537.1	AL512655.1	chr13	54816352	54819238	4	4	4
ENSG00000277047.5	AL390964.1	chr13	54938604	54986720	4	4	4
ENSG00000278630.1	LINC02335	chr13	55062945	55161490	4	4	4
ENSG00000275071.1	AL139038.1	chr13	55128285	55128444	4	4	4
ENSG00000264387.1	MIR5007	chr13	55174454	55174548	4	4	4
ENSG00000274090.1	AL354821.1	chr13	55535697	55583524	4	4	4
ENSG00000228611.2	HNF4GP1	chr13	55999200	56000448	4	4	4
ENSG00000286709.1	AL138997.1	chr13	56051034	56054397	4	4	4
ENSG00000228319.1	SPATA2P1	chr13	56214373	56216942	4	4	4
ENSG00000201665.1	RN7SKP6	chr13	56885284	56885602	4	4	4
ENSG00000204919.1	PRR20A	chr13	57140918	57143939	4	4	4
ENSG00000229665.8	PRR20C	chr13	57140918	57157082	4	4	4
ENSG00000204918.3	PRR20B	chr13	57147488	57150509	4	4	4
ENSG00000227151.4	PRR20D	chr13	57160632	57163653	4	4	4
ENSG00000234278.3	PRR20E	chr13	57167197	57170218	4	4	4
ENSG00000271140.1	PRR20FP	chr13	57173453	57173632	4	4	4
ENSG00000230009.1	MTCO2P3	chr13	57204379	57204799	4	4	4
ENSG00000234421.2	SLC25A5P4	chr13	57314739	57315909	4	4	4
ENSG00000225352.1	RPL31P53	chr13	57391171	57391518	4	4	4
ENSG00000118946.12	PCDH17	chr13	57631744	57729311	4	4	4
ENSG00000278722.1	AL445288.1	chr13	57632759	57633575	4	4	4
ENSG00000202422.1	RNA5SP30	chr13	57991350	57991464	4	4	4
ENSG00000277448.1	LINC02338	chr13	58165827	58209483	4	4	4
ENSG00000232954.2	LINC00374	chr13	58211697	58233117	4	4	4
ENSG00000276208.1	AL161423.1	chr13	58377513	58377774	4	4	4
ENSG00000222733.1	RNY4P29	chr13	58527655	58527751	4	4	4
ENSG00000214335.3	CTAGE16P	chr13	58528615	58531026	4	4	4
ENSG00000223717.1	DNAJA1P1	chr13	58751047	58752233	4	4	4
ENSG00000214281.3	HMGN2P39	chr13	59010332	59010604	4	4	4
ENSG00000232647.1	POLR3KP1	chr13	59071462	59071803	4	4	4
ENSG00000288015.1	AL159156.1	chr13	59121879	59230636	4	4	4
ENSG00000271190.1	RPP40P2	chr13	59262680	59263391	4	4	4
ENSG00000239003.1	RNU7-88P	chr13	59480070	59480132	4	4	4
ENSG00000139734.19	DIAPH3	chr13	59665583	60163928	4	4	4
ENSG00000227528.6	DIAPH3-AS1	chr13	60012734	60044357	4	4	4
ENSG00000265745.2	RN7SL375P	chr13	60034465	60034762	4	4	4
ENSG00000223815.2	DIAPH3-AS2	chr13	60144648	60153678	4	4	4
ENSG00000202151.1	RNY4P28	chr13	60187738	60187830	4	4	4
ENSG00000227336.1	LINC00434	chr13	60214352	60214946	4	4	4
ENSG00000238213.1	TARDBPP2	chr13	60274776	60276006	4	4	4
ENSG00000277549.1	AL359920.1	chr13	60322591	60322766	4	4	4
ENSG00000083544.16	TDRD3	chr13	60396457	60573878	4	4	4
ENSG00000223076.1	RNA5SP31	chr13	60613608	60613734	4	4	4
ENSG00000225249.6	LINC00378	chr13	60618991	61176758	4	4	4
ENSG00000236608.1	EIF4A1P6	chr13	60636888	60638097	4	4	4
ENSG00000279657.1	AL161901.1	chr13	60730176	60733600	4	4	4
ENSG00000206854.1	RNY3P5	chr13	60789560	60789661	4	4	4
ENSG00000227510.4	LINC01442	chr13	60916981	60945955	4	4	4
ENSG00000266663.1	MIR3169	chr13	61199798	61199880	4	4	4
ENSG00000280165.1	PCDH20	chr13	61409685	61415522	4	4	4
ENSG00000197991.11	AL592490.1	chr13	61409858	61427849	4	4	4
ENSG00000279797.1	LINC02339	chr13	61424689	61427946	4	4	4
ENSG00000234033.1	RAC1P8	chr13	61805150	61805676	4	4	4
ENSG00000270856.1	AL353765.1	chr13	61927090	61927272	4	4	4
ENSG00000229578.3	LINC00358	chr13	61997136	62029572	4	4	4
ENSG00000230142.2	LINC01075	chr13	62212577	62249947	4	4	4
ENSG00000227611.1	LINC01074	chr13	62321305	62322398	4	4	4
ENSG00000229307.1	LINC00459	chr13	62323657	62328833	4	4	4
ENSG00000232105.1	RPL32P28	chr13	62327988	62328384	4	4	4
ENSG00000276586.1	AL356102.1	chr13	62397645	62397916	4	4	4
ENSG00000271465.1	SQSTM1P1	chr13	62406058	62406916	4	4	4
ENSG00000286469.1	AL445668.1	chr13	62539351	62574905	4	4	4
ENSG00000228669.2	LINC00448	chr13	62672285	62796714	4	4	4
ENSG00000273550.2	AL354810.1	chr13	63034668	63097797	4	4	4
ENSG00000227564.3	LINC00376	chr13	63183096	63328129	4	4	4
ENSG00000287996.1	AL359208.1	chr13	63397011	63513393	4	4	4
ENSG00000231061.1	LINC00395	chr13	63667681	63738018	4	4	4
ENSG00000274052.2	OR7E156P	chr13	63737511	63742804	4	4	4
ENSG00000285764.1	AL445989.2	chr13	63738111	63751083	4	4	4
ENSG00000237378.3	AL445989.1	chr13	63746741	63751080	4	4	4
ENSG00000202478.1	RNU6-81P	chr13	63783801	63783904	4	4	4
ENSG00000213232.2	PPP1R2P10	chr13	63811014	63811608	4	4	4
ENSG00000287128.1	AL445238.2	chr13	63814653	63825534	4	4	4
ENSG00000219926.11	OR7E104P	chr13	63828840	63844125	4	4	4
ENSG00000285566.1	AL445238.1	chr13	63832361	63833531	4	4	4
ENSG00000227674.3	LINC00355	chr13	63851197	64076044	4	4	4
ENSG00000237849.1	NFYAP1	chr13	63975451	63976422	4	4	4
ENSG00000214269.3	LGMNP1	chr13	64958097	64959396	4	4	4
ENSG00000214266.2	STARP1	chr13	65309855	65310953	4	4	4
ENSG00000236565.3	HNRNPA3P5	chr13	65787932	65788764	4	4	4
ENSG00000234767.2	LINC01052	chr13	65866070	65922731	4	4	4
ENSG00000286395.1	AL158038.1	chr13	65941073	65973699	4	4	4
ENSG00000263581.1	MIR548X2	chr13	65966330	65966429	4	4	4
ENSG00000263561.1	MIR4704	chr13	66218250	66218324	4	4	4
ENSG00000235737.1	TRIM60P19	chr13	66268997	66270458	4	4	4
ENSG00000184226.15	PCDH9	chr13	66302834	67230445	4	4	4
ENSG00000234527.1	PCDH9-AS1	chr13	66303871	66323561	4	4	4
ENSG00000238500.1	RNU7-87P	chr13	66630715	66630776	4	4	4
ENSG00000228842.3	PCDH9-AS2	chr13	66825169	66915031	4	4	4
ENSG00000225263.1	PCDH9-AS3	chr13	66977432	66985776	4	4	4
ENSG00000233840.1	PCDH9-AS4	chr13	66990886	67002007	4	4	4
ENSG00000285588.1	AL160254.1	chr13	67121081	67156624	4	4	4
ENSG00000214263.2	RPSAP53	chr13	67266845	67267706	4	4	4
ENSG00000230040.2	LINC00364	chr13	67326177	67379994	4	4	4
ENSG00000287876.1	AL512452.1	chr13	67577624	67787804	4	4	4
ENSG00000271287.1	BCRP9	chr13	67790407	67790794	4	4	4
ENSG00000227969.1	NPM1P22	chr13	67831876	67832827	4	4	4
ENSG00000231667.2	OR7E111P	chr13	67902208	67903221	4	4	4
ENSG00000226537.2	OR7E33P	chr13	67910986	67911951	4	4	4
ENSG00000286820.1	AL590027.1	chr13	68025839	68037131	4	4	4
ENSG00000234765.1	ELL2P3	chr13	68289679	68291280	4	4	4
ENSG00000229910.1	HNRNPA1P18	chr13	68301605	68303302	4	4	4
ENSG00000236433.1	RPL37P21	chr13	68331338	68331613	4	4	4
ENSG00000230405.1	RPS3AP52	chr13	68634190	68634486	4	4	4
ENSG00000229824.1	RPL12P34	chr13	68654572	68655050	4	4	4
ENSG00000243671.3	RN7SL761P	chr13	68693804	68694081	4	4	4
ENSG00000281778.1	LINC00550	chr13	68861284	68885325	4	4	4
ENSG00000280580.1	LINC02342	chr13	68878380	68893573	4	4	4
ENSG00000232380.1	ZDHHC20P4	chr13	68985058	68986064	4	4	4
ENSG00000225501.1	SNRPFP3	chr13	69101832	69102056	4	4	4
ENSG00000235221.3	LINC00383	chr13	69221866	69322190	4	4	4
ENSG00000224640.1	SRSF1P1	chr13	69408216	69408735	4	4	4
ENSG00000150361.12	KLHL1	chr13	69700594	70108493	4	4	4
ENSG00000207495.1	RNY3P10	chr13	69802940	69803041	4	4	4
ENSG00000232314.1	PSMC1P13	chr13	69894101	69895085	4	4	4
ENSG00000230223.8	ATXN8OS	chr13	70107213	70171738	4	4	4
ENSG00000288330.1	AL160391.1	chr13	70137831	70139431	4	4	4
ENSG00000202433.1	RNU6-54P	chr13	70459464	70459570	4	4	4
ENSG00000276841.1	AL445264.1	chr13	70564267	70564437	4	4	4
ENSG00000226554.1	MTCL1P1	chr13	70923664	70924455	4	4	4
ENSG00000226846.2	LINC00348	chr13	71015042	71168417	4	4	4
ENSG00000225801.1	RABEPKP1	chr13	71296210	71297235	4	4	4
ENSG00000276644.5	DACH1	chr13	71437966	71867204	4	4	4
ENSG00000236534.1	H3P36	chr13	71675067	71675469	4	4	4
ENSG00000237816.1	RPL21P109	chr13	71704181	71704655	4	4	4
ENSG00000233460.1	RPL35AP31	chr13	71845981	71846317	4	4	4
ENSG00000232881.2	RPS10P21	chr13	71913704	71914178	4	4	4
ENSG00000212377.1	AL139003.1	chr13	72453902	72453967	4	4	4
ENSG00000227952.2	RPL18AP17	chr13	72460132	72460329	4	4	4
ENSG00000251715.1	AL139003.2	chr13	72460519	72460601	4	4	4
ENSG00000278113.1	AL356754.2	chr13	72567213	72567380	4	4	4
ENSG00000199282.1	AL356754.1	chr13	72586680	72586810	4	4	4
ENSG00000226617.1	RPL21P110	chr13	72703693	72704138	4	4	4
ENSG00000206922.1	RNU6-80P	chr13	72706017	72706123	4	4	4
ENSG00000204899.6	MZT1	chr13	72708367	72727629	4	4	4
ENSG00000136122.18	BORA	chr13	72727749	72756198	4	4	4
ENSG00000083520.15	DIS3	chr13	72752169	72782096	4	4	4
ENSG00000083535.16	PIBF1	chr13	72782133	73016461	4	4	4
ENSG00000199381.1	RNU6-79P	chr13	72881108	72881214	4	4	4
ENSG00000232041.1	PSMD10P3	chr13	73036401	73036848	4	4	4
ENSG00000102554.14	KLF5	chr13	73054976	73077541	4	4	4
ENSG00000236972.2	FABP5P1	chr13	73100575	73100985	4	4	4
ENSG00000200267.1	RNU6-66P	chr13	73112915	73113018	4	4	4
ENSG00000201253.1	RNU4-10P	chr13	73191528	73191667	4	4	4
ENSG00000206697.1	RNY1P8	chr13	73227147	73227260	4	4	4
ENSG00000279754.1	AL162376.1	chr13	73399031	73399205	4	4	4
ENSG00000229708.1	MARK2P12	chr13	73407768	73408352	4	4	4
ENSG00000224853.3	LINC00393	chr13	73413473	73661891	4	4	4
ENSG00000228295.2	LINC00392	chr13	73564244	73588070	4	4	4
ENSG00000118922.17	KLF12	chr13	73686089	73995056	4	4	4
ENSG00000280348.1	AL138713.1	chr13	73800074	73802203	4	4	4
ENSG00000279463.1	AL159972.1	chr13	73844683	73845130	4	4	4
ENSG00000235532.1	LINC00402	chr13	74231457	74259976	4	4	4
ENSG00000286330.1	AL353660.1	chr13	74288070	74408810	4	4	4
ENSG00000206617.1	RNY1P5	chr13	74289100	74289214	4	4	4
ENSG00000232701.1	RPL21P108	chr13	74377163	74377951	4	4	4
ENSG00000177596.1	AL355390.1	chr13	74412957	74419115	4	4	4
ENSG00000226240.2	LINC00381	chr13	74419158	74444735	4	4	4
ENSG00000281167.1	AL355390.2	chr13	74434538	74555515	4	4	4
ENSG00000236678.8	LINC00347	chr13	74552503	74565445	4	4	4
ENSG00000225944.1	RIOK3P1	chr13	74828553	74830080	4	4	4
ENSG00000206812.1	RNU6-38P	chr13	75109587	75109693	4	4	4
ENSG00000226665.1	SSR1P2	chr13	75136154	75136940	4	4	4
ENSG00000214249.3	CTAGE11P	chr13	75237944	75240296	4	4	4
ENSG00000223880.1	LINC01078	chr13	75250480	75252012	4	4	4
ENSG00000136111.14	TBC1D4	chr13	75283503	75482169	4	4	4
ENSG00000225203.2	AL139230.1	chr13	75375511	75377294	4	4	4
ENSG00000188243.13	COMMD6	chr13	75525219	75549439	4	4	4
ENSG00000118939.18	UCHL3	chr13	75549480	75606020	4	4	4
ENSG00000261553.5	AL137782.1	chr13	75549773	75807120	4	4	4
ENSG00000261105.6	LMO7-AS1	chr13	75604700	75635994	4	4	4
ENSG00000136153.20	LMO7	chr13	75620434	75859870	4	4	4
ENSG00000228444.2	AL137244.1	chr13	75631271	75632135	4	4	4
ENSG00000230902.1	FAM204CP	chr13	75688556	75689197	4	4	4
ENSG00000178734.5	LMO7DN	chr13	75871038	75883811	4	4	4
ENSG00000223458.2	LMO7DN-IT1	chr13	75876886	75881127	4	4	4
ENSG00000261206.1	LINC00561	chr13	75932395	75935132	4	4	4
ENSG00000224933.2	LINC01034	chr13	76013023	76014501	4	4	4
ENSG00000243274.3	RN7SL571P	chr13	76134931	76135225	4	4	4
ENSG00000285572.2	AL136441.1	chr13	76552807	76846524	4	4	4
ENSG00000287018.1	AL161717.1	chr13	76664144	76693051	4	4	4
ENSG00000284809.1	AL365394.1	chr13	76833839	76846594	4	4	4
ENSG00000178695.6	KCTD12	chr13	76880175	76886405	4	4	4
ENSG00000278727.1	AC000403.1	chr13	76887551	76891135	4	4	4
ENSG00000118903.6	BTF3P11	chr13	76928066	76928836	4	4	4
ENSG00000102794.10	ACOD1	chr13	76948511	76958638	4	4	4
ENSG00000233873.1	RPL7P44	chr13	76981175	76981916	4	4	4
ENSG00000228002.2	DHX9P1	chr13	76984868	76987943	4	4	4
ENSG00000102805.16	CLN5	chr13	76990660	77019143	4	4	4
ENSG00000283208.2	AC001226.2	chr13	76992078	77129589	4	4	4
ENSG00000005812.11	FBXL3	chr13	76992598	77027195	4	4	4
ENSG00000236051.7	MYCBP2-AS1	chr13	77026767	77129717	4	4	4
ENSG00000274898.1	AC001226.1	chr13	77027944	77028482	4	4	4
ENSG00000005810.18	MYCBP2	chr13	77044657	77327094	4	4	4
ENSG00000229521.2	MYCBP2-AS2	chr13	77080511	77081190	4	4	4
ENSG00000285714.1	AL159158.1	chr13	77417821	77422847	4	4	4
ENSG00000136155.17	SCEL	chr13	77535674	77645263	4	4	4
ENSG00000287270.1	AL137140.1	chr13	77569175	77586812	4	4	4
ENSG00000224347.6	SCEL-AS1	chr13	77599755	77606551	4	4	4
ENSG00000206800.1	RNY3P7	chr13	77623372	77623472	4	4	4
ENSG00000227922.1	SPTLC1P5	chr13	77659413	77659664	4	4	4
ENSG00000285746.1	AL450447.1	chr13	77661376	77662626	4	4	4
ENSG00000139737.22	SLAIN1	chr13	77697687	77764242	4	4	4
ENSG00000266325.1	MIR3665	chr13	77698012	77698116	4	4	4
ENSG00000225579.2	EDNRB-AS1	chr13	77779723	77844145	4	4	4
ENSG00000136160.17	EDNRB	chr13	77895481	77975529	4	4	4
ENSG00000234377.7	OBI1-AS1	chr13	77919689	78617328	4	4	4
ENSG00000233379.2	AL139002.1	chr13	77939016	77975539	4	4	4
ENSG00000243035.3	RN7SL810P	chr13	77947497	77947772	4	4	4
ENSG00000236133.2	LINC01069	chr13	77979817	77997881	4	4	4
ENSG00000229249.7	LINC00446	chr13	77997909	78053604	4	4	4
ENSG00000235625.1	AL138957.1	chr13	78275720	78277514	4	4	4
ENSG00000271386.1	SRGNP1	chr13	78285838	78286288	4	4	4
ENSG00000200686.1	RNY3P3	chr13	78355227	78355328	4	4	4
ENSG00000229865.1	RPL31P54	chr13	78422823	78423192	4	4	4
ENSG00000224686.1	ELOCP23	chr13	78488182	78488513	4	4	4
ENSG00000271776.1	AL445209.1	chr13	78596129	78599619	4	4	4
ENSG00000152192.8	POU4F1	chr13	78598362	78603552	4	4	4
ENSG00000152193.8	OBI1	chr13	78614289	78659155	4	4	4
ENSG00000237109.1	RPL21P111	chr13	78761175	78761651	4	4	4
ENSG00000225427.2	LINC00331	chr13	78786272	78840051	4	4	4
ENSG00000215357.2	HSPD1P8	chr13	78849231	78851208	4	4	4
ENSG00000230584.1	CCT5P2	chr13	78908919	78910542	4	4	4
ENSG00000236277.1	NIPA2P5	chr13	79090783	79094119	4	4	4
ENSG00000226670.1	BCAS2P3	chr13	79166119	79166885	4	4	4
ENSG00000139746.16	RBM26	chr13	79311824	79406477	4	4	4
ENSG00000252496.1	RNA5SP33	chr13	79389534	79389631	4	4	4
ENSG00000227354.7	RBM26-AS1	chr13	79406293	79427317	4	4	4
ENSG00000232132.1	NDFIP2-AS1	chr13	79477364	79481231	4	4	4
ENSG00000102471.14	NDFIP2	chr13	79481124	79556075	4	4	4
ENSG00000227676.4	LINC01068	chr13	79566678	79571445	4	4	4
ENSG00000285902.1	AL136442.1	chr13	79637433	79667344	4	4	4
ENSG00000229011.1	LINC01038	chr13	79804418	79805685	4	4	4
ENSG00000229175.2	LINC00382	chr13	79872586	79918042	4	4	4
ENSG00000284196.3	AL158064.1	chr13	79941531	80074640	4	4	4
ENSG00000281721.1	LINC01080	chr13	80011077	80028283	4	4	4
ENSG00000285684.1	AL137781.1	chr13	80115733	80134368	4	4	4
ENSG00000136158.12	SPRY2	chr13	80335976	80341126	4	4	4
ENSG00000202398.1	RNU6-61P	chr13	80369426	80369534	4	4	4
ENSG00000227862.1	HNRNPA1P31	chr13	80619098	80620067	4	4	4
ENSG00000226683.2	PWWP2AP1	chr13	80654755	80657027	4	4	4
ENSG00000286746.1	AL590807.1	chr13	80697177	81017737	4	4	4
ENSG00000231222.1	ARF4P4	chr13	80888348	80888867	4	4	4
ENSG00000229246.2	LINC00377	chr13	81018176	81044691	4	4	4
ENSG00000270415.1	DPPA3P3	chr13	81114866	81115295	4	4	4
ENSG00000260094.1	LINC00564	chr13	81225865	81226983	4	4	4
ENSG00000229309.2	AL353633.1	chr13	81250438	81302407	4	4	4
ENSG00000222486.1	RNU6-77P	chr13	81265747	81265837	4	4	4
ENSG00000237148.1	HIGD1AP2	chr13	81272891	81273170	4	4	4
ENSG00000214182.5	PTMAP5	chr13	81689911	81691072	4	4	4
ENSG00000286385.1	AL445255.1	chr13	82778208	83102335	4	4	4
ENSG00000237099.1	GYG1P2	chr13	82823131	82824136	4	4	4
ENSG00000270400.1	AL512782.1	chr13	83145540	83145903	4	4	4
ENSG00000222791.1	RNU6-67P	chr13	83298071	83298167	4	4	4
ENSG00000286446.1	AL353688.1	chr13	83650249	83654789	4	4	4
ENSG00000178235.8	SLITRK1	chr13	83877205	83882474	4	4	4
ENSG00000285680.2	AL355481.1	chr13	83877888	83895211	4	4	4
ENSG00000215037.2	VENTXP2	chr13	83907301	83907781	4	4	4
ENSG00000286284.1	AL590681.1	chr13	83996173	83997597	4	4	4
ENSG00000224188.1	UBE2D3P4	chr13	84020327	84020762	4	4	4
ENSG00000285742.1	AL445604.1	chr13	84063106	84069408	4	4	4
ENSG00000288016.1	AL162493.1	chr13	84086802	84448603	4	4	4
ENSG00000228597.1	MTND4P1	chr13	84520103	84521568	4	4	4
ENSG00000232447.1	MTND5P3	chr13	84521725	84523915	4	4	4
ENSG00000233349.1	LINC00333	chr13	84562364	84563236	4	4	4
ENSG00000288038.1	AL445588.1	chr13	84867514	84902424	4	4	4
ENSG00000287438.1	AL356313.1	chr13	85046001	85050096	4	4	4
ENSG00000226370.1	LINC00375	chr13	85065087	85078920	4	4	4
ENSG00000286906.1	AL160154.1	chr13	85144623	85148121	4	4	4
ENSG00000226317.3	LINC00351	chr13	85363601	85544570	4	4	4
ENSG00000285834.1	AL356413.1	chr13	85693937	85783203	4	4	4
ENSG00000184564.11	SLITRK6	chr13	85792790	85806683	4	4	4
ENSG00000278580.1	AL162373.1	chr13	85837126	85837532	4	4	4
ENSG00000228241.1	MOB1AP1	chr13	85968999	85969533	4	4	4
ENSG00000232252.1	AL354994.1	chr13	86060813	86170890	4	4	4
ENSG00000283371.1	FO624990.1	chr13	86266842	86266926	4	4	4
ENSG00000277914.1	DDX6P2	chr13	86275493	86277262	4	4	4
ENSG00000287880.1	AL445207.1	chr13	86402982	86462734	4	4	4
ENSG00000231879.1	TXNL1P1	chr13	86725500	86726053	4	4	4
ENSG00000233528.4	LINC00430	chr13	86909586	86937108	4	4	4
ENSG00000228074.1	UBBP5	chr13	87219004	87219269	4	4	4
ENSG00000228473.1	LIN28AP2	chr13	87379472	87380258	4	4	4
ENSG00000285699.1	AL360267.2	chr13	87423493	87458407	4	4	4
ENSG00000232636.2	AL360267.1	chr13	87427200	87447235	4	4	4
ENSG00000228824.7	MIR4500HG	chr13	87427214	87674235	4	4	4
ENSG00000272515.1	AL355578.1	chr13	87607907	87609234	4	4	4
ENSG00000266052.1	MIR4500	chr13	87618665	87618740	4	4	4
ENSG00000165300.7	SLITRK5	chr13	87672615	87696272	4	4	4
ENSG00000277640.1	AL445647.2	chr13	87765752	87765881	4	4	4
ENSG00000223404.3	LINC00397	chr13	87801036	87803808	4	4	4
ENSG00000272046.1	AL445647.1	chr13	87807634	87811232	4	4	4
ENSG00000232204.1	TET1P1	chr13	87890172	87892472	4	4	4
ENSG00000231019.1	LINC00373	chr13	88142867	88236082	4	4	4
ENSG00000225289.1	RPL29P29	chr13	88236547	88236969	4	4	4
ENSG00000285811.1	AL355677.1	chr13	88472151	88477267	4	4	4
ENSG00000229443.2	LINC00433	chr13	88494789	88607814	4	4	4
ENSG00000286422.2	AL445984.2	chr13	88522185	88569261	4	4	4
ENSG00000283130.1	AL445984.1	chr13	88571654	88572312	4	4	4
ENSG00000261666.1	LINC00560	chr13	88626853	88630397	4	4	4
ENSG00000233211.2	GRPEL2P1	chr13	88978447	88978785	4	4	4
ENSG00000288552.1	AL162573.1	chr13	89141800	89163186	4	4	4
ENSG00000234660.2	LINC00440	chr13	89181324	89280240	4	4	4
ENSG00000232225.6	LINC01047	chr13	89214847	89236890	4	4	4
ENSG00000227247.1	TRIM60P13	chr13	89248818	89250100	4	4	4
ENSG00000225530.1	SP3P	chr13	89361160	89363224	4	4	4
ENSG00000271395.2	LINC02336	chr13	89402398	89818453	4	4	4
ENSG00000226037.1	LINC01040	chr13	89477608	89500509	4	4	4
ENSG00000236176.2	LINC00353	chr13	89548691	89553804	4	4	4
ENSG00000234227.1	RPL7L1P1	chr13	89833157	89833941	4	4	4
ENSG00000200733.1	AL355821.1	chr13	89837170	89837237	4	4	4
ENSG00000215418.2	PEX12P1	chr13	89991831	89992878	4	4	4
ENSG00000261446.4	LINC00559	chr13	90060247	90119719	4	4	4
ENSG00000252696.1	RNA5SP34	chr13	90135712	90135841	4	4	4
ENSG00000235879.1	FAR1P1	chr13	90170866	90171799	4	4	4
ENSG00000224419.1	KRT18P27	chr13	90230384	90231682	4	4	4
ENSG00000283783.1	MIR622	chr13	90231182	90231277	4	4	4
ENSG00000234384.1	LINC01049	chr13	90493287	90535080	4	4	4
ENSG00000251753.1	RNU6-75P	chr13	90781766	90781869	4	4	4
ENSG00000231674.1	LINC00410	chr13	90890954	90926597	4	4	4
ENSG00000227983.1	BRK1P2	chr13	91023732	91023954	4	4	4
ENSG00000234625.1	LINC00380	chr13	91087254	91089593	4	4	4
ENSG00000229557.1	LINC00379	chr13	91127613	91131407	4	4	4
ENSG00000214178.3	PPIAP23	chr13	91272081	91272577	4	4	4
ENSG00000215417.13	MIR17HG	chr13	91347820	91354579	4	4	4
ENSG00000284536.1	MIR17	chr13	91350605	91350688	4	4	4
ENSG00000283815.1	MIR18A	chr13	91350751	91350821	4	4	4
ENSG00000284204.1	MIR19A	chr13	91350891	91350972	4	4	4
ENSG00000283762.1	MIR20A	chr13	91351065	91351135	4	4	4
ENSG00000284375.1	MIR19B1	chr13	91351192	91351278	4	4	4
ENSG00000283705.1	MIR92A1	chr13	91351314	91351391	4	4	4
ENSG00000179399.15	GPC5	chr13	91398621	92873682	4	4	4
ENSG00000282864.1	AL356118.1	chr13	91485793	91486870	4	4	4
ENSG00000282997.1	AL162456.1	chr13	91994518	91996523	4	4	4
ENSG00000252508.1	RNU4ATAC3P	chr13	92059844	92059969	4	4	4
ENSG00000229287.1	FABP5P4	chr13	92180715	92180885	4	4	4
ENSG00000282865.1	AL157815.1	chr13	92239835	92241951	4	4	4
ENSG00000232885.2	GPC5-AS2	chr13	92339794	92379536	4	4	4
ENSG00000283097.1	AL159152.1	chr13	92446470	92449056	4	4	4
ENSG00000236240.1	GPC5-IT1	chr13	92484606	92510094	4	4	4
ENSG00000263741.1	MIR548AS	chr13	92490163	92490220	4	4	4
ENSG00000287159.1	AL356737.2	chr13	92610646	92677725	4	4	4
ENSG00000282993.1	AL356737.1	chr13	92658994	92659227	4	4	4
ENSG00000235984.5	GPC5-AS1	chr13	92701389	92721614	4	4	4
ENSG00000232849.2	LINC00363	chr13	93032972	93057926	4	4	4
ENSG00000288001.1	AL354811.2	chr13	93150623	93157452	4	4	4
ENSG00000278177.1	AL354811.1	chr13	93226612	93227317	4	4	4
ENSG00000183098.11	GPC6	chr13	93226807	94408020	4	4	4
ENSG00000286843.1	AL160159.1	chr13	93309669	93311063	4	4	4
ENSG00000235784.2	HNRNPA1P29	chr13	93394977	93395855	4	4	4
ENSG00000224394.1	GPC6-AS2	chr13	93818424	93836144	4	4	4
ENSG00000212559.1	RNA5SP35	chr13	94025470	94025598	4	4	4
ENSG00000236520.2	GPC6-AS1	chr13	94154193	94187991	4	4	4
ENSG00000080166.16	DCT	chr13	94436811	94479682	4	4	4
ENSG00000088451.11	TGDS	chr13	94574054	94596242	4	4	4
ENSG00000152749.8	GPR180	chr13	94601857	94634661	4	4	4
ENSG00000222129.1	RNA5SP36	chr13	94651397	94651529	4	4	4
ENSG00000238230.2	LINC00391	chr13	94698725	94708475	4	4	4
ENSG00000274168.1	RN7SL585P	chr13	94699223	94699502	4	4	4
ENSG00000227640.3	SOX21-AS1	chr13	94703454	94803430	4	4	4
ENSG00000125285.6	SOX21	chr13	94709622	94712545	4	4	4
ENSG00000235768.1	BRD7P5	chr13	94757451	94759272	4	4	4
ENSG00000237924.1	RPL21P112	chr13	94760553	94761015	4	4	4
ENSG00000260962.1	LINC00557	chr13	94960041	94961319	4	4	4
ENSG00000287635.1	AL139381.1	chr13	94960771	95007420	4	4	4
ENSG00000252335.1	RNU6-62P	chr13	95019235	95019336	4	4	4
ENSG00000125257.16	ABCC4	chr13	95019835	95301475	4	4	4
ENSG00000223298.1	RNY3P8	chr13	95310830	95310955	4	4	4
ENSG00000200211.1	RNY4P27	chr13	95336106	95336201	4	4	4
ENSG00000271492.1	MEMO1P5	chr13	95394049	95394454	4	4	4
ENSG00000134873.10	CLDN10	chr13	95433604	95579759	4	4	4
ENSG00000223392.1	CLDN10-AS1	chr13	95479444	95533910	4	4	4
ENSG00000134874.18	DZIP1	chr13	95578202	95644706	4	4	4
ENSG00000247400.4	DNAJC3-DT	chr13	95648733	95676955	4	4	4
ENSG00000102580.15	DNAJC3	chr13	95677139	95794988	4	4	4
ENSG00000229622.1	MTND5P2	chr13	95692538	95693972	4	4	4
ENSG00000227714.1	MTND6P18	chr13	95693983	95694495	4	4	4
ENSG00000232373.2	MTCYBP3	chr13	95694569	95695705	4	4	4
ENSG00000276809.1	AL138955.1	chr13	95744726	95745765	4	4	4
ENSG00000102595.20	UGGT2	chr13	95801580	96053482	4	4	4
ENSG00000226977.1	HMGN1P24	chr13	95809310	95809607	4	4	4
ENSG00000185352.8	HS6ST3	chr13	96090839	96839562	4	4	4
ENSG00000242614.3	RN7SL164P	chr13	96169545	96169847	4	4	4
ENSG00000283487.1	MIR4501	chr13	96427229	96427292	4	4	4
ENSG00000233273.1	AMMECR1LP1	chr13	96573659	96574499	4	4	4
ENSG00000235137.2	HSP90AB6P	chr13	96883842	96885821	4	4	4
ENSG00000234267.3	TULP3P1	chr13	96941281	96984172	4	4	4
ENSG00000272329.1	AL353581.1	chr13	96948018	96949584	4	4	4
ENSG00000222472.1	RN7SKP7	chr13	96949249	96949533	4	4	4
ENSG00000165621.8	OXGR1	chr13	96985719	96994730	4	4	4
ENSG00000233124.2	LINC00456	chr13	97168751	97187578	4	4	4
ENSG00000139793.18	MBNL2	chr13	97221434	97394120	4	4	4
ENSG00000286334.1	AL161430.1	chr13	97278768	97295400	4	4	4
ENSG00000202290.1	RNA5SP37	chr13	97362972	97363101	4	4	4
ENSG00000286416.1	AL442067.3	chr13	97405169	97433994	4	4	4
ENSG00000125249.7	RAP2A	chr13	97434169	97469128	4	4	4
ENSG00000276573.1	AL442067.1	chr13	97435946	97436168	4	4	4
ENSG00000276704.1	AL442067.2	chr13	97437268	97437630	4	4	4
ENSG00000271625.1	PSMA6P4	chr13	97475742	97476459	4	4	4
ENSG00000226134.1	AL359502.1	chr13	97675011	97677963	4	4	4
ENSG00000286544.1	AL359502.2	chr13	97725172	97730339	4	4	4
ENSG00000233291.1	RPL7AP61	chr13	97901653	97902288	4	4	4
ENSG00000270725.1	AL356580.1	chr13	97939356	97953539	4	4	4
ENSG00000065150.21	IPO5	chr13	97953658	98024296	4	4	4
ENSG00000232217.1	FTLP8	chr13	97986950	97987216	4	4	4
ENSG00000152767.17	FARP1	chr13	98142562	98455176	4	4	4
ENSG00000139797.8	RNF113B	chr13	98175785	98177269	4	4	4
ENSG00000222969.1	RN7SKP8	chr13	98203835	98204192	4	4	4
ENSG00000263399.1	MIR3170	chr13	98208524	98208600	4	4	4
ENSG00000269189.1	AL445223.1	chr13	98233650	98234700	4	4	4
ENSG00000269599.1	AL161896.1	chr13	98329655	98333236	4	4	4
ENSG00000231194.1	FARP1-AS1	chr13	98435405	98435840	4	4	4
ENSG00000102572.15	STK24	chr13	98445185	98577940	4	4	4
ENSG00000271437.1	AL356423.1	chr13	98553243	98553780	4	4	4
ENSG00000224418.1	STK24-AS1	chr13	98577244	98578830	4	4	4
ENSG00000217686.2	NUS1P4	chr13	98610292	98610876	4	4	4
ENSG00000233549.2	CYCSP35	chr13	98629686	98629989	4	4	4
ENSG00000233662.1	CALM2P4	chr13	98640814	98641239	4	4	4
ENSG00000243366.3	RN7SL60P	chr13	98671980	98672278	4	4	4
ENSG00000088386.17	SLC15A1	chr13	98683801	98752672	4	4	4
ENSG00000088387.19	DOCK9	chr13	98793429	99086625	4	4	4
ENSG00000229918.1	DOCK9-AS1	chr13	98832084	98834629	4	4	4
ENSG00000275919.1	AL161420.1	chr13	98871742	98872005	4	4	4
ENSG00000231981.3	RPL7L1P12	chr13	98949719	98950447	4	4	4
ENSG00000207298.1	RNU6-83P	chr13	99025234	99025345	4	4	4
ENSG00000260992.1	DOCK9-DT	chr13	99087819	99088625	4	4	4
ENSG00000230871.1	RPS6P23	chr13	99173593	99174490	4	4	4
ENSG00000228889.7	UBAC2-AS1	chr13	99181223	99200757	4	4	4
ENSG00000234005.3	GAPDHP22	chr13	99190579	99190991	4	4	4
ENSG00000134882.16	UBAC2	chr13	99200774	99386504	4	4	4
ENSG00000201793.1	RN7SKP9	chr13	99205708	99206006	4	4	4
ENSG00000218502.3	H2AZP3	chr13	99215372	99215758	4	4	4
ENSG00000125245.13	GPR18	chr13	99254714	99261744	4	4	4
ENSG00000169508.7	GPR183	chr13	99294539	99307399	4	4	4
ENSG00000207719.1	MIR623	chr13	99356131	99356228	4	4	4
ENSG00000228808.1	HMGB3P4	chr13	99372173	99372686	4	4	4
ENSG00000238241.2	CCR12P	chr13	99404684	99417224	4	4	4
ENSG00000285448.1	AL136961.1	chr13	99429211	99432702	4	4	4
ENSG00000125304.10	TM9SF2	chr13	99446311	99564048	4	4	4
ENSG00000280734.3	LINC01232	chr13	99486962	99499306	4	4	4
ENSG00000280710.3	AL139035.1	chr13	99498737	99501250	4	4	4
ENSG00000203441.2	LINC00449	chr13	99499727	99501052	4	4	4
ENSG00000234168.2	LINC01039	chr13	99577112	99580368	4	4	4
ENSG00000234239.1	CFL1P8	chr13	99582706	99583180	4	4	4
ENSG00000287746.1	AL139035.2	chr13	99584014	99590508	4	4	4
ENSG00000125246.15	CLYBL	chr13	99606669	99897134	4	4	4
ENSG00000263615.1	MIR4306	chr13	99643059	99643149	4	4	4
ENSG00000227659.1	CLYBL-AS2	chr13	99690081	99690971	4	4	4
ENSG00000234303.3	CLYBL-AS1	chr13	99726245	99728971	4	4	4
ENSG00000201245.1	AL137139.1	chr13	99783857	99783983	4	4	4
ENSG00000288581.1	AL137139.3	chr13	99835813	99841250	4	4	4
ENSG00000286757.2	AL137139.2	chr13	99841879	99957167	4	4	4
ENSG00000139800.8	ZIC5	chr13	99962964	99971909	4	4	4
ENSG00000288060.1	AL355338.1	chr13	99973526	99980034	4	4	4
ENSG00000043355.12	ZIC2	chr13	99981784	99986765	4	4	4
ENSG00000260738.1	LINC00554	chr13	99994899	99997909	4	4	4
ENSG00000225999.1	NDUFA12P1	chr13	100027769	100028174	4	4	4
ENSG00000274605.2	PCCA-DT	chr13	100053074	100088950	4	4	4
ENSG00000236554.1	ASNSP3	chr13	100062296	100063601	4	4	4
ENSG00000175198.17	PCCA	chr13	100089015	100530437	4	4	4
ENSG00000228501.2	RPL15P18	chr13	100150481	100151092	4	4	4
ENSG00000270632.1	AL356575.1	chr13	100198187	100198469	4	4	4
ENSG00000287330.1	AL353697.1	chr13	100338982	100364959	4	4	4
ENSG00000234650.6	PCCA-AS1	chr13	100464440	100481205	4	4	4
ENSG00000134864.10	GGACT	chr13	100530164	100589528	4	4	4
ENSG00000224356.5	AL356966.1	chr13	100535741	100587146	4	4	4
ENSG00000280169.1	AL136526.1	chr13	100537365	100539567	4	4	4
ENSG00000234354.3	RPS26P47	chr13	100539901	100540248	4	4	4
ENSG00000125247.16	TMTC4	chr13	100603625	100675093	4	4	4
ENSG00000237082.1	COX5BP6	chr13	100623875	100624429	4	4	4
ENSG00000233009.1	NALCN-AS1	chr13	100708325	101059286	4	4	4
ENSG00000214051.3	ARF4P3	chr13	100756551	100757059	4	4	4
ENSG00000229599.2	LINC00411	chr13	100934023	100944553	4	4	4
ENSG00000102452.18	NALCN	chr13	101053776	101416508	4	4	4
ENSG00000198542.14	ITGBL1	chr13	101452593	101720856	4	4	4
ENSG00000102466.16	FGF14	chr13	101710804	102402457	4	4	4
ENSG00000276012.1	AL160153.1	chr13	101717564	101723106	4	4	4
ENSG00000201155.1	RNU1-24P	chr13	101778884	101779048	4	4	4
ENSG00000215399.2	HMGB3P7	chr13	101801878	101802488	4	4	4
ENSG00000265164.1	MIR2681	chr13	101967642	101967746	4	4	4
ENSG00000229975.1	LIPT1P1	chr13	102002125	102003310	4	4	4
ENSG00000201690.1	RNY1P2	chr13	102016953	102017069	4	4	4
ENSG00000264482.1	MIR4705	chr13	102045934	102046004	4	4	4
ENSG00000236860.1	RPL39P29	chr13	102263046	102263202	4	4	4
ENSG00000243319.7	FGF14-IT1	chr13	102292327	102394519	4	4	4
ENSG00000279702.1	AL356266.1	chr13	102299790	102300272	4	4	4
ENSG00000234445.1	FGF14-AS1	chr13	102367539	102373666	4	4	4
ENSG00000272143.1	FGF14-AS2	chr13	102394630	102395703	4	4	4
ENSG00000261057.1	LINC00555	chr13	102589372	102589813	4	4	4
ENSG00000276957.1	AL158063.1	chr13	102593338	102593873	4	4	4
ENSG00000134900.12	TPP2	chr13	102596986	102679958	4	4	4
ENSG00000139780.7	METTL21C	chr13	102685744	102694504	4	4	4
ENSG00000175820.4	CCDC168	chr13	102729367	102759072	4	4	4
ENSG00000231633.1	LINC00283	chr13	102742990	102745224	4	4	4
ENSG00000286312.1	AL157769.1	chr13	102760023	102766653	4	4	4
ENSG00000151287.17	TEX30	chr13	102765888	102773811	4	4	4
ENSG00000134901.13	POGLUT2	chr13	102784281	102798976	4	4	4
ENSG00000270181.3	BIVM-ERCC5	chr13	102799110	102875994	4	4	4
ENSG00000134897.14	BIVM	chr13	102799119	102841533	4	4	4
ENSG00000134899.23	ERCC5	chr13	102845831	102875995	4	4	4
ENSG00000250878.3	METTL21EP	chr13	102880099	102896033	4	4	4
ENSG00000272542.1	AL137246.1	chr13	102888858	102889834	4	4	4
ENSG00000278445.1	AL137246.2	chr13	102903339	102904000	4	4	4
ENSG00000125255.7	SLC10A2	chr13	103043998	103066417	4	4	4
ENSG00000285789.1	AL162717.1	chr13	103343660	103396450	4	4	4
ENSG00000234551.2	LINC01309	chr13	103420825	103428298	4	4	4
ENSG00000230474.1	ATP6V1G1P7	chr13	103444620	103444968	4	4	4
ENSG00000287734.1	AL136524.1	chr13	104125930	104134257	4	4	4
ENSG00000225823.1	RPL7P45	chr13	104814327	104815069	4	4	4
ENSG00000286929.1	AL138954.1	chr13	105410816	105414224	4	4	4
ENSG00000232307.1	DAOA-AS1	chr13	105459055	105505681	4	4	4
ENSG00000275968.1	AL359751.2	chr13	105459815	105460015	4	4	4
ENSG00000275502.1	AL359751.1	chr13	105462302	105462505	4	4	4
ENSG00000182346.20	DAOA	chr13	105465867	105491034	4	4	4
ENSG00000280455.1	AL359745.1	chr13	105690429	105702689	4	4	4
ENSG00000226620.8	LINC00343	chr13	105702699	105797539	4	4	4
ENSG00000252550.1	AL138701.1	chr13	105897523	105897643	4	4	4
ENSG00000287923.1	AL138701.2	chr13	105950292	106064069	4	4	4
ENSG00000222682.1	RNA5SP38	chr13	106155372	106155490	4	4	4
ENSG00000286780.1	AL139379.1	chr13	106232131	106371082	4	4	4
ENSG00000233532.6	LINC00460	chr13	106374477	106384315	4	4	4
ENSG00000174418.7	RPL35P9	chr13	106425773	106426122	4	4	4
ENSG00000125266.8	EFNB2	chr13	106489745	106535662	4	4	4
ENSG00000284966.3	AL138689.2	chr13	106491147	106521630	4	4	4
ENSG00000274204.1	AL138689.1	chr13	106506046	106506713	4	4	4
ENSG00000134884.15	ARGLU1	chr13	106541673	106568137	4	4	4
ENSG00000272274.2	LINC00551	chr13	106568261	106716679	4	4	4
ENSG00000230156.3	LINC00443	chr13	106653897	106672177	4	4	4
ENSG00000227590.2	ATP5MC1P5	chr13	106663437	106663847	4	4	4
ENSG00000287546.1	AL163534.1	chr13	106753247	106757065	4	4	4
ENSG00000278698.1	AL162574.2	chr13	106773623	106774279	4	4	4
ENSG00000174408.8	PPIAP24	chr13	106863816	106864286	4	4	4
ENSG00000277863.1	AL162574.1	chr13	106903150	106904099	4	4	4
ENSG00000279157.1	AL162574.3	chr13	106941950	106942561	4	4	4
ENSG00000285643.1	AL354741.1	chr13	106955689	106961392	4	4	4
ENSG00000204442.4	FAM155A	chr13	107163510	107867496	4	4	4
ENSG00000201847.1	SNORD31B	chr13	107320895	107320963	4	4	4
ENSG00000276740.1	AL445649.1	chr13	107465984	107466674	4	4	4
ENSG00000221650.1	MIR1267	chr13	107531171	107531248	4	4	4
ENSG00000227248.1	FAM155A-IT1	chr13	107788342	107835451	4	4	4
ENSG00000286343.1	AL359436.1	chr13	107868823	107933503	4	4	4
ENSG00000274718.1	AL136964.1	chr13	107870383	107873372	4	4	4
ENSG00000174405.14	LIG4	chr13	108207439	108218368	4	4	4
ENSG00000139826.6	ABHD13	chr13	108218392	108234243	4	4	4
ENSG00000102524.11	TNFSF13B	chr13	108251240	108308484	4	4	4
ENSG00000277246.1	AL157762.1	chr13	108267320	108267734	4	4	4
ENSG00000223177.1	RNA5SP39	chr13	108301212	108301331	4	4	4
ENSG00000283384.1	AL138694.1	chr13	108335354	108448316	4	4	4
ENSG00000232087.1	HCFC2P1	chr13	108480226	108481817	4	4	4
ENSG00000041515.16	MYO16	chr13	108596152	109208005	4	4	4
ENSG00000229938.1	MYO16-AS2	chr13	109101261	109101919	4	4	4
ENSG00000236242.1	MYO16-AS1	chr13	109163902	109201483	4	4	4
ENSG00000275216.2	AL161431.1	chr13	109269634	109278512	4	4	4
ENSG00000223617.2	LINC00370	chr13	109281973	109297690	4	4	4
ENSG00000236053.1	LINC01067	chr13	109310135	109311773	4	4	4
ENSG00000229792.1	LINC00399	chr13	109400696	109401641	4	4	4
ENSG00000285534.1	AL163541.1	chr13	109478739	109731700	4	4	4
ENSG00000234854.1	LINC00676	chr13	109728282	109730007	4	4	4
ENSG00000185950.9	IRS2	chr13	109752695	109786583	4	4	4
ENSG00000275741.1	AL162497.1	chr13	109785831	109808252	4	4	4
ENSG00000275248.1	AL355810.1	chr13	109805317	109805868	4	4	4
ENSG00000201161.1	RN7SKP10	chr13	109915096	109915420	4	4	4
ENSG00000274331.1	AL355974.1	chr13	109984858	109986565	4	4	4
ENSG00000275830.2	AL390755.1	chr13	109988097	110129136	4	4	4
ENSG00000276269.1	AL355974.2	chr13	110031101	110031567	4	4	4
ENSG00000231428.2	LINC00396	chr13	110053285	110054952	4	4	4
ENSG00000265885.2	RN7SL783P	chr13	110097851	110098151	4	4	4
ENSG00000279965.1	AL390755.2	chr13	110123208	110125234	4	4	4
ENSG00000287575.1	AL390755.3	chr13	110132003	110136906	4	4	4
ENSG00000187498.16	COL4A1	chr13	110148963	110307157	4	4	4
ENSG00000279237.1	AL161773.1	chr13	110265251	110266113	4	4	4
ENSG00000134871.19	COL4A2	chr13	110305812	110513209	4	4	4
ENSG00000276765.1	MIR8073	chr13	110340958	110341029	4	4	4
ENSG00000224821.5	COL4A2-AS2	chr13	110456396	110463287	4	4	4
ENSG00000232814.2	COL4A2-AS1	chr13	110502575	110508179	4	4	4
ENSG00000139832.5	RAB20	chr13	110523066	110561722	4	4	4
ENSG00000275880.1	AL139385.1	chr13	110613082	110616353	4	4	4
ENSG00000213995.11	NAXD	chr13	110615460	110639993	4	4	4
ENSG00000134905.17	CARS2	chr13	110641412	110713603	4	4	4
ENSG00000153487.13	ING1	chr13	110712736	110723339	4	4	4
ENSG00000225239.1	RPL21P107	chr13	110762674	110763133	4	4	4
ENSG00000259831.1	LINC00567	chr13	110809676	110813084	4	4	4
ENSG00000255874.2	PRECSIT	chr13	110863987	110870251	4	4	4
ENSG00000088448.14	ANKRD10	chr13	110878540	110915069	4	4	4
ENSG00000229152.2	ANKRD10-IT1	chr13	110894639	110899172	4	4	4
ENSG00000277767.1	AL442128.2	chr13	110916004	110917827	4	4	4
ENSG00000227105.1	PARP1P1	chr13	110936759	110939784	4	4	4
ENSG00000275989.2	AL442128.1	chr13	110945478	110971603	4	4	4
ENSG00000225760.2	LINC00431	chr13	110965704	110990579	4	4	4
ENSG00000225870.1	LINC00368	chr13	111095838	111103097	4	4	4
ENSG00000286824.1	AL353704.2	chr13	111096586	111113697	4	4	4
ENSG00000235875.3	ARHGEF7-AS2	chr13	111113812	111115678	4	4	4
ENSG00000102606.18	ARHGEF7	chr13	111114559	111305737	4	4	4
ENSG00000233644.1	ARHGEF7-IT1	chr13	111122652	111144264	4	4	4
ENSG00000227352.1	ARHGEF7-AS1	chr13	111144305	111144733	4	4	4
ENSG00000285856.1	AL353704.1	chr13	111148196	111153171	4	4	4
ENSG00000274614.1	AL390754.1	chr13	111182111	111182692	4	4	4
ENSG00000153495.11	TEX29	chr13	111316184	111344249	4	4	4
ENSG00000204398.5	AL359649.1	chr13	111588201	111672608	4	4	4
ENSG00000215881.3	LINC02337	chr13	111596009	111642079	4	4	4
ENSG00000226903.2	LINC00354	chr13	111865136	111901264	4	4	4
ENSG00000200072.1	AL138691.1	chr13	112052078	112052138	4	4	4
ENSG00000224243.2	SOX1-OT	chr13	112056845	112108015	4	4	4
ENSG00000182968.5	SOX1	chr13	112067149	112071706	4	4	4
ENSG00000260385.1	AL356961.1	chr13	112083549	112085471	4	4	4
ENSG00000229520.1	LINC00404	chr13	112106095	112106882	4	4	4
ENSG00000260102.2	LINC01070	chr13	112197350	112201000	4	4	4
ENSG00000260343.1	LINC01043	chr13	112313467	112321758	4	4	4
ENSG00000223626.1	LINC01044	chr13	112322567	112331225	4	4	4
ENSG00000153498.12	SPACA7	chr13	112376355	112434689	4	4	4
ENSG00000126216.15	TUBGCP3	chr13	112485011	112588205	4	4	4
ENSG00000277159.1	AL139384.2	chr13	112602828	112606417	4	4	4
ENSG00000197595.4	ATP11AUN	chr13	112647044	112684497	4	4	4
ENSG00000274922.1	AL139384.1	chr13	112686769	112689815	4	4	4
ENSG00000068650.18	ATP11A	chr13	112690329	112887168	4	4	4
ENSG00000232684.1	ATP11A-AS1	chr13	112745449	112754693	4	4	4
ENSG00000277545.1	AL356752.1	chr13	112811566	112812158	4	4	4
ENSG00000126217.21	MCF2L	chr13	112894378	113099742	4	4	4
ENSG00000267868.1	AL356740.1	chr13	112964835	112966131	4	4	4
ENSG00000235280.2	MCF2L-AS1	chr13	112967484	112968824	4	4	4
ENSG00000269356.1	AL356740.2	chr13	113008778	113009424	4	4	4
ENSG00000269376.1	AL356740.3	chr13	113009671	113010319	4	4	4
ENSG00000057593.14	F7	chr13	113105788	113120685	4	4	4
ENSG00000126218.12	F10	chr13	113122799	113149529	4	4	4
ENSG00000231882.1	F10-AS1	chr13	113128155	113128880	4	4	4
ENSG00000230371.1	KARS1P2	chr13	113130416	113132054	4	4	4
ENSG00000283828.1	AL137002.2	chr13	113149432	113154002	4	4	4
ENSG00000126231.15	PROZ	chr13	113158648	113172386	4	4	4
ENSG00000269125.1	AL137002.1	chr13	113165002	113165183	4	4	4
ENSG00000126226.22	PCID2	chr13	113177536	113208715	4	4	4
ENSG00000139842.15	CUL4A	chr13	113208193	113267108	4	4	4
ENSG00000277942.1	MIR8075	chr13	113262920	113262999	4	4	4
ENSG00000232662.2	LDHBP1	chr13	113276616	113277734	4	4	4
ENSG00000185896.11	LAMP1	chr13	113297239	113323672	4	4	4
ENSG00000139835.14	GRTP1	chr13	113324163	113364148	4	4	4
ENSG00000276434.1	AL136221.1	chr13	113339450	113339958	4	4	4
ENSG00000225083.2	GRTP1-AS1	chr13	113351645	113361868	4	4	4
ENSG00000153531.13	ADPRHL1	chr13	113399610	113453524	4	4	4
ENSG00000150401.15	DCUN1D2	chr13	113455819	113490951	4	4	4
ENSG00000233613.5	DCUN1D2-AS	chr13	113468901	113476135	4	4	4
ENSG00000202347.1	RNU1-16P	chr13	113478915	113479078	4	4	4
ENSG00000150403.18	TMCO3	chr13	113491021	113554590	4	4	4
ENSG00000276916.1	AL442125.2	chr13	113511747	113514473	4	4	4
ENSG00000276248.1	AL442125.1	chr13	113527260	113530621	4	4	4
ENSG00000198176.13	TFDP1	chr13	113584721	113641473	4	4	4
ENSG00000186009.5	ATP4B	chr13	113648804	113658198	4	4	4
ENSG00000185974.7	GRK1	chr13	113667219	113737736	4	4	4
ENSG00000279770.1	LINC00552	chr13	113748511	113751089	4	4	4
ENSG00000184497.13	TMEM255B	chr13	113759226	113816995	4	4	4
ENSG00000233695.2	GAS6-AS1	chr13	113815630	113845744	4	4	4
ENSG00000183087.15	GAS6	chr13	113820549	113864076	4	4	4
ENSG00000272695.2	GAS6-DT	chr13	113864112	113866834	4	4	4
ENSG00000237699.2	BX072579.1	chr13	113877608	113879376	4	4	4
ENSG00000226921.7	LINC00454	chr13	113878489	113883651	4	4	4
ENSG00000274766.2	BX072579.2	chr13	113883667	113887149	4	4	4
ENSG00000229373.9	LINC00452	chr13	113888306	113923512	4	4	4
ENSG00000260910.2	LINC00565	chr13	113923052	113928991	4	4	4
ENSG00000283199.3	C13orf46	chr13	113953705	113974076	4	4	4
ENSG00000185989.11	RASA3	chr13	113977783	114132623	4	4	4
ENSG00000232487.1	RASA3-IT1	chr13	114107569	114108820	4	4	4
ENSG00000283361.2	CFAP97D2	chr13	114154691	114223084	4	4	4
ENSG00000283347.1	AL160396.1	chr13	114175485	114215835	4	4	4
ENSG00000130177.16	CDC16	chr13	114234887	114272723			
ENSG00000264539.1	MIR548AR	chr13	114244505	114244561			
ENSG00000265450.1	MIR4502	chr13	114273828	114273908			
ENSG00000285672.1	AL160396.2	chr13	114275326	114277323			
ENSG00000169062.15	UPF3A	chr13	114281601	114305817			
ENSG00000226158.1	CLCP2	chr13	114306646	114307066			
ENSG00000198824.7	CHAMP1	chr13	114314482	114337626			
ENSG00000229723.1	LINC01054	chr13	114329559	114333948			
ENSG00000260615.1	RPL23AP97	chr13	114346167	114346637			
ENSG00000283274.1	5_8S_rRNA	chr14	16057472	16057622			
ENSG00000215398.11	CR383658.1	chr14	18333726	18341859			
ENSG00000206906.1	RNU6-458P	chr14	18343038	18343144			
ENSG00000257171.2	CR383658.2	chr14	18395626	18412264			
ENSG00000257356.2	BNIP3P6	chr14	18418775	18419273			
ENSG00000257959.1	CR383656.10	chr14	18555677	18596310			
ENSG00000257721.1	CR383656.7	chr14	18560047	18560191			
ENSG00000258367.2	CR383656.13	chr14	18562928	18568790			
ENSG00000257825.1	CR383656.9	chr14	18588274	18588315			
ENSG00000257115.1	OR11H12	chr14	18601045	18602129			
ENSG00000257672.2	CR383656.6	chr14	18614388	18614561			
ENSG00000258233.1	ARHGAP42P5	chr14	18623852	18626787			
ENSG00000257504.1	LINC02297	chr14	18630318	18633634			
ENSG00000257644.1	CR383656.5	chr14	18631388	18650966			
ENSG00000257175.2	CR383656.1	chr14	18634955	18637208			
ENSG00000258364.1	CR383656.12	chr14	18636043	18637421			
ENSG00000257731.2	CR383656.8	chr14	18645044	18646221			
ENSG00000258076.1	CR383656.11	chr14	18645991	18646503			
ENSG00000257558.2	CR383656.3	chr14	18667249	18667370			
ENSG00000239200.1	RPL22P20	chr14	18692032	18692408			
ENSG00000257635.2	CR383656.4	chr14	18698639	18699978			
ENSG00000257224.1	CR383656.2	chr14	18702281	18702463			
ENSG00000277529.1	NF1P10	chr14	18709478	18712643			
ENSG00000277367.1	NEK2P1	chr14	18889084	18890424			
ENSG00000278143.1	NF1P7	chr14	18899942	18909673			
ENSG00000257853.2	MED15P1	chr14	18912805	18916642			
ENSG00000257891.1	AL929601.1	chr14	18920109	18934078			
ENSG00000258265.1	AL929601.2	chr14	18944199	18945139			
ENSG00000222036.8	POTEM	chr14	18967434	19003752			
ENSG00000275563.1	AL929601.3	chr14	18977180	18980742			
ENSG00000212612.1	RNU6-1239P	chr14	18978847	18978953			
ENSG00000258314.3	AL589182.1	chr14	19024090	19055551			
ENSG00000274369.1	GRAMD4P4	chr14	19026521	19028189			
ENSG00000225210.10	DUXAP9	chr14	19062316	19131167			
ENSG00000286614.1	AL589182.3	chr14	19072333	19075341			
ENSG00000277128.2	AL589743.3	chr14	19124807	19175530			
ENSG00000277710.2	NBEAP5	chr14	19130636	19155089			
ENSG00000278594.1	AL589182.2	chr14	19131842	19132890			
ENSG00000196143.4	OR11H13P	chr14	19180291	19181269			
ENSG00000271632.1	AL589743.2	chr14	19199763	19200279			
ENSG00000277252.1	AL589743.4	chr14	19220796	19220912			
ENSG00000258781.3	CDRT15P13	chr14	19228898	19229945			
ENSG00000285990.1	NBEAP6	chr14	19244904	19269380			
ENSG00000257310.1	AL589743.1	chr14	19244962	19247673			
ENSG00000277156.1	TOMM40P1	chr14	19267115	19268164			
ENSG00000244306.11	DUXAP10	chr14	19268853	19337730			
ENSG00000228294.6	BMS1P17	chr14	19301704	19316914			
ENSG00000287515.1	AL929602.1	chr14	19324708	19327716			
ENSG00000274827.4	LINC01297	chr14	19344578	19384587			
ENSG00000278301.1	GRAMD4P3	chr14	19371822	19373490			
ENSG00000187537.13	POTEG	chr14	19402486	19434341			
ENSG00000276888.1	AL512624.2	chr14	19420975	19425017			
ENSG00000212516.1	RNU6-1268P	chr14	19422815	19422921			
ENSG00000257162.6	MED15P6	chr14	19485336	19489148			
ENSG00000258027.2	NF1P4	chr14	19492281	19501740			
ENSG00000273639.6	AL512310.11	chr14	19499737	19677923	6	6	6
ENSG00000274649.1	AL512624.1	chr14	19511244	19511712			
ENSG00000278184.1	NF1P11	chr14	19612191	19619490			
ENSG00000257432.1	AL512310.3	chr14	19629006	19630340			
ENSG00000273558.1	AL512310.10	chr14	19637225	19641306			
ENSG00000258324.2	AL512310.8	chr14	19653623	19653742			
ENSG00000257493.1	AL512310.4	chr14	19664098	19683677			
ENSG00000257751.2	AL512310.5	chr14	19668542	19669056			
ENSG00000257846.2	AL512310.6	chr14	19668829	19670003			
ENSG00000259069.1	AL512310.9	chr14	19677644	19679016			
ENSG00000257884.2	AL512310.7	chr14	19677837	19680104			
ENSG00000257395.1	AL512310.2	chr14	19681420	19684739			
ENSG00000258080.1	ARHGAP42P4	chr14	19688261	19691194			
ENSG00000257142.1	AL512310.1	chr14	19700479	19700650			
ENSG00000258453.3	OR11H2	chr14	19712904	19714332			
ENSG00000176294.6	OR4N2	chr14	19719015	19830253			
ENSG00000258438.3	OR11K2P	chr14	19733355	19734302			
ENSG00000182652.4	OR4Q3	chr14	19743571	19749469			
ENSG00000176312.4	OR4H12P	chr14	19759868	19760774			
ENSG00000176299.5	OR4M1	chr14	19773504	19783696			
ENSG00000258564.2	OR4N1P	chr14	19796345	19797293			
ENSG00000228304.1	OR4K6P	chr14	19847367	19848263			
ENSG00000176290.8	OR4K3	chr14	19868197	19869143			
ENSG00000165762.3	OR4K2	chr14	19875142	19883932			
ENSG00000258541.1	OR4K4P	chr14	19905917	19906600			
ENSG00000259016.1	AL391156.1	chr14	19908096	19908649			
ENSG00000176281.4	OR4K5	chr14	19920582	19921659			
ENSG00000155249.5	OR4K1	chr14	19930917	19936757			
ENSG00000258822.2	OR4K16P	chr14	19954490	19957996			
ENSG00000169488.6	OR4K15	chr14	19975444	19976659			
ENSG00000196383.6	OR4Q2	chr14	19999913	20004760			
ENSG00000169484.4	OR4K14	chr14	20014143	20019307			
ENSG00000176253.4	OR4K13	chr14	20029399	20036038	3	3	3
ENSG00000258899.1	OR4U1P	chr14	20043916	20044827	3	3	3
ENSG00000176246.1	OR4L1	chr14	20060045	20060983	3	3	3
ENSG00000252999.1	RNA5SP380	chr14	20090130	20090227	3	3	3
ENSG00000258641.1	OR4T1P	chr14	20093353	20094263	3	3	3
ENSG00000176230.7	OR4K17	chr14	20110739	20122199	3	3	3
ENSG00000184394.2	OR4N5	chr14	20138820	20145471	3	3	3
ENSG00000259074.1	PSMB7P1	chr14	20149232	20149745	3	3	3
ENSG00000259095.1	GTF2IP22	chr14	20173632	20173813	3	3	3
ENSG00000258468.1	OR11G1P	chr14	20179189	20180156	3	3	3
ENSG00000284742.1	OR11P1P	chr14	20183925	20184298	3	3	3
ENSG00000196832.4	OR11G2	chr14	20190894	20201075	3	3	3
ENSG00000258625.2	OR11H5P	chr14	20204606	20210498	3	3	3
ENSG00000176219.3	OR11H6	chr14	20223710	20224702	3	3	3
ENSG00000258806.2	OR11H7	chr14	20229402	20230346	3	3	3
ENSG00000176198.3	OR11H4	chr14	20239286	20244349	3	3	3
ENSG00000136319.12	TTC5	chr14	20256558	20305960	3	3	3
ENSG00000258768.2	AL356019.2	chr14	20260480	20264308	3	3	3
ENSG00000258459.1	AL356019.1	chr14	20305730	20306811	3	3	3
ENSG00000100814.18	CCNB1IP1	chr14	20311368	20333312	3	3	3
ENSG00000287735.1	AL355075.6	chr14	20317949	20319707	3	3	3
ENSG00000222489.1	SNORA79B	chr14	20323179	20323326	3	3	3
ENSG00000238344.1	SNORD126	chr14	20326450	20326526	3	3	3
ENSG00000259001.3	AL355075.4	chr14	20343048	20343685	3	3	3
ENSG00000277209.1	RPPH1	chr14	20343075	20343407	3	3	3
ENSG00000129484.14	PARP2	chr14	20343615	20357904	3	3	3
ENSG00000254846.1	AL355075.1	chr14	20344233	20346888	3	3	3
ENSG00000129566.13	TEP1	chr14	20365667	20413501	3	3	3
ENSG00000200225.1	RNA5SP382	chr14	20414987	20415098	3	3	3
ENSG00000185271.9	KLHL33	chr14	20425852	20436166	3	3	3
ENSG00000259162.1	AL355075.5	chr14	20437982	20441268	3	3	3
ENSG00000092094.11	OSGEP	chr14	20446401	20455089	3	3	3
ENSG00000258515.1	AL355075.2	chr14	20451305	20451918	3	3	3
ENSG00000100823.12	APEX1	chr14	20455191	20457772	3	3	3
ENSG00000165782.11	PIP4P1	chr14	20457681	20461465	3	3	3
ENSG00000198805.12	PNP	chr14	20468954	20477089	3	3	3
ENSG00000258908.1	AL355075.3	chr14	20474789	20477089	3	3	3
ENSG00000182545.6	RNASE10	chr14	20505537	20511169	3	3	3
ENSG00000258456.2	PTCD2P1	chr14	20524287	20525422	3	3	3
ENSG00000258863.1	SETP1	chr14	20528115	20528959	3	3	3
ENSG00000188655.10	RNASE9	chr14	20556093	20560931	3	3	3
ENSG00000259060.7	AL163195.3	chr14	20582892	20609795	3	3	3
ENSG00000173464.14	RNASE11	chr14	20583559	20609884	3	3	3
ENSG00000258573.6	AL163195.2	chr14	20587644	20607221	3	3	3
ENSG00000258436.1	RNASE12	chr14	20590193	20590823	3	3	3
ENSG00000239327.1	AL163195.1	chr14	20616644	20616991	3	3	3
ENSG00000181803.3	OR6S1	chr14	20640696	20641691	3	3	3
ENSG00000199461.1	Y_RNA	chr14	20679411	20679512	3	3	3
ENSG00000214274.10	ANG	chr14	20684177	20698971	3	3	3
ENSG00000258818.4	RNASE4	chr14	20684560	20701216	3	3	3
ENSG00000259171.1	AL163636.1	chr14	20684587	20700576	3	3	3
ENSG00000258451.1	EGILA	chr14	20693480	20707120	3	3	3
ENSG00000259144.2	RANBP20P	chr14	20720742	20723127	3	3	3
ENSG00000258963.1	EDDM3DP	chr14	20734578	20735011	3	3	3
ENSG00000181562.5	EDDM3A	chr14	20745887	20748380	3	3	3
ENSG00000181552.4	EDDM3B	chr14	20768404	20770948	3	3	3
ENSG00000169413.3	RNASE6	chr14	20781268	20782467	3	3	3
ENSG00000258810.1	AL133371.2	chr14	20783888	20784293	3	3	3
ENSG00000129538.14	RNASE1	chr14	20801228	20802855	3	3	3
ENSG00000259130.2	AL133371.3	chr14	20870278	20873848	3	3	3
ENSG00000258642.1	AL133371.1	chr14	20874305	20875768	3	3	3
ENSG00000169397.3	RNASE3	chr14	20891399	20892348	3	3	3
ENSG00000258918.1	AL355922.4	chr14	20897985	20936255	3	3	3
ENSG00000258772.1	AL355922.3	chr14	20916766	20928580	3	3	3
ENSG00000136315.4	AL355922.1	chr14	20919361	20920299	3	3	3
ENSG00000169385.3	RNASE2	chr14	20955487	20956436	3	3	3
ENSG00000243817.3	RN7SL189P	chr14	20963579	20963867	3	3	3
ENSG00000258599.2	AL355922.2	chr14	20983155	20985066	3	3	3
ENSG00000165792.18	METTL17	chr14	20989973	20997035	3	3	3
ENSG00000258471.2	AL161668.3	chr14	20995837	21014822	3	3	3
ENSG00000165794.10	SLC39A2	chr14	20999255	21001871	3	3	3
ENSG00000165795.23	NDRG2	chr14	21016763	21070872	3	3	3
ENSG00000284122.1	MIR6717	chr14	21023314	21023386	3	3	3
ENSG00000179636.15	TPPP2	chr14	21024109	21036276	3	3	3
ENSG00000258604.1	AL161668.4	chr14	21024172	21029271	3	3	3
ENSG00000255472.1	AL161668.2	chr14	21032818	21033895	3	3	3
ENSG00000206150.4	RNASE13	chr14	21032818	21034807	3	3	3
ENSG00000165799.5	RNASE7	chr14	21042316	21044234	3	3	3
ENSG00000173431.2	RNASE8	chr14	21057822	21058455	3	3	3
ENSG00000165801.10	ARHGEF40	chr14	21070273	21090248	3	3	3
ENSG00000165804.16	ZNF219	chr14	21090077	21104722	3	3	3
ENSG00000232070.9	TMEM253	chr14	21098811	21103724	3	3	3
ENSG00000178107.2	AL161668.1	chr14	21108043	21116703	3	3	3
ENSG00000258722.2	CKAP2P1	chr14	21110295	21113472	3	3	3
ENSG00000200102.1	RNU6-252P	chr14	21113639	21113745	3	3	3
ENSG00000169327.5	OR5AU1	chr14	21148370	21159060	3	3	3
ENSG00000259102.2	SMARCE1P3	chr14	21162513	21163743	3	3	3
ENSG00000258906.2	AL157687.1	chr14	21184341	21184959	3	3	3
ENSG00000258441.1	LINC00641	chr14	21200079	21206900	3	3	3
ENSG00000092199.18	HNRNPC	chr14	21209136	21269494	3	3	3
ENSG00000092200.12	RPGRIP1	chr14	21287939	21351301	3	3	3
ENSG00000092201.10	SUPT16H	chr14	21351476	21384019	3	3	3
ENSG00000260830.1	AL135744.1	chr14	21384292	21384920	3	3	3
ENSG00000100888.15	CHD8	chr14	21385194	21456126	3	3	3
ENSG00000199436.1	SNORD9	chr14	21392150	21392253	3	3	3
ENSG00000200785.1	SNORD8	chr14	21397292	21397401	3	3	3
ENSG00000241035.2	AL161747.1	chr14	21398925	21399282	3	3	3
ENSG00000258870.1	EIF4EBP1P1	chr14	21419620	21419960	3	3	3
ENSG00000274475.1	RN7SL650P	chr14	21429508	21429806	3	3	3
ENSG00000129472.15	RAB2B	chr14	21459020	21476960	3	3	3
ENSG00000092203.15	TOX4	chr14	21476597	21499175	3	3	3
ENSG00000165819.12	METTL3	chr14	21498133	21511342	3	3	3
ENSG00000165821.12	SALL2	chr14	21521080	21537216	3	3	3
ENSG00000257096.1	AL161747.2	chr14	21521083	21522660	3	3	3
ENSG00000256737.1	RBBP4P5	chr14	21563819	21565084	3	3	3
ENSG00000169208.3	OR10G3	chr14	21568520	21580076	3	3	3
ENSG00000256081.2	AC243972.2	chr14	21585290	21586280	3	3	3
ENSG00000273586.2	OR10G1P	chr14	21601882	21602825	3	3	3
ENSG00000256385.1	UBE2NP1	chr14	21611924	21612381	3	3	3
ENSG00000255569.1	TRAV1-1	chr14	21621838	21622567	3	3	3
ENSG00000255582.1	OR10G2	chr14	21633836	21634940	3	3	3
ENSG00000256553.1	TRAV1-2	chr14	21642889	21643578	3	3	3
ENSG00000255664.1	ARL6IP1P1	chr14	21649728	21650337	3	3	3
ENSG00000221977.2	OR4E2	chr14	21653835	21667642	3	3	3
ENSG00000276240.2	OR4E1	chr14	21667940	21673818	3	3	3
ENSG00000256350.1	AC243972.3	chr14	21698954	21699151	3	3	3
ENSG00000211776.2	TRAV2	chr14	21712321	21712843	3	3	3
ENSG00000248358.2	AC243972.1	chr14	21714795	21716262	3	3	3
ENSG00000211777.2	TRAV3	chr14	21723713	21724321	3	3	3
ENSG00000211778.2	TRAV4	chr14	21736152	21736982	3	3	3
ENSG00000211779.3	TRAV5	chr14	21749178	21749705	3	3	3
ENSG00000240954.1	RPL4P1	chr14	21750269	21751546	3	3	3
ENSG00000211780.3	TRAV6	chr14	21768489	21769080	3	3	3
ENSG00000211781.3	TRAV7	chr14	21782993	21783503	3	3	3
ENSG00000211782.2	TRAV8-1	chr14	21797287	21797886	3	3	3
ENSG00000211783.3	TRAV9-1	chr14	21811502	21811977	3	3	3
ENSG00000211784.2	TRAV10	chr14	21825472	21826075	3	3	3
ENSG00000256474.1	TRAV11	chr14	21829539	21830070	3	3	3
ENSG00000211785.1	TRAV12-1	chr14	21841240	21841774	3	3	3
ENSG00000211786.3	TRAV8-2	chr14	21846537	21847221	3	3	3
ENSG00000211787.1	TRAV8-3	chr14	21852558	21853006	3	3	3
ENSG00000211788.2	TRAV13-1	chr14	21868839	21869365	3	3	3
ENSG00000211789.2	TRAV12-2	chr14	21887857	21888502	3	3	3
ENSG00000211790.2	TRAV8-4	chr14	21894433	21895030	3	3	3
ENSG00000256379.2	TRAV8-5	chr14	21903077	21904598	3	3	3
ENSG00000211791.2	TRAV13-2	chr14	21918188	21918756	3	3	3
ENSG00000211792.2	TRAV14DV4	chr14	21924063	21924651	3	3	3
ENSG00000211793.2	TRAV9-2	chr14	21941128	21941657	3	3	3
ENSG00000258482.1	TRAV15	chr14	21950406	21950654	3	3	3
ENSG00000258557.1	AC245505.1	chr14	21962819	21963042	3	3	3
ENSG00000211794.3	TRAV12-3	chr14	21965451	21966061	3	3	3
ENSG00000211795.3	TRAV8-6	chr14	21978459	21979120	3	3	3
ENSG00000211796.1	TRAV16	chr14	21990496	21990938	3	3	3
ENSG00000211797.2	TRAV17	chr14	21997539	21998168	3	3	3
ENSG00000211798.3	TRAV18	chr14	22003106	22003673	3	3	3
ENSG00000211799.3	TRAV19	chr14	22007512	22008181	3	3	3
ENSG00000258705.2	AC245505.2	chr14	22011910	22014964	3	3	3
ENSG00000211800.3	TRAV20	chr14	22040594	22041153	3	3	3
ENSG00000211801.3	TRAV21	chr14	22052514	22053056	3	3	3
ENSG00000276428.1	AC245505.3	chr14	22066016	22066373	3	3	3
ENSG00000211802.3	TRAV22	chr14	22070557	22071208	3	3	3
ENSG00000211803.2	TRAV23DV6	chr14	22086407	22086961	3	3	3
ENSG00000211804.3	TRDV1	chr14	22096032	22096619	3	3	3
ENSG00000211805.1	TRAV24	chr14	22105343	22105846	3	3	3
ENSG00000211806.2	TRAV25	chr14	22112347	22113031	3	3	3
ENSG00000211807.3	TRAV26-1	chr14	22123318	22124285	3	3	3
ENSG00000211808.3	TRAV8-7	chr14	22132553	22133034	3	3	3
ENSG00000211809.2	TRAV27	chr14	22147995	22148633	3	3	3
ENSG00000258835.1	TRAV28	chr14	22155079	22155638	3	3	3
ENSG00000211810.3	TRAV29DV5	chr14	22163238	22163870	3	3	3
ENSG00000259092.1	TRAV30	chr14	22168429	22168988	3	3	3
ENSG00000249048.2	TRAV31	chr14	22177273	22177864	3	3	3
ENSG00000258905.1	TRAV32	chr14	22185562	22186057	3	3	3
ENSG00000258812.1	TRAV33	chr14	22190158	22190713	3	3	3
ENSG00000251002.8	AC244502.1	chr14	22197446	22482959	3	3	3
ENSG00000211812.1	TRAV26-2	chr14	22202583	22203368	3	3	3
ENSG00000211813.2	TRAV34	chr14	22207522	22208129	3	3	3
ENSG00000211814.1	TRAV35	chr14	22221896	22222475	3	3	3
ENSG00000211815.3	TRAV36DV7	chr14	22226746	22227254	3	3	3
ENSG00000259068.1	TRAV37	chr14	22265749	22266264	3	3	3
ENSG00000211816.2	TRAV38-1	chr14	22271968	22272563	3	3	3
ENSG00000211817.2	TRAV38-2DV8	chr14	22281105	22281748	3	3	3
ENSG00000211818.1	TRAV39	chr14	22304054	22304553	3	3	3
ENSG00000211819.3	TRAV40	chr14	22314490	22314919	3	3	3
ENSG00000211820.1	TRAV41	chr14	22320188	22320691	3	3	3
ENSG00000256221.1	AC244502.2	chr14	22332922	22334685	3	3	3
ENSG00000259042.3	AC244502.3	chr14	22415362	22418657	3	3	3
ENSG00000211821.2	TRDV2	chr14	22422371	22423042	3	3	3
ENSG00000223997.1	TRDD1	chr14	22438547	22438554	3	3	3
ENSG00000237235.2	TRDD2	chr14	22439007	22439015	3	3	3
ENSG00000228985.1	TRDD3	chr14	22449113	22449125	3	3	3
ENSG00000211825.1	TRDJ1	chr14	22450089	22450139	3	3	3
ENSG00000211826.1	TRDJ4	chr14	22455249	22455296	3	3	3
ENSG00000211827.1	TRDJ2	chr14	22456689	22456742	3	3	3
ENSG00000211828.1	TRDJ3	chr14	22459098	22459156	3	3	3
ENSG00000211829.9	TRDC	chr14	22462932	22465787	3	3	3
ENSG00000256590.2	TRDV3	chr14	22469041	22469698	3	3	3
ENSG00000211831.2	TRAJ61	chr14	22475316	22475375	3	3	3
ENSG00000249446.2	TRAJ60	chr14	22476306	22476362	3	3	3
ENSG00000211832.2	TRAJ59	chr14	22476553	22476606	3	3	3
ENSG00000211833.1	TRAJ58	chr14	22477707	22477769	3	3	3
ENSG00000211834.1	TRAJ57	chr14	22478872	22478934	3	3	3
ENSG00000211835.1	TRAJ56	chr14	22479521	22479582	3	3	3
ENSG00000250688.1	TRAJ55	chr14	22481697	22481753	3	3	3
ENSG00000211836.1	TRAJ54	chr14	22482287	22482346	3	3	3
ENSG00000211837.1	TRAJ53	chr14	22483004	22483069	3	3	3
ENSG00000211838.1	TRAJ52	chr14	22486228	22486296	3	3	3
ENSG00000248366.1	TRAJ51	chr14	22487183	22487245	3	3	3
ENSG00000211839.1	TRAJ50	chr14	22488593	22488652	3	3	3
ENSG00000211840.1	TRAJ49	chr14	22489488	22489543	3	3	3
ENSG00000211841.1	TRAJ48	chr14	22490491	22490553	3	3	3
ENSG00000211842.1	TRAJ47	chr14	22492851	22492907	3	3	3
ENSG00000211843.1	TRAJ46	chr14	22493403	22493465	3	3	3
ENSG00000211844.1	TRAJ45	chr14	22493925	22493990	3	3	3
ENSG00000211845.1	TRAJ44	chr14	22494821	22494883	3	3	3
ENSG00000211846.1	TRAJ43	chr14	22495913	22495966	3	3	3
ENSG00000211847.1	TRAJ42	chr14	22496887	22496952	3	3	3
ENSG00000211848.1	TRAJ41	chr14	22497657	22497718	3	3	3
ENSG00000211849.1	TRAJ40	chr14	22499689	22499749	3	3	3
ENSG00000211850.1	TRAJ39	chr14	22501601	22501663	3	3	3
ENSG00000211851.1	TRAJ38	chr14	22502231	22502292	3	3	3
ENSG00000278661.1	TRAJ37	chr14	22503750	22503814	3	3	3
ENSG00000276699.1	TRAJ36	chr14	22505110	22505167	3	3	3
ENSG00000211854.1	TRAJ35	chr14	22506644	22506702	3	3	3
ENSG00000211855.1	TRAJ34	chr14	22507666	22507723	3	3	3
ENSG00000211856.1	TRAJ33	chr14	22508602	22508658	3	3	3
ENSG00000211857.1	TRAJ32	chr14	22509341	22509406	3	3	3
ENSG00000211858.1	TRAJ31	chr14	22510968	22511024	3	3	3
ENSG00000211859.1	TRAJ30	chr14	22512852	22512908	3	3	3
ENSG00000211860.1	TRAJ29	chr14	22513939	22513998	3	3	3
ENSG00000211861.1	TRAJ28	chr14	22515623	22515688	3	3	3
ENSG00000211862.1	TRAJ27	chr14	22516273	22516331	3	3	3
ENSG00000211863.1	TRAJ26	chr14	22518446	22518505	3	3	3
ENSG00000211864.2	TRAJ25	chr14	22518812	22518871	3	3	3
ENSG00000211865.1	TRAJ24	chr14	22519969	22520031	3	3	3
ENSG00000211866.1	TRAJ23	chr14	22520416	22520478	3	3	3
ENSG00000211867.1	TRAJ22	chr14	22522040	22522102	3	3	3
ENSG00000211868.1	TRAJ21	chr14	22523600	22523654	3	3	3
ENSG00000211869.1	TRAJ20	chr14	22524325	22524381	3	3	3
ENSG00000211870.1	TRAJ19	chr14	22525263	22525322	3	3	3
ENSG00000211871.1	TRAJ18	chr14	22525650	22525715	3	3	3
ENSG00000211872.1	TRAJ17	chr14	22526844	22526906	3	3	3
ENSG00000211873.1	TRAJ16	chr14	22528527	22528586	3	3	3
ENSG00000211875.1	TRAJ14	chr14	22530327	22530378	3	3	3
ENSG00000211876.1	TRAJ13	chr14	22531076	22531138	3	3	3
ENSG00000211877.1	TRAJ12	chr14	22531939	22531998	3	3	3
ENSG00000211878.1	TRAJ11	chr14	22532502	22532561	3	3	3
ENSG00000211879.1	TRAJ10	chr14	22533497	22533560	3	3	3
ENSG00000211880.1	TRAJ9	chr14	22535554	22535614	3	3	3
ENSG00000211881.1	TRAJ8	chr14	22536145	22536204	3	3	3
ENSG00000211882.1	TRAJ7	chr14	22537622	22537680	3	3	3
ENSG00000211883.1	TRAJ6	chr14	22539073	22539134	3	3	3
ENSG00000211884.1	TRAJ5	chr14	22540247	22540306	3	3	3
ENSG00000211885.1	TRAJ4	chr14	22542199	22542261	3	3	3
ENSG00000211886.1	TRAJ3	chr14	22543179	22543240	3	3	3
ENSG00000211887.2	TRAJ2	chr14	22544071	22544136	3	3	3
ENSG00000211888.2	TRAJ1	chr14	22545037	22545098	3	3	3
ENSG00000277734.8	TRAC	chr14	22547506	22552156	3	3	3
ENSG00000259054.1	LINC02332	chr14	22556311	22557062	3	3	3
ENSG00000259003.1	AC243965.1	chr14	22556640	22559037	3	3	3
ENSG00000129562.11	DAD1	chr14	22564907	22589224	3	3	3
ENSG00000275552.1	AC243965.2	chr14	22595808	22598946	3	3	3
ENSG00000100439.10	ABHD4	chr14	22598237	22613215	3	3	3
ENSG00000255804.2	OR6J1	chr14	22630929	22644352	3	3	3
ENSG00000242061.1	AL160314.1	chr14	22694098	22694535	3	3	3
ENSG00000258458.8	AL160314.2	chr14	22701476	22766562	3	3	3
ENSG00000235213.1	OR6E1P	chr14	22702143	22703065	3	3	3
ENSG00000258823.1	AL160314.3	chr14	22723476	22726572	3	3	3
ENSG00000212302.1	AL135998.1	chr14	22756761	22756829	3	3	3
ENSG00000155463.14	OXA1L	chr14	22766522	22773042	3	3	3
ENSG00000155465.20	SLC7A7	chr14	22773222	22829820	3	3	3
ENSG00000172590.18	MRPL52	chr14	22829879	22835037	3	3	3
ENSG00000157227.13	MMP14	chr14	22836560	22849027	3	3	3
ENSG00000212335.1	Y_RNA	chr14	22852616	22852728	3	3	3
ENSG00000199716.1	Y_RNA	chr14	22867818	22867917	3	3	3
ENSG00000197324.9	LRP10	chr14	22871740	22881713	3	3	3
ENSG00000139890.10	REM2	chr14	22883222	22887678	3	3	3
ENSG00000100461.18	RBM23	chr14	22893204	22919182	3	3	3
ENSG00000237054.9	PRMT5-AS1	chr14	22918947	22926900	3	3	3
ENSG00000100462.16	PRMT5	chr14	22920525	22929408	3	3	3
ENSG00000257285.6	AL132780.1	chr14	22929607	22956374	3	3	3
ENSG00000092036.18	HAUS4	chr14	22946228	22957161	3	3	3
ENSG00000259132.1	AL132780.3	chr14	22946270	22982258	3	3	3
ENSG00000284118.1	MIR4707	chr14	22956950	22957029	3	3	3
ENSG00000129474.16	AJUBA	chr14	22971177	22982551	3	3	3
ENSG00000258457.5	AL132780.2	chr14	22982698	22999078	3	3	3
ENSG00000100802.15	C14orf93	chr14	22985894	23010166	3	3	3
ENSG00000280129.1	AL132780.5	chr14	23005499	23007123	3	3	3
ENSG00000100804.19	PSMB5	chr14	23016543	23035230	3	3	3
ENSG00000279656.1	AL132780.4	chr14	23023083	23024217	3	3	3
ENSG00000222028.5	PSMB11	chr14	23042212	23044060	3	3	3
ENSG00000139880.19	CDH24	chr14	23047062	23057538	3	3	3
ENSG00000100813.14	ACIN1	chr14	23058564	23095614	3	3	3
ENSG00000179933.6	C14orf119	chr14	23095505	23100456	3	3	3
ENSG00000283654.3	LMLN2	chr14	23099062	23104989	3	3	3
ENSG00000092067.6	CEBPE	chr14	23117306	23119255	3	3	3
ENSG00000092068.20	SLC7A8	chr14	23125295	23183674	3	3	3
ENSG00000202229.1	RNU6-1138P	chr14	23156309	23156414	3	3	3
ENSG00000215277.8	RNF212B	chr14	23185316	23273477	3	3	3
ENSG00000240131.1	AL049829.1	chr14	23229961	23230116	3	3	3
ENSG00000252347.1	RNU6-1046P	chr14	23259460	23259566	3	3	3
ENSG00000215271.9	HOMEZ	chr14	23272422	23299447	3	3	3
ENSG00000270433.1	H3P37	chr14	23293852	23295798	3	3	3
ENSG00000235194.9	PPP1R3E	chr14	23295652	23302859	3	3	3
ENSG00000129473.11	BCL2L2	chr14	23298790	23311751	3	3	3
ENSG00000258643.6	BCL2L2-PABPN1	chr14	23306833	23326175	3	3	3
ENSG00000100836.10	PABPN1	chr14	23321289	23326185	3	3	3
ENSG00000092096.18	SLC22A17	chr14	23346306	23352912	3	3	3
ENSG00000100842.13	EFS	chr14	23356403	23365752	3	3	3
ENSG00000259018.1	AL049829.2	chr14	23356406	23357003	3	3	3
ENSG00000166090.8	IL25	chr14	23372809	23376403	3	3	3
ENSG00000166091.21	CMTM5	chr14	23376773	23379772	3	3	3
ENSG00000197616.13	MYH6	chr14	23381982	23408273	3	3	3
ENSG00000199157.2	MIR208A	chr14	23388596	23388666	3	3	3
ENSG00000092054.13	MYH7	chr14	23412740	23435660	3	3	3
ENSG00000258444.1	AL132855.1	chr14	23415339	23415686	3	3	3
ENSG00000215991.1	MIR208B	chr14	23417987	23418063	3	3	3
ENSG00000129460.16	NGDN	chr14	23469689	23509862	3	3	3
ENSG00000157306.14	ZFHX2-AS1	chr14	23511760	23560778	3	3	3
ENSG00000136367.14	ZFHX2	chr14	23520857	23556192	3	3	3
ENSG00000273618.1	AL135999.2	chr14	23530682	23532367	3	3	3
ENSG00000259431.6	THTPA	chr14	23555988	23560271	3	3	3
ENSG00000213983.12	AP1G2	chr14	23559565	23568070	3	3	3
ENSG00000258727.1	AL135999.1	chr14	23561097	23568073	3	3	3
ENSG00000092051.17	JPH4	chr14	23568035	23578790	3	3	3
ENSG00000274002.1	AL135999.3	chr14	23619201	23620012	3	3	3
ENSG00000100867.15	DHRS2	chr14	23630115	23645639	3	3	3
ENSG00000258464.2	AL160237.1	chr14	23699797	23729757	3	3	3
ENSG00000259043.1	BRD7P1	chr14	23749236	23751150	3	3	3
ENSG00000270618.1	AL160237.3	chr14	23767662	23768998	3	3	3
ENSG00000222931.1	RN7SKP205	chr14	23791930	23792236	3	3	3
ENSG00000258887.3	AL160237.2	chr14	23817281	23827396	3	3	3
ENSG00000285727.1	AL136419.2	chr14	23875938	23882428	3	3	3
ENSG00000259334.1	LINC00596	chr14	23922247	23934568	3	3	3
ENSG00000215256.4	DHRS4-AS1	chr14	23938219	24052555	3	3	3
ENSG00000157326.19	DHRS4	chr14	23953734	23969279	3	3	3
ENSG00000187630.17	DHRS4L2	chr14	23969874	24006408	3	3	3
ENSG00000285467.1	AL136419.1	chr14	23969931	24051377	3	3	3
ENSG00000286931.1	AL136419.3	chr14	24007185	24027782	3	3	3
ENSG00000225766.10	DHRS4L1	chr14	24036453	24051028	3	3	3
ENSG00000186648.15	CARMIL3	chr14	24052009	24069729	3	3	3
ENSG00000100884.9	CPNE6	chr14	24070837	24078100	3	3	3
ENSG00000129535.13	NRL	chr14	24078662	24115010	3	3	3
ENSG00000100889.12	PCK2	chr14	24094053	24110598	3	3	3
ENSG00000100897.18	DCAF11	chr14	24114195	24125242	3	3	3
ENSG00000259371.2	AL136295.3	chr14	24120956	24131829	3	3	3
ENSG00000139914.6	FITM1	chr14	24131275	24132849	3	3	3
ENSG00000092010.15	PSME1	chr14	24136163	24138967	3	3	3
ENSG00000100908.14	EMC9	chr14	24138959	24141591	3	3	3
ENSG00000259321.1	AL136295.2	chr14	24139445	24140444	3	3	3
ENSG00000100911.16	PSME2	chr14	24143362	24147570	3	3	3
ENSG00000283856.1	MIR7703	chr14	24143489	24143565	3	3	3
ENSG00000092098.17	RNF31	chr14	24146683	24160660	3	3	3
ENSG00000259529.2	AL136295.5	chr14	24147548	24166452	3	3	3
ENSG00000199804.1	RNA5SP383	chr14	24158603	24158722	3	3	3
ENSG00000213928.9	IRF9	chr14	24161265	24166565	3	3	3
ENSG00000100918.13	REC8	chr14	24171853	24180257	3	3	3
ENSG00000196497.17	IPO4	chr14	24180219	24188869	3	3	3
ENSG00000259522.3	AL136295.4	chr14	24180395	24190416	3	3	3
ENSG00000287765.1	AL136295.22	chr14	24188914	24193106	3	3	3
ENSG00000100926.15	TM9SF1	chr14	24189149	24195687	3	3	3
ENSG00000254692.1	AL136295.1	chr14	24189157	24213473	3	3	3
ENSG00000276698.1	AL136295.6	chr14	24198433	24199090	3	3	3
ENSG00000278784.1	AL136295.7	chr14	24201612	24202811	3	3	3
ENSG00000139908.15	TSSK4	chr14	24205696	24208362	3	3	3
ENSG00000254505.11	CHMP4A	chr14	24209615	24213830	3	3	3
ENSG00000260669.2	AL096870.2	chr14	24209646	24215987	3	3	3
ENSG00000213920.9	MDP1	chr14	24213943	24216070	3	3	3
ENSG00000255526.6	NEDD8-MDP1	chr14	24213955	24232352	3	3	3
ENSG00000129559.13	NEDD8	chr14	24216857	24232367	3	3	3
ENSG00000100938.18	GMPR2	chr14	24232422	24239242	3	3	3
ENSG00000092330.18	TINF2	chr14	24239643	24242674	3	3	3
ENSG00000092295.12	TGM1	chr14	24249114	24264432	3	3	3
ENSG00000100949.14	RABGGTA	chr14	24265538	24271739	3	3	3
ENSG00000288044.1	AL096870.12	chr14	24271213	24298846	3	3	3
ENSG00000286825.1	AL096870.10	chr14	24271726	24279089	3	3	3
ENSG00000157379.14	DHRS1	chr14	24290598	24299780	3	3	3
ENSG00000196943.14	NOP9	chr14	24299850	24309124	3	3	3
ENSG00000136305.11	CIDEB	chr14	24305096	24311430	3	3	3
ENSG00000213906.10	LTB4R2	chr14	24305734	24312053	3	3	3
ENSG00000213903.9	LTB4R	chr14	24311450	24318036	3	3	3
ENSG00000129467.14	ADCY4	chr14	24318349	24335093	3	3	3
ENSG00000258973.1	AL096870.1	chr14	24332310	24337382	3	3	3
ENSG00000129465.16	RIPK3	chr14	24336025	24340022	3	3	3
ENSG00000283290.1	U6	chr14	24352057	24352157	3	3	3
ENSG00000100968.14	NFATC4	chr14	24365673	24379604	3	3	3
ENSG00000205978.6	NYNRIN	chr14	24399003	24419283	3	3	3
ENSG00000139899.11	CBLN3	chr14	24426545	24430954	3	3	3
ENSG00000100441.10	KHNYN	chr14	24429286	24441843	3	3	3
ENSG00000100445.17	SDR39U1	chr14	24439766	24442905	3	3	3
ENSG00000258744.2	AL132800.1	chr14	24443016	24508688	3	3	3
ENSG00000092009.10	CMA1	chr14	24505353	24508265	3	3	3
ENSG00000100448.4	CTSG	chr14	24573518	24576250	3	3	3
ENSG00000258657.5	AL136018.1	chr14	24595723	24657774	3	3	3
ENSG00000100450.13	GZMH	chr14	24606480	24609699	3	3	3
ENSG00000100453.13	GZMB	chr14	24630954	24634267	3	3	3
ENSG00000168952.15	STXBP6	chr14	24809656	25050297	3	3	3
ENSG00000288100.1	AL161663.2	chr14	24818385	24820157	3	3	3
ENSG00000287481.1	AL161663.1	chr14	24861172	24865978	3	3	3
ENSG00000258098.2	LINC02286	chr14	25124467	25156314	3	3	3
ENSG00000257179.1	HMGN2P6	chr14	25267064	25267336	3	3	3
ENSG00000258275.1	OR7K1P	chr14	25357764	25358689	3	3	3
ENSG00000257976.1	AL079352.1	chr14	25431193	25432234	3	3	3
ENSG00000257986.3	LINC02306	chr14	25647304	26143305	3	3	3
ENSG00000212270.1	AL359396.1	chr14	25806648	25806712	3	3	3
ENSG00000279521.1	AL359396.2	chr14	25820366	25822741	3	3	3
ENSG00000285633.1	AL132633.1	chr14	25916015	25998805	3	3	3
ENSG00000257503.1	CYB5AP5	chr14	26208036	26208424	3	3	3
ENSG00000139910.20	NOVA1	chr14	26443090	26598033	3	3	3
ENSG00000262119.1	AL079343.1	chr14	26592747	26594517	3	3	3
ENSG00000257842.6	LINC02588	chr14	26598369	26806467	3	3	3
ENSG00000258081.4	AL110292.1	chr14	26599755	27295516	3	3	3
ENSG00000257845.1	LINC02294	chr14	26775495	26822107	3	3	3
ENSG00000257185.2	LINC02293	chr14	26809340	26836458	3	3	3
ENSG00000286479.1	AL132718.1	chr14	26831401	26873036	3	3	3
ENSG00000257612.2	MIR4307HG	chr14	26873092	26918594	3	3	3
ENSG00000265165.1	MIR4307	chr14	26908642	26908725	3	3	3
ENSG00000258932.5	AL390334.1	chr14	27258717	27845286	3	3	3
ENSG00000258548.6	LINC00645	chr14	27612577	27639636	3	3	3
ENSG00000264657.1	MIR3171	chr14	27633205	27633278	3	3	3
ENSG00000197358.9	BNIP3P1	chr14	28264390	28265974	3	3	3
ENSG00000257869.1	AL139023.1	chr14	28318141	28418612	3	3	3
ENSG00000240179.1	RPL26P3	chr14	28489910	28490362	3	3	3
ENSG00000258175.1	LINC02300	chr14	28592223	28613623	3	3	3
ENSG00000257662.1	EIF4A1P12	chr14	28593779	28593919	3	3	3
ENSG00000258282.2	BTF3P2	chr14	28673241	28673727	3	3	3
ENSG00000257126.6	FOXG1-AS1	chr14	28726675	28765292	3	3	3
ENSG00000288617.1	AL049777.1	chr14	28765640	28792284	3	3	3
ENSG00000176165.12	FOXG1	chr14	28766787	28770277	3	3	3
ENSG00000186960.12	LINC01551	chr14	28771676	28823817	3	3	3
ENSG00000257056.3	LINC02282	chr14	28782909	28785798	3	3	3
ENSG00000257748.2	LINC02281	chr14	28800084	28830204	3	3	3
ENSG00000258038.6	LINC02327	chr14	28829881	28968400	3	3	3
ENSG00000258065.1	AL122126.1	chr14	28857384	28858701	3	3	3
ENSG00000257523.3	LINC02326	chr14	28875404	29064993	3	3	3
ENSG00000207164.1	Y_RNA	chr14	28901236	28901347	3	3	3
ENSG00000258028.3	AL135878.1	chr14	28936889	29372406	3	3	3
ENSG00000252065.1	RNU6-864P	chr14	28982303	28982410	3	3	3
ENSG00000257522.7	AL133166.1	chr14	29210986	29392048	3	3	3
ENSG00000258107.3	AL158058.1	chr14	29390074	29436412	3	3	3
ENSG00000286040.1	AL158058.2	chr14	29415856	29500460	3	3	3
ENSG00000212518.1	RNU11-5P	chr14	29476784	29476912	3	3	3
ENSG00000184304.16	PRKD1	chr14	29576479	30191898	3	3	3
ENSG00000257120.1	AL356756.1	chr14	29652809	29657916	3	3	3
ENSG00000252686.1	RNU6-1234P	chr14	29811916	29812018	3	3	3
ENSG00000287142.1	AL355053.1	chr14	29928445	29932756	3	3	3
ENSG00000257904.1	AL133372.3	chr14	29940745	29980212	3	3	3
ENSG00000248975.2	AL133372.2	chr14	29952397	30297043	3	3	3
ENSG00000240201.1	AL133372.1	chr14	30055210	30055954	3	3	3
ENSG00000279032.1	AL079305.1	chr14	30370108	30373115	3	3	3
ENSG00000257636.6	G2E3-AS1	chr14	30437992	30573629	3	3	3
ENSG00000278587.1	AL117355.1	chr14	30519161	30519318	3	3	3
ENSG00000258350.1	SYF2P1	chr14	30541776	30542188	3	3	3
ENSG00000092140.16	G2E3	chr14	30559158	30620064	3	3	3
ENSG00000092108.22	SCFD1	chr14	30622291	30737694	3	3	3
ENSG00000258648.1	UBE2CP1	chr14	30683045	30683598	3	3	3
ENSG00000258558.1	AL121852.1	chr14	30734926	30822702	3	3	3
ENSG00000243855.1	RPL12P5	chr14	30791098	30791489	3	3	3
ENSG00000240513.1	AL049830.2	chr14	30819714	30819914	3	3	3
ENSG00000213867.4	AL049830.1	chr14	30821419	30821843	3	3	3
ENSG00000100473.18	COCH	chr14	30874514	30895065	3	3	3
ENSG00000258525.2	AL049830.3	chr14	30876179	30889808	3	3	3
ENSG00000196792.12	STRN3	chr14	30893799	31026401	3	3	3
ENSG00000258886.2	HIGD1AP17	chr14	30964347	30964622	3	3	3
ENSG00000207952.1	MIR624	chr14	31014646	31014742	3	3	3
ENSG00000258968.2	AL049830.4	chr14	31018446	31018796	3	3	3
ENSG00000100478.15	AP4S1	chr14	31025106	31130996	3	3	3
ENSG00000092148.13	HECTD1	chr14	31100112	31207804	3	3	3
ENSG00000258640.3	RPL21P5	chr14	31111569	31112239	3	3	3
ENSG00000207440.1	RNU6-541P	chr14	31142939	31143048	3	3	3
ENSG00000202402.1	Y_RNA	chr14	31244761	31244861	3	3	3
ENSG00000257831.1	AL136418.1	chr14	31248628	31302739	3	3	3
ENSG00000199291.1	Y_RNA	chr14	31258608	31258709	3	3	3
ENSG00000129493.15	HEATR5A	chr14	31291788	31420550	3	3	3
ENSG00000283016.1	ATP5MC1P2	chr14	31320224	31320634	3	3	3
ENSG00000203546.7	AL139353.1	chr14	31334312	31457441	3	3	3
ENSG00000250365.7	AL139353.2	chr14	31420286	31452883	3	3	3
ENSG00000129480.13	DTD2	chr14	31446036	31457506	3	3	3
ENSG00000239323.1	AL163973.1	chr14	31462795	31463371	3	3	3
ENSG00000214943.5	GPR33	chr14	31482875	31488039	3	3	3
ENSG00000151413.17	NUBPL	chr14	31489956	31861224	3	3	3
ENSG00000258196.1	AL163973.3	chr14	31553358	31558498	3	3	3
ENSG00000257155.1	AL163973.2	chr14	31558507	31561334	3	3	3
ENSG00000223087.2	RNU6-602P	chr14	31662039	31662143	3	3	3
ENSG00000207412.1	RNU6-455P	chr14	31686692	31686798	3	3	3
ENSG00000257472.1	AL355112.1	chr14	31925801	31930146	3	3	3
ENSG00000258474.1	LINC02313	chr14	31944853	31950382	3	3	3
ENSG00000275002.1	AL352984.2	chr14	31964550	31965095	3	3	3
ENSG00000258386.1	AL352984.1	chr14	32006902	32018685	3	3	3
ENSG00000258655.2	ARHGAP5-AS1	chr14	32074946	32076793	3	3	3
ENSG00000100852.13	ARHGAP5	chr14	32076114	32159728	3	3	3
ENSG00000285608.1	AL161665.1	chr14	32149176	32158008	3	3	3
ENSG00000286527.1	AL161665.2	chr14	32200433	32201736	3	3	3
ENSG00000201654.1	RNU6-7	chr14	32202045	32202151	3	3	3
ENSG00000202337.1	RNU6-8	chr14	32203163	32203269	3	3	3
ENSG00000258619.2	AL136298.2	chr14	32241524	32243093	3	3	3
ENSG00000259086.3	KIAA1143P1	chr14	32271857	32272301	3	3	3
ENSG00000151320.11	AKAP6	chr14	32329298	32837684	3	3	3
ENSG00000258580.1	AL136298.1	chr14	32373337	32417974	3	3	3
ENSG00000278746.1	RN7SL660P	chr14	32442341	32442639	3	3	3
ENSG00000259045.1	MTCO1P2	chr14	32484098	32484800	3	3	3
ENSG00000280281.1	AL049781.1	chr14	32879246	32882830	3	3	3
ENSG00000151322.19	NPAS3	chr14	32934396	33804176	3	3	3
ENSG00000287153.1	AL161851.1	chr14	33597057	33600989	3	3	3
ENSG00000287777.1	AL161851.2	chr14	33677360	33682886	3	3	3
ENSG00000129521.15	EGLN3	chr14	33924227	34462774	3	3	3
ENSG00000258897.1	EGLN3-AS1	chr14	34040097	34059300	3	3	3
ENSG00000223593.1	AL356806.1	chr14	34416687	34417602	3	3	3
ENSG00000165389.7	SPTSSA	chr14	34432788	34462240	3	3	3
ENSG00000237450.5	RPL23AP71	chr14	34485979	34486447	3	3	3
ENSG00000129518.9	EAPP	chr14	34515938	34539711	3	3	3
ENSG00000279423.1	AL445363.3	chr14	34541044	34541714	3	3	3
ENSG00000259002.2	AL445363.1	chr14	34541740	34546329	3	3	3
ENSG00000206596.1	RNU1-27P	chr14	34546714	34546877	3	3	3
ENSG00000206588.1	RNU1-28P	chr14	34556226	34556389	3	3	3
ENSG00000259135.1	AL445363.2	chr14	34556774	34561298	3	3	3
ENSG00000129515.20	SNX6	chr14	34561093	34630160	3	3	3
ENSG00000240463.1	RPS19P3	chr14	34568689	34569129	3	3	3
ENSG00000275978.1	Metazoa_SRP	chr14	34659564	34659878	3	3	3
ENSG00000253003.1	RNU6-1261P	chr14	34675891	34675994	3	3	3
ENSG00000241582.1	RPL23AP8	chr14	34694170	34694644	3	3	3
ENSG00000165410.15	CFL2	chr14	34709113	34714823	3	3	3
ENSG00000243824.1	RPL12P6	chr14	34740336	34740833	3	3	3
ENSG00000198604.11	BAZ1A	chr14	34752731	34875647	3	3	3
ENSG00000251726.1	RNU7-41P	chr14	34845300	34845360	3	3	3
ENSG00000258738.1	AL121603.2	chr14	34874343	34876459	3	3	3
ENSG00000258704.6	SRP54-AS1	chr14	34920858	34982532	3	3	3
ENSG00000258493.2	AL121603.1	chr14	34920865	34921006	3	3	3
ENSG00000226677.3	IGBP1P1	chr14	34939324	34940332	3	3	3
ENSG00000100883.13	SRP54	chr14	34981957	35029686	3	3	3
ENSG00000151327.13	FAM177A1	chr14	35044907	35113130	3	3	3
ENSG00000092020.10	PPP2R3C	chr14	35085467	35122517	3	3	3
ENSG00000279434.1	AL049776.1	chr14	35086035	35088059	3	3	3
ENSG00000100890.16	PRORP	chr14	35121846	35277622	3	3	3
ENSG00000258790.1	AL121594.1	chr14	35122549	35317474	3	3	3
ENSG00000241052.1	RPL23AP70	chr14	35144021	35144480	3	3	3
ENSG00000259090.1	SEPTIN7P1	chr14	35157904	35159099	3	3	3
ENSG00000282625.1	MRPL57P8	chr14	35219023	35219283	3	3	3
ENSG00000282308.1	DPRXP3	chr14	35222174	35222746	3	3	3
ENSG00000256243.2	RPL7AP3	chr14	35235180	35235651	3	3	3
ENSG00000240392.1	RPL9P3	chr14	35262462	35263036	3	3	3
ENSG00000100902.11	PSMA6	chr14	35278633	35317493	3	3	3
ENSG00000258860.1	AL133163.2	chr14	35362232	35363628	3	3	3
ENSG00000240023.1	AL133163.1	chr14	35388121	35389069	3	3	3
ENSG00000100906.11	NFKBIA	chr14	35401513	35404749	3	3	3
ENSG00000259022.2	DNAJC8P1	chr14	35430260	35430631	3	3	3
ENSG00000259017.1	AL133163.3	chr14	35447003	35447625	3	3	3
ENSG00000259105.1	RPS3AP4	chr14	35468272	35469330	3	3	3
ENSG00000258783.1	KRT18P6	chr14	35511825	35513089	3	3	3
ENSG00000168348.4	INSM2	chr14	35534164	35537054	3	3	3
ENSG00000174373.16	RALGAPA1	chr14	35538352	35809304	3	3	3
ENSG00000253059.1	AL137818.1	chr14	35756327	35756463	3	3	3
ENSG00000257957.1	QRSL1P3	chr14	35765795	35767110	3	3	3
ENSG00000258938.1	AL162311.3	chr14	35819224	35826765	3	3	3
ENSG00000258300.2	NUTF2P2	chr14	35819837	35820220	3	3	3
ENSG00000100916.14	BRMS1L	chr14	35826338	35932325	3	3	3
ENSG00000257272.1	AL162311.1	chr14	35873857	35875303	3	3	3
ENSG00000257307.1	AL162311.2	chr14	35881001	35881709	3	3	3
ENSG00000258342.2	AL133304.3	chr14	35897936	36068261	3	3	3
ENSG00000257614.1	AL133304.1	chr14	35947556	35950044	3	3	3
ENSG00000257720.1	ILF2P2	chr14	36054197	36055313	3	3	3
ENSG00000257826.1	AL133304.2	chr14	36061026	36067190	3	3	3
ENSG00000257585.1	LINC00609	chr14	36070427	36165288	3	3	3
ENSG00000259104.2	PTCSC3	chr14	36136108	36176468	3	3	3
ENSG00000258844.2	AL162511.1	chr14	36213200	36235608	3	3	3
ENSG00000252312.1	RN7SKP21	chr14	36231555	36231774	3	3	3
ENSG00000151332.19	MBIP	chr14	36298564	36320637	3	3	3
ENSG00000283098.2	AL132857.1	chr14	36320753	36656163	3	3	3
ENSG00000188831.4	DPPA3P2	chr14	36371165	36372383	3	3	3
ENSG00000238540.1	RNU7-93P	chr14	36405214	36405274	3	3	3
ENSG00000257520.2	SFTA3	chr14	36473207	36521149	3	3	3
ENSG00000229415.10	SFTA3	chr14	36473288	36513829	3	3	3
ENSG00000136352.19	NKX2-1	chr14	36516392	36521149	3	3	3
ENSG00000253563.2	NKX2-1-AS1	chr14	36519278	36523016	3	3	3
ENSG00000258467.1	PHKBP2	chr14	36533506	36534538	3	3	3
ENSG00000243730.2	RPL29P3	chr14	36577543	36578005	3	3	3
ENSG00000136327.7	NKX2-8	chr14	36580004	36582614	3	3	3
ENSG00000201395.1	RN7SKP257	chr14	36593839	36594147	3	3	3
ENSG00000258661.1	AL079303.1	chr14	36647083	36658801	3	3	3
ENSG00000198807.13	PAX9	chr14	36657568	36679362	3	3	3
ENSG00000183032.12	SLC25A21	chr14	36677921	37172606	3	3	3
ENSG00000258690.1	AL162464.2	chr14	36788644	36807163	3	3	3
ENSG00000258601.1	AL162464.1	chr14	36808871	36828729	3	3	3
ENSG00000266327.1	MIR4503	chr14	36952309	36952391	3	3	3
ENSG00000258827.2	AL079304.1	chr14	37097062	37098563	3	3	3
ENSG00000258708.1	SLC25A21-AS1	chr14	37171888	37173811	3	3	3
ENSG00000252746.1	RNU6-273P	chr14	37187219	37187314	3	3	3
ENSG00000151338.18	MIPOL1	chr14	37197913	37552361	3	3	3
ENSG00000207046.1	RNU6-886P	chr14	37434469	37434573	3	3	3
ENSG00000259087.5	AL121790.2	chr14	37556158	37567095	3	3	3
ENSG00000258414.1	AL121790.1	chr14	37564047	37579125	3	3	3
ENSG00000129514.8	FOXA1	chr14	37589552	37596059	3	3	3
ENSG00000139865.16	TTC6	chr14	37595847	38041442	3	3	3
ENSG00000200385.1	AL136296.1	chr14	37720425	37720561	3	3	3
ENSG00000201431.1	RNU6-1277P	chr14	37827798	37827904	3	3	3
ENSG00000259091.1	LINC00517	chr14	37896060	37902372	3	3	3
ENSG00000258696.1	AL359233.1	chr14	38003113	38004847	3	3	3
ENSG00000259048.1	AL392023.2	chr14	38034287	38194281	3	3	3
ENSG00000258649.1	AL392023.1	chr14	38190983	38202923	3	3	3
ENSG00000139874.6	SSTR1	chr14	38207904	38213067	3	3	3
ENSG00000176435.7	CLEC14A	chr14	38254000	38256093	3	3	3
ENSG00000259072.2	AL355835.1	chr14	38256202	38371338	3	3	3
ENSG00000271468.1	AL357094.1	chr14	38605255	38606098	3	3	3
ENSG00000258948.2	KRT8P1	chr14	38727275	38728481	3	3	3
ENSG00000259070.7	LINC00639	chr14	38738155	38948273	3	3	3
ENSG00000258680.2	AL132994.1	chr14	38835389	38835788	3	3	3
ENSG00000270713.1	AL132994.2	chr14	38973399	38974085	3	3	3
ENSG00000199285.1	Y_RNA	chr14	38987281	38987383	3	3	3
ENSG00000100934.15	SEC23A	chr14	39031919	39109646	3	3	3
ENSG00000259121.2	AL109628.1	chr14	39090901	39091101	3	3	3
ENSG00000258651.1	SEC23A-AS1	chr14	39103140	39103812	3	3	3
ENSG00000258591.2	PPIAP4	chr14	39108342	39108707	3	3	3
ENSG00000092208.17	GEMIN2	chr14	39114223	39136973	3	3	3
ENSG00000182400.15	TRAPPC6B	chr14	39147811	39170532	3	3	3
ENSG00000285830.1	AL109628.2	chr14	39147833	39151363	3	3	3
ENSG00000241984.2	RPL7AP2	chr14	39156742	39157852	3	3	3
ENSG00000259083.1	AL132639.3	chr14	39174885	39175880	3	3	3
ENSG00000100941.9	PNN	chr14	39175183	39183220	3	3	3
ENSG00000258671.2	AL132639.1	chr14	39211781	39212255	3	3	3
ENSG00000270503.1	YTHDF2P1	chr14	39215065	39216335	3	3	3
ENSG00000150527.17	MIA2	chr14	39230231	39388513	3	3	3
ENSG00000258940.2	AL132639.2	chr14	39265703	39267061	3	3	3
ENSG00000271424.1	GLRX5P3	chr14	39370279	39370756	3	3	3
ENSG00000259100.1	COILP1	chr14	39385404	39387102	3	3	3
ENSG00000165355.7	FBXO33	chr14	39397669	39432500	3	3	3
ENSG00000258526.7	AL049828.1	chr14	39432599	40390547	3	3	3
ENSG00000286123.1	AL049828.2	chr14	40267283	40348331	3	3	3
ENSG00000286099.1	AL390800.1	chr14	40630006	40905513	3	3	3
ENSG00000251363.3	LINC02315	chr14	40954693	41149309	3	3	3
ENSG00000258385.1	AL391516.1	chr14	41296286	41298734	3	3	3
ENSG00000279972.1	AL356596.1	chr14	41514972	41515350	3	3	3
ENSG00000258901.2	AL121821.3	chr14	41555662	41556055	3	3	3
ENSG00000258636.2	AL121821.2	chr14	41583657	41604988	3	3	3
ENSG00000251858.1	AL121821.1	chr14	41594463	41594591	3	3	3
ENSG00000165379.13	LRFN5	chr14	41607570	41904549	3	3	3
ENSG00000258536.1	FKBP1BP1	chr14	41742639	41742963	3	3	3
ENSG00000259149.1	AL445074.1	chr14	42259731	42268586	3	3	3
ENSG00000258394.1	AL442163.1	chr14	42362983	42703655	3	3	3
ENSG00000258850.1	AL450442.1	chr14	42412573	42528888	3	3	3
ENSG00000258505.1	AL442163.2	chr14	42608868	42609577	3	3	3
ENSG00000258622.2	AL442163.3	chr14	42657763	42657918	3	3	3
ENSG00000258934.1	YWHAQP1	chr14	42807378	42808112	3	3	3
ENSG00000259047.1	AL163153.1	chr14	42989201	42989483	3	3	3
ENSG00000258406.1	TUBBP3	chr14	43274824	43275697	3	3	3
ENSG00000259051.1	HNRNPUP1	chr14	43300263	43300595	3	3	3
ENSG00000286464.1	AL583809.1	chr14	43308648	43314803	3	3	3
ENSG00000258828.2	KRT8P2	chr14	43540883	43541826	3	3	3
ENSG00000258387.1	AL358913.1	chr14	43592142	43592262	3	3	3
ENSG00000258894.1	ARHGAP16P	chr14	43595136	43596683	3	3	3
ENSG00000258969.2	LINC02307	chr14	43990539	44386064	3	3	3
ENSG00000259019.1	EIF4BP1	chr14	44077534	44077884	3	3	3
ENSG00000259137.1	AL109766.1	chr14	44120210	44120761	3	3	3
ENSG00000259148.1	YWHAZP1	chr14	44290997	44291718	3	3	3
ENSG00000259126.1	AL161752.1	chr14	44392531	44393716	3	3	3
ENSG00000258487.2	LINC02277	chr14	44444747	44480626	3	3	3
ENSG00000189139.6	FSCB	chr14	44504149	44507283	3	3	3
ENSG00000258747.2	AL356022.1	chr14	44507385	44567467	3	3	3
ENSG00000258998.2	LINC02302	chr14	44763153	44782829	3	3	3
ENSG00000259000.1	DOCK11P1	chr14	44860316	44866247	3	3	3
ENSG00000258633.1	AL049870.2	chr14	44876874	44897077	3	3	3
ENSG00000258509.1	AL049870.1	chr14	44887434	44887741	3	3	3
ENSG00000259046.1	RRAGAP1	chr14	44888556	44889041	3	3	3
ENSG00000179476.8	C14orf28	chr14	44897275	44907257	3	3	3
ENSG00000258949.1	AL049870.3	chr14	44898908	44911863	3	3	3
ENSG00000179454.14	KLHL28	chr14	44924324	45042322	3	3	3
ENSG00000198718.13	TOGARAM1	chr14	44962190	45074431	3	3	3
ENSG00000278147.1	AL121809.2	chr14	45079849	45080189	3	3	3
ENSG00000249163.3	AL121809.1	chr14	45083045	45083977	3	3	3
ENSG00000185246.18	PRPF39	chr14	45084107	45116282	3	3	3
ENSG00000212615.1	SNORD58	chr14	45088243	45088308	3	3	3
ENSG00000239043.1	SNORD127	chr14	45110883	45110968	3	3	3
ENSG00000100442.11	FKBP3	chr14	45115599	45135319	3	3	3
ENSG00000187790.11	FANCM	chr14	45135930	45200890	3	3	3
ENSG00000129534.14	MIS18BP1	chr14	45203190	45253540	3	3	3
ENSG00000199739.1	RNU6-552P	chr14	45274359	45274477	3	3	3
ENSG00000258608.1	DNAJC19P9	chr14	45290036	45290386	3	3	3
ENSG00000260046.1	AL162632.3	chr14	45369215	45370839	3	3	3
ENSG00000257900.2	AL162632.1	chr14	45377268	45389286	3	3	3
ENSG00000258746.2	AL162632.2	chr14	45502742	45503140	3	3	3
ENSG00000258845.1	AL139354.1	chr14	45567995	45569069	3	3	3
ENSG00000258616.5	LINC02303	chr14	45706250	45715952	3	3	3
ENSG00000258700.6	LINC00871	chr14	45891087	46501903	3	3	3
ENSG00000165496.5	RPL10L	chr14	46651010	46651781	3	3	3
ENSG00000139915.21	MDGA2	chr14	46839629	47675605	3	3	3
ENSG00000251735.1	AL359951.1	chr14	46960423	46960546	3	3	3
ENSG00000258392.1	RPA2P1	chr14	46996454	46997174	3	3	3
ENSG00000244053.1	RPL13AP2	chr14	47200575	47201104	3	3	3
ENSG00000214903.4	RPS15AP3	chr14	47444106	47444494	3	3	3
ENSG00000263945.1	MIR548Y	chr14	47760995	47761104	3	3	3
ENSG00000259129.6	LINC00648	chr14	47764954	47795302	3	3	3
ENSG00000259117.1	AL121576.1	chr14	47801926	47802201	3	3	3
ENSG00000258639.1	AL359212.1	chr14	48045481	48046216	3	3	3
ENSG00000286595.1	AL512358.1	chr14	48194174	48228216	3	3	3
ENSG00000287492.1	AL512358.2	chr14	48262021	48265609	3	3	3
ENSG00000270359.1	AL358335.3	chr14	48319068	48319394	3	3	3
ENSG00000207366.1	RNU6-297P	chr14	48341226	48341332	3	3	3
ENSG00000258751.2	AL358335.2	chr14	48394815	48491767	3	3	3
ENSG00000258750.2	AL358335.1	chr14	48398310	48399375	3	3	3
ENSG00000242417.1	RPL18P1	chr14	48489883	48490434	3	3	3
ENSG00000258381.1	AL512360.1	chr14	48819360	48819593	3	3	3
ENSG00000258868.1	AL110505.1	chr14	49057713	49077505	3	3	3
ENSG00000258401.1	ATP5MC2P2	chr14	49373966	49374383	3	3	3
ENSG00000252424.1	RNA5SP384	chr14	49552633	49552748	3	3	3
ENSG00000213741.11	RPS29	chr14	49570984	49599164	3	3	3
ENSG00000244270.1	RPL32P29	chr14	49577392	49577794	3	3	3
ENSG00000276168.1	RN7SL1	chr14	49586580	49586878	3	3	3
ENSG00000252919.1	Y_RNA	chr14	49592236	49592337	3	3	3
ENSG00000165501.17	LRR1	chr14	49598761	49614672	3	3	3
ENSG00000258568.1	RHOQP1	chr14	49599994	49600572	3	3	3
ENSG00000278009.1	AL139099.3	chr14	49601011	49601124	3	3	3
ENSG00000165502.7	RPL36AL	chr14	49618530	49620626	3	3	3
ENSG00000168282.6	MGAT2	chr14	49620799	49623481	3	3	3
ENSG00000258377.1	AL139099.1	chr14	49620815	49623480	3	3	3
ENSG00000165506.15	DNAAF2	chr14	49625174	49635244	3	3	3
ENSG00000258450.1	AL139099.2	chr14	49629291	49629890	3	3	3
ENSG00000100479.13	POLE2	chr14	49643555	49688422	3	3	3
ENSG00000259155.2	STK16P1	chr14	49677369	49677893	3	3	3
ENSG00000258462.2	AL591767.2	chr14	49681302	49681886	3	3	3
ENSG00000221114.1	RNU6ATAC30P	chr14	49684544	49684665	3	3	3
ENSG00000197776.8	KLHDC1	chr14	49693105	49753150	3	3	3
ENSG00000258400.1	AL591767.1	chr14	49707667	49708792	3	3	3
ENSG00000165516.11	KLHDC2	chr14	49768130	49786385	3	3	3
ENSG00000165525.18	NEMF	chr14	49782083	49852821	3	3	3
ENSG00000277634.1	Y_RNA	chr14	49839401	49839493	3	3	3
ENSG00000252474.1	RNU6-539P	chr14	49839725	49839827	3	3	3
ENSG00000278771.1	RN7SL3	chr14	49853616	49853914	3	3	3
ENSG00000282885.2	AL627171.2	chr14	49861176	49864326	3	3	3
ENSG00000274012.1	RN7SL2	chr14	49862550	49862849	3	3	3
ENSG00000278002.1	AL627171.1	chr14	49863072	49864379	3	3	3
ENSG00000165527.7	ARF6	chr14	49893082	49897054	3	3	3
ENSG00000251929.1	RNU6-189P	chr14	49901850	49901950	3	3	3
ENSG00000274704.1	Metazoa_SRP	chr14	49913493	49913760	3	3	3
ENSG00000214900.11	LINC01588	chr14	49927571	50105043	3	3	3
ENSG00000278038.1	MIR6076	chr14	49966399	49966511	3	3	3
ENSG00000270788.1	PDLIM1P1	chr14	50050368	50051336	3	3	3
ENSG00000243038.1	AL117692.1	chr14	50052857	50053569	3	3	3
ENSG00000201358.1	RN7SKP193	chr14	50068568	50068873	3	3	3
ENSG00000251792.1	Y_RNA	chr14	50086982	50087083	3	3	3
ENSG00000100483.14	VCPKMT	chr14	50108632	50116600	3	3	3
ENSG00000100485.12	SOS2	chr14	50117130	50231578	3	3	3
ENSG00000087299.12	L2HGDH	chr14	50237563	50312229	3	3	3
ENSG00000264712.3	MIR4504	chr14	50299855	50299946	3	3	3
ENSG00000125375.16	DMAC2L	chr14	50312324	50335558	3	3	3
ENSG00000259071.1	AL359397.2	chr14	50326526	50327909	3	3	3
ENSG00000100490.9	CDKL1	chr14	50329404	50416461	3	3	3
ENSG00000258857.1	AL359397.1	chr14	50397013	50398345	3	3	3
ENSG00000012983.11	MAP4K5	chr14	50418501	50561126	3	3	3
ENSG00000259113.1	AL118556.1	chr14	50448807	50456742	3	3	3
ENSG00000201573.1	Y_RNA	chr14	50468397	50468498	3	3	3
ENSG00000273675.1	AL118556.2	chr14	50471769	50472592	3	3	3
ENSG00000198513.13	ATL1	chr14	50532509	50634017	3	3	3
ENSG00000258577.1	SNRPGP1	chr14	50571919	50572140	3	3	3
ENSG00000151748.15	SAV1	chr14	50632058	50668306	3	3	3
ENSG00000243103.3	RN7SL452P	chr14	50637691	50637981	3	3	3
ENSG00000269906.1	AL606834.1	chr14	50662511	50663178	3	3	3
ENSG00000258491.2	ZFP64P1	chr14	50704343	50705511	3	3	3
ENSG00000100503.26	NIN	chr14	50719763	50831162	3	3	3
ENSG00000270062.1	AL606834.2	chr14	50723777	50724272	3	3	3
ENSG00000258843.1	AL133485.2	chr14	50821880	50823501	3	3	3
ENSG00000285747.1	AL133485.3	chr14	50831962	50838100	3	3	3
ENSG00000252945.1	AL133485.1	chr14	50844625	50844712	3	3	3
ENSG00000258687.1	AL358334.1	chr14	50848122	50865659	3	3	3
ENSG00000100504.17	PYGL	chr14	50857891	50944483	3	3	3
ENSG00000131969.15	ABHD12B	chr14	50872053	50904970	3	3	3
ENSG00000258745.1	AL358334.3	chr14	50912226	50913358	3	3	3
ENSG00000258711.2	AL358334.2	chr14	50956259	50962002	3	3	3
ENSG00000100505.13	TRIM9	chr14	50975262	51096061	3	3	3
ENSG00000287990.1	AL358334.4	chr14	51022967	51031032	3	3	3
ENSG00000259055.1	AL591770.1	chr14	51088957	51091288	3	3	3
ENSG00000139921.13	TMX1	chr14	51240162	51257655	3	3	3
ENSG00000201376.1	SNORA70	chr14	51244090	51244224	3	3	3
ENSG00000201820.1	Y_RNA	chr14	51253933	51254023	3	3	3
ENSG00000258955.2	LINC00519	chr14	51304108	51331918	3	3	3
ENSG00000258479.6	LINC00640	chr14	51333068	51365557	3	3	3
ENSG00000258942.1	AL358332.1	chr14	51344914	51385603	3	3	3
ENSG00000258808.1	LINC02310	chr14	51392128	51397135	3	3	3
ENSG00000258893.1	SETP2	chr14	51436038	51436963	3	3	3
ENSG00000258537.5	FRMD6-AS2	chr14	51454512	51599952	3	3	3
ENSG00000139926.16	FRMD6	chr14	51489100	51730727	3	3	3
ENSG00000252400.1	RNU6-1291P	chr14	51522864	51522967	3	3	3
ENSG00000277050.1	AL122125.1	chr14	51637348	51637947	3	3	3
ENSG00000273888.1	FRMD6-AS1	chr14	51649516	51651744	3	3	3
ENSG00000251756.1	RNA5SP385	chr14	51692752	51692861	3	3	3
ENSG00000207004.1	RNU6-301P	chr14	51724103	51724209	3	3	3
ENSG00000259111.1	AL079307.2	chr14	51750560	51763114	3	3	3
ENSG00000258423.1	OR7E105P	chr14	51756996	51757988	3	3	3
ENSG00000258550.1	OR7E106P	chr14	51763056	51764076	3	3	3
ENSG00000258535.1	AL079307.1	chr14	51765276	51825422	3	3	3
ENSG00000258849.1	OR7E159P	chr14	51771789	51772086	3	3	3
ENSG00000259157.1	AL079307.3	chr14	51787461	51787743	3	3	3
ENSG00000186469.8	GNG2	chr14	51826195	51979342	3	3	3
ENSG00000258928.1	AL358333.2	chr14	51916145	51918571	3	3	3
ENSG00000259007.1	AL358333.3	chr14	51967003	51969800	3	3	3
ENSG00000258854.1	AL358333.1	chr14	51982520	51987219	3	3	3
ENSG00000087302.9	RTRAF	chr14	51989514	52010694	3	3	3
ENSG00000087303.18	NID2	chr14	52004803	52069228	3	3	3
ENSG00000258694.1	LINC02319	chr14	52111122	52129625	3	3	3
ENSG00000258981.1	COX5AP2	chr14	52117602	52117995	3	3	3
ENSG00000258440.1	AL118557.1	chr14	52155740	52156179	3	3	3
ENSG00000168229.4	PTGDR	chr14	52267698	52276724	3	3	3
ENSG00000261208.1	AL365475.1	chr14	52286797	52289268	3	3	3
ENSG00000125384.7	PTGER2	chr14	52314305	52328598	3	3	3
ENSG00000087301.9	TXNDC16	chr14	52430596	52552522	3	3	3
ENSG00000180998.12	GPR137C	chr14	52552836	52637713	3	3	3
ENSG00000197930.13	ERO1A	chr14	52639915	52695900	3	3	3
ENSG00000258757.1	AL133453.1	chr14	52640839	52641566	3	3	3
ENSG00000100519.12	PSMC6	chr14	52707178	52728590	3	3	3
ENSG00000198252.12	STYX	chr14	52730166	52774989	3	3	3
ENSG00000100522.10	GNPNAT1	chr14	52775193	52791668	3	3	3
ENSG00000259049.1	AL139317.3	chr14	52775237	52777740	3	3	3
ENSG00000285664.2	AL139317.5	chr14	52791756	52930185	3	3	3
ENSG00000258698.1	AL139317.1	chr14	52792875	52820034	3	3	3
ENSG00000258802.1	AL139317.2	chr14	52798904	52799061	3	3	3
ENSG00000073712.15	FERMT2	chr14	52857268	52952435	3	3	3
ENSG00000271075.1	AL139317.4	chr14	52871458	52872217	3	3	3
ENSG00000288045.1	AL352979.4	chr14	52951432	52952864	3	3	3
ENSG00000258503.1	AL352979.1	chr14	53011971	53012267	3	3	3
ENSG00000258993.1	AL352979.3	chr14	53023055	53023597	3	3	3
ENSG00000100523.16	DDHD1	chr14	53036745	53153323	3	3	3
ENSG00000258985.1	AL352979.2	chr14	53036755	53038251	3	3	3
ENSG00000258731.1	AL356020.1	chr14	53153354	53157528	3	3	3
ENSG00000237356.7	AL365295.1	chr14	53169010	53883740	3	3	3
ENSG00000286730.1	AL365295.2	chr14	53364146	53392048	3	3	3
ENSG00000225680.1	AL163953.1	chr14	53599832	53614026	3	3	3
ENSG00000226132.1	RPS3AP46	chr14	53612724	53613405	3	3	3
ENSG00000235269.2	LINC02331	chr14	53685139	53850882	3	3	3
ENSG00000231922.1	AL138479.1	chr14	53917270	53917753	3	3	3
ENSG00000266431.1	MIR5580	chr14	53948427	53948484	3	3	3
ENSG00000125378.16	BMP4	chr14	53949736	53958761	3	3	3
ENSG00000287156.1	AL138479.2	chr14	53954671	53962234	3	3	3
ENSG00000224004.2	ATP5F1CP1	chr14	53991101	53991995	3	3	3
ENSG00000100526.20	CDKN3	chr14	54396849	54420218	3	3	3
ENSG00000100528.12	CNIH1	chr14	54423561	54441391	3	3	3
ENSG00000258753.1	AL359792.1	chr14	54470709	54471218	3	3	3
ENSG00000197045.13	GMFB	chr14	54474484	54489026	3	3	3
ENSG00000100532.12	CGRRF1	chr14	54509812	54539292	3	3	3
ENSG00000020577.14	SAMD4A	chr14	54566117	54793315	3	3	3
ENSG00000285774.3	AL133444.1	chr14	54684753	54687931	3	3	3
ENSG00000131979.20	GCH1	chr14	54842008	54902826	3	3	3
ENSG00000252019.1	RNU6ATAC9P	chr14	54859215	54859330	3	3	3
ENSG00000265432.1	MIR4308	chr14	54878113	54878193	3	3	3
ENSG00000258872.2	FDPSP3	chr14	54884849	54886213	3	3	3
ENSG00000198554.12	WDHD1	chr14	54938949	55027105	3	3	3
ENSG00000233924.1	RPSAP13	chr14	55004813	55005687	3	3	3
ENSG00000180008.9	SOCS4	chr14	55027230	55049489	3	3	3
ENSG00000168175.15	MAPK1IP1L	chr14	55051647	55070194	3	3	3
ENSG00000131981.16	LGALS3	chr14	55124110	55145423	3	3	3
ENSG00000126787.13	DLGAP5	chr14	55148112	55191608	3	3	3
ENSG00000258050.2	AL139316.1	chr14	55196727	55199013	3	3	3
ENSG00000279392.1	AL158801.4	chr14	55229217	55229681	3	3	3
ENSG00000271180.1	COX5AP1	chr14	55240622	55241080	3	3	3
ENSG00000258413.2	AL158801.2	chr14	55262222	55272075	3	3	3
ENSG00000178974.10	FBXO34	chr14	55271421	55361918	3	3	3
ENSG00000239686.1	AL158801.1	chr14	55282296	55282643	3	3	3
ENSG00000278818.1	Metazoa_SRP	chr14	55285227	55285558	3	3	3
ENSG00000258469.1	CHMP4BP1	chr14	55298644	55299231	3	3	3
ENSG00000258455.1	AL158801.3	chr14	55325834	55339501	3	3	3
ENSG00000126775.9	ATG14	chr14	55366391	55411830	3	3	3
ENSG00000259318.1	HMGN1P1	chr14	55394940	55395233	3	3	3
ENSG00000182521.5	TBPL2	chr14	55413541	55456726	3	3	3
ENSG00000239199.1	RPL21P6	chr14	55413556	55414059	3	3	3
ENSG00000186615.11	KTN1-AS1	chr14	55496786	55580888	3	3	3
ENSG00000213641.4	RPL7AP4	chr14	55543401	55544169	3	3	3
ENSG00000271484.1	ABI1P1	chr14	55546674	55548123	3	3	3
ENSG00000126777.18	KTN1	chr14	55559072	55701526	3	3	3
ENSG00000200742.1	Y_RNA	chr14	55651534	55651634	3	3	3
ENSG00000258784.1	AL355773.1	chr14	55748208	55773203	3	3	3
ENSG00000177350.6	RPL13AP3	chr14	55766177	55767717	3	3	3
ENSG00000258791.9	LINC00520	chr14	55781132	55796731	3	3	3
ENSG00000259868.3	AL163952.1	chr14	55896443	55962970	3	3	3
ENSG00000277763.1	AL138995.1	chr14	56117316	56117990	3	3	3
ENSG00000139946.10	PELI2	chr14	56117814	56301524	3	3	3
ENSG00000259483.1	AL355073.1	chr14	56303490	56310761	3	3	3
ENSG00000275569.1	AL355073.2	chr14	56305838	56306394	3	3	3
ENSG00000259719.6	LINC02284	chr14	56310880	56427032	3	3	3
ENSG00000070269.14	TMEM260	chr14	56488354	56650606	3	3	3
ENSG00000258803.1	AL355103.1	chr14	56514331	56551309	3	3	3
ENSG00000258428.5	AL161757.2	chr14	56633244	56648658	3	3	3
ENSG00000259133.5	AL161757.5	chr14	56648965	56730535	3	3	3
ENSG00000242995.1	AL161757.1	chr14	56683421	56683741	3	3	3
ENSG00000258703.1	AL161757.3	chr14	56759379	56765757	3	3	3
ENSG00000165588.18	OTX2	chr14	56799905	56816693	3	3	3
ENSG00000248550.4	OTX2-AS1	chr14	56813183	57152177	3	3	3
ENSG00000258776.1	AL161757.4	chr14	56817570	56893710	3	3	3
ENSG00000243801.3	RN7SL461P	chr14	56824375	56824656	3	3	3
ENSG00000200818.1	RNU6-1204P	chr14	56824986	56825092	3	3	3
ENSG00000286257.2	AL137100.3	chr14	56951008	57060715	3	3	3
ENSG00000243388.1	RPL3P3	chr14	56978409	56979621	3	3	3
ENSG00000258758.1	AL137100.1	chr14	57040885	57042504	3	3	3
ENSG00000259136.1	AL137100.2	chr14	57044646	57044960	3	3	3
ENSG00000258592.1	AL391152.1	chr14	57066260	57112660	3	3	3
ENSG00000070367.16	EXOC5	chr14	57200507	57268905	3	3	3
ENSG00000053770.12	AP5M1	chr14	57268924	57298742	3	3	3
ENSG00000286355.1	AL355834.2	chr14	57335203	57344724	3	3	3
ENSG00000259008.1	AL355834.1	chr14	57355446	57359410	3	3	3
ENSG00000139977.14	NAA30	chr14	57390544	57415906	3	3	3
ENSG00000100557.10	CCDC198	chr14	57469300	57493867	3	3	3
ENSG00000151812.15	SLC35F4	chr14	57563920	57982194	3	3	3
ENSG00000259039.3	AL161804.1	chr14	57578409	57600404	3	3	3
ENSG00000258856.2	AL136520.1	chr14	57629841	57631162	3	3	3
ENSG00000252837.1	RN7SKP99	chr14	57837354	57837660	3	3	3
ENSG00000259969.1	AL049838.1	chr14	57993545	57994525	3	3	3
ENSG00000139971.15	ARMH4	chr14	57999735	58298139	3	3	3
ENSG00000258836.2	AL121579.2	chr14	58100985	58101574	3	3	3
ENSG00000243023.2	UBA52P3	chr14	58141279	58141660	3	3	3
ENSG00000243700.3	RN7SL598P	chr14	58179771	58180064	3	3	3
ENSG00000258519.1	AL121579.1	chr14	58184576	58185507	3	3	3
ENSG00000131966.14	ACTR10	chr14	58200080	58235636	3	3	3
ENSG00000100567.13	PSMA3	chr14	58244843	58272012	3	3	3
ENSG00000258682.1	AL132989.1	chr14	58264662	58269681	3	3	3
ENSG00000257621.8	PSMA3-AS1	chr14	58265365	58298134	3	3	3
ENSG00000180189.10	HMGB1P14	chr14	58284773	58285363	3	3	3
ENSG00000279636.2	LINC00216	chr14	58288033	58289158	3	3	3
ENSG00000252782.1	RNU6-341P	chr14	58292293	58292388	3	3	3
ENSG00000032219.19	ARID4A	chr14	58298504	58373887	3	3	3
ENSG00000258658.1	AL139021.2	chr14	58370023	58395641	3	3	3
ENSG00000196860.8	TOMM20L	chr14	58395928	58408702	3	3	3
ENSG00000258378.1	AL139021.1	chr14	58398557	58427125	3	3	3
ENSG00000100575.14	TIMM9	chr14	58408495	58427531	3	3	3
ENSG00000100578.18	KIAA0586	chr14	58427385	58551297	3	3	3
ENSG00000252198.1	Y_RNA	chr14	58441844	58441992	3	3	3
ENSG00000258650.1	HSBP1P1	chr14	58463971	58464136	3	3	3
ENSG00000258900.1	HNRNPCP1	chr14	58521223	58521988	3	3	3
ENSG00000239510.2	RPL9P5	chr14	58564146	58564616	3	3	3
ENSG00000165617.15	DACT1	chr14	58633967	58648321	3	3	3
ENSG00000258583.7	LINC01500	chr14	58646631	59184247	3	3	3
ENSG00000213598.4	AL049873.1	chr14	58794654	58795029	3	3	3
ENSG00000258734.2	AL049873.2	chr14	58827679	58828176	3	3	3
ENSG00000258685.2	AKR1B1P5	chr14	59135488	59136421	3	3	3
ENSG00000258996.2	PPIAP5	chr14	59181593	59181940	3	3	3
ENSG00000100592.16	DAAM1	chr14	59188646	59371405	3	3	3
ENSG00000181619.11	GPR135	chr14	59429022	59465342	3	3	3
ENSG00000126790.12	L3HYPDH	chr14	59460363	59484408	3	3	3
ENSG00000258782.3	AL121694.1	chr14	59479274	59525437	3	3	3
ENSG00000050130.18	JKAMP	chr14	59484443	59505410	3	3	3
ENSG00000151838.12	CCDC175	chr14	59504539	59576812	3	3	3
ENSG00000139970.17	RTN1	chr14	59595976	59870776	3	3	3
ENSG00000263629.1	MIR5586	chr14	59646962	59647020	3	3	3
ENSG00000261120.1	AL133299.1	chr14	59919423	59920339	3	3	3
ENSG00000131951.11	LRRC9	chr14	59919713	60063559	3	3	3
ENSG00000258553.5	AL157911.1	chr14	59969116	60091783	3	3	3
ENSG00000126773.13	PCNX4	chr14	60091911	60169133	3	3	3
ENSG00000100612.14	DHRS7	chr14	60144119	60169856	3	3	3
ENSG00000258896.1	SCOCP1	chr14	60158976	60159324	3	3	3
ENSG00000258563.2	PSMA3P1	chr14	60179382	60180016	3	3	3
ENSG00000242135.2	RPL17P2	chr14	60212462	60212912	3	3	3
ENSG00000254718.6	AL157756.1	chr14	60240121	60248765	3	3	3
ENSG00000100614.18	PPM1A	chr14	60245752	60299087	3	3	3
ENSG00000258556.1	LINC02322	chr14	60323236	60323907	3	3	3
ENSG00000179008.9	C14orf39	chr14	60396469	60515543	3	3	3
ENSG00000258427.3	RBM8B	chr14	60397757	60398281	3	3	3
ENSG00000259169.1	GNRHR2P1	chr14	60398934	60400013	3	3	3
ENSG00000258692.2	SALL4P7	chr14	60493766	60496885	3	3	3
ENSG00000184302.7	SIX6	chr14	60509146	60512850	3	3	3
ENSG00000258670.1	AL049874.3	chr14	60515119	60554916	3	3	3
ENSG00000258764.1	AL049874.4	chr14	60544400	60544654	3	3	3
ENSG00000244756.1	AL049874.2	chr14	60572024	60572311	3	3	3
ENSG00000241354.2	AL049874.1	chr14	60602146	60602533	3	3	3
ENSG00000258952.2	SALRNA1	chr14	60639216	60642589	3	3	3
ENSG00000126778.12	SIX1	chr14	60643421	60658259	3	3	3
ENSG00000100625.9	SIX4	chr14	60709539	60724351	3	3	3
ENSG00000020426.11	MNAT1	chr14	60734742	60969965	3	3	3
ENSG00000258445.3	MAD2L1P1	chr14	60779978	60780595	3	3	3
ENSG00000258892.1	AL160236.2	chr14	60879714	60982585	3	3	3
ENSG00000258485.2	SRMP2	chr14	60919240	60920155	3	3	3
ENSG00000126814.7	TRMT5	chr14	60971441	60981170	3	3	3
ENSG00000258656.1	AL160236.1	chr14	60972272	60972466	3	3	3
ENSG00000206870.1	RNU6-398P	chr14	60974327	60974435	3	3	3
ENSG00000139974.16	SLC38A6	chr14	60981114	61083733	3	3	3
ENSG00000027075.15	PRKCH	chr14	61187559	61550976	3	3	3
ENSG00000182107.7	TMEM30B	chr14	61277370	61281761	3	3	3
ENSG00000247287.3	AL359220.1	chr14	61294909	61322838	3	3	3
ENSG00000258989.1	AL355916.3	chr14	61529128	61657964	3	3	3
ENSG00000258926.2	AL355916.2	chr14	61535385	61545484	3	3	3
ENSG00000250548.7	LINC01303	chr14	61556273	61570653	3	3	3
ENSG00000232774.8	AL355916.1	chr14	61570405	61658696	3	3	3
ENSG00000258777.1	HIF1A-AS1	chr14	61681041	61695823	3	3	3
ENSG00000100644.17	HIF1A	chr14	61695513	61748259	3	3	3
ENSG00000258667.2	HIF1A-AS3	chr14	61707564	61751099	3	3	3
ENSG00000258964.1	AL137129.1	chr14	61734138	61776260	3	3	3
ENSG00000023608.5	SNAPC1	chr14	61762420	61796428	3	3	3
ENSG00000279633.1	AL137918.1	chr14	61801713	61803634	3	3	3
ENSG00000139973.16	SYT16	chr14	61811974	62112550	3	3	3
ENSG00000258956.2	COX4I1P1	chr14	61831861	61832369	3	3	3
ENSG00000258842.1	AL390816.1	chr14	62069518	62081154	3	3	3
ENSG00000258903.2	AL390816.2	chr14	62103122	62117175	3	3	3
ENSG00000186369.10	LINC00643	chr14	62114353	62130962	3	3	3
ENSG00000259142.1	LINC00644	chr14	62134149	62139973	3	3	3
ENSG00000270852.1	AL390816.3	chr14	62150656	62152258	3	3	3
ENSG00000258638.2	AL389895.1	chr14	62514872	62515123	3	3	3
ENSG00000258877.2	ATP5F1AP4	chr14	62604113	62605717	3	3	3
ENSG00000140015.20	KCNH5	chr14	62699464	63102037	3	3	3
ENSG00000259093.2	AL137191.1	chr14	63122888	63178190	3	3	3
ENSG00000258995.1	PARP1P2	chr14	63123007	63123201	3	3	3
ENSG00000126785.13	RHOJ	chr14	63204114	63293508	3	3	3
ENSG00000258943.1	AL049871.1	chr14	63298126	63299547	3	3	3
ENSG00000179600.4	GPHB5	chr14	63312835	63318935	3	3	3
ENSG00000154001.14	PPP2R5E	chr14	63371364	63543377	3	3	3
ENSG00000252800.1	AL132992.1	chr14	63479272	63479413	3	3	3
ENSG00000261242.1	AL136038.3	chr14	63543569	63544664	3	3	3
ENSG00000205767.4	AL136038.1	chr14	63567958	63568308	3	3	3
ENSG00000270878.1	GCATP1	chr14	63594031	63595291	3	3	3
ENSG00000140006.11	WDR89	chr14	63597039	63641861	3	3	3
ENSG00000258800.1	AL136038.2	chr14	63598874	63599248	3	3	3
ENSG00000258645.2	HSPE1P2	chr14	63601509	63601814	3	3	3
ENSG00000202490.1	RNU6-597P	chr14	63618043	63618144	3	3	3
ENSG00000206822.1	Y_RNA	chr14	63621760	63621871	3	3	3
ENSG00000207172.1	RNU6-1162P	chr14	63630678	63630781	3	3	3
ENSG00000274015.2	AL136038.4	chr14	63642035	63665593	3	3	3
ENSG00000200693.2	U3	chr14	63651296	63651499	3	3	3
ENSG00000126821.8	SGPP1	chr14	63684216	63728065	3	3	3
ENSG00000258778.2	EIF2S2P1	chr14	63734697	63735923	3	3	3
ENSG00000252749.1	RNU7-116P	chr14	63736444	63736505	3	3	3
ENSG00000054654.19	SYNE2	chr14	63761899	64226433	3	3	3
ENSG00000258411.2	AL161670.1	chr14	63762013	63762149	3	3	3
ENSG00000270912.1	RPS28P1	chr14	63808546	63808732	3	3	3
ENSG00000202182.1	Y_RNA	chr14	63848261	63848362	3	3	3
ENSG00000140009.18	ESR2	chr14	64084232	64338112	3	3	3
ENSG00000221537.1	MIR548H1	chr14	64095024	64095125	3	3	3
ENSG00000214770.3	AL161756.1	chr14	64329431	64338639	3	3	3
ENSG00000234911.2	TEX21P	chr14	64341673	64387986	3	3	3
ENSG00000284664.1	AL161756.3	chr14	64349677	64352284	3	3	3
ENSG00000271511.1	AL161756.2	chr14	64361392	64361637	3	3	3
ENSG00000100714.17	MTHFD1	chr14	64388031	64463457	3	3	3
ENSG00000258824.2	AL122035.1	chr14	64422935	64448557	3	3	3
ENSG00000272909.1	AL122035.2	chr14	64440369	64442238	3	3	3
ENSG00000089775.12	ZBTB25	chr14	64449106	64505213	3	3	3
ENSG00000179841.8	AKAP5	chr14	64465499	64474503	3	3	3
ENSG00000126804.13	ZBTB1	chr14	64503712	64533690	3	3	3
ENSG00000259116.2	AL049869.2	chr14	64513952	64540368	3	3	3
ENSG00000259160.1	AL049869.3	chr14	64535702	64535879	3	3	3
ENSG00000126803.9	HSPA2	chr14	64535905	64546173	3	3	3
ENSG00000165807.8	PPP1R36	chr14	64549920	64589381	3	3	3
ENSG00000259076.1	AL049869.1	chr14	64552694	64596536	3	3	3
ENSG00000259010.1	NUP50P1	chr14	64600243	64601644	3	3	3
ENSG00000126822.17	PLEKHG3	chr14	64704102	64750249	3	3	3
ENSG00000070182.21	SPTB	chr14	64746283	64879907	3	3	3
ENSG00000284269.1	MIR7855	chr14	64785626	64785686	3	3	3
ENSG00000252497.1	RPPH1-2P	chr14	64909488	64909780	3	3	3
ENSG00000258289.8	CHURC1	chr14	64914361	64944591	3	3	3
ENSG00000125954.12	CHURC1-FNTB	chr14	64914485	65061803	3	3	3
ENSG00000176153.12	GPX2	chr14	64939152	64942905	3	3	3
ENSG00000139998.16	RAB15	chr14	64945814	64973226	3	3	3
ENSG00000257365.8	FNTB	chr14	64986895	65062652	3	3	3
ENSG00000272158.1	AL139022.2	chr14	65003325	65003767	3	3	3
ENSG00000125952.20	MAX	chr14	65006174	65102695	3	3	3
ENSG00000266531.1	MIR4706	chr14	65044688	65044769	3	3	3
ENSG00000259118.5	AL139022.1	chr14	65082034	65094212	3	3	3
ENSG00000222985.1	RNU2-14P	chr14	65124352	65124542	3	3	3
ENSG00000255002.2	LINC02324	chr14	65197254	65222443	3	3	3
ENSG00000258878.1	AL355076.3	chr14	65234515	65235101	3	3	3
ENSG00000258760.1	AL355076.2	chr14	65236480	65318790	3	3	3
ENSG00000258613.1	RPL21P7	chr14	65266638	65267690	3	3	3
ENSG00000214759.3	AL355076.1	chr14	65268829	65269098	3	3	3
ENSG00000259078.2	PTBP1P	chr14	65279267	65281166	3	3	3
ENSG00000266740.1	MIR4708	chr14	65335117	65335183	3	3	3
ENSG00000033170.17	FUT8	chr14	65410592	65744121	3	3	3
ENSG00000276116.2	FUT8-AS1	chr14	65411170	65412690	3	3	3
ENSG00000180662.8	RPL21P8	chr14	65467807	65468341	3	3	3
ENSG00000207781.1	MIR625	chr14	65471102	65471186	3	3	3
ENSG00000258980.1	EIF1AXP2	chr14	65528830	65529574	3	3	3
ENSG00000258629.1	NCOA4P1	chr14	65879592	65881070	3	3	3
ENSG00000258960.1	FTH1P13	chr14	65900932	65901451	3	3	3
ENSG00000258847.1	AL391261.1	chr14	65957297	66004523	3	3	3
ENSG00000277651.1	AL391261.2	chr14	65986967	65987447	3	3	3
ENSG00000224861.1	YBX1P1	chr14	66012830	66013789	3	3	3
ENSG00000258502.6	LINC02290	chr14	66111557	66131716	3	3	3
ENSG00000200860.1	Y_RNA	chr14	66177527	66177635	3	3	3
ENSG00000258561.2	AL359232.1	chr14	66212810	66509394	3	3	3
ENSG00000287833.1	AL157997.1	chr14	66248811	66278875	3	3	3
ENSG00000196553.15	CCDC196	chr14	66411704	66498677	3	3	3
ENSG00000171723.16	GPHN	chr14	66507407	67181803	3	3	3
ENSG00000258796.1	AL133241.1	chr14	66760532	66761018	3	3	3
ENSG00000258490.1	AL049835.1	chr14	66969038	66969816	3	3	3
ENSG00000172717.16	FAM71D	chr14	67189393	67228550	3	3	3
ENSG00000258988.1	SF3B4P1	chr14	67199062	67200327	3	3	3
ENSG00000072415.10	MPP5	chr14	67240713	67336061	3	3	3
ENSG00000286319.1	AL135978.1	chr14	67283749	67294073	3	3	3
ENSG00000100554.12	ATP6V1D	chr14	67294371	67360265	3	3	3
ENSG00000199755.1	Y_RNA	chr14	67340068	67340176	3	3	3
ENSG00000134001.15	EIF2S1	chr14	67360328	67386516	3	3	3
ENSG00000100558.9	PLEK2	chr14	67386984	67412167	3	3	3
ENSG00000265993.1	MIR5694	chr14	67441855	67441930	3	3	3
ENSG00000198133.8	TMEM229B	chr14	67447084	67533739	3	3	3
ENSG00000054690.14	PLEKHH1	chr14	67533290	67589612	3	3	3
ENSG00000100564.9	PIGH	chr14	67581955	67600286	3	3	3
ENSG00000259502.1	AL132640.1	chr14	67610986	67613864	3	3	3
ENSG00000259648.1	AL132640.2	chr14	67614929	67616626	3	3	3
ENSG00000281228.1	AL132640.3	chr14	67616903	67617084	3	3	3
ENSG00000201529.1	Y_RNA	chr14	67617302	67617415	3	3	3
ENSG00000081181.8	ARG2	chr14	67619920	67651708	3	3	3
ENSG00000286861.1	AL049779.4	chr14	67627299	67639675	3	3	3
ENSG00000100568.11	VTI1B	chr14	67647085	67674820	3	3	3
ENSG00000258626.2	COX7A2P1	chr14	67652300	67652614	3	3	3
ENSG00000272253.1	RNA5SP386	chr14	67657105	67657211	3	3	3
ENSG00000258466.5	AL049779.1	chr14	67659820	67690367	3	3	3
ENSG00000072042.13	RDH11	chr14	67676800	67695793	3	3	3
ENSG00000139988.10	RDH12	chr14	67701886	67734451	3	3	3
ENSG00000241542.3	RN7SL369P	chr14	67705954	67706252	3	3	3
ENSG00000258618.2	RPL21P9	chr14	67714545	67715204	3	3	3
ENSG00000072121.17	ZFYVE26	chr14	67727374	67816590	3	3	3
ENSG00000271697.1	AL049779.3	chr14	67735195	67735350	3	3	3
ENSG00000239820.3	RN7SL213P	chr14	67751228	67751544	3	3	3
ENSG00000258759.1	AL049779.2	chr14	67799004	67799609	3	3	3
ENSG00000182185.18	RAD51B	chr14	67819779	68730218	3	3	3
ENSG00000274666.1	AL133370.2	chr14	68113706	68114144	3	3	3
ENSG00000258837.1	AL133370.1	chr14	68125004	68130196	3	3	3
ENSG00000244677.3	RN7SL706P	chr14	68149617	68149908	3	3	3
ENSG00000243546.3	RN7SL108P	chr14	68236243	68236539	3	3	3
ENSG00000240210.3	AL122013.1	chr14	68338728	68339528	3	3	3
ENSG00000258477.1	PPIAP6	chr14	68421698	68422196	3	3	3
ENSG00000287385.1	AL121820.3	chr14	68605396	68611732	3	3	3
ENSG00000259038.1	AL121820.2	chr14	68627166	68628445	3	3	3
ENSG00000258623.1	AL121820.1	chr14	68683411	68685565	3	3	3
ENSG00000242941.1	RPL12P7	chr14	68693090	68693583	3	3	3
ENSG00000287167.1	AL133313.1	chr14	68693656	68695734	3	3	3
ENSG00000287913.1	AL132986.1	chr14	68731234	68736678	3	3	3
ENSG00000207089.1	RNU6-921P	chr14	68735922	68736028	3	3	3
ENSG00000185650.10	ZFP36L1	chr14	68787660	68796253	3	3	3
ENSG00000270975.1	MAGOH3P	chr14	68861762	68862525	3	3	3
ENSG00000258565.1	BLZF2P	chr14	68867857	68869951	3	3	3
ENSG00000072110.15	ACTN1	chr14	68874128	68979440	3	3	3
ENSG00000258967.1	HMGN1P3	chr14	68887785	68888084	3	3	3
ENSG00000258531.2	BANF1P1	chr14	68936602	68936864	3	3	3
ENSG00000259062.2	ACTN1-AS1	chr14	68979682	68987463	3	3	3
ENSG00000242293.1	RPS29P1	chr14	69023150	69023308	3	3	3
ENSG00000139990.18	DCAF5	chr14	69050881	69153150	3	3	3
ENSG00000259165.1	DDX18P1	chr14	69083398	69085389	3	3	3
ENSG00000206768.1	Y_RNA	chr14	69143852	69143953	3	3	3
ENSG00000276063.1	AL391262.1	chr14	69154311	69154804	3	3	3
ENSG00000258957.2	AL359317.2	chr14	69183017	69214092	3	3	3
ENSG00000081177.18	EXD2	chr14	69191511	69244020	3	3	3
ENSG00000258520.1	AL359317.1	chr14	69239166	69260567	3	3	3
ENSG00000100626.17	GALNT16	chr14	69259277	69357033	3	3	3
ENSG00000280073.1	AL157996.1	chr14	69357010	69359308	3	3	3
ENSG00000100632.11	ERH	chr14	69380128	69398299	3	3	3
ENSG00000029364.12	SLC39A9	chr14	69398015	69462390	3	3	3
ENSG00000286424.1	AL157996.2	chr14	69479057	69483714	3	3	3
ENSG00000175985.10	PLEKHD1	chr14	69484692	69531551	3	3	3
ENSG00000244237.1	AL133445.1	chr14	69561019	69561470	3	3	3
ENSG00000267909.3	CCDC177	chr14	69569799	69574871	3	3	3
ENSG00000287310.1	AL133445.3	chr14	69582916	69584946	3	3	3
ENSG00000100647.8	SUSD6	chr14	69611596	69715144	3	3	3
ENSG00000273797.1	AL133445.2	chr14	69617122	69617648	3	3	3
ENSG00000100650.16	SRSF5	chr14	69726900	69772005	3	3	3
ENSG00000100652.5	SLC10A1	chr14	69775416	69797241	3	3	3
ENSG00000221060.1	AL157789.1	chr14	69804203	69804331	3	3	3
ENSG00000198732.11	SMOC1	chr14	69854131	70032366	3	3	3
ENSG00000242071.3	RPL7AP6	chr14	69885340	69886140	3	3	3
ENSG00000100678.19	SLC8A3	chr14	70044215	70189070	3	3	3
ENSG00000258422.5	AL160191.1	chr14	70187123	70230187	3	3	3
ENSG00000274330.1	AL160191.3	chr14	70230224	70232426	3	3	3
ENSG00000270610.1	AL160191.2	chr14	70234495	70235095	3	3	3
ENSG00000235812.4	ADAM21P1	chr14	70245491	70247801	3	3	3
ENSG00000259033.2	AL356804.1	chr14	70255629	70343388	3	3	3
ENSG00000133983.16	COX16	chr14	70325081	70416984	3	3	3
ENSG00000258644.6	SYNJ2BP-COX16	chr14	70326064	70417074	3	3	3
ENSG00000222640.1	RNU2-51P	chr14	70360892	70361088	3	3	3
ENSG00000213463.5	SYNJ2BP	chr14	70366499	70417090	3	3	3
ENSG00000257759.2	AL357153.2	chr14	70425812	70547464	3	3	3
ENSG00000139985.7	ADAM21	chr14	70452174	70459905	3	3	3
ENSG00000259158.4	ADAM20P1	chr14	70453541	70483775	3	3	3
ENSG00000252263.1	RNU6-659P	chr14	70496107	70496210	3	3	3
ENSG00000134007.5	ADAM20	chr14	70522358	70535015	3	3	3
ENSG00000274397.1	AL357153.4	chr14	70556206	70557478	3	3	3
ENSG00000133997.12	MED6	chr14	70581257	70600690	3	3	3
ENSG00000259115.1	AL357153.3	chr14	70593314	70641204	3	3	3
ENSG00000258951.1	KRT18P7	chr14	70594552	70595770	3	3	3
ENSG00000245466.1	AL357153.1	chr14	70608798	70641298	3	3	3
ENSG00000240837.3	RN7SL77P	chr14	70610086	70610379	3	3	3
ENSG00000133985.3	TTC9	chr14	70641916	70675366	3	3	3
ENSG00000258689.1	LINC01269	chr14	70698698	70712153	3	3	3
ENSG00000006432.15	MAP3K9	chr14	70722526	70809534	3	3	3
ENSG00000259153.2	AC004816.1	chr14	70809841	70815994	3	3	3
ENSG00000275630.1	AC004816.2	chr14	70822004	70823984	3	3	3
ENSG00000258431.1	AC004825.1	chr14	70858844	70859429	3	3	3
ENSG00000274818.1	AC004825.2	chr14	70906657	70907111	3	3	3
ENSG00000100731.16	PCNX1	chr14	70907405	71115382	3	3	3
ENSG00000287643.1	AC004825.3	chr14	70945640	70959029	3	3	3
ENSG00000258930.1	AC005230.1	chr14	71031686	71031970	3	3	3
ENSG00000258966.1	GTF3AP2	chr14	71044375	71044640	3	3	3
ENSG00000258571.1	PTTG4P	chr14	71085482	71085833	3	3	3
ENSG00000269927.1	AC004817.3	chr14	71141125	71143253	3	3	3
ENSG00000286423.1	AC004817.5	chr14	71179053	71243841	3	3	3
ENSG00000259907.1	AC004817.2	chr14	71181456	71182106	3	3	3
ENSG00000258517.1	AC004817.1	chr14	71212633	71218216	3	3	3
ENSG00000269945.1	AC004817.4	chr14	71219100	71222724	3	3	3
ENSG00000259146.4	AC005476.2	chr14	71292729	71321882	3	3	3
ENSG00000197555.9	SIPA1L1	chr14	71320449	71741229	3	3	3
ENSG00000259079.1	AC005476.1	chr14	71330342	71330738	3	3	3
ENSG00000207444.1	SNORD56B	chr14	71398337	71398407	3	3	3
ENSG00000242330.3	RN7SL683P	chr14	71448689	71448958	3	3	3
ENSG00000285612.1	AC004974.1	chr14	71586269	71590354	3	3	3
ENSG00000285518.1	AC004900.1	chr14	71734927	71739794	3	3	3
ENSG00000266869.2	AC005993.1	chr14	71848606	71928596	3	3	3
ENSG00000182732.18	RGS6	chr14	71932429	72566530	3	3	3
ENSG00000200298.1	Y_RNA	chr14	72022407	72022516	3	3	3
ENSG00000286333.1	AC004828.2	chr14	72515407	72544622	3	3	3
ENSG00000273830.1	MIR7843	chr14	72516820	72516898	3	3	3
ENSG00000258871.1	AC004828.1	chr14	72552580	72595125	3	3	3
ENSG00000205683.11	DPF3	chr14	72619296	72894116	3	3	3
ENSG00000285936.1	AL392024.1	chr14	72701762	72704280	3	3	3
ENSG00000206751.1	Y_RNA	chr14	72853224	72853331	3	3	3
ENSG00000119599.17	DCAF4	chr14	72926377	72959703	3	3	3
ENSG00000176043.5	AC007160.1	chr14	72929612	72929930	3	3	3
ENSG00000259015.1	AL442663.4	chr14	72960595	72961993	3	3	3
ENSG00000239544.1	AL442663.1	chr14	72963645	72964008	3	3	3
ENSG00000165861.14	ZFYVE1	chr14	72969451	73027131	3	3	3
ENSG00000241487.3	RN7SL586P	chr14	73040619	73040914	3	3	3
ENSG00000258813.2	AL442663.3	chr14	73057925	73059415	3	3	3
ENSG00000119707.14	RBM25	chr14	73058532	73123899	3	3	3
ENSG00000258448.1	AL442663.2	chr14	73068108	73068618	3	3	3
ENSG00000080815.19	PSEN1	chr14	73136418	73223691	3	3	3
ENSG00000259109.1	AC004858.1	chr14	73189763	73190004	3	3	3
ENSG00000100767.17	PAPLN	chr14	73237497	73274640	3	3	3
ENSG00000258376.2	AC004846.1	chr14	73242651	73245979	3	3	3
ENSG00000252839.1	RNU6-419P	chr14	73246818	73246880	3	3	3
ENSG00000258944.1	AC004846.2	chr14	73272182	73274081	3	3	3
ENSG00000133961.20	NUMB	chr14	73275107	73458617	3	3	3
ENSG00000285006.1	AC005280.3	chr14	73366897	73463642	3	3	3
ENSG00000284930.1	AC005280.2	chr14	73458850	73466167	3	3	3
ENSG00000251393.4	AC005280.1	chr14	73462362	73477175	3	3	3
ENSG00000187105.9	HEATR4	chr14	73478484	73558947	3	3	3
ENSG00000170468.8	RIOX1	chr14	73490933	73493394	3	3	3
ENSG00000258443.1	AC005225.1	chr14	73517233	73520648	3	3	3
ENSG00000258695.2	AC005225.3	chr14	73522878	73530610	3	3	3
ENSG00000184227.8	ACOT1	chr14	73537143	73543796	3	3	3
ENSG00000258408.1	NT5CP2	chr14	73539221	73539781	3	3	3
ENSG00000258603.4	AC005225.2	chr14	73555115	73633941	3	3	3
ENSG00000119673.14	ACOT2	chr14	73567620	73575658	3	3	3
ENSG00000258524.1	NT5CP1	chr14	73571159	73571667	3	3	3
ENSG00000279026.1	AC005225.4	chr14	73580694	73582918	3	3	3
ENSG00000177465.4	ACOT4	chr14	73591706	73596496	3	3	3
ENSG00000205669.4	ACOT6	chr14	73610945	73619888	3	3	3
ENSG00000258972.1	NDUFB8P1	chr14	73631475	73632019	3	3	3
ENSG00000119661.15	DNAL1	chr14	73644875	73703732	3	3	3
ENSG00000251907.1	RNU6-240P	chr14	73659564	73659660	3	3	3
ENSG00000258660.1	AC006146.1	chr14	73698103	73700351	3	3	3
ENSG00000176903.5	PNMA1	chr14	73711783	73714384	3	3	3
ENSG00000156030.13	MIDEAS	chr14	73715122	73790285	3	3	3
ENSG00000264741.1	MIR4505	chr14	73758747	73758819	3	3	3
ENSG00000259065.2	AC005520.2	chr14	73787355	73803300	3	3	3
ENSG00000258586.1	LINC02274	chr14	73822559	73830135	3	3	3
ENSG00000270576.1	AC005520.4	chr14	73840520	73840609	3	3	3
ENSG00000140043.11	PTGR2	chr14	73851844	73886827	3	3	3
ENSG00000258653.3	AC005520.1	chr14	73851971	73932278	3	3	3
ENSG00000223300.1	Y_RNA	chr14	73858061	73858165	3	3	3
ENSG00000273711.2	AC005520.5	chr14	73873689	73885555	3	3	3
ENSG00000119725.20	ZNF410	chr14	73886617	73932521	3	3	3
ENSG00000258891.1	AC005480.1	chr14	73896164	73938114	3	3	3
ENSG00000270140.1	AC005520.3	chr14	73905267	73905636	3	3	3
ENSG00000199472.1	Y_RNA	chr14	73906316	73906427	3	3	3
ENSG00000156050.10	FAM161B	chr14	73931501	73950414	3	3	3
ENSG00000119723.17	COQ6	chr14	73949926	73963670	3	3	3
ENSG00000187097.13	ENTPD5	chr14	73958010	74019399	3	3	3
ENSG00000279461.2	AC005480.2	chr14	74003396	74003470	3	3	3
ENSG00000119636.16	BBOF1	chr14	74019349	74082863	3	3	3
ENSG00000119711.13	ALDH6A1	chr14	74056847	74084492	3	3	3
ENSG00000205659.11	LIN52	chr14	74084796	74201235	3	3	3
ENSG00000239910.3	RN7SL530P	chr14	74174456	74174753	3	3	3
ENSG00000258513.1	AC006349.1	chr14	74192589	74192823	3	3	3
ENSG00000119614.3	VSX2	chr14	74239449	74262738	3	3	3
ENSG00000119688.21	ABCD4	chr14	74285269	74303055	3	3	3
ENSG00000258559.2	AC005519.1	chr14	74289127	74294425	3	3	3
ENSG00000133980.5	VRTN	chr14	74303069	74360008	3	3	3
ENSG00000258737.2	SUB1P2	chr14	74305425	74306527	3	3	3
ENSG00000177776.8	RPS2P2	chr14	74377818	74378418	3	3	3
ENSG00000183379.9	SYNDIG1L	chr14	74405894	74426210	3	3	3
ENSG00000270000.1	AC005479.2	chr14	74471930	74472360	3	3	3
ENSG00000259005.1	AC005479.1	chr14	74474007	74474864	3	3	3
ENSG00000119655.11	NPC2	chr14	74476192	74494177	3	3	3
ENSG00000283944.1	MIR4709	chr14	74480133	74480204	3	3	3
ENSG00000258769.1	RAP1AP	chr14	74482985	74483435	3	3	3
ENSG00000165898.14	ISCA2	chr14	74493756	74497106	3	3	3
ENSG00000119681.12	LTBP2	chr14	74498183	74612378	3	3	3
ENSG00000258425.1	AC013451.1	chr14	74552181	74560048	3	3	3
ENSG00000258976.1	AC013451.2	chr14	74614693	74616647	3	3	3
ENSG00000119682.17	AREL1	chr14	74653437	74713108	3	3	3
ENSG00000258439.1	AC007956.2	chr14	74658049	74658590	3	3	3
ENSG00000222604.2	AC007956.1	chr14	74711936	74712045	3	3	3
ENSG00000119616.11	FCF1	chr14	74713144	74738620	3	3	3
ENSG00000119596.18	YLPM1	chr14	74763316	74859435	3	3	3
ENSG00000119608.14	PROX2	chr14	74852871	74876154	3	3	3
ENSG00000258587.1	AC006530.1	chr14	74873684	74874254	3	3	3
ENSG00000119689.15	DLST	chr14	74881891	74903743	3	3	3
ENSG00000198208.12	RPS6KL1	chr14	74903951	74923302	3	3	3
ENSG00000119630.14	PGF	chr14	74941834	74955626	3	3	3
ENSG00000119718.11	EIF2B2	chr14	75002921	75012366	3	3	3
ENSG00000258646.1	AL049780.1	chr14	75004719	75008481	3	3	3
ENSG00000279594.1	AL049780.3	chr14	75011269	75012851	3	3	3
ENSG00000119684.16	MLH3	chr14	75013769	75051532	3	3	3
ENSG00000206924.1	RNU6-689P	chr14	75020761	75020867	3	3	3
ENSG00000119640.9	ACYP1	chr14	75053237	75069483	3	3	3
ENSG00000119703.15	ZC2HC1C	chr14	75064109	75119502	3	3	3
ENSG00000119638.14	NEK9	chr14	75079353	75127344	3	3	3
ENSG00000258978.1	HIF1AP1	chr14	75116426	75116600	3	3	3
ENSG00000259138.1	AL049780.2	chr14	75127153	75136930	3	3	3
ENSG00000170348.9	TMED10	chr14	75131469	75176612	3	3	3
ENSG00000273565.1	AL691403.2	chr14	75176929	75177418	3	3	3
ENSG00000252013.1	RNU4ATAC14P	chr14	75202081	75202169	3	3	3
ENSG00000258740.1	AL691403.1	chr14	75238616	75269283	3	3	3
ENSG00000258820.5	AF111167.1	chr14	75259411	75271950	3	3	3
ENSG00000283519.1	U2	chr14	75270700	75270780	3	3	3
ENSG00000170345.10	FOS	chr14	75278826	75282230	3	3	3
ENSG00000119660.4	DPPA5P4	chr14	75292131	75292495	3	3	3
ENSG00000259687.2	LINC01220	chr14	75294404	75298109	3	3	3
ENSG00000259319.1	AF111167.2	chr14	75423683	75427741	3	3	3
ENSG00000140044.13	JDP2	chr14	75427716	75474111	3	3	3
ENSG00000156127.8	BATF	chr14	75522455	75546993	3	3	3
ENSG00000224721.1	AC007182.1	chr14	75574888	75579588	3	3	3
ENSG00000119686.10	FLVCR2	chr14	75578620	75663214	3	3	3
ENSG00000242951.1	AC007182.2	chr14	75595805	75596206	3	3	3
ENSG00000201096.1	RNA5SP387	chr14	75604173	75604278	3	3	3
ENSG00000280494.2	AC007182.3	chr14	75604209	75604261	3	3	3
ENSG00000119685.20	TTLL5	chr14	75633625	75955079	3	3	3
ENSG00000133935.7	ERG28	chr14	75649791	75660876	3	3	3
ENSG00000259103.2	AF107885.2	chr14	75814502	75847698	3	3	3
ENSG00000242488.2	AF107885.1	chr14	75838157	75839114	3	3	3
ENSG00000119650.13	IFT43	chr14	75902136	76084585	3	3	3
ENSG00000119699.8	TGFB3	chr14	75958097	75983011	3	3	3
ENSG00000258876.1	TGFB3-AS1	chr14	75970924	75971587	3	3	3
ENSG00000258578.2	AC008015.1	chr14	76013679	76014143	3	3	3
ENSG00000283629.1	AC016526.4	chr14	76131707	76152627	3	3	3
ENSG00000089916.18	GPATCH2L	chr14	76151916	76254342	3	3	3
ENSG00000258454.1	AC016526.2	chr14	76235817	76263474	3	3	3
ENSG00000280078.1	AC016526.3	chr14	76279173	76283103	3	3	3
ENSG00000258402.1	AC016526.1	chr14	76280943	76310066	3	3	3
ENSG00000119715.15	ESRRB	chr14	76310712	76501837	3	3	3
ENSG00000259124.1	AC008050.1	chr14	76495363	76726712	3	3	3
ENSG00000271423.1	CYCSP1	chr14	76633714	76634028	3	3	3
ENSG00000242952.1	RPSAP3	chr14	76634775	76635661	3	3	3
ENSG00000258566.2	AC007376.1	chr14	76690139	76690742	3	3	3
ENSG00000258569.1	AC007376.2	chr14	76710658	76761388	3	3	3
ENSG00000071246.11	VASH1	chr14	76761468	76783015	3	3	3
ENSG00000259081.1	AF111169.3	chr14	76774284	76781518	3	3	3
ENSG00000258610.1	AF111169.1	chr14	76778952	76782249	3	3	3
ENSG00000258301.3	VASH1-AS1	chr14	76781733	76786724	3	3	3
ENSG00000013523.11	ANGEL1	chr14	76786009	76826246	3	3	3
ENSG00000286437.1	AF111169.4	chr14	76790267	76793807	3	3	3
ENSG00000100565.15	LRRC74A	chr14	76826372	76870302	3	3	3
ENSG00000241081.1	RPL22P2	chr14	76886377	76886750	3	3	3
ENSG00000223174.1	RN7SKP17	chr14	76890263	76890613	3	3	3
ENSG00000259058.1	AF111169.2	chr14	76921840	76924649	3	3	3
ENSG00000285966.1	AC007686.4	chr14	76958098	77000609	3	3	3
ENSG00000258602.1	LINC01629	chr14	76959638	76965802	3	3	3
ENSG00000266553.2	RN7SL356P	chr14	76967518	76967765	3	3	3
ENSG00000243225.2	AC007686.1	chr14	76968683	76969145	3	3	3
ENSG00000119669.5	IRF2BPL	chr14	77024543	77028708	3	3	3
ENSG00000273729.1	AC007686.3	chr14	77028086	77031572	3	3	3
ENSG00000246548.3	LINC02288	chr14	77041064	77069503	3	3	3
ENSG00000258473.2	AC007686.2	chr14	77048172	77086457	3	3	3
ENSG00000258819.2	LINC02289	chr14	77069169	77076392	3	3	3
ENSG00000287004.1	AC007686.5	chr14	77084689	77085977	3	3	3
ENSG00000198894.8	CIPC	chr14	77098126	77117287	3	3	3
ENSG00000259164.1	AC007375.2	chr14	77098311	77225462	3	3	3
ENSG00000165548.11	TMEM63C	chr14	77116568	77259495	3	3	3
ENSG00000177108.5	ZDHHC22	chr14	77131270	77142734	3	3	3
ENSG00000269883.1	AC007375.3	chr14	77140683	77142996	3	3	3
ENSG00000258552.1	FAM204DP	chr14	77173075	77173652	3	3	3
ENSG00000201384.1	AC007375.1	chr14	77201026	77201140	3	3	3
ENSG00000165553.4	NGB	chr14	77265483	77271312	3	3	3
ENSG00000221754.1	MIR1260A	chr14	77266218	77266290	3	3	3
ENSG00000009830.12	POMT2	chr14	77274956	77320883	3	3	3
ENSG00000100577.19	GSTZ1	chr14	77320996	77331597	3	3	3
ENSG00000100580.8	TMED8	chr14	77335029	77377094	3	3	3
ENSG00000258510.2	AC007954.1	chr14	77359423	77359916	3	3	3
ENSG00000100583.4	SAMD15	chr14	77376689	77391497	3	3	3
ENSG00000165555.9	NOXRED1	chr14	77394021	77423517	3	3	3
ENSG00000151445.16	VIPAS39	chr14	77426675	77457952	3	3	3
ENSG00000100591.8	AHSA1	chr14	77457870	77469472	3	3	3
ENSG00000212371.1	AF111168.1	chr14	77466284	77466436	3	3	3
ENSG00000100593.18	ISM2	chr14	77474394	77498816	3	3	3
ENSG00000100596.7	SPTLC2	chr14	77505997	77616637	3	3	3
ENSG00000240233.3	RN7SL587P	chr14	77547566	77547846	3	3	3
ENSG00000258668.1	COX6CP11	chr14	77652827	77653055	3	3	3
ENSG00000100601.10	ALKBH1	chr14	77672404	77708023	3	3	3
ENSG00000239272.1	RPL21P10	chr14	77683202	77683989	3	3	3
ENSG00000258917.1	ZMYND19P1	chr14	77696591	77697377	3	3	3
ENSG00000119705.10	SLIRP	chr14	77708071	77761104	3	3	3
ENSG00000100603.14	SNW1	chr14	77717599	77761207	3	3	3
ENSG00000197734.10	C14orf178	chr14	77760834	77769742	3	3	3
ENSG00000063761.16	ADCK1	chr14	77800109	77935014	3	3	3
ENSG00000199440.1	Y_RNA	chr14	77821030	77821142	3	3	3
ENSG00000258421.2	FXNP1	chr14	78059942	78060278	3	3	3
ENSG00000021645.20	NRXN3	chr14	78170373	79868291	3	3	5
ENSG00000199454.1	RNA5SP388	chr14	78177803	78177921	3	3	3
ENSG00000239438.1	RPS26P48	chr14	78231281	78231619	3	3	3
ENSG00000258723.1	AF099810.1	chr14	78279572	78283376	3	3	3
ENSG00000258719.1	AC009396.2	chr14	78695321	78698122	3	3	3
ENSG00000258874.1	AC009396.3	chr14	78703615	78709934	3	3	3
ENSG00000258478.1	AC009396.1	chr14	78744398	78753878	3	3	3
ENSG00000258829.1	AC026888.1	chr14	79072132	79074767	3	3	3
ENSG00000258419.1	AC022469.1	chr14	79199982	79201632	3	3	3
ENSG00000258662.1	AC022469.2	chr14	79246668	79249023	3	3	3
ENSG00000259106.1	AC008056.2	chr14	79611418	79633311	3	3	3
ENSG00000287118.1	AC008056.3	chr14	79639754	79644431	3	3	3
ENSG00000258637.1	AC008056.1	chr14	79661666	79791263	3	3	3
ENSG00000258416.1	AF123462.1	chr14	79893080	79974169	3	3	3
ENSG00000211448.13	DIO2	chr14	80197526	80387757	3	3	3
ENSG00000258766.1	DIO2-AS1	chr14	80211419	80455469	3	3	3
ENSG00000100629.17	CEP128	chr14	80476983	80959517	3	3	3
ENSG00000258452.1	HMGN2P2	chr14	80822524	80822796	3	3	3
ENSG00000165409.18	TSHR	chr14	80954989	81146306	3	3	3
ENSG00000258915.1	BHLHB9P1	chr14	80981988	80983638	3	3	3
ENSG00000271705.1	RPL17P3	chr14	81001166	81001786	3	3	3
ENSG00000271656.1	AC007262.1	chr14	81003325	81003645	3	3	3
ENSG00000284959.2	AC007262.2	chr14	81012099	81170429	3	3	3
ENSG00000259167.2	NMNAT1P1	chr14	81032529	81033404	3	3	3
ENSG00000286686.1	AL136040.2	chr14	81169776	81175400	3	3	3
ENSG00000165417.12	GTF2A1	chr14	81175452	81221377	3	3	3
ENSG00000221303.1	SNORA79	chr14	81202695	81202834	3	3	3
ENSG00000273783.1	AL136040.1	chr14	81221218	81222460	3	3	3
ENSG00000205579.3	DYNLL1P1	chr14	81246295	81246563	3	3	3
ENSG00000270343.1	UNGP3	chr14	81259565	81260239	3	3	3
ENSG00000140022.13	STON2	chr14	81260656	81436465	3	3	3
ENSG00000242163.1	AL121769.1	chr14	81332961	81333361	3	3	3
ENSG00000258605.1	DYNLL1P2	chr14	81412970	81413239	3	3	3
ENSG00000258675.2	LINC02308	chr14	81441987	81450371	3	3	3
ENSG00000071537.14	SEL1L	chr14	81471547	81533853	3	3	3
ENSG00000258977.2	LINC01467	chr14	81605338	81623086	3	3	3
ENSG00000258841.1	EEF1A1P2	chr14	81661428	81662874	3	3	3
ENSG00000258718.3	LINC02311	chr14	81727780	81743749	3	3	3
ENSG00000259035.2	AL355838.1	chr14	81741002	82030349	3	3	3
ENSG00000241891.1	RPL9P6	chr14	81777016	81777613	3	3	3
ENSG00000258501.1	EIF3LP1	chr14	81916231	81917888	3	3	3
ENSG00000276782.1	Metazoa_SRP	chr14	82429872	82430156	3	3	3
ENSG00000258743.6	LINC02301	chr14	82642605	82746664	3	3	3
ENSG00000259032.2	ENSAP2	chr14	82692704	82693055	3	3	3
ENSG00000258683.1	AL355095.1	chr14	82788478	82796221	3	3	3
ENSG00000258600.1	AL359238.1	chr14	83017106	83018144	3	3	3
ENSG00000258426.1	AL162872.1	chr14	83018201	83039602	3	3	3
ENSG00000252369.1	RNU7-51P	chr14	83048579	83048640	3	3	3
ENSG00000238561.1	RNU6ATAC28P	chr14	83750384	83750501	3	3	3
ENSG00000258549.1	AL161713.1	chr14	83805496	83805640	3	3	3
ENSG00000258532.2	LINC02305	chr14	83903437	83915377	3	3	3
ENSG00000285826.1	AL356807.1	chr14	83986776	84140544	3	3	3
ENSG00000258762.1	MTND4P33	chr14	84172841	84173606	3	3	3
ENSG00000258923.2	MTND5P35	chr14	84173791	84175510	3	3	3
ENSG00000259012.2	MTCYBP27	chr14	84176419	84177088	3	3	3
ENSG00000251895.1	RNU6-976P	chr14	84739942	84740052	3	3	3
ENSG00000258506.2	AL163642.1	chr14	84951274	84951373	3	3	3
ENSG00000271712.1	AL163642.2	chr14	84998278	84999296	3	3	3
ENSG00000259044.1	AL357172.1	chr14	85202849	85239474	3	3	3
ENSG00000258902.1	AL049775.2	chr14	85362457	85516934	3	3	3
ENSG00000258814.2	LINC02329	chr14	85385927	85388765	3	3	3
ENSG00000259107.2	LINC00911	chr14	85393828	85420550	3	3	3
ENSG00000205562.3	AL049775.1	chr14	85518871	85531585	3	3	3
ENSG00000258945.1	AL049775.3	chr14	85528599	85529386	3	3	3
ENSG00000185070.11	FLRT2	chr14	85530144	85654428	3	3	3
ENSG00000258733.6	LINC02328	chr14	85911438	86161500	3	3	3
ENSG00000258912.2	LINC02316	chr14	86006893	86062981	3	3	3
ENSG00000286582.1	AL161753.1	chr14	86283243	86304863	3	3	3
ENSG00000258994.1	LINC02309	chr14	86332376	86401285	3	3	3
ENSG00000258804.1	LINC01148	chr14	86905778	86922755	3	3	3
ENSG00000259061.1	AL358292.1	chr14	86936640	86989125	3	3	3
ENSG00000258496.1	AL352955.1	chr14	87251103	87251679	3	3	3
ENSG00000258958.1	AL157688.1	chr14	87323753	87332390	3	3	3
ENSG00000258859.1	LINC02296	chr14	87353070	87573022	3	3	3
ENSG00000259028.1	AL135746.1	chr14	87568181	87569399	3	3	3
ENSG00000258770.1	LINC02330	chr14	87634379	87655294	3	3	3
ENSG00000258807.5	AL359237.1	chr14	87710419	87872291	3	3	3
ENSG00000259077.1	AL136501.1	chr14	87810982	87838339	3	3	3
ENSG00000054983.17	GALC	chr14	87837820	87993665	3	3	3
ENSG00000259096.1	SHLD2P2	chr14	87952527	87955203	3	3	3
ENSG00000252783.1	RNU6-835P	chr14	87996345	87996448	3	3	3
ENSG00000140030.6	GPR65	chr14	88005135	88014811	3	3	3
ENSG00000258407.1	AL157955.1	chr14	88010787	88015611	3	3	3
ENSG00000258826.6	LINC01147	chr14	88018181	88036319	3	3	3
ENSG00000258867.6	LINC01146	chr14	88024519	88098025	3	3	3
ENSG00000258975.1	AL133279.2	chr14	88136733	88159845	3	3	3
ENSG00000259998.1	AL133279.3	chr14	88158240	88160591	3	3	3
ENSG00000258538.5	AL133279.1	chr14	88175391	88180198	3	3	3
ENSG00000100433.16	KCNK10	chr14	88180103	88326907	3	3	3
ENSG00000042317.17	SPATA7	chr14	88384924	88470350	3	3	3
ENSG00000070778.13	PTPN21	chr14	88465778	88555007	3	3	3
ENSG00000258983.2	AL162171.2	chr14	88499334	88515502	3	3	3
ENSG00000222990.1	RNU4-22P	chr14	88513498	88513663	3	3	3
ENSG00000258789.1	AL162171.1	chr14	88551597	88552493	3	3	3
ENSG00000100722.20	ZC3H14	chr14	88562970	88627596	3	3	3
ENSG00000278576.1	AL162171.3	chr14	88589231	88592408	3	3	3
ENSG00000165521.15	EML5	chr14	88612431	88792752	3	3	3
ENSG00000274492.1	AL121768.1	chr14	88819608	88822151	3	3	3
ENSG00000200653.1	RNU4-92P	chr14	88820297	88820432	3	3	3
ENSG00000165533.19	TTC8	chr14	88824153	88881078	3	3	3
ENSG00000207342.1	Y_RNA	chr14	88840165	88840263	3	3	3
ENSG00000283627.1	AL137785.1	chr14	89013386	89025807	3	3	3
ENSG00000258990.2	MPPE1P1	chr14	89110148	89111223	3	3	3
ENSG00000053254.16	FOXN3	chr14	89124871	89619149	3	3	3
ENSG00000277801.1	AL138478.1	chr14	89156743	89157574	3	3	3
ENSG00000259151.2	CAP2P1	chr14	89290205	89291594	3	3	3
ENSG00000258752.2	AL357093.2	chr14	89349377	89366081	3	3	3
ENSG00000258699.1	AL357093.1	chr14	89355060	89356571	3	3	3
ENSG00000258380.1	AL356805.1	chr14	89399995	89409469	3	3	3
ENSG00000259053.1	AL137230.2	chr14	89412312	89954659	3	3	3
ENSG00000258920.1	FOXN3-AS1	chr14	89417354	89419793	3	3	3
ENSG00000259073.1	FOXN3-AS2	chr14	89576216	89577477	3	3	3
ENSG00000201027.1	RN7SKP107	chr14	89621918	89622207	3	3	3
ENSG00000258792.4	AL137230.1	chr14	89628921	89642671	3	3	3
ENSG00000252655.1	Y_RNA	chr14	89650793	89650903	3	3	3
ENSG00000200312.1	RN7SKP255	chr14	89712511	89712823	3	3	3
ENSG00000259050.2	CHORDC2P	chr14	89736965	89738391	3	3	3
ENSG00000140025.16	EFCAB11	chr14	89794669	89954777	3	3	3
ENSG00000230997.5	RAB42P1	chr14	89892128	89892443	3	3	3
ENSG00000042088.14	TDP1	chr14	89954939	90044764	3	3	3
ENSG00000152315.5	KCNK13	chr14	90061994	90185853	3	3	3
ENSG00000258544.1	GLRXP2	chr14	90107675	90107995	3	3	3
ENSG00000201351.1	Y_RNA	chr14	90177222	90177330	3	3	3
ENSG00000100764.14	PSMC1	chr14	90256527	90275429	3	3	3
ENSG00000119720.18	NRDE2	chr14	90267860	90331969	3	3	3
ENSG00000287437.1	AL161662.1	chr14	90291516	90294942	3	3	3
ENSG00000242571.1	RPL21P11	chr14	90366697	90367179	3	3	3
ENSG00000275198.1	AL512791.2	chr14	90383365	90387973	3	3	3
ENSG00000198668.13	CALM1	chr14	90396502	90408268	3	3	3
ENSG00000258424.1	AL512791.1	chr14	90402523	90405235	3	3	3
ENSG00000258678.2	LINC02317	chr14	90452063	90455127	3	3	3
ENSG00000233208.6	LINC00642	chr14	90453571	90490763	3	3	3
ENSG00000259789.2	AL096869.3	chr14	90489010	90491637	3	3	3
ENSG00000165914.15	TTC7B	chr14	90524564	90816479	3	3	3
ENSG00000258935.1	AL096869.1	chr14	90567495	90569976	3	3	3
ENSG00000259163.2	AL096869.2	chr14	90642638	90648894	3	3	3
ENSG00000258437.1	AL139193.1	chr14	90675118	90676294	3	3	3
ENSG00000258716.1	AL139193.2	chr14	90697333	90699374	3	3	3
ENSG00000287663.1	AL122020.2	chr14	90758599	90760061	3	3	3
ENSG00000213315.5	AL122020.1	chr14	90766531	90766989	3	3	3
ENSG00000258884.2	LINC02321	chr14	90820064	90828199	3	3	3
ENSG00000100784.12	RPS6KA5	chr14	90847861	91060641	3	3	3
ENSG00000133943.21	DGLUCY	chr14	91060333	91225632	3	3	3
ENSG00000252644.1	RNU7-30P	chr14	91091077	91091138	3	3	3
ENSG00000221102.1	SNORA11B	chr14	91126425	91126553	3	3	3
ENSG00000119714.11	GPR68	chr14	91232532	91253925	3	3	3
ENSG00000258875.6	AL135818.1	chr14	91242759	91252211	3	3	3
ENSG00000260810.1	AL135818.2	chr14	91258299	91259003	3	3	3
ENSG00000286607.1	AL135818.3	chr14	91264903	91266666	3	3	3
ENSG00000015133.19	CCDC88C	chr14	91271323	91417844	3	3	3
ENSG00000258798.1	AL133153.2	chr14	91418266	91421176	3	3	3
ENSG00000258446.1	AL133153.1	chr14	91419449	91419751	3	3	3
ENSG00000100796.17	PPP4R3A	chr14	91457611	91510554	3	3	3
ENSG00000278342.1	AL133373.2	chr14	91554410	91554503	3	3	3
ENSG00000279286.2	AL133373.3	chr14	91572444	91575271	3	3	3
ENSG00000133962.8	CATSPERB	chr14	91580696	91780707	3	3	3
ENSG00000268295.1	POLR3GP1	chr14	91603173	91603433	3	3	3
ENSG00000258774.1	NANOGP7	chr14	91604402	91605319	3	3	3
ENSG00000258962.2	AL121839.1	chr14	91709111	91710617	3	3	3
ENSG00000275154.1	U3	chr14	91714915	91715130	3	3	3
ENSG00000260711.2	AL121839.2	chr14	91752856	91759798	3	3	3
ENSG00000165929.13	TC2N	chr14	91779746	91867536	3	3	3
ENSG00000140092.14	FBLN5	chr14	91869412	91947987	3	3	3
ENSG00000100815.12	TRIP11	chr14	91965991	92040896	3	3	3
ENSG00000259020.3	AL049872.1	chr14	92026566	92026887	3	3	3
ENSG00000066427.24	ATXN3	chr14	92044496	92106621	3	3	3
ENSG00000183648.11	NDUFB1	chr14	92116122	92121917	3	3	3
ENSG00000165934.13	CPSF2	chr14	92121969	92172145	3	3	3
ENSG00000258481.1	AL133240.1	chr14	92253493	92263656	3	3	3
ENSG00000201097.1	RNU6-366P	chr14	92265702	92265807	3	3	3
ENSG00000286630.1	AL133240.2	chr14	92294771	92297648	3	3	3
ENSG00000140090.18	SLC24A4	chr14	92322581	92501481	3	3	3
ENSG00000100599.16	RIN3	chr14	92513781	92688994	3	3	3
ENSG00000100600.15	LGMN	chr14	92703807	92748679	3	3	3
ENSG00000066455.13	GOLGA5	chr14	92794305	92839947	3	3	3
ENSG00000258742.6	LINC02833	chr14	92886352	92893508	3	3	3
ENSG00000258499.1	LINC02287	chr14	92905697	92907482	3	3	3
ENSG00000100604.13	CHGA	chr14	92923150	92935285	3	3	3
ENSG00000100605.17	ITPK1	chr14	92936914	93116320	3	3	3
ENSG00000258730.1	ITPK1-AS1	chr14	93067452	93072152	3	3	3
ENSG00000258595.2	CYB5AP3	chr14	93138066	93138465	3	3	3
ENSG00000165943.5	MOAP1	chr14	93182199	93184923	3	3	3
ENSG00000153485.6	TMEM251	chr14	93184951	93188463	3	3	3
ENSG00000259066.5	AL110118.1	chr14	93184973	93218586	3	3	3
ENSG00000170270.5	GON7	chr14	93202894	93207065	3	3	3
ENSG00000012963.15	UBR7	chr14	93207241	93229215	3	3	3
ENSG00000240096.1	AL132838.1	chr14	93223598	93224139	3	3	3
ENSG00000011114.15	BTBD7	chr14	93237550	93333092	3	3	3
ENSG00000241499.1	AL132838.2	chr14	93244010	93244323	3	3	3
ENSG00000133958.13	UNC79	chr14	93333219	93707876	3	3	3
ENSG00000278396.1	AL122023.1	chr14	93334528	93335057	3	3	3
ENSG00000187581.3	COX8C	chr14	93347182	93348356	3	3	3
ENSG00000202306.1	Y_RNA	chr14	93397139	93397234	3	3	3
ENSG00000252720.1	RNU6-1258P	chr14	93437400	93437510	3	3	3
ENSG00000277826.1	AL157858.2	chr14	93637179	93637338	3	3	3
ENSG00000175785.13	PRIMA1	chr14	93718298	93788485	3	3	3
ENSG00000279593.1	AL132642.2	chr14	93895762	93897759	3	3	3
ENSG00000258584.2	FAM181A-AS1	chr14	93904730	93927066	3	3	3
ENSG00000140067.6	FAM181A	chr14	93918894	93929608	3	3	3
ENSG00000100628.12	ASB2	chr14	93934166	93976739	3	3	3
ENSG00000258987.2	AL132642.1	chr14	93939497	93944194	3	3	3
ENSG00000265768.1	MIR4506	chr14	93948226	93948302	3	3	3
ENSG00000175699.15	CCDC197	chr14	93987225	94008863	3	3	3
ENSG00000089723.10	OTUB2	chr14	94026340	94048930	3	3	3
ENSG00000089737.17	DDX24	chr14	94048287	94081212	3	3	3
ENSG00000165948.11	IFI27L1	chr14	94081301	94103846	3	3	3
ENSG00000165949.12	IFI27	chr14	94104836	94116698	3	3	3
ENSG00000119632.4	IFI27L2	chr14	94127779	94130253	3	3	3
ENSG00000119698.12	PPP4R4	chr14	94146128	94279734	3	3	3
ENSG00000140093.10	SERPINA10	chr14	94280460	94293268	3	3	3
ENSG00000170099.6	SERPINA6	chr14	94304248	94323389	3	3	3
ENSG00000258597.3	SERPINA2	chr14	94364313	94366698	3	3	3
ENSG00000197249.14	SERPINA1	chr14	94376747	94390693	3	3	3
ENSG00000256357.1	AL132708.1	chr14	94430633	94464730	3	3	3
ENSG00000186910.4	SERPINA11	chr14	94442464	94452800	3	3	3
ENSG00000170054.16	SERPINA9	chr14	94462717	94479689	3	3	3
ENSG00000165953.10	SERPINA12	chr14	94487274	94517844	3	3	3
ENSG00000287668.1	AL132990.1	chr14	94545310	94547762	3	3	3
ENSG00000100665.12	SERPINA4	chr14	94561442	94569913	3	3	3
ENSG00000188488.14	SERPINA5	chr14	94561442	94593118	3	3	3
ENSG00000273259.3	AL049839.2	chr14	94592058	94624646	3	3	3
ENSG00000288028.1	AL049839.3	chr14	94599460	94607839	3	3	3
ENSG00000196136.18	SERPINA3	chr14	94612384	94624055	3	3	3
ENSG00000258805.2	ADIPOR1P2	chr14	94631863	94634528	3	3	3
ENSG00000187483.10	SERPINA13P	chr14	94640725	94646994	3	3	3
ENSG00000259140.2	AL049839.1	chr14	94674877	94675829	3	3	5
ENSG00000239269.1	RPSAP4	chr14	94726288	94727175	3	3	5
ENSG00000133937.5	GSC	chr14	94768223	94770113	3	3	5
ENSG00000285205.2	AL121612.2	chr14	94770271	94774858	3	3	5
ENSG00000240914.1	RPL15P2	chr14	94800849	94801463	3	3	5
ENSG00000274379.1	AL121612.1	chr14	94918253	94918734	3	3	5
ENSG00000258933.1	LINC02279	chr14	94960277	94962976	3	3	5
ENSG00000258866.2	AL390254.1	chr14	95047353	95050957	3	3	5
ENSG00000100697.15	DICER1	chr14	95086228	95158010	3	3	5
ENSG00000264607.1	MIR3173	chr14	95137919	95137986	3	3	5
ENSG00000235706.8	DICER1-AS1	chr14	95157645	95181475	3	3	5
ENSG00000165959.12	CLMN	chr14	95181940	95319908	3	3	5
ENSG00000259143.1	AL356017.1	chr14	95185117	95185854	3	3	5
ENSG00000258615.1	AL117187.1	chr14	95199039	95199345	3	3	5
ENSG00000287111.1	AL117187.2	chr14	95201278	95201439	3	3	5
ENSG00000258630.3	LINC02292	chr14	95319483	95335757	3	3	5
ENSG00000176438.12	SYNE3	chr14	95407266	95475836	3	3	5
ENSG00000258572.1	AL133467.1	chr14	95516136	95517911	3	3	5
ENSG00000247092.7	SNHG10	chr14	95521943	95534889	3	3	5
ENSG00000252481.1	SCARNA13	chr14	95533355	95533629	3	3	5
ENSG00000182512.5	GLRX5	chr14	95533503	95544724	3	3	5
ENSG00000258390.2	LINC02318	chr14	95573520	95582305	3	3	5
ENSG00000258927.2	AL133467.2	chr14	95620914	95643285	3	3	5
ENSG00000270038.1	AL133467.4	chr14	95644508	95645232	3	3	5
ENSG00000187621.15	TCL6	chr14	95650498	95679833	3	3	5
ENSG00000275033.1	AL133467.5	chr14	95662480	95662598	3	3	5
ENSG00000259084.6	AL133467.3	chr14	95663256	95692630	3	3	5
ENSG00000277468.1	AL133467.6	chr14	95670441	95670577	3	3	5
ENSG00000213231.13	TCL1B	chr14	95686426	95692628	3	3	5
ENSG00000100721.11	TCL1A	chr14	95709947	95714196	3	3	5
ENSG00000257275.6	AL139020.1	chr14	95711747	95757656	3	3	5
ENSG00000258516.2	AL133167.1	chr14	95828763	95866486	3	3	5
ENSG00000250366.3	TUNAR	chr14	95876392	95925663	3	3	5
ENSG00000271358.1	AL137190.1	chr14	96019484	96019765	3	3	5
ENSG00000227051.7	C14orf132	chr14	96039362	96093971	3	3	5
ENSG00000168398.7	BDKRB2	chr14	96204679	96244166	3	3	5
ENSG00000258691.1	AL355102.2	chr14	96204844	96263929	3	3	5
ENSG00000258412.1	AL355102.1	chr14	96210860	96214818	3	3	5
ENSG00000258788.3	CKS1BP1	chr14	96223108	96223347	3	3	5
ENSG00000259036.1	AL355102.5	chr14	96233431	96234101	3	3	5
ENSG00000100739.11	BDKRB1	chr14	96256210	96268967	3	3	5
ENSG00000258793.1	AL355102.4	chr14	96259411	96268624	3	3	5
ENSG00000258729.2	AL355102.3	chr14	96275046	96276723	3	3	5
ENSG00000066739.12	ATG2B	chr14	96279195	96363341	3	3	5
ENSG00000100744.15	GSKIP	chr14	96363452	96387288	3	3	5
ENSG00000222276.1	RNU2-33P	chr14	96384624	96384815	3	3	5
ENSG00000140057.9	AK7	chr14	96392128	96489427	3	3	5
ENSG00000259059.1	PEBP1P1	chr14	96423700	96424209	3	3	5
ENSG00000240051.1	RPL23AP10	chr14	96456576	96457041	3	3	5
ENSG00000260806.1	AL163051.1	chr14	96500810	96502321	3	3	5
ENSG00000090060.18	PAPOLA	chr14	96501433	96567111	3	3	5
ENSG00000258702.3	AL137786.1	chr14	96592399	96605974	3	3	5
ENSG00000223299.1	RN7SKP108	chr14	96638187	96638514	3	3	5
ENSG00000287350.1	AL137786.2	chr14	96663791	96681827	3	3	5
ENSG00000258979.3	LINC02299	chr14	96738021	96793084	3	3	5
ENSG00000287772.1	AL137786.3	chr14	96749695	96755556	3	3	5
ENSG00000100749.8	VRK1	chr14	96797382	96931722	3	3	5
ENSG00000225163.4	LINC00618	chr14	96931367	96945394	3	3	5
ENSG00000280070.1	AL049833.3	chr14	96992864	96996601	3	3	5
ENSG00000288034.1	AL049833.4	chr14	97005592	97007624	3	3	5
ENSG00000259026.1	AL049833.2	chr14	97110416	97119247	3	3	5
ENSG00000258393.1	AL049833.1	chr14	97116355	97121501	3	3	5
ENSG00000259110.1	LINC02304	chr14	97154857	97158736	3	3	5
ENSG00000285584.2	AL158800.1	chr14	97180525	97217778	3	3	5
ENSG00000246084.5	LINC02325	chr14	97427071	97582146	3	3	5
ENSG00000197176.7	LINC02291	chr14	97632647	97686658	3	3	5
ENSG00000287501.1	AL163872.1	chr14	97662638	97688600	3	3	5
ENSG00000258869.1	LINC02312	chr14	97749264	97763989	3	3	5
ENSG00000258379.1	AL355097.1	chr14	97786565	97789256	3	3	5
ENSG00000246223.9	LINC01550	chr14	97924637	97978124	3	3	5
ENSG00000259097.2	AL163932.1	chr14	98068161	98205143	3	3	5
ENSG00000258511.1	LINC02295	chr14	98136074	98139242	3	3	5
ENSG00000241757.3	RN7SL714P	chr14	98351367	98351664	3	3	5
ENSG00000258795.1	AL132719.1	chr14	98497132	98514798	3	3	5
ENSG00000176605.9	C14orf177	chr14	98711613	98717761	3	3	5
ENSG00000237342.1	AL132796.1	chr14	98844896	98845597	3	3	5
ENSG00000278990.1	AL132796.3	chr14	98916902	98917801	3	3	5
ENSG00000259119.1	AL132796.2	chr14	98925137	98927805	3	3	5
ENSG00000232573.1	RPL3P4	chr14	98972879	98973301	3	3	5
ENSG00000234648.1	AL162151.2	chr14	98973314	98973471	3	3	5
ENSG00000287991.1	AL162151.3	chr14	98999571	99003545	3	3	5
ENSG00000229402.1	AL162151.1	chr14	99158416	99159669	3	3	5
ENSG00000127152.18	BCL11B	chr14	99169287	99272197	3	3	5
ENSG00000235785.1	AL109767.1	chr14	99262948	99264735	3	3	5
ENSG00000258383.1	AL132819.1	chr14	99324799	99332015	3	3	5
ENSG00000183576.13	SETD3	chr14	99397748	99480889	3	3	5
ENSG00000272439.1	RNU6-91P	chr14	99444306	99444412	3	3	5
ENSG00000090061.17	CCNK	chr14	99481169	99535044	3	3	5
ENSG00000205476.9	CCDC85C	chr14	99500190	99604207	3	3	5
ENSG00000258749.1	AL110504.1	chr14	99512501	99513576	3	3	5
ENSG00000200506.1	Y_RNA	chr14	99583017	99583118	3	3	5
ENSG00000247970.2	AL160313.1	chr14	99604556	99625740	3	3	5
ENSG00000182218.9	HHIPL1	chr14	99645110	99680569	3	3	5
ENSG00000036530.9	CYP46A1	chr14	99684298	99727301	3	3	5
ENSG00000258672.1	AL160313.2	chr14	99691445	99693648	3	3	5
ENSG00000066629.18	EML1	chr14	99737693	99942060	3	3	5
ENSG00000199836.1	RNU1-47P	chr14	99945315	99945477	3	3	5
ENSG00000271198.1	VDAC3P1	chr14	99964529	99965378	3	3	5
ENSG00000196405.13	EVL	chr14	99971449	100144236	3	3	5
ENSG00000242888.1	AL133368.1	chr14	99974336	99975149	3	3	5
ENSG00000258693.1	AL133368.2	chr14	99977115	99978098	3	3	5
ENSG00000258560.1	AL157912.1	chr14	100052803	100074878	3	3	5
ENSG00000265154.1	MIR151B	chr14	100109419	100109514	3	3	5
ENSG00000199082.1	MIR342	chr14	100109655	100109753	3	3	5
ENSG00000168350.8	DEGS2	chr14	100143957	100159645	3	3	5
ENSG00000258982.1	AL133523.1	chr14	100207407	100238555	3	3	5
ENSG00000100811.14	YY1	chr14	100238298	100282788	3	3	5
ENSG00000258904.1	AL157871.5	chr14	100263781	100265405	3	3	5
ENSG00000283840.1	MIR6764	chr14	100277357	100277417	3	3	5
ENSG00000259052.1	AL157871.6	chr14	100279959	100291456	3	3	5
ENSG00000197119.13	SLC25A29	chr14	100291116	100306547	3	3	5
ENSG00000258504.2	AL157871.1	chr14	100291117	100294656	3	3	5
ENSG00000198984.1	MIR345	chr14	100307859	100307956	3	3	5
ENSG00000243976.2	RN7SL523P	chr14	100319073	100319370	3	3	5
ENSG00000140107.12	SLC25A47	chr14	100323339	100330421	3	3	5
ENSG00000258666.1	AL157871.4	chr14	100333790	100354061	3	3	5
ENSG00000140105.18	WARS1	chr14	100333790	100376805	3	3	5
ENSG00000258521.1	AL157871.2	chr14	100339832	100340554	3	3	5
ENSG00000258581.2	AL157871.3	chr14	100366628	100366920	3	3	5
ENSG00000176473.13	WDR25	chr14	100376418	100530303	3	3	5
ENSG00000258620.2	AL135838.1	chr14	100406599	100408928	3	3	5
ENSG00000258500.2	AL845552.1	chr14	100480952	100481274	3	3	5
ENSG00000253075.1	RN7SKP92	chr14	100487544	100487787	3	3	5
ENSG00000183092.16	BEGAIN	chr14	100537147	100587413	3	3	5
ENSG00000259031.1	AL845552.2	chr14	100538939	100540409	3	3	5
ENSG00000258576.1	AL163974.1	chr14	100587775	100589326	3	3	5
ENSG00000196273.8	LINC00523	chr14	100657250	100676069	3	3	5
ENSG00000258717.1	AL132711.1	chr14	100675930	100679884	3	3	5
ENSG00000185559.16	DLK1	chr14	100725705	100738224	3	3	5
ENSG00000214548.18	MEG3	chr14	100779410	100861031	3	3	5
ENSG00000266461.1	MIR2392	chr14	100814491	100814574	3	3	5
ENSG00000275161.1	AL117190.5	chr14	100816041	100816244	3	3	5
ENSG00000274884.1	AL117190.3	chr14	100826284	100826370	3	3	5
ENSG00000276919.1	AL117190.7	chr14	100829350	100829454	3	3	5
ENSG00000258663.1	AL117190.2	chr14	100834432	100861026	3	3	5
ENSG00000258399.7	AL117190.1	chr14	100836269	100947194	3	3	5
ENSG00000211574.1	MIR770	chr14	100852390	100852487	3	3	5
ENSG00000207989.3	MIR493	chr14	100869060	100869148	3	3	5
ENSG00000199151.3	MIR337	chr14	100874493	100874585	3	3	5
ENSG00000283159.1	MIR665	chr14	100875033	100875104	3	3	5
ENSG00000254656.3	RTL1	chr14	100879753	100903722	3	3	5
ENSG00000208001.1	MIR431	chr14	100881007	100881120	3	3	5
ENSG00000207569.2	MIR433	chr14	100881886	100881978	3	3	5
ENSG00000207608.3	MIR127	chr14	100882979	100883075	3	3	5
ENSG00000272458.1	MIR432	chr14	100884483	100884576	3	3	5
ENSG00000207942.2	MIR136	chr14	100884702	100884783	3	3	5
ENSG00000225746.13	MEG8	chr14	100894770	101038859	3	3	5
ENSG00000276225.1	AL117190.6	chr14	100894817	100894913	3	3	5
ENSG00000275662.1	SNORD112	chr14	100897920	100897996	3	3	5
ENSG00000275134.1	AL117190.4	chr14	100898958	100899079	3	3	5
ENSG00000199005.4	MIR370	chr14	100911139	100911213	3	3	5
ENSG00000202191.1	SNORD113-1	chr14	100924824	100924892	3	3	5
ENSG00000212384.1	SNORD113-2	chr14	100927342	100927413	3	3	5
ENSG00000201700.3	SNORD113-3	chr14	100929919	100929990	3	3	5
ENSG00000201672.1	SNORD113-4	chr14	100936491	100936565	3	3	5
ENSG00000272474.1	SNORD113-5	chr14	100938187	100938264	3	3	5
ENSG00000200215.3	SNORD113-6	chr14	100939556	100939630	3	3	5
ENSG00000200632.1	SNORD113-7	chr14	100941126	100941202	3	3	5
ENSG00000200367.1	SNORD113-8	chr14	100943451	100943524	3	3	5
ENSG00000201950.1	SNORD113-9	chr14	100945649	100945720	3	3	5
ENSG00000199575.1	SNORD114-1	chr14	100949833	100949904	3	3	5
ENSG00000200823.1	SNORD114-2	chr14	100951856	100951933	3	3	5
ENSG00000201839.1	SNORD114-3	chr14	100953349	100953423	3	3	5
ENSG00000200832.1	SNORD114-4	chr14	100954374	100954448	3	3	5
ENSG00000199798.1	SNORD114-5	chr14	100955370	100955439	3	3	5
ENSG00000200150.1	AL132709.1	chr14	100956240	100956312	3	3	5
ENSG00000201263.1	SNORD114-6	chr14	100957166	100957237	3	3	5
ENSG00000199390.1	SNORD114-7	chr14	100963054	100963130	3	3	5
ENSG00000201240.1	SNORD114-9	chr14	100966029	100966100	3	3	5
ENSG00000200279.1	SNORD114-10	chr14	100967052	100967123	3	3	5
ENSG00000200608.1	SNORD114-11	chr14	100968111	100968185	3	3	5
ENSG00000202270.1	SNORD114-12	chr14	100968948	100969022	3	3	5
ENSG00000201247.1	SNORD114-13	chr14	100969879	100969952	3	3	5
ENSG00000199593.1	SNORD114-14	chr14	100972103	100972177	3	3	5
ENSG00000201557.1	SNORD114-15	chr14	100972670	100972741	3	3	5
ENSG00000199914.1	SNORD114-16	chr14	100973595	100973664	3	3	5
ENSG00000201569.1	SNORD114-17	chr14	100974806	100974880	3	3	5
ENSG00000202142.1	SNORD114-18	chr14	100975825	100975896	3	3	5
ENSG00000199942.1	SNORD114-19	chr14	100976477	100976551	3	3	5
ENSG00000201500.1	AL132709.3	chr14	100977389	100977466	3	3	5
ENSG00000201036.1	AL132709.2	chr14	100979002	100979090	3	3	5
ENSG00000201710.1	AL132709.4	chr14	100979992	100980066	3	3	5
ENSG00000202048.1	SNORD114-20	chr14	100981004	100981075	3	3	5
ENSG00000272344.1	SNORD114-21	chr14	100981975	100982046	3	3	5
ENSG00000202293.1	SNORD114-22	chr14	100982926	100982997	3	3	5
ENSG00000200406.1	SNORD114-23	chr14	100983876	100983947	3	3	5
ENSG00000201899.1	SNORD114-24	chr14	100984777	100984848	3	3	5
ENSG00000200612.1	SNORD114-25	chr14	100986057	100986128	3	3	5
ENSG00000200413.1	SNORD114-26	chr14	100987046	100987117	3	3	5
ENSG00000200636.1	SNORD114-27	chr14	100988161	100988230	3	3	5
ENSG00000200480.1	SNORD114-28	chr14	100989130	100989201	3	3	5
ENSG00000201689.1	SNORD114-29	chr14	100990091	100990160	3	3	5
ENSG00000201318.1	SNORD114-30	chr14	100991919	100991990	3	3	5
ENSG00000200089.1	SNORD114-31	chr14	100993236	100993310	3	3	5
ENSG00000222095.1	AL132709.5	chr14	100994257	100994330	3	3	5
ENSG00000222185.1	AL132709.6	chr14	100998467	100998541	3	3	5
ENSG00000199088.5	MIR379	chr14	101022066	101022132	3	3	5
ENSG00000199109.4	MIR411	chr14	101023325	101023420	3	3	5
ENSG00000207749.4	MIR299	chr14	101023794	101023856	3	3	5
ENSG00000198982.4	MIR380	chr14	101025017	101025077	3	3	5
ENSG00000221745.3	MIR1197	chr14	101025564	101025651	3	3	5
ENSG00000199069.3	MIR323A	chr14	101025732	101025817	3	3	5
ENSG00000211582.1	MIR758	chr14	101026020	101026107	3	3	5
ENSG00000207761.3	MIR329-1	chr14	101026785	101026864	3	3	5
ENSG00000207762.1	MIR329-2	chr14	101027100	101027183	3	3	5
ENSG00000194717.4	MIR494	chr14	101029634	101029714	3	3	5
ENSG00000221036.5	MIR1193	chr14	101030052	101030129	3	3	5
ENSG00000212040.3	MIR543	chr14	101031987	101032064	3	3	5
ENSG00000207743.3	MIR495	chr14	101033755	101033836	3	3	5
ENSG00000283279.1	MIR376C	chr14	101039690	101039755	3	3	5
ENSG00000283561.1	MIR376A2	chr14	101040069	101040148	3	3	5
ENSG00000207934.1	MIR654	chr14	101040219	101040299	3	3	5
ENSG00000283556.1	MIR376B	chr14	101040436	101040535	3	3	5
ENSG00000283588.1	MIR376A1	chr14	101040782	101040849	3	3	5
ENSG00000215957.1	MIR300	chr14	101041363	101041445	3	3	5
ENSG00000221525.1	MIR1185-1	chr14	101042977	101043062	3	3	5
ENSG00000221614.1	MIR1185-2	chr14	101044198	101044283	3	3	5
ENSG00000258861.1	MIR381HG	chr14	101045157	101051795	3	3	5
ENSG00000199020.3	MIR381	chr14	101045920	101045994	3	3	5
ENSG00000207754.3	MIR487B	chr14	101046455	101046538	3	3	5
ENSG00000202560.4	MIR539	chr14	101047321	101047398	3	3	5
ENSG00000216099.3	MIR889	chr14	101047901	101047979	3	3	5
ENSG00000207587.1	MIR544A	chr14	101048658	101048748	3	3	5
ENSG00000207646.1	MIR655	chr14	101049550	101049646	3	3	5
ENSG00000207742.3	MIR487A	chr14	101052446	101052525	3	3	5
ENSG00000283170.1	MIR382	chr14	101054306	101054381	3	3	5
ENSG00000207993.3	MIR134	chr14	101054687	101054759	3	3	5
ENSG00000276352.2	MIR668	chr14	101055258	101055323	3	3	5
ENSG00000208027.4	MIR485	chr14	101055419	101055491	3	3	5
ENSG00000208004.2	MIR323B	chr14	101056219	101056300	3	3	5
ENSG00000207978.1	MIR154	chr14	101059755	101059838	3	3	5
ENSG00000207961.3	MIR496	chr14	101060573	101060674	3	3	5
ENSG00000199015.4	MIR377	chr14	101062050	101062118	3	3	5
ENSG00000216179.1	MIR541	chr14	101064495	101064578	3	3	5
ENSG00000199107.3	MIR409	chr14	101065300	101065378	3	3	5
ENSG00000199012.2	MIR412	chr14	101065447	101065537	3	3	5
ENSG00000199025.4	MIR369	chr14	101065598	101065667	3	3	5
ENSG00000199092.4	MIR410	chr14	101065912	101065991	3	3	5
ENSG00000207959.1	MIR656	chr14	101066724	101066801	3	3	5
ENSG00000223403.6	MEG9	chr14	101068283	101072937	3	3	5
ENSG00000230805.8	AL132709.7	chr14	101071978	101077910	3	3	5
ENSG00000288302.1	AL132709.8	chr14	101120514	101121309	3	3	5
ENSG00000259004.2	LINC02285	chr14	101120840	101123545	3	3	5
ENSG00000286551.1	AL355836.2	chr14	101133730	101151988	3	3	5
ENSG00000277754.1	U3	chr14	101145480	101145695	3	3	5
ENSG00000288252.1	AL355836.4	chr14	101160476	101172549	3	3	5
ENSG00000288245.1	AL355836.3	chr14	101185787	101197089	3	3	5
ENSG00000258681.1	AL355836.1	chr14	101217372	101218241	3	3	5
ENSG00000258497.1	AL359682.1	chr14	101257332	101278318	3	3	5
ENSG00000258460.2	AL355096.1	chr14	101332511	101335497	3	3	3
ENSG00000259023.3	LINC00524	chr14	101405984	101408258	3	3	3
ENSG00000259082.1	LINC02314	chr14	101442076	101444315	3	3	3
ENSG00000259166.1	AL049836.2	chr14	101447642	101457117	3	3	3
ENSG00000258498.8	DIO3OS	chr14	101552221	101560431	3	3	3
ENSG00000283857.1	MIR1247	chr14	101560287	101560422	3	3	3
ENSG00000197406.7	DIO3	chr14	101561351	101563452	3	3	3
ENSG00000258919.1	AL049836.1	chr14	101628984	101632530	3	3	3
ENSG00000258404.1	LINC02320	chr14	101634454	101731108	3	3	3
ENSG00000241494.1	AL355032.1	chr14	101677943	101678380	3	3	3
ENSG00000258512.1	LINC00239	chr14	101730437	101732522	3	3	3
ENSG00000078304.19	PPP2R5C	chr14	101761798	101927989	3	3	3
ENSG00000259088.1	AL137779.2	chr14	101796555	101810321	3	3	3
ENSG00000207208.1	RNU6-790P	chr14	101803227	101803331	3	3	3
ENSG00000256705.3	AL137779.1	chr14	101833435	101839531	3	3	3
ENSG00000259161.2	NPM1P20	chr14	101843394	101844122	3	3	3
ENSG00000271780.1	AL118558.3	chr14	101948347	101949425	3	3	3
ENSG00000272444.1	AL118558.4	chr14	101952416	101953063	3	3	3
ENSG00000197102.12	DYNC1H1	chr14	101964573	102056443	3	3	3
ENSG00000259013.2	AL118558.2	chr14	101969364	101969601	3	3	3
ENSG00000258959.2	AL118558.1	chr14	102036315	102066228	3	3	3
ENSG00000240457.3	RN7SL472P	chr14	102077180	102077472	3	3	3
ENSG00000080824.19	HSP90AA1	chr14	102080742	102139699	3	3	3
ENSG00000140153.18	WDR20	chr14	102139503	102224847	3	3	3
ENSG00000080823.23	MOK	chr14	102224500	102305190	3	3	3
ENSG00000022976.15	ZNF839	chr14	102317377	102342702	3	3	3
ENSG00000100865.15	CINP	chr14	102341102	102362916	3	3	3
ENSG00000196663.16	TECPR2	chr14	102362941	102502477	3	3	3
ENSG00000212330.1	RNU6-244P	chr14	102501676	102501779	3	3	3
ENSG00000156381.9	ANKRD9	chr14	102501767	102509799	3	3	3
ENSG00000266015.1	MIR4309	chr14	102539644	102539726	3	3	3
ENSG00000259230.1	LINC02323	chr14	102545254	102555826	3	3	3
ENSG00000239224.3	RN7SL546P	chr14	102582888	102583177	3	3	3
ENSG00000089902.10	RCOR1	chr14	102592649	102730561	3	3	3
ENSG00000230988.3	RPL23AP11	chr14	102662240	102662708	3	3	3
ENSG00000202459.1	Y_RNA	chr14	102695388	102695495	3	3	3
ENSG00000259508.1	AL132801.1	chr14	102770040	102774791	3	3	3
ENSG00000131323.16	TRAF3	chr14	102777449	102911500	3	3	3
ENSG00000206969.1	RNU6-1316P	chr14	102865856	102865963	3	3	3
ENSG00000166126.11	AMN	chr14	102922663	102933596	3	3	3
ENSG00000198752.11	CDC42BPB	chr14	102932380	103057549	3	3	3
ENSG00000259515.1	AL117209.1	chr14	102933574	102937177	3	3	3
ENSG00000213176.4	RPL13P6	chr14	103041469	103042094	3	3	3
ENSG00000283071.1	LBHD2	chr14	103084210	103090027	3	3	3
ENSG00000259444.1	AL161669.1	chr14	103094723	103098885	3	3	3
ENSG00000205436.7	EXOC3L4	chr14	103100144	103110559	3	3	3
ENSG00000288610.1	AL161669.4	chr14	103118351	103120147	3	3	3
ENSG00000259717.1	LINC00677	chr14	103120847	103123007	3	3	3
ENSG00000185215.11	TNFAIP2	chr14	103121476	103137439	3	3	3
ENSG00000259374.2	NDUFB4P11	chr14	103139675	103141959	3	3	3
ENSG00000259535.1	RPL21P12	chr14	103148597	103149408	3	3	3
ENSG00000259525.1	GCSHP2	chr14	103184204	103185039	3	3	3
ENSG00000251533.2	LINC00605	chr14	103187221	103189028	3	3	3
ENSG00000270705.1	AL161669.2	chr14	103207748	103207789	3	3	3
ENSG00000278071.1	AL161669.3	chr14	103208100	103208876	3	3	3
ENSG00000242837.1	RPL21P13	chr14	103241492	103241972	3	3	3
ENSG00000270938.1	RAP2CP1	chr14	103279223	103279955	3	3	3
ENSG00000240624.1	AL138976.1	chr14	103282933	103283468	3	3	3
ENSG00000259775.1	AL138976.2	chr14	103331674	103332367	3	3	3
ENSG00000100664.11	EIF5	chr14	103333544	103345025	3	3	3
ENSG00000272533.1	SNORA28	chr14	103337849	103337974	3	3	3
ENSG00000259428.1	HMGB3P26	chr14	103364239	103364820	3	3	3
ENSG00000243904.1	RPSAP5	chr14	103374033	103374916	3	3	3
ENSG00000075413.19	MARK3	chr14	103385377	103503831	3	3	3
ENSG00000244691.1	RPL10AP1	chr14	103412119	103412761	3	3	3
ENSG00000166165.13	CKB	chr14	103519667	103522833	3	3	3
ENSG00000260285.1	AL133367.1	chr14	103525010	103529072	3	3	3
ENSG00000166166.13	TRMT61A	chr14	103529196	103537073	3	3	3
ENSG00000252469.1	RNU7-160P	chr14	103550345	103550406	3	3	3
ENSG00000258851.1	AL139300.2	chr14	103553421	103561877	3	3	3
ENSG00000166170.10	BAG5	chr14	103556544	103562831	3	3	3
ENSG00000126214.21	KLC1	chr14	103561896	103714249	3	3	3
ENSG00000256053.9	COA8	chr14	103562960	103607523	3	3	3
ENSG00000256500.6	AL139300.1	chr14	103562962	103685924	3	3	3
ENSG00000201184.1	RNU4-68P	chr14	103567405	103567545	3	3	3
ENSG00000246451.2	AL049840.2	chr14	103682362	103684015	3	3	3
ENSG00000270108.1	AL049840.6	chr14	103687576	103688127	3	3	3
ENSG00000269910.1	AL049840.3	chr14	103694516	103695050	3	3	3
ENSG00000269940.1	AL049840.4	chr14	103694560	103695170	3	3	3
ENSG00000269958.1	AL049840.5	chr14	103696353	103697163	3	3	3
ENSG00000126215.14	XRCC3	chr14	103697609	103715504	3	3	3
ENSG00000100711.14	ZFYVE21	chr14	103715730	103733668	3	3	3
ENSG00000253096.1	Y_RNA	chr14	103725728	103725825	3	3	3
ENSG00000088808.18	PPP1R13B	chr14	103733195	103847575	3	3	3
ENSG00000270591.1	AL049840.7	chr14	103762803	103763277	3	3	3
ENSG00000202275.1	AL049840.1	chr14	103797272	103797348	3	3	3
ENSG00000258735.1	LINC00637	chr14	103847721	103858049	3	3	3
ENSG00000258534.1	AL132712.1	chr14	103854366	103880111	3	3	3
ENSG00000287346.1	AL132712.2	chr14	103873148	103880381	3	3	3
ENSG00000156411.10	ATP5MPL	chr14	103912288	103928269	3	3	3
ENSG00000156414.19	TDRD9	chr14	103928456	104052667	3	3	3
ENSG00000227729.5	RD3L	chr14	103940426	103942561	3	3	3
ENSG00000242894.3	RN7SL634P	chr14	104013642	104013933	3	3	3
ENSG00000166183.16	ASPG	chr14	104085686	104115582	3	3	3
ENSG00000207568.1	MIR203A	chr14	104117405	104117514	3	3	3
ENSG00000283165.1	MIR203B	chr14	104117418	104117503	3	3	3
ENSG00000258748.1	AL359399.1	chr14	104137150	104137898	3	3	3
ENSG00000066735.14	KIF26A	chr14	104138723	104180894	3	3	3
ENSG00000258913.2	LINC02691	chr14	104223584	104288069	3	3	3
ENSG00000288459.1	AL512357.2	chr14	104293678	104294921	3	3	3
ENSG00000258598.1	AL512357.1	chr14	104376530	104378951	3	3	3
ENSG00000222761.1	RNU6-684P	chr14	104400943	104401048	3	3	3
ENSG00000213159.4	CEND1P1	chr14	104450979	104451433	3	3	3
ENSG00000258986.7	TMEM179	chr14	104474678	104605647	3	3	3
ENSG00000184601.11	C14orf180	chr14	104579764	104590515	3	3	3
ENSG00000259037.1	BX927359.1	chr14	104589021	104589847	3	3	3
ENSG00000258736.1	AL583722.2	chr14	104653548	104655787	3	3	3
ENSG00000260792.1	LINC02280	chr14	104661120	104665558	3	3	3
ENSG00000265291.1	MIR4710	chr14	104677694	104677749	3	3	3
ENSG00000203485.14	INF2	chr14	104681146	104722535	3	3	3
ENSG00000258858.1	AL583722.3	chr14	104690091	104691284	3	3	3
ENSG00000185100.11	ADSS1	chr14	104724229	104747325	3	3	3
ENSG00000184990.13	SIVA1	chr14	104753147	104768494	3	3	3
ENSG00000258430.1	AL583722.1	chr14	104769349	104770271	3	3	3
ENSG00000142208.17	AKT1	chr14	104769349	104795751	3	3	3
ENSG00000179627.10	ZBTB42	chr14	104800596	104804712	3	3	3
ENSG00000279140.1	AL590326.1	chr14	104815449	104815753	3	3	3
ENSG00000258701.1	LINC00638	chr14	104821201	104823718	3	3	3
ENSG00000239365.2	RPS26P49	chr14	104830838	104831171	3	3	3
ENSG00000196183.5	RPS2P4	chr14	104835997	104836852	3	3	3
ENSG00000258811.1	AL583810.2	chr14	104842663	104845916	3	3	3
ENSG00000258593.2	AL583810.1	chr14	104857792	104858836	3	3	3
ENSG00000099814.16	CEP170B	chr14	104865268	104896770	3	3	3
ENSG00000259067.1	AL583810.3	chr14	104904342	104905204	3	3	3
ENSG00000166428.14	PLD4	chr14	104924713	104937761	3	3	3
ENSG00000185567.7	AHNAK2	chr14	104937244	104978374	3	3	3
ENSG00000140104.14	CLBA1	chr14	104985775	105010482	3	3	3
ENSG00000170779.11	CDCA4	chr14	105009573	105021083	3	3	3
ENSG00000183484.12	GPR132	chr14	105049395	105065445	3	3	3
ENSG00000257556.2	LINC02298	chr14	105093609	105100131	3	3	3
ENSG00000286636.1	AL512356.4	chr14	105095045	105096945	3	3	3
ENSG00000280244.1	AL512356.3	chr14	105110347	105110807	3	3	3
ENSG00000258154.2	AL512356.2	chr14	105112690	105112863	3	3	3
ENSG00000287459.1	AL512356.5	chr14	105126750	105136974	3	3	3
ENSG00000184916.9	JAG2	chr14	105140982	105168824	3	3	3
ENSG00000273778.1	MIR6765	chr14	105150778	105150864	3	3	3
ENSG00000257622.1	AL512356.1	chr14	105152194	105181194	3	3	3
ENSG00000183828.15	NUDT14	chr14	105172938	105181323	3	3	3
ENSG00000185024.17	BRF1	chr14	105209286	105315589	3	3	3
ENSG00000184887.13	BTBD6	chr14	105248490	105251093	3	3	3
ENSG00000179364.14	PACS2	chr14	105300563	105398147	3	3	3
ENSG00000279495.1	AL928654.4	chr14	105370418	105372918	3	3	3
ENSG00000242085.1	RPS20P33	chr14	105374618	105374971	3	3	3
ENSG00000226174.7	TEX22	chr14	105398538	105450106	3	3	3
ENSG00000251602.7	AL928654.1	chr14	105416884	105419739	3	3	3
ENSG00000182979.18	MTA1	chr14	105419820	105470729	3	3	3
ENSG00000257270.1	AL928654.2	chr14	105467793	105470617	3	3	3
ENSG00000182809.11	CRIP2	chr14	105472962	105480162	3	3	3
ENSG00000213145.10	CRIP1	chr14	105486317	105488947	3	3	3
ENSG00000257341.5	AL928654.3	chr14	105487199	105492267	3	3	3
ENSG00000185347.18	TEDC1	chr14	105489855	105499575	3	3	3
ENSG00000184986.11	TMEM121	chr14	105526583	105530202			
ENSG00000230157.1	ATP5MC1P1	chr14	105536861	105537239			
ENSG00000234402.1	ELK2BP	chr14	105546610	105549694			
ENSG00000211890.4	IGHA2	chr14	105583731	105588395			
ENSG00000211891.6	IGHE	chr14	105597691	105601728			
ENSG00000211892.4	IGHG4	chr14	105620506	105626066			
ENSG00000274172.1	MIR8071-1	chr14	105621116	105621180			
ENSG00000211893.4	IGHG2	chr14	105639559	105644790			
ENSG00000277030.1	MIR8071-2	chr14	105640168	105640232			
ENSG00000253364.2	COPDA1	chr14	105647924	105649057			
ENSG00000253755.1	IGHGP	chr14	105664633	105669843			
ENSG00000213140.3	ELK2AP	chr14	105672308	105673314			
ENSG00000211895.5	IGHA1	chr14	105703995	105708665			
ENSG00000253692.3	IGHEP1	chr14	105721794	105722527			
ENSG00000211896.7	IGHG1	chr14	105736343	105743071			
ENSG00000211897.9	IGHG3	chr14	105764503	105771405			
ENSG00000270371.1	ATP6V1G1P1	chr14	105785505	105785831			
ENSG00000211898.7	IGHD	chr14	105836765	105845678			
ENSG00000211899.10	IGHM	chr14	105851705	105856218			
ENSG00000265612.1	MIR4539	chr14	105857513	105857572			
ENSG00000264024.2	MIR4507	chr14	105858124	105858175			
ENSG00000263413.2	MIR4538	chr14	105858165	105858242			
ENSG00000264781.1	MIR4537	chr14	105859484	105859553			
ENSG00000211900.2	IGHJ6	chr14	105863198	105863258			
ENSG00000237111.1	IGHJ3P	chr14	105863416	105863465			
ENSG00000242472.1	IGHJ5	chr14	105863814	105863862			
ENSG00000240041.1	IGHJ4	chr14	105864215	105864260			
ENSG00000242887.1	IGHJ3	chr14	105864587	105864635			
ENSG00000237547.1	IGHJ2P	chr14	105864793	105864852			
ENSG00000211904.2	IGHJ2	chr14	105865199	105865250			
ENSG00000211905.1	IGHJ1	chr14	105865407	105865458			
ENSG00000236597.1	IGHD7-27	chr14	105865551	105865561			
ENSG00000227335.1	IGHJ1P	chr14	105865624	105865678			
ENSG00000211907.1	IGHD1-26	chr14	105881034	105881053			
ENSG00000225825.1	IGHD6-25	chr14	105881539	105881556			
ENSG00000211909.1	IGHD5-24	chr14	105883903	105883922			
ENSG00000227196.1	IGHD4-23	chr14	105884870	105884888			
ENSG00000211911.1	IGHD3-22	chr14	105886031	105886061			
ENSG00000211912.1	IGHD2-21	chr14	105888551	105888578			
ENSG00000244620.1	AC246787.2	chr14	105890084	105896577			
ENSG00000237020.1	IGHD1-20	chr14	105891191	105891207			
ENSG00000211914.1	IGHD6-19	chr14	105891699	105891719			
ENSG00000211915.1	IGHD5-18	chr14	105893542	105893561			
ENSG00000227800.1	IGHD4-17	chr14	105894508	105894523			
ENSG00000211917.1	IGHD3-16	chr14	105895634	105895670			
ENSG00000211918.1	IGHD2-15	chr14	105897957	105897987			
ENSG00000227108.1	IGHD1-14	chr14	105900638	105900654			
ENSG00000211920.1	IGHD6-13	chr14	105901142	105901162			
ENSG00000211921.1	IGHD5-12	chr14	105902649	105902671			
ENSG00000232543.2	IGHD4-11	chr14	105903616	105903631			
ENSG00000211923.1	IGHD3-10	chr14	105904497	105904527			
ENSG00000211924.1	IGHD3-9	chr14	105904681	105904711			
ENSG00000211925.1	IGHD2-8	chr14	105907211	105907241			
ENSG00000237197.1	IGHD1-7	chr14	105909907	105909923			
ENSG00000228131.1	IGHD6-6	chr14	105910410	105910427			
ENSG00000211928.1	IGHD5-5	chr14	105912257	105912276			
ENSG00000233655.1	IGHD4-4	chr14	105913222	105913237			
ENSG00000211930.1	IGHD3-3	chr14	105914359	105914389			
ENSG00000211931.1	IGHD2-2	chr14	105916826	105916856			
ENSG00000226777.7	FAM30A	chr14	105917979	105932642			
ENSG00000236170.1	IGHD1-1	chr14	105919502	105919518			
ENSG00000211933.2	IGHV6-1	chr14	105939756	105940253			
ENSG00000254279.1	IGHVII-1-1	chr14	105945210	105945389			
ENSG00000271968.2	ADAM6	chr14	105969729	105972269			
ENSG00000225200.2	AC246787.1	chr14	105978520	105979146			
ENSG00000211934.3	IGHV1-2	chr14	105986582	105987083			
ENSG00000253780.1	IGHVIII-2-1	chr14	106001534	106001824			
ENSG00000211935.3	IGHV1-3	chr14	106005095	106005574			
ENSG00000276775.1	IGHV4-4	chr14	106011922	106012420			
ENSG00000282122.1	IGHV7-4-1	chr14	106025145	106025630			
ENSG00000211937.3	IGHV2-5	chr14	106037902	106038365			
ENSG00000253387.1	IGHVIII-5-1	chr14	106039666	106039764			
ENSG00000254053.1	IGHVIII-5-2	chr14	106045600	106045860			
ENSG00000253763.1	IGHV3-6	chr14	106055549	106055998			
ENSG00000211938.2	IGHV3-7	chr14	106062151	106062683			
ENSG00000282639.1	IGHV3-64D	chr14	106088122	106088573			
ENSG00000282651.2	IGHV5-10-1	chr14	106107972	106108464			
ENSG00000211941.3	IGHV3-11	chr14	106116635	106117204			
ENSG00000254215.1	IGHVIII-11-1	chr14	106120207	106120473			
ENSG00000254174.1	IGHV1-12	chr14	106122420	106122709			
ENSG00000211942.3	IGHV3-13	chr14	106129540	106130072			
ENSG00000253412.1	IGHVIII-13-1	chr14	106142287	106142577			
ENSG00000253709.1	IGHV1-14	chr14	106145891	106146131			
ENSG00000211943.2	IGHV3-15	chr14	106153624	106154163			
ENSG00000253458.1	IGHVII-15-1	chr14	106163583	106163802			
ENSG00000211944.2	IGHV3-16	chr14	106165205	106165730			
ENSG00000283948.1	IGHVIII-16-1	chr14	106170749	106171052			
ENSG00000254046.1	IGHV1-17	chr14	106174342	106174760			
ENSG00000273894.1	SLC20A1P2	chr14	106179554	106180519			
ENSG00000211945.2	IGHV1-18	chr14	106184901	106185394			
ENSG00000253883.1	IGHV3-19	chr14	106196700	106196990			
ENSG00000271201.1	AC247036.1	chr14	106206603	106208571			
ENSG00000211946.3	IGHV3-20	chr14	106210936	106211453			
ENSG00000211947.2	IGHV3-21	chr14	106235064	106235594			
ENSG00000253957.1	IGHV3-22	chr14	106257762	106258223			
ENSG00000253345.1	IGHVII-22-1	chr14	106263362	106263626			
ENSG00000254045.1	IGHVIII-22-2	chr14	106264688	106264715			
ENSG00000211949.3	IGHV3-23	chr14	106268606	106269140			
ENSG00000211950.2	IGHV1-24	chr14	106276548	106277043			
ENSG00000238275.2	HOMER2P2	chr14	106286811	106287657			
ENSG00000276210.2	LINC00226	chr14	106287674	106288828			
ENSG00000253441.1	IGHV3-25	chr14	106289029	106289479			
ENSG00000253367.1	IGHVIII-25-1	chr14	106293568	106293808			
ENSG00000211951.2	IGHV2-26	chr14	106301396	106301862			
ENSG00000253462.1	IGHVIII-26-1	chr14	106309417	106309666			
ENSG00000253482.1	IGHVII-26-2	chr14	106314651	106314975			
ENSG00000254326.1	IGHV7-27	chr14	106317823	106318236			
ENSG00000211952.3	IGHV4-28	chr14	106324254	106324760			
ENSG00000253149.3	IGHVII-28-1	chr14	106329432	106329684			
ENSG00000254289.2	IGHV3-32	chr14	106331106	106331563			
ENSG00000270550.1	IGHV3-30	chr14	106335082	106335613			
ENSG00000253491.2	IGHVII-30-1	chr14	106342680	106342980			
ENSG00000253587.2	IGHV3-30-2	chr14	106344385	106344833			
ENSG00000231475.3	IGHV4-31	chr14	106349283	106349792			
ENSG00000283607.2	IGHVII-30-21	chr14	106354448	106354704			
ENSG00000270474.2	IGHV3-29	chr14	106356145	106356591			
ENSG00000211955.2	IGHV3-33	chr14	106359793	106360324			
ENSG00000254203.1	IGHVII-33-1	chr14	106367385	106367664			
ENSG00000253440.1	IGHV3-33-2	chr14	106369107	106369546			
ENSG00000211956.2	IGHV4-34	chr14	106373663	106374145			
ENSG00000253325.1	IGHV7-34-1	chr14	106377300	106377733			
ENSG00000211957.2	IGHV3-35	chr14	106389392	106389858			
ENSG00000253240.1	IGHV3-36	chr14	106392774	106393231			
ENSG00000253359.1	IGHV3-37	chr14	106396676	106397114			
ENSG00000211958.2	IGHV3-38	chr14	106410493	106411021			
ENSG00000253989.2	IGHVIII-38-1	chr14	106418018	106418299			
ENSG00000211959.2	IGHV4-39	chr14	106421711	106422218			
ENSG00000253467.2	IGHV7-40	chr14	106425359	106425654			
ENSG00000228757.1	AC244452.1	chr14	106436415	106436555			
ENSG00000253294.1	IGHVII-40-1	chr14	106440950	106441007			
ENSG00000278473.1	IGHV3-41	chr14	106443133	106443583			
ENSG00000228966.2	HOMER2P1	chr14	106460092	106461055			
ENSG00000254228.2	IGHV3-42	chr14	106463256	106463691			
ENSG00000232216.1	IGHV3-43	chr14	106470264	106470800			
ENSG00000283195.1	IGHVII-43-1	chr14	106472791	106473000			
ENSG00000283562.1	IGHVIII-44	chr14	106478006	106478393			
ENSG00000283464.1	AC244452.35	chr14	106481424	106481706			
ENSG00000270816.6	LINC00221	chr14	106482435	106521073			
ENSG00000253465.1	IGHVIV-44-1	chr14	106489345	106489756			
ENSG00000253895.1	IGHVII-44-2	chr14	106494134	106494383			
ENSG00000211961.3	IGHV1-45	chr14	106506996	106507491			
ENSG00000211962.2	IGHV1-46	chr14	106511117	106511856			
ENSG00000253808.1	IGHVII-46-1	chr14	106515818	106515854			
ENSG00000229092.2	IGHV3-47	chr14	106518582	106519027			
ENSG00000253862.1	IGHVIII-47-1	chr14	106531141	106531471			
ENSG00000211964.3	IGHV3-48	chr14	106537810	106538344			
ENSG00000211965.4	IGHV3-49	chr14	106556936	106557477			
ENSG00000253386.1	IGHVII-49-1	chr14	106564375	106564598			
ENSG00000253241.1	IGHV3-50	chr14	106566117	106566555			
ENSG00000211966.2	IGHV5-51	chr14	106578744	106579236			
ENSG00000254167.2	IGHV8-51-1	chr14	106583501	106583807			
ENSG00000253941.1	IGHVII-51-2	chr14	106584718	106584976			
ENSG00000253545.1	IGHV3-52	chr14	106586376	106586826			
ENSG00000211967.3	IGHV3-53	chr14	106592676	106593347			
ENSG00000253714.1	IGHVII-53-1	chr14	106599670	106599924			
ENSG00000275475.1	IGHV3-54	chr14	106601346	106601792			
ENSG00000254395.1	IGHV4-55	chr14	106606101	106606551			
ENSG00000253131.1	IGHV7-56	chr14	106609762	106610196			
ENSG00000253759.1	IGHV3-57	chr14	106618894	106619173			
ENSG00000211968.3	IGHV1-58	chr14	106622357	106622855			
ENSG00000224373.3	IGHV4-59	chr14	106627249	106627825			
ENSG00000253742.1	IGHV3-60	chr14	106631197	106631653			
ENSG00000199480.1	RNA5SP389	chr14	106636672	106636786			
ENSG00000254329.1	IGHVII-60-1	chr14	106637718	106637973			
ENSG00000211970.3	IGHV4-61	chr14	106639119	106639657			
ENSG00000253132.1	IGHV3-62	chr14	106643142	106643585			
ENSG00000253747.1	IGHVII-62-1	chr14	106650551	106650785			
ENSG00000253936.1	IGHV3-63	chr14	106652237	106652681			
ENSG00000223648.4	IGHV3-64	chr14	106657725	106658258			
ENSG00000253209.1	IGHV3-65	chr14	106666092	106666532			
ENSG00000253169.2	IGHVII-65-1	chr14	106671772	106672073			
ENSG00000211972.2	IGHV3-66	chr14	106675017	106675544			
ENSG00000253274.1	IGHV1-67	chr14	106680603	106681042			
ENSG00000223506.2	SLC20A1P1	chr14	106683395	106684350			
ENSG00000253820.1	IGHVII-67-1	chr14	106686517	106686562			
ENSG00000254036.1	IGHVIII-67-2	chr14	106687113	106687200			
ENSG00000253635.1	IGHVIII-67-3	chr14	106692657	106692888			
ENSG00000254052.1	IGHVIII-67-4	chr14	106695102	106695397			
ENSG00000253703.2	IGHV1-68	chr14	106703846	106704286			
ENSG00000211973.2	IGHV1-69	chr14	106714684	106715181			
ENSG00000211974.3	IGHV2-70D	chr14	106723574	106724093			
ENSG00000282600.2	IGHV3-69-1	chr14	106728163	106728615			
ENSG00000281990.1	IGHV1-69-2	chr14	106737110	106737547			
ENSG00000283571.1	AC245369.21	chr14	106750289	106750594			
ENSG00000280411.1	IGHV1-69D	chr14	106762092	106762588			
ENSG00000274576.2	IGHV2-70	chr14	106770577	106771020			
ENSG00000254056.1	IGHV3-71	chr14	106775157	106775618			
ENSG00000225698.3	IGHV3-72	chr14	106790691	106791233			
ENSG00000211976.2	IGHV3-73	chr14	106802694	106803233			
ENSG00000224650.2	IGHV3-74	chr14	106810442	106811131			
ENSG00000254134.1	IGHVII-74-1	chr14	106821174	106821414			
ENSG00000254176.1	IGHV3-75	chr14	106823687	106824147			
ENSG00000253247.1	IGHV3-76	chr14	106827869	106828163			
ENSG00000253310.1	IGHVIII-76-1	chr14	106831767	106832052			
ENSG00000265929.1	MIR5195	chr14	106850885	106850999			
ENSG00000211978.2	IGHV5-78	chr14	106851123	106851417			
ENSG00000253674.1	IGHVII-78-1	chr14	106865627	106865895			
ENSG00000275747.1	IGHV3-79	chr14	106867660	106868092			
ENSG00000283906.1	IGHV4-80	chr14	106872783	106873186			
ENSG00000211979.2	IGHV7-81	chr14	106874583	106875071			
ENSG00000253303.1	IGHVIII-82	chr14	106879563	106879812			
ENSG00000215567.5	AC138701.1	chr15	19878555	19887814			
ENSG00000201241.1	RNU6-978P	chr15	19883614	19883716			
ENSG00000258463.1	AC138701.2	chr15	19899334	19899559			
ENSG00000274347.1	AC127381.2	chr15	19955300	19955602			
ENSG00000188403.7	IGHV1OR15-9	chr15	19964666	19965101			
ENSG00000258706.1	SLC20A1P3	chr15	19967414	19968352			
ENSG00000259337.4	IGHV1OR15-2	chr15	19972782	19973218			
ENSG00000259490.2	IGHV3OR15-7	chr15	19987656	19988117			
ENSG00000270961.1	IGHD5OR15-5A	chr15	20003840	20003862			
ENSG00000271317.1	IGHD4OR15-4A	chr15	20004797	20004815			
ENSG00000282520.1	IGHD3OR15-3A	chr15	20005905	20005935			
ENSG00000282599.1	IGHD2OR15-2A	chr15	20008402	20008432			
ENSG00000271336.1	IGHD1OR15-1A	chr15	20011153	20011169			
ENSG00000277988.1	FAM30B	chr15	20012741	20014208			
ENSG00000259769.1	AC127381.1	chr15	20046296	20047994			
ENSG00000258397.1	BCAR1P1	chr15	20073699	20074334			
ENSG00000239471.3	RN7SL584P	chr15	20095733	20096029			
ENSG00000258410.1	AC087386.1	chr15	20128745	20147953			
ENSG00000278935.1	AC087386.2	chr15	20141794	20146430			
ENSG00000258780.1	BMS1P15	chr15	20153776	20160826			
ENSG00000258628.1	RHPN2P1	chr15	20228620	20277503			
ENSG00000259156.7	CHEK2P2	chr15	20282744	20291586			
ENSG00000287122.1	AC026495.2	chr15	20301481	20331583			
ENSG00000258654.1	AC026495.1	chr15	20344736	20359166			
ENSG00000180229.12	HERC2P3	chr15	20379495	20506180			
ENSG00000258488.2	AC023310.1	chr15	20516252	20520627			
ENSG00000277322.1	GOLGA6L6	chr15	20531856	20541800			
ENSG00000258797.2	AC023310.3	chr15	20545576	20549444			
ENSG00000181984.11	GOLGA8CP	chr15	20562375	20575696			
ENSG00000278497.1	RN7SL759P	chr15	20570886	20571175			
ENSG00000258916.2	SPATA31E2P	chr15	20593494	20599195			
ENSG00000258707.2	AC023310.2	chr15	20626819	20627365			
ENSG00000270685.1	IGHV1OR15-6	chr15	20639464	20639890			
ENSG00000278626.1	AC023310.4	chr15	20642799	20643448			
ENSG00000258590.5	NBEAP1	chr15	20657638	20688408			
ENSG00000279628.1	AC131280.1	chr15	20658900	20664970			
ENSG00000260409.1	AC012414.4	chr15	20729747	20756183			
ENSG00000238478.1	RNU6-498P	chr15	20738679	20738785			
ENSG00000259383.1	AC012414.2	chr15	20759311	20774794			
ENSG00000259443.1	AC012414.3	chr15	20773084	20774871			
ENSG00000258420.1	LONRF2P3	chr15	20775464	20775998			
ENSG00000274499.1	AC012414.6	chr15	20803505	20826173			
ENSG00000259089.2	GRAMD4P5	chr15	20813299	20814958			
ENSG00000259214.1	AC012414.1	chr15	20826454	20826640			
ENSG00000265322.1	MIR3118-2	chr15	20832795	20832869			
ENSG00000230031.10	POTEB2	chr15	20835372	20866314			
ENSG00000238489.1	RNU6-749P	chr15	20855251	20855357			
ENSG00000261048.1	AC012414.5	chr15	20890206	20890606			
ENSG00000261554.1	AC037471.2	chr15	20893383	20893980			
ENSG00000258799.1	ZNF519P2	chr15	20901441	20901609			
ENSG00000270831.1	NF1P1	chr15	20916686	20935658			
ENSG00000266545.1	MIR5701-1	chr15	20940252	20940333			
ENSG00000258710.8	LINC01193	chr15	20940380	21058440			
ENSG00000258855.1	OR11J2P	chr15	20960675	20961581			
ENSG00000258494.1	OR11J5P	chr15	20969282	20970215			
ENSG00000270824.1	IGHD5OR15-5B	chr15	21010494	21010516			
ENSG00000270451.1	IGHD4OR15-4B	chr15	21011451	21011469			
ENSG00000282089.1	IGHD3OR15-3B	chr15	21012559	21012589			
ENSG00000282268.1	IGHD2OR15-2B	chr15	21015048	21015078			
ENSG00000270185.1	IGHD1OR15-1B	chr15	21017800	21017816			
ENSG00000259698.1	FAM30C	chr15	21019388	21020851			
ENSG00000259025.1	AC037471.1	chr15	21053004	21054702			
ENSG00000258771.1	BCAR1P2	chr15	21080812	21081447			
ENSG00000243059.3	RN7SL400P	chr15	21102843	21103138			
ENSG00000260986.1	AC126335.1	chr15	21127698	21130095			
ENSG00000279595.1	AC126335.2	chr15	21148334	21152970			
ENSG00000258684.2	BMS1P16	chr15	21160305	21167357			
ENSG00000258883.1	NBEAP4	chr15	21250180	21260147			
ENSG00000237161.4	AC068446.1	chr15	21293653	21295201			
ENSG00000247765.2	AC068446.2	chr15	21298233	21325241			
ENSG00000207289.1	RNU6-1235P	chr15	21307749	21307855			
ENSG00000280881.1	AC060814.4	chr15	21328380	21343881			
ENSG00000280703.1	AC060814.3	chr15	21342171	21343958			
ENSG00000258415.2	LONRF2P4	chr15	21344548	21345085			
ENSG00000268531.3	AC060814.2	chr15	21368459	21370621			
ENSG00000258712.2	CXADRP2	chr15	21372793	21373881			
ENSG00000258767.1	AC060814.1	chr15	21382383	21382842			
ENSG00000258848.1	GRAMD4P6	chr15	21383821	21384064			
ENSG00000278522.5	POTEB3	chr15	21405401	21440499			
ENSG00000277243.1	MIR3118-3	chr15	21406385	21406459			
ENSG00000275174.1	U6	chr15	21428879	21428985			
ENSG00000281347.3	NF1P9	chr15	21490354	21509404			
ENSG00000277841.1	MIR5701-2	chr15	21513959	21514040			
ENSG00000287345.1	AC183088.4	chr15	21514144	21544394			
ENSG00000284834.1	AC183088.2	chr15	21534404	21535346			
ENSG00000284788.1	AC183088.1	chr15	21542990	21544008			
ENSG00000280709.2	LINC02203	chr15	21552795	21653276			
ENSG00000284988.1	AC183088.3	chr15	21552815	21557161			
ENSG00000279639.2	AC135068.6	chr15	21574225	21575207			
ENSG00000259324.2	AC135068.2	chr15	21595684	21596526			
ENSG00000285491.1	AC135068.12	chr15	21609102	21610043			
ENSG00000285116.1	AC135068.11	chr15	21614118	21615051			
ENSG00000182974.3	AC135068.1	chr15	21637909	21638992			
ENSG00000279408.3	AC135068.4	chr15	21651844	21652968			
ENSG00000279445.2	AC135068.5	chr15	21683038	21683962			
ENSG00000281113.1	AC135068.8	chr15	21703428	21705627			
ENSG00000281087.1	AC135068.7	chr15	21709649	21710270			
ENSG00000281179.1	AC135068.9	chr15	21717808	21718245			
ENSG00000281550.1	AC135068.10	chr15	21735506	21735945			
ENSG00000278263.2	AC135068.3	chr15	21742364	21742799			
ENSG00000280655.1	AC134981.1	chr15	21752278	21752710			
ENSG00000265793.1	MIR3118-4	chr15	21843750	21843824			
ENSG00000233917.9	POTEB	chr15	21846329	21877735			
ENSG00000200790.1	RNU6-631P	chr15	21866210	21866316			
ENSG00000258585.2	ZNF519P3	chr15	21911559	21912590			
ENSG00000258997.2	NF1P2	chr15	21927657	21946641			
ENSG00000264902.1	MIR5701-3	chr15	21951242	21951323			
ENSG00000283524.2	OR11J7P	chr15	21971706	21972645			
ENSG00000285405.1	OR11J6P	chr15	21980277	21981245			
ENSG00000284500.3	AC134980.1	chr15	21990074	22059831			
ENSG00000258721.3	OR11H3P	chr15	22009547	22010529			
ENSG00000285472.1	AC134980.2	chr15	22015233	22095857			
ENSG00000283680.2	OR11K1P	chr15	22030900	22031846			
ENSG00000285135.1	OR4Q1P	chr15	22044476	22045400			
ENSG00000284892.1	OR4H6P	chr15	22056709	22057638			
ENSG00000274102.2	OR4M2	chr15	22070241	22083221			
ENSG00000183706.5	OR4N4	chr15	22094522	22095472			
ENSG00000259435.3	OR4N3P	chr15	22125511	22126434			
ENSG00000260739.1	AC010760.1	chr15	22145939	22148226			
ENSG00000223877.4	RPS8P10	chr15	22152276	22152897			
ENSG00000270505.1	IGHV1OR15-1	chr15	22160431	22160868			
ENSG00000271288.1	IGHV1OR15-3	chr15	22178107	22178542			
ENSG00000259261.2	IGHV4OR15-8	chr15	22184967	22185402			
ENSG00000270356.1	IGHV1OR15-4	chr15	22194885	22195317			
ENSG00000271507.1	AC025884.3	chr15	22202392	22202734			
ENSG00000221641.1	MIR1268A	chr15	22225278	22225329			
ENSG00000259098.1	AC025884.2	chr15	22258138	22258848			
ENSG00000258732.1	AC025884.1	chr15	22278971	22282872			
ENSG00000274835.1	AC100757.2	chr15	22360639	22360918			
ENSG00000273679.1	AC100757.1	chr15	22371736	22373570			
ENSG00000274279.1	SPATA31E3P	chr15	22401208	22406944			
ENSG00000185182.14	GOLGA8EP	chr15	22427039	22437902			
ENSG00000274568.1	RN7SL545P	chr15	22429200	22429489			
ENSG00000275363.1	AC100757.3	chr15	22451209	22455154			
ENSG00000277865.4	GOLGA6L22	chr15	22458903	22469230			
ENSG00000281909.1	HERC2P7	chr15	22480439	22484840			
ENSG00000276550.4	HERC2P2	chr15	22495570	22590815			
ENSG00000277561.5	GOLGA8IP	chr15	22606022	22617854			
ENSG00000277515.1	RN7SL495P	chr15	22609141	22609377			
ENSG00000276141.4	WHAMMP3	chr15	22664359	22686213			
ENSG00000277435.1	AC138649.2	chr15	22690454	22691158			
ENSG00000283273.1	AC138649.5	chr15	22714342	22717727			
ENSG00000277867.1	AC138649.4	chr15	22714939	22715225			
ENSG00000275325.4	PDCD6IPP1	chr15	22727104	22744918			
ENSG00000277755.1	AC138649.3	chr15	22756172	22756729			
ENSG00000274253.5	AC138649.1	chr15	22757841	22778741			
ENSG00000259425.5	AC011767.1	chr15	22770523	22776199			
ENSG00000170113.16	NIPA1	chr15	22773063	22829789			
ENSG00000140157.15	NIPA2	chr15	22838644	22869362			
ENSG00000273749.5	CYFIP1	chr15	22867052	22981063			
ENSG00000275835.5	TUBGCP5	chr15	22983192	23039572			
ENSG00000276172.1	ELMO2P1	chr15	23083094	23121324			
ENSG00000273976.2	GOLGA6L1	chr15	23127066	23136822			
ENSG00000277505.1	AC116165.1	chr15	23140563	23144422			
ENSG00000175676.15	GOLGA8DP	chr15	23157366	23170711			
ENSG00000273981.1	RN7SL106P	chr15	23165897	23166186			
ENSG00000274099.1	ABCB10P1	chr15	23179869	23182049			
ENSG00000278541.1	AC116165.2	chr15	23193491	23193696			
ENSG00000276941.1	MIR4509-1	chr15	23197827	23197920			
ENSG00000278552.1	AC116165.3	chr15	23225876	23226391			
ENSG00000259414.1	AC242376.1	chr15	23289303	23293667			
ENSG00000274471.2	HERC2P7	chr15	23309607	23314566			
ENSG00000273756.4	AC100756.2	chr15	23326256	23334127			
ENSG00000260399.1	AC100756.1	chr15	23337985	23341848			
ENSG00000261739.2	GOLGA8S	chr15	23354748	23367231			
ENSG00000278222.1	RN7SL536P	chr15	23363272	23363561			
ENSG00000286598.1	AC100756.3	chr15	23403848	23407335			
ENSG00000261418.1	HERC2P6	chr15	23430839	23435212			
ENSG00000174450.12	GOLGA6L2	chr15	23439038	23447243	2	2	2
ENSG00000265673.1	MIR4508	chr15	23562062	23562131	2	2	2
ENSG00000179455.10	MKRN3	chr15	23565674	23630075	2	2	2
ENSG00000260978.1	AC126407.1	chr15	23567264	23569657	2	2	2
ENSG00000254585.5	MAGEL2	chr15	23643549	23647867	2	2	2
ENSG00000182636.8	NDN	chr15	23685400	23687305	2	2	2
ENSG00000286973.1	AC087490.1	chr15	23757115	23856375	2	2	2
ENSG00000206616.1	RNU6-741P	chr15	23777437	23777543	2	2	2
ENSG00000260232.3	PWRN4	chr15	23912411	24090821	2	2	2
ENSG00000259905.7	PWRN1	chr15	24101827	24823365	2	2	2
ENSG00000260551.1	PWRN2	chr15	24162754	24169948	2	2	2
ENSG00000260780.1	AC087463.1	chr15	24206784	24225854	2	2	2
ENSG00000260959.1	AC087463.2	chr15	24238145	24240192	2	2	2
ENSG00000287888.1	AC087463.3	chr15	24341729	24343464	2	2	2
ENSG00000286110.1	AC090983.2	chr15	24558060	24912924	2	2	2
ENSG00000185823.5	NPAP1	chr15	24675775	24683393	2	2	2
ENSG00000128739.23	SNRPN	chr15	24823637	24978723	2	2	2
ENSG00000280118.3	AC090983.1	chr15	24848355	24852253	2	2	2
ENSG00000241061.3	RPL5P1	chr15	24908932	24909825	2	2	2
ENSG00000242088.1	AC090602.1	chr15	24910874	24911125	2	2	2
ENSG00000273173.5	SNURF	chr15	24954986	24977850	2	2	2
ENSG00000214265.11	AC124312.1	chr15	24955034	25000276	2	2	2
ENSG00000224078.15	SNHG14	chr15	24978583	25420336	2	2	2
ENSG00000276314.1	SNORD107	chr15	24981994	24982068	2	2	2
ENSG00000279192.1	PWAR5	chr15	24985053	24988232	2	2	2
ENSG00000276610.1	SNORD64	chr15	24985100	24985166	2	2	2
ENSG00000239014.1	SNORD108	chr15	24986925	24986995	2	2	2
ENSG00000257647.1	AC124312.2	chr15	25027736	25032047	2	2	2
ENSG00000274640.1	SNORD109A	chr15	25041974	25042040	2	2	2
ENSG00000207063.1	SNORD116-1	chr15	25051477	25051571	2	2	2
ENSG00000207001.1	SNORD116-2	chr15	25054210	25054304	2	2	2
ENSG00000207014.1	SNORD116-3	chr15	25056860	25056954	2	2	2
ENSG00000275529.1	SNORD116-4	chr15	25059538	25059633	2	2	2
ENSG00000207191.1	SNORD116-5	chr15	25062333	25062427	2	2	2
ENSG00000207442.1	SNORD116-6	chr15	25065026	25065121	2	2	2
ENSG00000207133.1	SNORD116-7	chr15	25067788	25067882	2	2	2
ENSG00000207093.1	SNORD116-8	chr15	25070432	25070526	2	2	2
ENSG00000206727.1	SNORD116-9	chr15	25073107	25073201	2	2	2
ENSG00000200661.1	SNORD116-10	chr15	25074114	25074215	2	2	2
ENSG00000206609.1	SNORD116-11	chr15	25075929	25076020	2	2	2
ENSG00000207197.1	SNORD116-12	chr15	25077051	25077142	2	2	2
ENSG00000207137.1	SNORD116-13	chr15	25079058	25079149	2	2	2
ENSG00000206621.1	SNORD116-14	chr15	25080142	25080233	2	2	2
ENSG00000207174.1	SNORD116-15	chr15	25081287	25081378	2	2	2
ENSG00000207263.1	SNORD116-16	chr15	25082768	25082859	2	2	2
ENSG00000206656.1	SNORD116-17	chr15	25083588	25083679	2	2	2
ENSG00000206688.1	SNORD116-18	chr15	25085385	25085476	2	2	2
ENSG00000207460.1	SNORD116-19	chr15	25086527	25086618	2	2	2
ENSG00000261069.3	AC124312.3	chr15	25087661	25088896	2	2	2
ENSG00000278715.1	SNORD116-20	chr15	25087662	25087753	2	2	2
ENSG00000277785.1	SNORD116-21	chr15	25088804	25088895	2	2	2
ENSG00000275127.1	SNORD116-22	chr15	25089923	25090014	2	2	2
ENSG00000207375.1	SNORD116-23	chr15	25091786	25091877	2	2	2
ENSG00000287482.1	AC124312.5	chr15	25091786	25107469	2	2	2
ENSG00000279735.2	AC124312.4	chr15	25091960	25092377	2	2	2
ENSG00000207279.1	SNORD116-24	chr15	25094037	25094128	2	2	2
ENSG00000252326.1	SNORD116-25	chr15	25097663	25097754	2	2	2
ENSG00000251815.1	SNORD116-26	chr15	25099499	25099594	2	2	2
ENSG00000251896.1	SNORD116-27	chr15	25101575	25101666	2	2	2
ENSG00000278123.1	SNORD116-28	chr15	25104642	25104732	2	2	2
ENSG00000207245.1	SNORD116-29	chr15	25106521	25106603	2	2	2
ENSG00000252277.1	SNORD116-30	chr15	25108268	25108352	2	2	2
ENSG00000279050.1	PWAR1	chr15	25135642	25138055	2	2	2
ENSG00000212428.1	SNORD115	chr15	25159221	25159279	2	2	2
ENSG00000270814.1	DMAC1P1	chr15	25169337	25169676	2	2	2
ENSG00000201831.1	SNORD115-1	chr15	25170723	25170804	2	2	2
ENSG00000199712.1	SNORD115-2	chr15	25172635	25172716	2	2	2
ENSG00000199970.1	SNORD115-3	chr15	25174927	25175008	2	2	2
ENSG00000200680.1	SNORD115-4	chr15	25176832	25176913	2	2	2
ENSG00000200503.1	SNORD115-5	chr15	25178738	25178819	2	2	2
ENSG00000200812.1	SNORD115-6	chr15	25180497	25180578	2	2	2
ENSG00000278089.1	SNORD115-7	chr15	25182385	25182466	2	2	2
ENSG00000200726.1	SNORD115-8	chr15	25184306	25184387	2	2	2
ENSG00000199782.1	SNORD115-9	chr15	25185631	25185712	2	2	2
ENSG00000201943.1	SNORD115-10	chr15	25187536	25187616	2	2	2
ENSG00000200486.1	SNORD115-11	chr15	25189414	25189495	2	2	2
ENSG00000199453.1	SNORD115-12	chr15	25191416	25191497	2	2	2
ENSG00000273835.1	SNORD115-13	chr15	25193321	25193402	2	2	2
ENSG00000199960.1	SNORD115-14	chr15	25194921	25195001	2	2	2
ENSG00000201679.1	SNORD115-15	chr15	25197576	25197656	2	2	2
ENSG00000200757.1	SNORD115-16	chr15	25199448	25199529	2	2	2
ENSG00000201482.1	SNORD115-17	chr15	25201323	25201404	2	2	2
ENSG00000200163.1	SNORD115-18	chr15	25203227	25203308	2	2	2
ENSG00000199968.1	SNORD115-19	chr15	25204357	25204438	2	2	2
ENSG00000201969.1	SNORD115-20	chr15	25206262	25206343	2	2	2
ENSG00000199833.1	SNORD115-21	chr15	25208083	25208163	2	2	2
ENSG00000201326.1	SNORD115-22	chr15	25209918	25209999	2	2	2
ENSG00000201331.1	SNORD115-23	chr15	25211796	25211877	2	2	2
ENSG00000200398.1	SNORD115-24	chr15	25213648	25213729	2	2	2
ENSG00000199489.1	SNORD115-25	chr15	25215541	25215622	2	2	2
ENSG00000275524.1	SNORD115-26	chr15	25218617	25218698	2	2	2
ENSG00000201300.1	SNORD115-27	chr15	25220497	25220578	2	2	2
ENSG00000200801.1	SNORD115-28	chr15	25222348	25222428	2	2	2
ENSG00000199704.1	SNORD115-29	chr15	25223246	25223327	2	2	2
ENSG00000200987.1	SNORD115-30	chr15	25225203	25225284	2	2	2
ENSG00000202188.1	SNORD115-31	chr15	25227109	25227190	2	2	2
ENSG00000200949.1	SNORD115-32	chr15	25228967	25229048	2	2	2
ENSG00000200593.1	SNORD115-33	chr15	25230838	25230919	2	2	2
ENSG00000199311.1	SNORD115-34	chr15	25232387	25232468	2	2	2
ENSG00000201992.1	SNORD115-35	chr15	25234247	25234328	2	2	2
ENSG00000202499.1	SNORD115-36	chr15	25236085	25236166	2	2	2
ENSG00000200638.1	SNORD115-37	chr15	25237986	25238067	2	2	2
ENSG00000201907.1	SNORD115-38	chr15	25239838	25239919	2	2	2
ENSG00000200564.1	SNORD115-39	chr15	25241746	25241827	2	2	2
ENSG00000272460.1	SNORD115-40	chr15	25243614	25243695	2	2	2
ENSG00000200478.1	SNORD115-41	chr15	25245478	25245559	2	2	2
ENSG00000201143.1	SNORD115-42	chr15	25247345	25247426	2	2	2
ENSG00000202373.1	SNORD115-43	chr15	25249198	25249279	2	2	2
ENSG00000202261.1	SNORD115-44	chr15	25250859	25250940	2	2	2
ENSG00000280234.1	AC124303.1	chr15	25255579	25257027	2	2	2
ENSG00000212380.1	SNORD115-45	chr15	25264510	25264590	2	2	2
ENSG00000276844.1	SNORD115-46	chr15	25266591	25266661	2	2	2
ENSG00000212528.1	SNORD115-47	chr15	25268466	25268551	2	2	2
ENSG00000201634.1	SNORD115-48	chr15	25269783	25269858	2	2	2
ENSG00000239169.1	SNORD109B	chr15	25278343	25278409	2	2	2
ENSG00000114062.22	UBE3A	chr15	25333728	25439051	2	2	2
ENSG00000261529.1	AC100774.1	chr15	25345633	25347235	2	2	2
ENSG00000235731.3	LINC02250	chr15	25456271	25578813	2	2	2
ENSG00000223628.2	AC023449.1	chr15	25580969	25581122	2	2	2
ENSG00000206190.12	ATP10A	chr15	25677271	25865184	2	2	2
ENSG00000222123.1	RNA5SP390	chr15	25738508	25738620	2	2	2
ENSG00000266517.1	MIR4715	chr15	25848747	25848825	2	2	2
ENSG00000259011.1	AC016266.1	chr15	25865295	25877211	2	2	2
ENSG00000206187.4	LINC02346	chr15	25902119	26053123	2	2	2
ENSG00000258965.2	AC044913.2	chr15	25928146	25928575	2	2	2
ENSG00000212604.1	AC044913.1	chr15	26008940	26009074	2	2	2
ENSG00000258931.1	AC100836.1	chr15	26050538	26052276	2	2	2
ENSG00000259150.6	LINC00929	chr15	26115726	26134001	2	2	2
ENSG00000286884.1	AC012060.1	chr15	26261669	26265918	2	2	2
ENSG00000235160.2	LINC02248	chr15	26395037	26455217	2	2	2
ENSG00000287280.1	AC009878.2	chr15	26403480	26477840	2	2	2
ENSG00000166206.15	GABRB3	chr15	26543546	26939539	2	2	2
ENSG00000278840.1	AC009878.1	chr15	26557598	26557937	2	2	2
ENSG00000235518.2	AC011196.1	chr15	26657030	26658763	2	2	2
ENSG00000242793.1	AC135999.1	chr15	26851132	26851610	2	2	2
ENSG00000186297.12	GABRA5	chr15	26866911	26949208	2	2	2
ENSG00000259122.2	TVP23BP1	chr15	26964917	26970385	2	2	2
ENSG00000182256.13	GABRG3	chr15	26971181	27541984	2	2	2
ENSG00000228740.3	GABRG3-AS1	chr15	27038978	27161319	2	2	2
ENSG00000214254.3	AC136896.1	chr15	27208089	27208635	2	2	2
ENSG00000200326.1	RNA5SP391	chr15	27280318	27280436	2	2	2
ENSG00000258624.1	SERPINE4P	chr15	27340524	27340804	2	2	2
ENSG00000261426.1	AC144833.1	chr15	27362310	27366398	2	2	2
ENSG00000258970.1	AC104002.1	chr15	27418796	27420735	2	2	2
ENSG00000259152.1	AC104002.2	chr15	27422381	27428338	2	2	2
ENSG00000259168.1	AC104002.3	chr15	27483035	27541991	2	2	2
ENSG00000258594.1	AC021979.1	chr15	27621534	27629289	2	2	2
ENSG00000287922.1	AC021979.3	chr15	27662715	27667273	2	2	2
ENSG00000258853.1	AC021979.2	chr15	27684498	27685768	2	2	2
ENSG00000104044.16	OCA2	chr15	27754875	28099315	2	2	2
ENSG00000232394.1	AC090696.1	chr15	27775621	27776798	2	2	2
ENSG00000228992.2	RPL5P32	chr15	27895704	27896582	2	2	2
ENSG00000128731.18	HERC2	chr15	28111040	28322179	2	2	2
ENSG00000256338.2	RPL41P2	chr15	28315651	28316059	2	2	2
ENSG00000261401.1	HERC2P1	chr15	28332237	28336609	2	2	2
ENSG00000261561.1	AC091304.4	chr15	28346490	28346647	2	2	2
ENSG00000237850.7	AC091304.1	chr15	28349051	28358080	2	2	2
ENSG00000261497.1	AC091304.3	chr15	28362796	28365731	2	2	2
ENSG00000153684.15	GOLGA8F	chr15	28378621	28392018	2	2	2
ENSG00000276891.1	RN7SL238P	chr15	28387196	28387485	2	2	2
ENSG00000261524.1	ABCB10P3	chr15	28402868	28405033	2	2	2
ENSG00000276928.1	AC091304.8	chr15	28416449	28416674	2	2	2
ENSG00000274532.1	AC091304.5	chr15	28422172	28422373	2	2	2
ENSG00000266039.1	MIR4509-2	chr15	28426491	28426584	2	2	2
ENSG00000284628.1	AC091304.10	chr15	28444144	28444264	2	2	2
ENSG00000260159.1	AC091304.2	chr15	28454660	28457783	2	2	2
ENSG00000261365.1	AC138749.4	chr15	28473322	28473448	2	2	2
ENSG00000263964.1	MIR4509-3	chr15	28490752	28490845	2	2	2
ENSG00000274814.1	AC138749.7	chr15	28494975	28495182	2	2	2
ENSG00000260053.2	ABCB10P4	chr15	28506625	28508808	2	2	2
ENSG00000183629.13	GOLGA8G	chr15	28519611	28533014	2	2	2
ENSG00000276955.1	Metazoa_SRP	chr15	28524151	28524440	2	2	2
ENSG00000261041.1	AC138749.3	chr15	28545912	28549777	2	2	2
ENSG00000227717.4	AC138749.1	chr15	28553638	28561379	2	2	2
ENSG00000260444.1	AC138749.2	chr15	28564986	28565152	2	2	2
ENSG00000261581.1	HERC2P11	chr15	28575019	28579400	2	2	2
ENSG00000206149.10	HERC2P9	chr15	28589492	28685264	2	2	2
ENSG00000254398.1	AC055876.2	chr15	28679405	28682252	2	2	2
ENSG00000188626.6	GOLGA8M	chr15	28701954	28738384	2	2	2
ENSG00000274632.1	RN7SL719P	chr15	28703554	28703790	2	2	2
ENSG00000261480.1	AC055876.5	chr15	28719377	28738431	2	2	2
ENSG00000248334.6	WHAMMP2	chr15	28737583	28759204	2	2	2
ENSG00000260844.2	AC055876.4	chr15	28763440	28764151	2	2	2
ENSG00000232431.3	AC055876.1	chr15	28788243	28792002	2	2	2
ENSG00000256951.1	AC055876.3	chr15	28789199	28789486	2	2	2
ENSG00000261377.5	PDCD6IPP2	chr15	28789664	28859007	2	2	2
ENSG00000271616.1	AC055876.6	chr15	28830619	28831182	2	2	2
ENSG00000261649.6	GOLGA6L7	chr15	28841833	28848675	2	2	2
ENSG00000270301.1	AC174071.1	chr15	28857882	28858398	2	2	2
ENSG00000287894.1	AC174469.1	chr15	28881667	28884655	2	2	2
ENSG00000034053.14	APBA2	chr15	28884483	29118315	2	2	2
ENSG00000259277.1	AC127522.1	chr15	28970196	28977464	2	2	2
ENSG00000104059.4	FAM189A1	chr15	29120254	29570723	2	2	2
ENSG00000259299.1	AC061965.2	chr15	29233673	29235137	2	2	2
ENSG00000252868.1	AC061965.1	chr15	29233868	29233979	2	2	2
ENSG00000185115.6	NSMCE3	chr15	29264989	29269822	2	2	2
ENSG00000259690.1	AC107980.1	chr15	29373602	29376956	2	2	2
ENSG00000259814.1	AC102941.1	chr15	29609676	29611212	2	2	2
ENSG00000259300.2	TUBBP8	chr15	29612570	29614274	2	2	2
ENSG00000287334.1	AC102941.2	chr15	29664477	29669482	2	2	2
ENSG00000256802.2	AC022613.1	chr15	29674990	29680957	2	2	2
ENSG00000104067.17	TJP1	chr15	29699367	29968915	2	2	2
ENSG00000259644.1	AC022613.3	chr15	29728186	29729531	2	2	2
ENSG00000234664.1	HMGN2P5	chr15	29730713	29730985	2	2	2
ENSG00000259523.1	AC022613.2	chr15	29822631	29824081	2	2	2
ENSG00000259749.1	NCAPGP2	chr15	30005205	30006430	2	2	2
ENSG00000259647.1	AC111152.2	chr15	30005443	30045848	2	2	2
ENSG00000260174.1	SYNGR2P1	chr15	30044455	30045296	2	2	2
ENSG00000229389.2	AC111152.1	chr15	30052942	30073064	2	2	2
ENSG00000179938.12	GOLGA8J	chr15	30083053	30093499	2	2	2
ENSG00000273818.1	RN7SL673P	chr15	30091662	30091898	2	2	2
ENSG00000261792.1	DNM1P28	chr15	30098826	30102093	2	2	2
ENSG00000178081.12	ULK4P3	chr15	30103720	30131757	2	2	2
ENSG00000207432.1	U8	chr15	30112198	30112330	2	2	2
ENSG00000261247.1	GOLGA8T	chr15	30135149	30145567	2	2	2
ENSG00000277637.1	RN7SL469P	chr15	30143733	30143969	2	2	2
ENSG00000260897.1	DNM1P30	chr15	30150872	30153409	2	2	2
ENSG00000261747.3	AC120045.2	chr15	30153933	30154110	2	2	2
ENSG00000259906.1	AC120045.1	chr15	30170563	30179943	2	2	2
ENSG00000225930.4	LINC02249	chr15	30195809	30217552	2	2	2
ENSG00000259993.1	AC135731.1	chr15	30223017	30225564	2	2	2
ENSG00000206972.1	RNU6-17P	chr15	30254402	30254508	2	2	2
ENSG00000270955.1	AC135731.2	chr15	30282533	30288389	2	2	2
ENSG00000279417.1	AC019322.4	chr15	30344307	30348236	2	2	2
ENSG00000238783.1	Y_RNA	chr15	30355436	30355540	2	2	2
ENSG00000166664.14	CHRFAM7A	chr15	30360566	30393849	2	2	2
ENSG00000263070.1	AC019322.1	chr15	30380353	30386987	2	2	2
ENSG00000238519.1	U8	chr15	30384959	30385091	2	2	2
ENSG00000274966.1	AC019322.3	chr15	30395146	30396368	2	2	2
ENSG00000186399.10	GOLGA8R	chr15	30403740	30414162	2	2	2
ENSG00000274424.1	RN7SL196P	chr15	30405307	30405597	2	2	2
ENSG00000271333.1	AC019322.2	chr15	30420283	30420429	2	2	2
ENSG00000215302.8	AC127502.1	chr15	30470779	30507623	2	2	2
ENSG00000270055.1	AC127502.2	chr15	30487963	30490313	2	2	2
ENSG00000283345.1	AC127502.3	chr15	30507377	30513698	2	2	2
ENSG00000260784.1	AC026150.2	chr15	30516079	30517867	2	2	2
ENSG00000260693.1	AC026150.1	chr15	30540093	30545969	2	2	2
ENSG00000178115.11	GOLGA8Q	chr15	30552078	30562501	2	2	2
ENSG00000277031.1	RN7SL796P	chr15	30560644	30560934	2	2	2
ENSG00000259890.1	DNM1P50	chr15	30567822	30571089	2	2	2
ENSG00000260128.6	ULK4P2	chr15	30572738	30600647	2	2	2
ENSG00000207430.1	U8	chr15	30581184	30581316	2	2	2
ENSG00000261794.1	GOLGA8H	chr15	30604126	30614561	2	2	2
ENSG00000270016.1	AC026150.3	chr15	30607695	30608193	2	2	2
ENSG00000277467.1	RN7SL628P	chr15	30612724	30612960	2	2	2
ENSG00000269930.1	AC091057.3	chr15	30616958	30617749	2	2	2
ENSG00000247728.2	AC091057.2	chr15	30616998	30625773	2	2	2
ENSG00000285077.2	ARHGAP11B	chr15	30624494	30649529	2	2	2
ENSG00000284906.2	AC091057.5	chr15	30624548	30685606	2	2	2
ENSG00000285035.1	AC091057.6	chr15	30644633	30723495	2	2	2
ENSG00000187951.11	AC091057.1	chr15	30658717	30772993	2	2	2
ENSG00000206846.1	Y_RNA	chr15	30673750	30673843	2	2	2
ENSG00000284783.1	AC091057.4	chr15	30750406	30759859	2	2	2
ENSG00000103832.10	GOLGA8UP	chr15	30791573	30801859	2	2	2
ENSG00000278696.1	RN7SL82P	chr15	30800160	30800396	2	2	2
ENSG00000259845.1	HERC2P10	chr15	30815271	30844153	2	2	2
ENSG00000260382.1	AC087481.1	chr15	30882267	30883231	2	2	2
ENSG00000198690.10	FAN1	chr15	30890559	30943108	2	2	2
ENSG00000261628.1	AC087481.2	chr15	30899480	30900327	2	2	2
ENSG00000166912.17	MTMR10	chr15	30938941	30991628	2	2	2
ENSG00000212526.1	RNU6-466P	chr15	30956248	30956350	2	2	2
ENSG00000259720.2	AC009562.1	chr15	30992171	31042302	2	2	2
ENSG00000134160.14	TRPM1	chr15	31001061	31161273	2	2	2
ENSG00000207702.1	MIR211	chr15	31065032	31065141	2	2	2
ENSG00000259448.3	LINC02352	chr15	31215622	31224445	2	2	2
ENSG00000259772.6	AC012236.1	chr15	31221999	31230838	2	2	2
ENSG00000169926.11	KLF13	chr15	31326835	31435665	2	2	2
ENSG00000259179.1	UBE2CP4	chr15	31420128	31420662	2	2	2
ENSG00000259696.2	AC104759.1	chr15	31453201	31454139	2	2	2
ENSG00000169918.10	OTUD7A	chr15	31475398	31870789	2	2	2
ENSG00000259358.1	DEPDC1P1	chr15	31765743	31768201	2	2	2
ENSG00000277500.1	AC026951.1	chr15	31787494	31787734	2	2	2
ENSG00000175344.19	CHRNA7	chr15	31923438	32173018	2	2	2
ENSG00000206849.1	AC079969.1	chr15	31928303	31928434	2	2	2
ENSG00000201084.1	Y_RNA	chr15	32175247	32175351	2	2	2
ENSG00000279912.1	AC068448.1	chr15	32182551	32186475	2	2	2
ENSG00000271078.1	AC139426.3	chr15	32250302	32256125	2	2	2
ENSG00000207257.1	RNU6-18P	chr15	32284152	32284258	2	2	2
ENSG00000260211.2	AC139426.1	chr15	32313126	32315654	2	2	2
ENSG00000260642.1	AC139426.2	chr15	32359538	32367784	2	2	2
ENSG00000288627.1	AC139426.4	chr15	32384242	32384418	2	2	2
ENSG00000261491.1	DNM1P31	chr15	32384937	32387484	2	2	2
ENSG00000249931.4	GOLGA8K	chr15	32392782	32403292	2	2	2
ENSG00000275776.1	RN7SL185P	chr15	32394365	32394613	2	2	2
ENSG00000215304.3	AC135983.1	chr15	32398956	32435233	2	2	2
ENSG00000261279.5	ULK4P1	chr15	32406597	32434992	2	2	2
ENSG00000206987.1	U8	chr15	32426288	32426420	2	2	2
ENSG00000261708.1	DNM1P32	chr15	32436503	32439767	2	2	2
ENSG00000206127.11	GOLGA8O	chr15	32441914	32455634	2	2	2
ENSG00000274076.1	RN7SL539P	chr15	32446674	32446964	2	2	2
ENSG00000270789.1	AC135983.5	chr15	32461666	32461809	2	2	2
ENSG00000261375.1	AC135983.4	chr15	32489267	32491586	2	2	2
ENSG00000254912.2	AC135983.3	chr15	32494003	32500346	2	2	2
ENSG00000223509.8	AC135983.2	chr15	32519848	32536926	2	2	2
ENSG00000261064.1	LINC02256	chr15	32536047	32587613	2	2	2
ENSG00000276724.1	AC123768.3	chr15	32583612	32584312	2	2	2
ENSG00000262728.6	AC123768.2	chr15	32585524	32615158	2	2	2
ENSG00000232653.8	GOLGA8N	chr15	32593456	32607310	2	2	2
ENSG00000277464.1	RN7SL286P	chr15	32602121	32602411	2	2	2
ENSG00000244952.2	AC123768.1	chr15	32613733	32615111	2	2	2
ENSG00000198826.11	ARHGAP11A	chr15	32615144	32639941	2	2	2
ENSG00000285948.1	AC123768.4	chr15	32624106	32641615	2	2	2
ENSG00000166922.8	SCG5	chr15	32641676	32697098	2	2	2
ENSG00000241818.1	SCG5-AS1	chr15	32656084	32673065	2	2	2
ENSG00000259721.1	AC090877.2	chr15	32717270	32719007	2	2	2
ENSG00000166923.12	GREM1	chr15	32718004	32745106	2	2	2
ENSG00000248905.10	FMN1	chr15	32765544	33194714	2	2	2
ENSG00000259392.2	AC090877.1	chr15	32836983	32837326	2	2	2
ENSG00000212415.1	AC018515.1	chr15	32970727	32970791	2	2	2
ENSG00000259686.1	HNRNPA1P71	chr15	33012119	33013068	2	2	2
ENSG00000279958.1	AC019278.1	chr15	33105758	33106236	2	2	2
ENSG00000215296.10	TMCO5B	chr15	33235552	33247621	2	2	2
ENSG00000259446.6	AC055874.1	chr15	33293568	33310659	2	2	2
ENSG00000198838.14	RYR3	chr15	33310962	33866121	2	2	2
ENSG00000200008.1	Y_RNA	chr15	33722492	33722596	2	2	2
ENSG00000276702.1	AC010809.3	chr15	33850538	33851178	2	2	2
ENSG00000259408.2	AC010809.2	chr15	33851785	33856809	2	2	2
ENSG00000259287.2	AC010809.1	chr15	33858602	33864825	2	2	2
ENSG00000169857.9	AVEN	chr15	33858782	34075155	2	2	2
ENSG00000184984.10	CHRM5	chr15	33968497	34067458	2	2	2
ENSG00000278472.1	AC009268.2	chr15	33972059	33972515	2	2	2
ENSG00000287840.1	AC009268.3	chr15	33985406	33988268	2	2	2
ENSG00000259505.1	AC009268.1	chr15	33990686	33992048	2	2	2
ENSG00000134153.10	EMC7	chr15	34084017	34101862	2	2	2
ENSG00000243094.1	AC079203.1	chr15	34085911	34086314	2	2	2
ENSG00000182405.6	PGBD4	chr15	34102083	34108686	2	2	2
ENSG00000134152.11	KATNBL1	chr15	34140674	34210096	2	2	2
ENSG00000128463.13	EMC4	chr15	34225013	34230156	2	2	2
ENSG00000140199.13	SLC12A6	chr15	34229784	34338060	2	2	2
ENSG00000259468.1	AC079203.2	chr15	34255286	34257832	2	2	2
ENSG00000207091.1	Y_RNA	chr15	34314728	34314828	2	2	2
ENSG00000182117.6	NOP10	chr15	34341719	34343136	2	2	2
ENSG00000184507.16	NUTM1	chr15	34343315	34357737	2	2	2
ENSG00000176454.14	LPCAT4	chr15	34358633	34367196	2	2	2
ENSG00000259904.1	ACTG1P15	chr15	34373541	34374603	2	2	2
ENSG00000175265.17	GOLGA8A	chr15	34379068	34437466	2	2	2
ENSG00000221649.1	MIR1233-1	chr15	34382069	34382150	2	2	2
ENSG00000260639.1	AC025678.1	chr15	34394594	34394931	2	2	2
ENSG00000261081.1	AC025678.2	chr15	34409625	34410594	2	2	2
ENSG00000279092.1	AC025678.3	chr15	34415450	34420273	2	2	2
ENSG00000259917.1	HNRNPLP2	chr15	34489002	34490571	2	2	2
ENSG00000261559.1	FSCN1P1	chr15	34494420	34495900	2	2	2
ENSG00000278582.1	DNM1P5	chr15	34520608	34521791	2	2	2
ENSG00000215252.11	GOLGA8B	chr15	34525207	34588503	2	2	2
ENSG00000221065.1	MIR1233-2	chr15	34528290	34528371	2	2	2
ENSG00000259892.1	AC027139.1	chr15	34555870	34556820	2	2	2
ENSG00000252425.1	AC100834.1	chr15	34597458	34597558	2	2	2
ENSG00000261304.2	LINC02252	chr15	34651135	34671095	2	2	2
ENSG00000287973.1	AC100834.2	chr15	34657736	34670512	2	2	2
ENSG00000159248.5	GJD2	chr15	34751032	34754998	2	2	2
ENSG00000250007.7	AC087457.1	chr15	34755084	34813505	2	2	2
ENSG00000159251.8	ACTC1	chr15	34790230	34795549	2	2	2
ENSG00000259751.1	TUBAP11	chr15	34849137	34850395	2	2	2
ENSG00000021776.11	AQR	chr15	34851782	34969742	2	2	2
ENSG00000231409.3	AC018868.1	chr15	34943080	34943394	2	2	2
ENSG00000198146.4	ZNF770	chr15	34978341	34988287	2	2	2
ENSG00000279364.1	AC114546.3	chr15	34978351	34980084	2	2	2
ENSG00000259181.1	AC114546.1	chr15	34993646	35003221	2	2	2
ENSG00000280396.1	AC114546.4	chr15	34999902	35000270	2	2	2
ENSG00000259587.3	AC114546.2	chr15	35007844	35011191	2	2	2
ENSG00000259665.1	AC021231.3	chr15	35081144	35081513	2	2	2
ENSG00000255192.6	NANOGP8	chr15	35083410	35085295	2	2	2
ENSG00000259397.3	AC021231.2	chr15	35092481	35093210	2	2	2
ENSG00000259336.1	AC021231.1	chr15	35099022	35169698	2	2	2
ENSG00000259592.1	PRELID1P4	chr15	35121573	35122084	2	2	2
ENSG00000259516.2	ANP32AP1	chr15	35181799	35238197	2	2	2
ENSG00000134146.12	DPH6	chr15	35217345	35546193	2	2	2
ENSG00000259710.1	NUTF2P6	chr15	35282596	35282980	2	2	2
ENSG00000259585.2	RBM17P4	chr15	35298249	35299440	2	2	2
ENSG00000265102.1	MIR3942	chr15	35372256	35372364	2	2	2
ENSG00000259688.1	AC019288.1	chr15	35396221	35396444	2	2	2
ENSG00000259411.1	HNRNPA1P45	chr15	35400691	35401768	2	2	2
ENSG00000248079.3	DPH6-DT	chr15	35546154	35860199	2	2	2
ENSG00000259217.2	AC068867.1	chr15	35774801	35774950	2	2	2
ENSG00000259245.2	LINC02853	chr15	35919892	36049537	2	2	2
ENSG00000265098.3	MIR4510	chr15	35926856	35926923	2	2	2
ENSG00000259639.6	AC021351.1	chr15	35939167	36252257	2	2	2
ENSG00000259395.1	AC087516.1	chr15	36341739	36344166	2	2	2
ENSG00000259737.7	AC087516.2	chr15	36438972	36471016	2	2	2
ENSG00000270500.1	COX6CP4	chr15	36571985	36572212	2	2	2
ENSG00000186073.14	CDIN1	chr15	36579626	36810248	2	2	2
ENSG00000261635.2	AC103988.1	chr15	36613474	36614198	2	2	2
ENSG00000261315.2	LARP4P	chr15	36617089	36619265	2	2	2
ENSG00000260582.1	TPST2P1	chr15	36626674	36627775	2	2	2
ENSG00000261191.1	AC013640.1	chr15	36641186	36669097	2	2	2
ENSG00000223518.5	CSNK1A1P1	chr15	36798596	36818459	2	2	2
ENSG00000212511.2	U3	chr15	36852640	36852859	2	2	2
ENSG00000259280.1	AC018563.1	chr15	36876379	36887035	2	2	2
ENSG00000134138.20	MEIS2	chr15	36889204	37101299	2	2	2
ENSG00000277202.1	MIR8063	chr15	36972821	36972901	2	2	2
ENSG00000206676.1	Y_RNA	chr15	37050828	37050930	2	2	2
ENSG00000259460.1	AC078909.1	chr15	37099339	37100173	2	2	2
ENSG00000274444.1	AC078909.2	chr15	37109587	37109984	2	2	2
ENSG00000274216.1	Metazoa_SRP	chr15	37216617	37216898	2	2	2
ENSG00000270304.1	AC087283.1	chr15	37253879	37254952	2	2	2
ENSG00000259434.2	AC068875.1	chr15	37364020	37490864	2	2	2
ENSG00000243122.1	AC016304.1	chr15	37490691	37491103	2	2	2
ENSG00000166069.13	TMCO5A	chr15	37921939	37967724	2	2	2
ENSG00000259225.7	LINC02345	chr15	37980676	38062340	2	2	2
ENSG00000236914.4	LINC01852	chr15	38068812	38072990	2	2	2
ENSG00000259380.6	AC087473.1	chr15	38139595	38226897	2	2	2
ENSG00000166068.13	SPRED1	chr15	38252836	38357249	2	2	2
ENSG00000171262.11	FAM98B	chr15	38454127	38487710	2	2	2
ENSG00000259192.1	AC109631.1	chr15	38458760	38459540	2	2	2
ENSG00000172575.12	RASGRP1	chr15	38488103	38565575	2	2	2
ENSG00000286786.1	AC116158.3	chr15	38493308	38499985	2	2	2
ENSG00000259326.1	AC116158.1	chr15	38502853	38504981	2	2	2
ENSG00000259598.1	AC116158.2	chr15	38524070	38534655	2	2	2
ENSG00000175779.4	LINC02694	chr15	38628005	39180499	2	2	2
ENSG00000259731.2	AC022929.1	chr15	38756552	38759413	2	2	2
ENSG00000274281.1	AC022929.2	chr15	38851306	38853432	2	2	2
ENSG00000259345.7	AC013652.1	chr15	38865322	39427195	2	2	2
ENSG00000259278.2	AC087878.1	chr15	39019193	39026521	2	2	2
ENSG00000259423.3	AC113146.1	chr15	39167676	39180048	2	2	2
ENSG00000175746.6	C15orf54	chr15	39250684	39254845	2	2	2
ENSG00000259447.1	AC013652.2	chr15	39300418	39310782	2	2	2
ENSG00000259269.2	AC109630.1	chr15	39472703	39497074	2	2	2
ENSG00000259390.4	AC022196.1	chr15	39512335	39519954	2	2	2
ENSG00000137801.11	THBS1	chr15	39581079	39599466	2	2	2
ENSG00000276107.1	AC037198.1	chr15	39586561	39587293	2	2	2
ENSG00000278621.1	AC037198.2	chr15	39588357	39588882	2	2	2
ENSG00000150667.8	FSIP1	chr15	39588357	39782841	2	2	2
ENSG00000259580.1	AC023908.2	chr15	39770559	39801333	2	2	2
ENSG00000261136.1	AC023908.3	chr15	39782571	39785617	2	2	2
ENSG00000166073.11	GPR176	chr15	39799008	39920266	2	2	3
ENSG00000259432.1	AC023908.1	chr15	39813223	39815429	2	2	2
ENSG00000246863.2	GPR176-DT	chr15	39921042	39925880	2	2	2
ENSG00000200305.1	Y_RNA	chr15	39922782	39922886	2	2	2
ENSG00000128829.12	EIF2AK4	chr15	39934115	40035591	2	2	2
ENSG00000259389.2	H3P38	chr15	39951375	39951708	2	2	2
ENSG00000140319.11	SRP14	chr15	40035690	40039181	2	2	2
ENSG00000248508.8	SRP14-AS1	chr15	40039242	40076539	2	2	2
ENSG00000259584.1	AC021755.2	chr15	40075204	40078704	2	2	2
ENSG00000275636.1	AC021755.3	chr15	40078892	40079347	2	2	2
ENSG00000104081.14	BMF	chr15	40087890	40108892	2	2	2
ENSG00000259409.1	BMF-AS1	chr15	40088832	40089386	2	2	2
ENSG00000259239.1	AC021755.1	chr15	40133768	40135214	2	2	2
ENSG00000156970.13	BUB1B	chr15	40161023	40221123	2	2	2
ENSG00000137843.12	PAK6	chr15	40217428	40277487	2	2	2
ENSG00000259288.7	BUB1B-PAK6	chr15	40218500	40264890	2	2	2
ENSG00000273786.1	AC020658.4	chr15	40226386	40227069	2	2	2
ENSG00000260648.3	AC020658.3	chr15	40232082	40236109	2	2	2
ENSG00000279537.1	AC020658.7	chr15	40244925	40247366	2	2	2
ENSG00000176753.5	C15orf56	chr15	40250664	40252969	2	2	2
ENSG00000279409.1	AC020658.6	chr15	40258501	40260370	2	2	2
ENSG00000137841.12	PLCB2	chr15	40278176	40307935	2	2	2
ENSG00000230778.1	ANKRD63	chr15	40281444	40282586	2	2	2
ENSG00000273855.1	AC020658.5	chr15	40285468	40285909	2	2	2
ENSG00000259307.1	PLCB2-AS1	chr15	40300670	40301820	2	2	2
ENSG00000244705.1	AC020658.1	chr15	40312352	40313289	2	2	2
ENSG00000259198.1	AC020658.2	chr15	40312615	40316634	2	2	2
ENSG00000259330.3	INAFM2	chr15	40323692	40326715	2	2	2
ENSG00000188549.12	CCDC9B	chr15	40331452	40340967	2	2	2
ENSG00000252714.1	RNA5SP392	chr15	40331537	40331648	2	2	2
ENSG00000233041.8	PHGR1	chr15	40351033	40356434	2	2	2
ENSG00000140323.6	DISP2	chr15	40358219	40378621	2	2	2
ENSG00000259368.1	AC013356.4	chr15	40368925	40369640	2	2	2
ENSG00000128944.13	KNSTRN	chr15	40382721	40394246	2	2	2
ENSG00000128928.10	IVD	chr15	40405485	40435947	2	2	2
ENSG00000140320.12	BAHD1	chr15	40439721	40468236	2	2	2
ENSG00000259364.1	AC013356.3	chr15	40453444	40454639	2	2	2
ENSG00000259211.1	AC013356.2	chr15	40464193	40466726	2	2	2
ENSG00000169105.8	CHST14	chr15	40470984	40473158	2	2	2
ENSG00000244251.1	AC013356.1	chr15	40480752	40481315	2	2	2
ENSG00000259536.5	AC091045.1	chr15	40488041	40558019	2	2	2
ENSG00000128891.16	CCDC32	chr15	40528683	40565057	2	2	2
ENSG00000223313.1	RNU6-516P	chr15	40529570	40529673	2	2	2
ENSG00000166133.18	RPUSD2	chr15	40569299	40574949	2	2	2
ENSG00000203573.4	Metazoa_SRP	chr15	40585454	40585751	2	2	2
ENSG00000137812.20	KNL1	chr15	40594020	40664342	2	2	2
ENSG00000265814.2	RN7SL376P	chr15	40615665	40615928	2	2	2
ENSG00000259254.1	AC022405.1	chr15	40642933	40646857	2	2	2
ENSG00000245849.8	RAD51-AS1	chr15	40686183	40695107	2	2	2
ENSG00000051180.17	RAD51	chr15	40694774	40732340	2	2	2
ENSG00000137824.16	RMDN3	chr15	40735884	40755851	2	2	2
ENSG00000271236.1	SUMO2P15	chr15	40760597	40760874	2	2	2
ENSG00000137880.6	GCHFR	chr15	40764068	40767708	2	2	2
ENSG00000104129.10	DNAJC17	chr15	40765161	40807478	2	2	2
ENSG00000188277.10	C15orf62	chr15	40769980	40772449	2	2	2
ENSG00000166140.17	ZFYVE19	chr15	40807086	40815084	2	2	2
ENSG00000166143.10	PPP1R14D	chr15	40815451	40828709	2	2	2
ENSG00000261183.5	SPINT1-AS1	chr15	40835808	40844387	2	2	2
ENSG00000166145.14	SPINT1	chr15	40844018	40858207	2	2	2
ENSG00000104140.7	RHOV	chr15	40872214	40874234	2	2	2
ENSG00000274798.1	AC025166.1	chr15	40874433	40874595	2	2	2
ENSG00000104142.11	VPS18	chr15	40894450	40903975	2	2	2
ENSG00000251161.4	AC020661.1	chr15	40906811	40910337	2	2	2
ENSG00000128917.8	DLL4	chr15	40929340	40939073	2	2	2
ENSG00000259405.1	ISCA1P4	chr15	40948736	40948869	2	2	2
ENSG00000128965.13	CHAC1	chr15	40952962	40956512	2	2	2
ENSG00000128908.17	INO80	chr15	40978880	41116280	2	2	2
ENSG00000259617.1	AC020661.3	chr15	40999274	41004865	2	2	2
ENSG00000259463.1	AC020661.2	chr15	41011597	41013300	2	2	2
ENSG00000259521.1	INO80-AS1	chr15	41016807	41027893	2	2	2
ENSG00000280036.1	AC020661.4	chr15	41016990	41018843	2	2	2
ENSG00000259547.1	CYCSP2	chr15	41108878	41109178	2	2	2
ENSG00000283133.1	AC021753.1	chr15	41157175	41157342	2	2	2
ENSG00000157021.9	CIBAR1P1	chr15	41163162	41164374	2	2	2
ENSG00000178997.11	EXD1	chr15	41182725	41230743	2	2	2
ENSG00000240847.3	RN7SL497P	chr15	41191965	41192265	2	2	2
ENSG00000187446.12	CHP1	chr15	41230839	41281887	2	2	2
ENSG00000247556.6	OIP5-AS1	chr15	41283990	41309737	2	2	2
ENSG00000285920.2	AC087721.2	chr15	41284007	41380996	2	2	2
ENSG00000104147.9	OIP5	chr15	41309273	41332591	2	2	2
ENSG00000137804.14	NUSAP1	chr15	41320794	41381050	2	2	2
ENSG00000259396.1	AC087721.1	chr15	41343080	41344225	2	2	2
ENSG00000137806.10	NDUFAF1	chr15	41387218	41409403	2	2	2
ENSG00000137815.14	RTF1	chr15	41408408	41483563	2	2	2
ENSG00000200407.1	RNU6-1169P	chr15	41448742	41448844	2	2	2
ENSG00000137825.11	ITPKA	chr15	41493393	41503551	2	2	2
ENSG00000062524.16	LTK	chr15	41503637	41513887	2	2	2
ENSG00000103932.12	RPAP1	chr15	41517176	41544269	2	2	2
ENSG00000259838.1	ELOCP2	chr15	41557027	41557435	2	2	2
ENSG00000092445.12	TYRO3	chr15	41557675	41583589	2	2	2
ENSG00000260926.3	AC016134.1	chr15	41609457	41630908	2	2	2
ENSG00000174197.16	MGA	chr15	41621224	41773081	2	2	2
ENSG00000207766.1	MIR626	chr15	41691585	41691678	2	2	2
ENSG00000270702.1	AC073657.2	chr15	41718370	41718672	2	2	2
ENSG00000260814.2	AC073657.1	chr15	41770756	41772732	2	2	2
ENSG00000137802.14	MAPKBP1	chr15	41774434	41827855	2	2	2
ENSG00000250379.1	AC020659.2	chr15	41825099	41827936	2	2	2
ENSG00000243789.11	JMJD7	chr15	41828092	41837581	2	2	2
ENSG00000168970.22	JMJD7-PLA2G4B	chr15	41828095	41848155	2	2	2
ENSG00000243708.10	PLA2G4B	chr15	41837775	41848147	2	2	2
ENSG00000137877.10	SPTBN5	chr15	41848146	41894053	2	2	2
ENSG00000200293.1	RNA5SP393	chr15	41851913	41852029	2	2	2
ENSG00000264850.1	MIR4310	chr15	41866495	41866551	2	2	2
ENSG00000174171.6	AC020659.1	chr15	41892777	41899528	2	2	2
ENSG00000103966.11	EHD4	chr15	41895933	41972557	2	2	2
ENSG00000278493.1	AC039056.2	chr15	41908204	41908714	2	2	2
ENSG00000259883.2	EHD4-AS1	chr15	41921417	41929286	2	2	2
ENSG00000246740.2	PLA2G4E-AS1	chr15	41972763	41999094	2	2	2
ENSG00000188089.13	PLA2G4E	chr15	41981582	42051190	2	2	2
ENSG00000257797.1	AC039056.1	chr15	42006132	42010117	2	2	2
ENSG00000159337.7	PLA2G4D	chr15	42067009	42094562	2	2	2
ENSG00000168907.13	PLA2G4F	chr15	42139034	42156636	2	2	2
ENSG00000166887.16	VPS39	chr15	42158701	42208307	2	2	2
ENSG00000207712.1	MIR627	chr15	42199570	42199666	2	2	2
ENSG00000261002.5	AC036103.1	chr15	42208413	42226990	2	2	2
ENSG00000103978.16	TMEM87A	chr15	42210447	42273584	2	2	2
ENSG00000214013.9	GANC	chr15	42273233	42356935	2	2	2
ENSG00000260571.1	BNIP3P5	chr15	42313687	42314386	2	2	2
ENSG00000258461.5	AC012651.1	chr15	42348103	42412317	2	2	2
ENSG00000092529.25	CAPN3	chr15	42359498	42412949	2	2	2
ENSG00000103994.18	ZNF106	chr15	42412823	42491141	2	2	2
ENSG00000201077.1	RNU6-188P	chr15	42427591	42427697	2	2	2
ENSG00000092531.10	SNAP23	chr15	42491233	42545356	2	2	2
ENSG00000261684.2	AC018362.1	chr15	42497394	42532840	2	2	2
ENSG00000285942.1	AC018362.3	chr15	42497395	42548786	2	2	2
ENSG00000180979.10	LRRC57	chr15	42537820	42548802	2	2	2
ENSG00000137814.12	HAUS2	chr15	42548828	42569994	2	2	2
ENSG00000261822.1	AC018362.2	chr15	42567031	42569994	2	2	2
ENSG00000260490.2	MYL12BP1	chr15	42571927	42572433	2	2	2
ENSG00000159433.12	STARD9	chr15	42575606	42720998	2	2	2
ENSG00000260282.1	EIF4EBP2P2	chr15	42581156	42581488	2	2	2
ENSG00000140326.13	CDAN1	chr15	42723544	42737128	2	2	2
ENSG00000278769.1	AC090510.3	chr15	42724102	42724922	2	2	2
ENSG00000274403.1	AC090510.2	chr15	42726583	42727211	2	2	2
ENSG00000128881.17	TTBK2	chr15	42738730	42920809	2	2	2
ENSG00000246283.2	AC090510.1	chr15	42739118	42743202	2	2	2
ENSG00000286877.1	AC090510.4	chr15	42749081	42749936	2	2	2
ENSG00000260799.1	KRT8P50	chr15	42800968	42802405	2	2	2
ENSG00000254793.1	FDPSP4	chr15	42939310	42940358	2	2	2
ENSG00000159459.12	UBR1	chr15	42942897	43106113	2	2	2
ENSG00000285080.1	AC068724.3	chr15	43106225	43185779	2	2	2
ENSG00000281269.1	AC068724.2	chr15	43109928	43110018	2	2	2
ENSG00000205871.5	RPS3AP47	chr15	43115702	43116493	2	2	2
ENSG00000137842.7	TMEM62	chr15	43123279	43185144	2	2	2
ENSG00000260928.2	SPCS2P1	chr15	43131008	43131686	2	2	2
ENSG00000285117.1	AC068724.4	chr15	43179793	43206481	2	2	2
ENSG00000261687.1	AC068724.1	chr15	43184079	43185141	2	2	2
ENSG00000166946.14	CCNDBP1	chr15	43185118	43197177	2	2	2
ENSG00000166947.15	EPB42	chr15	43197227	43221018	2	2	2
ENSG00000104055.16	TGM5	chr15	43232590	43266928	2	2	2
ENSG00000202211.1	Y_RNA	chr15	43247680	43247781	2	2	2
ENSG00000261679.2	ATP5PDP1	chr15	43267904	43268388	2	2	2
ENSG00000159495.8	TGM7	chr15	43276271	43302255	2	2	2
ENSG00000260406.1	AC009852.1	chr15	43302096	43302772	2	2	2
ENSG00000168806.8	LCMT2	chr15	43323649	43330582	2	2	2
ENSG00000168803.16	ADAL	chr15	43330672	43354569	2	2	2
ENSG00000140265.12	ZSCAN29	chr15	43358172	43371025	2	2	2
ENSG00000137822.13	TUBGCP4	chr15	43369221	43409771	2	2	2
ENSG00000243871.3	RN7SL487P	chr15	43391384	43391727	2	2	2
ENSG00000067369.14	TP53BP1	chr15	43403061	43510728	2	2	2
ENSG00000166963.13	MAP1A	chr15	43510958	43531620	2	2	2
ENSG00000168781.22	PPIP5K1	chr15	43533462	43590253	2	2	2
ENSG00000237289.10	CKMT1B	chr15	43593054	43604901	2	2	2
ENSG00000242866.10	STRC	chr15	43599563	43618800	2	2	2
ENSG00000222398.1	RNU6-554P	chr15	43602543	43602648	2	2	2
ENSG00000284772.1	AC011330.3	chr15	43614208	43632283	2	2	2
ENSG00000166762.19	CATSPER2	chr15	43628503	43668118	2	2	2
ENSG00000206991.1	RNU6-610P	chr15	43637632	43637738	2	2	2
ENSG00000275601.1	AC011330.2	chr15	43642389	43643023	2	2	2
ENSG00000224677.1	PDIA3P2	chr15	43649123	43649280	2	2	2
ENSG00000249839.1	AC011330.1	chr15	43663654	43684339	2	2	2
ENSG00000223572.10	CKMT1A	chr15	43692886	43699222	2	2	2
ENSG00000166763.8	STRCP1	chr15	43699441	43718260	2	2	2
ENSG00000201136.1	RNU6-353P	chr15	43702363	43702470	2	2	2
ENSG00000205771.6	CATSPER2P1	chr15	43726918	43747094	2	2	2
ENSG00000206589.1	RNU6-354P	chr15	43734179	43734285	2	2	2
ENSG00000167004.13	PDIA3	chr15	43746410	43773278	2	2	2
ENSG00000128886.12	ELL3	chr15	43772605	43777315	2	2	2
ENSG00000262560.1	AC018512.1	chr15	43772617	43799133	2	2	2
ENSG00000140264.21	SERF2	chr15	43777087	43804427	2	2	2
ENSG00000221792.1	MIR1282	chr15	43793659	43793759	2	2	2
ENSG00000184716.13	SERINC4	chr15	43794162	43800221	2	2	2
ENSG00000242028.8	HYPK	chr15	43796142	43804427	2	2	2
ENSG00000140259.7	MFAP1	chr15	43804492	43824690	2	2	2
ENSG00000092470.12	WDR76	chr15	43826980	43868412	2	2	2
ENSG00000200391.1	Y_RNA	chr15	43863893	43864005	2	2	2
ENSG00000171877.21	FRMD5	chr15	43870761	44195271	2	2	2
ENSG00000227973.1	PIN4P1	chr15	43875849	43876244	2	2	2
ENSG00000185607.5	ACTBP7	chr15	43989061	43990184	2	2	2
ENSG00000224055.1	GAPDHP55	chr15	44063511	44064313	2	2	2
ENSG00000166734.20	GOLM2	chr15	44288719	44415758	2	2	2
ENSG00000250130.1	GAPDHP43	chr15	44354691	44355692	2	2	2
ENSG00000259499.1	AC090519.1	chr15	44387320	44390451	2	2	2
ENSG00000259595.1	AC025043.1	chr15	44402685	44427144	2	2	2
ENSG00000137770.14	CTDSPL2	chr15	44427622	44529038	2	2	2
ENSG00000259335.1	HNRNPMP1	chr15	44447577	44449344	2	2	2
ENSG00000259563.1	AC025430.1	chr15	44516650	44517483	2	2	2
ENSG00000179523.5	EIF3J-DT	chr15	44527257	44537046	2	2	2
ENSG00000104131.13	EIF3J	chr15	44537125	44563029	2	2	2
ENSG00000259659.1	AC009996.1	chr15	44557829	44559188	2	2	2
ENSG00000104133.15	SPG11	chr15	44562696	44663678	2	2	2
ENSG00000229474.7	PATL2	chr15	44665732	44711316	2	2	2
ENSG00000206957.2	Y_RNA	chr15	44697333	44697430	2	2	2
ENSG00000166710.21	B2M	chr15	44711487	44718851	2	2	2
ENSG00000185880.13	TRIM69	chr15	44728988	44767829	2	2	2
ENSG00000276121.1	AC122108.2	chr15	44778196	44778721	2	2	2
ENSG00000259479.6	SORD2P	chr15	44825747	44884694	2	2	2
ENSG00000259187.1	AC122108.1	chr15	44826540	44827094	2	2	2
ENSG00000238845.1	Y_RNA	chr15	44843612	44843724	2	2	2
ENSG00000212424.1	RNU1-119P	chr15	44884616	44884780	2	2	2
ENSG00000259742.1	AC090888.3	chr15	44914802	44930622	2	2	2
ENSG00000259231.2	AC090888.1	chr15	44919376	44920820	2	2	2
ENSG00000252117.1	RNU6-1108P	chr15	44927600	44927703	2	2	2
ENSG00000167014.11	TERB2	chr15	44956687	44979229	2	2	2
ENSG00000252475.1	RNU6-1332P	chr15	44962830	44962933	2	2	2
ENSG00000259304.1	AC090888.2	chr15	44970035	44971178	2	2	2
ENSG00000252288.1	RNU6-966P	chr15	44973558	44973661	2	2	2
ENSG00000212550.1	RNU1-78P	chr15	45002864	45003028	2	2	2
ENSG00000140263.15	SORD	chr15	45023147	45077185	2	2	2
ENSG00000259418.1	AC091117.2	chr15	45041716	45058707	2	2	2
ENSG00000252171.1	Y_RNA	chr15	45047103	45047215	2	2	2
ENSG00000259352.1	AC091117.1	chr15	45073492	45074048	2	2	2
ENSG00000140279.13	DUOX2	chr15	45092650	45114172	2	2	2
ENSG00000140274.14	DUOXA2	chr15	45114326	45118421	2	2	2
ENSG00000140254.12	DUOXA1	chr15	45117367	45129938	2	2	2
ENSG00000137857.17	DUOX1	chr15	45129933	45165576	2	2	2
ENSG00000259539.1	AC051619.5	chr15	45152664	45167526	2	2	2
ENSG00000138606.19	SHF	chr15	45167214	45201175	2	2	2
ENSG00000259519.1	AC051619.3	chr15	45170344	45199958	2	2	2
ENSG00000259932.1	AC051619.6	chr15	45198517	45199139	2	2	2
ENSG00000260035.1	AC051619.7	chr15	45200325	45200632	2	2	2
ENSG00000279014.1	AC051619.9	chr15	45214448	45215044	2	2	2
ENSG00000261709.3	AC051619.8	chr15	45214906	45215033	2	2	2
ENSG00000259338.1	H3P39	chr15	45215547	45215943	2	2	2
ENSG00000259520.6	AC051619.4	chr15	45235930	45279251	2	2	2
ENSG00000137860.12	SLC28A2	chr15	45252234	45277846	2	2	2
ENSG00000285597.1	AC051619.10	chr15	45279423	45280474	2	2	2
ENSG00000235390.4	AC051619.1	chr15	45321077	45321692	2	2	2
ENSG00000259433.2	AC051619.2	chr15	45330209	45332634	2	2	2
ENSG00000238941.1	RNU6-953P	chr15	45354779	45354885	2	2	2
ENSG00000171766.17	GATM	chr15	45361124	45402327	2	2	2
ENSG00000275672.1	AC025580.3	chr15	45378700	45380123	2	2	2
ENSG00000171763.20	SPATA5L1	chr15	45402336	45421415	2	2	2
ENSG00000166920.13	C15orf48	chr15	45430579	45448761	2	2	2
ENSG00000259342.1	AC025580.1	chr15	45430652	45441808	2	2	2
ENSG00000284386.1	MIR147B	chr15	45433050	45433129	2	2	2
ENSG00000259354.5	AC025580.2	chr15	45448427	45513767	2	2	2
ENSG00000104154.7	SLC30A4	chr15	45479606	45522755	2	2	2
ENSG00000179362.14	HMGN2P46	chr15	45511136	45586290	2	2	2
ENSG00000207516.1	SNORA41B	chr15	45537250	45537377	2	2	2
ENSG00000259681.1	AC090527.1	chr15	45558598	45562877	2	2	2
ENSG00000259427.2	DPPA5P2	chr15	45566776	45567074	2	2	2
ENSG00000275709.1	AC090527.3	chr15	45585757	45586304	2	2	2
ENSG00000104164.12	BLOC1S6	chr15	45587214	45615945	2	2	2
ENSG00000260170.1	AC090527.2	chr15	45587351	45676314	2	2	2
ENSG00000200419.1	Y_RNA	chr15	45591984	45592085	2	2	2
ENSG00000137767.14	SQOR	chr15	45631148	45691281	2	2	2
ENSG00000273972.1	AC068722.2	chr15	45702640	45703183	2	2	2
ENSG00000259200.2	AC068722.1	chr15	45705078	45931069	2	2	2
ENSG00000259743.2	AC068714.1	chr15	46099193	46100392	2	2	2
ENSG00000287020.1	AC091074.3	chr15	46317393	46351753	2	2	2
ENSG00000259593.1	MTND5P40	chr15	46341354	46341599	2	2	2
ENSG00000238819.1	AC091074.1	chr15	46351662	46351746	2	2	2
ENSG00000285934.1	AC091074.2	chr15	46365836	46381043	2	2	2
ENSG00000287704.1	AC012405.1	chr15	46410309	46661103	2	2	2
ENSG00000238456.1	RNU6-1014P	chr15	46660658	46660760	2	2	2
ENSG00000259255.1	AC073941.1	chr15	46693288	46804844	2	2	2
ENSG00000223308.1	RN7SKP101	chr15	46720193	46720512	2	2	2
ENSG00000259509.2	AC073941.2	chr15	46827526	46827958	2	2	2
ENSG00000284540.1	AC066615.1	chr15	47133495	47134122	2	2	2
ENSG00000137872.17	SEMA6D	chr15	47184101	47774228	2	2	2
ENSG00000222343.1	RN7SKP139	chr15	47272597	47272889	2	2	2
ENSG00000259554.1	AC084882.1	chr15	47274183	47275164	2	2	2
ENSG00000259221.5	AC023905.1	chr15	47359430	47396732	2	2	2
ENSG00000259360.1	AC009558.1	chr15	47397501	47399554	2	2	2
ENSG00000259740.1	AC009558.2	chr15	47525169	47527756	2	2	2
ENSG00000259588.1	AC012050.1	chr15	47603880	47606352	2	2	2
ENSG00000213862.4	AC044787.1	chr15	47730144	47730935	2	2	2
ENSG00000259572.7	LINC01491	chr15	47774219	47846266	2	2	2
ENSG00000259754.2	AC092078.2	chr15	47812729	48050507	2	2	2
ENSG00000259730.1	AC092078.1	chr15	47944044	47949509	2	2	2
ENSG00000287439.1	AC092078.3	chr15	47956521	47988044	2	2	2
ENSG00000188467.11	SLC24A5	chr15	48120990	48142672	2	2	2
ENSG00000104177.18	MYEF2	chr15	48134632	48178353	2	2	2
ENSG00000233932.6	CTXN2	chr15	48178122	48203758	2	2	2
ENSG00000074803.20	SLC12A1	chr15	48178438	48304078	2	2	2
ENSG00000259235.2	AC066612.1	chr15	48187121	48191691	2	2	2
ENSG00000259385.1	AC066612.2	chr15	48192191	48201684	2	2	2
ENSG00000259488.2	AC023355.1	chr15	48312353	48331856	2	2	2
ENSG00000202542.1	Y_RNA	chr15	48325558	48325671	2	2	2
ENSG00000128951.14	DUT	chr15	48331011	48343373	2	2	2
ENSG00000166147.14	FBN1	chr15	48408313	48645721	2	2	2
ENSG00000286947.1	AC022467.2	chr15	48524308	48526051	2	2	2
ENSG00000274654.1	AC022467.1	chr15	48528980	48529728	2	2	2
ENSG00000259705.1	AC084757.3	chr15	48645951	48652016	2	2	2
ENSG00000273925.1	AC084757.4	chr15	48662531	48663056	2	2	2
ENSG00000103995.14	CEP152	chr15	48712928	48811146	2	2	2
ENSG00000259216.2	AC084757.1	chr15	48725338	48725827	2	2	2
ENSG00000259469.1	AC084757.2	chr15	48729080	48729844	2	2	2
ENSG00000259670.1	AC012379.1	chr15	48783190	48784121	2	2	2
ENSG00000259700.3	AC012379.2	chr15	48810701	48811909	2	2	2
ENSG00000185634.12	SHC4	chr15	48823741	48963919	2	2	2
ENSG00000255302.5	EID1	chr15	48878134	48880173	2	2	2
ENSG00000259602.1	AC091073.1	chr15	48938236	48948031	2	2	2
ENSG00000259500.1	KRT8P24	chr15	48971803	48973361	2	2	2
ENSG00000138593.9	SECISBP2L	chr15	48988476	49046447	2	2	2
ENSG00000207105.1	Y_RNA	chr15	48995912	48996022	2	2	2
ENSG00000265942.2	RN7SL577P	chr15	49042341	49042643	2	2	2
ENSG00000259656.1	AC013452.2	chr15	49101791	49103264	2	2	2
ENSG00000166200.15	COPS2	chr15	49106068	49155661	2	2	2
ENSG00000200120.1	Y_RNA	chr15	49137762	49137863	2	2	2
ENSG00000156958.15	GALK2	chr15	49155656	49367869	2	2	2
ENSG00000259467.1	NDUFAF4P1	chr15	49156329	49156847	2	2	2
ENSG00000264210.1	MIR4716	chr15	49169070	49169153	2	2	2
ENSG00000259545.2	AC013452.1	chr15	49177610	49178741	2	2	2
ENSG00000243338.3	RN7SL307P	chr15	49198900	49199194	2	2	2
ENSG00000166262.16	FAM227B	chr15	49326962	49620929	2	2	2
ENSG00000275580.1	AC022306.2	chr15	49343608	49344254	2	2	2
ENSG00000276593.1	AC022306.3	chr15	49353485	49354034	2	2	2
ENSG00000259531.2	AC022306.1	chr15	49365124	49366685	2	2	2
ENSG00000140285.12	FGF7	chr15	49423237	49488775	2	2	2
ENSG00000104047.15	DTWD1	chr15	49621037	49656232	2	2	2
ENSG00000259388.1	AC025040.2	chr15	49794246	49796097	2	2	2
ENSG00000104043.15	ATP8B4	chr15	49858238	50182817	2	2	2
ENSG00000259188.6	AC025040.1	chr15	49877299	49883525	2	2	2
ENSG00000201086.1	RNA5SP394	chr15	49982443	49982561	2	2	2
ENSG00000140284.11	SLC27A2	chr15	50182196	50236385	2	2	2
ENSG00000200605.1	Y_RNA	chr15	50221888	50221996	2	2	2
ENSG00000140287.11	HDC	chr15	50241947	50265965	2	2	2
ENSG00000241175.3	RN7SL494P	chr15	50244628	50244931	2	2	2
ENSG00000104064.18	GABPB1	chr15	50275389	50355408	2	2	2
ENSG00000271819.1	RNU6-94P	chr15	50347423	50347529	2	2	2
ENSG00000285410.1	GABPB1-IT1	chr15	50348936	50354861	2	2	2
ENSG00000244879.8	GABPB1-AS1	chr15	50354959	50372202	2	2	2
ENSG00000259715.1	AC022087.1	chr15	50359450	50360194	2	2	2
ENSG00000284284.1	MIR4712	chr15	50360329	50360410	2	2	2
ENSG00000259465.2	AHCYP7	chr15	50417385	50418692	2	2	2
ENSG00000138592.14	USP8	chr15	50424380	50514421	2	2	2
ENSG00000252376.1	RNA5SP395	chr15	50463381	50463498	2	2	2
ENSG00000242737.1	AC012170.1	chr15	50466738	50467096	2	2	2
ENSG00000170236.16	USP50	chr15	50494018	50546708	2	2	2
ENSG00000092439.16	TRPM7	chr15	50552473	50686797	2	2	2
ENSG00000259684.1	AC084756.1	chr15	50557601	50560500	2	2	2
ENSG00000288645.1	AC084756.2	chr15	50648802	50686717	2	2	2
ENSG00000243027.3	RN7SL354P	chr15	50688900	50689193	2	2	2
ENSG00000138600.10	SPPL2A	chr15	50702266	50765709	2	2	2
ENSG00000279665.1	AC012100.3	chr15	50742702	50743276	2	2	2
ENSG00000259773.1	AC012100.2	chr15	50746709	50749829	2	2	2
ENSG00000241130.1	AC012100.1	chr15	50798670	50798951	2	2	2
ENSG00000273674.5	AC021752.1	chr15	50839875	50908603	2	2	2
ENSG00000081014.11	AP4E1	chr15	50908672	51005895	2	2	2
ENSG00000259378.1	DCAF13P3	chr15	50944663	50945996	2	2	2
ENSG00000259240.1	MIR4713HG	chr15	51037488	51293912	2	2	2
ENSG00000183578.8	TNFAIP8L3	chr15	51056598	51105276	2	2	2
ENSG00000259204.1	AC073964.1	chr15	51064609	51069586	2	2	2
ENSG00000137869.15	CYP19A1	chr15	51208057	51338601	2	2	2
ENSG00000266593.1	MIR4713	chr15	51242190	51242264	2	2	2
ENSG00000259701.1	AC020891.3	chr15	51278927	51280015	2	2	2
ENSG00000283614.1	MIR7973-2	chr15	51314032	51314107	2	2	2
ENSG00000278098.1	MIR7973-1	chr15	51314034	51314109	2	2	2
ENSG00000259306.2	AC020891.2	chr15	51315841	51321996	2	2	2
ENSG00000186417.14	GLDN	chr15	51341655	51408005	2	2	2
ENSG00000270378.1	AC020891.4	chr15	51351100	51351192	2	2	2
ENSG00000259194.1	AC020891.1	chr15	51367377	51369110	2	2	2
ENSG00000259678.1	AC066613.2	chr15	51414097	51498833	2	2	2
ENSG00000104093.14	DMXL2	chr15	51447711	51622833	2	2	2
ENSG00000259668.6	AC066613.1	chr15	51455268	51460582	2	2	2
ENSG00000104112.9	SCG3	chr15	51681492	51721026	2	2	2
ENSG00000259241.1	AC020892.1	chr15	51693216	51695765	2	2	2
ENSG00000259296.1	AC020892.2	chr15	51707995	51715220	2	2	2
ENSG00000140280.14	LYSMD2	chr15	51723011	51751585	2	2	2
ENSG00000128872.10	TMOD2	chr15	51751597	51816363	2	2	2
ENSG00000259377.1	AC026770.1	chr15	51752485	51756475	2	2	2
ENSG00000138594.14	TMOD3	chr15	51829628	51947295	2	2	2
ENSG00000274954.1	AC090971.5	chr15	51833134	51833426	2	2	2
ENSG00000277677.1	Metazoa_SRP	chr15	51858070	51858352	2	2	2
ENSG00000259632.2	AC090971.4	chr15	51859185	51861293	2	2	2
ENSG00000207484.1	Y_RNA	chr15	51884556	51884653	2	2	2
ENSG00000259201.1	AC090971.2	chr15	51887560	51901123	2	2	2
ENSG00000272337.1	RNU6-90P	chr15	51907200	51907305	2	2	2
ENSG00000259185.1	AC090971.1	chr15	51908902	51909642	2	2	2
ENSG00000259556.2	AC090971.3	chr15	51919073	51930627	2	2	2
ENSG00000166477.13	LEO1	chr15	51938025	51971778	2	2	2
ENSG00000069956.12	MAPK6	chr15	51952106	52067375	2	2	2
ENSG00000259438.1	MAPK6-DT	chr15	52010999	52019095	2	2	2
ENSG00000274528.1	AC090970.2	chr15	52017167	52018032	2	2	2
ENSG00000259398.1	AC090970.1	chr15	52033707	52035625	2	2	2
ENSG00000259712.1	AC023906.5	chr15	52056675	52100523	2	2	2
ENSG00000259178.1	AC023906.2	chr15	52082302	52086574	2	2	2
ENSG00000242327.1	AC023906.1	chr15	52095295	52095747	2	2	2
ENSG00000137875.4	BCL2L10	chr15	52109263	52112775	2	2	2
ENSG00000069966.19	GNB5	chr15	52115100	52191392	2	2	2
ENSG00000259327.1	AC023906.3	chr15	52116574	52122131	2	2	2
ENSG00000259709.1	AC023906.4	chr15	52124561	52140246	2	2	2
ENSG00000206995.1	Y_RNA	chr15	52162751	52162852	2	2	2
ENSG00000259577.2	CERNA1	chr15	52179999	52206915	2	2	2
ENSG00000128833.13	MYO5C	chr15	52192322	52295804	2	2	2
ENSG00000221052.3	MIR1266	chr15	52277117	52277200	2	2	2
ENSG00000197535.15	MYO5A	chr15	52307283	52529050	2	2	2
ENSG00000231169.4	EEF1B2P1	chr15	52505191	52505862	2	2	2
ENSG00000128989.11	ARPP19	chr15	52547045	52569883	2	2	2
ENSG00000260618.1	AC025917.1	chr15	52577842	52598709	2	2	2
ENSG00000047346.12	FAM214A	chr15	52581317	52709817	2	2	2
ENSG00000259935.1	AC009754.1	chr15	52648634	52649866	2	2	2
ENSG00000287500.1	AC009754.2	chr15	52679474	52690077	2	2	2
ENSG00000169856.9	ONECUT1	chr15	52755053	52791078	2	2	2
ENSG00000259203.2	AC016044.1	chr15	52800168	52805972	2	2	2
ENSG00000214896.4	RPSAP55	chr15	52885595	52886470	2	2	2
ENSG00000259612.1	EEF1A1P22	chr15	52937139	52938518	2	2	2
ENSG00000259237.1	LINC02490	chr15	53116365	53129698	2	2	2
ENSG00000287596.1	AC066614.1	chr15	53419865	53453487	2	2	2
ENSG00000166415.15	WDR72	chr15	53513741	53762878	2	2	2
ENSG00000252066.1	RNU2-53P	chr15	53651977	53652123	2	2	2
ENSG00000206641.1	RNU6-449P	chr15	53764204	53764310	2	2	2
ENSG00000259301.2	AC084759.1	chr15	53837271	53837560	2	2	2
ENSG00000280362.1	AC084759.3	chr15	53910769	53914712	2	2	2
ENSG00000259669.6	AC084759.2	chr15	53946709	53984010	2	2	2
ENSG00000137766.17	UNC13C	chr15	53978201	54633414	2	2	2
ENSG00000259619.2	AC010867.1	chr15	54048588	54050876	2	2	2
ENSG00000259550.2	HNRNPA1P74	chr15	54320731	54321565	2	2	2
ENSG00000260937.6	AC025272.1	chr15	55056723	55092177	2	2	2
ENSG00000279145.2	AC011912.1	chr15	55171378	55176739	2	2	2
ENSG00000137876.11	RSL24D1	chr15	55180806	55197049	2	2	2
ENSG00000069974.16	RAB27A	chr15	55202966	55319113	2	2	2
ENSG00000276533.1	AC018926.2	chr15	55288849	55289346	2	2	2
ENSG00000225973.4	PIGBOS1	chr15	55317184	55319161	2	2	2
ENSG00000069943.10	PIGB	chr15	55318960	55355648	2	2	2
ENSG00000260916.7	CCPG1	chr15	55340032	55408510	2	2	2
ENSG00000274765.1	AC018926.1	chr15	55343141	55343575	2	2	2
ENSG00000277548.1	AC018926.3	chr15	55346347	55346752	2	2	2
ENSG00000261771.5	DNAAF4-CCPG1	chr15	55355248	55498360	2	2	2
ENSG00000283891.1	MIR628	chr15	55372940	55373034	2	2	2
ENSG00000261652.3	C15orf65	chr15	55408495	55418798	2	2	2
ENSG00000256061.7	DNAAF4	chr15	55410525	55508234	2	2	2
ENSG00000260036.1	AC013355.1	chr15	55442635	55443357	2	2	2
ENSG00000171016.13	PYGO1	chr15	55538884	55588947	2	2	2
ENSG00000285805.1	AC012378.2	chr15	55588666	55589811	2	2	2
ENSG00000166450.13	PRTG	chr15	55611544	55743152	2	2	2
ENSG00000259180.1	AC012378.1	chr15	55680385	55681463	2	2	2
ENSG00000259369.1	AC009997.1	chr15	55746639	55746767	2	2	2
ENSG00000069869.16	NEDD4	chr15	55826922	55993746	2	2	2
ENSG00000230183.4	CNOT6LP1	chr15	56005715	56007176	2	2	2
ENSG00000239703.3	RN7SL568P	chr15	56029684	56029981	2	2	2
ENSG00000261333.2	CD24P2	chr15	56071421	56071639	2	2	2
ENSG00000181827.15	RFX7	chr15	56087280	56245082	2	2	2
ENSG00000261072.2	AC084783.1	chr15	56192353	56193262	2	2	2
ENSG00000151575.14	TEX9	chr15	56244009	56445997	2	2	2
ENSG00000275417.1	AC068726.1	chr15	56248787	56249127	2	2	2
ENSG00000199784.1	RNU6-1287P	chr15	56274530	56274636	2	2	2
ENSG00000261174.2	HMGB1P33	chr15	56323193	56323719	2	2	2
ENSG00000259941.1	AC084782.1	chr15	56394321	56396785	2	2	2
ENSG00000261823.1	AC084782.2	chr15	56408483	56410186	2	2	2
ENSG00000138587.6	MNS1	chr15	56421544	56465137	2	2	2
ENSG00000277245.1	AC084782.3	chr15	56447120	56447697	2	2	2
ENSG00000260392.6	AC090518.1	chr15	56542952	56629592	2	2	2
ENSG00000137871.20	ZNF280D	chr15	56630181	56734086	2	2	2
ENSG00000276696.1	Y_RNA	chr15	56634038	56634167	2	2	2
ENSG00000285253.1	AC090517.4	chr15	56652488	56918571	2	2	2
ENSG00000274667.1	AC090517.2	chr15	56729932	56730611	2	2	2
ENSG00000279683.1	AC090517.3	chr15	56795382	56795522	2	2	2
ENSG00000285331.2	AC090517.5	chr15	56795460	56918499	2	2	2
ENSG00000225625.4	AC090517.1	chr15	56846340	56846605	2	2	2
ENSG00000276524.1	AC010999.2	chr15	56887107	56888219	2	2	2
ENSG00000275343.1	AC010999.1	chr15	56908312	56908635	2	2	2
ENSG00000140262.18	TCF12	chr15	56918623	57299281	2	2	2
ENSG00000260689.2	HNRNPA3P11	chr15	57246960	57247893	2	2	2
ENSG00000239035.1	SNORD13D	chr15	57278570	57278673	2	2	2
ENSG00000247982.6	LINC00926	chr15	57300365	57307769	2	2	2
ENSG00000260172.2	LINC01413	chr15	57319138	57325039	2	2	2
ENSG00000260870.1	NDUFB10P1	chr15	57325472	57326447	2	2	2
ENSG00000128849.11	CGNL1	chr15	57375967	57550717	2	2	2
ENSG00000252984.1	RNU6-844P	chr15	57405074	57405175	2	2	2
ENSG00000261489.1	AC025271.3	chr15	57477484	57478329	2	2	2
ENSG00000261265.1	AC025271.2	chr15	57527187	57529009	2	2	2
ENSG00000276772.1	AC025271.4	chr15	57553955	57555680	2	2	2
ENSG00000240874.1	AC025271.1	chr15	57555951	57556379	2	2	2
ENSG00000263155.6	MYZAP	chr15	57591904	57685364	2	2	2
ENSG00000137878.17	GCOM1	chr15	57591908	57714745	2	2	2
ENSG00000255529.9	POLR2M	chr15	57706695	57782762	2	2	2
ENSG00000261219.1	AC090651.1	chr15	57720295	57720928	2	2	2
ENSG00000128918.15	ALDH1A2	chr15	57953424	58497866	2	2	2
ENSG00000259477.1	AC012653.1	chr15	57979716	57980646	2	2	2
ENSG00000274719.1	AC012653.2	chr15	57990217	57990636	2	2	2
ENSG00000259285.1	AC025431.1	chr15	58065225	58071043	2	2	2
ENSG00000103569.10	AQP9	chr15	58138169	58185911	2	2	2
ENSG00000259651.2	MTCO3P23	chr15	58150275	58150563	2	2	2
ENSG00000259626.2	MTND3P12	chr15	58150635	58150962	2	2	2
ENSG00000259600.2	AC066616.2	chr15	58151033	58152513	2	2	2
ENSG00000259379.1	MTND5P32	chr15	58152606	58154407	2	2	2
ENSG00000259671.1	MTCYBP23	chr15	58154960	58156061	2	2	2
ENSG00000240934.2	AC066616.1	chr15	58200606	58201018	2	2	2
ENSG00000166035.11	LIPC	chr15	58410569	58569844	2	2	2
ENSG00000259293.1	LIPC-AS1	chr15	58434890	58498735	2	2	2
ENSG00000277229.1	AC084781.1	chr15	58454327	58454982	2	2	2
ENSG00000277790.1	AC084781.2	chr15	58456188	58456348	2	2	2
ENSG00000259476.1	AC018904.2	chr15	58521311	58523371	2	2	2
ENSG00000259250.1	AC018904.1	chr15	58587507	58591676	2	2	2
ENSG00000137845.15	ADAM10	chr15	58588809	58749791	2	2	2
ENSG00000270986.1	HMGB1P51	chr15	58672296	58672933	2	2	2
ENSG00000182625.3	AC091046.1	chr15	58686411	58686617	2	2	2
ENSG00000282100.1	HSP90AB4P	chr15	58691106	58693125	2	2	2
ENSG00000199730.1	RN7SKP95	chr15	58703852	58704154	2	2	2
ENSG00000278513.1	AC091046.2	chr15	58732188	58733149	2	2	2
ENSG00000286897.1	AC090515.6	chr15	58749923	58761004	2	2	2
ENSG00000259173.2	AC090515.3	chr15	58755625	58756247	2	2	2
ENSG00000200318.2	SNORD3P1	chr15	58760466	58760681	2	2	2
ENSG00000245975.2	AC090515.2	chr15	58768072	58770974	2	2	2
ENSG00000128923.11	MINDY2	chr15	58771192	58861900	2	2	2
ENSG00000259402.1	AC090515.5	chr15	58815272	58817728	2	2	2
ENSG00000259353.1	AC090515.4	chr15	58856831	58865063	2	2	2
ENSG00000259738.1	ZNF444P1	chr15	58865006	58865303	2	2	2
ENSG00000157450.16	RNF111	chr15	58865175	59097419	2	2	2
ENSG00000242747.1	AC090515.1	chr15	58869659	58870134	2	2	2
ENSG00000137776.17	SLTM	chr15	58879050	58933679	2	2	2
ENSG00000225798.1	AC025918.1	chr15	58889967	58894082	2	2	2
ENSG00000259393.2	AC025918.2	chr15	58967046	58967808	2	2	2
ENSG00000241640.2	AC092757.1	chr15	59049399	59050385	2	2	2
ENSG00000157456.8	CCNB2	chr15	59105126	59125045	2	2	2
ENSG00000277144.1	AC092757.3	chr15	59115547	59116089	2	2	2
ENSG00000259732.1	AC092757.2	chr15	59121034	59133250	2	2	2
ENSG00000157483.9	MYO1E	chr15	59132434	59372871	2	2	2
ENSG00000253030.1	MIR2116	chr15	59171183	59171262	2	2	2
ENSG00000171989.6	LDHAL6B	chr15	59206843	59208588	2	2	2
ENSG00000200070.1	RNU4-80P	chr15	59212648	59212788	2	2	2
ENSG00000259771.1	AC092756.1	chr15	59266720	59271162	2	2	2
ENSG00000199512.1	RNU6-212P	chr15	59341314	59341417	2	2	2
ENSG00000259735.1	AC092868.2	chr15	59348648	59359889	2	2	2
ENSG00000157470.12	FAM81A	chr15	59372693	59523555	2	2	2
ENSG00000259750.1	NSA2P4	chr15	59401221	59402004	2	2	2
ENSG00000259674.1	AC092868.1	chr15	59406963	59408154	2	2	2
ENSG00000200252.1	Y_RNA	chr15	59408905	59409015	2	2	2
ENSG00000243780.1	AC092754.2	chr15	59525422	59525881	2	2	2
ENSG00000240238.1	AC092754.1	chr15	59552615	59553093	2	2	2
ENSG00000201704.1	RNA5SP396	chr15	59574103	59574222	2	2	2
ENSG00000140297.13	GCNT3	chr15	59594875	59640239	2	2	2
ENSG00000140307.11	GTF2A2	chr15	59638062	59657541	2	2	2
ENSG00000227161.1	AC092755.1	chr15	59644298	59672302	2	2	2
ENSG00000140299.13	BNIP2	chr15	59659146	59689534	2	2	2
ENSG00000259657.1	PIGHP1	chr15	59676757	59677321	2	2	2
ENSG00000259238.1	AC092755.2	chr15	59688517	59689418	2	2	2
ENSG00000234797.5	RPS3AP6	chr15	59768352	59769146	2	2	2
ENSG00000286495.1	AC092079.2	chr15	59801347	59814749	2	2	2
ENSG00000259601.2	AC092079.1	chr15	59871511	59873495	2	2	2
ENSG00000259573.1	NMNAT1P5	chr15	59964942	59966084	2	2	2
ENSG00000171956.7	FOXB1	chr15	60004234	60061730	2	2	2
ENSG00000259558.1	MESTP2	chr15	60053204	60054092	2	2	2
ENSG00000259223.2	AC009654.1	chr15	60073554	60118320	2	2	2
ENSG00000287915.1	AC037433.1	chr15	60215537	60223272	2	2	2
ENSG00000182718.18	ANXA2	chr15	60347134	60402883	2	2	2
ENSG00000240163.1	AC087385.1	chr15	60390371	60390682	2	2	2
ENSG00000242667.1	AC087385.2	chr15	60404463	60404960	2	2	2
ENSG00000273721.1	AC087385.3	chr15	60409234	60409420	2	2	2
ENSG00000128915.12	ICE2	chr15	60419609	60479160	2	2	2
ENSG00000245534.7	RORA-AS1	chr15	60479152	60630637	2	2	2
ENSG00000069667.16	RORA	chr15	60488284	61229302	2	2	2
ENSG00000259274.1	AC107241.1	chr15	60529973	60545159	2	2	2
ENSG00000259513.1	CYCSP38	chr15	60558080	60558401	2	2	2
ENSG00000273958.1	AC009560.1	chr15	60593027	60593460	2	2	2
ENSG00000286457.1	AC009560.3	chr15	60634503	60640915	2	2	2
ENSG00000287508.1	AC009560.4	chr15	60642054	60659791	2	2	2
ENSG00000277413.1	AC009560.2	chr15	60677109	60677272	2	2	2
ENSG00000259482.2	RORA-AS2	chr15	60681564	60687248	2	2	2
ENSG00000212625.1	RNA5SP397	chr15	60736769	60736886	2	2	2
ENSG00000259591.2	AC022898.1	chr15	60763593	60765625	2	2	2
ENSG00000273792.1	AC022898.2	chr15	60847757	60849068	2	2	2
ENSG00000259481.1	AC012404.1	chr15	61181249	61195938	2	2	2
ENSG00000259575.1	AC012404.2	chr15	61211913	61214231	2	2	2
ENSG00000276473.1	AC107905.1	chr15	61239906	61240331	2	2	2
ENSG00000259616.2	AC104574.2	chr15	61298791	61635449	2	2	2
ENSG00000259530.1	AC104574.1	chr15	61598514	61605241	2	2	2
ENSG00000259675.2	AC018618.1	chr15	61638928	61715171	2	2	2
ENSG00000271195.1	AC018618.2	chr15	61674767	61675212	2	2	2
ENSG00000259284.2	LINC02349	chr15	61729765	61731389	2	2	2
ENSG00000259564.2	AC009554.1	chr15	61834682	61935738	2	2	2
ENSG00000129003.19	VPS13C	chr15	61852389	62060473	2	2	2
ENSG00000285863.1	AC009554.2	chr15	61861109	61894164	2	2	2
ENSG00000259251.2	AC104590.1	chr15	62060503	62062434	2	2	2
ENSG00000198535.5	C2CD4A	chr15	62066977	62070917	2	2	2
ENSG00000259466.1	NPM1P47	chr15	62082450	62083305	2	2	2
ENSG00000205502.4	C2CD4B	chr15	62163535	62165285	2	2	2
ENSG00000259697.2	AC126323.2	chr15	62196066	62222911	2	2	2
ENSG00000166104.15	AC126323.1	chr15	62227896	62253235	2	2	2
ENSG00000259878.1	AC126323.3	chr15	62230384	62231895	2	2	2
ENSG00000276713.1	Metazoa_SRP	chr15	62244330	62244595	2	2	2
ENSG00000260062.3	GOLGA2P11	chr15	62253730	62270680	2	2	2
ENSG00000260375.1	AC126323.4	chr15	62255686	62256421	2	2	2
ENSG00000261296.1	AC126323.6	chr15	62274163	62278365	2	2	2
ENSG00000260957.1	AC126323.5	chr15	62284190	62285006	2	2	2
ENSG00000277919.1	MIR8067	chr15	62304658	62304734	2	2	2
ENSG00000275451.1	MIR6085	chr15	62343029	62343138	2	2	2
ENSG00000259557.2	HMGN1P26	chr15	62362029	62362331	2	2	2
ENSG00000274340.1	AC032011.1	chr15	62387327	62388875	2	2	2
ENSG00000171914.16	TLN2	chr15	62390526	62844631	2	2	2
ENSG00000259458.1	MGC15885	chr15	62637172	62645291	2	2	2
ENSG00000259756.1	AC100839.1	chr15	62682916	62690448	2	2	2
ENSG00000211137.1	MIR190A	chr15	62823957	62824041	2	2	2
ENSG00000259370.2	AC103740.1	chr15	62827675	62884034	2	2	2
ENSG00000259727.1	AC103740.2	chr15	62895812	62899543	2	2	2
ENSG00000259394.2	AC079328.1	chr15	62953173	62954124	2	2	2
ENSG00000140416.23	TPM1	chr15	63042632	63071915	2	2	2
ENSG00000259498.1	TPM1-AS	chr15	63046034	63049387	2	2	2
ENSG00000259627.1	AC079328.2	chr15	63070025	63071911	2	2	2
ENSG00000259672.3	AC087612.1	chr15	63091085	63110589	2	2	2
ENSG00000103642.12	LACTB	chr15	63121833	63142061	2	2	2
ENSG00000185088.14	RPS27L	chr15	63125872	63158021	2	2	2
ENSG00000166128.13	RAB8B	chr15	63189560	63267776	2	2	2
ENSG00000138613.14	APH1B	chr15	63276018	63309126	2	2	2
ENSG00000074410.14	CA12	chr15	63321378	63381846	2	2	2
ENSG00000259459.6	LINC02568	chr15	63390136	63438320	2	2	2
ENSG00000259268.2	AC007950.1	chr15	63456294	63469356	2	2	2
ENSG00000276651.1	AC007950.2	chr15	63500737	63503083	2	2	2
ENSG00000140455.17	USP3	chr15	63504511	63594640	2	2	2
ENSG00000259248.7	USP3-AS1	chr15	63544247	63601589	2	2	2
ENSG00000197361.8	FBXL22	chr15	63597353	63602428	2	2	2
ENSG00000103657.14	HERC1	chr15	63608618	63833948	2	2	2
ENSG00000259589.2	AC073167.1	chr15	63675146	63713758	2	2	2
ENSG00000199156.1	MIR422A	chr15	63870930	63871019	2	2	2
ENSG00000275785.1	AC015914.2	chr15	63890030	63890317	2	2	2
ENSG00000035664.11	DAPK2	chr15	63907036	64072033	2	2	2
ENSG00000259351.1	AC015914.1	chr15	63928274	63935953	2	2	2
ENSG00000166797.11	CIAO2A	chr15	64072565	64093857	2	2	2
ENSG00000028528.15	SNX1	chr15	64094123	64146090	2	2	2
ENSG00000201071.1	Y_RNA	chr15	64111458	64111569	2	2	2
ENSG00000157734.14	SNX22	chr15	64151715	64157481	2	2	2
ENSG00000166794.5	PPIB	chr15	64155817	64163022	2	2	2
ENSG00000169118.18	CSNK1G1	chr15	64165525	64356173	2	2	2
ENSG00000259316.12	AC087632.2	chr15	64181180	64381440	2	2	2
ENSG00000252774.1	AC087632.1	chr15	64342539	64342698	2	2	2
ENSG00000166803.14	PCLAF	chr15	64364304	64387687	2	2	2
ENSG00000103671.10	TRIP4	chr15	64387748	64455303	2	2	2
ENSG00000206781.1	Y_RNA	chr15	64445130	64445243	2	2	2
ENSG00000180357.9	ZNF609	chr15	64460742	64686068	2	2	2
ENSG00000259682.1	AC091231.1	chr15	64470253	64471364	2	2	2
ENSG00000248415.1	GAPDHP61	chr15	64528667	64529671	2	2	2
ENSG00000243403.1	AC090543.2	chr15	64592979	64593326	2	2	2
ENSG00000239465.1	AC090543.1	chr15	64631109	64631914	2	2	2
ENSG00000207223.1	Y_RNA	chr15	64652888	64652989	2	2	2
ENSG00000207162.1	RNU6-549P	chr15	64671263	64671369	2	2	2
ENSG00000180304.14	OAZ2	chr15	64687573	64703281	2	2	2
ENSG00000265967.1	AC100830.3	chr15	64695041	64695594	2	2	2
ENSG00000264937.1	AC100830.2	chr15	64696622	64696861	2	2	2
ENSG00000259635.1	AC100830.1	chr15	64701248	64719602	2	2	2
ENSG00000166831.9	RBPMS2	chr15	64739891	64775589	2	2	2
ENSG00000221033.1	MIR1272	chr15	64762387	64762515	2	2	2
ENSG00000140451.13	PIF1	chr15	64815632	64825668	2	2	2
ENSG00000241839.10	PLEKHO2	chr15	64841883	64868002	2	2	2
ENSG00000249240.2	AC069368.1	chr15	64841883	64930920	2	2	2
ENSG00000287494.1	AC069368.2	chr15	64878428	64882385	2	2	2
ENSG00000166839.17	ANKDD1A	chr15	64911902	64958691	2	2	2
ENSG00000275332.1	AC103691.2	chr15	64943240	64943672	2	2	2
ENSG00000274383.1	AC103691.1	chr15	64950916	64951435	2	2	2
ENSG00000090487.11	SPG21	chr15	64963022	64990310	2	2	2
ENSG00000103707.10	MTFMT	chr15	65001512	65029639	2	2	2
ENSG00000270218.1	AC013553.2	chr15	65026088	65026676	2	2	2
ENSG00000186198.4	SLC51B	chr15	65045387	65053397	2	2	2
ENSG00000277351.1	AC013553.3	chr15	65049188	65049802	2	2	2
ENSG00000103710.11	RASL12	chr15	65053337	65076690	2	2	2
ENSG00000234438.5	KBTBD13	chr15	65076746	65079948	2	2	2
ENSG00000278737.1	AC013553.4	chr15	65083042	65083663	2	2	2
ENSG00000246922.9	UBAP1L	chr15	65092760	65115200	2	2	2
ENSG00000259258.1	AC013553.1	chr15	65105534	65105800	2	2	2
ENSG00000090470.15	PDCD7	chr15	65117379	65133808	2	2	2
ENSG00000166855.9	CLPX	chr15	65148219	65185342	2	2	2
ENSG00000138615.6	CILP	chr15	65194760	65211473	2	2	2
ENSG00000279268.1	AC068213.1	chr15	65226472	65226697	2	2	2
ENSG00000201709.1	RNU6-686P	chr15	65229861	65229967	2	2	2
ENSG00000138617.16	PARP16	chr15	65234460	65300618	2	2	2
ENSG00000206903.1	SNORA24B	chr15	65285461	65285591	2	2	2
ENSG00000199568.1	RNU5A-1	chr15	65296051	65296166	2	2	2
ENSG00000259346.2	AC105129.2	chr15	65301922	65302311	2	2	2
ENSG00000200156.1	RNU5B-1	chr15	65304677	65304792	2	2	2
ENSG00000174498.14	IGDCC3	chr15	65327127	65378002	2	2	2
ENSG00000103742.12	IGDCC4	chr15	65381484	65422947	2	2	2
ENSG00000074603.19	DPP8	chr15	65442463	65517704	2	2	2
ENSG00000270690.1	AC105129.3	chr15	65458574	65459534	2	2	2
ENSG00000259232.2	AC105129.1	chr15	65475318	65475614	2	2	2
ENSG00000252217.1	Y_RNA	chr15	65502741	65502836	2	2	2
ENSG00000074696.13	HACD3	chr15	65530418	65578349	2	2	2
ENSG00000207449.1	RNU6-19P	chr15	65553081	65553187	2	2	2
ENSG00000138614.15	INTS14	chr15	65578753	65611289	2	2	2
ENSG00000074621.14	SLC24A1	chr15	65611366	65660995	2	2	2
ENSG00000275638.1	AC011939.3	chr15	65655620	65656085	2	2	2
ENSG00000174485.16	DENND4A	chr15	65658046	65792293	2	2	2
ENSG00000238311.1	SNORD13E	chr15	65696833	65696936	2	2	2
ENSG00000264737.1	MIR4511	chr15	65719246	65719332	2	2	2
ENSG00000103769.10	RAB11A	chr15	65726054	65891989	2	2	2
ENSG00000261544.1	AC011939.2	chr15	65766460	65767398	2	2	2
ENSG00000259924.1	AC011939.1	chr15	65771176	65772139	2	2	2
ENSG00000249271.2	HNRNPA1P44	chr15	65816302	65817481	2	2	2
ENSG00000283249.1	U6	chr15	65843484	65843558	2	2	2
ENSG00000157890.17	MEGF11	chr15	65895079	66253747	2	2	2
ENSG00000263512.1	MIR4311	chr15	66040233	66040332	2	2	2
ENSG00000261318.1	AC055855.2	chr15	66278498	66293357	2	2	2
ENSG00000166938.13	DIS3L	chr15	66293217	66333898	2	2	2
ENSG00000260773.1	AC055855.1	chr15	66314914	66331703	2	2	2
ENSG00000075131.10	TIPIN	chr15	66336191	66386746	2	2	2
ENSG00000252712.1	SCARNA14	chr15	66347207	66347342	2	2	2
ENSG00000223271.1	Y_RNA	chr15	66348276	66348375	2	2	2
ENSG00000240821.1	RPL9P25	chr15	66379337	66379915	2	2	2
ENSG00000169032.10	MAP2K1	chr15	66386837	66491544	2	2	2
ENSG00000261102.2	ATP5MFP6	chr15	66414933	66415198	2	2	2
ENSG00000243404.2	RPL35AP32	chr15	66446455	66446777	2	2	2
ENSG00000261351.2	AC116913.1	chr15	66488658	66492109	2	2	2
ENSG00000174446.13	SNAPC5	chr15	66490135	66497780	2	2	2
ENSG00000266589.1	MIR4512	chr15	66496958	66497034	2	2	2
ENSG00000174444.15	RPL4	chr15	66498015	66524532	2	2	2
ENSG00000199574.1	SNORD18C	chr15	66501250	66501318	2	2	2
ENSG00000280554.1	AC116913.2	chr15	66502019	66502089	2	2	2
ENSG00000202529.1	SNORD18B	chr15	66502020	66502091	2	2	2
ENSG00000199673.1	SNORD16	chr15	66502812	66502910	2	2	2
ENSG00000200623.1	SNORD18A	chr15	66503243	66503314	2	2	2
ENSG00000174442.12	ZWILCH	chr15	66504959	66550130	2	2	2
ENSG00000188501.11	LCTL	chr15	66547179	66565979	2	2	2
ENSG00000259471.1	LINC01169	chr15	66582190	66685794	2	2	2
ENSG00000137834.15	SMAD6	chr15	66702236	66782849	2	2	2
ENSG00000274995.1	AC013564.1	chr15	66740445	66741151	2	2	2
ENSG00000270490.1	AC110048.1	chr15	66808404	66810560	2	2	2
ENSG00000277152.1	AC110048.2	chr15	66860303	66867023	2	2	2
ENSG00000259437.1	AC093334.1	chr15	66919811	66931755	2	2	2
ENSG00000259289.2	LINC02206	chr15	66931537	66956518	2	2	2
ENSG00000259347.7	AC087482.1	chr15	66984103	67065268	2	2	2
ENSG00000259246.4	HMGN2P47	chr15	67000814	67001085	2	2	2
ENSG00000166949.16	SMAD3	chr15	67063763	67195169	2	2	2
ENSG00000259202.1	AC012568.1	chr15	67142734	67146939	2	2	2
ENSG00000103591.13	AAGAB	chr15	67200667	67255195	2	2	2
ENSG00000242634.1	RPS24P16	chr15	67232446	67232837	2	2	2
ENSG00000103599.20	IQCH	chr15	67254786	67502260	2	2	2
ENSG00000259673.6	IQCH-AS1	chr15	67290636	67521844	2	2	2
ENSG00000189227.6	C15orf61	chr15	67521131	67530146	2	2	2
ENSG00000270964.1	AC016355.1	chr15	67541072	67542604	2	2	2
ENSG00000137764.20	MAP2K5	chr15	67542703	67807117	2	2	2
ENSG00000259512.3	HNRNPA1P5	chr15	67627852	67629135	2	2	2
ENSG00000188779.12	SKOR1	chr15	67819704	67834582	2	2	2
ENSG00000259410.5	AC009292.2	chr15	67832725	67873866	2	2	2
ENSG00000245719.1	AC009292.1	chr15	67834310	67838879	2	2	2
ENSG00000206625.1	RNU6-1	chr15	67839939	67840045	2	2	2
ENSG00000261702.2	AC022254.1	chr15	67974391	67974625	2	2	2
ENSG00000260109.1	AC135628.1	chr15	67985059	67986288	2	2	2
ENSG00000033800.14	PIAS1	chr15	68054309	68198603	2	2	2
ENSG00000260007.3	AC107871.1	chr15	68184032	68229718	2	2	2
ENSG00000129007.14	CALML4	chr15	68190705	68206110	2	2	2
ENSG00000128973.13	CLN6	chr15	68206992	68257211	2	2	2
ENSG00000260602.2	HMGN2P40	chr15	68254549	68254939	2	2	2
ENSG00000260657.2	AC107871.2	chr15	68267792	68277994	2	2	2
ENSG00000169018.6	FEM1B	chr15	68277745	68295862	2	2	2
ENSG00000137809.17	ITGA11	chr15	68296532	68432163	2	2	2
ENSG00000286770.1	AC100825.1	chr15	68483202	68487149	2	2	2
ENSG00000103647.13	CORO2B	chr15	68578993	68727806	2	2	2
ENSG00000271232.1	CARS1P1	chr15	68749501	68750691	2	2	2
ENSG00000140350.15	ANP32A	chr15	68778535	68820897	2	2	2
ENSG00000265195.1	MIR4312	chr15	68801850	68801925	2	2	2
ENSG00000258484.4	SPESP1	chr15	68818221	68946811	2	2	2
ENSG00000259286.3	AC087639.1	chr15	68833830	68834749	2	2	2
ENSG00000285919.1	AC087639.2	chr15	68880663	68928941	2	2	2
ENSG00000137808.12	AC027088.1	chr15	68930504	69028889	2	2	2
ENSG00000255346.10	NOX5	chr15	68930525	69062762	2	2	2
ENSG00000288068.1	AC027088.5	chr15	68985795	68998679	2	2	2
ENSG00000273851.1	AC027088.4	chr15	69022230	69024176	2	2	2
ENSG00000259265.1	AC027088.3	chr15	69037549	69043565	2	2	2
ENSG00000212766.9	EWSAT1	chr15	69072926	69095820	2	2	2
ENSG00000259222.2	AC027088.2	chr15	69080879	69099987	2	2	2
ENSG00000138604.10	GLCE	chr15	69160584	69272217	2	2	2
ENSG00000261634.4	AC026992.2	chr15	69278328	69298795	2	2	2
ENSG00000259504.2	AC026992.1	chr15	69278675	69295322	2	2	2
ENSG00000137819.14	PAQR5	chr15	69298912	69407780	2	2	2
ENSG00000259645.1	AC027237.4	chr15	69391192	69392149	2	2	2
ENSG00000259426.6	AC027237.3	chr15	69396904	69415029	2	2	2
ENSG00000207395.1	Y_RNA	chr15	69406441	69406552	2	2	2
ENSG00000137807.16	KIF23	chr15	69414246	69448427	2	2	2
ENSG00000259191.2	AC027237.1	chr15	69434466	69435120	2	2	2
ENSG00000137818.12	RPLP1	chr15	69452814	69456205	2	2	2
ENSG00000207119.2	U3	chr15	69457941	69458149	2	2	2
ENSG00000259215.1	AC027237.2	chr15	69458522	69461806	2	2	2
ENSG00000245750.10	DRAIC	chr15	69462921	69843120	2	2	2
ENSG00000259457.1	AC100826.1	chr15	69564724	69565790	2	2	2
ENSG00000259496.2	GEMIN8P1	chr15	69803316	69804046	2	2	2
ENSG00000259309.2	AC021818.1	chr15	69820756	69835111	2	2	2
ENSG00000140332.17	TLE3	chr15	70047790	70098176	2	2	2
ENSG00000207965.1	MIR629	chr15	70079372	70079468	2	2	2
ENSG00000200216.2	RNU6-745P	chr15	70193236	70193341	2	2	2
ENSG00000259252.1	AC026583.1	chr15	70195638	70198509	2	2	2
ENSG00000259503.1	AC048383.1	chr15	70321576	70326742	2	2	2
ENSG00000259473.1	LINC02205	chr15	70503907	70505928	2	2	2
ENSG00000287741.1	AC009434.1	chr15	70556521	70562722	2	2	2
ENSG00000280639.1	LINC02204	chr15	70570958	70586606	2	2	2
ENSG00000259227.2	AC087699.1	chr15	70602124	70602516	2	2	2
ENSG00000281264.1	SALRNA3	chr15	70615547	70616567	2	2	2
ENSG00000280515.1	SALRNA2	chr15	70635249	70637314	2	2	2
ENSG00000137831.15	UACA	chr15	70654554	70763558	2	2	2
ENSG00000259532.1	AC009269.2	chr15	70748932	70754177	2	2	2
ENSG00000274297.1	AC009269.5	chr15	70758269	70758856	2	2	2
ENSG00000259624.1	AC009269.3	chr15	70768011	70778868	2	2	2
ENSG00000259452.2	AC009269.1	chr15	70791013	70791486	2	2	2
ENSG00000235420.7	RPL29P30	chr15	70796597	70802688	2	2	2
ENSG00000166173.11	LARP6	chr15	70829130	70854157	2	2	2
ENSG00000259744.1	AC009269.4	chr15	70848883	70849770	2	2	2
ENSG00000137821.12	LRRC49	chr15	70853239	71053658	2	2	2
ENSG00000259470.2	KRT8P9	chr15	70858714	70860162	2	2	2
ENSG00000129028.9	THAP10	chr15	70881342	70892433	2	2	2
ENSG00000242276.2	RPL5P3	chr15	71063101	71063989	2	2	2
ENSG00000187720.14	THSD4	chr15	71096952	71783383	2	2	2
ENSG00000225362.10	CT62	chr15	71110244	71115494	2	2	2
ENSG00000259964.7	THSD4-AS1	chr15	71147650	71189064	2	2	2
ENSG00000259781.1	HMGB1P6	chr15	71164770	71165415	2	2	2
ENSG00000260586.2	AC064799.2	chr15	71332120	71352460	2	2	2
ENSG00000212664.5	AC064799.1	chr15	71341158	71341712	2	2	2
ENSG00000278408.1	AC108861.1	chr15	71547280	71549832	2	2	2
ENSG00000278570.5	NR2E3	chr15	71792638	71818259	2	2	2
ENSG00000260037.5	AC104938.1	chr15	71818396	71823384	2	2	2
ENSG00000066933.16	MYO9A	chr15	71822291	72118577	2	2	2
ENSG00000200873.1	RNA5SP399	chr15	71858570	71858686	2	2	2
ENSG00000261632.1	AC022872.1	chr15	71972206	72040265	2	2	2
ENSG00000260576.1	EIF5A2P1	chr15	72041194	72041653	2	2	2
ENSG00000222094.1	RNU2-65P	chr15	72045183	72045367	2	2	2
ENSG00000166192.15	SENP8	chr15	72114258	72143692	2	2	2
ENSG00000243568.2	AC020779.1	chr15	72134641	72135436	2	2	2
ENSG00000260173.1	AC020779.2	chr15	72140504	72155459	2	2	2
ENSG00000175318.12	GRAMD2A	chr15	72159806	72197787	2	2	2
ENSG00000067225.18	PKM	chr15	72199029	72231822	2	2	2
ENSG00000137817.17	PARP6	chr15	72241181	72272999	2	2	2
ENSG00000273025.1	AC009690.3	chr15	72266746	72319946	2	2	2
ENSG00000261460.1	AC009690.2	chr15	72278867	72351794	2	2	2
ENSG00000140488.16	CELF6	chr15	72284727	72320157	2	2	2
ENSG00000260729.1	AC009690.1	chr15	72284727	72375981	2	2	2
ENSG00000213614.10	HEXA	chr15	72340924	72376420	2	2	2
ENSG00000260339.1	HEXA-AS1	chr15	72376113	72378788	2	2	2
ENSG00000243007.1	RPL12P35	chr15	72379215	72379710	2	2	2
ENSG00000187806.9	TMEM202	chr15	72398302	72408367	2	2	2
ENSG00000261423.1	TMEM202-AS1	chr15	72407778	72475168	2	2	2
ENSG00000271072.1	PHBP20	chr15	72450657	72451474	2	2	2
ENSG00000261187.1	AC079322.1	chr15	72465128	72466262	2	2	2
ENSG00000166233.15	ARIH1	chr15	72474330	72602987	2	2	2
ENSG00000283798.1	MIR630	chr15	72587217	72587313	2	2	2
ENSG00000260534.1	AC100827.3	chr15	72589691	72591845	2	2	2
ENSG00000278313.1	AC100827.5	chr15	72604399	72605008	2	2	2
ENSG00000260144.1	AC100827.2	chr15	72605183	72612326	2	2	2
ENSG00000259783.6	LINC02259	chr15	72608481	72636962	2	2	2
ENSG00000260672.1	AC100827.4	chr15	72615810	72618250	2	2	2
ENSG00000259909.1	AC100827.1	chr15	72638821	72640125	2	2	2
ENSG00000215186.6	GOLGA6B	chr15	72654738	72666394	2	2	2
ENSG00000274350.1	RN7SL853P	chr15	72664577	72664799	2	2	2
ENSG00000175202.6	HIGD2B	chr15	72675798	72686182	2	2	2
ENSG00000261281.1	AC009712.1	chr15	72682266	72682904	2	2	2
ENSG00000140463.14	BBS4	chr15	72686179	72738475	2	2	2
ENSG00000159322.17	ADPGK	chr15	72751369	72785846	2	2	2
ENSG00000260898.6	ADPGK-AS1	chr15	72782835	72798199	2	2	2
ENSG00000285729.1	AC103874.1	chr15	72858354	72887128	2	2	2
ENSG00000259259.1	NPM1P42	chr15	72899399	72900260	2	2	2
ENSG00000067141.17	NEO1	chr15	73051710	73305205	2	2	2
ENSG00000259691.2	FKBP1AP2	chr15	73143236	73143518	2	2	2
ENSG00000259440.2	NPM1P43	chr15	73161779	73162928	2	2	2
ENSG00000259528.1	AC068397.1	chr15	73255334	73256109	2	2	2
ENSG00000138622.4	HCN4	chr15	73319859	73368958	2	2	2
ENSG00000259650.1	AC068397.2	chr15	73335260	73342387	2	2	2
ENSG00000183324.11	REC114	chr15	73443164	73560013	2	2	2
ENSG00000259186.1	MRPS15P1	chr15	73483196	73483943	2	2	2
ENSG00000156642.17	NPTN	chr15	73560014	73634134	2	2	2
ENSG00000281183.1	NPTN-IT1	chr15	73567012	73569294	2	2	2
ENSG00000103855.18	CD276	chr15	73683966	73714514	2	2	2
ENSG00000276807.1	AC022188.1	chr15	73730048	73731711	2	2	2
ENSG00000205363.6	INSYN1	chr15	73735431	73752747	2	2	2
ENSG00000260469.3	INSYN1-AS1	chr15	73752317	73770613	2	2	2
ENSG00000260624.2	AC018943.1	chr15	73870949	73873540	2	2	2
ENSG00000167139.9	TBC1D21	chr15	73873564	73889214	2	2	2
ENSG00000261801.6	LOXL1-AS1	chr15	73908071	73928248	2	2	2
ENSG00000129038.16	LOXL1	chr15	73925989	73952137	2	2	2
ENSG00000067221.14	STOML1	chr15	73978926	73994622	2	2	2
ENSG00000140464.20	PML	chr15	73994673	74047827	2	2	2
ENSG00000287543.1	AC013486.1	chr15	74040190	74043332	2	2	2
ENSG00000260096.1	DNM1P33	chr15	74062780	74063785	2	2	2
ENSG00000159289.6	GOLGA6A	chr15	74069857	74082550	2	2	2
ENSG00000278604.1	RN7SL429P	chr15	74072454	74072676	2	2	2
ENSG00000214702.6	COMMD4P2	chr15	74097106	74098414	2	2	2
ENSG00000167178.16	ISLR2	chr15	74100311	74138540	2	2	2
ENSG00000248540.3	AC010931.1	chr15	74125915	74129341	2	2	2
ENSG00000261543.1	AC010931.2	chr15	74152800	74179226	2	2	2
ENSG00000278348.1	Metazoa_SRP	chr15	74162340	74162620	2	2	2
ENSG00000129009.13	ISLR	chr15	74173710	74176872	2	2	2
ENSG00000137868.19	STRA6	chr15	74179466	74212267	2	2	2
ENSG00000140481.15	CCDC33	chr15	74202705	74336472	2	2	2
ENSG00000280309.1	AC023300.3	chr15	74299503	74304527	2	2	2
ENSG00000261384.1	AC023300.1	chr15	74303005	74304343	2	2	2
ENSG00000277749.1	AC023300.2	chr15	74311516	74319688	2	2	2
ENSG00000140459.18	CYP11A1	chr15	74337759	74367646	2	2	2
ENSG00000260266.1	PPIAP46	chr15	74350768	74364620	2	2	2
ENSG00000261821.2	AC090826.1	chr15	74365435	74371211	2	2	2
ENSG00000274937.1	AC090826.2	chr15	74374678	74375511	2	2	2
ENSG00000277718.1	LINC02255	chr15	74379083	74390535	2	2	2
ENSG00000138623.10	SEMA7A	chr15	74409289	74433958	2	2	2
ENSG00000277391.1	MIR6881	chr15	74411357	74411432	2	2	2
ENSG00000286696.1	AC090826.3	chr15	74429445	74431449	2	2	2
ENSG00000138629.16	UBL7	chr15	74445977	74461182	2	2	2
ENSG00000247240.8	UBL7-AS1	chr15	74461265	74513636	2	2	2
ENSG00000260103.2	AC012435.2	chr15	74478070	74490286	2	2	2
ENSG00000261775.1	AC012435.3	chr15	74489602	74516959	2	2	2
ENSG00000212279.2	AC012435.1	chr15	74490959	74491028	2	2	2
ENSG00000179361.18	ARID3B	chr15	74541206	74598131	2	2	2
ENSG00000179335.18	CLK3	chr15	74598500	74645414	2	2	2
ENSG00000275527.1	AC100835.2	chr15	74598919	74599397	2	2	2
ENSG00000260919.1	AC100835.1	chr15	74613194	74615596	2	2	2
ENSG00000179151.13	EDC3	chr15	74630558	74696292	2	2	2
ENSG00000140465.14	CYP1A1	chr15	74719542	74725536	2	2	2
ENSG00000140505.7	CYP1A2	chr15	74748845	74756607	2	2	2
ENSG00000103653.16	CSK	chr15	74782057	74803198	2	2	2
ENSG00000264386.1	MIR4513	chr15	74788672	74788757	2	2	2
ENSG00000140506.17	LMAN1L	chr15	74812716	74825757	2	2	2
ENSG00000261606.5	AC091230.1	chr15	74816223	74831795	2	2	2
ENSG00000213578.6	CPLX3	chr15	74826627	74831802	2	2	2
ENSG00000140474.14	ULK3	chr15	74836118	74843346	2	2	2
ENSG00000275411.1	MIR6882	chr15	74840642	74840707	2	2	2
ENSG00000140497.16	SCAMP2	chr15	74843730	74873365	2	2	2
ENSG00000178802.18	MPI	chr15	74890005	74902219	2	2	2
ENSG00000178761.15	FAM219B	chr15	74899992	74906883	2	2	2
ENSG00000178741.12	COX5A	chr15	74919791	74938083	2	2	2
ENSG00000178718.7	RPP25	chr15	74954418	74956772	2	2	2
ENSG00000198794.12	SCAMP5	chr15	74957219	75021495	2	2	2
ENSG00000261813.2	AC015720.2	chr15	74976240	74976573	2	2	2
ENSG00000199580.1	Y_RNA	chr15	74983274	74983376	2	2	2
ENSG00000260483.2	AC015720.1	chr15	75022980	75023256	2	2	2
ENSG00000138621.12	PPCDC	chr15	75023586	75117462	2	2	2
ENSG00000260152.2	AC113208.2	chr15	75114261	75114868	2	2	2
ENSG00000203411.3	Metazoa_SRP	chr15	75120265	75120562	2	2	2
ENSG00000252722.1	AC113208.1	chr15	75121536	75121666	2	2	2
ENSG00000240366.1	RPL36AP45	chr15	75186651	75186968	2	2	2
ENSG00000167173.19	C15orf39	chr15	75195643	75212169	2	2	2
ENSG00000261779.1	AC113208.4	chr15	75211301	75212167	2	2	2
ENSG00000287926.1	AC113208.5	chr15	75225784	75227185	2	2	2
ENSG00000260660.4	AC113208.3	chr15	75226401	75234834	2	2	2
ENSG00000260104.1	AC068338.1	chr15	75249232	75249407	2	2	2
ENSG00000261205.2	NIFKP4	chr15	75251743	75252934	2	2	2
ENSG00000167195.7	GOLGA6C	chr15	75258599	75270199	2	2	2
ENSG00000277295.1	RN7SL489P	chr15	75268430	75268652	2	2	2
ENSG00000140478.15	GOLGA6D	chr15	75282835	75295807	2	2	2
ENSG00000275992.1	RN7SL327P	chr15	75292706	75292928	2	2	2
ENSG00000260357.1	DNM1P34	chr15	75299953	75302965	2	2	2
ENSG00000259790.1	ANP32BP1	chr15	75321397	75322693	2	2	2
ENSG00000140365.16	COMMD4	chr15	75336020	75343224	2	2	2
ENSG00000275645.1	AC068338.3	chr15	75346744	75347161	2	2	2
ENSG00000140398.14	NEIL1	chr15	75346955	75357115	2	2	2
ENSG00000284343.1	MIR631	chr15	75353611	75353685	2	2	2
ENSG00000140400.17	MAN2C1	chr15	75355207	75368612	2	2	2
ENSG00000260274.1	AC068338.2	chr15	75368155	75369584	2	2	2
ENSG00000169375.16	SIN3A	chr15	75369379	75455842	2	2	2
ENSG00000241890.1	RPL13P4	chr15	75388267	75388828	2	2	2
ENSG00000261714.2	AC105137.1	chr15	75415249	75416020	2	2	2
ENSG00000276744.1	AC105137.2	chr15	75452964	75453947	2	2	2
ENSG00000169410.10	PTPN9	chr15	75463251	75579315	2	2	2
ENSG00000260165.1	AC105036.2	chr15	75480661	75480836	2	2	2
ENSG00000259931.2	AC105036.1	chr15	75512770	75513040	2	2	2
ENSG00000260269.5	AC105036.3	chr15	75527150	75601205	2	2	2
ENSG00000169371.14	SNUPN	chr15	75598083	75626469	2	2	2
ENSG00000260235.1	AC105020.3	chr15	75624793	75625690	2	2	2
ENSG00000260206.1	AC105020.2	chr15	75636139	75639239	2	2	2
ENSG00000177971.8	IMP3	chr15	75639085	75648706	2	2	2
ENSG00000275454.1	AC105020.6	chr15	75639760	75640976	2	2	2
ENSG00000274515.1	AC105020.5	chr15	75645020	75645442	2	2	2
ENSG00000173548.9	SNX33	chr15	75647912	75662301	2	2	2
ENSG00000173546.7	CSPG4	chr15	75674322	75712848	2	2	2
ENSG00000260892.1	AC105020.4	chr15	75676227	75677162	2	2	2
ENSG00000203392.3	AC105020.1	chr15	75678548	75680752	2	2	2
ENSG00000182950.3	ODF3L1	chr15	75724041	75727688	2	2	2
ENSG00000246877.1	DNM1P35	chr15	75727670	75738623	2	2	2
ENSG00000260288.4	AC019294.2	chr15	75737820	75763322	2	2	2
ENSG00000260815.3	PPIAP47	chr15	75746769	75747263	2	2	2
ENSG00000261043.5	AC019294.3	chr15	75759501	75762405	2	2	2
ENSG00000284385.1	MIR4313	chr15	75762215	75762315	2	2	2
ENSG00000187812.12	AC019294.1	chr15	75775553	75786898	2	2	2
ENSG00000241807.3	RN7SL319P	chr15	75785134	75785354	2	2	2
ENSG00000261820.1	DNM1P49	chr15	75791470	75792683	2	2	2
ENSG00000140367.12	UBE2Q2	chr15	75843307	75901078	2	2	2
ENSG00000266308.2	RN7SL510P	chr15	75895040	75895302	2	2	2
ENSG00000167196.14	FBXO22	chr15	75903876	75942511	2	2	2
ENSG00000169752.17	NRG4	chr15	75935969	76059795	2	2	2
ENSG00000260685.1	AC027104.1	chr15	75950464	75951144	2	2	2
ENSG00000169758.13	TMEM266	chr15	76059958	76229121	2	2	2
ENSG00000259422.1	AC091100.1	chr15	76174891	76181486	2	2	2
ENSG00000140374.16	ETFA	chr15	76215353	76311472	2	2	2
ENSG00000196274.5	Metazoa_SRP	chr15	76230048	76230390	2	2	2
ENSG00000259581.3	TYRO3P	chr15	76258986	76261690	2	2	2
ENSG00000287503.1	AC027243.3	chr15	76263197	76275387	2	2	2
ENSG00000159556.10	ISL2	chr15	76336773	76342475	2	2	2
ENSG00000259514.1	AC027243.1	chr15	76339609	76342063	2	2	2
ENSG00000270036.1	AC027243.2	chr15	76343642	76344365	2	2	2
ENSG00000140386.13	SCAPER	chr15	76347904	76905444	2	2	2
ENSG00000261232.2	AC090751.1	chr15	76472099	76472365	2	2	2
ENSG00000266449.1	MIR3713	chr15	76586647	76586691	2	2	2
ENSG00000201510.1	RN7SKP217	chr15	76736641	76736980	2	2	2
ENSG00000117906.14	RCN2	chr15	76931738	76954393	2	2	2
ENSG00000243365.3	RN7SL278P	chr15	76976915	76977210	2	2	2
ENSG00000259565.2	KRT8P23	chr15	76979245	76980451	2	2	2
ENSG00000140368.13	PSTPIP1	chr15	76993359	77037475	2	2	2
ENSG00000140391.15	TSPAN3	chr15	77041404	77083984	2	2	2
ENSG00000259652.1	AC090181.1	chr15	77043680	77045160	2	2	2
ENSG00000278991.1	AC090181.3	chr15	77063397	77064910	2	2	2
ENSG00000269951.1	AC090181.2	chr15	77067654	77068325	2	2	2
ENSG00000173517.10	PEAK1	chr15	77100656	77420144	2	2	2
ENSG00000259722.2	AC087465.1	chr15	77204578	77205100	2	2	2
ENSG00000230459.3	AC060773.1	chr15	77278465	77278774	2	2	2
ENSG00000140382.15	HMG20A	chr15	77420412	77485607	2	2	2
ENSG00000279033.1	AC090984.1	chr15	77484275	77485606	2	2	2
ENSG00000259362.2	AC046168.1	chr15	77525540	77534110	2	2	2
ENSG00000259420.5	AC046168.2	chr15	77568970	77608888	2	2	2
ENSG00000169783.13	LINGO1	chr15	77613027	77820900	2	2	2
ENSG00000259666.3	LINGO1-AS1	chr15	77641764	77652292	2	2	2
ENSG00000259281.1	LINGO1-AS2	chr15	77660052	77668074	2	2	2
ENSG00000280359.1	AC105133.2	chr15	77784610	77785070	2	2	2
ENSG00000259213.1	AC105133.1	chr15	77787193	77788674	2	2	2
ENSG00000260139.6	CSPG4P13	chr15	77894684	77904674	2	2	2
ENSG00000260776.6	AC104758.2	chr15	77914217	77926846	2	2	2
ENSG00000261244.1	AC104758.3	chr15	77916522	77922019	2	2	2
ENSG00000242066.3	RN7SL214P	chr15	77916718	77916982	2	2	2
ENSG00000214646.8	COMMD4P1	chr15	77941442	77944582	2	2	2
ENSG00000261403.1	AC104758.4	chr15	77954075	77963654	2	2	2
ENSG00000261143.1	ADAMTS7P3	chr15	77976042	77993057	2	2	2
ENSG00000167202.11	TBC1D2B	chr15	77984036	78077724	2	2	2
ENSG00000259792.1	AC104758.1	chr15	77993405	77995289	2	2	2
ENSG00000183476.12	SH2D7	chr15	78077808	78104909	2	2	2
ENSG00000199633.1	SNORA63	chr15	78091172	78091297	2	2	2
ENSG00000136425.14	CIB2	chr15	78104606	78131535	2	2	2
ENSG00000166411.14	IDH3A	chr15	78131498	78171945	2	2	2
ENSG00000260988.1	AC090260.1	chr15	78141243	78143173	2	2	2
ENSG00000103740.10	ACSBG1	chr15	78167468	78245688	2	2	2
ENSG00000259708.1	AC090607.3	chr15	78250502	78264156	2	2	2
ENSG00000140403.12	DNAJA4	chr15	78264086	78282196	2	2	2
ENSG00000140395.9	WDR61	chr15	78277835	78299703	2	2	2
ENSG00000272418.1	AC090607.4	chr15	78280950	78282190	2	2	2
ENSG00000259562.2	AC090607.2	chr15	78290527	78291221	2	2	2
ENSG00000259322.1	AC090607.1	chr15	78293286	78296049	2	2	2
ENSG00000277482.1	AC090607.5	chr15	78299701	78299924	2	2	2
ENSG00000279694.1	AC011270.2	chr15	78339208	78341757	2	2	2
ENSG00000166426.8	CRABP1	chr15	78340353	78348225	2	2	2
ENSG00000259413.2	AC011270.1	chr15	78382573	78383155	2	2	2
ENSG00000136381.13	IREB2	chr15	78437431	78501453	2	2	2
ENSG00000259474.1	AC027228.1	chr15	78480057	78481820	2	2	2
ENSG00000188266.14	HYKK	chr15	78507564	78537372	2	2	2
ENSG00000279373.1	AC027228.3	chr15	78537681	78538946	2	2	2
ENSG00000041357.16	PSMA4	chr15	78540405	78552417	2	2	2
ENSG00000169684.13	CHRNA5	chr15	78565520	78595269	2	2	2
ENSG00000261762.1	AC027228.2	chr15	78589123	78591276	2	2	2
ENSG00000080644.16	CHRNA3	chr15	78593052	78621295	2	2	2
ENSG00000279421.1	AC067863.2	chr15	78599892	78600013	2	2	2
ENSG00000117971.12	CHRNB4	chr15	78624111	78727754	2	2	2
ENSG00000259555.1	AC067863.1	chr15	78625895	78628193	2	2	2
ENSG00000261303.6	AC022748.2	chr15	78660644	78736684	2	2	2
ENSG00000213307.4	RPL18P11	chr15	78661047	78661576	2	2	2
ENSG00000273512.1	AC022748.3	chr15	78749833	78750107	2	2	2
ENSG00000238166.2	AC022748.1	chr15	78752107	78753373	2	2	2
ENSG00000136378.15	ADAMTS7	chr15	78759206	78811464	2	2	2
ENSG00000185787.15	MORF4L1	chr15	78810487	78898139	2	2	2
ENSG00000288561.1	AC103975.1	chr15	78831041	78832021	2	2	2
ENSG00000243711.1	RPL21P116	chr15	78863247	78863729	2	2	2
ENSG00000252061.1	RNU6-415P	chr15	78898840	78898936	2	2	2
ENSG00000279235.1	AC011944.2	chr15	78906127	78906809	2	2	2
ENSG00000103811.18	CTSH	chr15	78921058	78949574	2	2	2
ENSG00000058335.16	RASGRF1	chr15	78959906	79090780	2	2	2
ENSG00000177699.4	AC011944.1	chr15	78978889	78985926	2	2	2
ENSG00000259234.6	ANKRD34C-AS1	chr15	79141939	79283949	2	2	2
ENSG00000207695.1	MIR184	chr15	79209788	79209871	2	2	2
ENSG00000259419.2	HNRNPCP3	chr15	79236332	79237206	2	2	2
ENSG00000235711.4	ANKRD34C	chr15	79293285	79298235	2	2	2
ENSG00000166557.14	TMED3	chr15	79311112	79427432	2	2	2
ENSG00000287408.1	AC027811.1	chr15	79331591	79337277	2	2	2
ENSG00000169330.9	MINAR1	chr15	79432336	79472304	2	2	2
ENSG00000259493.2	TFDP1P3	chr15	79559256	79560304	2	2	2
ENSG00000259208.2	AC023968.1	chr15	79668342	79668816	2	2	2
ENSG00000260674.2	AC026826.3	chr15	79743311	79743468	2	2	2
ENSG00000213527.5	AC026826.1	chr15	79751689	79752049	2	2	2
ENSG00000259229.2	AC026826.2	chr15	79758549	79758762	2	2	2
ENSG00000252995.1	RNU6-667P	chr15	79817349	79817450	2	2	2
ENSG00000259548.1	AC021483.1	chr15	79832466	79833554	2	2	2
ENSG00000136371.11	MTHFS	chr15	79833585	79897379	2	2	2
ENSG00000261229.6	AC021483.2	chr15	79843547	79844304	2	2	2
ENSG00000259332.3	ST20-MTHFS	chr15	79845150	79923754	2	2	2
ENSG00000279394.1	AC015871.4	chr15	79875920	79878179	2	2	2
ENSG00000286813.1	AC015871.6	chr15	79894502	79896695	2	2	2
ENSG00000180953.11	ST20	chr15	79898840	79923702	2	2	2
ENSG00000288592.1	AC015871.7	chr15	79899031	79899124	2	2	2
ENSG00000278600.1	AC015871.3	chr15	79920195	79922455	2	2	2
ENSG00000259642.2	ST20-AS1	chr15	79922771	79926993	2	2	2
ENSG00000288604.1	AC015871.8	chr15	79923142	79923490	2	2	2
ENSG00000259770.2	AC015871.1	chr15	79944498	79945578	2	2	2
ENSG00000140379.9	BCL2A1	chr15	79960892	79971196	2	2	2
ENSG00000271364.1	AC015871.2	chr15	79984151	79985724	2	2	2
ENSG00000279719.1	AC015871.5	chr15	79989905	79990606	2	2	2
ENSG00000279705.1	AC092701.1	chr15	80014157	80015707	2	2	2
ENSG00000275460.1	Metazoa_SRP	chr15	80057425	80057684	2	2	2
ENSG00000086666.19	ZFAND6	chr15	80059568	80138393	2	2	2
ENSG00000103876.13	FAH	chr15	80152490	80186946	2	2	2
ENSG00000259967.1	AC087761.1	chr15	80165923	80166980	2	2	2
ENSG00000259417.3	CTXND1	chr15	80195481	80252213	2	2	2
ENSG00000259361.7	LINC00927	chr15	80263068	80341805	2	2	2
ENSG00000259495.3	AC016705.2	chr15	80344853	80404214	2	2	2
ENSG00000172379.21	ARNT2	chr15	80404350	80597933	2	2	2
ENSG00000258010.4	AC016705.1	chr15	80433795	80445152	2	2	2
ENSG00000287813.1	AC016705.3	chr15	80440294	80442751	2	2	2
ENSG00000259175.1	AC108451.1	chr15	80554609	80562944	2	2	2
ENSG00000270919.1	AC108451.2	chr15	80580029	80580566	2	2	2
ENSG00000284059.1	MIR5572	chr15	80581103	80581239	2	2	2
ENSG00000222139.1	RNU6-380P	chr15	80663772	80663878	2	2	2
ENSG00000136379.12	ABHD17C	chr15	80679684	80755621	2	2	2
ENSG00000271983.1	AC023302.1	chr15	80693216	80693707	2	2	2
ENSG00000287108.1	AC023302.2	chr15	80769600	80773135	2	2	2
ENSG00000103888.17	CEMIP	chr15	80779343	80951776	2	2	2
ENSG00000208003.1	MIR549A	chr15	80841978	80842073	2	2	2
ENSG00000259546.1	AC027808.1	chr15	80896190	80948867	2	2	2
ENSG00000259649.4	AC027808.2	chr15	80896191	80909777	2	2	2
ENSG00000117899.11	MESD	chr15	80946289	80989828	2	2	2
ENSG00000260619.1	AC068870.1	chr15	80990804	80993258	2	2	2
ENSG00000265855.1	MIR4514	chr15	80997417	80997473	2	2	2
ENSG00000277782.1	AC068870.2	chr15	80999593	80999981	2	2	2
ENSG00000140406.4	TLNRD1	chr15	81000923	81005788	2	2	2
ENSG00000288625.1	AC068870.4	chr15	81002142	81002279	2	2	2
ENSG00000156206.14	CFAP161	chr15	81007033	81149179	2	2	2
ENSG00000279834.1	AC068870.3	chr15	81060953	81063488	2	2	2
ENSG00000259461.1	ANP32BP3	chr15	81117635	81118340	2	2	2
ENSG00000172349.17	IL16	chr15	81159575	81314058	2	2	2
ENSG00000271725.1	AC103858.1	chr15	81303215	81309391	2	2	2
ENSG00000172345.14	STARD5	chr15	81309053	81324183	2	2	2
ENSG00000286488.1	AC103858.3	chr15	81315806	81321258	2	2	2
ENSG00000259343.7	TMC3-AS1	chr15	81324338	81518200	2	2	2
ENSG00000188869.13	TMC3	chr15	81331088	81374213	2	2	2
ENSG00000273920.1	AC103858.2	chr15	81335577	81336119	2	2	2
ENSG00000284709.1	KF456110.1	chr15	81385390	81385774	2	2	2
ENSG00000275995.1	AC109809.1	chr15	81403026	81403570	2	2	2
ENSG00000259543.1	AC060809.1	chr15	81427448	81755217	2	2	2
ENSG00000259594.6	AC023034.1	chr15	81554003	81696780	2	2	2
ENSG00000259692.6	AC104041.1	chr15	81633426	82013579	2	2	2
ENSG00000259622.1	AC026956.1	chr15	82010212	82010607	2	2	2
ENSG00000183496.6	MEX3B	chr15	82041778	82046119	2	2	2
ENSG00000259518.2	LINC01583	chr15	82088569	82097694	2	2	2
ENSG00000287872.1	AC026956.2	chr15	82113384	82119570	2	2	2
ENSG00000140598.15	EFL1	chr15	82130233	82262734	2	2	2
ENSG00000212170.1	RNU1-77P	chr15	82174224	82174385	2	2	2
ENSG00000285974.1	AC026624.1	chr15	82180743	82182700	2	2	2
ENSG00000188659.9	SAXO2	chr15	82262810	82284930	2	2	2
ENSG00000274376.4	ADAMTS7P1	chr15	82298553	82334609	2	2	2
ENSG00000278662.5	GOLGA6L10	chr15	82339993	82349475	2	2	2
ENSG00000259429.5	UBE2Q2P2	chr15	82355142	82420075	2	2	2
ENSG00000237550.5	AC243919.1	chr15	82372196	82372912	2	2	2
ENSG00000278202.1	AC243919.2	chr15	82418651	82434235	2	2	2
ENSG00000197978.9	GOLGA6L9	chr15	82430018	82439153	2	2	2
ENSG00000275695.1	UBE2Q2P6	chr15	82445719	82454837	2	2	2
ENSG00000276710.4	CSPG4P10	chr15	82459472	82477258	2	2	2
ENSG00000278603.1	AC245033.3	chr15	82472203	82472426	2	2	2
ENSG00000255769.7	GOLGA2P10	chr15	82472993	82513950	2	2	2
ENSG00000277741.4	GOLGA6L17P	chr15	82519590	82526412	2	2	2
ENSG00000259637.1	DNM1P38	chr15	82531653	82534139	2	2	2
ENSG00000284803.1	AC245033.4	chr15	82533175	82540008	2	2	2
ENSG00000182774.13	RPS17	chr15	82536750	82540459	2	2	2
ENSG00000260836.2	AC245033.1	chr15	82536788	82573194	2	2	2
ENSG00000278013.1	AC245033.2	chr15	82540870	82562374	2	2	2
ENSG00000214575.9	CPEB1	chr15	82543201	82648861	2	2	2
ENSG00000259462.3	CPEB1-AS1	chr15	82647770	82692820	2	2	2
ENSG00000103723.16	AP3B2	chr15	82659281	82709946	2	2	2
ENSG00000259707.1	AC105339.4	chr15	82691723	82692358	2	2	2
ENSG00000228141.7	AC105339.1	chr15	82710471	82714029	2	2	2
ENSG00000259315.1	ACTG1P17	chr15	82725873	82738904	2	2	2
ENSG00000279758.1	AC105339.5	chr15	82738386	82739122	2	2	2
ENSG00000259442.1	AC105339.3	chr15	82744223	82750289	2	2	2
ENSG00000286817.1	AC105339.6	chr15	82749252	82750455	2	2	2
ENSG00000250988.7	SNHG21	chr15	82750564	82757206	2	2	2
ENSG00000252690.3	AC105339.2	chr15	82752884	82757208	2	2	2
ENSG00000186628.12	FSD2	chr15	82755362	82806070	2	2	2
ENSG00000277864.1	SCARNA15	chr15	82755945	82756071	2	2	2
ENSG00000156232.7	WHAMM	chr15	82809628	82836108	2	2	2
ENSG00000103942.13	HOMER2	chr15	82836946	82986153	2	2	2
ENSG00000259805.1	AC022558.2	chr15	82925884	83103443	2	2	2
ENSG00000169612.4	RAMAC	chr15	82986210	82991057	2	2	2
ENSG00000169609.14	C15orf40	chr15	82988441	83011641	2	2	2
ENSG00000260608.1	AC024270.3	chr15	83012661	83061845	2	2	2
ENSG00000064726.10	BTBD1	chr15	83016423	83067252	2	2	2
ENSG00000273747.1	AC022558.3	chr15	83020115	83020802	2	2	2
ENSG00000259767.1	AC022558.1	chr15	83022236	83024336	2	2	2
ENSG00000260351.1	AC024270.1	chr15	83022571	83090782	2	2	2
ENSG00000259308.3	FABP5P8	chr15	83044368	83044771	2	2	2
ENSG00000263643.1	MIR4515	chr15	83067335	83067415	2	2	2
ENSG00000286872.1	AC024270.4	chr15	83095333	83108754	2	2	2
ENSG00000136404.16	TM6SF1	chr15	83107572	83144854	2	2	2
ENSG00000166503.9	HDGFL3	chr15	83112738	83207823	2	2	2
ENSG00000260579.1	AC024270.2	chr15	83113617	83114566	2	2	2
ENSG00000259986.1	AC103876.1	chr15	83179182	83439445	2	2	2
ENSG00000169594.13	BNC1	chr15	83255903	83284714	2	2	2
ENSG00000140600.17	SH3GL3	chr15	83447228	83618743	2	2	2
ENSG00000156218.13	ADAMTSL3	chr15	83654088	84039842	2	2	2
ENSG00000212374.1	RNU6-401P	chr15	83717427	83717522	2	2	2
ENSG00000261665.2	TUBAP4	chr15	83739784	83740199	2	2	2
ENSG00000200444.1	RNU6-1339P	chr15	83824863	83824953	2	2	2
ENSG00000274128.1	AC027807.2	chr15	83962176	83962583	2	2	2
ENSG00000259609.1	AC027807.1	chr15	84053113	84080097	2	2	2
ENSG00000259404.5	EFL1P1	chr15	84080168	84126604	2	2	2
ENSG00000280038.1	DNM1P41	chr15	84166547	84169896	2	2	2
ENSG00000259694.1	AC136698.1	chr15	84171178	84173194	2	2	2
ENSG00000259511.3	UBE2Q2L	chr15	84172493	84188379	2	2	2
ENSG00000259726.1	CSPG4P11	chr15	84186752	84197384	2	2	2
ENSG00000225151.10	GOLGA2P7	chr15	84199311	84230136	2	2	2
ENSG00000278422.1	RN7SL331P	chr15	84205454	84205700	2	2	2
ENSG00000184206.12	GOLGA6L4	chr15	84235773	84245368	2	2	2
ENSG00000259633.1	UBE2Q2P8	chr15	84255913	84256014	2	2	2
ENSG00000259683.1	AC243562.2	chr15	84389729	84395903	2	2	2
ENSG00000244056.3	RN7SL417P	chr15	84394072	84394336	2	2	2
ENSG00000259570.1	AC243562.1	chr15	84394512	84395514	2	2	2
ENSG00000235370.6	DNM1P51	chr15	84398316	84411701	2	2	2
ENSG00000272887.1	CSPG4P5	chr15	84401807	84408005	2	2	2
ENSG00000259538.1	UBE2Q2P11	chr15	84412773	84421837	2	2	2
ENSG00000259774.1	AC243562.3	chr15	84422618	84425882	2	2	2
ENSG00000278785.1	Metazoa_SRP	chr15	84467901	84468147	2	2	2
ENSG00000197627.3	UBE2Q2P12	chr15	84491480	84500599	2	2	2
ENSG00000259551.1	AC048382.4	chr15	84500378	84502381	2	2	2
ENSG00000259302.1	AC048382.3	chr15	84505463	84505495	2	2	2
ENSG00000230373.8	GOLGA6L5P	chr15	84507885	84516814	2	2	2
ENSG00000259244.1	AC048382.2	chr15	84513241	84526949	2	2	2
ENSG00000189136.9	UBE2Q2P1	chr15	84526781	84571216	2	2	2
ENSG00000259728.5	LINC00933	chr15	84570649	84580175	2	2	2
ENSG00000275120.3	AC048382.5	chr15	84597809	84633988	2	2	2
ENSG00000176371.14	ZSCAN2	chr15	84600986	84627796	2	2	2
ENSG00000256278.1	AC048382.1	chr15	84611689	84614969	2	2	2
ENSG00000276278.1	AC048382.6	chr15	84622015	84623237	2	2	2
ENSG00000176700.20	SCAND2P	chr15	84631451	84647478	2	2	2
ENSG00000254779.4	EGLN1P1	chr15	84633874	84634635	2	2	2
ENSG00000177082.13	WDR73	chr15	84639285	84654343	2	2	2
ENSG00000277578.1	Metazoa_SRP	chr15	84642487	84642763	2	2	2
ENSG00000197696.10	NMB	chr15	84655129	84658563	2	2	2
ENSG00000140612.14	SEC11A	chr15	84669538	84716460	2	2	2
ENSG00000259654.1	AC115102.1	chr15	84685884	84686946	2	2	2
ENSG00000285667.1	AC012291.3	chr15	84717474	84746837	2	2	2
ENSG00000166716.10	ZNF592	chr15	84748592	84806445	2	2	2
ENSG00000259415.1	AC012291.2	chr15	84753122	84754502	2	2	2
ENSG00000136383.7	ALPK3	chr15	84817356	84873479	2	2	2
ENSG00000200991.1	AC012291.1	chr15	84852498	84852615	2	2	2
ENSG00000156222.12	SLC28A1	chr15	84884654	84945798	2	2	2
ENSG00000286505.1	AC087468.2	chr15	84913144	84915705	2	2	2
ENSG00000207037.1	RNU6-339P	chr15	84938416	84938522	2	2	2
ENSG00000212388.1	RNU6-796P	chr15	84939617	84939723	2	2	2
ENSG00000271044.1	AC087468.1	chr15	84940504	84941133	2	2	2
ENSG00000073417.15	PDE8A	chr15	84980440	85139145	2	2	2
ENSG00000259270.1	AC044860.2	chr15	85178628	85178806	2	2	2
ENSG00000229212.8	AC044860.1	chr15	85180200	85234795	2	2	2
ENSG00000259449.1	NIFKP8	chr15	85181210	85182083	2	2	2
ENSG00000259295.6	CSPG4P12	chr15	85191438	85213905	2	2	2
ENSG00000277582.1	RN7SL428P	chr15	85210053	85210299	2	2	2
ENSG00000188388.10	GOLGA6L3	chr15	85240472	85247170	2	2	2
ENSG00000218052.5	ADAMTS7P4	chr15	85255369	85330334	2	2	2
ENSG00000259317.1	AC044860.3	chr15	85272527	85272974	2	2	2
ENSG00000170776.22	AKAP13	chr15	85380571	85749358	2	2	2
ENSG00000284160.1	MIR7706	chr15	85380596	85380662	2	2	2
ENSG00000251891.1	RNU7-79P	chr15	85389823	85389884	2	2	2
ENSG00000259630.2	FABP5P9	chr15	85415228	85415633	2	2	2
ENSG00000259375.1	AC087286.3	chr15	85579046	85580178	2	2	2
ENSG00000259367.1	AC087286.2	chr15	85619623	85670948	2	2	2
ENSG00000259276.1	AC087286.1	chr15	85621264	85627689	2	2	2
ENSG00000202081.1	RNU6-1280P	chr15	85651522	85651628	2	2	2
ENSG00000259453.1	AC087286.4	chr15	85701109	85702771	2	2	2
ENSG00000259544.1	AC021739.3	chr15	85726115	85727227	2	2	2
ENSG00000259407.1	AC021739.2	chr15	85744109	85750281	2	2	2
ENSG00000259762.1	AC021739.4	chr15	85750336	85752901	2	2	2
ENSG00000259416.2	LINC02883	chr15	85754941	85756237	2	2	2
ENSG00000183655.13	KLHL25	chr15	85759326	85794925	2	2	2
ENSG00000221634.1	MIR1276	chr15	85770496	85770578	2	2	2
ENSG00000259195.1	AC021739.1	chr15	85770990	85771163	2	2	2
ENSG00000252931.1	RNU6-231P	chr15	85821855	85821957	2	2	2
ENSG00000264406.1	MIR548AP	chr15	85825635	85825730	2	2	2
ENSG00000259608.1	AC104229.1	chr15	85958717	85958971	2	2	2
ENSG00000260477.8	LINC01584	chr15	86078809	86116747	2	2	2
ENSG00000273540.4	AGBL1	chr15	86079973	87029052	2	2	2
ENSG00000252964.1	RNA5SP400	chr15	86138269	86138379	2	2	2
ENSG00000261077.1	AC016180.2	chr15	86139838	86140240	2	2	2
ENSG00000200206.1	AC016180.1	chr15	86173198	86173270	2	2	2
ENSG00000260125.2	AGBL1-AS1	chr15	86295649	86317173	2	2	2
ENSG00000259734.1	AC012229.1	chr15	86630266	86631136	2	2	2
ENSG00000259636.1	AC016987.2	chr15	86932880	86946331	2	2	2
ENSG00000259620.1	AC016987.1	chr15	86938797	86988426	2	2	2
ENSG00000259761.2	AC078905.1	chr15	87038717	87047303	2	2	2
ENSG00000259560.2	AC020687.1	chr15	87325829	87703852	2	2	2
ENSG00000207150.1	RNU6-185P	chr15	87474183	87474289	2	2	2
ENSG00000259527.2	LINC00052	chr15	87576929	87579866	2	2	2
ENSG00000287391.1	AC103871.1	chr15	87638688	87668488	2	2	2
ENSG00000140538.16	NTRK3	chr15	87859751	88256768	2	2	2
ENSG00000259183.1	MED28P6	chr15	88143935	88144165	2	2	2
ENSG00000260305.1	NTRK3-AS1	chr15	88252730	88271066	2	2	2
ENSG00000259494.2	MRPL46	chr15	88459477	88467390	2	2	2
ENSG00000173867.10	AC013489.1	chr15	88459501	88546585	2	2	2
ENSG00000181991.16	MRPS11	chr15	88467453	88480776	2	2	2
ENSG00000279945.1	AC013489.3	chr15	88477871	88478387	2	2	2
ENSG00000140543.15	DET1	chr15	88494440	88546681	2	2	2
ENSG00000259569.2	AC013489.2	chr15	88568287	88568562	2	2	2
ENSG00000249487.7	LINC01586	chr15	88585566	88605110	2	2	2
ENSG00000221630.3	MIR1179	chr15	88608107	88608197	2	2	2
ENSG00000207703.1	MIR7-2	chr15	88611825	88611934	2	2	2
ENSG00000283484.1	MIR3529	chr15	88611847	88611924	2	2	2
ENSG00000181026.15	AEN	chr15	88621337	88632281	2	2	2
ENSG00000172183.15	ISG20	chr15	88636153	88656483	2	2	2
ENSG00000259676.1	AC103982.1	chr15	88797413	88798734	2	2	2
ENSG00000157766.19	ACAN	chr15	88803436	88875353	2	2	2
ENSG00000140511.12	HAPLN3	chr15	88877294	88895597	2	2	2
ENSG00000140545.15	MFGE8	chr15	88898683	88913381	2	2	2
ENSG00000259350.2	AC067805.1	chr15	88952683	88953460	2	2	2
ENSG00000259489.2	KRT18P47	chr15	88960070	88961046	2	2	2
ENSG00000261549.2	AC107954.1	chr15	88989519	88990245	2	2	2
ENSG00000260275.1	AC013565.2	chr15	89037977	89038286	2	2	2
ENSG00000260123.2	AC013565.1	chr15	89041223	89082819	2	2	2
ENSG00000261407.2	AC013565.3	chr15	89087078	89088377	2	2	2
ENSG00000140526.18	ABHD2	chr15	89087459	89202355	2	2	2
ENSG00000239151.1	RNU7-195P	chr15	89120779	89120840	2	2	2
ENSG00000259699.2	HMGB1P8	chr15	89135547	89136495	2	2	2
ENSG00000259948.2	AC124068.1	chr15	89201091	89201768	2	2	2
ENSG00000140522.12	RLBP1	chr15	89209869	89221614	2	2	2
ENSG00000140525.19	FANCI	chr15	89243945	89317261	2	2	2
ENSG00000140521.17	POLG	chr15	89305198	89334861	2	2	2
ENSG00000275101.1	MIR6766	chr15	89326739	89326810	2	2	2
ENSG00000261441.1	AC124068.2	chr15	89335053	89336161	2	2	2
ENSG00000279708.1	AC133637.1	chr15	89358841	89360377	2	2	2
ENSG00000287717.1	AC133637.2	chr15	89361157	89362421	2	2	2
ENSG00000255571.9	MIR9-3HG	chr15	89361579	89398487	2	2	2
ENSG00000284329.1	MIR9-3	chr15	89368017	89368106	2	2	2
ENSG00000140519.14	RHCG	chr15	89471398	89496589	2	2	2
ENSG00000259218.6	LINC00928	chr15	89504909	89524049	2	2	2
ENSG00000261478.1	AC013391.3	chr15	89508961	89510416	2	2	2
ENSG00000259713.1	AC013391.2	chr15	89518523	89591956	2	2	2
ENSG00000140534.14	TICRR	chr15	89575469	89631056	2	2	2
ENSG00000259615.1	AC013391.1	chr15	89579765	89582297	2	2	2
ENSG00000166813.16	KIF7	chr15	89608789	89655467	2	2	2
ENSG00000166819.12	PLIN1	chr15	89664367	89679427	2	2	2
ENSG00000166821.9	PEX11A	chr15	89677764	89690783	2	2	2
ENSG00000241362.2	RPL36AP43	chr15	89687937	89688243	2	2	2
ENSG00000140527.15	WDR93	chr15	89690811	89743638	2	2	2
ENSG00000259561.1	AC079075.1	chr15	89704665	89705415	2	2	2
ENSG00000206590.1	RNU6-132P	chr15	89714232	89714338	2	2	2
ENSG00000166823.5	MESP1	chr15	89748661	89751310	2	2	2
ENSG00000259441.2	MRPL15P1	chr15	89752296	89753493	2	2	2
ENSG00000188095.6	MESP2	chr15	89760591	89778754	2	2	2
ENSG00000166825.15	ANPEP	chr15	89784895	89815401	2	2	2
ENSG00000157823.17	AP3S2	chr15	89830599	89894638	2	2	2
ENSG00000250021.7	ARPIN-AP3S2	chr15	89834308	89912882	2	2	2
ENSG00000264966.1	MIR5094	chr15	89850637	89850721	2	2	2
ENSG00000259677.1	AC027176.2	chr15	89876540	89877285	2	2	2
ENSG00000264796.1	MIR5009	chr15	89883931	89884030	2	2	2
ENSG00000212420.1	RNU6-1111P	chr15	89886485	89886591	2	2	2
ENSG00000242498.8	ARPIN	chr15	89895006	89912952	2	2	2
ENSG00000252645.1	RNU7-111P	chr15	89897576	89897637	2	2	2
ENSG00000259273.1	AC027176.1	chr15	89936492	89937005	2	2	2
ENSG00000280377.1	AC027176.3	chr15	89950760	89951345	2	2	2
ENSG00000140548.10	ZNF710	chr15	90001324	90082206	2	2	2
ENSG00000265871.1	MIR3174	chr15	90006755	90006841	2	2	2
ENSG00000273691.1	AC087284.1	chr15	90024955	90026003	2	2	2
ENSG00000259291.2	ZNF710-AS1	chr15	90074512	90082207	2	2	2
ENSG00000276376.1	U7	chr15	90076424	90076486	2	2	2
ENSG00000182054.10	IDH2	chr15	90083045	90102477	2	2	2
ENSG00000259685.3	IDH2-DT	chr15	90102649	90138016	2	2	2
ENSG00000185033.14	SEMA4B	chr15	90160604	90229679	2	2	2
ENSG00000240470.3	RN7SL346P	chr15	90166233	90166526	2	2	2
ENSG00000225193.5	RPS12P26	chr15	90206572	90206967	2	2	2
ENSG00000185043.12	CIB1	chr15	90229975	90234047	2	2	2
ENSG00000183208.12	GDPGP1	chr15	90233808	90245811	2	2	2
ENSG00000284626.1	AC091167.7	chr15	90234200	90265462	2	2	2
ENSG00000213471.10	TTLL13P	chr15	90249530	90265482	2	2	2
ENSG00000261147.1	AC091167.2	chr15	90249556	90272208	2	2	2
ENSG00000182768.9	NGRN	chr15	90265659	90275778	2	2	2
ENSG00000275674.1	AC091167.6	chr15	90266317	90314499	2	2	2
ENSG00000228998.4	AC091167.1	chr15	90275129	90275716	2	2	2
ENSG00000270322.1	AC091167.3	chr15	90281848	90282031	2	2	2
ENSG00000275345.1	AC091167.5	chr15	90281858	90282270	2	2	2
ENSG00000271396.1	AC091167.4	chr15	90284376	90285580	2	2	2
ENSG00000214433.4	GOLGA2P8	chr15	90291962	90295683	2	2	2
ENSG00000275803.1	RN7SL736P	chr15	90293939	90294207	2	2	2
ENSG00000279980.1	GABARAPL3	chr15	90347587	90349437	2	2	2
ENSG00000238244.3	GABARAPL3	chr15	90348844	90349197	2	2	2
ENSG00000196391.11	ZNF774	chr15	90352284	90369146	2	2	2
ENSG00000259262.1	NDUFA3P4	chr15	90385814	90386063	2	2	2
ENSG00000140575.13	IQGAP1	chr15	90388242	90502239	2	2	2
ENSG00000259177.1	AC018946.1	chr15	90393490	90397881	2	2	2
ENSG00000140577.16	CRTC3	chr15	90529923	90645345	2	2	2
ENSG00000259212.1	AC103739.1	chr15	90595840	90596447	2	2	2
ENSG00000259314.1	AC103739.2	chr15	90604225	90614558	2	2	2
ENSG00000259736.1	CRTC3-AS1	chr15	90620007	90717141	2	2	2
ENSG00000285560.1	AC103739.3	chr15	90630535	90631755	2	2	2
ENSG00000259746.1	HSPE1P3	chr15	90634725	90635033	2	2	2
ENSG00000278370.1	AC021422.1	chr15	90650631	90651103	2	2	2
ENSG00000245479.3	LINC01585	chr15	90660207	90664967	2	2	2
ENSG00000197299.12	BLM	chr15	90717346	90816166	2	2	2
ENSG00000200677.1	SNORD18	chr15	90755243	90755312	2	2	2
ENSG00000287061.1	AC124248.2	chr15	90811528	90815544	2	2	2
ENSG00000259704.2	AC124248.1	chr15	90839641	90853608	2	2	2
ENSG00000241869.3	RN7SL363P	chr15	90855935	90856207	2	2	2
ENSG00000140564.12	FURIN	chr15	90868588	90883458	2	2	2
ENSG00000182511.12	FES	chr15	90883695	90895776	2	2	2
ENSG00000196547.15	MAN2A2	chr15	90902218	90922584	2	2	2
ENSG00000259661.1	AC068831.3	chr15	90920218	90921186	2	2	2
ENSG00000184508.12	HDDC3	chr15	90929968	90935196	2	2	2
ENSG00000140553.18	UNC45A	chr15	90930180	90954093	2	2	2
ENSG00000258384.1	RCCD1-AS1	chr15	90952239	90955225	2	2	2
ENSG00000166965.12	RCCD1	chr15	90954870	90963125	2	2	2
ENSG00000198901.14	PRC1	chr15	90966040	90995629	2	2	2
ENSG00000284946.1	AC068831.6	chr15	90966190	91022566	2	2	2
ENSG00000258725.2	PRC1-AS1	chr15	90966340	90988625	2	2	2
ENSG00000200142.1	Y_RNA	chr15	90977208	90977305	2	2	2
ENSG00000184056.15	VPS33B	chr15	90998673	91022603	2	2	2
ENSG00000214432.9	VPS33B-DT	chr15	91022619	91036611	2	2	2
ENSG00000278514.1	AC068831.5	chr15	91022766	91023200	2	2	2
ENSG00000258542.1	AC068831.1	chr15	91029888	91029996	2	2	2
ENSG00000275929.1	AC068831.4	chr15	91031246	91031691	2	2	2
ENSG00000258665.1	AC068831.2	chr15	91031712	91032435	2	2	2
ENSG00000285661.1	AC127520.1	chr15	91094847	91099838	2	2	2
ENSG00000185518.12	SV2B	chr15	91099950	91302565	2	2	2
ENSG00000285883.1	AC123784.1	chr15	91303756	91306321	2	2	2
ENSG00000258551.6	CRAT37	chr15	91408708	91605873	2	2	2
ENSG00000258954.1	AC107958.3	chr15	91532891	91535095	2	2	2
ENSG00000258765.1	AC107958.2	chr15	91643017	91649114	2	2	2
ENSG00000258540.1	AC107958.1	chr15	91676771	91677060	2	2	2
ENSG00000259057.1	THRAP3P2	chr15	91742841	91743955	2	2	2
ENSG00000176463.14	SLCO3A1	chr15	91853708	92172435	2	2	2
ENSG00000260661.1	AC116903.2	chr15	92148752	92331037	2	2	2
ENSG00000258761.1	AC116903.1	chr15	92162798	92172436	2	2	2
ENSG00000258726.1	DUXAP6	chr15	92281484	92282084	2	2	2
ENSG00000258925.2	NPM1P5	chr15	92285841	92286678	2	2	2
ENSG00000140557.12	ST8SIA2	chr15	92393881	92468728	2	2	2
ENSG00000239197.1	AC090985.1	chr15	92417547	92417689	2	2	2
ENSG00000258739.1	ENO1P2	chr15	92420860	92422735	2	2	2
ENSG00000259170.1	AC090985.2	chr15	92470233	92471546	2	2	2
ENSG00000183643.4	C15orf32	chr15	92471654	92501117	2	2	2
ENSG00000258647.6	LINC00930	chr15	92567817	92574529	2	2	2
ENSG00000258676.5	AC091544.2	chr15	92580741	92600545	2	2	2
ENSG00000260337.4	AC091544.4	chr15	92592574	92596462	2	2	2
ENSG00000271763.1	AC091544.5	chr15	92602910	92620015	2	2	2
ENSG00000185442.13	FAM174B	chr15	92617448	92809884	2	2	2
ENSG00000259064.2	AC091544.3	chr15	92627073	92627414	2	2	2
ENSG00000275965.1	AC091544.7	chr15	92634305	92634665	2	2	2
ENSG00000272298.1	AC091544.6	chr15	92699040	92724277	2	2	2
ENSG00000253954.3	HMGN1P38	chr15	92711808	92712110	2	2	2
ENSG00000258741.4	H2AZ2P1	chr15	92713477	92734205	2	2	2
ENSG00000240484.1	AC091544.1	chr15	92719393	92719740	2	2	2
ENSG00000258562.2	AC106028.1	chr15	92762757	92763750	2	2	2
ENSG00000260361.1	AC106028.3	chr15	92779757	92781492	2	2	2
ENSG00000258527.1	ASB9P1	chr15	92795647	92796439	2	2	2
ENSG00000258922.1	AC106028.2	chr15	92805770	92808567	2	2	2
ENSG00000274215.1	AC106028.4	chr15	92808451	92809057	2	2	2
ENSG00000272888.7	CHASERR	chr15	92819540	92899701	2	2	2
ENSG00000279765.3	AC013394.1	chr15	92883413	92949230	2	2	2
ENSG00000173575.22	CHD2	chr15	92900189	93027996	2	2	2
ENSG00000284324.1	MIR3175	chr15	92904399	92904475	2	2	2
ENSG00000182175.14	RGMA	chr15	93035273	93089204	2	2	2
ENSG00000258611.2	YBX2P2	chr15	93065586	93066606	2	2	2
ENSG00000285663.1	AC108457.1	chr15	93177269	93179999	2	2	2
ENSG00000257060.7	AC091078.1	chr15	93230034	93569483	2	2	2
ENSG00000258888.1	AC112693.1	chr15	93257198	93260475	2	2	2
ENSG00000258971.1	AC112693.2	chr15	93301416	93301647	2	2	2
ENSG00000258909.1	AC091078.2	chr15	93416850	93422576	2	2	2
ENSG00000258787.1	SEPHS1P2	chr15	93430659	93431217	2	2	2
ENSG00000258631.3	AC110023.1	chr15	93589867	93760886	2	2	2
ENSG00000258754.8	LINC01579	chr15	93718542	94070898	2	2	2
ENSG00000258627.1	AC103996.1	chr15	93825058	93825159	2	2	2
ENSG00000258476.6	LINC02207	chr15	93835490	93878822	2	2	2
ENSG00000259123.1	AC103996.3	chr15	93837611	93852981	2	2	2
ENSG00000258831.1	AC103996.2	chr15	93882082	93886743	2	2	2
ENSG00000258785.6	LINC01580	chr15	93894431	93984150	2	2	2
ENSG00000259724.2	LINC01581	chr15	93905405	94107938	2	2	2
ENSG00000258895.1	AC104390.1	chr15	94033658	94034177	2	2	2
ENSG00000258570.1	H3P40	chr15	94168349	94168751	2	2	2
ENSG00000140563.15	MCTP2	chr15	94231538	94483952	2	2	2
ENSG00000258632.2	AC135626.1	chr15	94273496	94274005	2	2	2
ENSG00000287328.1	AC135626.2	chr15	94293537	94293641	2	2	2
ENSG00000287950.1	AC009432.2	chr15	94455469	94550572	2	2	2
ENSG00000285866.1	LINC02852	chr15	94583506	94589259	2	2	2
ENSG00000259331.1	AC009432.1	chr15	94600014	94600821	2	2	2
ENSG00000286917.1	AC022308.1	chr15	94724928	94726519	2	2	2
ENSG00000277654.6	AC087633.2	chr15	94841059	95169864	2	2	2
ENSG00000270017.1	AC107976.1	chr15	94855586	94857011	2	2	2
ENSG00000258433.2	AC087633.1	chr15	95034108	95047108	2	2	2
ENSG00000258773.2	AC087636.1	chr15	95078481	95150534	2	2	2
ENSG00000248441.7	LINC01197	chr15	95186634	95327129	2	2	2
ENSG00000273923.1	AC104260.1	chr15	95225326	95225864	2	2	2
ENSG00000280304.1	AC104260.2	chr15	95280753	95284249	2	2	2
ENSG00000285700.1	AC104260.3	chr15	95287934	95291643	2	2	2
ENSG00000259134.7	LINC00924	chr15	95326528	95507865	2	2	2
ENSG00000258489.4	AC027013.1	chr15	95463587	95493843	2	2	2
ENSG00000275016.5	AC015574.1	chr15	95638316	95826499	2	2	2
ENSG00000222076.1	RNU2-3P	chr15	95745804	95745994	2	2	2
ENSG00000275443.2	AC012409.2	chr15	95990582	96300990	2	2	2
ENSG00000259702.3	AC024337.1	chr15	96045341	96064357	2	2	2
ENSG00000273771.1	AC024337.2	chr15	96080713	96084584	2	2	2
ENSG00000247809.9	NR2F2-AS1	chr15	96110040	96327361	2	2	2
ENSG00000280048.1	AC012409.5	chr15	96112628	96116051	2	2	2
ENSG00000277135.1	AC012409.3	chr15	96139472	96140452	2	2	2
ENSG00000259359.2	AC012409.1	chr15	96171575	96174339	2	2	2
ENSG00000278146.1	AC012409.4	chr15	96230897	96231145	2	2	2
ENSG00000259763.2	LINC02157	chr15	96235785	96237010	2	2	2
ENSG00000280291.1	AC016251.1	chr15	96294935	96298023	2	2	2
ENSG00000185551.15	NR2F2	chr15	96325938	96340263	2	2	2
ENSG00000283888.1	MIR1469	chr15	96333261	96333307	2	2	2
ENSG00000275322.1	AC103746.1	chr15	96342953	96345651	2	2	2
ENSG00000259275.4	AC087477.2	chr15	96354237	96405235	2	2	2
ENSG00000259614.2	TUBAP12	chr15	96388214	96389056	2	2	2
ENSG00000259542.5	AC087477.5	chr15	96393146	96405189	2	2	2
ENSG00000259312.1	AC087477.3	chr15	96438570	96444266	2	2	2
ENSG00000250825.1	PGAM1P12	chr15	96441566	96442313	2	2	2
ENSG00000242295.1	AC087477.1	chr15	96448154	96448493	2	2	2
ENSG00000259534.1	AC087477.4	chr15	96448842	96449749	2	2	2
ENSG00000222617.1	RN7SKP254	chr15	96486582	96486891	2	2	2
ENSG00000274079.1	Metazoa_SRP	chr15	96496180	96496462	2	2	2
ENSG00000259340.2	AC110588.1	chr15	96551381	96551517	2	2	2
ENSG00000214424.5	FAM149B1P1	chr15	96756987	96758596	2	2	2
ENSG00000259282.5	SPATA8-AS1	chr15	96772005	96783312	2	2	2
ENSG00000185594.7	SPATA8	chr15	96783389	96785615	2	2	2
ENSG00000223120.1	RN7SKP181	chr15	96842069	96842384	2	2	2
ENSG00000259485.2	LINC02253	chr15	97215812	97432094	2	2	2
ENSG00000259403.2	AC020704.1	chr15	97272020	97319321	2	2	2
ENSG00000259664.3	LINC02254	chr15	97339693	97523442	2	2	2
ENSG00000242863.3	RN7SL677P	chr15	97353497	97353815	2	2	2
ENSG00000251729.1	RNA5SP401	chr15	97472126	97472252	2	2	2
ENSG00000279091.1	AC026523.2	chr15	97533738	97541476	2	2	2
ENSG00000259582.4	AC026523.1	chr15	97540597	97560702	2	2	2
ENSG00000287267.1	AC026523.3	chr15	97557808	97559097	2	2	2
ENSG00000287321.1	AC026523.4	chr15	97560849	97572707	2	2	2
ENSG00000251209.9	LINC00923	chr15	97572185	97875650	2	2	2
ENSG00000259870.1	AC024651.2	chr15	97876289	97878386	2	2	2
ENSG00000287000.1	AC024651.3	chr15	97945208	97950018	2	2	2
ENSG00000140450.9	ARRDC4	chr15	97960703	97973833	2	2	2
ENSG00000259478.2	AC024651.1	chr15	97982509	97991142	2	2	2
ENSG00000258483.4	LINC02251	chr15	98003038	98087384	2	2	2
ENSG00000283372.1	U6	chr15	98026042	98026139	2	2	2
ENSG00000259199.2	AC022523.1	chr15	98038571	98293199	2	2	2
ENSG00000222361.1	RNU6-1186P	chr15	98074667	98074763	2	2	2
ENSG00000259611.2	LINC01582	chr15	98081993	98103761	2	2	2
ENSG00000259320.2	AC022523.3	chr15	98111729	98131707	2	2	2
ENSG00000259266.1	AC022523.2	chr15	98118171	98118320	2	2	2
ENSG00000259041.1	AC015722.1	chr15	98282075	98285907	2	2	2
ENSG00000274312.1	AC015722.2	chr15	98319687	98320237	2	2	2
ENSG00000277987.2	LINC02351	chr15	98323902	98420998	2	2	2
ENSG00000283597.3	FAM169B	chr15	98437162	98547728	2	2	2
ENSG00000259507.1	AC103968.1	chr15	98466840	98467412	2	2	2
ENSG00000259424.1	IRAIN	chr15	98646951	98647371	2	2	2
ENSG00000140443.15	IGF1R	chr15	98648539	98964530	2	2	2
ENSG00000278022.1	AC118658.1	chr15	98660210	98660668	2	2	2
ENSG00000264480.1	MIR4714	chr15	98784426	98784502	2	2	2
ENSG00000287191.1	AC055807.1	chr15	98839292	98840147	2	2	2
ENSG00000259621.1	AC069029.1	chr15	98880659	98893535	2	2	2
ENSG00000259475.1	AC036108.1	chr15	98954149	99105824	2	2	2
ENSG00000183571.11	PGPEP1L	chr15	98968229	99007792	2	2	2
ENSG00000278090.3	LUNAR1	chr15	99014526	99031054	2	2	2
ENSG00000182253.15	SYNM	chr15	99098217	99135593	2	2	2
ENSG00000261054.1	AC036108.2	chr15	99128832	99131806	2	2	2
ENSG00000103852.13	TTC23	chr15	99136323	99251223	2	2	2
ENSG00000261616.1	AC036108.3	chr15	99139317	99145370	2	2	2
ENSG00000259921.1	AC022819.1	chr15	99157231	99161140	2	2	2
ENSG00000168904.15	LRRC28	chr15	99251362	99390729	2	2	2
ENSG00000259706.1	HSP90B2P	chr15	99257632	99260015	2	2	2
ENSG00000259228.1	HNRNPA1P62	chr15	99284625	99285576	2	2	2
ENSG00000259257.1	AC037479.1	chr15	99337857	99338481	2	2	2
ENSG00000259590.1	LINC02244	chr15	99395179	99396593	2	2	2
ENSG00000259760.1	AC015660.2	chr15	99396613	99401315	2	2	2
ENSG00000274294.1	AC015660.3	chr15	99416584	99417204	2	2	2
ENSG00000259341.2	AC015660.1	chr15	99423769	99435160	2	2	2
ENSG00000286893.1	AC015660.5	chr15	99473454	99476314	2	2	2
ENSG00000279846.1	AC015660.4	chr15	99497812	99498375	2	2	2
ENSG00000241562.2	RPL7P5	chr15	99551382	99552117	2	2	2
ENSG00000068305.17	MEF2A	chr15	99565417	99716466	2	2	2
ENSG00000201724.1	Y_RNA	chr15	99681786	99681877	2	2	2
ENSG00000183060.15	LYSMD4	chr15	99715697	99733561	2	2	2
ENSG00000182397.14	DNM1P46	chr15	99790156	99806927	2	2	2
ENSG00000259655.1	AC090825.2	chr15	99791127	99792847	2	2	2
ENSG00000241588.3	RN7SL484P	chr15	99791209	99791410	2	2	2
ENSG00000259363.6	AC090825.1	chr15	99805793	99916818	2	2	2
ENSG00000254744.3	AC084855.1	chr15	99970215	99974010	2	2	2
ENSG00000140470.15	ADAMTS17	chr15	99971437	100342005	2	2	2
ENSG00000259219.1	AC084855.2	chr15	99976481	99980774	2	2	2
ENSG00000252957.1	RNA5SP402	chr15	100074081	100074190	2	2	2
ENSG00000259356.1	AC022710.1	chr15	100126106	100129743	2	2	2
ENSG00000189419.8	SPATA41	chr15	100344047	100350725	2	2	2
ENSG00000259430.2	CERS3-AS1	chr15	100372936	100437914	2	2	2
ENSG00000154227.13	CERS3	chr15	100400395	100544995	2	2	2
ENSG00000270127.2	AC027020.2	chr15	100547765	100550153	2	2	2
ENSG00000251819.1	RNU6-322P	chr15	100551820	100551922	2	2	2
ENSG00000259205.2	PRKXP1	chr15	100553529	100558954	2	2	2
ENSG00000259540.1	AC027020.1	chr15	100558677	100559798	2	2	2
ENSG00000140471.17	LINS1	chr15	100559369	100603230	2	2	2
ENSG00000200095.1	RNU6-181P	chr15	100560686	100560792	2	2	2
ENSG00000183475.13	ASB7	chr15	100602589	100651701	2	2	2
ENSG00000212306.1	Y_RNA	chr15	100638363	100638457	2	2	2
ENSG00000259381.2	AC090695.1	chr15	100645434	100646655	2	2	2
ENSG00000259579.1	AC087762.1	chr15	100716249	100828497	2	2	2
ENSG00000279588.2	AC087762.2	chr15	100782417	100786189	2	2	2
ENSG00000259586.1	AC015712.3	chr15	100846604	100846767	2	2	2
ENSG00000232386.9	AC015712.1	chr15	100849561	100861756	2	2	2
ENSG00000272808.4	AC015712.6	chr15	100849831	100876836	2	2	2
ENSG00000259604.5	AC015712.4	chr15	100861843	100874369	2	2	2
ENSG00000272639.1	AC015712.5	chr15	100861924	100885329	2	2	2
ENSG00000184254.17	ALDH1A3	chr15	100877714	100916626	2	2	2
ENSG00000278456.1	AC015712.7	chr15	100888472	100889106	2	2	2
ENSG00000259583.3	AC015712.2	chr15	100892343	100919391	2	2	2
ENSG00000154237.13	LRRK1	chr15	100919327	101078257	2	2	2
ENSG00000259376.1	AC090907.1	chr15	101043716	101049456	2	2	2
ENSG00000259755.1	AC090907.2	chr15	101050732	101086066	2	2	2
ENSG00000287892.1	AC090907.3	chr15	101058647	101063904	2	2	2
ENSG00000259365.1	AC019254.2	chr15	101116603	101117546	2	2	2
ENSG00000259182.5	AC019254.1	chr15	101168530	101170821	2	2	2
ENSG00000131873.7	CHSY1	chr15	101175727	101252048	2	2	2
ENSG00000131871.15	SELENOS	chr15	101270817	101277500	2	2	2
ENSG00000131876.17	SNRPA1	chr15	101281510	101295282	2	2	2
ENSG00000140479.18	PCSK6	chr15	101289784	101525202	2	2	2
ENSG00000259172.1	AC023024.1	chr15	101295419	101305737	2	2	2
ENSG00000279970.1	AC023024.2	chr15	101299656	101301648	2	2	2
ENSG00000259764.1	PCSK6-AS1	chr15	101334437	101337428	2	2	2
ENSG00000274139.1	AC090164.2	chr15	101495052	101495567			
ENSG00000277210.3	AC090164.3	chr15	101522597	101524739			
ENSG00000282793.1	AC090164.4	chr15	101527581	101528349			
ENSG00000259464.2	SNRPCP18	chr15	101562536	101562974			
ENSG00000259695.2	AC090164.1	chr15	101580893	101581556			
ENSG00000286733.1	LINC02348	chr15	101602786	101614531			
ENSG00000184277.13	TM2D3	chr15	101621444	101652391			
ENSG00000252614.1	RNU6-807P	chr15	101648206	101648312			
ENSG00000185418.16	TARS3	chr15	101653596	101724473			
ENSG00000259658.5	AC027559.1	chr15	101732201	101746870			
ENSG00000259660.2	DNM1P47	chr15	101751032	101794302			
ENSG00000259236.1	GOLGA8VP	chr15	101771758	101781989			
ENSG00000240927.3	RN7SL209P	chr15	101773238	101773513			
ENSG00000184140.6	OR4F6	chr15	101803509	101806887			
ENSG00000182854.8	OR4F15	chr15	101812202	101820197			
ENSG00000232459.1	OR4F14P	chr15	101828741	101829679			
ENSG00000214344.4	OR4F13P	chr15	101842119	101850324			
ENSG00000257109.3	OR4F28P	chr15	101875964	101876901			
ENSG00000259454.1	WBP1LP5	chr15	101887354	101887767			
ENSG00000259646.1	AC140725.2	chr15	101903154	101903204			
ENSG00000177693.4	OR4F4	chr15	101922042	101923113			
ENSG00000183909.6	OR4G2P	chr15	101926164	101933350			
ENSG00000275771.1	OR4G6P	chr15	101937591	101938470			
ENSG00000248893.3	FAM138E	chr15	101954885	101956412			
ENSG00000259553.6	AC140725.1	chr15	101959539	101961408			
ENSG00000284557.1	MIR1302-10	chr15	101960459	101960596			
ENSG00000185596.16	WASH3P	chr15	101961603	101976543			
ENSG00000275449.1	MIR6859-3	chr15	101973524	101973591			
ENSG00000248472.8	DDX11L9	chr15	101976558	101979093			
ENSG00000233614.6	DDX11L10	chr16	11555	14090			
ENSG00000234769.7	WASH4P	chr16	14381	18068			
ENSG00000278739.1	MIR6859-4	chr16	17052	17119			
ENSG00000260803.1	Z84723.1	chr16	17514	35195			
ENSG00000231439.4	WASIR2	chr16	22910	25123			
ENSG00000226942.2	IL9RP3	chr16	29336	38321			
ENSG00000161980.6	POLR3K	chr16	46407	53608			
ENSG00000161981.11	SNRNP25	chr16	53828	57669			
ENSG00000007384.15	RHBDF1	chr16	58059	76355			
ENSG00000278995.1	Z69720.2	chr16	74683	74961			
ENSG00000103152.12	MPG	chr16	77007	85851			
ENSG00000103148.17	NPRL3	chr16	84271	138677			
ENSG00000269482.1	Z69720.1	chr16	90631	91102			
ENSG00000228779.1	Z69666.1	chr16	125737	127219			
ENSG00000130656.6	HBZ	chr16	142728	154503			
ENSG00000206177.7	HBM	chr16	153892	166764			
ENSG00000206178.2	HBZP1	chr16	163122	165156			
ENSG00000225323.1	HBAP1	chr16	168679	169334			
ENSG00000188536.13	HBA2	chr16	172876	173710			
ENSG00000206172.8	HBA1	chr16	176680	177522			
ENSG00000207243.1	Y_RNA	chr16	178554	178656			
ENSG00000086506.3	HBQ1	chr16	180459	181179			
ENSG00000268836.1	Z69706.1	chr16	185748	186294			
ENSG00000007392.17	LUC7L	chr16	188969	229463			
ENSG00000206168.1	Z69890.1	chr16	231134	231472			
ENSG00000167930.17	FAM234A	chr16	234521	272183			
ENSG00000076344.16	RGS11	chr16	268301	275980			
ENSG00000286901.1	Z69667.1	chr16	268727	282084			
ENSG00000242173.10	ARHGDIG	chr16	280450	283010			
ENSG00000185615.16	PDIA2	chr16	283164	287215			
ENSG00000103126.15	AXIN1	chr16	287440	352723			
ENSG00000086504.17	MRPL28	chr16	366969	371289			
ENSG00000129925.11	PGAP6	chr16	370788	387113			
ENSG00000236829.9	Z97634.1	chr16	382097	392960			
ENSG00000103202.13	NME4	chr16	396725	410367			
ENSG00000242612.7	DECR2	chr16	401858	412487			
ENSG00000276984.1	AL023881.1	chr16	424243	424543			
ENSG00000090565.17	RAB11FIP3	chr16	425649	523011			
ENSG00000201034.1	Y_RNA	chr16	439297	439397			
ENSG00000230428.1	AL049542.1	chr16	451404	453461			
ENSG00000277142.1	LINC00235	chr16	525155	527407			
ENSG00000103326.12	CAPN15	chr16	527712	554636			
ENSG00000266124.1	MIR5587	chr16	535316	535368			
ENSG00000266235.1	MIR3176	chr16	543277	543366			
ENSG00000261691.1	Z97986.1	chr16	547185	553847			
ENSG00000161992.6	PRR35	chr16	560394	565529			
ENSG00000007541.17	PIGQ	chr16	566995	584109			
ENSG00000257108.2	NHLRC4	chr16	567005	569495			
ENSG00000282907.1	Z98883.1	chr16	568837	576257			
ENSG00000197562.10	RAB40C	chr16	589357	629272	5	5	5
ENSG00000127578.7	WFIKKN1	chr16	629239	634117	5	5	5
ENSG00000130731.16	METTL26	chr16	634427	636366	5	5	5
ENSG00000172366.20	MCRIP2	chr16	636817	648474	5	5	5
ENSG00000228201.1	AL022341.1	chr16	648473	649200	5	5	5
ENSG00000161996.19	WDR90	chr16	649311	667833	5	5	5
ENSG00000262528.2	AL022341.2	chr16	654611	656194	5	5	5
ENSG00000140983.14	RHOT2	chr16	668105	674174	5	5	5
ENSG00000103269.14	RHBDL1	chr16	675671	678268	5	5	5
ENSG00000260394.2	LINC02867	chr16	678504	679777	5	5	5
ENSG00000279441.1	Z92544.2	chr16	678645	679061	5	5	5
ENSG00000103266.11	STUB1	chr16	680224	682870	5	5	5
ENSG00000161999.13	JMJD8	chr16	681670	684528	5	5	5
ENSG00000127580.17	WDR24	chr16	684622	690444	5	5	5
ENSG00000261659.2	Z92544.1	chr16	689001	692554	5	5	5
ENSG00000127585.12	FBXL16	chr16	692498	705808	5	5	5
ENSG00000279255.1	Z97653.2	chr16	707650	709067	5	5	5
ENSG00000259840.1	Z97653.1	chr16	710746	711277	5	5	5
ENSG00000103260.9	METRN	chr16	715118	719655	5	5	5
ENSG00000103254.10	ANTKMT	chr16	720581	722590	5	5	5
ENSG00000162004.18	CCDC78	chr16	722582	726954	5	5	5
ENSG00000103253.19	HAGHL	chr16	726936	735525	5	5	5
ENSG00000103245.14	CIAO3	chr16	729760	741329	5	5	5
ENSG00000102854.16	MSLN	chr16	760734	768865	5	5	5
ENSG00000279136.1	AL031258.1	chr16	769119	769443	5	5	5
ENSG00000162006.9	MSLNL	chr16	769428	783370	5	5	5
ENSG00000207579.1	MIR662	chr16	770183	770277	5	5	5
ENSG00000007376.8	RPUSD1	chr16	784974	788397	5	5	5
ENSG00000127586.17	CHTF18	chr16	788046	800737	5	5	5
ENSG00000127588.5	GNG13	chr16	798041	800734	5	5	5
ENSG00000287855.1	AL023882.1	chr16	817489	862843	5	5	5
ENSG00000275438.1	AL031008.1	chr16	848525	849065	5	5	5
ENSG00000103227.19	LMF1	chr16	853634	981318	5	5	5
ENSG00000260022.1	AL031716.1	chr16	883780	885090	5	5	5
ENSG00000260316.2	AL008727.1	chr16	898967	905224	5	5	5
ENSG00000260439.1	LMF1-AS1	chr16	921033	934495	5	5	5
ENSG00000276931.1	AC009041.3	chr16	968375	969012	5	5	5
ENSG00000260807.7	CEROX1	chr16	975761	981596	5	5	5
ENSG00000005513.10	SOX8	chr16	981770	986979	5	5	5
ENSG00000260496.3	AC009041.1	chr16	991151	1000926	5	5	5
ENSG00000261713.6	SSTR5-AS1	chr16	1064093	1078731	5	5	5
ENSG00000261720.1	AC009041.2	chr16	1065240	1066502	5	5	5
ENSG00000162009.8	SSTR5	chr16	1078781	1080142	5	5	5
ENSG00000184471.8	C1QTNF8	chr16	1088226	1096244	5	5	5
ENSG00000260702.3	AL031713.1	chr16	1101260	1105461	5	5	5
ENSG00000260532.1	AL031598.1	chr16	1111627	1113399	5	5	5
ENSG00000273551.1	AC120498.8	chr16	1148224	1148754	5	5	5
ENSG00000196557.13	CACNA1H	chr16	1153106	1221771	5	5	5
ENSG00000260403.1	AC120498.3	chr16	1156976	1157974	5	5	5
ENSG00000259910.1	AC120498.1	chr16	1159548	1160176	5	5	5
ENSG00000261294.1	AC120498.6	chr16	1206560	1207124	5	5	5
ENSG00000116176.6	TPSG1	chr16	1221651	1225257	5	5	5
ENSG00000277010.1	AC120498.10	chr16	1223639	1224143	5	5	5
ENSG00000197253.13	TPSB2	chr16	1227272	1230184	5	5	5
ENSG00000172236.18	TPSAB1	chr16	1240379	1242554	5	5	5
ENSG00000095917.14	TPSD1	chr16	1256059	1259008	5	5	5
ENSG00000260182.1	AC120498.2	chr16	1257339	1258074	5	5	5
ENSG00000196364.9	PRSS29P	chr16	1260952	1263845	5	5	5
ENSG00000261564.1	AC120498.7	chr16	1273751	1276522	5	5	5
ENSG00000260991.2	AC120498.5	chr16	1280161	1280544	5	5	5
ENSG00000260284.1	TPSP2	chr16	1286351	1288837	5	5	5
ENSG00000260710.1	AC120498.4	chr16	1294551	1299166	5	5	5
ENSG00000274751.1	AC120498.9	chr16	1305547	1309413	5	5	5
ENSG00000103275.21	UBE2I	chr16	1308880	1327018	5	5	5
ENSG00000261505.1	AL031714.1	chr16	1317891	1322845	5	5	5
ENSG00000219274.1	RPS20P2	chr16	1329078	1329777	5	5	5
ENSG00000007516.14	BAIAP3	chr16	1333638	1349441	5	5	5
ENSG00000007520.4	TSR3	chr16	1349240	1351878	5	5	5
ENSG00000090581.10	GNPTG	chr16	1351931	1364113	5	5	5
ENSG00000260425.1	AL031709.1	chr16	1358900	1361405	5	5	5
ENSG00000059145.19	UNKL	chr16	1363205	1414751	5	5	5
ENSG00000260132.1	AL032819.1	chr16	1408834	1412248	5	5	5
ENSG00000174109.5	C16orf91	chr16	1419752	1420756	5	5	5
ENSG00000284395.2	PERCC1	chr16	1431078	1434441	5	5	5
ENSG00000197599.12	CCDC154	chr16	1434383	1444556	5	5	5
ENSG00000279930.1	AL032819.2	chr16	1437154	1439315	5	5	5
ENSG00000103249.18	CLCN7	chr16	1444934	1475084	5	5	5
ENSG00000261641.2	AL031600.3	chr16	1445343	1446519	5	5	5
ENSG00000260051.1	AL031600.1	chr16	1451760	1452653	5	5	5
ENSG00000261430.1	AL031600.2	chr16	1467673	1472684	5	5	5
ENSG00000219027.2	RPS3AP2	chr16	1477830	1478583	5	5	5
ENSG00000251692.8	PTX4	chr16	1485886	1488981	5	5	5
ENSG00000100726.15	TELO2	chr16	1493344	1510457	5	5	5
ENSG00000187535.14	IFT140	chr16	1510427	1612072	5	5	5
ENSG00000260646.1	AL031705.1	chr16	1512979	1514675	5	5	5
ENSG00000131634.14	TMEM204	chr16	1528688	1555580	5	5	5
ENSG00000280062.1	AL031719.1	chr16	1530715	1533301	5	5	5
ENSG00000280231.1	AL031719.2	chr16	1553655	1554130	5	5	5
ENSG00000280327.1	Z97633.1	chr16	1576716	1578371	5	5	5
ENSG00000260954.1	AL133297.1	chr16	1579242	1580308	5	5	5
ENSG00000260989.1	AL133297.2	chr16	1580527	1610328	5	5	5
ENSG00000007545.16	CRAMP1	chr16	1612337	1677908	5	5	5
ENSG00000226890.1	Z97652.1	chr16	1625628	1626160	5	5	5
ENSG00000261732.1	AL031708.1	chr16	1632259	1686715	5	5	5
ENSG00000206053.13	JPT2	chr16	1678256	1702280	5	5	5
ENSG00000278987.1	AL031009.1	chr16	1688355	1690536	5	5	5
ENSG00000138834.14	MAPK8IP3	chr16	1706183	1770351	5	5	5
ENSG00000275092.1	AL031710.2	chr16	1707252	1707973	5	5	5
ENSG00000261399.1	AL031710.1	chr16	1713527	1714208	5	5	5
ENSG00000265820.1	MIR3177	chr16	1734985	1735066	5	5	5
ENSG00000261207.1	AL031717.1	chr16	1751559	1752262	5	5	5
ENSG00000103024.7	NME3	chr16	1770286	1771730	5	5	5
ENSG00000074071.15	MRPS34	chr16	1771890	1773150	5	5	5
ENSG00000197774.13	EME2	chr16	1772810	1781708	5	5	5
ENSG00000162032.16	SPSB3	chr16	1776712	1793700	5	5	5
ENSG00000095906.17	NUBP2	chr16	1782932	1789186	5	5	5
ENSG00000099769.6	IGFALS	chr16	1790413	1794971	5	5	5
ENSG00000063854.13	HAGH	chr16	1795620	1827157	5	5	5
ENSG00000180185.11	FAHD1	chr16	1826941	1840207	5	5	5
ENSG00000162039.17	MEIOB	chr16	1833986	1884294	5	5	5
ENSG00000260541.1	AL031722.1	chr16	1841020	1843547	5	5	5
ENSG00000281219.2	LINC00254	chr16	1878285	1884233	5	5	5
ENSG00000259947.1	LINC02124	chr16	1889114	1890434	5	5	5
ENSG00000162040.7	HS3ST6	chr16	1911475	1918415	5	5	5
ENSG00000198736.12	MSRB1	chr16	1938229	1943293	5	5	5
ENSG00000140986.8	RPL3L	chr16	1943974	1957606	5	5	5
ENSG00000140990.15	NDUFB10	chr16	1959538	1961975	5	5	5
ENSG00000140988.16	RPS2	chr16	1962058	1964841	5	5	5
ENSG00000206811.1	SNORA10	chr16	1962334	1962466	5	5	5
ENSG00000207405.1	SNORA64	chr16	1962973	1963106	5	5	5
ENSG00000255513.1	AC005363.1	chr16	1963745	1964095	5	5	5
ENSG00000255198.4	SNHG9	chr16	1964959	1965509	5	5	5
ENSG00000273587.1	SNORA78	chr16	1965184	1965310	5	5	5
ENSG00000179580.10	RNF151	chr16	1966823	1968975	5	5	5
ENSG00000277602.1	AC005363.2	chr16	1971655	1971896	5	5	5
ENSG00000183751.15	TBL3	chr16	1972053	1982929	5	5	5
ENSG00000196408.12	NOXO1	chr16	1978917	1984192	5	5	5
ENSG00000127554.13	GFER	chr16	1984193	1987749	5	5	5
ENSG00000261790.2	AC005606.2	chr16	1984877	1990477	5	5	5
ENSG00000127561.15	SYNGR3	chr16	1989660	1994275	5	5	5
ENSG00000260107.1	AC005606.1	chr16	1997654	1998374	5	5	5
ENSG00000167962.14	ZNF598	chr16	1997654	2009821	5	5	5
ENSG00000183971.10	NPW	chr16	2009926	2020755	5	5	5
ENSG00000265386.2	RN7SL219P	chr16	2013181	2013476	5	5	5
ENSG00000065054.14	SLC9A3R2	chr16	2025356	2039026	5	5	5
ENSG00000065057.9	NTHL1	chr16	2039815	2047866	5	5	5
ENSG00000103197.18	TSC2	chr16	2047967	2089491	5	5	5
ENSG00000008710.20	PKD1	chr16	2088708	2135898	5	5	5
ENSG00000221656.1	MIR1225	chr16	2090195	2090284	5	5	5
ENSG00000259933.6	AC009065.2	chr16	2091436	2095433	5	5	5
ENSG00000261123.1	AC009065.5	chr16	2094830	2097026	5	5	5
ENSG00000284008.1	MIR6511B1	chr16	2106669	2106753	5	5	5
ENSG00000261240.1	AC009065.6	chr16	2112335	2113342	5	5	5
ENSG00000260447.1	AC009065.3	chr16	2119207	2120248	5	5	5
ENSG00000200059.1	Y_RNA	chr16	2131851	2131950	5	5	5
ENSG00000265867.1	MIR4516	chr16	2133119	2133204	5	5	5
ENSG00000264397.1	MIR3180-5	chr16	2135977	2136129	5	5	5
ENSG00000167964.13	RAB26	chr16	2140803	2154165	5	5	5
ENSG00000260260.1	SNHG19	chr16	2154797	2155358	5	5	5
ENSG00000206630.1	SNORD60	chr16	2155023	2155105	5	5	5
ENSG00000281010.1	AC009065.9	chr16	2155025	2155104	5	5	5
ENSG00000131653.13	TRAF7	chr16	2155698	2178129	5	5	5
ENSG00000167971.16	CASKIN1	chr16	2177180	2196605	5	5	5
ENSG00000167965.18	MLST8	chr16	2204248	2209453	5	5	5
ENSG00000182685.7	BRICD5	chr16	2209253	2211950	5	5	5
ENSG00000184207.9	PGP	chr16	2211593	2214840	5	5	5
ENSG00000261532.1	AC009065.7	chr16	2211997	2212863	5	5	5
ENSG00000167967.16	E4F1	chr16	2223580	2235742	5	5	5
ENSG00000259780.3	AC009065.1	chr16	2235689	2236913	5	5	5
ENSG00000167968.13	DNASE1L2	chr16	2235816	2238711	5	5	5
ENSG00000167969.13	ECI1	chr16	2239402	2252300	5	5	5
ENSG00000261663.1	AC009065.8	chr16	2240487	2241818	5	5	5
ENSG00000205937.12	RNPS1	chr16	2253116	2268397	5	5	5
ENSG00000260778.5	AC009065.4	chr16	2268155	2273418	5	5	5
ENSG00000266643.1	MIR3677	chr16	2270713	2270772	5	5	5
ENSG00000284346.1	MIR940	chr16	2271747	2271840	5	5	5
ENSG00000264004.1	MIR4717	chr16	2274620	2274691	5	5	5
ENSG00000167972.14	ABCA3	chr16	2275881	2340746	5	5	5
ENSG00000243445.1	AC106820.1	chr16	2332313	2332732	5	5	5
ENSG00000238098.9	ABCA17P	chr16	2339150	2426699	5	5	5
ENSG00000162063.13	CCNF	chr16	2429394	2458854	5	5	5
ENSG00000285970.1	AC106820.6	chr16	2430702	2437103	5	5	5
ENSG00000283180.1	MIR6767	chr16	2445392	2445457	5	5	5
ENSG00000260095.1	AC106820.3	chr16	2452581	2452977	5	5	5
ENSG00000260874.5	AC106820.5	chr16	2456252	2459979	5	5	5
ENSG00000162062.15	TEDC2	chr16	2460086	2464963	5	5	5
ENSG00000274805.1	MIR6768	chr16	2463967	2464038	5	5	5
ENSG00000259895.1	AC106820.2	chr16	2464950	2468213	5	5	5
ENSG00000162068.2	NTN3	chr16	2471297	2474145	5	5	5
ENSG00000162065.14	TBC1D24	chr16	2475051	2509560	5	5	5
ENSG00000260293.2	AC106820.4	chr16	2476558	2482173	5	5	5
ENSG00000260272.1	AC093525.2	chr16	2496032	2520218	5	5	5
ENSG00000185883.12	ATP6V0C	chr16	2513952	2520218	5	5	5
ENSG00000259784.1	AC093525.1	chr16	2513965	2527955	5	5	5
ENSG00000279520.1	AC093525.8	chr16	2516658	2517999	5	5	5
ENSG00000162066.16	AMDHD2	chr16	2520357	2531422	5	5	5
ENSG00000205923.3	CEMP1	chr16	2530035	2531417	5	5	5
ENSG00000266232.1	MIR3178	chr16	2531922	2532005	5	5	5
ENSG00000140992.19	PDPK1	chr16	2537979	2603188	5	5	5
ENSG00000261613.2	AC093525.6	chr16	2554060	2556060	5	5	5
ENSG00000261288.1	AC093525.5	chr16	2554975	2556105	5	5	5
ENSG00000269937.1	AC093525.7	chr16	2561471	2565096	5	5	5
ENSG00000261140.1	AC093525.4	chr16	2569043	2571936	5	5	5
ENSG00000260436.1	AC093525.3	chr16	2571570	2572353	5	5	5
ENSG00000279568.1	AC093525.9	chr16	2575628	2577373	5	5	5
ENSG00000280402.1	AC093525.10	chr16	2578395	2579963	5	5	5
ENSG00000279162.1	AC141586.5	chr16	2592514	2594563	5	5	5
ENSG00000261093.1	AC141586.3	chr16	2597881	2599718	5	5	5
ENSG00000215154.6	AC141586.1	chr16	2603350	2630494	5	5	5
ENSG00000205918.9	PDPK2P	chr16	2616121	2643296	5	5	5
ENSG00000279057.1	AC141586.4	chr16	2620222	2621794	5	5	5
ENSG00000260176.1	AC141586.2	chr16	2644084	2645214	5	5	5
ENSG00000260565.7	ERVK13-1	chr16	2660348	2682379	5	5	5
ENSG00000167977.9	KCTD5	chr16	2682523	2709030	5	5	5
ENSG00000279901.1	AC092117.2	chr16	2683106	2684764	5	5	5
ENSG00000172382.10	PRSS27	chr16	2712419	2720551	5	5	5
ENSG00000205913.7	SRRM2-AS1	chr16	2737076	2752600	5	5	5
ENSG00000167978.17	SRRM2	chr16	2752626	2772538	5	5	5
ENSG00000103363.15	ELOB	chr16	2771414	2777280	5	5	5
ENSG00000276791.1	AC092117.1	chr16	2777319	2780568	5	5	5
ENSG00000103355.13	PRSS33	chr16	2783953	2787948	5	5	5
ENSG00000221719.1	SNORA3C	chr16	2796408	2796532	5	5	5
ENSG00000215148.11	PRSS41	chr16	2798470	2805304	5	5	5
ENSG00000007038.11	PRSS21	chr16	2817180	2826304	5	5	5
ENSG00000262154.1	EIF1P4	chr16	2822659	2822993	5	5	5
ENSG00000162078.11	ZG16B	chr16	2830169	2839585	5	5	5
ENSG00000172460.17	PRSS30P	chr16	2839568	2842744	5	5	5
ENSG00000005001.10	PRSS22	chr16	2852730	2858170	5	5	5
ENSG00000263325.1	AC003965.2	chr16	2857898	2859726	5	5	5
ENSG00000263280.2	AC003965.1	chr16	2866325	2868251	5	5	5
ENSG00000162076.13	FLYWCH2	chr16	2883213	2899382	5	5	5
ENSG00000059122.17	FLYWCH1	chr16	2911931	2951208	5	5	5
ENSG00000262959.2	RPL23AP86	chr16	2922662	2923202	5	5	5
ENSG00000262482.1	AC004034.1	chr16	2939714	2954276	5	5	5
ENSG00000131650.14	KREMEN2	chr16	2964216	2968383	5	5	5
ENSG00000127564.17	PKMYT1	chr16	2968024	2980479	5	5	5
ENSG00000162073.14	PAQR4	chr16	2969270	2973484	5	5	5
ENSG00000274367.1	AC004233.3	chr16	2981175	2981591	5	5	5
ENSG00000262152.7	LINC00514	chr16	2988256	3002016	5	5	5
ENSG00000262362.1	AC004233.1	chr16	3003431	3005101	5	5	5
ENSG00000288660.1	AC004233.4	chr16	3004132	3004859	5	5	5
ENSG00000272079.2	AC004233.2	chr16	3006120	3007388	5	5	5
ENSG00000213937.4	CLDN9	chr16	3012923	3014505	5	5	5
ENSG00000184697.7	CLDN6	chr16	3014712	3020071	5	5	5
ENSG00000006327.14	TNFRSF12A	chr16	3018445	3022383	5	5	5
ENSG00000103145.11	HCFC1R1	chr16	3022625	3024286	5	5	5
ENSG00000131652.14	THOC6	chr16	3024027	3027755	5	5	5
ENSG00000162069.16	BICDL2	chr16	3027682	3036944	5	5	5
ENSG00000205890.3	AC108134.1	chr16	3032481	3039133	5	5	5
ENSG00000261971.8	MMP25-AS1	chr16	3037400	3059370	5	5	5
ENSG00000008516.17	MMP25	chr16	3046561	3060726	5	5	5
ENSG00000008517.18	IL32	chr16	3065297	3082192	5	5	5
ENSG00000252561.1	RNU1-125P	chr16	3069523	3069651	5	5	5
ENSG00000262370.6	AC108134.3	chr16	3076911	3087111	5	5	5
ENSG00000200204.1	RNU1-22P	chr16	3086143	3086300	5	5	5
ENSG00000130182.8	ZSCAN10	chr16	3088890	3099295	5	5	5
ENSG00000263072.8	ZNF213-AS1	chr16	3100696	3143734	5	5	5
ENSG00000263011.1	AC108134.4	chr16	3106764	3109576	5	5	5
ENSG00000122386.11	ZNF205	chr16	3112560	3120517	5	5	5
ENSG00000085644.14	ZNF213	chr16	3129777	3142804	5	5	5
ENSG00000228146.8	CASP16P	chr16	3144015	3149963	5	5	5
ENSG00000261889.1	AC108134.2	chr16	3156736	3157483	5	5	5
ENSG00000262521.1	AJ003147.1	chr16	3181233	3184018	5	5	5
ENSG00000262668.2	AJ003147.2	chr16	3188204	3224779	5	5	5
ENSG00000168124.2	OR1F1	chr16	3204247	3205188	5	5	5
ENSG00000203581.7	OR1F2P	chr16	3215611	3216543	5	5	5
ENSG00000010539.12	ZNF200	chr16	3222325	3236221	5	5	5
ENSG00000103313.13	MEFV	chr16	3242027	3256633	5	5	5
ENSG00000281005.1	LINC00921	chr16	3263743	3267567	5	5	5
ENSG00000006194.10	ZNF263	chr16	3263800	3301401	5	5	5
ENSG00000279330.1	AJ003147.3	chr16	3273609	3275807	5	5	5
ENSG00000279031.1	AC004232.2	chr16	3292879	3293403	5	5	5
ENSG00000140993.11	TIGD7	chr16	3298808	3305729	5	5	5
ENSG00000162086.16	ZNF75A	chr16	3305406	3318852	5	5	5
ENSG00000262899.1	AC004232.1	chr16	3307573	3308393	5	5	5
ENSG00000262316.1	AC025283.1	chr16	3323192	3323925	5	5	5
ENSG00000168158.4	OR2C1	chr16	3355889	3357306	5	5	5
ENSG00000285329.1	AC025283.2	chr16	3365099	3479550	5	5	5
ENSG00000262118.1	MTCO1P28	chr16	3367719	3369246	5	5	5
ENSG00000263177.1	MTND1P8	chr16	3369957	3370906	5	5	5
ENSG00000232196.4	MTRNR2L4	chr16	3370979	3372668	5	5	5
ENSG00000140987.20	ZSCAN32	chr16	3382081	3401065	5	5	5
ENSG00000103343.13	ZNF174	chr16	3401215	3409364	5	5	5
ENSG00000167981.7	ZNF597	chr16	3432414	3443504	5	5	5
ENSG00000122390.19	NAA60	chr16	3443649	3486953	5	5	5
ENSG00000263212.2	AC004224.2	chr16	3458071	3515564	5	5	5
ENSG00000273776.1	MIR6126	chr16	3485381	3485469	5	5	5
ENSG00000215131.11	C16orf90	chr16	3493484	3495489	5	5	5
ENSG00000240311.1	AC004224.1	chr16	3496201	3496768	5	5	5
ENSG00000103351.13	CLUAP1	chr16	3500976	3539048	5	5	5
ENSG00000278942.1	AC004494.2	chr16	3533429	3534258	5	5	5
ENSG00000167984.18	NLRC3	chr16	3539033	3577403	5	5	5
ENSG00000262312.2	AC004494.1	chr16	3542739	3545785	5	5	5
ENSG00000261938.1	AC006111.1	chr16	3581181	3583266	5	5	5
ENSG00000188827.11	SLX4	chr16	3581181	3611606	5	5	5
ENSG00000213918.10	DNASE1	chr16	3611728	3680143	5	5	5
ENSG00000263235.1	AC006111.2	chr16	3650636	3651703	5	5	5
ENSG00000126602.11	TRAP1	chr16	3651639	3717553	5	5	5
ENSG00000276754.1	AC006111.3	chr16	3686998	3687380	5	5	5
ENSG00000005339.15	CREBBP	chr16	3725054	3880713	5	5	5
ENSG00000262516.1	AC007151.1	chr16	3840528	3841010	5	5	5
ENSG00000262185.3	LINC02861	chr16	3930806	3950586	5	5	5
ENSG00000162104.10	ADCY9	chr16	3953387	4116442	5	5	5
ENSG00000263159.1	AC005736.1	chr16	4032012	4032936	5	5	5
ENSG00000262471.1	AC009171.1	chr16	4130555	4130820	5	5	5
ENSG00000263105.1	AC009171.2	chr16	4180117	4183515	5	5	5
ENSG00000185739.13	SRL	chr16	4189374	4242080	5	5	5
ENSG00000262468.6	LINC01569	chr16	4243943	4253817	5	5	5
ENSG00000090447.12	TFAP4	chr16	4257186	4273075	5	5	5
ENSG00000126603.9	GLIS2	chr16	4314761	4339597	5	5	5
ENSG00000262686.1	GLIS2-AS1	chr16	4324667	4328340	5	5	5
ENSG00000217930.8	PAM16	chr16	4331549	4355607	5	5	5
ENSG00000262712.1	AC012676.1	chr16	4335870	4337818	5	5	5
ENSG00000103426.12	CORO7-PAM16	chr16	4340251	4420494	5	5	5
ENSG00000280063.1	AC012676.5	chr16	4346694	4348648	5	5	5
ENSG00000262246.6	CORO7	chr16	4354542	4425705	5	5	5
ENSG00000168140.5	VASN	chr16	4371848	4383538	5	5	5
ENSG00000103423.14	DNAJA3	chr16	4425805	4456775	5	5	5
ENSG00000277170.1	AC012676.3	chr16	4426902	4427380	5	5	5
ENSG00000277440.1	AC012676.4	chr16	4430522	4431103	5	5	5
ENSG00000275515.1	AC012676.2	chr16	4433202	4433387	5	5	5
ENSG00000153406.14	NMRAL1	chr16	4461691	4495763	5	5	5
ENSG00000103415.12	HMOX2	chr16	4474690	4510347	5	5	5
ENSG00000089486.17	CDIP1	chr16	4510669	4538828	5	5	5
ENSG00000278434.1	AC023830.3	chr16	4532216	4533670	5	5	5
ENSG00000205832.7	C16orf96	chr16	4556490	4600714	5	5	5
ENSG00000261789.1	AC023830.2	chr16	4560001	4561662	5	5	5
ENSG00000261612.1	SUB1P3	chr16	4562814	4563128	5	5	5
ENSG00000153443.13	UBALD1	chr16	4608883	4615027	5	5	5
ENSG00000102858.13	MGRN1	chr16	4616493	4690974	5	5	5
ENSG00000263955.2	RN7SL850P	chr16	4633591	4633881	5	5	5
ENSG00000261442.1	AC023830.1	chr16	4634329	4640623	5	5	5
ENSG00000278700.1	Metazoa_SRP	chr16	4658851	4659151	5	5	5
ENSG00000276641.1	MIR6769A	chr16	4671318	4671390	5	5	5
ENSG00000168101.14	NUDT16L1	chr16	4693694	4695859	5	5	5
ENSG00000168096.15	ANKS3	chr16	4696510	4734378	5	5	5
ENSG00000266994.1	AC020663.1	chr16	4730115	4752565	5	5	5
ENSG00000166246.14	C16orf71	chr16	4734344	4749396	5	5	5
ENSG00000103199.14	ZNF500	chr16	4748239	4767624	5	5	5
ENSG00000276096.1	Metazoa_SRP	chr16	4756338	4756633	5	5	5
ENSG00000140623.14	SEPTIN12	chr16	4777606	4788398	5	5	5
ENSG00000285952.1	AC020663.4	chr16	4777939	4801423	5	5	5
ENSG00000267795.6	SMIM22	chr16	4788397	4796491	5	5	5
ENSG00000267077.1	AC020663.2	chr16	4795265	4796532	5	5	5
ENSG00000067836.13	ROGDI	chr16	4796968	4802880	5	5	5
ENSG00000140632.17	GLYR1	chr16	4803203	4847288	5	5	5
ENSG00000275056.1	AC020663.3	chr16	4839244	4840334	5	5	5
ENSG00000118900.15	UBN1	chr16	4846665	4882401	5	5	5
ENSG00000118898.16	PPL	chr16	4882507	4960741	5	5	5
ENSG00000103184.12	SEC14L5	chr16	4958330	5019157	5	5	5
ENSG00000267072.2	NAGPA-AS1	chr16	5010909	5043999	5	5	5
ENSG00000103174.13	NAGPA	chr16	5024844	5034141	5	5	5
ENSG00000033011.13	ALG1	chr16	5033923	5087379	5	5	5
ENSG00000153446.16	C16orf89	chr16	5044122	5066110	5	5	5
ENSG00000260882.1	AC026458.1	chr16	5078168	5078605	5	5	5
ENSG00000118894.15	EEF2KMT	chr16	5084284	5097795	5	5	5
ENSG00000267070.1	AC026458.2	chr16	5098739	5142595	5	5	5
ENSG00000285567.2	AC074051.3	chr16	5103339	5235822	5	5	5
ENSG00000273963.1	ENPP7P14	chr16	5110793	5148685	5	5	5
ENSG00000260431.2	AC074051.1	chr16	5207088	5207439	5	5	5
ENSG00000261811.2	LINC02164	chr16	5215243	5220843	5	5	5
ENSG00000078328.22	RBFOX1	chr16	5239802	7713340	5	5	5
ENSG00000260817.2	AC074051.2	chr16	5260686	5261043	5	5	5
ENSG00000242278.1	RPS3AP48	chr16	5270174	5270954	5	5	5
ENSG00000267182.1	SNRPCP20	chr16	5289200	5289409	5	5	5
ENSG00000261007.2	NPM1P3	chr16	5365797	5366688	5	5	5
ENSG00000260338.2	LINC01570	chr16	5596856	5616373	5	5	5
ENSG00000273648.1	MIR8065	chr16	5632467	5632566	5	5	5
ENSG00000270440.1	AC012175.1	chr16	5838131	5838661	5	5	5
ENSG00000280000.1	AC009135.2	chr16	6037210	6038977	5	5	5
ENSG00000257180.1	AC009135.1	chr16	6056975	6092954	5	5	5
ENSG00000286635.1	AC006112.1	chr16	6380476	6395578	5	5	5
ENSG00000260835.1	AC007223.1	chr16	6573767	6577359	5	5	5
ENSG00000278975.1	AC007012.2	chr16	6703883	6705558	5	5	5
ENSG00000259963.1	AC007012.1	chr16	6721786	6721960	5	5	5
ENSG00000252080.1	RNU7-99P	chr16	6748908	6748969	5	5	5
ENSG00000200869.1	RNU6-457P	chr16	6873899	6874005	5	5	5
ENSG00000212189.1	RNU6-328P	chr16	7004007	7004112	5	5	5
ENSG00000240419.1	AC022206.1	chr16	7126293	7126639	5	5	5
ENSG00000287340.1	AC007222.2	chr16	7301605	7304638	5	5	5
ENSG00000283584.1	AC007222.1	chr16	7431217	7431296	5	5	5
ENSG00000261198.1	AC005774.2	chr16	7614230	7614992	5	5	5
ENSG00000252138.1	AC005774.1	chr16	7726841	7726951	5	5	5
ENSG00000260289.2	AC093515.1	chr16	7878799	8112756	5	5	5
ENSG00000260003.1	AC018767.2	chr16	8276263	8295700	5	5	5
ENSG00000261319.1	LINC02152	chr16	8298492	8299772	5	5	5
ENSG00000260058.1	AC018767.3	chr16	8309962	8357860	5	5	5
ENSG00000259819.1	AC018767.1	chr16	8369864	8376276	5	5	5
ENSG00000260379.1	AC074052.1	chr16	8508069	8508585	5	5	5
ENSG00000261066.1	AC074052.2	chr16	8526549	8532013	5	5	5
ENSG00000232258.6	TMEM114	chr16	8537605	8590193	5	5	5
ENSG00000287522.1	AC138420.1	chr16	8615855	8618033	5	5	5
ENSG00000067365.15	METTL22	chr16	8621683	8649654	5	5	5
ENSG00000279357.1	AC007224.2	chr16	8666762	8667271	5	5	5
ENSG00000183044.12	ABAT	chr16	8674596	8784575	5	5	5
ENSG00000243954.3	RN7SL743P	chr16	8683254	8683551	5	5	5
ENSG00000238417.1	RNU7-63P	chr16	8705456	8705517	5	5	5
ENSG00000260764.1	AC007224.1	chr16	8731416	8731559	5	5	5
ENSG00000184857.8	TMEM186	chr16	8780384	8797642	5	5	5
ENSG00000140650.12	PMM2	chr16	8788823	8849325	5	5	5
ENSG00000260350.1	AC012173.1	chr16	8847650	8848724	5	5	5
ENSG00000260276.2	AC022167.2	chr16	8848105	8860456	5	5	5
ENSG00000153048.11	CARHSP1	chr16	8852942	8869012	5	5	5
ENSG00000259939.1	AC022167.1	chr16	8853312	8854347	5	5	5
ENSG00000261481.1	AC022167.4	chr16	8869251	8870032	5	5	5
ENSG00000283516.1	LITAFD	chr16	8881634	8885351	5	5	5
ENSG00000187555.16	USP7	chr16	8892097	8975328	5	5	5
ENSG00000260979.1	AC022167.3	chr16	8962706	8966990	5	5	5
ENSG00000261392.1	AC087190.2	chr16	9068554	9072412	5	5	5
ENSG00000182831.12	C16orf72	chr16	9091644	9121635	5	5	5
ENSG00000263244.2	AC087190.3	chr16	9104848	9113181	5	5	5
ENSG00000260349.1	AC087190.1	chr16	9105834	9107174	5	5	5
ENSG00000220793.5	RPL21P119	chr16	9156402	9156881	5	5	5
ENSG00000261617.2	LINC02177	chr16	9355588	9408093	5	5	5
ENSG00000260071.2	AC012178.1	chr16	9365540	9518325	5	5	5
ENSG00000261397.1	LINC01177	chr16	9441294	9444985	5	5	5
ENSG00000261075.1	LINC01195	chr16	9446010	9455505	5	5	5
ENSG00000283003.2	AC007221.1	chr16	9541970	9614899	5	5	5
ENSG00000200468.1	RNA5SP403	chr16	9564390	9564497	5	5	5
ENSG00000252927.1	RNA5SP404	chr16	9600097	9600228	5	5	5
ENSG00000260362.1	AC007218.1	chr16	9666885	9676843	5	5	5
ENSG00000183454.18	GRIN2A	chr16	9753404	10182928	5	5	5
ENSG00000283221.1	AC007218.2	chr16	9794637	9805571	5	5	5
ENSG00000287830.1	AC007218.3	chr16	9808856	9810726	5	5	5
ENSG00000261810.1	AC133565.1	chr16	10033684	10037297	5	5	5
ENSG00000261647.1	IMPDH1P11	chr16	10111382	10112885	5	5	5
ENSG00000285543.1	AC022168.1	chr16	10214784	10227581	5	5	5
ENSG00000266439.2	RN7SL493P	chr16	10221775	10222073	5	5	5
ENSG00000166669.13	ATF7IP2	chr16	10326434	10483638	5	5	5
ENSG00000260756.1	AC131649.1	chr16	10351440	10352752	5	5	5
ENSG00000279662.1	AC131649.2	chr16	10445309	10449747	5	5	5
ENSG00000199482.1	RNU6-633P	chr16	10496272	10496374	5	5	5
ENSG00000260468.1	LINC01290	chr16	10514842	10528202	5	5	5
ENSG00000213853.10	EMP2	chr16	10528422	10580632	5	5	5
ENSG00000256013.1	AC027277.1	chr16	10529440	10532082	5	5	5
ENSG00000260310.1	AC027277.2	chr16	10576499	10578183	5	5	5
ENSG00000153060.8	TEKT5	chr16	10627501	10694930	5	5	5
ENSG00000263279.1	AC007595.1	chr16	10691273	10692973	5	5	5
ENSG00000263241.1	MTCYBP33	chr16	10718633	10719762	5	5	5
ENSG00000262107.1	MTND6P33	chr16	10719833	10720015	5	5	5
ENSG00000261904.1	MTND5P33	chr16	10720015	10721464	5	5	5
ENSG00000262322.1	MTND4P34	chr16	10721698	10723068	5	5	5
ENSG00000262259.1	MTND4LP24	chr16	10723065	10723355	5	5	5
ENSG00000263196.1	MTND3P13	chr16	10723424	10723766	5	5	5
ENSG00000262158.1	MTCO3P24	chr16	10723836	10724617	5	5	5
ENSG00000262381.1	MTATP6P24	chr16	10724620	10725296	5	5	5
ENSG00000103274.11	NUBP1	chr16	10743786	10769351	5	5	5
ENSG00000166676.17	TVP23A	chr16	10760919	10818794	5	5	5
ENSG00000262488.1	AC133065.2	chr16	10840384	10841544	5	5	5
ENSG00000262151.1	AC133065.1	chr16	10864914	10888752	5	5	5
ENSG00000179583.19	CIITA	chr16	10866222	10943021	5	5	5
ENSG00000182108.11	DEXI	chr16	10928891	10942468	5	5	5
ENSG00000280153.1	AC133065.3	chr16	10933903	10936280	5	5	5
ENSG00000038532.16	CLEC16A	chr16	10944564	11182186	5	5	5
ENSG00000229917.2	RPL7P46	chr16	11027024	11027763	5	5	5
ENSG00000274038.1	AC007014.2	chr16	11056556	11057034	5	5	5
ENSG00000262020.1	AC007014.1	chr16	11066496	11071102	5	5	5
ENSG00000287121.1	AC007220.2	chr16	11155298	11162818	5	5	5
ENSG00000263033.2	AC007220.1	chr16	11196177	11224969	5	5	5
ENSG00000263179.1	HNRNPCP4	chr16	11242653	11243552	5	5	5
ENSG00000175643.10	RMI2	chr16	11249619	11381662	5	5	5
ENSG00000185338.6	SOCS1	chr16	11254408	11256204	5	5	5
ENSG00000178279.4	TNP2	chr16	11267748	11269533	5	5	5
ENSG00000178257.4	PRM3	chr16	11273199	11273629	5	5	5
ENSG00000212228.1	AC009121.1	chr16	11274113	11274236	5	5	5
ENSG00000122304.11	PRM2	chr16	11275639	11276480	5	5	5
ENSG00000175646.4	PRM1	chr16	11280841	11281330	5	5	5
ENSG00000287429.1	AC009121.4	chr16	11290569	11294906	5	5	5
ENSG00000221801.1	MIR548H2	chr16	11306440	11306527	5	5	5
ENSG00000199668.1	Y_RNA	chr16	11315067	11315178	5	5	5
ENSG00000263080.1	AC009121.3	chr16	11341809	11345211	5	5	5
ENSG00000262703.1	AC009121.2	chr16	11348143	11349321	5	5	5
ENSG00000188897.9	AC099489.1	chr16	11359845	11527245	5	5	5
ENSG00000262636.1	AC099489.2	chr16	11380859	11381118	5	5	5
ENSG00000262999.1	AC099489.3	chr16	11465260	11473174	5	5	5
ENSG00000189067.13	LITAF	chr16	11547722	11636381	5	5	5
ENSG00000184602.6	SNN	chr16	11668455	11679152	5	5	5
ENSG00000153066.13	TXNDC11	chr16	11679083	11742857	5	5	5
ENSG00000262420.3	AC007613.1	chr16	11741910	11744506	5	5	5
ENSG00000122299.12	ZC3H7A	chr16	11750586	11797258	5	5	5
ENSG00000274505.1	Metazoa_SRP	chr16	11753666	11753948	5	5	5
ENSG00000277369.1	AC010654.1	chr16	11797468	11798275	5	5	5
ENSG00000262117.5	BCAR4	chr16	11819829	11828845	5	5	5
ENSG00000171490.13	RSL1D1	chr16	11833850	11851580	5	5	5
ENSG00000263307.1	AC007216.4	chr16	11851649	11895611	5	5	5
ENSG00000103342.13	GSPT1	chr16	11868128	11916082	5	5	5
ENSG00000261560.1	AC007216.3	chr16	11881075	11882569	5	5	5
ENSG00000260318.1	COX6CP1	chr16	11903923	11904137	5	5	5
ENSG00000261216.1	AC007216.2	chr16	11908208	11908916	5	5	5
ENSG00000277458.1	AC007216.5	chr16	11926199	11926307	5	5	5
ENSG00000234719.9	NPIPB2	chr16	11927259	11976643	5	5	5
ENSG00000048462.11	TNFRSF17	chr16	11965210	11968068	5	5	5
ENSG00000260224.1	UBL5P4	chr16	11968508	11968743	5	5	5
ENSG00000048471.14	SNX29	chr16	11976734	12574287	5	5	5
ENSG00000260488.1	AC007216.1	chr16	11976851	11977850	5	5	5
ENSG00000241641.1	RPS23P6	chr16	12081237	12081902	5	5	5
ENSG00000175604.2	AC007601.1	chr16	12086746	12090302	5	5	5
ENSG00000261293.1	AC007601.2	chr16	12093627	12095307	5	5	5
ENSG00000238685.1	AC092365.1	chr16	12297197	12297323	5	5	5
ENSG00000261394.1	AC007598.2	chr16	12366982	12372582	5	5	5
ENSG00000260723.1	AC007598.1	chr16	12372812	12373899	5	5	5
ENSG00000278979.1	AC007598.3	chr16	12374355	12376032	5	5	5
ENSG00000260601.1	AC131391.1	chr16	12545482	12546684	5	5	5
ENSG00000259876.1	AC010333.1	chr16	12556353	12557694	5	5	5
ENSG00000259899.1	AC010333.2	chr16	12560756	12611044	5	5	5
ENSG00000274834.1	AC010333.3	chr16	12614451	12614852	5	5	5
ENSG00000103381.12	CPPED1	chr16	12659799	12803887	5	5	5
ENSG00000264733.1	MIR4718	chr16	12720321	12720371	5	5	5
ENSG00000260378.1	AC109597.1	chr16	12745873	12757835	5	5	5
ENSG00000261158.1	AC109597.2	chr16	12759282	12761162	5	5	5
ENSG00000199474.1	AC092324.1	chr16	12842487	12842610	5	5	5
ENSG00000241932.1	RPL35AP34	chr16	12881170	12881493	5	5	5
ENSG00000237515.9	SHISA9	chr16	12901598	13240416	5	5	5
ENSG00000262116.1	AC009134.1	chr16	13197606	13204907	5	5	5
ENSG00000262801.6	U91319.1	chr16	13246232	13563388	5	5	5
ENSG00000262011.1	AC003009.1	chr16	13331368	13332583	5	5	5
ENSG00000262235.2	TMF1P1	chr16	13458326	13458698	5	5	5
ENSG00000262267.6	U95743.1	chr16	13728654	13779760	5	5	5
ENSG00000175595.15	ERCC4	chr16	13920154	13952348	5	5	5
ENSG00000242307.1	RPS26P52	chr16	13922332	13922679	5	5	5
ENSG00000262732.1	AC010401.1	chr16	13930677	13935635	5	5	5
ENSG00000263234.1	AC010401.2	chr16	13953155	13954825	5	5	5
ENSG00000262097.2	LINC02185	chr16	14001320	14016056	5	5	5
ENSG00000261856.1	LINC02186	chr16	14018880	14021077	5	5	5
ENSG00000186260.17	MRTFB	chr16	14071319	14266773	5	5	5
ENSG00000276564.1	AC130650.2	chr16	14150833	14153235	5	5	5
ENSG00000262529.1	AC130650.1	chr16	14191820	14200277	5	5	5
ENSG00000262470.2	TVP23CP2	chr16	14200357	14200979	5	5	5
ENSG00000201075.2	Y_RNA	chr16	14275508	14275600	5	5	5
ENSG00000262454.4	MIR193BHG	chr16	14301389	14331067	5	5	5
ENSG00000207639.1	MIR193B	chr16	14303967	14304049	5	5	5
ENSG00000199130.3	MIR365A	chr16	14309285	14309371	5	5	5
ENSG00000260009.1	LINC02130	chr16	14363109	14370266	5	5	5
ENSG00000263257.3	AC040173.1	chr16	14407668	14418908	5	5	5
ENSG00000140694.17	PARN	chr16	14435700	14632728	5	5	5
ENSG00000242430.3	RN7SL274P	chr16	14601823	14602094	5	5	5
ENSG00000103429.11	BFAR	chr16	14632931	14669236	5	5	5
ENSG00000238964.1	RNU7-125P	chr16	14643788	14643849	5	5	5
ENSG00000069764.10	PLA2G10	chr16	14672548	14694308	5	5	5
ENSG00000261523.1	AC009167.1	chr16	14695567	14707055	5	5	5
ENSG00000224712.12	NPIPA3	chr16	14708944	14726338	5	5	5
ENSG00000254609.1	AC136443.1	chr16	14727282	14733347	5	5	5
ENSG00000261695.1	AC136443.4	chr16	14734685	14746177	5	5	5
ENSG00000254852.8	NPIPA2	chr16	14748066	14765413	5	5	5
ENSG00000255037.1	AC136443.2	chr16	14766402	14770075	5	5	5
ENSG00000255277.3	ABCC6P2	chr16	14820792	14824702	5	5	5
ENSG00000103512.15	NOMO1	chr16	14833721	14896157	5	5	5
ENSG00000270734.1	AC136443.5	chr16	14862380	14862749	5	5	5
ENSG00000257264.5	AC136443.3	chr16	14901499	14902174	5	5	5
ENSG00000284305.1	MIR3179-1	chr16	14901508	14901591	5	5	5
ENSG00000263918.1	MIR3670-1	chr16	14907717	14907781	5	5	5
ENSG00000258354.1	AC138932.1	chr16	14909887	14911345	5	5	5
ENSG00000265537.1	MIR3180-1	chr16	14911220	14911313	5	5	5
ENSG00000183458.14	PKD1P3	chr16	14911551	14935708	5	5	5
ENSG00000207425.1	Y_RNA	chr16	14915457	14915556	5	5	5
ENSG00000183426.17	NPIPA1	chr16	14922802	14952060	5	5	5
ENSG00000275259.1	MIR6511A1	chr16	14925937	14926003	5	5	5
ENSG00000278265.1	MIR6770-1	chr16	14930820	14930879	5	5	5
ENSG00000273804.1	AC138932.3	chr16	14953012	14953120	5	5	5
ENSG00000179889.19	PDXDC1	chr16	14974591	15139339	5	5	5
ENSG00000261819.1	AC138932.2	chr16	14988259	14990160	5	5	5
ENSG00000238728.1	MIR1972-1	chr16	15010321	15010397	5	5	5
ENSG00000275910.1	AC138932.4	chr16	15015828	15016390	5	5	5
ENSG00000157045.9	NTAN1	chr16	15037854	15056079	5	5	5
ENSG00000085721.13	RRN3	chr16	15060033	15094311	5	5	5
ENSG00000260735.2	AC139256.1	chr16	15094411	15109197	5	5	5
ENSG00000188599.17	NPIPP1	chr16	15104312	15123498	5	5	5
ENSG00000270580.5	PKD1P6-NPIPP1	chr16	15104723	15131601	5	5	5
ENSG00000250251.6	PKD1P6	chr16	15125242	15154564	5	5	5
ENSG00000283346.1	MIR6511B2	chr16	15134075	15134145	5	5	5
ENSG00000207294.1	Y_RNA	chr16	15150697	15150796	5	5	5
ENSG00000264115.1	MIR3180-4	chr16	15154850	15155002	5	5	5
ENSG00000257391.1	AC126763.1	chr16	15154903	15157020	5	5	5
ENSG00000277770.1	AC137803.1	chr16	15358978	15362674	5	5	5
ENSG00000183793.14	NPIPA5	chr16	15363628	15381047	5	5	5
ENSG00000156968.9	MPV17L	chr16	15395754	15413271	5	5	5
ENSG00000261130.5	AC140504.1	chr16	15395754	15515348	5	5	5
ENSG00000166780.11	BMERB1	chr16	15434475	15625028	5	5	5
ENSG00000166783.22	MARF1	chr16	15594387	15643154	5	5	5
ENSG00000257769.1	AC026401.1	chr16	15608474	15610563	5	5	5
ENSG00000284184.1	MIR6506	chr16	15611030	15611095	5	5	5
ENSG00000072864.16	NDE1	chr16	15643267	15734691	5	5	5
ENSG00000283736.1	MIR484	chr16	15643294	15643372	5	5	5
ENSG00000262380.1	AC026401.2	chr16	15683290	15684570	5	5	5
ENSG00000280206.1	AC026401.3	chr16	15701237	15702118	5	5	5
ENSG00000133392.18	MYH11	chr16	15703135	15857028	5	5	5
ENSG00000263335.1	AF001548.2	chr16	15726674	15732993	5	5	5
ENSG00000263065.1	AF001548.1	chr16	15741151	15741791	5	5	5
ENSG00000280429.1	AF001548.3	chr16	15790975	15792717	5	5	5
ENSG00000133393.13	CEP20	chr16	15865719	15888625	5	5	5
ENSG00000206778.1	RNU6-213P	chr16	15877163	15877266	5	5	5
ENSG00000262171.1	AC130651.1	chr16	15885029	15886158	5	5	5
ENSG00000215003.4	RPL15P20	chr16	15931697	15932294	5	5	5
ENSG00000103222.20	ABCC1	chr16	15949138	16143257	5	5	5
ENSG00000241067.2	RPL17P40	chr16	16094192	16095209	5	5	5
ENSG00000091262.16	ABCC6	chr16	16149565	16223522	5	5	5
ENSG00000262332.1	AC136624.1	chr16	16223027	16224261	5	5	5
ENSG00000103226.19	NOMO3	chr16	16232506	16300806	5	5	5
ENSG00000263029.1	AC136624.3	chr16	16260866	16261235	5	5	5
ENSG00000262848.1	AC136624.2	chr16	16290135	16292242	5	5	5
ENSG00000257381.3	MIR3179-2	chr16	16300159	16300242	5	5	5
ENSG00000264722.1	MIR3670-2	chr16	16306370	16306434	5	5	5
ENSG00000257366.1	AC138969.2	chr16	16308542	16310000	5	5	5
ENSG00000265373.2	MIR3180-2	chr16	16309879	16309966	5	5	5
ENSG00000244257.5	PKD1P1	chr16	16310341	16334190	5	5	5
ENSG00000206706.1	Y_RNA	chr16	16314112	16314211	5	5	5
ENSG00000183889.12	AC138969.1	chr16	16317444	16350590	5	5	5
ENSG00000278221.1	MIR6511A2	chr16	16324588	16324654	5	5	5
ENSG00000277698.1	MIR6770-2	chr16	16329305	16329364	5	5	5
ENSG00000277920.1	AC138969.3	chr16	16351545	16351653	5	5	5
ENSG00000227827.3	PKD1P2	chr16	16356224	16377507	5	5	5
ENSG00000276311.1	MIR6511A3	chr16	16368876	16368942	5	5	5
ENSG00000214967.5	NPIPA7	chr16	16379055	16393954	5	5	5
ENSG00000261181.1	AC136619.1	chr16	16394912	16398594	5	5	5
ENSG00000260126.2	AC136431.1	chr16	16499533	16664135	5	5	5
ENSG00000261362.1	AC136619.2	chr16	16541217	16541847	5	5	5
ENSG00000287905.1	AC136431.2	chr16	16612378	16633991	5	5	5
ENSG00000279729.1	AC092326.1	chr16	16760905	16762465	5	5	5
ENSG00000261748.1	AC098965.1	chr16	16952502	16953468	5	5	5
ENSG00000279490.1	AC109446.3	chr16	17082295	17085049	5	5	5
ENSG00000260675.1	TCERG1P2	chr16	17094351	17094927	5	5	5
ENSG00000260405.1	AC109446.1	chr16	17096202	17096421	5	5	5
ENSG00000103489.12	XYLT1	chr16	17101769	17470960	5	5	5
ENSG00000261448.1	AC109446.2	chr16	17134504	17138736	5	5	5
ENSG00000279410.1	AC099494.1	chr16	17192863	17194232	5	5	5
ENSG00000279415.1	AC099494.2	chr16	17227023	17228000	5	5	5
ENSG00000279620.1	AC099494.3	chr16	17249674	17251395	5	5	5
ENSG00000286849.1	AC009152.6	chr16	17405678	17408073	5	5	5
ENSG00000275927.1	AC009152.1	chr16	17445825	17446380	5	5	5
ENSG00000285850.1	AC009152.3	chr16	17453470	17456236	5	5	5
ENSG00000260945.1	AC109495.1	chr16	17540331	17540985	5	5	5
ENSG00000261555.1	AC025277.1	chr16	17825252	17826906	5	5	5
ENSG00000228071.4	RPL7P47	chr16	17932720	17933275	5	5	5
ENSG00000259929.5	AC010601.1	chr16	17933189	18151595	5	5	5
ENSG00000280283.1	AC010601.2	chr16	17961597	17962370	5	5	5
ENSG00000260242.1	AC091489.1	chr16	18002806	18173063	5	5	5
ENSG00000260933.1	AC091489.2	chr16	18170356	18170959	5	5	5
ENSG00000278994.1	AC008785.1	chr16	18201501	18201956	5	5	5
ENSG00000276484.1	AC126755.3	chr16	18313294	18316984	5	5	5
ENSG00000214940.8	NPIPA8	chr16	18317942	18336736	5	5	5
ENSG00000285628.1	AC126755.5	chr16	18318008	18344283	5	5	5
ENSG00000205746.9	PKD1P4	chr16	18334400	18352476	5	5	5
ENSG00000273613.1	MIR6511A4	chr16	18344013	18344079	5	5	5
ENSG00000277647.1	AC126755.4	chr16	18357026	18357136	5	5	5
ENSG00000233024.7	NPIPA9	chr16	18358086	18379331	5	5	5
ENSG00000254681.6	PKD1P5	chr16	18374521	18401940	5	5	5
ENSG00000275391.1	MIR6770-3	chr16	18379351	18379410	5	5	5
ENSG00000206927.1	Y_RNA	chr16	18397937	18398036	5	5	5
ENSG00000257563.1	AC126755.2	chr16	18402146	18403604	5	5	5
ENSG00000266291.1	MIR3180-3	chr16	18402178	18402271	5	5	5
ENSG00000265776.1	MIR3670-3	chr16	18405698	18405762	5	5	5
ENSG00000257527.1	AC126755.1	chr16	18411309	18411851	5	5	5
ENSG00000266454.1	MIR3179-3	chr16	18411894	18411977	5	5	5
ENSG00000185164.14	NOMO2	chr16	18417325	18562211	5	5	5
ENSG00000274025.1	MIR3670-4	chr16	18488301	18488365	5	5	5
ENSG00000277014.1	MIR3179-4	chr16	18494493	18494576	5	5	5
ENSG00000262974.1	AC136618.2	chr16	18533418	18533817	5	5	5
ENSG00000260550.2	AC136618.1	chr16	18570448	18571683	5	5	5
ENSG00000256340.8	ABCC6P1	chr16	18571162	18598328	5	5	5
ENSG00000134419.15	RPS15A	chr16	18781295	18790383	5	5	5
ENSG00000260342.2	AC138811.2	chr16	18788063	18801519	5	5	5
ENSG00000170540.15	ARL6IP1	chr16	18791669	18801572	5	5	5
ENSG00000260017.1	AC138811.1	chr16	18803083	18812181	5	5	5
ENSG00000157106.17	SMG1	chr16	18804860	18926408	5	5	5
ENSG00000260352.1	AC092287.1	chr16	18926863	18937043	5	5	5
ENSG00000170537.13	TMC7	chr16	18983934	19063942	5	5	5
ENSG00000207167.1	RNU6-1340P	chr16	19012157	19012263	5	5	5
ENSG00000261465.7	AC099518.4	chr16	19062144	19067691	5	5	5
ENSG00000261357.1	AC099518.2	chr16	19065991	19066694	5	5	5
ENSG00000167186.11	COQ7	chr16	19067614	19080095	5	5	5
ENSG00000260430.2	AC099518.1	chr16	19086831	19098332	5	5	5
ENSG00000278389.1	AC099518.6	chr16	19111035	19111484	5	5	5
ENSG00000205730.6	ITPRIPL2	chr16	19113932	19121629	5	5	5
ENSG00000261427.6	AC099518.3	chr16	19114002	19173578	5	5	5
ENSG00000261759.1	AC099518.5	chr16	19119976	19121629	5	5	5
ENSG00000103528.17	SYT17	chr16	19167971	19268332	5	5	5
ENSG00000286790.1	AC010494.1	chr16	19180748	19184060	5	5	5
ENSG00000261210.8	CLEC19A	chr16	19285731	19322145	5	5	5
ENSG00000259871.1	AC130456.1	chr16	19315164	19316526	5	5	5
ENSG00000285869.1	LINC02858	chr16	19334011	19337804	5	5	5
ENSG00000259925.1	AC130456.2	chr16	19343647	19401693	5	5	5
ENSG00000280265.1	AC130456.7	chr16	19392213	19393468	5	5	5
ENSG00000103534.17	TMC5	chr16	19410496	19499113	5	5	5
ENSG00000260681.1	AC130456.4	chr16	19410729	19411662	5	5	5
ENSG00000260592.1	AC130456.3	chr16	19476916	19487899	5	5	5
ENSG00000222750.1	RNU4-46P	chr16	19498610	19498747	5	5	5
ENSG00000260934.1	AC130456.5	chr16	19501689	19502286	5	5	5
ENSG00000006007.12	GDE1	chr16	19501693	19522123	5	5	5
ENSG00000279747.1	AC130456.6	chr16	19503861	19504625	5	5	5
ENSG00000103540.16	CCP110	chr16	19523811	19553408	5	5	5
ENSG00000103544.15	VPS35L	chr16	19555240	19706793	5	5	5
ENSG00000276571.1	AC002550.2	chr16	19694035	19694428	5	5	5
ENSG00000103550.14	KNOP1	chr16	19701937	19718235	5	5	5
ENSG00000261312.1	AC002550.1	chr16	19706351	19715383	5	5	5
ENSG00000174628.16	IQCK	chr16	19716456	19858467	5	5	5
ENSG00000261195.1	AC027130.1	chr16	19761172	19766099	5	5	5
ENSG00000261939.1	LARP7P2	chr16	19819504	19819628	5	5	5
ENSG00000167191.12	GPRC5B	chr16	19856691	19886167	5	5	5
ENSG00000180269.8	GPR139	chr16	20028239	20073890	5	5	5
ENSG00000277211.1	AC092132.2	chr16	20155648	20158391	5	5	5
ENSG00000263253.1	AC092132.1	chr16	20208925	20209525	5	5	5
ENSG00000227624.2	SNRPEP3	chr16	20238972	20239247	5	5	5
ENSG00000169347.17	GP2	chr16	20309574	20327808	5	5	5
ENSG00000169344.15	UMOD	chr16	20333052	20356301	5	5	5
ENSG00000169340.10	PDILT	chr16	20359175	20404737	5	5	5
ENSG00000263237.1	AC106796.1	chr16	20385957	20391164	5	5	5
ENSG00000183549.10	ACSM5	chr16	20409534	20441336	5	5	5
ENSG00000262995.1	AC137056.1	chr16	20440266	20447000	5	5	5
ENSG00000183747.12	ACSM2A	chr16	20451461	20487669	5	5	5
ENSG00000280306.1	AC137056.2	chr16	20487702	20489659	5	5	5
ENSG00000066813.14	ACSM2B	chr16	20536226	20576427	5	5	5
ENSG00000260201.2	AC141273.1	chr16	20580999	20586640	5	5	5
ENSG00000260762.1	ACSM5P1	chr16	20586550	20607107	5	5	5
ENSG00000005187.12	ACSM3	chr16	20610243	20797581	5	5	5
ENSG00000275315.1	AC141273.3	chr16	20616409	20616532	5	5	5
ENSG00000274730.1	AC141273.2	chr16	20618205	20620758	5	5	5
ENSG00000166743.9	ACSM1	chr16	20623237	20698890	5	5	5
ENSG00000066654.14	THUMPD1	chr16	20702816	20742084	5	5	5
ENSG00000283399.1	AC004381.3	chr16	20711473	20732990	5	5	5
ENSG00000285303.1	AC004381.4	chr16	20720994	20722281	5	5	5
ENSG00000260510.1	AC004381.1	chr16	20743663	20766620	5	5	5
ENSG00000196678.14	ERI2	chr16	20780193	20900349	5	5	5
ENSG00000200893.1	RNU6-944P	chr16	20784509	20784615	5	5	5
ENSG00000005189.20	REXO5	chr16	20806429	20849665	5	5	5
ENSG00000275908.1	AC004381.2	chr16	20823443	20823537	5	5	5
ENSG00000188215.10	DCUN1D3	chr16	20854925	20900358	5	5	5
ENSG00000102897.10	LYRM1	chr16	20899868	20925006	5	5	5
ENSG00000158486.13	DNAH3	chr16	20933111	21159441	5	5	5
ENSG00000263331.1	AC008551.1	chr16	21120758	21130108	5	5	5
ENSG00000011638.11	TMEM159	chr16	21158377	21180616	5	5	5
ENSG00000262983.1	AF001550.1	chr16	21194847	21205977	5	5	5
ENSG00000103310.11	ZP2	chr16	21197450	21214510	5	5	5
ENSG00000175311.7	ANKS4B	chr16	21233699	21253850	5	5	5
ENSG00000103316.12	CRYM	chr16	21238874	21303083	5	5	5
ENSG00000283421.1	AF001550.2	chr16	21299903	21300506	5	5	5
ENSG00000189149.12	CRYM-AS1	chr16	21300849	21339037	5	5	5
ENSG00000257403.2	AC008740.1	chr16	21347139	21352138	5	5	5
ENSG00000158482.10	SNX29P1	chr16	21376648	21386064	5	5	5
ENSG00000276548.1	AC008740.2	chr16	21401089	21401198	5	5	5
ENSG00000169246.16	NPIPB3	chr16	21402237	21448567	5	5	5
ENSG00000180747.15	SMG1P3	chr16	21446683	21520444	5	5	5
ENSG00000265462.1	MIR3680-1	chr16	21506049	21506135	5	5	5
ENSG00000287809.1	AC005632.6	chr16	21511635	21515131	5	5	5
ENSG00000258186.2	SLC7A5P2	chr16	21519830	21520365	5	5	5
ENSG00000273956.1	AC005632.5	chr16	21526824	21531141	5	5	5
ENSG00000257639.1	AC005632.2	chr16	21532945	21550373	5	5	5
ENSG00000271609.1	AC005632.4	chr16	21538487	21538794	5	5	5
ENSG00000252798.1	AC005632.1	chr16	21587627	21587864	5	5	5
ENSG00000197006.14	METTL9	chr16	21597218	21657473	5	5	5
ENSG00000261596.2	AC005632.3	chr16	21626742	21627569	5	5	5
ENSG00000140749.9	IGSF6	chr16	21639550	21652608	5	5	5
ENSG00000207248.1	RNU6-1005P	chr16	21642054	21642160	5	5	5
ENSG00000207042.1	RNU6-196P	chr16	21642294	21642400	5	5	5
ENSG00000155719.18	OTOA	chr16	21663968	21761935	5	5	5
ENSG00000260306.1	AC092375.2	chr16	21794095	21795759	5	5	5
ENSG00000248124.8	RRN3P1	chr16	21796106	21820410	5	5	5
ENSG00000276721.1	AC092375.3	chr16	21833516	21833621	5	5	5
ENSG00000185864.16	NPIPB4	chr16	21834569	21880827	5	5	5
ENSG00000185710.9	SMG1P4	chr16	21879338	21919156	5	5	5
ENSG00000257408.2	AC092375.1	chr16	21938865	21944987	5	5	5
ENSG00000274460.1	AC092119.2	chr16	21950218	21951708	5	5	5
ENSG00000140740.11	UQCRC2	chr16	21953288	21983660	5	5	5
ENSG00000155714.14	PDZD9	chr16	21983865	22001116	5	5	5
ENSG00000260395.1	AC092119.1	chr16	21998310	21999656	5	5	5
ENSG00000275445.1	AC092119.3	chr16	22007480	22008062	5	5	5
ENSG00000185716.12	MOSMO	chr16	22007638	22087534	5	5	5
ENSG00000260277.2	AC009019.1	chr16	22083256	22092485	5	5	5
ENSG00000175267.15	VWA3A	chr16	22092538	22156964	5	5	5
ENSG00000183921.7	SDR42E2	chr16	22165583	22191754	5	5	5
ENSG00000287739.1	AC009019.2	chr16	22170309	22175524	5	5	5
ENSG00000103319.12	EEF2K	chr16	22206278	22288738	5	5	5
ENSG00000261113.1	AC009034.1	chr16	22286708	22288738	5	5	5
ENSG00000058600.16	POLR3E	chr16	22297375	22335101	5	5	5
ENSG00000286808.1	AC092338.3	chr16	22331039	22342938	5	5	5
ENSG00000140743.8	CDR2	chr16	22345936	22437165	5	5	5
ENSG00000260635.1	AC092338.1	chr16	22365121	22369047	5	5	5
ENSG00000260790.1	AC092338.2	chr16	22374859	22378180	5	5	5
ENSG00000230872.2	MFSD13B	chr16	22382436	22407598	5	5	5
ENSG00000257122.5	RRN3P3	chr16	22418672	22437715	5	5	5
ENSG00000237296.9	SMG1P1	chr16	22437008	22492220	5	5	5
ENSG00000243716.10	NPIPB5	chr16	22479121	22536521	5	5	5
ENSG00000277041.1	AC106788.1	chr16	22537478	22537584	5	5	5
ENSG00000257838.5	OTOAP1	chr16	22545698	22576865	5	5	5
ENSG00000260973.1	AC009021.2	chr16	22610531	22612196	5	5	5
ENSG00000260905.1	AC009021.1	chr16	22612543	22613483	5	5	5
ENSG00000283213.1	AC130466.1	chr16	22806289	22813680	5	5	5
ENSG00000122254.7	HS3ST2	chr16	22814162	22916338	5	5	5
ENSG00000261090.2	AC127459.2	chr16	23017723	23026285	5	5	5
ENSG00000260566.2	AC127459.1	chr16	23061406	23064173	5	5	5
ENSG00000103404.14	USP31	chr16	23061406	23149270	5	5	5
ENSG00000280400.1	AC127459.3	chr16	23061767	23062232	5	5	5
ENSG00000285613.1	AC099482.2	chr16	23167577	23186395	5	5	5
ENSG00000166828.3	SCNN1G	chr16	23182745	23216883	5	5	5
ENSG00000260741.1	AC099482.1	chr16	23194878	23213104	5	5	5
ENSG00000168447.11	SCNN1B	chr16	23278231	23381294	5	5	5
ENSG00000168434.13	COG7	chr16	23388493	23453189	5	5	5
ENSG00000280039.1	RN7SKP23	chr16	23412380	23416680	5	5	5
ENSG00000212593.1	SNORA75	chr16	23441841	23441921	5	5	5
ENSG00000259782.2	AC008915.1	chr16	23446446	23447282	5	5	5
ENSG00000260136.6	AC008915.2	chr16	23452758	23457606	5	5	5
ENSG00000103365.15	GGA2	chr16	23463542	23521995	5	5	5
ENSG00000261528.2	CCNYL7	chr16	23500905	23501630	5	5	5
ENSG00000103356.18	EARS2	chr16	23520754	23557731	5	5	5
ENSG00000260247.1	SUB1P4	chr16	23537061	23537556	5	5	5
ENSG00000103353.16	UBFD1	chr16	23557721	23574389	5	5	5
ENSG00000260751.2	AC008870.2	chr16	23568673	23569696	5	5	5
ENSG00000004779.10	NDUFAB1	chr16	23581014	23596316	5	5	5
ENSG00000083093.10	PALB2	chr16	23603160	23641310	5	5	5
ENSG00000261723.1	AC008870.4	chr16	23605841	23624107	5	5	5
ENSG00000166847.10	DCTN5	chr16	23641466	23677472	5	5	5
ENSG00000260482.3	AC008870.1	chr16	23670011	23675499	5	5	5
ENSG00000166851.15	PLK1	chr16	23677656	23690367	5	5	5
ENSG00000261266.2	AC008870.3	chr16	23687049	23687689	5	5	5
ENSG00000134398.15	ERN2	chr16	23690310	23713226	5	5	5
ENSG00000278912.1	AC008870.5	chr16	23696665	23697314	5	5	5
ENSG00000261583.1	AC012317.1	chr16	23711990	23712793	5	5	5
ENSG00000279756.1	AC012317.2	chr16	23753689	23755939	5	5	5
ENSG00000166869.3	CHP2	chr16	23755026	23758935	5	5	5
ENSG00000166501.14	PRKCB	chr16	23835983	24220611	5	5	5
ENSG00000279276.1	AC130454.1	chr16	23962951	23963351	5	5	5
ENSG00000279202.1	AC130448.1	chr16	24098239	24099971	5	5	5
ENSG00000274466.1	MIR1273H	chr16	24203116	24203231	5	5	5
ENSG00000279554.1	AC130448.2	chr16	24208105	24208478	5	5	5
ENSG00000260264.1	LINC02194	chr16	24236104	24252863	5	5	5
ENSG00000006116.4	CACNG3	chr16	24256335	24362412	5	5	5
ENSG00000201541.1	AC004125.1	chr16	24333415	24333547	5	5	5
ENSG00000239081.1	RNU7-24P	chr16	24400056	24400117	5	5	5
ENSG00000260072.1	AC008938.1	chr16	24472798	24495177	5	5	5
ENSG00000122257.20	RBBP6	chr16	24537693	24572863	5	5	5
ENSG00000090905.19	TNRC6A	chr16	24610209	24827632	5	5	5
ENSG00000224310.1	LINC01567	chr16	24661422	24671062	5	5	5
ENSG00000261669.1	AC008731.1	chr16	24803451	24819739	5	5	5
ENSG00000158865.12	SLC5A11	chr16	24845841	24911628	5	5	5
ENSG00000140750.17	ARHGAP17	chr16	24919389	25015666	5	5	5
ENSG00000260714.1	AC133552.1	chr16	25015978	25021023	5	5	5
ENSG00000262587.2	AC133552.2	chr16	25031744	25058109	5	5	5
ENSG00000262155.2	LINC02175	chr16	25066937	25088618	5	5	5
ENSG00000271105.1	SCML2P2	chr16	25069570	25070109	5	5	5
ENSG00000263326.1	AC133552.4	chr16	25071490	25072727	5	5	5
ENSG00000260448.6	LCMT1-AS1	chr16	25085168	25111555	5	5	5
ENSG00000262700.1	AC133552.3	chr16	25093387	25095255	5	5	5
ENSG00000275494.1	AC133552.5	chr16	25106569	25107102	5	5	5
ENSG00000205629.12	LCMT1	chr16	25111731	25178231	5	5	5
ENSG00000260034.1	LCMT1-AS2	chr16	25140577	25149032	5	5	5
ENSG00000266166.2	RN7SL557P	chr16	25185253	25185538	5	5	5
ENSG00000103375.11	AQP8	chr16	25215731	25228932	5	5	5
ENSG00000155592.16	ZKSCAN2	chr16	25236001	25257845	5	5	5
ENSG00000259955.1	AC008741.1	chr16	25238318	25239287	5	5	5
ENSG00000274925.1	ZKSCAN2-DT	chr16	25257952	25261066	5	5	5
ENSG00000261636.2	LINC02191	chr16	25419812	25433686	5	5	5
ENSG00000260690.1	CYCSP39	chr16	25454339	25454647	5	5	5
ENSG00000182601.7	HS3ST4	chr16	25691959	26137685	5	5	5
ENSG00000285882.1	AC093516.1	chr16	25787987	26042347	5	5	5
ENSG00000260255.1	AC093524.1	chr16	25824710	25826330	5	5	5
ENSG00000265005.1	MIR548W	chr16	26025237	26025310	5	5	5
ENSG00000199929.1	RNA5SP405	chr16	26028912	26029025	5	5	5
ENSG00000230330.1	HMGN2P3	chr16	26032539	26032811	5	5	5
ENSG00000237140.2	HSPE1P16	chr16	26062750	26063097	5	5	5
ENSG00000231876.8	AC009158.1	chr16	26302064	26340815	5	5	5
ENSG00000228480.1	AC130464.1	chr16	26354796	26358355	5	5	5
ENSG00000286712.1	AC002331.1	chr16	26546802	26607396			
ENSG00000236481.1	LINC02195	chr16	26584755	26594813			
ENSG00000260580.1	AC009035.1	chr16	26721874	26729126			
ENSG00000234186.4	C16orf82	chr16	27066707	27069165			
ENSG00000261482.1	AC092725.1	chr16	27066928	27067858			
ENSG00000261557.1	EEF1A1P38	chr16	27133483	27135179			
ENSG00000261045.2	LINC02129	chr16	27158451	27176587			
ENSG00000155666.12	KDM8	chr16	27203508	27221768			
ENSG00000259940.2	AC109449.1	chr16	27213308	27214993			
ENSG00000169189.17	NSMCE1	chr16	27224994	27268772			
ENSG00000245888.7	NSMCE1-DT	chr16	27268205	27290492			
ENSG00000274092.1	AC106739.1	chr16	27313387	27314101			
ENSG00000077238.14	IL4R	chr16	27313668	27364778			
ENSG00000103522.16	IL21R	chr16	27402174	27452042			
ENSG00000259954.1	IL21R-AS1	chr16	27447669	27453393			
ENSG00000077235.18	GTF3C1	chr16	27459555	27549913			
ENSG00000047578.13	KATNIP	chr16	27550133	27780369			
ENSG00000261736.1	AC002551.1	chr16	27643199	27644663			
ENSG00000261329.6	AC016597.1	chr16	27678940	27718806			
ENSG00000273553.1	AC016597.2	chr16	27687182	27687522			
ENSG00000201371.1	Y_RNA	chr16	27722284	27722392			
ENSG00000169181.13	GSG1L	chr16	27787528	28063714			
ENSG00000212382.1	RNU6-159P	chr16	27863251	27863356			
ENSG00000207266.1	RNU6-1241P	chr16	27998295	27998401			
ENSG00000169180.12	XPO6	chr16	28097976	28211965			
ENSG00000260452.1	TPRKBP2	chr16	28111173	28111647			
ENSG00000200652.1	AC136611.1	chr16	28179098	28179223			
ENSG00000200138.1	RNY1P10	chr16	28183318	28183430			
ENSG00000250982.2	GAPDHP35	chr16	28239693	28240668			
ENSG00000283662.1	AC138904.3	chr16	28258686	28292173			
ENSG00000188322.8	SBK1	chr16	28259246	28323849			
ENSG00000246465.1	AC138904.1	chr16	28284885	28292064			
ENSG00000288630.1	AC009093.11	chr16	28341434	29370272			
ENSG00000277191.1	AC138904.2	chr16	28341437	28341543			
ENSG00000198156.10	NPIPB6	chr16	28342555	28363508			
ENSG00000271623.1	AC138894.3	chr16	28364700	28365333			
ENSG00000205609.13	EIF3CL	chr16	28379579	28403841			
ENSG00000275429.1	MIR6862-1	chr16	28390982	28391051			
ENSG00000261089.1	CDC37P2	chr16	28413703	28415018			
ENSG00000275654.1	AC138894.4	chr16	28451644	28455356			
ENSG00000270118.1	AC138894.2	chr16	28454141	28454511			
ENSG00000261832.6	AC138894.1	chr16	28456371	28492098			
ENSG00000233232.7	NPIPB7	chr16	28456372	28471175			
ENSG00000188603.22	CLN3	chr16	28474111	28495575			
ENSG00000184730.11	APOBR	chr16	28494643	28498970			
ENSG00000197272.2	IL27	chr16	28499362	28512051			
ENSG00000176046.9	NUPR1	chr16	28532708	28539008			
ENSG00000288656.1	AC020765.6	chr16	28537040	28623555			
ENSG00000271495.1	AC020765.1	chr16	28548331	28548658			
ENSG00000275441.1	AC020765.2	chr16	28553709	28554140			
ENSG00000176476.9	SGF29	chr16	28553915	28591790			
ENSG00000197165.11	SULT1A2	chr16	28591943	28597050			
ENSG00000278665.1	AC020765.3	chr16	28599241	28601881			
ENSG00000278725.1	AC020765.4	chr16	28602340	28604519			
ENSG00000196502.12	SULT1A1	chr16	28603944	28623625			
ENSG00000285020.1	AC020765.5	chr16	28612131	28614884			
ENSG00000255524.7	NPIPB8	chr16	28637654	28658682			
ENSG00000261419.1	AC145285.4	chr16	28659696	28740781			
ENSG00000184110.15	EIF3C	chr16	28688558	28735727			
ENSG00000259982.1	CDC37P1	chr16	28700294	28701540			
ENSG00000278340.1	MIR6862-2	chr16	28724252	28724321			
ENSG00000270424.1	AC145285.5	chr16	28749959	28750595			
ENSG00000196993.8	NPIPB9	chr16	28751787	28772807			
ENSG00000278528.1	AC145285.7	chr16	28773824	28777534			
ENSG00000251417.2	AC145285.2	chr16	28802743	28817828			
ENSG00000240634.1	AC145285.1	chr16	28813980	28814673			
ENSG00000260796.1	AC145285.3	chr16	28820570	28822033			
ENSG00000275807.1	AC145285.6	chr16	28822431	28823969			
ENSG00000168488.18	ATXN2L	chr16	28823035	28837237			
ENSG00000260570.1	AC133550.2	chr16	28830612	28837200			
ENSG00000178952.11	TUFM	chr16	28842411	28846348			
ENSG00000283845.1	MIR4721	chr16	28843919	28844007			
ENSG00000178188.14	SH2B1	chr16	28846600	28874212			
ENSG00000261766.1	AC133550.3	chr16	28862166	28863340			
ENSG00000196296.14	ATP2A1	chr16	28878405	28904466			
ENSG00000260442.5	ATP2A1-AS1	chr16	28878957	28879920			
ENSG00000252461.1	AC133550.1	chr16	28881480	28881607			
ENSG00000177548.13	RABEP2	chr16	28904421	28936526			
ENSG00000177455.15	CD19	chr16	28931965	28939342			
ENSG00000176953.12	NFATC2IP	chr16	28950807	28967097			
ENSG00000260853.2	AC109460.2	chr16	28952816	28966883			
ENSG00000284541.1	MIR4517	chr16	28958583	28958661			
ENSG00000260367.2	AC109460.1	chr16	28973962	28978824			
ENSG00000169682.18	SPNS1	chr16	28974221	28984548			
ENSG00000261067.7	AC109460.3	chr16	28974804	28990775			
ENSG00000213658.12	LAT	chr16	28984826	28990784			
ENSG00000261552.1	AC109460.4	chr16	28989140	28990778			
ENSG00000196796.5	NPIPB10P	chr16	29038655	29052726			
ENSG00000260908.1	AC009093.3	chr16	29053732	29108108			
ENSG00000103472.10	RRN3P2	chr16	29074976	29116718			
ENSG00000284671.1	AC009093.9	chr16	29075022	29104162			
ENSG00000284649.1	AC009093.8	chr16	29113050	29217860			
ENSG00000284685.1	AC009093.10	chr16	29139379	29331304			
ENSG00000260517.3	AC009093.2	chr16	29139661	29216706			
ENSG00000279106.1	AC009093.7	chr16	29204633	29205855			
ENSG00000259807.2	AC009093.1	chr16	29215385	29221040			
ENSG00000273582.1	AC009093.5	chr16	29225594	29226348			
ENSG00000260953.1	AC009093.4	chr16	29262273	29264479			
ENSG00000277999.1	AC009093.6	chr16	29272220	29272772			
ENSG00000198106.8	AC025279.1	chr16	29291220	29372110			
ENSG00000260413.1	AC025279.2	chr16	29312350	29331277			
ENSG00000271699.5	SNX29P2	chr16	29350746	29370272			
ENSG00000278078.1	AC025279.3	chr16	29380242	29380345			
ENSG00000254206.5	NPIPB11	chr16	29381354	29404029			
ENSG00000254634.4	SMG1P6	chr16	29425800	29447026			
ENSG00000288632.1	AC133555.6	chr16	29442917	29613717			
ENSG00000183336.8	BOLA2	chr16	29443056	29454964			
ENSG00000261740.6	BOLA2-SMG1P6	chr16	29443230	29454651			
ENSG00000260335.1	AC133555.4	chr16	29449191	29449625			
ENSG00000181625.17	SLX1B	chr16	29454501	29458219			
ENSG00000260280.5	SLX1B-SULT1A4	chr16	29455105	29464963			
ENSG00000213648.11	SULT1A4	chr16	29459913	29464966			
ENSG00000258150.6	AC133555.3	chr16	29464967	29467833			
ENSG00000279228.2	AC133555.5	chr16	29466069	29467578			
ENSG00000257691.2	AC133555.2	chr16	29475064	29475355			
ENSG00000257506.1	AC133555.1	chr16	29478879	29482591			
ENSG00000169203.16	NPIPB12	chr16	29483642	29505999			
ENSG00000205534.6	SMG1P2	chr16	29527568	29594966			
ENSG00000279583.1	AC009086.2	chr16	29595130	29596137			
ENSG00000266758.1	MIR3680-2	chr16	29599179	29599265			
ENSG00000260727.2	SLC7A5P1	chr16	29613103	29613640			
ENSG00000260133.1	CA5AP1	chr16	29618785	29636328			
ENSG00000260514.1	AC009086.1	chr16	29624517	29624825			
ENSG00000197471.12	SPN	chr16	29662979	29670876			
ENSG00000103485.19	QPRT	chr16	29663279	29698699			
ENSG00000222375.1	RN7SKP127	chr16	29731051	29731404			
ENSG00000185905.4	C16orf54	chr16	29742463	29745990			
ENSG00000260719.1	AC009133.3	chr16	29745247	29748299			
ENSG00000174992.8	ZG16	chr16	29778256	29782973			
ENSG00000079616.13	KIF22	chr16	29790719	29805384			
ENSG00000275857.1	AC009133.4	chr16	29804430	29804990			
ENSG00000103495.14	MAZ	chr16	29806106	29811164			
ENSG00000259952.1	AC009133.2	chr16	29806496	29807732			
ENSG00000238045.9	AC009133.1	chr16	29808636	29821252			
ENSG00000280607.1	AC009133.5	chr16	29808679	29812227			
ENSG00000167371.21	PRRT2	chr16	29811382	29815892			
ENSG00000280893.1	AC009133.6	chr16	29812261	29820092			
ENSG00000280789.2	PAGR1	chr16	29816152	29822489			
ENSG00000281348.1	AC120114.4	chr16	29817239	29830627			
ENSG00000013364.19	MVP	chr16	29820394	29848039			
ENSG00000103502.14	CDIPT	chr16	29858357	29863414			
ENSG00000278713.1	AC120114.2	chr16	29862760	29863417			
ENSG00000214725.9	CDIPTOSP	chr16	29863593	29868053			
ENSG00000174938.14	SEZ6L2	chr16	29871159	29899547			
ENSG00000174939.11	ASPHD1	chr16	29900375	29919864			
ENSG00000174943.11	KCTD13	chr16	29905012	29926236			
ENSG00000279789.1	AC120114.3	chr16	29913144	29915337			
ENSG00000247735.2	AC120114.1	chr16	29926836	29928933			
ENSG00000149932.17	TMEM219	chr16	29940885	29973050			
ENSG00000149930.18	TAOK2	chr16	29973868	29992261			
ENSG00000149929.16	HIRIP3	chr16	29992330	29996074			
ENSG00000169592.15	INO80E	chr16	29995715	30005793			
ENSG00000149927.18	DOC2A	chr16	30005514	30023270			
ENSG00000167194.7	C16orf92	chr16	30023334	30027736			
ENSG00000149926.13	TLCD3B	chr16	30024427	30052978			
ENSG00000285043.2	AC093512.2	chr16	30053090	30070420			
ENSG00000149925.22	ALDOA	chr16	30064164	30070457			
ENSG00000274904.1	AC093512.1	chr16	30064306	30064825			
ENSG00000149923.14	PPP4C	chr16	30075978	30085376			
ENSG00000149922.11	TBX6	chr16	30085793	30091924			
ENSG00000090238.12	YPEL3	chr16	30092314	30096915			
ENSG00000250616.2	AC012645.1	chr16	30096430	30104116			
ENSG00000102886.15	GDPD3	chr16	30104810	30113537			
ENSG00000261367.1	AC012645.2	chr16	30107675	30110541			
ENSG00000275371.1	AC012645.4	chr16	30110895	30111955			
ENSG00000102882.12	MAPK3	chr16	30114105	30123506			
ENSG00000102879.16	CORO1A	chr16	30182827	30189076			
ENSG00000261416.1	AC012645.3	chr16	30183505	30184957			
ENSG00000169627.9	BOLA2B	chr16	30192932	30194306			
ENSG00000132207.18	SLX1A	chr16	30193875	30197561			
ENSG00000213599.10	SLX1A-SULT1A3	chr16	30193892	30204310			
ENSG00000261052.6	SULT1A3	chr16	30199228	30204310			
ENSG00000258130.8	AC106782.1	chr16	30204316	30209071			
ENSG00000278887.2	AC106782.6	chr16	30205418	30206927			
ENSG00000261444.1	AC106782.3	chr16	30214409	30214699			
ENSG00000261203.1	AC106782.2	chr16	30218220	30221930			
ENSG00000198064.13	NPIPB13	chr16	30222937	30254510			
ENSG00000183604.14	SMG1P5	chr16	30267553	30335374			
ENSG00000273724.1	AC106782.4	chr16	30336400	30343336			
ENSG00000169217.9	CD2BP2	chr16	30350773	30355308			
ENSG00000260219.2	CD2BP2-DT	chr16	30355441	30357104			
ENSG00000169221.14	TBC1D10B	chr16	30357102	30370494			
ENSG00000274653.1	AC106782.5	chr16	30359825	30360336			
ENSG00000180209.12	MYLPF	chr16	30370934	30377991			
ENSG00000180035.13	ZNF48	chr16	30378106	30400108			
ENSG00000180096.12	SEPTIN1	chr16	30378133	30395991			
ENSG00000280137.1	AC116348.4	chr16	30379763	30380110			
ENSG00000179965.12	ZNF771	chr16	30407414	30431108			
ENSG00000199787.1	SNORA80C	chr16	30419625	30419759			
ENSG00000179958.10	DCTPP1	chr16	30423615	30430030			
ENSG00000179918.19	SEPHS2	chr16	30443631	30445874			
ENSG00000202476.1	Y_RNA	chr16	30453997	30454097			
ENSG00000222701.1	Y_RNA	chr16	30471587	30471703			
ENSG00000005844.19	ITGAL	chr16	30472658	30523567			
ENSG00000261346.1	AC116348.3	chr16	30477180	30489353			
ENSG00000260487.1	AC116348.1	chr16	30480588	30481346			
ENSG00000251706.1	RNU7-61P	chr16	30483135	30483195			
ENSG00000261332.1	AC116348.2	chr16	30498766	30499554			
ENSG00000266305.1	MIR4518	chr16	30503919	30504001			
ENSG00000169957.10	ZNF768	chr16	30524004	30526821			
ENSG00000261459.1	AC002310.4	chr16	30525923	30534852			
ENSG00000278922.1	AC002310.5	chr16	30526918	30528294			
ENSG00000169955.7	ZNF747	chr16	30530367	30535347			
ENSG00000235560.4	AC002310.1	chr16	30534752	30537149			
ENSG00000260494.1	AC002310.3	chr16	30537202	30538231			
ENSG00000169951.10	ZNF764	chr16	30553764	30558374			
ENSG00000229809.8	ZNF688	chr16	30569346	30572734			
ENSG00000239791.2	AC002310.2	chr16	30572039	30583860			
ENSG00000197162.10	ZNF785	chr16	30573740	30585769			
ENSG00000260167.1	AC093249.2	chr16	30585907	30608593			
ENSG00000261588.1	AC093249.4	chr16	30587662	30587920			
ENSG00000156853.13	ZNF689	chr16	30602558	30624012			
ENSG00000260678.1	AC093249.3	chr16	30615256	30615679			
ENSG00000261680.1	AC093249.5	chr16	30624285	30624714			
ENSG00000260113.3	AC093249.1	chr16	30626976	30627178			
ENSG00000156858.12	PRR14	chr16	30650717	30656413			
ENSG00000156860.16	FBRS	chr16	30658431	30670810			
ENSG00000252074.1	RNU6-416P	chr16	30675300	30675402			
ENSG00000261840.3	AC093249.6	chr16	30697707	30699058			
ENSG00000080603.17	SRCAP	chr16	30698209	30741409			
ENSG00000222287.1	RNU6-1043P	chr16	30701337	30701435			
ENSG00000282034.1	AC106886.5	chr16	30704067	30745169			
ENSG00000206755.1	SNORA30	chr16	30710537	30710665			
ENSG00000281991.2	TMEM265	chr16	30740642	30745196			
ENSG00000260899.1	AC106886.2	chr16	30740667	30751381			
ENSG00000156873.16	PHKG2	chr16	30748293	30761176			
ENSG00000196118.12	CCDC189	chr16	30757423	30762221			
ENSG00000103549.22	RNF40	chr16	30761745	30776307			
ENSG00000280211.1	AC106886.4	chr16	30773532	30776033			
ENSG00000102870.6	ZNF629	chr16	30778456	30787205			
ENSG00000274848.1	Metazoa_SRP	chr16	30816030	30816302			
ENSG00000260082.1	AC106886.1	chr16	30821068	30822110			
ENSG00000274678.1	AC106886.3	chr16	30821338	30821884			
ENSG00000099385.12	BCL7C	chr16	30833626	30894302			
ENSG00000260083.2	MIR762HG	chr16	30875222	30895220			
ENSG00000265991.1	MIR4519	chr16	30875266	30875323			
ENSG00000262721.1	AC135048.2	chr16	30875766	30895216			
ENSG00000211591.1	MIR762	chr16	30893903	30893985			
ENSG00000150281.7	CTF1	chr16	30896614	30903547			
ENSG00000230447.2	CTF2P	chr16	30904348	30910208			
ENSG00000260852.1	FBXL19-AS1	chr16	30919319	30923269			
ENSG00000099364.18	FBXL19	chr16	30923055	30948783			
ENSG00000261487.1	AC135048.1	chr16	30948386	30956511			
ENSG00000175938.7	ORAI3	chr16	30949068	30956461			
ENSG00000275263.1	AC135048.3	chr16	30956872	30957199			
ENSG00000099381.18	SETD1A	chr16	30957754	30984664			
ENSG00000279196.1	AC135048.4	chr16	30984630	30988270			
ENSG00000099377.14	HSD3B7	chr16	30985207	30989147			
ENSG00000099365.11	STX1B	chr16	30989256	31010638			
ENSG00000103496.15	STX4	chr16	31032889	31042975			
ENSG00000260911.2	AC135050.3	chr16	31043150	31049868			
ENSG00000232748.3	AC135050.1	chr16	31056460	31062803			
ENSG00000167394.13	ZNF668	chr16	31060843	31074240			
ENSG00000261124.1	AC135050.4	chr16	31065495	31069246			
ENSG00000167395.10	ZNF646	chr16	31074422	31084196			
ENSG00000151006.7	PRSS53	chr16	31083425	31089628			
ENSG00000255439.6	AC135050.2	chr16	31083439	31094956			
ENSG00000167397.15	VKORC1	chr16	31090842	31095980			
ENSG00000280160.1	AC135050.7	chr16	31093727	31095944			
ENSG00000103507.14	BCKDK	chr16	31106107	31112791			
ENSG00000103510.20	KAT8	chr16	31114489	31131393			
ENSG00000262766.1	AC135050.5	chr16	31118078	31118747			
ENSG00000278133.1	AC135050.6	chr16	31122235	31124064			
ENSG00000261385.1	AC009088.3	chr16	31131433	31131877			
ENSG00000052344.16	PRSS8	chr16	31131433	31135727			
ENSG00000178226.11	PRSS36	chr16	31138926	31150083			
ENSG00000263343.1	AC009088.4	chr16	31165648	31165927			
ENSG00000262366.1	NDUFA3P6	chr16	31174573	31174822			
ENSG00000089280.19	FUS	chr16	31180138	31191605			
ENSG00000260304.1	AC009088.2	chr16	31182511	31183285			
ENSG00000260060.1	AC009088.1	chr16	31196131	31196963			
ENSG00000103490.14	PYCARD	chr16	31201486	31203450			
ENSG00000261359.2	PYCARD-AS1	chr16	31201885	31203452			
ENSG00000177238.14	TRIM72	chr16	31214091	31231537			
ENSG00000169900.8	PYDC1	chr16	31215962	31217135			
ENSG00000169896.18	ITGAM	chr16	31259967	31332892			
ENSG00000140678.17	ITGAX	chr16	31355134	31382999			
ENSG00000261245.2	AC093520.2	chr16	31361278	31361695			
ENSG00000156886.12	ITGAD	chr16	31393335	31426505			
ENSG00000260757.1	AC093520.1	chr16	31402565	31404699			
ENSG00000156885.6	COX6A2	chr16	31427731	31428360			
ENSG00000277543.1	AC026471.5	chr16	31428180	31428646			
ENSG00000176723.10	ZNF843	chr16	31432593	31443160			
ENSG00000261474.1	AC026471.4	chr16	31449535	31453493			
ENSG00000260267.1	AC026471.1	chr16	31456711	31459736			
ENSG00000140691.18	ARMC5	chr16	31458080	31467166			
ENSG00000280132.1	AC026471.6	chr16	31470204	31472108			
ENSG00000140682.19	TGFB1I1	chr16	31471585	31477960			
ENSG00000140675.13	SLC5A2	chr16	31483002	31490860			
ENSG00000260740.2	AC026471.3	chr16	31487370	31488492			
ENSG00000140688.17	RUSF1	chr16	31489471	31509309			
ENSG00000260625.3	AC026471.2	chr16	31508464	31509560			
ENSG00000169877.10	AHSP	chr16	31527900	31528803			
ENSG00000261475.3	LINC02190	chr16	31542748	31553604			
ENSG00000261648.1	AC106730.1	chr16	31546698	31547237			
ENSG00000213547.3	VN1R64P	chr16	31546805	31547737			
ENSG00000260883.1	VN1R65P	chr16	31554105	31554912			
ENSG00000261741.5	FRG2KP	chr16	31563082	31567716			
ENSG00000278885.1	AC106730.2	chr16	31566360	31567000			
ENSG00000261614.1	YBX3P1	chr16	31568386	31569475			
ENSG00000260010.1	ZNF720P1	chr16	31601593	31603531			
ENSG00000237185.1	VN1R66P	chr16	31648307	31649222			
ENSG00000260631.1	RBM22P12	chr16	31680847	31682101			
ENSG00000260472.1	AC074050.1	chr16	31697397	31697607			
ENSG00000260568.1	AC074050.2	chr16	31699676	31700465			
ENSG00000131797.12	CLUHP3	chr16	31700590	31711986			
ENSG00000276867.1	AC074050.4	chr16	31704728	31705260			
ENSG00000261731.2	AC074050.3	chr16	31709113	31711984			
ENSG00000197302.10	ZNF720	chr16	31713229	31794869			
ENSG00000259810.2	AC002519.1	chr16	31788202	31790993			
ENSG00000260722.1	VN1R67P	chr16	31801585	31802497			
ENSG00000261457.3	AC002519.2	chr16	31802947	31807973			
ENSG00000180663.5	VN1R3	chr16	31807926	31808844			
ENSG00000261284.2	RBM22P13	chr16	31863633	31864876			
ENSG00000259874.1	AC034105.2	chr16	31870887	31871124			
ENSG00000185947.15	ZNF267	chr16	31873807	31917357			
ENSG00000259950.1	AC034105.3	chr16	31894542	31894983			
ENSG00000261289.2	AC034105.5	chr16	31952160	31952473			
ENSG00000197476.3	AC034105.1	chr16	31962063	31962381			
ENSG00000260218.1	AC034105.4	chr16	31963803	31964079			
ENSG00000260628.5	AC142381.3	chr16	31975803	32003728			
ENSG00000261727.2	AC142381.4	chr16	32008438	32084785			
ENSG00000261704.2	IGHV1OR16-1	chr16	32034853	32035326			
ENSG00000223931.2	AC142381.1	chr16	32051825	32052280			
ENSG00000260048.2	IGHV1OR16-3	chr16	32059084	32059372			
ENSG00000270472.2	IGHV3OR16-9	chr16	32066065	32066358			
ENSG00000230267.7	HERC2P4	chr16	32103245	32188107			
ENSG00000260584.1	AC142381.2	chr16	32116700	32116997			
ENSG00000286473.1	AC133485.7	chr16	32126432	32132724			
ENSG00000279997.1	AC133485.6	chr16	32185624	32186311			
ENSG00000260847.1	AC133485.5	chr16	32188333	32193530			
ENSG00000260649.1	AC133485.4	chr16	32189262	32189481			
ENSG00000260540.2	ABHD17AP8	chr16	32199902	32202822			
ENSG00000260344.2	AC133485.1	chr16	32213380	32213503			
ENSG00000260575.1	AC133485.3	chr16	32250620	32254422			
ENSG00000205456.11	TP53TG3D	chr16	32252719	32255922			
ENSG00000260402.1	AC133485.2	chr16	32262827	32265514			
ENSG00000259822.2	AC140878.1	chr16	32278866	32279115			
ENSG00000261127.2	AC133548.2	chr16	32289547	32310555			
ENSG00000260516.2	AC133548.1	chr16	32356981	32363695			
ENSG00000260327.2	ACTR3BP3	chr16	32379071	32380049			
ENSG00000260866.2	AC138915.2	chr16	32388135	32436203			
ENSG00000260307.2	PABPC1P13	chr16	32439069	32441159			
ENSG00000261541.1	AC138915.3	chr16	32454612	32458758			
ENSG00000260662.2	AC138915.1	chr16	32460266	32460362			
ENSG00000261233.2	ABCD1P3	chr16	32475051	32478250			
ENSG00000259966.6	AC137800.1	chr16	32600299	32615639			
ENSG00000262187.2	AC137800.2	chr16	32618733	32622184			
ENSG00000261111.1	AC133569.1	chr16	32635673	32636045			
ENSG00000261569.5	AC138907.7	chr16	32649193	32663956			
ENSG00000261263.2	AC138907.5	chr16	32650195	32650910			
ENSG00000260311.1	AC138907.1	chr16	32663925	32666533			
ENSG00000183632.14	TP53TG3	chr16	32673528	32676732			
ENSG00000260974.1	AC138907.3	chr16	32675037	32678831			
ENSG00000261391.1	AC138907.6	chr16	32715931	32716056			
ENSG00000260864.1	ABHD17AP7	chr16	32726615	32729537			
ENSG00000260845.1	AC138907.2	chr16	32735909	32741094			
ENSG00000261108.2	AC138907.4	chr16	32739627	32740166			
ENSG00000260644.6	HERC2P5	chr16	32741314	32776196			
ENSG00000278950.1	AC138907.8	chr16	32781883	32784138			
ENSG00000279780.1	AC138907.9	chr16	32786394	32787379			
ENSG00000279795.1	AC138907.10	chr16	32787962	32788944			
ENSG00000260158.1	AC137761.1	chr16	32809556	32824645			
ENSG00000261719.1	AC137761.2	chr16	32811029	32811251			
ENSG00000259934.1	AC142086.2	chr16	32845964	32846180			
ENSG00000259303.5	IGHV2OR16-5	chr16	32847713	32848156			
ENSG00000260047.2	BCAP31P2	chr16	32869985	32873128			
ENSG00000214617.9	SLC6A10P	chr16	32877469	32885501			
ENSG00000214614.3	AC142086.1	chr16	32882586	32888874			
ENSG00000261834.2	IGHV3OR16-15	chr16	32903442	32903894			
ENSG00000270864.1	IGHV3OR16-6	chr16	32915074	32915536			
ENSG00000277304.1	AC142086.6	chr16	32916974	32946392			
ENSG00000260610.1	AC142086.3	chr16	32931768	32932569			
ENSG00000261259.1	AC142086.5	chr16	32951993	33028037			
ENSG00000259852.2	IGHV1OR16-2	chr16	32978461	32978891			
ENSG00000233732.5	IGHV3OR16-10	chr16	32995048	32995505			
ENSG00000260921.1	AC142086.4	chr16	32995537	32996770			
ENSG00000259997.2	IGHV1OR16-4	chr16	33002333	33002621			
ENSG00000271130.1	IGHV3OR16-8	chr16	33009175	33009620			
ENSG00000260141.1	AC145350.2	chr16	33043609	33095431			
ENSG00000260900.1	AC145350.3	chr16	33059936	33060098			
ENSG00000261599.6	HERC2P8	chr16	33094204	33129090			
ENSG00000261682.1	AC145350.4	chr16	33129316	33134499			
ENSG00000259800.1	AC145350.1	chr16	33130235	33130442			
ENSG00000261536.2	ABHD17AP9	chr16	33140850	33143797			
ENSG00000260414.1	AC138869.1	chr16	33154352	33154475			
ENSG00000260419.1	AC138869.2	chr16	33191561	33195354			
ENSG00000205457.11	TP53TG3C	chr16	33193659	33196858			
ENSG00000260827.1	AC138869.3	chr16	33203773	33206462			
ENSG00000261507.1	AC141257.2	chr16	33206431	33330342			
ENSG00000275034.2	TP53TG3E	chr16	33303739	33306935			
ENSG00000282973.1	AC141257.3	chr16	33345182	33345396			
ENSG00000261509.6	TP53TG3B	chr16	33360274	33363478			
ENSG00000261009.1	AC141257.1	chr16	33370473	33372915			
ENSG00000283110.1	AC141257.4	chr16	33386105	33386349			
ENSG00000278848.2	TP53TG3F	chr16	33459045	33462249			
ENSG00000282927.1	AC136944.6	chr16	33484887	33485131			
ENSG00000262090.1	AC136944.5	chr16	33495943	33496093			
ENSG00000260626.1	AC136944.1	chr16	33533816	33534976			
ENSG00000261200.1	AC136944.2	chr16	33541842	33545812			
ENSG00000261466.2	AC136944.4	chr16	33548297	33554408			
ENSG00000261405.2	AC136944.3	chr16	33562649	33570935			
ENSG00000259882.2	AC142384.1	chr16	33577502	33622547			
ENSG00000260518.2	BMS1P8	chr16	33687025	33707213			
ENSG00000282924.1	AC136428.4	chr16	33723356	33763773			
ENSG00000261580.1	ENPP7P13	chr16	33769421	33769679			
ENSG00000260308.1	AC136428.2	chr16	33771035	33771248			
ENSG00000270467.1	IGHV3OR16-12	chr16	33802764	33803217			
ENSG00000261153.2	AC136428.3	chr16	33808778	33810767			
ENSG00000271178.1	IGHV3OR16-13	chr16	33827214	33827661			
ENSG00000259680.5	AC136428.1	chr16	33844784	33845229			
ENSG00000270924.1	AC140658.6	chr16	33848476	33848644			
ENSG00000271691.1	AC140658.7	chr16	33851785	33852069			
ENSG00000260312.1	AC140658.2	chr16	33857935	33858864			
ENSG00000270318.1	IGHV3OR16-11	chr16	33858896	33859352			
ENSG00000260525.1	AC140658.3	chr16	33875039	33875468			
ENSG00000260781.1	ARHGAP23P1	chr16	33907419	33937167			
ENSG00000271620.1	IGHV3OR16-7	chr16	33938337	33938799			
ENSG00000261607.1	AC140658.4	chr16	33948278	33948548			
ENSG00000259842.2	IGHV3OR16-16	chr16	33949976	33950420			
ENSG00000205452.5	AC140658.1	chr16	33964547	33976346			
ENSG00000270401.1	AC140658.5	chr16	33965655	33966091			
ENSG00000198555.7	AC133561.1	chr16	33976039	33987630			
ENSG00000261217.2	BCAP31P1	chr16	33988406	33991551			
ENSG00000259990.2	AC133561.2	chr16	34013394	34013830			
ENSG00000283065.1	AC133561.4	chr16	34015260	34015477			
ENSG00000261197.2	AC133561.3	chr16	34051140	34051363			
ENSG00000262561.1	AC136932.1	chr16	34120470	34120677			
ENSG00000261440.1	DUX4L45	chr16	34135736	34136792			
ENSG00000260087.1	PCMTD1P2	chr16	34139189	34139543			
ENSG00000259987.1	DUX4L46	chr16	34141256	34142006			
ENSG00000260207.1	DUX4L47	chr16	34142456	34142849			
ENSG00000256642.1	LINC00273	chr16	34158585	34160036			
ENSG00000200434.1	RNA5-8SP2	chr16	34162959	34163110			
ENSG00000279800.2	BCLAF1P2	chr16	34266041	34268649			
ENSG00000284209.2	FP325313.1	chr16	34353616	34381110			
ENSG00000288300.1	FP325313.3	chr16	34387599	34389827			
ENSG00000286968.1	FP325313.2	chr16	34446566	34448866			
ENSG00000279165.1	AC135776.4	chr16	34941977	34943880			
ENSG00000287353.1	AC135776.5	chr16	34962970	34965270			
ENSG00000260854.1	LINC02184	chr16	34978744	34979844			
ENSG00000179755.3	AC135776.1	chr16	35021749	35024229			
ENSG00000261566.1	AC135776.2	chr16	35022851	35024250			
ENSG00000262885.1	AC135776.3	chr16	35023339	35023765			
ENSG00000216671.6	CCNYL3	chr16	35040164	35084313			
ENSG00000278138.2	CLUHP11	chr16	35068211	35085060			
ENSG00000261053.1	NAMPTP3	chr16	35085896	35086119			
ENSG00000260809.1	VPS35P1	chr16	35090501	35104834			
ENSG00000259979.1	VN1R68P	chr16	35118238	35118956			
ENSG00000260724.1	VN1R69P	chr16	35134514	35135075			
ENSG00000261800.2	AC023824.5	chr16	35143722	35146129			
ENSG00000280180.1	AC023824.6	chr16	35148636	35154366			
ENSG00000261461.1	UBE2MP1	chr16	35169692	35170241			
ENSG00000261608.1	SLC25A1P4	chr16	35173316	35174093			
ENSG00000260073.2	AC023824.1	chr16	35192687	35195661			
ENSG00000260590.1	AC023824.2	chr16	35193335	35193734			
ENSG00000261398.1	AC023824.4	chr16	35195779	35197544			
ENSG00000260958.3	AC023824.3	chr16	35207884	35284146			
ENSG00000261274.1	TP53TG3GP	chr16	35207903	35208236			
ENSG00000260967.1	RARRES2P5	chr16	35221583	35222048			
ENSG00000260984.1	FGFR3P5	chr16	35232412	35235984			
ENSG00000259897.2	FRG2JP	chr16	35245916	35247534			
ENSG00000261010.1	RARRES2P6	chr16	35255192	35255633			
ENSG00000261752.1	AGGF1P8	chr16	35258630	35259629			
ENSG00000260846.2	FRG2HP	chr16	35335277	35336889			
ENSG00000261486.1	RARRES2P9	chr16	35344091	35344559			
ENSG00000260427.1	AGGF1P9	chr16	35347385	35348297			
ENSG00000260480.1	C2orf69P4	chr16	35352482	35353022			
ENSG00000259841.6	LINC01566	chr16	35363412	35390584			
ENSG00000260291.1	FRG2GP	chr16	35384144	35385086			
ENSG00000261689.1	AGGF1P4	chr16	35389203	35390003			
ENSG00000260598.1	FRG2IP	chr16	35405747	35407349			
ENSG00000260812.1	RARRES2P7	chr16	35414279	35414747			
ENSG00000260680.1	AGGF1P5	chr16	35420291	35421209			
ENSG00000261299.1	C2orf69P3	chr16	35425364	35426483			
ENSG00000278681.2	AC018558.4	chr16	35435303	35436341			
ENSG00000214581.6	ZNF971P	chr16	35446898	35449411			
ENSG00000287163.1	AC018558.6	chr16	35450898	35452987			
ENSG00000261711.6	FRG2DP	chr16	35477414	35480481			
ENSG00000260153.1	RARRES2P10	chr16	35485766	35486225			
ENSG00000259836.1	AGGF1P6	chr16	35489237	35490212			
ENSG00000261350.1	AC018558.2	chr16	35491174	35492395			
ENSG00000260341.1	C2orf69P2	chr16	35492324	35493446			
ENSG00000261445.1	AC018558.3	chr16	35493754	35496457			
ENSG00000287448.1	AC018558.7	chr16	35499494	35522465			
ENSG00000260857.3	AC018558.1	chr16	35504370	35506567			
ENSG00000269622.1	TP53TG3HP	chr16	35506592	35507170			
ENSG00000282946.1	AC018558.5	chr16	35528367	35529318			
ENSG00000259996.1	RARRES2P8	chr16	35543279	35543645			
ENSG00000260994.1	AGGF1P7	chr16	35547917	35548829			
ENSG00000261046.1	C2orf69P1	chr16	35552909	35554001			
ENSG00000260134.1	C1QL1P1	chr16	35574834	35575494			
ENSG00000260746.2	KIF18BP1	chr16	35636687	35645180			
ENSG00000259791.1	AC092325.1	chr16	35640029	35640582			
ENSG00000260522.1	AC106785.1	chr16	35722268	35722529			
ENSG00000251915.1	RNA5SP406	chr16	35734393	35734504			
ENSG00000222207.1	RNA5SP407	chr16	35734639	35734748			
ENSG00000251924.1	RNA5SP408	chr16	35735372	35735471			
ENSG00000252624.1	RNA5SP409	chr16	35735625	35735733			
ENSG00000261122.6	LINC02167	chr16	35743268	35756515			
ENSG00000252094.1	RNA5SP410	chr16	35745989	35746094			
ENSG00000276599.1	RNA5SP411	chr16	35746523	35746636			
ENSG00000277004.1	RNA5SP412	chr16	35746772	35746894			
ENSG00000252182.1	RNA5SP413	chr16	35747032	35747140			
ENSG00000274228.1	RNA5SP414	chr16	35748520	35748655			
ENSG00000253055.1	RNA5SP415	chr16	35750061	35750175			
ENSG00000252647.1	RNA5SP416	chr16	35751574	35751684			
ENSG00000252268.1	RNA5SP417	chr16	35751828	35751935			
ENSG00000251760.1	RNA5SP418	chr16	35752826	35752942			
ENSG00000251717.1	RNA5SP419	chr16	35753796	35753930			
ENSG00000252806.1	RNA5SP420	chr16	35754046	35754182			
ENSG00000252673.1	RNA5SP421	chr16	35754555	35754688			
ENSG00000252587.1	RNA5SP422	chr16	35754923	35755033			
ENSG00000252936.1	RNA5SP423	chr16	35755177	35755285			
ENSG00000260611.1	AC106785.2	chr16	35785569	35786887			
ENSG00000261620.1	HMGN2P41	chr16	35802869	35803280			
ENSG00000261515.1	VN1R70P	chr16	35836886	35837732			
ENSG00000261782.1	AC116553.1	chr16	35879036	35879498			
ENSG00000279666.1	AC116553.2	chr16	35903117	35904916			
ENSG00000261084.1	PPP1R1AP2	chr16	35912120	35912516			
ENSG00000261239.6	ANKRD26P1	chr16	46469341	46569097	2	2	2
ENSG00000199448.1	RNU6-845P	chr16	46556089	46556191	2	2	2
ENSG00000261356.2	AC092368.2	chr16	46571537	46572136	2	2	2
ENSG00000260251.1	AC092368.1	chr16	46573763	46575094	2	2	2
ENSG00000171241.9	SHCBP1	chr16	46578591	46621379	2	2	2
ENSG00000261512.2	AC092368.3	chr16	46622861	46624451	2	2	2
ENSG00000259856.1	RAB43P1	chr16	46626404	46626992	2	2	2
ENSG00000260909.1	AC012186.1	chr16	46649126	46649849	2	2	2
ENSG00000069329.18	VPS35	chr16	46656132	46689518	2	2	2
ENSG00000261131.1	AC012186.2	chr16	46660696	46661591	2	2	2
ENSG00000280376.1	AC012186.3	chr16	46673443	46673927	2	2	2
ENSG00000091651.9	ORC6	chr16	46689643	46698394	2	2	2
ENSG00000140795.13	MYLK3	chr16	46702282	46790407	2	2	2
ENSG00000260782.1	AC007225.1	chr16	46789898	46792040	2	2	2
ENSG00000155330.10	C16orf87	chr16	46796603	46831180	2	2	2
ENSG00000260889.1	CKBP1	chr16	46842632	46844618	2	2	2
ENSG00000261725.1	AC007225.2	chr16	46850999	46851254	2	2	2
ENSG00000166123.14	GPT2	chr16	46884362	46931289	2	2	2
ENSG00000069345.12	DNAJA2	chr16	46955362	46973674	2	2	2
ENSG00000261173.1	AC018845.3	chr16	46973989	46978983	2	2	2
ENSG00000259821.1	AC018845.1	chr16	47004513	47035385	2	2	2
ENSG00000259983.1	AC018845.2	chr16	47013957	47014365	2	2	2
ENSG00000171208.10	NETO2	chr16	47077703	47143945	2	2	2
ENSG00000260281.6	ITFG1-AS1	chr16	47144323	47162749	2	2	2
ENSG00000239840.1	RPL23AP72	chr16	47150132	47150566	2	2	2
ENSG00000129636.13	ITFG1	chr16	47154387	47464149	2	2	2
ENSG00000260744.1	AC007494.2	chr16	47196311	47202429	2	2	2
ENSG00000279509.1	AC007494.3	chr16	47218026	47218768	2	2	2
ENSG00000260012.1	AC007494.1	chr16	47262741	47263500	2	2	2
ENSG00000261369.1	AC007533.1	chr16	47299447	47317814	2	2	2
ENSG00000222767.1	Y_RNA	chr16	47313027	47313121	2	2	2
ENSG00000288601.1	5S_rRNA	chr16	47450347	47450461	2	2	2
ENSG00000102893.16	PHKB	chr16	47461123	47701523	2	2	2
ENSG00000222268.1	RNA5SP425	chr16	47505432	47505543	2	2	2
ENSG00000262038.1	AC007599.2	chr16	47529190	47529916	2	2	2
ENSG00000259866.1	AC007599.1	chr16	47561307	47562480	2	2	2
ENSG00000261336.1	EIF4BP5	chr16	47565090	47566884	2	2	2
ENSG00000259918.1	NDUFA5P11	chr16	47598654	47598996	2	2	2
ENSG00000261231.6	LINC02133	chr16	47724568	47908431	2	2	2
ENSG00000260497.1	AC141846.1	chr16	47760780	47760921	2	2	2
ENSG00000261325.1	LINC02192	chr16	47849314	47887130	2	2	2
ENSG00000260450.2	LINC02134	chr16	47965620	47971693	2	2	2
ENSG00000288026.1	AC096996.3	chr16	48050588	48055099	2	2	2
ENSG00000261017.1	AC096996.1	chr16	48059671	48059995	2	2	2
ENSG00000140798.16	ABCC12	chr16	48081006	48156018	2	2	2
ENSG00000261538.1	AC096996.2	chr16	48164952	48167238	2	2	2
ENSG00000121270.16	ABCC11	chr16	48165773	48247568	2	2	2
ENSG00000102910.14	LONP2	chr16	48244300	48363122	2	2	2
ENSG00000240793.1	UBA52P8	chr16	48334471	48334854	2	2	2
ENSG00000280067.1	AC023818.1	chr16	48343755	48346058	2	2	2
ENSG00000196470.12	SIAH1	chr16	48356364	48448402	2	2	2
ENSG00000275909.1	Metazoa_SRP	chr16	48432927	48433208	2	2	2
ENSG00000261802.1	AC026470.3	chr16	48447904	48448398	2	2	2
ENSG00000260688.1	AC026470.1	chr16	48470953	48471133	2	2	2
ENSG00000260347.1	MOCS1P1	chr16	48496990	48498601	2	2	2
ENSG00000102921.8	N4BP1	chr16	48538726	48620148	2	2	2
ENSG00000261267.1	AC026470.2	chr16	48559661	48587403	2	2	2
ENSG00000243609.1	RPS2P44	chr16	48577524	48578369	2	2	2
ENSG00000260033.1	AC023813.2	chr16	48600176	48600644	2	2	2
ENSG00000259912.1	AC023813.1	chr16	48620319	48622033	2	2	2
ENSG00000260086.3	AC007611.1	chr16	48623422	48746318	2	2	2
ENSG00000260052.1	AC023813.3	chr16	48637143	48638719	2	2	2
ENSG00000272545.1	AC023813.4	chr16	48640473	48641052	2	2	2
ENSG00000260726.2	KLF8P1	chr16	48718083	48719143	2	2	2
ENSG00000222170.1	RNU6-257P	chr16	48731704	48731801	2	2	2
ENSG00000260184.1	AC023827.1	chr16	48849919	48850015	2	2	2
ENSG00000260067.1	MTND4LP25	chr16	49066567	49066729	2	2	2
ENSG00000287469.1	AC044798.3	chr16	49072543	49275579	2	2	2
ENSG00000261421.1	AC044798.1	chr16	49159508	49162023	2	2	2
ENSG00000261815.1	AC044798.2	chr16	49170552	49171786	2	2	2
ENSG00000102924.12	CBLN1	chr16	49277917	49281838	2	2	2
ENSG00000279249.3	AC007614.1	chr16	49282021	49350504	2	2	2
ENSG00000280189.1	AC007614.2	chr16	49297143	49299762	2	2	2
ENSG00000166152.4	C16orf78	chr16	49373804	49399431	2	2	2
ENSG00000262950.2	AC007861.1	chr16	49442910	49454109	2	2	2
ENSG00000263110.1	AC007861.2	chr16	49454229	49457269	2	2	2
ENSG00000261623.1	LINC02179	chr16	49466106	49469875	2	2	2
ENSG00000102935.12	ZNF423	chr16	49487524	49857919	2	2	2
ENSG00000260089.2	ADAM3B	chr16	49517762	49518601	2	2	2
ENSG00000260024.1	MRPS21P7	chr16	49708006	49708243	2	2	2
ENSG00000280131.1	AC027348.2	chr16	49711273	49711914	2	2	2
ENSG00000259978.1	MRPS21P8	chr16	49764454	49764688	2	2	2
ENSG00000275155.1	AC027348.1	chr16	49847018	49847632	2	2	2
ENSG00000279842.1	AC007603.2	chr16	49900019	49900524	2	2	2
ENSG00000261751.1	AC007603.1	chr16	49920730	49924154	2	2	2
ENSG00000244551.2	RPL34P29	chr16	49935028	49935352	2	2	2
ENSG00000283365.1	AC007603.3	chr16	49954985	49968730	2	2	2
ENSG00000205423.11	CNEP1R1	chr16	50024410	50037088	2	2	2
ENSG00000259843.2	AC007610.1	chr16	50046429	50066224	2	2	2
ENSG00000261835.1	AC007610.3	chr16	50046496	50047798	2	2	2
ENSG00000273829.1	Metazoa_SRP	chr16	50054143	50054430	2	2	2
ENSG00000260298.2	ACTG1P16	chr16	50058150	50059231	2	2	2
ENSG00000155393.13	HEATR3	chr16	50065970	50107272	2	2	2
ENSG00000279356.1	AC007610.4	chr16	50072862	50074986	2	2	2
ENSG00000202124.1	RNY4P3	chr16	50098264	50098358	2	2	2
ENSG00000260381.2	AC007610.2	chr16	50100339	50121943	2	2	2
ENSG00000287444.1	AC007610.5	chr16	50120064	50129904	2	2	2
ENSG00000260031.1	RPL10P14	chr16	50151280	50151577	2	2	2
ENSG00000252526.1	SNORA70	chr16	50151642	50151731	2	2	2
ENSG00000121274.14	TENT4B	chr16	50152911	50235310	2	2	2
ENSG00000121281.13	ADCY7	chr16	50246137	50318135	2	2	2
ENSG00000274969.1	MIR6771	chr16	50292616	50292675	2	2	2
ENSG00000166164.16	BRD7	chr16	50313487	50368988	2	2	2
ENSG00000261393.1	AC007493.2	chr16	50368580	50371480	2	2	2
ENSG00000261092.1	LINC02178	chr16	50390916	50395133	2	2	2
ENSG00000260573.4	AC007493.1	chr16	50407184	50546347	2	2	2
ENSG00000140807.7	NKD1	chr16	50548396	50649249	2	2	2
ENSG00000260029.2	AC007608.2	chr16	50551824	50553940	2	2	2
ENSG00000278909.1	AC007608.4	chr16	50555355	50558719	2	2	2
ENSG00000205414.1	AC007608.1	chr16	50606076	50613684	2	2	2
ENSG00000260249.3	AC007608.3	chr16	50664903	50671639	2	2	2
ENSG00000167208.15	SNX20	chr16	50666300	50681353	2	2	2
ENSG00000167207.14	NOD2	chr16	50693588	50734041	2	2	2
ENSG00000270120.1	AC007728.3	chr16	50712844	50713589	2	2	2
ENSG00000261644.2	AC007728.2	chr16	50727417	50742815	2	2	2
ENSG00000083799.18	CYLD	chr16	50742050	50801935	2	2	2
ENSG00000264947.1	MIR3181	chr16	50742305	50742377	2	2	2
ENSG00000260616.6	AC007728.1	chr16	50783859	50803338	2	2	2
ENSG00000261703.1	LINC02168	chr16	50806668	50807629	2	2	2
ENSG00000261241.7	LINC02128	chr16	50840017	50901063	2	2	2
ENSG00000260042.1	AC025810.1	chr16	50856614	50879278	2	2	2
ENSG00000199771.1	RNA5SP426	chr16	50869455	50869575	2	2	2
ENSG00000261637.3	LINC02127	chr16	51017544	51035784	2	2	2
ENSG00000260605.1	AC027688.1	chr16	51035118	51038764	2	2	2
ENSG00000260620.1	AC027688.2	chr16	51054728	51056399	2	2	2
ENSG00000287718.1	AC009166.3	chr16	51089466	51095952	2	2	2
ENSG00000261282.1	SOD1P2	chr16	51107571	51108021	2	2	2
ENSG00000103449.12	SALL1	chr16	51135975	51151367	2	2	2
ENSG00000261238.1	AC009166.1	chr16	51149239	51149819	2	2	2
ENSG00000285367.1	AC087564.1	chr16	51150770	51442519	2	2	2
ENSG00000280344.1	AC009166.2	chr16	51176066	51178898	2	2	2
ENSG00000287256.1	AC137494.1	chr16	51197804	51268117	2	2	2
ENSG00000261047.1	AC137527.1	chr16	51244054	51244123	2	2	2
ENSG00000260818.2	UNGP1	chr16	51277852	51279112	2	2	2
ENSG00000260850.2	AC007344.1	chr16	51354456	51525157	2	2	2
ENSG00000224578.5	HNRNPA1P48	chr16	51553436	51647132	2	2	2
ENSG00000223168.1	RN7SKP142	chr16	51671236	51671563	2	2	2
ENSG00000260057.6	LINC01571	chr16	51755325	51788208	2	2	2
ENSG00000261190.5	C16orf97	chr16	52005487	52078474	2	2	2
ENSG00000261470.1	AC009039.1	chr16	52078622	52080489	2	2	2
ENSG00000279779.1	AC009039.2	chr16	52081568	52082096	2	2	2
ENSG00000260268.6	LINC00919	chr16	52083064	52085109	2	2	2
ENSG00000261749.3	LINC02180	chr16	52085210	52099120	2	2	2
ENSG00000260975.1	AC007333.2	chr16	52198012	52227956	2	2	2
ENSG00000260478.2	AC007333.1	chr16	52238081	52269574	2	2	2
ENSG00000260887.3	CASC22	chr16	52258564	52280638	2	2	2
ENSG00000103460.17	TOX3	chr16	52436417	52547802	2	2	2
ENSG00000279427.1	AC007490.1	chr16	52436772	52437474	2	2	2
ENSG00000249231.8	CASC16	chr16	52552084	52652132	2	2	2
ENSG00000285800.1	AC026462.5	chr16	52583694	52588879	2	2	2
ENSG00000260963.2	AC026462.3	chr16	52607006	52614640	2	2	2
ENSG00000260393.1	AC026462.2	chr16	52607762	52608158	2	2	2
ENSG00000261261.3	AC026462.4	chr16	52622115	52677747	2	2	2
ENSG00000234337.4	AC026462.1	chr16	52655307	52656045	2	2	2
ENSG00000260326.1	PHBP21	chr16	52934813	52935635	2	2	2
ENSG00000260258.2	AC007346.1	chr16	52942139	52943464	2	2	2
ENSG00000260939.1	AC007346.2	chr16	53010395	53011286	2	2	2
ENSG00000277639.2	AC007906.2	chr16	53035690	53052873	2	2	2
ENSG00000177200.17	CHD9	chr16	53055033	53329150	2	2	2
ENSG00000261291.1	AC007906.1	chr16	53168522	53169450	2	2	2
ENSG00000280227.1	AC079416.4	chr16	53227146	53227694	2	2	2
ENSG00000261056.2	AC079416.2	chr16	53298224	53299792	2	2	2
ENSG00000279589.1	AC079416.3	chr16	53310797	53311989	2	2	2
ENSG00000238645.1	AC079416.1	chr16	53334562	53334664	2	2	2
ENSG00000202193.1	RNA5SP427	chr16	53337453	53337571	2	2	2
ENSG00000259962.1	AC007342.2	chr16	53362019	53363678	2	2	2
ENSG00000260078.3	AC007342.3	chr16	53364982	53373083	2	2	2
ENSG00000261804.2	AC007342.4	chr16	53373479	53385019	2	2	2
ENSG00000262714.1	AC007342.5	chr16	53386944	53389085	2	2	2
ENSG00000279741.1	AC007342.8	chr16	53389886	53390563	2	2	2
ENSG00000280027.1	AC007342.9	chr16	53391089	53392473	2	2	2
ENSG00000103479.16	RBL2	chr16	53433977	53491648	2	2	2
ENSG00000252569.1	RNU6-1153P	chr16	53443228	53443332	2	2	2
ENSG00000259926.1	AC007342.1	chr16	53448748	53449590	2	2	2
ENSG00000279344.1	AC007342.6	chr16	53478957	53481550	2	2	2
ENSG00000279722.1	AC007342.7	chr16	53487607	53489943	2	2	2
ENSG00000166971.17	AKTIP	chr16	53491040	53504411	2	2	2
ENSG00000287909.1	AC007497.2	chr16	53544339	53545689	2	2	2
ENSG00000103494.15	RPGRIP1L	chr16	53598153	53703938	2	2	2
ENSG00000275191.1	AC007497.1	chr16	53628256	53628816	2	2	2
ENSG00000140718.21	FTO	chr16	53701692	54158512	2	2	2
ENSG00000261630.1	AC007496.2	chr16	53981229	53981912	2	2	2
ENSG00000280392.1	AC007496.3	chr16	53991012	53994454	2	2	2
ENSG00000260194.1	AC007496.1	chr16	53998313	53999969	2	2	2
ENSG00000261049.2	AC007347.1	chr16	54033997	54054583	2	2	2
ENSG00000280454.1	AC007347.2	chr16	54114697	54114878	2	2	2
ENSG00000259759.1	AC007907.1	chr16	54239693	54240654	2	2	2
ENSG00000259517.3	LINC02169	chr16	54245544	54270879	2	2	2
ENSG00000177508.12	IRX3	chr16	54283304	54286787	2	2	2
ENSG00000283689.1	AC018553.2	chr16	54285604	54289568	2	2	2
ENSG00000277559.1	AC018553.1	chr16	54290965	54292422	2	2	2
ENSG00000261803.2	LINC02140	chr16	54365996	54370794	2	2	2
ENSG00000287885.1	AC018553.3	chr16	54370265	54374728	2	2	2
ENSG00000286845.1	AC007343.1	chr16	54490281	54491396	2	2	2
ENSG00000283304.1	LINC02183	chr16	54542808	54559100	2	2	2
ENSG00000283258.2	AC007491.1	chr16	54628963	54657662	2	2	2
ENSG00000245694.10	CRNDE	chr16	54845189	54929189	2	2	2
ENSG00000286357.1	AC106742.1	chr16	54847316	54854991	2	2	2
ENSG00000176842.15	IRX5	chr16	54930865	54934485	2	2	2
ENSG00000259711.1	AC106738.1	chr16	54934913	54954665	2	2	2
ENSG00000259725.1	AC106738.2	chr16	54937786	54938671	2	2	2
ENSG00000260147.1	MTND5P34	chr16	55007982	55008306	2	2	2
ENSG00000285775.1	AC109136.1	chr16	55045700	55049318	2	2	2
ENSG00000259283.2	AC109462.1	chr16	55259969	55333588	2	2	2
ENSG00000239555.3	RN7SL841P	chr16	55291379	55291675	2	2	2
ENSG00000283423.1	AC109462.3	chr16	55321575	55322686	2	2	2
ENSG00000159387.8	IRX6	chr16	55324203	55330756	2	2	2
ENSG00000263207.2	AC109462.2	chr16	55332355	55332967	2	2	2
ENSG00000240760.1	RPL31P56	chr16	55352721	55353088	2	2	2
ENSG00000087245.13	MMP2	chr16	55389700	55506691	2	2	2
ENSG00000274508.1	AC007336.2	chr16	55425574	55426130	2	2	2
ENSG00000260135.7	MMP2-AS1	chr16	55426797	55462297	2	2	2
ENSG00000279030.1	AC007336.3	chr16	55486618	55488777	2	2	2
ENSG00000087253.13	LPCAT2	chr16	55509072	55586666	2	2	2
ENSG00000261997.1	AC007336.1	chr16	55538200	55542027	2	2	2
ENSG00000256812.2	CAPNS2	chr16	55566684	55567687	2	2	2
ENSG00000103546.18	SLC6A2	chr16	55655604	55706192	2	2	2
ENSG00000278928.1	AC136621.1	chr16	55704119	55706422	2	2	2
ENSG00000260765.2	CES1P2	chr16	55728115	55750111	2	2	2
ENSG00000228695.10	CES1P1	chr16	55760566	55793960	2	2	2
ENSG00000198848.13	CES1	chr16	55802851	55833337	2	2	2
ENSG00000159398.16	CES5A	chr16	55846154	55956031	2	2	2
ENSG00000246379.8	AC040168.1	chr16	55984009	56191118	2	2	2
ENSG00000279523.1	AC040168.2	chr16	56108980	56109970	2	2	2
ENSG00000260041.5	AC007495.1	chr16	56109537	56137000	2	2	2
ENSG00000087258.16	GNAO1	chr16	56191390	56357444	2	2	2
ENSG00000261439.1	DKFZP434H168	chr16	56192614	56194518	2	2	2
ENSG00000265281.1	MIR3935	chr16	56245520	56245623	2	2	2
ENSG00000287866.1	AC009102.4	chr16	56282886	56299351	2	2	2
ENSG00000260198.1	AC009102.1	chr16	56300616	56302904	2	2	2
ENSG00000279764.1	AC009102.3	chr16	56306845	56308335	2	2	2
ENSG00000272372.1	AC009102.2	chr16	56351886	56353524	2	2	2
ENSG00000159461.15	AMFR	chr16	56361452	56425545	2	2	2
ENSG00000260621.1	AC092140.1	chr16	56409320	56411683	2	2	2
ENSG00000167005.14	NUDT21	chr16	56429133	56452199	2	2	2
ENSG00000087263.17	OGFOD1	chr16	56451521	56479104	2	2	2
ENSG00000274031.1	AC092140.2	chr16	56465642	56466162	2	2	2
ENSG00000125124.13	BBS2	chr16	56466836	56520087	2	2	2
ENSG00000102891.4	MT4	chr16	56565073	56568957	2	2	2
ENSG00000087250.9	MT3	chr16	56589074	56591088	2	2	2
ENSG00000125148.7	MT2A	chr16	56608584	56609497	2	2	2
ENSG00000260823.1	AC026461.3	chr16	56609501	56611375	2	2	2
ENSG00000260549.2	MT1L	chr16	56617476	56618818	2	2	2
ENSG00000169715.15	MT1E	chr16	56625475	56627112	2	2	2
ENSG00000205364.4	MT1M	chr16	56632659	56633981	2	2	2
ENSG00000255986.6	MT1JP	chr16	56635739	56637086	2	2	2
ENSG00000205362.11	MT1A	chr16	56638666	56640087	2	2	2
ENSG00000205361.8	MT1DP	chr16	56643705	56644786	2	2	2
ENSG00000205360.6	MT1CP	chr16	56648248	56649514	2	2	2
ENSG00000259923.1	AC026461.2	chr16	56648881	56652636	2	2	2
ENSG00000169688.11	MT1B	chr16	56651886	56653204	2	2	2
ENSG00000198417.7	MT1F	chr16	56657731	56660698	2	2	2
ENSG00000125144.14	MT1G	chr16	56666730	56668065	2	2	2
ENSG00000205358.4	MT1H	chr16	56669814	56671129	2	2	2
ENSG00000275691.2	MT1IP	chr16	56676132	56677763	2	2	2
ENSG00000187193.9	MT1X	chr16	56682470	56684196	2	2	2
ENSG00000259827.1	AC026461.1	chr16	56682470	56687807	2	2	2
ENSG00000261429.2	DPPA2P4	chr16	56686851	56688052	2	2	2
ENSG00000261302.6	AC106779.1	chr16	56708450	56730010	2	2	2
ENSG00000102900.13	NUP93	chr16	56730118	56850286	2	2	2
ENSG00000207649.3	MIR138-2	chr16	56858518	56858601	2	2	2
ENSG00000070915.10	SLC12A3	chr16	56865207	56915850	2	2	2
ENSG00000283471.1	MIR6863	chr16	56904264	56904353	2	2	2
ENSG00000243988.1	RPS24P17	chr16	56906534	56906956	2	2	2
ENSG00000051108.15	HERPUD1	chr16	56932142	56944864	2	2	2
ENSG00000261270.1	AC012181.2	chr16	56940278	56941342	2	2	2
ENSG00000261114.1	AC012181.1	chr16	56941028	56941726	2	2	2
ENSG00000087237.12	CETP	chr16	56961923	56983845	2	2	2
ENSG00000140853.16	NLRC5	chr16	56989485	57083531	2	2	2
ENSG00000259922.1	AC023825.1	chr16	57013071	57014100	2	2	2
ENSG00000260145.1	AC023825.2	chr16	57052505	57058497	2	2	2
ENSG00000260148.1	AC009090.2	chr16	57091213	57092303	2	2	2
ENSG00000140848.17	CPNE2	chr16	57092583	57148369	2	2	2
ENSG00000279019.1	AC009090.4	chr16	57140896	57144586	2	2	2
ENSG00000279803.1	AC009090.5	chr16	57142652	57144936	2	2	2
ENSG00000172775.17	PSME3IP1	chr16	57152466	57186116	2	2	2
ENSG00000285979.1	AC009090.6	chr16	57177349	57181390	2	2	2
ENSG00000159579.14	RSPRY1	chr16	57186137	57240469	2	2	2
ENSG00000102931.8	ARL2BP	chr16	57245259	57253635	2	2	2
ENSG00000276663.1	AC009090.3	chr16	57245832	57246396	2	2	2
ENSG00000260038.1	AC009090.1	chr16	57247350	57248492	2	2	2
ENSG00000102934.10	PLLP	chr16	57248547	57284672	2	2	2
ENSG00000260965.1	RPL23AP91	chr16	57321352	57322117	2	2	2
ENSG00000271456.1	AC108081.1	chr16	57332379	57332599	2	2	2
ENSG00000102962.5	CCL22	chr16	57358783	57366189	2	2	2
ENSG00000006210.7	CX3CL1	chr16	57372477	57385044	2	2	2
ENSG00000102970.11	CCL17	chr16	57404767	57416063	2	2	2
ENSG00000005194.15	CIAPIN1	chr16	57428187	57447420	2	2	2
ENSG00000088682.14	COQ9	chr16	57447425	57461270	2	2	2
ENSG00000260345.1	AC009052.1	chr16	57461055	57462737	2	2	2
ENSG00000102978.13	POLR2C	chr16	57462660	57472009	2	2	2
ENSG00000125170.11	DOK4	chr16	57471922	57487327	2	2	2
ENSG00000135736.6	CCDC102A	chr16	57512181	57536571	2	2	2
ENSG00000159618.16	ADGRG5	chr16	57542643	57591681	2	2	2
ENSG00000260828.1	HMGB3P32	chr16	57603137	57603697	2	2	2
ENSG00000205336.14	ADGRG1	chr16	57610652	57665580	2	2	2
ENSG00000261633.1	AC018552.3	chr16	57622034	57631647	2	2	2
ENSG00000182885.17	ADGRG3	chr16	57668277	57689378	2	2	2
ENSG00000260467.1	AC018552.2	chr16	57681124	57701730	2	2	2
ENSG00000159625.15	DRC7	chr16	57694793	57731805	2	2	2
ENSG00000260438.1	AC018552.1	chr16	57713782	57714957	2	2	2
ENSG00000140854.13	KATNB1	chr16	57735739	57757244	2	2	2
ENSG00000140859.16	KIFC3	chr16	57758217	57863053	2	2	2
ENSG00000276166.1	AC092118.2	chr16	57759358	57760024	2	2	2
ENSG00000274816.1	MIR6772	chr16	57772289	57772352	2	2	2
ENSG00000187185.4	AC092118.1	chr16	57798186	57816946	2	2	2
ENSG00000206833.1	RNU6-20P	chr16	57830536	57830642	2	2	2
ENSG00000070729.14	CNGB1	chr16	57882340	57971128	2	2	2
ENSG00000159648.11	TEPP	chr16	57976435	57988116	2	2	2
ENSG00000166188.2	ZNF319	chr16	57994668	58000453	2	2	2
ENSG00000103005.12	USB1	chr16	57999546	58021618	2	2	2
ENSG00000102996.5	MMP15	chr16	58025754	58046901	2	2	2
ENSG00000207173.1	Y_RNA	chr16	58083068	58083168	2	2	2
ENSG00000261151.1	AC012182.1	chr16	58092053	58092947	2	2	2
ENSG00000070761.8	CFAP20	chr16	58113592	58129381	2	2	2
ENSG00000260545.1	AC026771.1	chr16	58116885	58119353	2	2	2
ENSG00000260927.2	AC009107.2	chr16	58129519	58163246	2	2	2
ENSG00000070770.10	CSNK2A2	chr16	58157907	58198106	2	2	2
ENSG00000260867.1	AC009107.1	chr16	58197112	58217805	2	2	2
ENSG00000240863.3	RN7SL645P	chr16	58199568	58199836	2	2	2
ENSG00000103021.9	CCDC113	chr16	58231157	58283836	2	2	2
ENSG00000103023.12	PRSS54	chr16	58279997	58295047	2	2	2
ENSG00000181938.14	GINS3	chr16	58295080	58406147	2	2	5
ENSG00000212379.1	RNU6-269P	chr16	58378052	58378148	2	2	2
ENSG00000261078.1	AC009118.1	chr16	58382989	58383798	2	2	2
ENSG00000252271.1	RNU6-1110P	chr16	58384442	58384542	2	2	2
ENSG00000276131.1	AC009118.2	chr16	58392153	58392807	2	2	2
ENSG00000260186.5	LINC02137	chr16	58421326	58462470	2	2	5
ENSG00000103034.14	NDRG4	chr16	58462846	58513628	2	2	5
ENSG00000200556.1	RNU6-103P	chr16	58496908	58497014	2	2	5
ENSG00000103037.12	SETD6	chr16	58515479	58523842	2	2	5
ENSG00000125107.18	CNOT1	chr16	58519951	58629885	2	2	5
ENSG00000276259.1	AC009118.3	chr16	58522970	58523842	2	2	5
ENSG00000207493.1	SNORA46	chr16	58548499	58548633	2	2	5
ENSG00000206952.3	SNORA50A	chr16	58559796	58559929	2	2	5
ENSG00000281910.1	SNORA50A	chr16	58559796	58559931	2	2	5
ENSG00000260865.1	AC010287.1	chr16	58597589	58597945	2	2	5
ENSG00000103042.9	SLC38A7	chr16	58665109	58684770	2	2	5
ENSG00000279889.1	AC012183.1	chr16	58705799	58706297	2	2	5
ENSG00000125166.13	GOT2	chr16	58707131	58734342	2	2	5
ENSG00000245768.7	AC106793.1	chr16	58733910	59199395	2	2	5
ENSG00000200424.1	RNU6-1155P	chr16	58744251	58744357	2	2	5
ENSG00000244003.3	RN7SL143P	chr16	58770524	58770820	2	2	5
ENSG00000260451.1	GEMIN8P2	chr16	58776540	58777563	2	2	5
ENSG00000242423.2	RPL12P36	chr16	58825891	58826368	2	2	5
ENSG00000261638.2	AC092378.1	chr16	58847715	58880351	2	2	5
ENSG00000275808.1	Metazoa_SRP	chr16	59004213	59004494	2	2	5
ENSG00000244043.1	RPS27P27	chr16	59088837	59089091	2	2	5
ENSG00000261144.1	AC092121.1	chr16	59166951	59167152	2	2	5
ENSG00000200062.1	RNU4-58P	chr16	59540126	59540266	2	2	5
ENSG00000270222.1	DUXAP11	chr16	59655602	59656336	2	2	5
ENSG00000260240.4	APOOP5	chr16	59709993	59755026	2	2	5
ENSG00000261807.2	LINC02141	chr16	59855353	60053973	2	2	5
ENSG00000261278.1	AC009094.1	chr16	60024578	60025141	2	2	5
ENSG00000261436.6	AC009081.2	chr16	60346478	60499364	2	2	5
ENSG00000261590.1	AC018554.1	chr16	60357214	60357474	2	2	5
ENSG00000278499.2	NPAP1L	chr16	60358455	60359480	2	2	5
ENSG00000261310.1	AC009081.1	chr16	60486819	60523250	2	2	5
ENSG00000259844.2	GNPATP	chr16	60654235	60656649	2	2	5
ENSG00000261178.2	AC009169.1	chr16	60925733	60928541	2	2	5
ENSG00000224631.4	RPS27AP16	chr16	61055399	61055964	2	2	5
ENSG00000286653.1	AC092125.2	chr16	61638233	61642577	2	2	5
ENSG00000150394.14	CDH8	chr16	61647242	62037035	2	2	5
ENSG00000260600.1	AC092125.1	chr16	61691756	61693750	2	2	5
ENSG00000201289.1	RN7SKP76	chr16	61743154	61743476	2	2	5
ENSG00000260115.1	AC012174.1	chr16	61918321	61940697	2	2	5
ENSG00000207441.1	RNU6-21P	chr16	62187540	62187646	2	2	5
ENSG00000280261.1	AC009161.2	chr16	62342420	62342557	2	2	5
ENSG00000237901.1	AC009161.1	chr16	62357371	62357746	2	2	5
ENSG00000231589.1	AC009110.1	chr16	62596372	62598449	2	2	5
ENSG00000260332.1	AC010546.1	chr16	62808222	62808706	2	2	5
ENSG00000261502.4	AC040174.1	chr16	63056786	63129654	2	2	5
ENSG00000269986.1	AC040174.2	chr16	63066526	63066990	2	2	5
ENSG00000261199.1	UBE2FP2	chr16	63180610	63181071	2	2	2
ENSG00000260658.6	AC138305.1	chr16	63314264	63618046	2	2	2
ENSG00000241808.1	RPS15AP34	chr16	63350763	63351149	2	2	2
ENSG00000261743.1	AC138305.2	chr16	63368844	63369456	2	2	2
ENSG00000279225.1	AC138305.3	chr16	63397707	63397946	2	2	2
ENSG00000259864.1	AC018846.1	chr16	63703483	63703665	2	2	2
ENSG00000261014.2	LINC02165	chr16	63730205	63755884	2	2	2
ENSG00000261653.1	AC092337.1	chr16	63935778	63936906	2	2	2
ENSG00000260715.1	AC093536.2	chr16	64155169	64156574	2	2	2
ENSG00000261028.1	AC012322.1	chr16	64242608	64343909	2	2	2
ENSG00000260668.1	AC093536.1	chr16	64260570	64261239	2	2	2
ENSG00000259846.1	AC092131.1	chr16	64364781	64600247	2	2	2
ENSG00000260187.2	PPIAP48	chr16	64735925	64737283	2	2	2
ENSG00000260068.1	AC009101.1	chr16	64738323	64738564	2	2	2
ENSG00000140937.14	CDH11	chr16	64943753	65126112	2	2	2
ENSG00000278893.1	AC010533.1	chr16	64981123	64983227	2	2	2
ENSG00000259847.2	LINC02126	chr16	65141751	65176713	2	2	2
ENSG00000260834.1	AC009055.2	chr16	65190973	65234914	2	2	2
ENSG00000260364.1	AC009055.1	chr16	65233056	65432820	2	2	2
ENSG00000261742.6	LINC00922	chr16	65284496	65576345	2	2	2
ENSG00000261818.1	AC092138.2	chr16	65580668	65646947	2	2	2
ENSG00000260004.1	AC092138.1	chr16	65601101	65601698	2	2	2
ENSG00000260695.1	AC022164.1	chr16	65861112	65863784	2	2	2
ENSG00000261234.1	AC025281.1	chr16	65938189	65938453	2	2	2
ENSG00000201999.1	RNA5SP428	chr16	66301809	66301940	2	2	2
ENSG00000286928.1	AC012325.1	chr16	66327349	66335138	2	2	2
ENSG00000179776.19	CDH5	chr16	66366622	66404784	2	2	2
ENSG00000246898.1	LINC00920	chr16	66408524	66412135	2	2	2
ENSG00000166546.14	BEAN1	chr16	66427295	66493529	2	2	2
ENSG00000260146.1	AC132186.1	chr16	66450998	66451351	2	2	2
ENSG00000261656.6	BEAN1-AS1	chr16	66469796	66481230	2	2	2
ENSG00000260851.7	AC010542.3	chr16	66469812	66517312	2	2	2
ENSG00000166548.17	TK2	chr16	66508003	66552544	2	2	2
ENSG00000260755.1	AC010542.2	chr16	66509437	66510048	2	2	2
ENSG00000261519.3	AC010542.4	chr16	66549280	66551189	2	2	2
ENSG00000275745.1	Y_RNA	chr16	66550457	66550567	2	2	2
ENSG00000217555.13	CKLF	chr16	66552563	66566251	2	2	2
ENSG00000254788.7	CKLF-CMTM1	chr16	66552587	66579135	2	2	2
ENSG00000277978.1	AC010542.5	chr16	66565620	66566001	2	2	2
ENSG00000089505.18	CMTM1	chr16	66566393	66579137	2	2	2
ENSG00000140932.10	CMTM2	chr16	66579448	66588275	2	2	2
ENSG00000260650.1	AC010542.1	chr16	66579983	66580716	2	2	2
ENSG00000140931.20	CMTM3	chr16	66603874	66613892	2	2	2
ENSG00000183723.13	CMTM4	chr16	66614750	66696743	2	2	2
ENSG00000135720.13	DYNC1LI2	chr16	66720893	66751609	2	2	2
ENSG00000260465.1	AC018557.1	chr16	66720897	66731785	2	2	2
ENSG00000287965.1	AC018557.3	chr16	66729152	66741416	2	2	2
ENSG00000260558.2	AC018557.2	chr16	66738238	66739722	2	2	2
ENSG00000246777.1	AC044802.1	chr16	66751752	66754740	2	2	2
ENSG00000249961.10	TERB1	chr16	66754640	66801620	2	2	2
ENSG00000159593.15	NAE1	chr16	66802875	66873256	2	2	2
ENSG00000258122.1	AC044802.2	chr16	66841433	66853448	2	2	2
ENSG00000168748.14	CA7	chr16	66844414	66854153	2	2	2
ENSG00000172840.7	PDP2	chr16	66878589	66895754	2	2	2
ENSG00000166589.13	CDH16	chr16	66908122	66918917	2	2	2
ENSG00000166592.12	RRAD	chr16	66921679	66925536	2	2	2
ENSG00000166595.12	CIAO2B	chr16	66932065	66934423	2	2	2
ENSG00000172831.14	CES2	chr16	66934444	66945096	2	2	2
ENSG00000265408.1	AC009084.1	chr16	66942712	66963256	2	2	2
ENSG00000280416.1	AC009084.3	chr16	66944660	66945096	2	2	2
ENSG00000172828.13	CES3	chr16	66961245	66975149	2	2	2
ENSG00000172824.16	CES4A	chr16	66988589	67009758	2	2	2
ENSG00000280334.1	AC009084.2	chr16	67006672	67009481	2	2	2
ENSG00000265918.2	RN7SL543P	chr16	67019519	67019817	2	2	2
ENSG00000067955.15	CBFB	chr16	67028984	67101058	2	2	2
ENSG00000125149.12	C16orf70	chr16	67109941	67148544	2	2	2
ENSG00000237172.4	B3GNT9	chr16	67148104	67150998	2	2	2
ENSG00000102871.16	TRADD	chr16	67154185	67159909	2	2	2
ENSG00000135722.9	FBXL8	chr16	67159932	67164570	2	2	2
ENSG00000265690.7	AC074143.1	chr16	67163385	67165815	2	2	2
ENSG00000102878.17	HSF4	chr16	67164681	67169945	2	2	2
ENSG00000140939.14	NOL3	chr16	67170154	67175735	2	2	2
ENSG00000196123.13	KIAA0895L	chr16	67175599	67184040	2	2	2
ENSG00000179044.16	EXOC3L1	chr16	67184379	67190185	2	2	2
ENSG00000205250.9	E2F4	chr16	67192155	67198918	2	2	2
ENSG00000102890.16	ELMO3	chr16	67199111	67204029	2	2	2
ENSG00000207948.3	MIR328	chr16	67202321	67202395	2	2	2
ENSG00000280163.1	AC040160.2	chr16	67205175	67206849	2	2	2
ENSG00000125122.15	LRRC29	chr16	67207139	67227048	2	2	2
ENSG00000168701.19	TMEM208	chr16	67227103	67229278	2	2	2
ENSG00000135723.14	FHOD1	chr16	67229387	67247481	2	2	2
ENSG00000135740.17	SLC9A5	chr16	67237683	67272191	2	2	2
ENSG00000262691.1	AC040160.1	chr16	67261108	67263784	2	2	2
ENSG00000196155.13	PLEKHG4	chr16	67277510	67289499	2	2	2
ENSG00000168676.11	KCTD19	chr16	67289428	67326760	2	2	2
ENSG00000201201.1	RN7SKP118	chr16	67321658	67321987	2	2	2
ENSG00000159708.18	LRRC36	chr16	67326798	67385204	2	2	2
ENSG00000159713.11	TPPP3	chr16	67389809	67393518	2	2	2
ENSG00000239194.1	RNU1-123P	chr16	67390691	67390850	2	2	2
ENSG00000159714.12	ZDHHC1	chr16	67394152	67416833	2	2	2
ENSG00000176387.7	HSD11B2	chr16	67430652	67437553	2	2	2
ENSG00000261320.1	AC009061.1	chr16	67430667	67431464	2	2	2
ENSG00000159720.12	ATP6V0D1	chr16	67438014	67481181	2	2	2
ENSG00000270049.3	AC009061.2	chr16	67481314	67505977	2	2	2
ENSG00000159723.5	AGRP	chr16	67482571	67483547	2	2	2
ENSG00000276075.1	AC027682.6	chr16	67517862	67528675	2	2	2
ENSG00000039523.20	RIPOR1	chr16	67518418	67546788	2	2	2
ENSG00000261396.1	AC027682.5	chr16	67538557	67540106	2	2	2
ENSG00000259945.1	AC027682.2	chr16	67542123	67542963	2	2	2
ENSG00000260894.1	AC027682.3	chr16	67542304	67542572	2	2	2
ENSG00000261386.2	AC027682.4	chr16	67549214	67563958	2	2	2
ENSG00000280214.1	AC027682.7	chr16	67550815	67552935	2	2	2
ENSG00000259804.1	AC027682.1	chr16	67561411	67562309	2	2	2
ENSG00000102974.16	CTCF	chr16	67562467	67639177	2	2	2
ENSG00000237718.2	AC009095.1	chr16	67614381	67616146	2	2	2
ENSG00000159753.14	CARMIL2	chr16	67644988	67657569	2	2	2
ENSG00000102977.17	ACD	chr16	67657512	67660815	2	2	2
ENSG00000102981.10	PARD6A	chr16	67660946	67662774	2	2	2
ENSG00000124074.12	ENKD1	chr16	67662945	67667265	2	2	2
ENSG00000159761.15	C16orf86	chr16	67666814	67668757	2	2	2
ENSG00000141098.13	GFOD2	chr16	67674531	67719339	2	2	2
ENSG00000141084.11	RANBP10	chr16	67723070	67806652	2	2	2
ENSG00000270165.1	AC010530.1	chr16	67738588	67739922	2	2	2
ENSG00000102904.15	TSNAXIP1	chr16	67806765	67832148	2	2	2
ENSG00000102901.13	CENPT	chr16	67828157	67847811	2	2	2
ENSG00000168286.3	THAP11	chr16	67842320	67844195	2	2	2
ENSG00000102898.12	NUTF2	chr16	67846923	67872567	2	2	2
ENSG00000262141.1	AC040162.2	chr16	67855955	67856111	2	2	2
ENSG00000038358.15	EDC4	chr16	67873052	67884499	2	2	2
ENSG00000263126.1	AC040162.3	chr16	67882461	67886367	2	2	2
ENSG00000188038.8	NRN1L	chr16	67884885	67888855	2	2	2
ENSG00000159792.10	PSKH1	chr16	67893254	67929676	2	2	2
ENSG00000141086.18	CTRL	chr16	67927640	67932365	2	2	2
ENSG00000261884.2	AC040162.1	chr16	67929614	67936017	2	2	2
ENSG00000205220.12	PSMB10	chr16	67934506	67936864	2	2	2
ENSG00000213398.8	LCAT	chr16	67939750	67944131	2	2	2
ENSG00000124067.17	SLC12A4	chr16	67943474	67969601	2	2	2
ENSG00000141096.6	DPEP3	chr16	67975663	67980549	2	2	2
ENSG00000167261.14	DPEP2	chr16	67987394	68000586	2	2	2
ENSG00000167264.18	DUS2	chr16	67987746	68079320	2	2	2
ENSG00000262962.1	KARS1P3	chr16	68002432	68004952	2	2	2
ENSG00000263201.1	DPEP2NB	chr16	68013436	68015911	2	2	2
ENSG00000202336.1	RNU6-359P	chr16	68017710	68017817	2	2	2
ENSG00000182810.7	DDX28	chr16	68020916	68023232	2	2	2
ENSG00000261864.1	AC130462.2	chr16	68077340	68122271	2	2	2
ENSG00000072736.19	NFATC3	chr16	68084751	68229259	2	2	2
ENSG00000201850.1	Y_RNA	chr16	68089449	68089543	2	2	2
ENSG00000212445.1	AC130462.1	chr16	68189287	68189421	2	2	2
ENSG00000262514.1	AC020978.6	chr16	68199795	68200981	2	2	2
ENSG00000279621.1	AC020978.8	chr16	68199841	68200981	2	2	2
ENSG00000240435.2	RPS12P27	chr16	68209442	68209778	2	2	2
ENSG00000260891.1	AC020978.3	chr16	68212401	68221671	2	2	2
ENSG00000263276.1	AC020978.7	chr16	68224713	68227734	2	2	2
ENSG00000262160.1	AC020978.5	chr16	68225969	68229145	2	2	2
ENSG00000103067.14	ESRP2	chr16	68229033	68238102	2	2	2
ENSG00000284259.1	MIR6773	chr16	68233426	68233499	2	2	2
ENSG00000261469.1	AC020978.4	chr16	68236845	68237667	2	2	2
ENSG00000103066.13	PLA2G15	chr16	68245304	68261058	2	2	2
ENSG00000260441.5	AC020978.2	chr16	68256162	68260443	2	2	2
ENSG00000103064.15	SLC7A6	chr16	68264516	68301823	2	2	2
ENSG00000252026.1	RNU6-1262P	chr16	68284223	68284318	2	2	2
ENSG00000103061.13	SLC7A6OS	chr16	68284503	68310946	2	2	2
ENSG00000279649.1	AC020978.9	chr16	68290087	68292790	2	2	2
ENSG00000132600.17	PRMT7	chr16	68310974	68358584	2	2	2
ENSG00000259797.1	AC020978.1	chr16	68316801	68319036	2	2	2
ENSG00000222177.1	RNU4-30P	chr16	68329387	68329529	2	2	2
ENSG00000103056.12	SMPD3	chr16	68358327	68448508	2	2	2
ENSG00000279693.1	AC099521.2	chr16	68367325	68370262	2	2	2
ENSG00000287760.1	AC099521.3	chr16	68448843	68450002	2	2	2
ENSG00000274698.1	AC099521.1	chr16	68450283	68452318	2	2	2
ENSG00000199263.1	Y_RNA	chr16	68474553	68474664	2	2	2
ENSG00000241334.2	RPL35AP33	chr16	68477237	68477570	2	2	2
ENSG00000184939.16	ZFP90	chr16	68530090	68576072	2	2	2
ENSG00000201164.1	RNU4-36P	chr16	68535515	68535658	2	2	2
ENSG00000260084.1	AC126773.3	chr16	68573782	68589512	2	2	2
ENSG00000275383.1	AC126773.6	chr16	68591382	68594424	2	2	2
ENSG00000252040.1	AC126773.1	chr16	68630223	68630354	2	2	2
ENSG00000252640.1	AC126773.2	chr16	68630851	68630968	2	2	2
ENSG00000062038.14	CDH3	chr16	68636189	68722616	2	2	2
ENSG00000260577.2	AC126773.4	chr16	68644248	68646168	2	2	2
ENSG00000260860.2	AC126773.5	chr16	68651056	68651948	2	2	2
ENSG00000261395.3	HSPE1P5	chr16	68686399	68686670	2	2	2
ENSG00000039068.19	CDH1	chr16	68737292	68835541	2	2	2
ENSG00000200558.1	RNA5SP429	chr16	68742480	68742588	2	2	2
ENSG00000260798.1	AC099314.1	chr16	68814330	68823526	2	2	2
ENSG00000260459.2	FTLP14	chr16	68822587	68823070	2	2	2
ENSG00000103047.8	TANGO6	chr16	68843531	69085182	2	2	2
ENSG00000199979.1	Y_RNA	chr16	68885576	68885677	2	2	2
ENSG00000275504.1	U7	chr16	68926894	68926957	2	2	2
ENSG00000260999.1	AC009137.1	chr16	68927547	68948261	2	2	2
ENSG00000266801.1	AC009137.2	chr16	68933820	68937725	2	2	2
ENSG00000202497.1	RNU6-898P	chr16	69007052	69007155	2	2	2
ENSG00000271129.1	AC009027.1	chr16	69025860	69026643	2	2	2
ENSG00000244378.1	RPS2P45	chr16	69033675	69036042	2	2	2
ENSG00000103044.11	HAS3	chr16	69105653	69118719	2	2	2
ENSG00000286140.1	DERPC	chr16	69118010	69132151	2	2	2
ENSG00000168802.14	CHTF8	chr16	69118010	69132588	2	2	2
ENSG00000141076.18	UTP4	chr16	69131291	69231130	2	2	2
ENSG00000207083.1	RNU6-22P	chr16	69175671	69175777	2	2	2
ENSG00000168807.16	SNTB2	chr16	69187129	69309052	2	2	2
ENSG00000200164.1	Y_RNA	chr16	69191123	69191223	2	2	2
ENSG00000265113.1	AC026474.1	chr16	69240549	69241929	2	2	2
ENSG00000260914.3	AC026464.4	chr16	69299682	69322700	2	2	2
ENSG00000132612.16	VPS4A	chr16	69311350	69326939	2	2	2
ENSG00000213380.16	COG8	chr16	69320140	69339583	2	2	2
ENSG00000258429.2	PDF	chr16	69326913	69330588	2	2	2
ENSG00000272617.3	AC026464.6	chr16	69328644	69334871	2	2	2
ENSG00000260371.1	AC026464.3	chr16	69335091	69356306	2	2	2
ENSG00000259900.5	AC026464.1	chr16	69335276	69351730	2	2	2
ENSG00000132603.15	NIP7	chr16	69337996	69343106	2	2	2
ENSG00000157315.5	TMED6	chr16	69343250	69351786	2	2	2
ENSG00000132604.11	TERF2	chr16	69355567	69408571	2	2	2
ENSG00000103018.17	CYB5B	chr16	69424619	69466264	2	2	2
ENSG00000261527.1	AC026464.5	chr16	69443240	69444290	2	2	2
ENSG00000260108.1	AC026464.2	chr16	69463844	69466264	2	2	2
ENSG00000102908.22	NFAT5	chr16	69565094	69704666	2	2	2
ENSG00000223109.1	MIR1538	chr16	69565808	69565868	2	2	2
ENSG00000274093.1	AC009032.1	chr16	69632141	69632571	2	2	2
ENSG00000260772.1	AC012321.1	chr16	69703065	69704652	2	2	2
ENSG00000181019.13	NQO1	chr16	69706996	69726668	2	2	2
ENSG00000261602.1	AC092115.2	chr16	69709874	69710583	2	2	2
ENSG00000262136.1	AC092115.3	chr16	69727013	69742563	2	2	2
ENSG00000141101.13	NOB1	chr16	69741871	69754926	2	2	2
ENSG00000260290.2	AC092115.1	chr16	69756536	69757937	2	2	2
ENSG00000198373.13	WWP2	chr16	69762328	69941741	2	2	2
ENSG00000252443.1	SNORA62	chr16	69785994	69786113	2	2	2
ENSG00000208017.3	MIR140	chr16	69933081	69933180	2	2	2
ENSG00000157322.17	CLEC18A	chr16	69950705	69964452	2	2	2
ENSG00000277003.1	AC026468.1	chr16	69975238	69975344	2	2	2
ENSG00000196696.13	PDXDC2P-NPIPB14P	chr16	69976297	70065948	2	2	2
ENSG00000226232.8	NPIPB14P	chr16	69976388	69996188	2	2	2
ENSG00000255185.6	PDXDC2P	chr16	70010751	70065945	2	2	2
ENSG00000239118.1	MIR1972-2	chr16	70030346	70030422	2	2	2
ENSG00000241183.1	AC009022.1	chr16	70079129	70079624	2	2	2
ENSG00000090857.14	PDPR	chr16	70114332	70162537	2	2	2
ENSG00000247228.3	AC009060.1	chr16	70138337	70173483	2	2	2
ENSG00000157335.21	CLEC18C	chr16	70173322	70187361	2	2	2
ENSG00000261145.1	AC009060.2	chr16	70202354	70202459	2	2	2
ENSG00000261556.10	SMG1P7	chr16	70219574	70246612	2	2	2
ENSG00000223496.3	EXOSC6	chr16	70246778	70251940	2	2	2
ENSG00000090861.17	AARS1	chr16	70251983	70289707	2	2	2
ENSG00000265648.2	RN7SL279P	chr16	70276069	70276352	2	2	2
ENSG00000157349.17	DDX19B	chr16	70289663	70335305	2	2	2
ENSG00000260537.2	AC012184.2	chr16	70299194	70372582	2	2	2
ENSG00000261777.6	AC012184.3	chr16	70315442	70346806	2	2	2
ENSG00000168872.17	DDX19A	chr16	70346861	70373383	2	2	2
ENSG00000285710.1	AC012184.4	chr16	70349085	70372166	2	2	2
ENSG00000157350.13	ST3GAL2	chr16	70375977	70439237	2	2	2
ENSG00000260111.1	AC012184.1	chr16	70379457	70399502	2	2	2
ENSG00000240043.1	RPS27P26	chr16	70444674	70444912	2	2	2
ENSG00000200153.1	RNU6-23P	chr16	70445293	70445399	2	2	2
ENSG00000157353.17	FCSK	chr16	70454595	70480274	2	2	2
ENSG00000103051.20	COG4	chr16	70480568	70523560	2	2	2
ENSG00000189091.13	SF3B3	chr16	70523791	70577670	2	2	2
ENSG00000221514.1	SNORD111B	chr16	70529509	70529588	2	2	2
ENSG00000221066.1	SNORD111	chr16	70538005	70538098	2	2	2
ENSG00000157368.11	IL34	chr16	70579895	70660682	2	2	2
ENSG00000132613.15	MTSS2	chr16	70661204	70686053	2	2	2
ENSG00000279569.1	AC020763.4	chr16	70661667	70665836	2	2	2
ENSG00000103043.15	VAC14	chr16	70687439	70801160	2	2	2
ENSG00000279412.1	AC020763.3	chr16	70713987	70716890	2	2	2
ENSG00000260156.1	AC020763.1	chr16	70747057	70747926	2	2	2
ENSG00000214353.8	VAC14-AS1	chr16	70755035	70773251	2	2	2
ENSG00000279815.1	AC020763.5	chr16	70768356	70768785	2	2	2
ENSG00000279122.1	AC020763.2	chr16	70768967	70770221	2	2	2
ENSG00000279123.1	AC027281.1	chr16	70778433	70779145	2	2	2
ENSG00000157423.18	HYDIN	chr16	70802084	71230722	2	2	2
ENSG00000221725.1	RNU6ATAC25P	chr16	70852698	70852814	2	2	2
ENSG00000259833.5	AC138625.2	chr16	71080866	71093667	2	2	2
ENSG00000259798.1	AC138625.1	chr16	71113352	71114000	2	2	2
ENSG00000180917.18	CMTR2	chr16	71281389	71289715	2	2	2
ENSG00000261260.2	AC106736.1	chr16	71288775	71309963	2	2	2
ENSG00000172137.19	CALB2	chr16	71358713	71390436	2	2	2
ENSG00000261348.2	LINC02136	chr16	71366933	71426464	2	2	2
ENSG00000262120.1	AC010547.6	chr16	71420483	71421518	2	2	2
ENSG00000260734.6	TLE7	chr16	71429980	71442054	2	2	2
ENSG00000262008.1	AC010547.5	chr16	71443055	71443856	2	2	2
ENSG00000167377.18	ZNF23	chr16	71447597	71463095	2	2	2
ENSG00000261611.6	AC010547.4	chr16	71447600	71489311	2	2	2
ENSG00000247324.2	AC010547.1	chr16	71462278	71465941	2	2	2
ENSG00000157429.16	ZNF19	chr16	71464555	71565089	2	2	2
ENSG00000260520.1	AC010547.3	chr16	71513863	71517849	2	2	2
ENSG00000140835.10	CHST4	chr16	71525233	71538748	2	2	2
ENSG00000260015.1	AC010547.2	chr16	71539834	71541825	2	2	2
ENSG00000252339.1	RNU6-1061P	chr16	71563430	71563528	2	2	2
ENSG00000260886.2	TAT-AS1	chr16	71564952	71578187	2	2	2
ENSG00000198650.11	TAT	chr16	71565660	71577092	2	2	2
ENSG00000260593.1	AC009097.2	chr16	71623708	71626816	2	2	2
ENSG00000140832.10	MARVELD3	chr16	71626161	71642114	2	2	2
ENSG00000040199.18	PHLPP2	chr16	71637835	71724701	2	2	2
ENSG00000260185.1	AC009097.1	chr16	71655027	71664212	2	2	2
ENSG00000199301.1	RNU6-208P	chr16	71666091	71666197	2	2	2
ENSG00000263666.1	SNORA70D	chr16	71698567	71698701	2	2	2
ENSG00000261513.1	AC009097.4	chr16	71723180	71724230	2	2	2
ENSG00000260612.1	AC009097.3	chr16	71726975	71727992	2	2	2
ENSG00000166747.13	AP1G1	chr16	71729000	71809201	2	2	2
ENSG00000223224.1	SNORD71	chr16	71758402	71758487	2	2	2
ENSG00000283057.1	AC010653.3	chr16	71777603	71777834	2	2	2
ENSG00000262140.1	AC010653.1	chr16	71833787	71835932	2	2	2
ENSG00000224470.8	ATXN1L	chr16	71845976	71885268	2	2	2
ENSG00000182149.21	IST1	chr16	71845996	71931199	2	2	2
ENSG00000279592.1	AC010653.2	chr16	71859680	71860676	2	2	2
ENSG00000102984.15	ZNF821	chr16	71859680	71895336	2	2	2
ENSG00000261765.1	AC009127.1	chr16	71881553	71882273	2	2	2
ENSG00000277481.1	PKD1L3	chr16	71929538	71999978	2	2	2
ENSG00000242176.1	RPL39P31	chr16	71991151	71991305	2	2	2
ENSG00000263311.1	AC009127.2	chr16	72004239	72004803	2	2	2
ENSG00000263232.2	ATP5F1AP3	chr16	72005037	72006543	2	2	2
ENSG00000102967.12	DHODH	chr16	72008588	72027664	2	2	2
ENSG00000140830.9	TXNL4B	chr16	72044289	72094431	2	2	2
ENSG00000257017.9	HP	chr16	72054505	72061055	2	2	2
ENSG00000261701.7	HPR	chr16	72063148	72077246	2	2	2
ENSG00000260252.1	AC009087.1	chr16	72084857	72087443	2	2	2
ENSG00000140829.12	DHX38	chr16	72093613	72112912	2	2	2
ENSG00000118557.16	PMFBP1	chr16	72112157	72176878	2	2	2
ENSG00000261673.1	AC009075.1	chr16	72224565	72225144	2	2	2
ENSG00000261008.7	LINC01572	chr16	72236281	72665014	2	2	2
ENSG00000261774.1	AC009075.2	chr16	72278268	72278568	2	2	2
ENSG00000283564.1	U6	chr16	72376704	72376760	2	2	2
ENSG00000260664.2	AC004158.1	chr16	72425948	72533892	2	2	2
ENSG00000259768.6	AC004943.2	chr16	72665123	72822781	2	2	2
ENSG00000238731.1	RNU7-90P	chr16	72673503	72673564	2	2	2
ENSG00000261764.1	KRT18P18	chr16	72728616	72729894	2	2	2
ENSG00000279206.1	AC004943.3	chr16	72772673	72773272	2	2	2
ENSG00000140836.17	ZFHX3	chr16	72782885	73891871	2	2	2
ENSG00000259209.3	AC004943.1	chr16	72805998	72809872	2	2	2
ENSG00000251868.1	RNU7-71P	chr16	72821933	72821992	2	2	2
ENSG00000279757.1	AC132068.1	chr16	72973374	72973832	2	2	2
ENSG00000280092.1	AC002044.3	chr16	73005601	73006141	2	2	2
ENSG00000272330.1	AC002044.1	chr16	73014319	73014476	2	2	2
ENSG00000279591.1	AC002044.2	chr16	73015047	73016016	2	2	2
ENSG00000271009.3	AC116667.1	chr16	73060245	73062316	2	2	2
ENSG00000260880.5	HCCAT5	chr16	73092349	73099337	2	2	2
ENSG00000284675.1	AC116667.2	chr16	73123296	73137580	2	2	2
ENSG00000261227.2	AC140912.1	chr16	73232055	73233970	2	2	2
ENSG00000279120.1	AC009033.1	chr16	73293866	73294296	2	2	2
ENSG00000258779.8	LINC01568	chr16	73386771	73504954	2	2	2
ENSG00000260848.2	AC092114.1	chr16	73543927	73569309	2	2	2
ENSG00000283457.2	AC087565.2	chr16	73794057	73809733	2	2	2
ENSG00000259817.3	AC087565.1	chr16	73812560	73816054	2	2	2
ENSG00000284670.1	AC092128.1	chr16	73940639	73941781	2	2	2
ENSG00000261404.7	AC138627.1	chr16	73943078	74296762	2	2	2
ENSG00000279420.1	AC138627.2	chr16	74053365	74053965	2	2	2
ENSG00000279100.1	AC009120.6	chr16	74150520	74151299	2	2	2
ENSG00000260471.1	PPIAP49	chr16	74220929	74221427	2	2	2
ENSG00000261248.1	AC009120.4	chr16	74282415	74287519	2	2	2
ENSG00000275236.1	AC009120.5	chr16	74289593	74291052	2	2	2
ENSG00000103035.11	PSMD7	chr16	74296814	74306288	2	2	2
ENSG00000259972.3	AC009120.2	chr16	74305127	74335346	2	2	2
ENSG00000239763.2	AC009120.1	chr16	74312609	74313390	2	2	2
ENSG00000260884.1	AC009120.3	chr16	74313337	74315634	2	2	2
ENSG00000214331.8	AC009053.1	chr16	74332402	74368240	2	2	2
ENSG00000261079.1	AC009053.2	chr16	74367462	74369826	2	2	2
ENSG00000196436.8	NPIPB15	chr16	74377878	74392080	2	2	2
ENSG00000276822.1	AC009053.4	chr16	74393076	74393183	2	2	2
ENSG00000140839.11	CLEC18B	chr16	74408270	74421953	2	2	2
ENSG00000261170.2	AC009053.3	chr16	74422120	74441937	2	2	2
ENSG00000090863.12	GLG1	chr16	74447427	74607144	2	2	2
ENSG00000251794.1	RNU6-237P	chr16	74456541	74456611	2	2	2
ENSG00000207525.1	Y_RNA	chr16	74463888	74463988	2	2	2
ENSG00000240861.1	AC009153.1	chr16	74552251	74552746	2	2	2
ENSG00000270945.1	HSPE1P7	chr16	74612596	74613221	2	2	2
ENSG00000168411.14	RFWD3	chr16	74621399	74666877	2	2	2
ENSG00000262904.1	TMPOP2	chr16	74667506	74668706	2	2	2
ENSG00000168404.13	MLKL	chr16	74671855	74700960	2	2	2
ENSG00000103089.9	FA2H	chr16	74712955	74774831	2	2	2
ENSG00000261458.1	AC009132.1	chr16	74842587	74843883	2	2	2
ENSG00000103091.15	WDR59	chr16	74871362	75000173	2	2	2
ENSG00000186187.12	ZNRF1	chr16	74999024	75110994	2	2	2
ENSG00000247033.1	AC099508.1	chr16	75108601	75110712	2	2	2
ENSG00000166816.15	LDHD	chr16	75111860	75116780	2	2	2
ENSG00000261058.1	AC099508.2	chr16	75119558	75144200	2	2	2
ENSG00000184517.12	ZFP1	chr16	75148494	75172236	2	2	2
ENSG00000213318.4	AC009078.1	chr16	75192465	75193247	2	2	2
ENSG00000168928.13	CTRB2	chr16	75204103	75207161	2	2	2
ENSG00000168925.12	CTRB1	chr16	75218988	75226338	2	2	2
ENSG00000240338.6	AC009078.2	chr16	75226074	75228197	2	2	2
ENSG00000050820.17	BCAR1	chr16	75228181	75268053	2	2	2
ENSG00000280152.1	AC009078.3	chr16	75245994	75250077	2	2	2
ENSG00000252101.2	RNU6-758P	chr16	75286712	75286800	2	2	2
ENSG00000153774.9	CFDP1	chr16	75293698	75433503	2	2	2
ENSG00000259999.1	AC009054.1	chr16	75321890	75325048	2	2	2
ENSG00000261783.1	AC009054.2	chr16	75379818	75381260	2	2	2
ENSG00000252122.1	AC009163.2	chr16	75409332	75409466	2	2	2
ENSG00000261717.5	AC009163.5	chr16	75412684	75464706	2	2	2
ENSG00000274220.1	AC009163.7	chr16	75433836	75436392	2	2	2
ENSG00000166822.13	TMEM170A	chr16	75443054	75465497	2	2	2
ENSG00000261476.1	AC009163.4	chr16	75458252	75460017	2	2	2
ENSG00000183196.10	CHST6	chr16	75472052	75495445	2	2	2
ENSG00000203472.3	AC009163.1	chr16	75475896	75495407	2	2	2
ENSG00000273971.1	AC009163.6	chr16	75497948	75498289	2	2	2
ENSG00000262583.1	TMEM231P1	chr16	75499788	75516280	2	2	2
ENSG00000260092.1	AC009163.3	chr16	75528532	75545428	2	2	2
ENSG00000135702.14	CHST5	chr16	75528535	75535247	2	2	2
ENSG00000205084.11	TMEM231	chr16	75536741	75556268	2	2	2
ENSG00000259992.1	AC025287.1	chr16	75541399	75608445	2	2	2
ENSG00000276408.1	AC025287.2	chr16	75556392	75557059	2	2	2
ENSG00000034713.8	GABARAPL2	chr16	75566375	75577881	2	2	2
ENSG00000276523.1	AC025287.3	chr16	75572185	75572685	2	2	2
ENSG00000065457.10	ADAT1	chr16	75596981	75623300	2	2	2
ENSG00000065427.15	KARS1	chr16	75627474	75648643	2	2	2
ENSG00000287194.1	AC025287.5	chr16	75646606	75646681	2	2	2
ENSG00000166848.7	TERF2IP	chr16	75647773	75761872	2	2	2
ENSG00000284484.1	AC025287.4	chr16	75660227	75677009	2	2	2
ENSG00000282757.4	DUXB	chr16	75693893	75701461	2	2	2
ENSG00000240199.3	RN7SL520P	chr16	75698531	75698816	2	2	2
ENSG00000261424.1	ATP5PBP7	chr16	75709056	75709815	2	2	2
ENSG00000283755.2	CPHXL	chr16	75714131	75726490	2	2	2
ENSG00000261313.2	AC105430.1	chr16	75838576	75860869	2	2	2
ENSG00000199299.1	RNA5SP430	chr16	75861048	75861157	2	2	2
ENSG00000260223.2	AC099511.1	chr16	76107283	76147806	2	2	2
ENSG00000260983.2	AC010528.1	chr16	76228379	76262365	2	2	2
ENSG00000244485.1	RPL18P13	chr16	76235055	76235623	2	2	2
ENSG00000286841.1	AC010528.2	chr16	76264776	76277303	2	2	2
ENSG00000152910.19	CNTNAP4	chr16	76277278	76560757	2	2	2
ENSG00000287694.1	AC106741.1	chr16	76277288	76819624	2	2	2
ENSG00000252814.1	RN7SKP233	chr16	76287630	76287739	2	2	2
ENSG00000252022.1	SNORD33	chr16	76469508	76469595	2	2	2
ENSG00000273659.1	AC108125.1	chr16	76582556	76583098	2	2	2
ENSG00000250514.1	LINC02125	chr16	76634998	76658478	2	2	2
ENSG00000259995.1	AC106729.1	chr16	76736342	76928169	2	2	2
ENSG00000266426.1	MIR4719	chr16	76868936	76869019	2	2	2
ENSG00000260797.1	AC106734.1	chr16	76878274	76878936	2	2	2
ENSG00000279856.1	AC106733.1	chr16	77104260	77105297	2	2	2
ENSG00000103111.15	MON1B	chr16	77190835	77202398	2	2	2
ENSG00000205078.6	SYCE1L	chr16	77199408	77213215	2	2	2
ENSG00000261063.1	AC009139.2	chr16	77201474	77249957	2	2	2
ENSG00000226348.1	VN2R10P	chr16	77220406	77221258	2	2	2
ENSG00000260922.2	AC009139.1	chr16	77234877	77299950	2	2	2
ENSG00000140873.16	ADAMTS18	chr16	77247813	77435034	2	2	2
ENSG00000260701.2	AC025284.1	chr16	77433382	77446798	2	2	2
ENSG00000261154.1	LINC02131	chr16	77590806	77610681	2	2	2
ENSG00000278862.1	AC092724.1	chr16	77657174	77660570	2	2	2
ENSG00000140876.11	NUDT7	chr16	77722492	77742260	2	2	2
ENSG00000261707.1	AC092134.1	chr16	77741468	77743000	2	2	2
ENSG00000285538.1	AC092134.3	chr16	77752372	77756681	2	2	2
ENSG00000171724.3	VAT1L	chr16	77788564	77980107	2	2	2
ENSG00000278926.1	AC092134.2	chr16	77800023	77801714	2	2	2
ENSG00000261330.1	PPIAP50	chr16	77892422	77892915	2	2	2
ENSG00000261540.1	AC079414.1	chr16	78014683	78059454	2	2	2
ENSG00000166509.12	CLEC3A	chr16	78022515	78066761	2	2	2
ENSG00000260731.1	KRT8P22	chr16	78048483	78049897	2	2	2
ENSG00000261776.1	AC079414.2	chr16	78055824	78056927	2	2	2
ENSG00000186153.17	WWOX	chr16	78099430	79212667	2	2	2
ENSG00000276007.1	AC079414.3	chr16	78123243	78124332	2	2	2
ENSG00000279991.1	AC009044.1	chr16	78166717	78168514	2	2	2
ENSG00000260969.2	WWOX-AS1	chr16	78234652	78241989	2	2	2
ENSG00000287106.1	AC106743.1	chr16	78273497	78275607	2	2	2
ENSG00000260014.1	LSM3P5	chr16	78355529	78355834	2	2	2
ENSG00000260733.1	AC046158.1	chr16	78495926	78506568	2	2	2
ENSG00000279887.1	AC046158.4	chr16	78525189	78526535	2	2	2
ENSG00000261837.1	AC046158.2	chr16	78534374	78535648	2	2	2
ENSG00000279129.1	AC046158.3	chr16	78550739	78553296	2	2	2
ENSG00000286894.1	AC009141.1	chr16	78793584	78796362	2	2	2
ENSG00000243101.1	RPS3P7	chr16	78825281	78826006	2	2	2
ENSG00000280115.1	AC136603.1	chr16	78872739	78873505	2	2	2
ENSG00000280190.1	AC027279.4	chr16	78890231	78892302	2	2	2
ENSG00000260816.2	AC027279.1	chr16	78895361	78899644	2	2	2
ENSG00000279732.1	AC027279.3	chr16	78981722	78981843	2	2	2
ENSG00000261537.1	AC027279.2	chr16	78994345	79004730	2	2	2
ENSG00000280274.1	AC009145.4	chr16	79016136	79017429	2	2	2
ENSG00000260694.1	AC009145.3	chr16	79077376	79078234	2	2	2
ENSG00000260479.1	AC009145.1	chr16	79090050	79101754	2	2	2
ENSG00000260511.1	AC009145.2	chr16	79105957	79110882	2	2	2
ENSG00000277954.1	AC092376.2	chr16	79202624	79206739	2	2	2
ENSG00000285918.1	AC092376.3	chr16	79208493	79211264	2	2	2
ENSG00000261722.1	AC092376.1	chr16	79212711	79229453	2	2	2
ENSG00000222244.1	RNA5SP431	chr16	79264454	79264573	2	2	2
ENSG00000261472.1	AC084064.1	chr16	79505603	79516293	2	2	2
ENSG00000178573.7	MAF	chr16	79585843	79600737	2	2	2
ENSG00000277214.1	AC009159.2	chr16	79603572	79604177	2	2	2
ENSG00000278058.1	AC009159.3	chr16	79605802	79606605	2	2	2
ENSG00000275040.1	AC009159.1	chr16	79619469	79620110	2	2	2
ENSG00000279378.1	AC009159.4	chr16	79675685	79677715	2	2	2
ENSG00000260876.6	LINC01229	chr16	79676048	79809716	2	2	2
ENSG00000261390.6	MAFTRR	chr16	79715220	79770651	2	2	2
ENSG00000261082.1	LINC01228	chr16	79798050	79827150	2	2	2
ENSG00000260237.1	AC092130.1	chr16	80040662	80045745	2	2	2
ENSG00000260706.5	AC022166.1	chr16	80065836	80167577	2	2	2
ENSG00000259867.6	AC105411.1	chr16	80154979	80563354	2	2	2
ENSG00000261376.1	AC022166.2	chr16	80179129	80180682	2	2	2
ENSG00000168589.15	DYNLRB2	chr16	80540734	80550811	2	2	2
ENSG00000260183.1	AC108097.1	chr16	80547842	80552514	2	2	2
ENSG00000260737.6	LINC01227	chr16	80553256	80572808	2	2	2
ENSG00000166446.15	CDYL2	chr16	80597907	80804598	2	2	2
ENSG00000260064.1	AC092332.1	chr16	80627551	80628379	2	2	2
ENSG00000260594.1	AC099313.1	chr16	80736360	80742305	2	2	2
ENSG00000260896.6	ARLNC1	chr16	80826074	80892682	2	2	2
ENSG00000286221.1	AC009070.1	chr16	80828736	81006894	2	2	2
ENSG00000103121.9	CMC2	chr16	80966448	81020270	2	2	2
ENSG00000278985.1	AC092718.7	chr16	80982319	80984094	2	2	2
ENSG00000166451.13	CENPN	chr16	81006498	81033114	2	2	2
ENSG00000260213.6	AC092718.2	chr16	81016792	81035759	2	2	2
ENSG00000284512.1	AC092718.8	chr16	81022316	81096284	2	2	2
ENSG00000261061.1	AC092718.4	chr16	81030770	81031485	2	2	2
ENSG00000166454.10	ATMIN	chr16	81035842	81047350	2	2	2
ENSG00000166455.14	C16orf46	chr16	81053497	81077267	2	2	2
ENSG00000260643.2	AC092718.3	chr16	81053587	81096296	2	2	2
ENSG00000261141.1	AC092718.5	chr16	81055301	81056426	2	2	2
ENSG00000261838.5	AC092718.6	chr16	81069854	81076598	2	2	2
ENSG00000245059.2	AC092718.1	chr16	81077319	81078861	2	2	2
ENSG00000140905.11	GCSH	chr16	81081945	81096395	2	2	2
ENSG00000166473.17	PKD1L2	chr16	81100875	81220370	2	2	2
ENSG00000252608.1	RNU6-1191P	chr16	81106533	81106639	2	2	2
ENSG00000286759.1	AC092718.9	chr16	81151820	81153976	2	2	2
ENSG00000135697.10	BCO1	chr16	81238689	81291142	2	2	2
ENSG00000280182.1	AC131888.1	chr16	81261924	81264091	2	2	2
ENSG00000260495.1	AC009148.1	chr16	81310731	81313423	2	2	2
ENSG00000261609.8	GAN	chr16	81314944	81390809	2	2	2
ENSG00000284473.1	MIR4720	chr16	81385018	81385093	2	2	2
ENSG00000153815.16	CMIP	chr16	81445170	81711762	2	2	2
ENSG00000279021.1	AC092139.1	chr16	81463892	81464859	2	2	2
ENSG00000260229.1	PPIAP51	chr16	81476023	81476519	2	2	2
ENSG00000279476.1	AC092139.2	chr16	81517824	81520617	2	2	2
ENSG00000277255.1	MIR7854	chr16	81533902	81533966	2	2	2
ENSG00000275109.1	MIR6504	chr16	81611348	81611408	2	2	2
ENSG00000279681.1	AC092135.2	chr16	81617038	81617543	2	2	2
ENSG00000279294.1	AC092135.1	chr16	81618505	81620563	2	2	2
ENSG00000279841.1	AC092135.3	chr16	81630193	81632038	2	2	2
ENSG00000261218.5	AC099524.1	chr16	81738248	81767868	2	2	2
ENSG00000197943.10	PLCG2	chr16	81739097	81962685	2	2	2
ENSG00000260682.3	RN7SKP176	chr16	81961926	81962243	2	2	2
ENSG00000276519.1	AC092142.2	chr16	81987948	81989016	2	2	2
ENSG00000184860.10	SDR42E1	chr16	81988855	82011481	2	2	2
ENSG00000086696.11	HSD17B2	chr16	82035004	82098534	2	2	2
ENSG00000261235.1	AC092142.1	chr16	82044336	82139631	2	2	2
ENSG00000260161.1	MTCYBP28	chr16	82120638	82121769	2	2	2
ENSG00000135698.10	MPHOSPH6	chr16	82147798	82170224	2	2	2
ENSG00000261029.1	AC138304.1	chr16	82170296	82175803	2	2	2
ENSG00000251888.1	RN7SKP190	chr16	82192505	82192790	2	2	2
ENSG00000259873.1	AC009117.1	chr16	82434828	82435381	2	2	2
ENSG00000261285.7	AC009117.2	chr16	82491738	82575518	2	2	2
ENSG00000140945.17	CDH13	chr16	82626965	83800640	2	2	2
ENSG00000277387.1	MIR8058	chr16	82688931	82689019	2	2	2
ENSG00000280044.1	AC099506.2	chr16	82727474	82727694	2	2	2
ENSG00000260862.1	AC099506.1	chr16	82773319	82829638	2	2	2
ENSG00000286528.1	AC099506.3	chr16	82816831	82832997	2	2	2
ENSG00000263360.2	RN7SL134P	chr16	82844455	82844757	2	2	2
ENSG00000260832.1	AC125793.1	chr16	82953230	82990298	2	2	2
ENSG00000261410.1	AC009142.1	chr16	83383007	83398170	2	2	2
ENSG00000263785.1	MIR3182	chr16	83508346	83508408	2	2	2
ENSG00000261103.3	AC009063.3	chr16	83687779	83707811	2	2	2
ENSG00000288554.1	AC009063.4	chr16	83710179	83717898	2	2	2
ENSG00000260788.6	AC009063.2	chr16	83720402	83772974	2	2	2
ENSG00000259914.1	AC009063.1	chr16	83725676	83726377	2	2	2
ENSG00000260228.6	AC009119.1	chr16	83789967	83807834	2	2	2
ENSG00000230989.7	HSBP1	chr16	83807978	83819737	2	2	2
ENSG00000103150.7	MLYCD	chr16	83899115	83951445	2	2	2
ENSG00000260932.1	AC009119.2	chr16	83929796	83931223	2	2	2
ENSG00000140961.14	OSGIN1	chr16	83931311	83966332	2	2	2
ENSG00000103154.9	NECAB2	chr16	83968632	84002776	2	2	2
ENSG00000166558.11	SLC38A8	chr16	84009667	84042795	2	2	2
ENSG00000199350.1	RNA5SP432	chr16	84039918	84040033	2	2	2
ENSG00000285792.1	AC040169.4	chr16	84040790	84045333	2	2	2
ENSG00000140943.17	MBTPS1	chr16	84053761	84116942	2	2	2
ENSG00000274677.1	AC040169.3	chr16	84085979	84086590	2	2	2
ENSG00000260018.1	AC040169.1	chr16	84117051	84117571	2	2	2
ENSG00000260410.2	AC040169.2	chr16	84119293	84121153	2	2	2
ENSG00000103160.12	HSDL1	chr16	84122141	84145192	2	2	2
ENSG00000154099.18	DNAAF1	chr16	84145287	84178767	2	2	2
ENSG00000103168.17	TAF1C	chr16	84177847	84187070	2	2	2
ENSG00000140955.11	ADAD2	chr16	84191138	84197168	2	2	2
ENSG00000250685.7	AC009123.1	chr16	84192558	84197053	2	2	2
ENSG00000168418.7	KCNG4	chr16	84218667	84239750	2	2	2
ENSG00000260858.1	AC010551.3	chr16	84255270	84261049	2	2	2
ENSG00000201361.1	RNA5SP433	chr16	84262815	84262928	2	2	2
ENSG00000103175.11	WFDC1	chr16	84294846	84329844	2	2	2
ENSG00000260530.1	AC010551.2	chr16	84295498	84296985	2	2	2
ENSG00000260504.1	AC010551.1	chr16	84342464	84343407	2	2	2
ENSG00000064270.13	ATP2C2	chr16	84368527	84464187	2	2	2
ENSG00000261286.1	ATP2C2-AS1	chr16	84459259	84467361	2	2	2
ENSG00000140950.16	MEAK7	chr16	84476355	84554033	2	2	2
ENSG00000261243.1	AC022165.1	chr16	84495599	84497495	2	2	2
ENSG00000103187.8	COTL1	chr16	84565596	84618078	2	2	2
ENSG00000261471.1	AC092145.1	chr16	84594393	84596826	2	2	2
ENSG00000135686.13	KLHL36	chr16	84648511	84667686	2	2	2
ENSG00000103194.16	USP10	chr16	84699986	84779922	2	2	2
ENSG00000285848.1	AC025280.3	chr16	84817182	84856665	2	2	2
ENSG00000103196.12	CRISPLD2	chr16	84819985	84920768	2	2	2
ENSG00000260859.1	AC025280.1	chr16	84828263	84829242	2	2	2
ENSG00000279622.2	AC025280.2	chr16	84917377	84924808	2	2	2
ENSG00000260340.1	LINC02176	chr16	84928353	84939603	2	2	2
ENSG00000153786.13	ZDHHC7	chr16	84974175	85011535	2	2	2
ENSG00000135709.12	KIAA0513	chr16	85027751	85094230	2	2	2
ENSG00000153789.13	CIBAR2	chr16	85098358	85112472	2	2	2
ENSG00000278214.1	LINC02139	chr16	85137150	85149443	2	2	2
ENSG00000275088.1	AC026469.1	chr16	85142696	85146001	2	2	2
ENSG00000131149.19	GSE1	chr16	85169525	85676204	2	2	2
ENSG00000287787.1	AC092275.1	chr16	85227203	85309176	2	2	2
ENSG00000270313.1	COX6CP16	chr16	85278820	85279035	2	2	2
ENSG00000179219.5	LINC00311	chr16	85282958	85285963	2	2	2
ENSG00000266307.1	MIR5093	chr16	85306226	85306325	2	2	2
ENSG00000287946.1	AC092377.1	chr16	85345271	85352961	2	2	2
ENSG00000278716.1	AC133540.1	chr16	85489813	85490831	2	2	2
ENSG00000270124.1	AC092127.2	chr16	85580009	85583571	2	2	2
ENSG00000260417.1	AC092127.1	chr16	85592266	85595720	2	2	2
ENSG00000263968.2	RN7SL381P	chr16	85659378	85659675	2	2	2
ENSG00000131153.9	GINS2	chr16	85676198	85690073	2	2	2
ENSG00000154102.11	C16orf74	chr16	85690084	85751129	2	2	2
ENSG00000275393.1	AC018695.6	chr16	85697335	85697868	2	2	2
ENSG00000287125.1	AC018695.9	chr16	85699820	85711186	2	2	2
ENSG00000283416.1	MIR1910	chr16	85741621	85741700	2	2	2
ENSG00000269898.1	AC018695.2	chr16	85743287	85744225	2	2	2
ENSG00000131148.9	EMC8	chr16	85771758	85799608	2	2	2
ENSG00000252311.1	RNU1-103P	chr16	85781775	85781899	2	2	2
ENSG00000270184.1	AC018695.4	chr16	85784382	85787617	2	2	2
ENSG00000270159.1	AC018695.3	chr16	85792415	85792933	2	2	2
ENSG00000131143.10	COX4I1	chr16	85798633	85807068	2	2	2
ENSG00000270698.1	AC018695.5	chr16	85814425	85815062	2	2	2
ENSG00000214259.3	AC018695.1	chr16	85815873	85816536	2	2	2
ENSG00000286510.1	AC018695.8	chr16	85846309	85848138	2	2	2
ENSG00000279907.1	AC018695.7	chr16	85859521	85862012	2	2	2
ENSG00000140968.11	IRF8	chr16	85899162	85922606	2	2	2
ENSG00000274134.1	MIR6774	chr16	85918347	85918416	2	2	2
ENSG00000285163.1	AC092723.5	chr16	85924984	85948824	2	2	2
ENSG00000268804.1	LINC02132	chr16	85935281	85936223	2	2	2
ENSG00000285040.1	AC092723.4	chr16	85963328	85985386	2	2	2
ENSG00000269667.2	AC092723.1	chr16	85981750	85984881	2	2	2
ENSG00000285012.1	AC092723.3	chr16	85986764	85995899	2	2	2
ENSG00000279604.1	AC092723.2	chr16	86035627	86036419	2	2	2
ENSG00000261177.1	AC135012.1	chr16	86081409	86089526	2	2	2
ENSG00000268078.1	AC135012.2	chr16	86158206	86158798	2	2	2
ENSG00000268505.1	AC135012.3	chr16	86192793	86198913	2	2	2
ENSG00000269186.3	LINC01082	chr16	86195954	86199720	2	2	2
ENSG00000268754.4	LINC01081	chr16	86221420	86301303	2	2	2
ENSG00000199949.2	Y_RNA	chr16	86275429	86275523	2	2	2
ENSG00000268532.1	LINC02135	chr16	86286427	86293389	2	2	2
ENSG00000168367.11	LINC00917	chr16	86331632	86349688	2	2	2
ENSG00000269826.1	AC092327.2	chr16	86347387	86349611	2	2	2
ENSG00000268473.1	AC092327.1	chr16	86434830	86435884	2	2	2
ENSG00000268388.6	FENDRR	chr16	86474529	86509099	2	2	2
ENSG00000103241.7	FOXF1	chr16	86510527	86515422	2	2	2
ENSG00000270020.1	AC009108.3	chr16	86520383	86523897	2	2	2
ENSG00000243697.1	AC009108.1	chr16	86525457	86526252	2	2	2
ENSG00000103248.19	MTHFSD	chr16	86530178	86555235	2	2	2
ENSG00000280278.1	FLJ30679	chr16	86555320	86557299	2	2	2
ENSG00000260944.1	FOXC2-AS1	chr16	86565145	86567761	2	2	2
ENSG00000176692.8	FOXC2	chr16	86566829	86569728	2	2	2
ENSG00000176678.6	FOXL1	chr16	86576368	86583478	2	2	2
ENSG00000279142.1	AC009108.4	chr16	86595189	86597639	2	2	2
ENSG00000260387.1	AC009108.2	chr16	86636328	86637145	2	2	2
ENSG00000261161.1	AC009154.1	chr16	86646301	86668923	2	2	2
ENSG00000274478.1	AC009154.2	chr16	86698118	86698841	2	2	2
ENSG00000261175.6	LINC02188	chr16	86710122	86742083	2	2	2
ENSG00000260026.3	LINC02189	chr16	86720575	86722042	2	2	2
ENSG00000287010.1	AC130467.1	chr16	86764298	86771041	2	2	2
ENSG00000287161.1	AC093519.2	chr16	86899356	86961268	2	2	2
ENSG00000260795.1	AC093519.1	chr16	86906175	86906472	2	2	2
ENSG00000232190.3	LINC02181	chr16	87057784	87070105	2	2	2
ENSG00000261363.2	AC106745.1	chr16	87066705	87069752	2	2	2
ENSG00000260456.7	C16orf95	chr16	87083562	87317420	2	2	2
ENSG00000285527.1	AC136285.3	chr16	87129857	87133107	2	2	2
ENSG00000261095.1	AC136285.1	chr16	87212122	87226430	2	2	2
ENSG00000261651.1	AC136285.2	chr16	87215915	87216452	2	2	2
ENSG00000261697.5	AC010531.4	chr16	87262759	87292438	2	2	2
ENSG00000243705.1	AC010531.2	chr16	87268185	87268337	2	2	2
ENSG00000280419.1	AC010531.8	chr16	87296949	87297633	2	2	2
ENSG00000131152.4	AC010531.1	chr16	87302876	87334273	2	2	2
ENSG00000270006.2	AC010531.6	chr16	87317509	87318043	2	2	2
ENSG00000270082.1	AC010531.7	chr16	87326987	87327584	2	2	2
ENSG00000103264.18	FBXO31	chr16	87326987	87392142	2	2	2
ENSG00000269901.1	AC010531.5	chr16	87362536	87367476	2	2	2
ENSG00000140941.14	MAP1LC3B	chr16	87383953	87404779	2	2	2
ENSG00000261592.1	AC010531.3	chr16	87396704	87400295	2	2	2
ENSG00000140948.13	ZCCHC14	chr16	87406246	87493024	2	2	2
ENSG00000276393.1	AC105429.2	chr16	87467138	87467654	2	2	2
ENSG00000276337.1	AC105429.1	chr16	87470370	87474370	2	2	2
ENSG00000288568.1	AC092720.3	chr16	87492555	87516940	2	2	2
ENSG00000260750.7	AC092720.1	chr16	87595131	87600337	2	2	2
ENSG00000269935.1	AC092720.2	chr16	87600526	87602190	2	2	2
ENSG00000154118.13	JPH3	chr16	87601835	87698156	2	2	2
ENSG00000277504.1	AC010536.3	chr16	87683945	87684477	2	2	2
ENSG00000226180.3	AC010536.1	chr16	87693537	87696147	2	2	2
ENSG00000104731.14	KLHDC4	chr16	87696485	87765992	2	2	2
ENSG00000260671.2	AC010536.2	chr16	87739771	87747706	2	2	2
ENSG00000260498.6	AC126696.3	chr16	87773304	87779374	2	2	2
ENSG00000260177.1	AC126696.1	chr16	87780134	87806476	2	2	2
ENSG00000103257.9	SLC7A5	chr16	87830023	87869507	2	2	2
ENSG00000278598.1	MIR6775	chr16	87834592	87834660	2	2	2
ENSG00000260466.1	AC126696.2	chr16	87836532	87837663	2	2	2
ENSG00000174990.8	CA5A	chr16	87881546	87936580	2	2	2
ENSG00000270385.1	AC133539.1	chr16	87892955	87893735	2	2	2
ENSG00000260443.1	AC127455.1	chr16	87945058	87945202	2	2	2
ENSG00000172530.20	BANP	chr16	87949244	88077318	2	2	2
ENSG00000261193.1	AC134312.4	chr16	88079161	88087383	2	2	2
ENSG00000260166.2	AC134312.3	chr16	88087241	88089970	2	2	2
ENSG00000205037.2	AC134312.1	chr16	88088041	88100985	2	2	2
ENSG00000260162.2	AC134312.2	chr16	88177289	88178646	2	2	2
ENSG00000261327.5	AC134312.5	chr16	88177298	88186929	2	2	2
ENSG00000260420.3	LINC02182	chr16	88186605	88195217	2	2	2
ENSG00000261816.1	AC134312.6	chr16	88191486	88193667	2	2	2
ENSG00000261273.1	AC138512.1	chr16	88234785	88302511	2	2	2
ENSG00000225614.4	ZNF469	chr16	88382959	88440757	2	2	2
ENSG00000179588.9	ZFPM1	chr16	88453280	88537031	2	2	2
ENSG00000263456.1	MIR5189	chr16	88468918	88469031	2	2	2
ENSG00000261744.1	AC116552.1	chr16	88512960	88531053	2	2	2
ENSG00000158545.16	ZC3H18	chr16	88570403	88631964	2	2	2
ENSG00000124391.5	IL17C	chr16	88638572	88640468	2	2	2
ENSG00000051523.11	CYBA	chr16	88643289	88651054	2	2	2
ENSG00000167508.12	MVD	chr16	88651935	88663161	2	2	2
ENSG00000260630.7	SNAI3-AS1	chr16	88663298	88687278	2	2	2
ENSG00000185669.6	SNAI3	chr16	88677688	88686507	2	2	2
ENSG00000158717.11	RNF166	chr16	88696499	88706408	2	2	2
ENSG00000259813.1	AC138028.3	chr16	88696501	88698610	2	2	2
ENSG00000174177.13	CTU2	chr16	88706483	88715396	2	2	2
ENSG00000278341.1	AC138028.6	chr16	88708956	88710437	2	2	2
ENSG00000103335.22	PIEZO1	chr16	88715338	88785220	2	2	2
ENSG00000284585.1	MIR4722	chr16	88716278	88716337	2	2	2
ENSG00000260121.1	AC138028.4	chr16	88718615	88720459	2	2	2
ENSG00000224888.4	AC138028.2	chr16	88731180	88741425	2	2	2
ENSG00000260617.1	AC138028.5	chr16	88741631	88742367	2	2	2
ENSG00000182376.2	AC138028.1	chr16	88742767	88745748	2	2	2
ENSG00000167513.9	CDT1	chr16	88803789	88809258	2	2	2
ENSG00000198931.11	APRT	chr16	88809339	88811937	2	2	2
ENSG00000141012.13	GALNS	chr16	88813734	88856970	2	2	2
ENSG00000167515.10	TRAPPC2L	chr16	88856220	88862686	2	2	2
ENSG00000205022.9	PABPN1L	chr16	88863333	88866660	2	2	2
ENSG00000129993.15	CBFA2T3	chr16	88874858	88977207	2	2	2
ENSG00000259881.1	AC092384.2	chr16	88881038	88887136	2	2	2
ENSG00000261226.1	AC092384.3	chr16	88936779	88939651	2	2	2
ENSG00000205018.2	AC092384.1	chr16	88939789	88951524	2	2	2
ENSG00000259989.1	AC135782.2	chr16	88984032	88995369	2	2	2
ENSG00000256982.2	AC135782.1	chr16	89046172	89052966	2	2	2
ENSG00000176715.17	ACSF3	chr16	89088375	89164121	2	2	2
ENSG00000261546.1	AC135782.3	chr16	89113175	89115279	2	2	2
ENSG00000180422.3	LINC00304	chr16	89159146	89164245	2	2	2
ENSG00000205015.1	LINC02138	chr16	89166383	89169147	2	2	2
ENSG00000129910.8	CDH15	chr16	89171748	89195492	2	2	2
ENSG00000259803.7	SLC22A31	chr16	89195761	89201651	2	2	2
ENSG00000259877.2	AC009113.1	chr16	89215211	89217653	2	2	2
ENSG00000170100.14	ZNF778	chr16	89217703	89237141	2	2	2
ENSG00000260659.1	AC009113.2	chr16	89226807	89228692	2	2	2
ENSG00000167522.16	ANKRD11	chr16	89267630	89490561	2	2	2
ENSG00000268218.1	AC137932.3	chr16	89268104	89273044	2	2	2
ENSG00000260279.4	AC137932.1	chr16	89296128	89298317	2	2	2
ENSG00000261253.2	AC137932.2	chr16	89321133	89325110			
ENSG00000261692.1	AC092120.1	chr16	89420075	89422226			
ENSG00000287351.1	AC092120.3	chr16	89430988	89453678			
ENSG00000252887.1	RNU6-430P	chr16	89443318	89443424			
ENSG00000270832.1	AC092120.2	chr16	89458870	89459437			
ENSG00000197912.16	SPG7	chr16	89490719	89557766			
ENSG00000261118.1	AC092123.1	chr16	89492017	89504460			
ENSG00000167526.14	RPL13	chr16	89560677	89564542			
ENSG00000200084.1	SNORD68	chr16	89561434	89561517			
ENSG00000178773.15	CPNE7	chr16	89575758	89597246			
ENSG00000015413.9	DPEP1	chr16	89613308	89638456			
ENSG00000131165.16	CHMP1A	chr16	89640816	89657738			
ENSG00000167523.14	SPATA33	chr16	89657740	89671272			
ENSG00000275734.2	AC010538.1	chr16	89671568	89685304			
ENSG00000185324.22	CDK10	chr16	89680737	89696354			
ENSG00000260259.1	LINC02166	chr16	89682620	89686569			
ENSG00000158792.16	SPATA2L	chr16	89696357	89701705			
ENSG00000075399.14	VPS9D1	chr16	89707134	89720898			
ENSG00000261373.1	VPS9D1-AS1	chr16	89711856	89718165			
ENSG00000158805.12	ZNF276	chr16	89720400	89740925			
ENSG00000187741.15	FANCA	chr16	89737549	89816657			
ENSG00000204991.11	SPIRE2	chr16	89818179	89871319			
ENSG00000141002.20	TCF25	chr16	89873570	89913627			
ENSG00000267048.1	AC092143.3	chr16	89906157	89918233			
ENSG00000258839.4	MC1R	chr16	89912119	89920973			
ENSG00000198211.8	AC092143.1	chr16	89919165	89936092			
ENSG00000259006.1	AC092143.2	chr16	89919827	89922662			
ENSG00000258947.7	TUBB3	chr16	89921392	89938761			
ENSG00000140995.17	DEF8	chr16	89948697	89968060			
ENSG00000177946.6	CENPBD1	chr16	89969773	89972832			
ENSG00000223959.8	AFG3L1P	chr16	89972586	90002161			
ENSG00000003249.15	DBNDD1	chr16	90004871	90019890			
ENSG00000141013.17	GAS8	chr16	90019629	90044975			
ENSG00000221819.6	GAS8-AS1	chr16	90028908	90029901			
ENSG00000222019.7	URAHP	chr16	90039761	90047773			
ENSG00000126856.15	PRDM7	chr16	90056566	90092072			
ENSG00000261812.6	TUBB8P7	chr16	90093154	90096354			
ENSG00000260528.5	FAM157C	chr16	90102271	90178344			
ENSG00000260507.1	AC133919.1	chr16	90105095	90106316			
ENSG00000261172.1	AC133919.2	chr16	90110574	90168225			
ENSG00000222359.1	RNU6-355P	chr16	90144592	90144695			
ENSG00000260923.7	LINC02193	chr16	90173217	90222851			
ENSG00000277349.1	CICP25	chr16	90174062	90175865			
ENSG00000280279.1	LINC02887	chr17	64099	76866			
ENSG00000280136.2	AC240565.2	chr17	88641	118578			
ENSG00000277613.1	U6	chr17	90796	90899			
ENSG00000268320.4	SCGB1C2	chr17	137569	139067			
ENSG00000272636.4	DOC2B	chr17	142789	181650			
ENSG00000273172.1	LINC02091	chr17	183824	191587			
ENSG00000181031.16	RPH3AL	chr17	212389	386254			
ENSG00000262920.5	AC129507.4	chr17	321392	322453			
ENSG00000262061.6	AC129507.1	chr17	331205	333488			
ENSG00000262294.1	AC129507.2	chr17	352638	357581			
ENSG00000262558.1	AC129507.3	chr17	354737	356882			
ENSG00000241525.4	AC141424.1	chr17	404468	414023			
ENSG00000187624.9	C17orf97	chr17	410325	431062			
ENSG00000183688.4	RFLNB	chr17	439978	445939			
ENSG00000263015.1	AC015853.2	chr17	503171	511347			
ENSG00000141252.20	VPS53	chr17	508668	721717			
ENSG00000263300.1	AC015853.3	chr17	523140	540576			
ENSG00000262905.1	AC015853.1	chr17	552566	553417			
ENSG00000262708.1	AC027455.1	chr17	616002	616595			
ENSG00000244097.1	RPS4XP17	chr17	656794	657547			
ENSG00000167695.15	TLCD3A	chr17	732412	742968			
ENSG00000179409.11	GEMIN4	chr17	744421	753999			
ENSG00000231784.8	DBIL5P	chr17	752660	755336			
ENSG00000167699.13	GLOD4	chr17	757097	783390			
ENSG00000262228.2	AC087392.3	chr17	763565	765319			
ENSG00000171861.11	MRM3	chr17	782353	792509			
ENSG00000262434.1	AC087392.4	chr17	789744	790525			
ENSG00000277491.1	AC087392.5	chr17	795306	795794			
ENSG00000167693.17	NXN	chr17	799310	979776			
ENSG00000262133.1	AC087392.2	chr17	877902	880093			
ENSG00000262003.1	AC087392.1	chr17	909632	911212			
ENSG00000263017.1	AC036164.1	chr17	959034	959366			
ENSG00000177370.5	TIMM22	chr17	997129	1003671			
ENSG00000159842.15	ABR	chr17	1003518	1229738	3	3	3
ENSG00000264429.1	MIR3183	chr17	1022476	1022559			
ENSG00000278794.1	Metazoa_SRP	chr17	1101007	1101273	3	3	3
ENSG00000275997.1	AC016292.2	chr17	1155966	1156175	3	3	3
ENSG00000235361.1	AC016292.1	chr17	1181893	1185086	3	3	3
ENSG00000262213.1	AC144836.1	chr17	1241939	1254000	3	3	3
ENSG00000205899.4	BHLHA9	chr17	1270444	1271815	3	3	3
ENSG00000184811.4	TRARG1	chr17	1279662	1300978	3	3	3
ENSG00000108953.17	YWHAE	chr17	1344275	1400222	3	3	3
ENSG00000280408.1	AC032044.2	chr17	1352070	1352255	3	3	3
ENSG00000167193.8	CRK	chr17	1420689	1463162	3	3	3
ENSG00000262777.1	AC032044.1	chr17	1424473	1426484	3	3	3
ENSG00000197879.17	MYO1C	chr17	1464186	1492686	3	3	3
ENSG00000132376.20	INPP5K	chr17	1494577	1516742	3	3	3
ENSG00000236618.2	PITPNA-AS1	chr17	1516931	1518096	3	3	3
ENSG00000174238.15	PITPNA	chr17	1517718	1562792	3	3	3
ENSG00000167703.15	SLC43A2	chr17	1569268	1628886	3	3	3
ENSG00000243704.3	RN7SL105P	chr17	1604374	1604672	3	3	3
ENSG00000074660.16	SCARF1	chr17	1633858	1645744	3	3	3
ENSG00000167705.12	RILP	chr17	1646145	1649866	3	3	3
ENSG00000174231.17	PRPF8	chr17	1650629	1684867	3	3	3
ENSG00000277597.1	AC130343.3	chr17	1684726	1685151	3	3	3
ENSG00000185561.10	TLCD2	chr17	1702816	1710377	3	3	3
ENSG00000186594.14	MIR22HG	chr17	1711493	1717174	3	3	3
ENSG00000283824.1	MIR22	chr17	1713903	1713987	3	3	3
ENSG00000167716.19	WDR81	chr17	1716523	1738599	3	3	3
ENSG00000262791.1	AC130343.1	chr17	1725748	1738585	3	3	3
ENSG00000167711.14	SERPINF2	chr17	1742836	1755265	3	3	3
ENSG00000132386.11	SERPINF1	chr17	1762029	1777565	3	3	3
ENSG00000186532.12	SMYD4	chr17	1779485	1830634	3	3	3
ENSG00000132383.12	RPA1	chr17	1829702	1900082	3	3	3
ENSG00000108958.4	AC130689.1	chr17	1858039	1858446	3	3	3
ENSG00000185924.7	RTN4RL1	chr17	1934677	2025334	3	3	3
ENSG00000262445.3	AC099684.2	chr17	1995614	2003671	3	3	3
ENSG00000228133.3	AC099684.1	chr17	2017716	2020706	3	3	3
ENSG00000262869.1	AC099684.3	chr17	2019952	2023664	3	3	3
ENSG00000108963.19	DPH1	chr17	2030137	2043898	3	3	3
ENSG00000287553.1	AC090617.10	chr17	2040953	2041932	3	3	3
ENSG00000262664.3	OVCA2	chr17	2042022	2043425	3	3	3
ENSG00000262533.1	AC090617.3	chr17	2042900	2043425	3	3	3
ENSG00000263050.1	AC090617.5	chr17	2043475	2044968	3	3	3
ENSG00000267200.1	MIR132	chr17	2049908	2050008	3	3	3
ENSG00000267195.1	MIR212	chr17	2050271	2050380	3	3	3
ENSG00000177374.13	HIC1	chr17	2054154	2063241	3	3	3
ENSG00000070366.14	SMG6	chr17	2059839	2303785	3	3	3
ENSG00000280333.1	AC090617.9	chr17	2072823	2072956	3	3	3
ENSG00000262810.1	AC090617.4	chr17	2089681	2101560	3	3	3
ENSG00000279040.1	AC090617.6	chr17	2101542	2101667	3	3	3
ENSG00000279562.1	AC090617.8	chr17	2117626	2117772	3	3	3
ENSG00000279340.1	AC090617.7	chr17	2122342	2122508	3	3	3
ENSG00000262402.1	MCUR1P1	chr17	2127430	2127904	3	3	3
ENSG00000265777.2	RN7SL624P	chr17	2199762	2200039	3	3	3
ENSG00000236838.2	AC090617.2	chr17	2213697	2214414	3	3	3
ENSG00000236457.1	AC090617.1	chr17	2215482	2216015	3	3	3
ENSG00000225084.1	AL450226.1	chr17	2232680	2233610	3	3	3
ENSG00000278941.1	SMG6-IT1	chr17	2235713	2236086	3	3	3
ENSG00000280242.1	AL450226.2	chr17	2255719	2256157	3	3	3
ENSG00000167720.13	SRR	chr17	2303383	2325260	3	3	3
ENSG00000262333.1	HNRNPA1P16	chr17	2306761	2307715	3	3	3
ENSG00000167721.11	TSR1	chr17	2322396	2336657	3	3	3
ENSG00000275084.4	SNORD91B	chr17	2329016	2329237	3	3	3
ENSG00000212163.6	SNORD91A	chr17	2330180	2330370	3	3	3
ENSG00000141258.13	SGSM2	chr17	2337498	2381058	3	3	3
ENSG00000274758.1	AC006435.3	chr17	2366589	2366791	3	3	3
ENSG00000263345.1	AC006435.2	chr17	2375061	2379306	3	3	3
ENSG00000070444.15	MNT	chr17	2384073	2401104	3	3	3
ENSG00000262456.1	AC006435.1	chr17	2384847	2386664	3	3	3
ENSG00000127804.13	METTL16	chr17	2405562	2511891	3	3	3
ENSG00000279872.1	AC006435.4	chr17	2424179	2424412	3	3	3
ENSG00000280280.1	AC006435.5	chr17	2460183	2460294	3	3	3
ENSG00000243049.3	RN7SL33P	chr17	2557753	2558094	3	3	3
ENSG00000262953.1	EIF4A1P9	chr17	2586330	2587866	3	3	3
ENSG00000007168.14	PAFAH1B1	chr17	2593210	2685615	3	3	3
ENSG00000262480.2	SAMD11P1	chr17	2613284	2613944	3	3	3
ENSG00000279432.1	AC015799.1	chr17	2639297	2642418	3	3	3
ENSG00000239884.3	RN7SL608P	chr17	2680958	2681236	3	3	3
ENSG00000272770.1	AC005696.2	chr17	2683305	2685088	3	3	3
ENSG00000272911.1	AC005696.3	chr17	2688473	2688960	3	3	3
ENSG00000132361.18	CLUH	chr17	2689386	2712663	3	3	3
ENSG00000273606.1	MIR6776	chr17	2692861	2692919	3	3	3
ENSG00000262050.1	AC005696.1	chr17	2712309	2712833	3	3	3
ENSG00000277200.1	AC005696.4	chr17	2720801	2723947	3	3	3
ENSG00000261963.3	CCDC92B	chr17	2724411	2749504	3	3	3
ENSG00000221200.1	MIR1253	chr17	2748078	2748182	3	3	3
ENSG00000272920.1	hsa-mir-1253	chr17	2748078	2748182	3	3	3
ENSG00000132359.15	RAP1GAP2	chr17	2755705	3037741	3	3	3
ENSG00000262884.1	AC015921.1	chr17	2962248	2965895	3	3	3
ENSG00000262628.1	OR1D5	chr17	3062669	3063607	3	3	3
ENSG00000184166.2	OR1D2	chr17	3088484	3104422	3	3	3
ENSG00000142163.8	OR1E3	chr17	3116427	3117374	3	3	3
ENSG00000183024.3	OR1G1	chr17	3126584	3127581	3	3	3
ENSG00000261848.5	AC090282.1	chr17	3134969	3177031	3	3	3
ENSG00000262085.2	OR1P1	chr17	3153889	3154882	3	3	3
ENSG00000172150.4	OR1A2	chr17	3197519	3198448	3	3	3
ENSG00000172146.3	OR1A1	chr17	3207539	3218896	3	3	3
ENSG00000255095.2	OR1D4	chr17	3235703	3241614	3	3	3
ENSG00000262106.1	OR1D3P	chr17	3265611	3266541	3	3	3
ENSG00000221882.3	OR3A2	chr17	3276942	3386317	3	3	3
ENSG00000180090.5	OR3A1	chr17	3291017	3298360	3	3	3
ENSG00000180068.10	OR3A4P	chr17	3309986	3311446	3	3	3
ENSG00000285760.1	AC087498.1	chr17	3311218	3311934	3	3	3
ENSG00000267129.1	OR1AC1P	chr17	3377527	3377602	3	3	3
ENSG00000180042.5	OR1R1P	chr17	3385930	3386874	3	3	3
ENSG00000180016.2	OR1E1	chr17	3397104	3398410	3	3	3
ENSG00000159961.2	OR3A3	chr17	3411370	3424070	3	3	3
ENSG00000127780.3	OR1E2	chr17	3432870	3433841	3	3	3
ENSG00000280268.1	AC025125.1	chr17	3439923	3441844	3	3	3
ENSG00000141255.13	SPATA22	chr17	3440019	3513852	3	3	3
ENSG00000108381.11	ASPA	chr17	3472374	3503405	3	3	3
ENSG00000167723.15	TRPV3	chr17	3510502	3557812	3	3	3
ENSG00000196689.12	TRPV1	chr17	3565444	3609411	3	3	3
ENSG00000263338.1	AC027796.5	chr17	3577955	3578853	3	3	3
ENSG00000262304.2	AC027796.3	chr17	3585149	3636249	3	3	3
ENSG00000261916.1	AC027796.1	chr17	3601761	3602272	3	3	3
ENSG00000197417.9	SHPK	chr17	3608240	3636250	3	3	3
ENSG00000262248.1	AC027796.2	chr17	3619256	3619913	3	3	3
ENSG00000040531.16	CTNS	chr17	3636459	3663103	3	3	3
ENSG00000262903.1	AC027796.4	chr17	3655621	3658092	3	3	3
ENSG00000213977.8	TAX1BP3	chr17	3662895	3668679	3	3	3
ENSG00000257950.3	P2RX5-TAX1BP3	chr17	3663063	3696194	3	3	3
ENSG00000240898.1	AC132942.1	chr17	3665220	3665702	3	3	3
ENSG00000127774.7	EMC6	chr17	3668812	3669668	3	3	3
ENSG00000083454.22	P2RX5	chr17	3672199	3696240	3	3	3
ENSG00000083457.12	ITGAE	chr17	3714628	3801188	3	3	3
ENSG00000262692.1	AC116914.2	chr17	3721628	3722488	3	3	3
ENSG00000177602.5	HASPIN	chr17	3723903	3726699	3	3	3
ENSG00000262358.1	AC116914.1	chr17	3729361	3730493	3	3	3
ENSG00000074356.17	NCBP3	chr17	3802158	3846246	3	3	3
ENSG00000004660.15	CAMKK1	chr17	3860315	3894891	3	3	3
ENSG00000108405.4	P2RX1	chr17	3896592	3916476	3	3	3
ENSG00000074370.18	ATP2A3	chr17	3923870	3964464	3	3	3
ENSG00000263312.1	LINC01975	chr17	3977103	3981899	3	3	3
ENSG00000074755.15	ZZEF1	chr17	4004445	4143030	3	3	3
ENSG00000252456.1	RNA5SP434	chr17	4056756	4056876	3	3	3
ENSG00000167740.10	CYB5D2	chr17	4143168	4187310	3	3	3
ENSG00000185722.18	ANKFY1	chr17	4163821	4263995	3	3	3
ENSG00000263165.1	AC087292.1	chr17	4163910	4164713	3	3	3
ENSG00000251812.1	Y_RNA	chr17	4186326	4186424	3	3	3
ENSG00000263219.1	RYKP1	chr17	4222091	4223828	3	3	3
ENSG00000274363.1	AC087742.1	chr17	4267691	4268430	3	3	3
ENSG00000132388.12	UBE2G1	chr17	4269259	4366628	3	3	3
ENSG00000261868.1	MFSD1P1	chr17	4301372	4302698	3	3	3
ENSG00000263882.2	RN7SL774P	chr17	4364164	4364453	3	3	3
ENSG00000182557.8	SPNS3	chr17	4433940	4488208	3	3	3
ENSG00000262823.1	AC127521.1	chr17	4481966	4486353	3	3	3
ENSG00000229782.1	AC118754.1	chr17	4497394	4499674	3	3	3
ENSG00000183018.9	SPNS2	chr17	4498881	4539035	3	3	3
ENSG00000132382.15	MYBBP1A	chr17	4538897	4555386	3	3	3
ENSG00000167741.11	GGT6	chr17	4556927	4560818	3	3	3
ENSG00000262921.1	AC118754.2	chr17	4565752	4571760	3	3	3
ENSG00000262519.1	TXNP4	chr17	4572206	4572515	3	3	3
ENSG00000188176.12	SMTNL2	chr17	4583999	4608319	3	3	3
ENSG00000261863.1	LINC01996	chr17	4610449	4617650	3	3	3
ENSG00000222429.1	RNU6-955P	chr17	4619749	4619852	3	3	3
ENSG00000161905.13	ALOX15	chr17	4630919	4642294	3	3	3
ENSG00000141456.16	PELP1	chr17	4669774	4704337	3	3	3
ENSG00000235085.3	AC091153.2	chr17	4673830	4696831	3	3	3
ENSG00000244184.1	AC091153.3	chr17	4704230	4705529	3	3	3
ENSG00000213939.4	AC091153.1	chr17	4704816	4705217	3	3	3
ENSG00000141480.18	ARRB2	chr17	4710596	4721499	3	3	3
ENSG00000161920.11	MED11	chr17	4731428	4733608	3	3	3
ENSG00000261898.2	AC091153.4	chr17	4731756	4732371	3	3	3
ENSG00000161921.17	CXCL16	chr17	4733533	4739928	3	3	3
ENSG00000141497.14	ZMYND15	chr17	4739833	4746119	3	3	3
ENSG00000142484.7	TM4SF5	chr17	4771884	4783213	3	3	3
ENSG00000182853.12	VMO1	chr17	4785285	4786433	3	3	3
ENSG00000280254.1	AC233723.2	chr17	4787057	4789162	3	3	3
ENSG00000182327.8	GLTPD2	chr17	4788964	4790589	3	3	3
ENSG00000142507.10	PSMB6	chr17	4796144	4798502	3	3	3
ENSG00000262165.2	AC233723.1	chr17	4801159	4807013	3	3	3
ENSG00000129219.14	PLD2	chr17	4807152	4823434	3	3	3
ENSG00000141503.17	MINK1	chr17	4833340	4898061	3	3	3
ENSG00000230201.5	ATP6V0CP1	chr17	4856757	4857374	3	3	3
ENSG00000264113.2	RN7SL784P	chr17	4882975	4883316	3	3	3
ENSG00000108556.10	CHRNE	chr17	4897771	4934438	3	3	3
ENSG00000205710.4	C17orf107	chr17	4899418	4902934	3	3	3
ENSG00000185245.8	GP1BA	chr17	4932277	4935023	3	3	3
ENSG00000108528.14	SLC25A11	chr17	4937130	4940053	3	3	3
ENSG00000108523.16	RNF167	chr17	4940008	4945222	3	3	3
ENSG00000108518.8	PFN1	chr17	4945652	4949061	3	3	3
ENSG00000108515.18	ENO3	chr17	4948092	4957131	3	3	3
ENSG00000091640.8	SPAG7	chr17	4959226	4967817	3	3	3
ENSG00000108509.21	CAMTA2	chr17	4967992	4987675	3	3	3
ENSG00000262429.1	AC004771.3	chr17	4967995	4968822	3	3	3
ENSG00000274300.1	MIR6864	chr17	4969702	4969771	3	3	3
ENSG00000278517.1	MIR6865	chr17	4970086	4970150	3	3	3
ENSG00000234203.1	AC004771.1	chr17	4972851	4974681	3	3	3
ENSG00000262678.1	AC004771.4	chr17	4986466	4987324	3	3	3
ENSG00000262227.1	AC004771.2	chr17	4987706	4988446	3	3	3
ENSG00000196388.8	INCA1	chr17	4988130	4997610	3	3	3
ENSG00000129250.12	KIF1C	chr17	4997950	5028401	3	3	3
ENSG00000227495.1	KIF1C-AS1	chr17	5019214	5020093	3	3	3
ENSG00000132517.15	SLC52A1	chr17	5032600	5052009	3	3	3
ENSG00000262495.1	AC012146.1	chr17	5060356	5062123	3	3	3
ENSG00000262693.1	AC012146.2	chr17	5075678	5078113	3	3	3
ENSG00000180787.6	ZFP3	chr17	5078467	5096374	3	3	3
ENSG00000167840.13	ZNF232	chr17	5105541	5123116	3	3	3
ENSG00000234327.8	ZNF232-AS1	chr17	5111468	5115004	3	3	3
ENSG00000129204.17	USP6	chr17	5116032	5175034	3	3	3
ENSG00000262855.1	AC012146.3	chr17	5126740	5127010	3	3	3
ENSG00000180626.10	ZNF594	chr17	5179535	5191868	3	3	3
ENSG00000261879.7	AC087500.1	chr17	5192027	5248182	3	3	3
ENSG00000161929.15	SCIMP	chr17	5208920	5234860	3	3	3
ENSG00000263164.1	AC087500.2	chr17	5240508	5241543	3	3	3
ENSG00000029725.17	RABEP1	chr17	5282265	5386340	3	3	3
ENSG00000108559.12	NUP88	chr17	5360963	5419676	3	3	3
ENSG00000263220.1	AC015727.1	chr17	5364315	5371626	3	3	3
ENSG00000129197.14	RPAIN	chr17	5419641	5432876	3	3	3
ENSG00000263272.1	AC004148.1	chr17	5425139	5432876	3	3	3
ENSG00000108561.8	C1QBP	chr17	5432777	5448830	3	3	3
ENSG00000005100.13	DHX33	chr17	5440917	5468982	3	3	3
ENSG00000262099.1	DHX33-DT	chr17	5469092	5470360	3	3	3
ENSG00000072849.11	DERL2	chr17	5471254	5486811	3	3	3
ENSG00000167842.16	MIS12	chr17	5486285	5490814	3	3	3
ENSG00000286190.2	AC055839.2	chr17	5499427	5501006	3	3	3
ENSG00000091592.16	NLRP1	chr17	5499427	5619424	3	3	3
ENSG00000282980.1	AC055839.1	chr17	5512040	5512537	3	3	3
ENSG00000286356.1	AC135726.1	chr17	5700226	5704056	3	3	3
ENSG00000262961.1	AC006236.1	chr17	5730289	5731085	3	3	3
ENSG00000284837.1	AC007846.1	chr17	5772234	5930696	3	3	3
ENSG00000285471.1	AC007846.2	chr17	5772926	6080792	3	3	3
ENSG00000179314.14	WSCD1	chr17	6057807	6124427	3	3	3
ENSG00000262231.2	AC104770.1	chr17	6163893	6190541	3	3	3
ENSG00000206618.1	RNU6-1264P	chr17	6207163	6207269	3	3	3
ENSG00000262609.1	BTF3P14	chr17	6322413	6323228	3	3	3
ENSG00000285593.1	AC055872.2	chr17	6373833	6375080	3	3	3
ENSG00000129221.16	AIPL1	chr17	6393693	6435199	3	3	3
ENSG00000262818.1	AC055872.1	chr17	6417685	6418264	3	3	3
ENSG00000129195.16	PIMREG	chr17	6444441	6451469	3	3	3
ENSG00000091622.16	PITPNM3	chr17	6451263	6556555	3	3	3
ENSG00000274860.1	Metazoa_SRP	chr17	6521131	6521412	3	3	3
ENSG00000198920.11	KIAA0753	chr17	6578147	6640711	3	3	3
ENSG00000200914.1	RNA5SP435	chr17	6600944	6601051	3	3	3
ENSG00000282936.2	AC004706.3	chr17	6628619	6640456	3	3	3
ENSG00000129235.11	TXNDC17	chr17	6640985	6644541	3	3	3
ENSG00000108590.11	MED31	chr17	6643311	6651634	3	3	3
ENSG00000256806.6	C17orf100	chr17	6651762	6693202	3	3	3
ENSG00000261996.1	AC004706.1	chr17	6653464	6655009	3	3	3
ENSG00000264468.1	MIR4520-1	chr17	6655440	6655509	3	3	3
ENSG00000283301.1	MIR4520-2	chr17	6655449	6655502	3	3	3
ENSG00000274114.2	ALOX15P1	chr17	6657034	6693577	3	3	3
ENSG00000141485.17	SLC13A5	chr17	6684719	6713377	3	3	3
ENSG00000262990.1	AC004706.2	chr17	6749685	6749978	3	3	3
ENSG00000244283.1	RPL23AP73	chr17	6749718	6750188	3	3	3
ENSG00000132530.17	XAF1	chr17	6755447	6775647	3	3	3
ENSG00000279296.1	PRAL	chr17	6772831	6776116	3	3	3
ENSG00000177294.7	FBXO39	chr17	6776215	6797101	3	3	3
ENSG00000167858.13	TEKT1	chr17	6789133	6831761	3	3	3
ENSG00000262943.7	ALOX12P2	chr17	6853861	6954107	3	3	3
ENSG00000215067.10	ALOX12-AS1	chr17	6875232	7012530	3	3	3
ENSG00000262503.1	AC027763.1	chr17	6927472	6928191	3	3	3
ENSG00000263316.1	AC027763.2	chr17	6954098	6978960	3	3	3
ENSG00000267047.1	AC040977.2	chr17	6985494	7019414	3	3	3
ENSG00000262089.1	AC040977.1	chr17	6994642	6995189	3	3	3
ENSG00000108839.12	ALOX12	chr17	6996049	7010754	3	3	3
ENSG00000219200.12	RNASEK	chr17	7012417	7014532	3	3	3
ENSG00000161939.19	RNASEK-C17orf49	chr17	7012635	7017520	3	3	3
ENSG00000258315.5	C17orf49	chr17	7014495	7017525	3	3	3
ENSG00000267532.5	MIR497HG	chr17	7015818	7019659	3	3	3
ENSG00000284112.1	MIR195	chr17	7017615	7017701	3	3	3
ENSG00000284027.1	MIR497	chr17	7017911	7018022	3	3	3
ENSG00000161940.11	BCL6B	chr17	7023050	7030290	3	3	3
ENSG00000174327.7	SLC16A13	chr17	7036015	7040117	3	3	3
ENSG00000174326.14	SLC16A11	chr17	7041621	7044092	3	3	3
ENSG00000262067.1	AC120057.1	chr17	7058934	7059204	3	3	3
ENSG00000132514.14	CLEC10A	chr17	7074537	7080307	3	3	3
ENSG00000161944.16	ASGR2	chr17	7101322	7115700	3	3	3
ENSG00000213876.4	RPL7AP64	chr17	7140930	7141592	3	3	3
ENSG00000141505.12	ASGR1	chr17	7173431	7179564	3	3	3
ENSG00000132535.21	DLG4	chr17	7187187	7219841	3	3	3
ENSG00000279812.1	AC120057.4	chr17	7192295	7192448	3	3	3
ENSG00000072778.20	ACADVL	chr17	7217125	7225266	3	3	3
ENSG00000199053.3	MIR324	chr17	7223297	7223379	3	3	3
ENSG00000004975.12	DVL2	chr17	7225342	7234517	3	3	3
ENSG00000040633.13	PHF23	chr17	7235029	7239722	3	3	3
ENSG00000170296.10	GABARAP	chr17	7240008	7242449	3	3	3
ENSG00000262526.2	AC120057.2	chr17	7240427	7244635	3	3	3
ENSG00000279641.1	AC120057.3	chr17	7242200	7243814	3	3	3
ENSG00000175826.12	CTDNEP1	chr17	7243591	7252491	3	3	3
ENSG00000262302.1	AC003688.1	chr17	7246829	7262089	3	3	3
ENSG00000170291.15	ELP5	chr17	7251416	7259940	3	3	3
ENSG00000181885.18	CLDN7	chr17	7259903	7263983	3	3	3
ENSG00000202251.1	Y_RNA	chr17	7266055	7266166	3	3	3
ENSG00000181856.15	SLC2A4	chr17	7281718	7288257	3	3	3
ENSG00000263342.1	AC003688.2	chr17	7282947	7284071	3	3	3
ENSG00000006047.13	YBX2	chr17	7288263	7294639	3	3	3
ENSG00000132507.18	EIF5A	chr17	7306999	7312463	3	3	3
ENSG00000132522.16	GPS2	chr17	7311324	7315564	3	3	3
ENSG00000261915.6	AC026954.2	chr17	7312661	7319174	3	3	3
ENSG00000215041.10	NEURL4	chr17	7315628	7329393	3	3	3
ENSG00000224647.2	AC026954.1	chr17	7330452	7335413	3	3	3
ENSG00000072818.12	ACAP1	chr17	7336529	7351477	3	3	3
ENSG00000213859.7	KCTD11	chr17	7351889	7354944	3	3	3
ENSG00000263171.1	AC026954.3	chr17	7352687	7354944	3	3	3
ENSG00000182896.13	TMEM95	chr17	7355123	7357219	3	3	3
ENSG00000174292.12	TNK1	chr17	7380534	7389774	3	3	3
ENSG00000187838.17	PLSCR3	chr17	7389727	7394842	3	3	3
ENSG00000262481.5	TMEM256-PLSCR3	chr17	7389734	7404097	3	3	3
ENSG00000205544.4	TMEM256	chr17	7402975	7404097	3	3	3
ENSG00000169992.10	NLGN2	chr17	7404874	7419860	3	3	3
ENSG00000262880.1	AC113189.2	chr17	7420103	7444081	3	3	3
ENSG00000181323.8	SPEM1	chr17	7420324	7421632	3	3	3
ENSG00000184560.8	SPEM2	chr17	7425616	7427568	3	3	3
ENSG00000283439.4	SPEM3	chr17	7428857	7432820	3	3	3
ENSG00000286007.1	AC113189.12	chr17	7428861	7436278	3	3	3
ENSG00000181284.3	TMEM102	chr17	7435435	7437679	3	3	3
ENSG00000262624.1	AC113189.1	chr17	7436557	7437523	3	3	3
ENSG00000161958.11	FGF11	chr17	7438273	7444937	3	3	3
ENSG00000263301.1	AC113189.3	chr17	7439159	7443327	3	3	3
ENSG00000272884.1	AC113189.4	chr17	7439506	7445966	3	3	3
ENSG00000170175.11	CHRNB1	chr17	7445061	7457710	3	3	3
ENSG00000174282.12	ZBTB4	chr17	7459366	7484263	3	3	3
ENSG00000259224.2	SLC35G6	chr17	7481332	7483496	3	3	3
ENSG00000181222.19	POLR2A	chr17	7484366	7514616	3	3	3
ENSG00000201489.1	Y_RNA	chr17	7537096	7537196	3	3	3
ENSG00000239697.11	TNFSF12	chr17	7549058	7557890	3	3	3
ENSG00000248871.1	TNFSF12-TNFSF13	chr17	7549099	7561601	3	3	3
ENSG00000276384.1	AC016876.3	chr17	7557820	7558245	3	3	3
ENSG00000161955.16	TNFSF13	chr17	7558292	7561608	3	3	3
ENSG00000161956.13	SENP3	chr17	7561919	7571969	3	3	3
ENSG00000277957.1	SENP3-EIF4A1	chr17	7563287	7578715	3	3	3
ENSG00000161960.16	EIF4A1	chr17	7572824	7579006	3	3	3
ENSG00000264772.6	AC016876.2	chr17	7572826	7582024	3	3	3
ENSG00000209582.1	SNORA48	chr17	7574713	7574847	3	3	3
ENSG00000238917.1	SNORD10	chr17	7576811	7576952	3	3	3
ENSG00000277985.1	SNORA67	chr17	7577955	7578091	3	3	3
ENSG00000129226.14	CD68	chr17	7579491	7582111	3	3	3
ENSG00000233223.3	AC016876.1	chr17	7581964	7584086	3	3	3
ENSG00000129255.16	MPDU1	chr17	7583529	7592789	3	3	3
ENSG00000129194.8	SOX15	chr17	7588178	7590094	3	3	3
ENSG00000129245.12	FXR2	chr17	7591230	7614897	3	3	3
ENSG00000129214.15	SHBG	chr17	7613946	7633382	3	3	3
ENSG00000141504.12	SAT2	chr17	7626234	7627876	3	3	3
ENSG00000129244.9	ATP1B2	chr17	7646627	7657770	3	3	3
ENSG00000141510.18	TP53	chr17	7661779	7687538	3	3	3
ENSG00000141499.17	WRAP53	chr17	7686071	7703502	3	3	3
ENSG00000108947.5	EFNB3	chr17	7705202	7711372	3	3	3
ENSG00000183914.14	DNAH2	chr17	7717354	7833744	3	3	3
ENSG00000240480.1	RPL29P2	chr17	7754320	7754976	3	3	3
ENSG00000132510.10	KDM6B	chr17	7839904	7854796	3	3	3
ENSG00000167874.7	TMEM88	chr17	7855066	7856099	3	3	3
ENSG00000183011.13	NAA38	chr17	7856685	7885238	3	3	3
ENSG00000182224.12	CYB5D1	chr17	7857746	7862282	3	3	3
ENSG00000280046.1	AC104581.4	chr17	7858943	7866083	3	3	3
ENSG00000170004.17	CHD3	chr17	7884796	7912760	3	3	3
ENSG00000252835.1	SCARNA21	chr17	7906122	7906260	3	3	3
ENSG00000179859.9	RNF227	chr17	7913324	7916276	3	3	3
ENSG00000170049.9	KCNAB3	chr17	7921859	7929803	3	3	3
ENSG00000262730.1	AC104581.2	chr17	7925931	7930622	3	3	3
ENSG00000170043.12	TRAPPC1	chr17	7930345	7932123	3	3	3
ENSG00000170037.14	CNTROB	chr17	7932101	7949920	3	3	3
ENSG00000262492.1	AC104581.1	chr17	7954868	7955622	3	3	3
ENSG00000132518.7	GUCY2D	chr17	8002615	8020342	3	3	3
ENSG00000279174.1	AC104581.3	chr17	8013327	8016378	3	3	3
ENSG00000179593.16	ALOX15B	chr17	8039034	8049134	3	3	3
ENSG00000263427.1	AC129492.2	chr17	8056225	8057621	3	3	3
ENSG00000275011.1	ALOXE3P1	chr17	8063936	8072533	3	3	3
ENSG00000179477.11	ALOX12B	chr17	8072636	8087716	3	3	3
ENSG00000214999.3	AC129492.1	chr17	8079482	8081565	3	3	3
ENSG00000264005.1	MIR4314	chr17	8088056	8088147	3	3	3
ENSG00000179148.10	ALOXE3	chr17	8095900	8119047	3	3	3
ENSG00000179111.9	HES7	chr17	8120592	8124106	3	3	3
ENSG00000179094.16	PER1	chr17	8140472	8156506	3	3	3
ENSG00000284117.1	MIR6883	chr17	8144994	8145071	3	3	3
ENSG00000263620.1	AC129492.3	chr17	8150816	8162975	3	3	3
ENSG00000220205.9	VAMP2	chr17	8159149	8163546	3	3	3
ENSG00000179029.15	TMEM107	chr17	8172457	8176399	3	3	3
ENSG00000200463.1	SNORD118	chr17	8173454	8173587	3	3	3
ENSG00000266824.1	AC129492.4	chr17	8176812	8182812	3	3	3
ENSG00000283160.1	MIR4521	chr17	8186945	8187004	3	3	3
ENSG00000196544.8	BORCS6	chr17	8188345	8190180	3	3	3
ENSG00000279152.1	AC129492.6	chr17	8188933	8189688	3	3	3
ENSG00000271002.1	AC129492.5	chr17	8199123	8199437	3	3	3
ENSG00000178999.13	AURKB	chr17	8204733	8210600	3	3	3
ENSG00000178977.3	LINC00324	chr17	8220642	8224043	3	3	3
ENSG00000178971.16	CTC1	chr17	8224815	8248056	3	3	3
ENSG00000178921.14	PFAS	chr17	8247618	8270491	3	3	3
ENSG00000269947.1	AC135178.6	chr17	8277763	8278436	3	3	3
ENSG00000125434.11	SLC25A35	chr17	8287763	8295400	3	3	3
ENSG00000108961.14	RANGRF	chr17	8288654	8290092	3	3	3
ENSG00000271029.1	AC135178.7	chr17	8296505	8297216	3	3	3
ENSG00000198844.12	ARHGEF15	chr17	8310241	8322514	3	3	3
ENSG00000226871.1	AC135178.2	chr17	8318088	8318712	3	3	3
ENSG00000212206.1	AC135178.1	chr17	8329583	8329719	3	3	3
ENSG00000266279.1	AC135178.5	chr17	8337697	8338758	3	3	3
ENSG00000184650.11	ODF4	chr17	8339840	8346048	3	3	3
ENSG00000184619.8	KRBA2	chr17	8356902	8376704	3	3	3
ENSG00000265749.6	AC135178.4	chr17	8365563	8381328	3	3	3
ENSG00000263809.1	AC135178.3	chr17	8368638	8383187	3	3	3
ENSG00000161970.15	RPL26	chr17	8377516	8383213	3	3	3
ENSG00000189051.5	RNF222	chr17	8390704	8397826	3	3	3
ENSG00000166579.16	NDEL1	chr17	8413131	8490411	3	3	3
ENSG00000133026.13	MYH10	chr17	8474207	8630761	3	3	3
ENSG00000252363.1	RNU7-43P	chr17	8511125	8511188	3	3	3
ENSG00000270606.1	PPIAP52	chr17	8560471	8560962	3	3	3
ENSG00000244604.1	AC025518.1	chr17	8561230	8561576	3	3	3
ENSG00000161973.11	CCDC42	chr17	8729935	8745219	3	3	3
ENSG00000183318.11	SPDYE4	chr17	8753106	8758559	3	3	3
ENSG00000185156.6	MFSD6L	chr17	8797110	8799365	3	3	3
ENSG00000276231.5	PIK3R6	chr17	8802722	8867677	3	3	3
ENSG00000141506.14	PIK3R5	chr17	8878911	8965712	3	3	3
ENSG00000266389.1	AC002091.2	chr17	8965896	8967070	3	3	3
ENSG00000265975.1	AC002091.1	chr17	8967523	8976995	3	3	3
ENSG00000065320.9	NTN1	chr17	9021510	9244000	3	3	3
ENSG00000262966.2	AC005695.1	chr17	9171068	9179118	3	3	3
ENSG00000273816.1	AC005695.3	chr17	9244666	9244897	3	3	3
ENSG00000170310.15	STX8	chr17	9250471	9576591	3	3	3
ENSG00000263708.2	AC005695.2	chr17	9283174	9305651	3	3	3
ENSG00000225751.2	AC087501.1	chr17	9452197	9470014	3	3	3
ENSG00000262815.1	AC087501.2	chr17	9464742	9467422	3	3	3
ENSG00000263051.1	AC087501.3	chr17	9547298	9548541	3	3	3
ENSG00000271851.1	AC087501.4	chr17	9553323	9555696	3	3	3
ENSG00000166596.15	CFAP52	chr17	9576627	9643447	3	3	3
ENSG00000241654.1	RPL19P18	chr17	9589902	9590482	3	3	3
ENSG00000265349.1	AC118755.2	chr17	9638768	9645325	3	3	3
ENSG00000154914.17	USP43	chr17	9644698	9729687	3	3	3
ENSG00000262296.1	AC118755.1	chr17	9647020	9647660	3	3	3
ENSG00000282882.2	AC027045.2	chr17	9764186	9805100	3	3	3
ENSG00000184544.12	DHRS7C	chr17	9771434	9791592	3	3	3
ENSG00000278944.1	AC027045.1	chr17	9791227	9808855	3	3	3
ENSG00000214978.7	GSG1L2	chr17	9802386	9822071	3	3	3
ENSG00000283025.1	AC027045.3	chr17	9805443	9811047	3	3	3
ENSG00000065325.13	GLP2R	chr17	9822206	9892099	3	3	3
ENSG00000265593.1	NPM1P45	chr17	9852748	9853306	3	3	3
ENSG00000109047.8	RCVRN	chr17	9896320	9905271	3	3	3
ENSG00000007237.19	GAS7	chr17	9910606	10198606	3	3	3
ENSG00000242692.1	RPS27AP1	chr17	10258762	10259232	3	3	3
ENSG00000273388.1	AC005291.2	chr17	10291820	10317926	3	3	3
ENSG00000006788.14	MYH13	chr17	10300865	10373130	3	3	3
ENSG00000264067.1	AC005291.1	chr17	10320392	10341458	3	3	3
ENSG00000272736.5	AC005323.2	chr17	10383132	10537862	3	3	3
ENSG00000272975.1	MYHAS	chr17	10383144	10623886	3	3	3
ENSG00000133020.4	MYH8	chr17	10390322	10421950	3	3	3
ENSG00000264424.1	MYH4	chr17	10443290	10469559	3	3	3
ENSG00000109061.10	MYH1	chr17	10492307	10518542	3	3	3
ENSG00000125414.19	MYH2	chr17	10521148	10549700	3	3	3
ENSG00000214970.8	AC005323.1	chr17	10579040	10623036	3	3	3
ENSG00000109063.15	MYH3	chr17	10628526	10657309	3	3	3
ENSG00000261433.1	AC002347.1	chr17	10658542	10659082	3	3	3
ENSG00000133028.12	SCO1	chr17	10672474	10698375	3	3	3
ENSG00000263388.1	AC002347.2	chr17	10680734	10683988	3	3	3
ENSG00000170222.12	ADPRM	chr17	10697594	10711558	3	3	3
ENSG00000187824.9	TMEM220	chr17	10699015	10730023	3	3	3
ENSG00000264176.1	MAGOH2P	chr17	10716002	10716511	3	3	3
ENSG00000263400.8	TMEM220-AS1	chr17	10729777	10815164	3	3	3
ENSG00000285220.1	AC015908.7	chr17	10729777	10880895	3	3	3
ENSG00000264016.3	AC015908.3	chr17	10741257	10769089	3	3	3
ENSG00000240813.2	AC015908.1	chr17	10745553	10746543	3	3	3
ENSG00000266114.1	AC015908.4	chr17	10792059	10794985	3	3	3
ENSG00000284876.1	AC015908.6	chr17	10794906	10838094	3	3	3
ENSG00000263429.3	TMEM238L	chr17	10794913	10804099	3	3	3
ENSG00000279542.1	AC015908.5	chr17	10821901	10822243	3	3	3
ENSG00000233670.7	PIRT	chr17	10822470	10838087	3	3	3
ENSG00000263508.6	AC015908.2	chr17	10844674	10880895	3	3	3
ENSG00000207242.1	RNU6-1065P	chr17	10857899	10858004	3	3	3
ENSG00000244753.2	RPL15P21	chr17	10860535	10861462	3	3	3
ENSG00000243346.3	RN7SL601P	chr17	11157455	11157747	3	3	3
ENSG00000285541.1	AC005548.1	chr17	11197883	11242062	3	3	3
ENSG00000188803.15	SHISA6	chr17	11241213	11564063	3	3	3
ENSG00000264727.1	AC005725.1	chr17	11288205	11290811	3	3	3
ENSG00000007174.18	DNAH9	chr17	11598470	11969748	3	3	3
ENSG00000263684.2	AC005209.1	chr17	11874727	11881670	3	3	3
ENSG00000266368.1	AC005410.2	chr17	11953889	11977594	3	3	3
ENSG00000154957.14	ZNF18	chr17	11977439	11997475	3	3	3
ENSG00000241185.2	AC005410.1	chr17	11998353	12021508	3	3	3
ENSG00000065559.15	MAP2K4	chr17	12020829	12143830	3	3	3
ENSG00000252707.1	RNU11-2P	chr17	12036496	12036637	3	3	3
ENSG00000266297.1	MIR744	chr17	12081899	12081996	3	3	3
ENSG00000263648.1	AC005244.1	chr17	12115547	12115885	3	3	3
ENSG00000265400.1	AC005244.2	chr17	12201600	12215267	3	3	3
ENSG00000286617.1	AC084167.1	chr17	12390738	12395177	3	3	3
ENSG00000179136.7	LINC00670	chr17	12549764	12642854	3	3	3
ENSG00000287462.1	AC068442.1	chr17	12596743	12632959	3	3	3
ENSG00000141052.18	MYOCD	chr17	12665890	12768949	3	3	3
ENSG00000227274.1	MYOCD-AS1	chr17	12671862	12706135	3	3	3
ENSG00000265489.1	AC005358.1	chr17	12760140	12790242	3	3	3
ENSG00000006740.17	ARHGAP44	chr17	12789498	12991643	3	3	3
ENSG00000265503.1	MIR1269B	chr17	12917268	12917342	3	3	3
ENSG00000280168.1	AC005274.1	chr17	12973033	12973834	3	3	3
ENSG00000277621.1	AC005277.2	chr17	12982613	12983002	3	3	3
ENSG00000263707.1	AC005277.1	chr17	12990149	12990610	3	3	3
ENSG00000006744.19	ELAC2	chr17	12991612	13018065	3	3	3
ENSG00000273098.3	AC005303.1	chr17	13095695	13100939	3	3	3
ENSG00000234634.2	LINC02093	chr17	13299184	13306771	3	3	3
ENSG00000153976.3	HS3ST3A1	chr17	13494032	13601929	3	3	3
ENSG00000221698.1	MIR548H3	chr17	13543529	13543646	3	3	3
ENSG00000236088.10	COX10-AS1	chr17	13755574	14069495	3	3	3
ENSG00000265494.1	AC005304.2	chr17	13909231	13911212	3	3	3
ENSG00000233852.1	AC005304.1	chr17	13932720	13940594	3	3	3
ENSG00000266744.1	AC005304.3	chr17	13957748	13966952	3	3	3
ENSG00000141028.6	CDRT15P1	chr17	14024514	14025488	3	3	3
ENSG00000006695.12	COX10	chr17	14069490	14231736	3	3	3
ENSG00000252305.1	SNORA74	chr17	14177131	14177310	3	3	3
ENSG00000223510.7	CDRT15	chr17	14235673	14236862	3	3	3
ENSG00000262786.1	AC005224.1	chr17	14295512	14297600	3	3	3
ENSG00000125430.9	HS3ST3B1	chr17	14301081	14349404	3	3	3
ENSG00000266709.1	AC005224.3	chr17	14303854	14305505	3	3	3
ENSG00000266378.1	AC005224.2	chr17	14327335	14329474	3	3	3
ENSG00000230647.2	AC022816.1	chr17	14374139	14421472	3	3	3
ENSG00000230897.1	RPS18P12	chr17	14705076	14705534	3	3	3
ENSG00000226130.1	AC013248.1	chr17	14725729	14729686	3	3	3
ENSG00000205325.3	AC005863.1	chr17	14767583	14780686	3	3	3
ENSG00000238212.3	LINC02096	chr17	14834557	14957216	3	3	3
ENSG00000226156.1	RPL23AP76	chr17	14947741	14948198	3	3	3
ENSG00000232058.1	AC005772.1	chr17	15014805	15052276	3	3	3
ENSG00000259944.1	CDRT7	chr17	15030975	15031957	3	3	3
ENSG00000287307.1	AC005772.2	chr17	15062087	15104517	3	3	3
ENSG00000265163.1	CDRT8	chr17	15105237	15106187	3	3	3
ENSG00000109099.16	PMP22	chr17	15229773	15272292	3	3	3
ENSG00000265110.1	MIR4731	chr17	15251627	15251696	3	3	3
ENSG00000279660.1	AC005703.5	chr17	15260513	15261841	3	3	3
ENSG00000265445.1	AC005703.2	chr17	15261015	15265707	3	3	3
ENSG00000286792.1	AC005703.6	chr17	15266848	15311760	3	3	3
ENSG00000237377.2	AC005703.1	chr17	15276562	15279477	3	3	3
ENSG00000125409.13	TEKT3	chr17	15303811	15341632	3	3	3
ENSG00000200437.1	RNU6-799P	chr17	15311345	15311451	3	3	3
ENSG00000279567.1	AC005703.4	chr17	15365323	15365877	3	3	3
ENSG00000266667.1	AC005703.3	chr17	15379864	15417878	3	3	3
ENSG00000239888.3	RN7SL792P	chr17	15408384	15408688	3	3	3
ENSG00000239704.11	CDRT4	chr17	15436015	15503608	3	3	3
ENSG00000259024.6	TVP23C-CDRT4	chr17	15436021	15563561	3	3	5
ENSG00000234324.1	RPL9P2	chr17	15443639	15444191	3	3	3
ENSG00000175106.17	TVP23C	chr17	15502264	15563595	3	3	5
ENSG00000223878.1	PPIAP53	chr17	15506866	15507354	3	3	3
ENSG00000266538.1	AC005838.2	chr17	15530773	15531089	3	3	3
ENSG00000241322.11	CDRT1	chr17	15565483	15619704	3	3	3
ENSG00000251537.4	AC005324.2	chr17	15571491	15651653	3	3	3
ENSG00000252129.1	SNORA74	chr17	15574019	15574198	3	3	3
ENSG00000223544.1	AC005838.1	chr17	15588852	15589084	3	3	3
ENSG00000221926.13	TRIM16	chr17	15627960	15684311	3	3	3
ENSG00000266261.1	AC005324.4	chr17	15651590	15654489	3	3	3
ENSG00000108452.1	ZNF29P	chr17	15675476	15675643	3	3	3
ENSG00000187607.16	ZNF286A	chr17	15699577	15720787	3	3	3
ENSG00000255104.8	AC005324.3	chr17	15699692	15744778	3	3	3
ENSG00000233966.1	UBE2SP1	chr17	15704232	15704900	3	3	3
ENSG00000214946.14	TBC1D26	chr17	15732247	15749192	3	3	3
ENSG00000233002.2	TBC1D26-AS1	chr17	15735023	15749192	3	3	3
ENSG00000267227.1	AC005324.5	chr17	15748703	15749315	3	3	3
ENSG00000233193.1	AC005324.1	chr17	15761614	15763769	3	3	3
ENSG00000227255.1	CDRT15P2	chr17	15764703	15765664	3	3	3
ENSG00000235430.1	ZSWIM5P1	chr17	15768717	15771426	3	3	3
ENSG00000251829.1	RNA5SP436	chr17	15782341	15782455	3	3	3
ENSG00000227018.1	IL6STP1	chr17	15783288	15784307	3	3	3
ENSG00000179277.9	MEIS3P1	chr17	15786618	15787575	3	3	3
ENSG00000265519.1	AC015922.2	chr17	15787787	15788205	3	3	3
ENSG00000276855.1	AC015922.3	chr17	15789016	15789705	3	3	3
ENSG00000233090.1	AC015922.1	chr17	15792862	15793045	3	3	3
ENSG00000237057.3	LINC02087	chr17	15806241	15847996	3	3	3
ENSG00000227790.7	SPECC1P1	chr17	15829369	15908632	3	3	3
ENSG00000170425.3	ADORA2B	chr17	15944917	15975746	3	3	3
ENSG00000214941.8	ZSWIM7	chr17	15976560	15999717	3	3	3
ENSG00000011295.16	TTC19	chr17	15999784	16045015	3	3	3
ENSG00000275413.1	AC002553.2	chr17	16023323	16023653	3	3	3
ENSG00000141027.21	NCOR1	chr17	16029157	16218185	3	3	3
ENSG00000227782.2	AC002553.1	chr17	16040472	16041273	3	3	3
ENSG00000243686.2	RPLP1P11	chr17	16044621	16044961	3	3	3
ENSG00000233979.1	RPL22P21	chr17	16084042	16084381	3	3	3
ENSG00000252383.1	RNU6-314P	chr17	16098704	16098807	3	3	3
ENSG00000199674.1	RNU6-862P	chr17	16137768	16137872	3	3	3
ENSG00000239221.3	RN7SL442P	chr17	16191832	16192151	3	3	3
ENSG00000108474.17	PIGL	chr17	16217191	16351797	3	3	3
ENSG00000221355.1	MIR1288	chr17	16282014	16282088	3	3	3
ENSG00000166582.10	CENPV	chr17	16342534	16353656	3	3	3
ENSG00000170315.14	UBB	chr17	16380798	16382745	3	3	3
ENSG00000265401.1	AC093484.3	chr17	16382152	16382669	3	3	3
ENSG00000265095.1	FTLP12	chr17	16391434	16391882	3	3	3
ENSG00000264739.1	AC093484.2	chr17	16414524	16416689	3	3	3
ENSG00000187688.15	TRPV2	chr17	16415571	16437003	3	3	3
ENSG00000239203.1	AC093484.1	chr17	16427474	16428719	3	3	3
ENSG00000175061.18	SNHG29	chr17	16438767	16478678	3	3	3
ENSG00000277108.1	SNORD49B	chr17	16439505	16439576	3	3	3
ENSG00000277370.1	SNORD49A	chr17	16440036	16440106	3	3	3
ENSG00000266651.1	AC093484.4	chr17	16440479	16440952	3	3	3
ENSG00000277512.1	SNORD65	chr17	16441226	16441298	3	3	3
ENSG00000181350.12	LRRC75A	chr17	16441577	16492193	3	3	3
ENSG00000286743.1	AC127540.2	chr17	16525832	16529290	3	3	3
ENSG00000141040.15	ZNF287	chr17	16546954	16569204	3	3	3
ENSG00000266803.1	AC127540.1	chr17	16557985	16559269	3	3	3
ENSG00000235554.1	SRSF6P2	chr17	16616848	16617881	3	3	3
ENSG00000197566.10	ZNF624	chr17	16620734	16653856	3	3	3
ENSG00000264765.1	AC098850.2	chr17	16653904	16654787	3	3	3
ENSG00000264359.1	NEK4P2	chr17	16666107	16667118	3	3	3
ENSG00000231458.2	RNASEH1P2	chr17	16683438	16684227	3	3	3
ENSG00000170160.17	CCDC144A	chr17	16689537	16777881	3	3	3
ENSG00000266302.6	AC098850.3	chr17	16690261	16804453	3	3	3
ENSG00000252446.1	RNU6-405P	chr17	16691798	16691907	3	3	3
ENSG00000276088.1	RN7SL620P	chr17	16710059	16710361	3	3	3
ENSG00000226478.3	UPF3AP1	chr17	16745636	16746761	3	3	3
ENSG00000188933.16	USP32P1	chr17	16786489	16804455	3	3	3
ENSG00000266129.1	SRP68P1	chr17	16787235	16788141	3	3	3
ENSG00000272815.1	AC098850.4	chr17	16788057	16816540	3	3	3
ENSG00000264673.1	AC098850.1	chr17	16788248	16789234	3	3	3
ENSG00000288235.1	FAM106C	chr17	16788879	16790501	3	3	3
ENSG00000264729.1	AC022596.1	chr17	16804627	16805707	3	3	3
ENSG00000264892.1	NOS2P4	chr17	16812447	16812651	3	3	3
ENSG00000226145.7	KRT16P6	chr17	16817983	16822579	3	3	3
ENSG00000227300.12	KRT16P2	chr17	16829999	16832830	3	3	3
ENSG00000131885.17	KRT17P1	chr17	16840895	16845881	3	3	3
ENSG00000205312.8	KRT17P4	chr17	16847635	16852777	3	3	3
ENSG00000229749.1	COTL1P1	chr17	16853935	16854309	3	3	3
ENSG00000283033.1	AC022596.2	chr17	16861146	16864223	3	3	3
ENSG00000265853.1	AL353996.1	chr17	16893198	16893429	3	3	3
ENSG00000128438.10	TBC1D27P	chr17	16922915	16934839	3	3	3
ENSG00000240505.9	TNFRSF13B	chr17	16929816	16972118	3	3	3
ENSG00000230709.1	AC104024.1	chr17	16975999	16981353	3	3	3
ENSG00000230969.2	LINC02090	chr17	16988329	16990177	3	3	3
ENSG00000260328.1	AC104024.2	chr17	17011914	17014990	3	3	3
ENSG00000287114.1	AC104024.3	chr17	17028360	17035057	3	3	3
ENSG00000287910.1	AC104024.4	chr17	17033531	17042305	3	3	3
ENSG00000133030.22	MPRIP	chr17	17042457	17217679	3	3	3
ENSG00000225442.2	MPRIP-AS1	chr17	17076038	17077752	3	3	3
ENSG00000263624.1	AC055811.1	chr17	17167946	17185554	3	3	3
ENSG00000206859.1	RNU6-767P	chr17	17170083	17170189	3	3	3
ENSG00000243370.3	RN7SL775P	chr17	17178414	17178749	3	3	3
ENSG00000278864.1	AC055811.4	chr17	17181504	17183257	3	3	3
ENSG00000179598.6	PLD6	chr17	17200995	17206333	3	3	3
ENSG00000264187.1	AC055811.2	chr17	17202649	17237185	3	3	3
ENSG00000154803.13	FLCN	chr17	17212212	17237188	3	3	3
ENSG00000266498.1	AC055811.3	chr17	17235433	17236118	3	3	3
ENSG00000226359.1	ACTG1P24	chr17	17242010	17242886	3	3	3
ENSG00000141030.13	COPS3	chr17	17246616	17281273	3	3	3
ENSG00000205309.14	NT5M	chr17	17303335	17347663	3	3	3
ENSG00000215030.5	RPL13P12	chr17	17383377	17384012	3	3	3
ENSG00000227158.1	AC073621.1	chr17	17422681	17423704	3	3	3
ENSG00000230865.1	TSEN15P1	chr17	17456427	17457259	3	3	3
ENSG00000201741.1	Y_RNA	chr17	17460444	17460522	3	3	3
ENSG00000141026.6	MED9	chr17	17476994	17493221	3	3	3
ENSG00000108551.5	RASD1	chr17	17494437	17496395	3	3	3
ENSG00000286430.1	AC020558.6	chr17	17504005	17512266	3	3	3
ENSG00000133027.18	PEMT	chr17	17505563	17591708	3	3	3
ENSG00000265511.1	AC020558.2	chr17	17507351	17508308	3	3	3
ENSG00000206730.1	RNU6-468P	chr17	17578631	17578739	3	3	3
ENSG00000264666.1	AC020558.1	chr17	17591428	17610485	3	3	3
ENSG00000279200.1	AC020558.5	chr17	17616043	17617745	3	3	3
ENSG00000223979.2	SMCR2	chr17	17674026	17677688	3	3	3
ENSG00000273948.1	AC020558.3	chr17	17675366	17675522	3	3	3
ENSG00000274836.1	AC020558.4	chr17	17676211	17676371	3	3	3
ENSG00000108557.19	RAI1	chr17	17681458	17811453	3	3	3
ENSG00000237328.1	RAI1-AS1	chr17	17759154	17770821	3	3	3
ENSG00000226746.2	SMCR5	chr17	17776686	17779529	3	3	3
ENSG00000264167.1	AC122129.2	chr17	17777781	17779094	3	3	3
ENSG00000072310.17	SREBF1	chr17	17810399	17837011	3	3	3
ENSG00000274111.1	MIR6777	chr17	17813480	17813545	3	3	3
ENSG00000207839.1	MIR33B	chr17	17813836	17813931	3	3	3
ENSG00000175662.18	TOM1L2	chr17	17843511	17972422	3	3	3
ENSG00000197815.4	AC122129.1	chr17	17858227	17860041	3	3	3
ENSG00000171962.18	DRC3	chr17	17972813	18016889	3	3	3
ENSG00000171953.16	ATPAF2	chr17	17977409	18039209	3	3	3
ENSG00000230273.1	BRI3P3	chr17	17981192	17981572	3	3	3
ENSG00000232344.2	AC087163.1	chr17	18010643	18011822	3	3	3
ENSG00000280198.1	AC087163.2	chr17	18026072	18026771	3	3	3
ENSG00000141034.10	GID4	chr17	18039408	18068405	3	3	3
ENSG00000108591.10	DRG2	chr17	18087892	18107970	3	3	3
ENSG00000279428.1	AC087164.2	chr17	18107334	18110463	3	3	3
ENSG00000091536.19	MYO15A	chr17	18108706	18179802	3	3	3
ENSG00000266677.1	AC087164.1	chr17	18172625	18184753	3	3	3
ENSG00000091542.9	ALKBH5	chr17	18183078	18209954	3	3	3
ENSG00000131899.11	LLGL1	chr17	18225635	18244875	3	3	3
ENSG00000177731.16	FLII	chr17	18244815	18258738	3	3	3
ENSG00000177427.13	MIEF2	chr17	18260597	18266552	3	3	3
ENSG00000260647.1	AC127537.1	chr17	18268080	18268828	3	3	3
ENSG00000177302.15	TOP3A	chr17	18271428	18315007	3	3	3
ENSG00000228000.1	RPL7AP65	chr17	18311904	18312651	3	3	3
ENSG00000237382.2	RPL21P121	chr17	18312760	18313533	3	3	3
ENSG00000176994.11	SMCR8	chr17	18315293	18328056	3	3	3
ENSG00000176974.20	SHMT1	chr17	18327860	18363563	3	3	3
ENSG00000283772.1	MIR6778	chr17	18340814	18340886	3	3	3
ENSG00000214860.5	EVPLL	chr17	18377778	18389647	3	3	3
ENSG00000264177.1	AL353997.2	chr17	18379855	18388984	3	3	3
ENSG00000267441.1	AL353997.3	chr17	18388871	18389459	3	3	3
ENSG00000275206.1	AL353997.5	chr17	18390153	18390323	3	3	3
ENSG00000204471.3	TBC1D3P4	chr17	18393480	18400961	3	3	3
ENSG00000220161.4	LINC02076	chr17	18411159	18414380	3	3	3
ENSG00000205266.10	KRT17P5	chr17	18415728	18425097	3	3	3
ENSG00000266162.1	YWHAEP2	chr17	18418195	18418306	3	3	3
ENSG00000186831.11	KRT17P2	chr17	18426861	18431848	3	3	3
ENSG00000214856.11	KRT16P1	chr17	18432051	18442895	3	3	3
ENSG00000229526.2	KRT16P4	chr17	18450244	18475920	3	3	3
ENSG00000227919.1	AL353997.1	chr17	18452955	18453062	3	3	3
ENSG00000267492.1	AL353997.4	chr17	18453574	18453739	3	3	3
ENSG00000230662.1	TNPO1P2	chr17	18460391	18463055	3	3	3
ENSG00000171916.17	LGALS9C	chr17	18476737	18494945	3	3	3
ENSG00000167494.9	NOS2P2	chr17	18497095	18506313	3	3	3
ENSG00000273018.7	FAM106A	chr17	18511221	18551705	3	3	3
ENSG00000233327.11	USP32P2	chr17	18511262	18521252	3	3	3
ENSG00000227689.1	SRP68P2	chr17	18527557	18528461	3	3	3
ENSG00000154874.15	CCDC144B	chr17	18537800	18625617	3	3	3
ENSG00000227077.3	AC107983.1	chr17	18572752	18572961	3	3	3
ENSG00000276532.1	Metazoa_SRP	chr17	18605054	18605356	3	3	3
ENSG00000189375.12	TBC1D28	chr17	18634247	18644427	3	3	3
ENSG00000262262.1	AC026271.2	chr17	18638019	18638370	3	3	3
ENSG00000287058.1	AC026271.4	chr17	18638861	18661950	3	3	3
ENSG00000174977.8	AC026271.1	chr17	18650195	18651542	3	3	3
ENSG00000249459.11	ZNF286B	chr17	18658429	18682228	3	3	3
ENSG00000240445.6	FOXO3B	chr17	18667629	18682314	3	3	3
ENSG00000224126.2	UBE2SP2	chr17	18677261	18677757	3	3	3
ENSG00000108448.21	TRIM16L	chr17	18697998	18736118	3	3	3
ENSG00000265693.1	AC026271.3	chr17	18704640	18704769	3	3	3
ENSG00000171931.13	FBXW10	chr17	18744026	18779349	3	3	3
ENSG00000171928.14	TVP23B	chr17	18781111	18806714	3	3	3
ENSG00000265478.2	AC107982.3	chr17	18809956	18810940	3	3	3
ENSG00000250111.3	AC107982.1	chr17	18835707	18842364	3	3	3
ENSG00000141127.15	PRPSAP2	chr17	18840085	18931287	3	3	3
ENSG00000274747.1	RN7SL627P	chr17	18840618	18840920	3	3	3
ENSG00000264273.1	AC107982.2	chr17	18859354	18861466	3	3	3
ENSG00000235672.1	AC090286.3	chr17	18908279	18908865	3	3	3
ENSG00000212618.1	AC090286.2	chr17	18943999	18944073	3	3	3
ENSG00000154025.16	SLC5A10	chr17	18950345	19022595	3	3	3
ENSG00000196893.3	AC090286.1	chr17	18951625	18954149	3	3	3
ENSG00000188522.15	FAM83G	chr17	18968789	19004764	3	3	3
ENSG00000263045.1	AC090286.4	chr17	18986148	18986334	3	3	3
ENSG00000154016.14	GRAP	chr17	19020656	19047011	3	3	3
ENSG00000279825.1	AC003957.1	chr17	19030857	19033529	3	3	3
ENSG00000265185.6	SNORD3B-1	chr17	19061912	19062669	3	3	3
ENSG00000262074.7	SNORD3B-2	chr17	19063346	19064136	3	3	3
ENSG00000230197.6	AC007952.3	chr17	19077775	19087878	3	3	3
ENSG00000265746.1	KYNUP2	chr17	19082437	19084834	3	3	3
ENSG00000263394.1	AC007952.7	chr17	19091069	19091825	3	3	3
ENSG00000228157.4	AC007952.2	chr17	19092974	19096837	3	3	3
ENSG00000262202.4	AC007952.4	chr17	19112000	19112636	3	3	3
ENSG00000277947.1	SNORD3D	chr17	19112419	19112636	3	3	3
ENSG00000281000.1	SNORD3D	chr17	19112420	19112636	3	3	3
ENSG00000189152.11	GRAPL	chr17	19127535	19159187	3	3	3
ENSG00000262319.1	AC007952.6	chr17	19141017	19143689	3	3	3
ENSG00000266664.1	AC007952.9	chr17	19150279	19151286	3	3	3
ENSG00000197665.7	AC007952.1	chr17	19155727	19159111	3	3	3
ENSG00000262292.2	AC007952.5	chr17	19160789	19162274	3	3	3
ENSG00000266311.6	AC007952.8	chr17	19164209	19174436	3	3	3
ENSG00000261987.2	KYNUP1	chr17	19166896	19169668	3	3	3
ENSG00000263934.5	SNORD3A	chr17	19188016	19188714	3	3	3
ENSG00000264940.5	SNORD3C	chr17	19189665	19190245	3	3	3
ENSG00000236022.6	AC106017.1	chr17	19203825	19214045	3	3	3
ENSG00000263206.1	KYNUP3	chr17	19208584	19211359	3	3	3
ENSG00000072134.15	EPN2	chr17	19215615	19336715	3	3	3
ENSG00000281856.1	AC106017.2	chr17	19219143	19222527	3	3	3
ENSG00000235397.1	EPN2-AS1	chr17	19296596	19306261	3	3	3
ENSG00000108641.19	B9D1	chr17	19334308	19378193	3	3	3
ENSG00000221540.1	MIR1180	chr17	19344506	19344574	3	3	3
ENSG00000286799.1	AC124066.1	chr17	19362760	19370236	3	3	3
ENSG00000166484.20	MAPK7	chr17	19377721	19383544	3	3	3
ENSG00000166482.12	MFAP4	chr17	19383442	19387190	3	3	3
ENSG00000287196.1	AC004448.5	chr17	19403283	19403872	3	3	3
ENSG00000128482.16	RNF112	chr17	19411125	19417276	3	3	3
ENSG00000265126.1	AC004448.3	chr17	19411786	19413118	3	3	3
ENSG00000235979.9	AC004448.2	chr17	19417769	19492991	3	3	3
ENSG00000227078.1	LINC02094	chr17	19419035	19424357	3	3	3
ENSG00000283675.1	AC004448.4	chr17	19420279	19420342	3	3	3
ENSG00000189343.7	RPS2P46	chr17	19445970	19446852	3	3	3
ENSG00000231477.2	AC004448.1	chr17	19457080	19458399	3	3	3
ENSG00000142494.13	SLC47A1	chr17	19495385	19579034	3	3	3
ENSG00000228331.2	RPL17P43	chr17	19496943	19497528	3	3	3
ENSG00000266079.5	SNORA59B	chr17	19557211	19557911	3	3	3
ENSG00000262769.1	AC025627.1	chr17	19560111	19597922	3	3	3
ENSG00000228983.9	SLC47A1P1	chr17	19579943	19596058	3	3	3
ENSG00000263107.1	AC025627.2	chr17	19582116	19582275	3	3	3
ENSG00000266179.2	AC025627.3	chr17	19600860	19601345	3	3	3
ENSG00000271900.1	AC025627.4	chr17	19601840	19602256	3	3	3
ENSG00000227225.1	MTND1P14	chr17	19602259	19603208	3	3	3
ENSG00000242752.3	NMTRQ-TTG12-1	chr17	19603274	19603345	3	3	3
ENSG00000228725.3	MTND2P12	chr17	19603797	19605048	3	3	3
ENSG00000224254.2	MTCO1P39	chr17	19605454	19605933	3	3	3
ENSG00000231625.4	SLC47A1P2	chr17	19615789	19633825	3	3	3
ENSG00000072210.19	ALDH3A2	chr17	19648136	19685760	3	3	3
ENSG00000264932.3	AC115989.1	chr17	19649373	19649935	3	3	3
ENSG00000275982.1	Y_RNA	chr17	19649494	19649587	3	3	3
ENSG00000252349.1	AC005722.2	chr17	19662000	19662090	3	3	3
ENSG00000180638.19	SLC47A2	chr17	19678288	19718979	3	3	3
ENSG00000262681.2	AC005722.3	chr17	19719059	19722428	3	3	3
ENSG00000264785.1	AC005722.4	chr17	19737682	19738542	3	3	3
ENSG00000108602.18	ALDH3A1	chr17	19737984	19748943	3	3	3
ENSG00000230607.3	AC005722.1	chr17	19755244	19756207	3	3	3
ENSG00000083290.20	ULK2	chr17	19770829	19867936	3	3	3
ENSG00000231096.1	NDUFB4P3	chr17	19840126	19840515	3	3	3
ENSG00000279251.1	AC015726.3	chr17	19855747	19856164	3	3	3
ENSG00000276406.1	AC015726.2	chr17	19868568	19868689	3	3	3
ENSG00000270091.1	AC015726.1	chr17	19896590	19897287	3	3	3
ENSG00000108599.15	AKAP10	chr17	19904302	19978343	3	3	3
ENSG00000266126.1	AC005730.3	chr17	19929372	19929737	3	3	3
ENSG00000261033.1	AC005730.2	chr17	20008051	20009234	3	3	3
ENSG00000128487.17	SPECC1	chr17	20008865	20319026	3	3	3
ENSG00000225681.2	AC005730.1	chr17	20056287	20056630	3	3	3
ENSG00000225014.1	KCTD9P1	chr17	20111824	20112990	3	3	3
ENSG00000212186.1	RNU6-258P	chr17	20126388	20126488	3	3	3
ENSG00000263494.1	AC004702.1	chr17	20185082	20322973	3	3	3
ENSG00000252971.1	RNU6-1057P	chr17	20290257	20290358	3	3	3
ENSG00000154898.15	CCDC144CP	chr17	20321164	20403557	3	3	3
ENSG00000276577.1	RNU6-467P	chr17	20323001	20323110	3	3	3
ENSG00000266839.3	AC008088.1	chr17	20323058	20323337	3	3	3
ENSG00000278701.1	Metazoa_SRP	chr17	20340743	20341045	3	3	3
ENSG00000214832.5	UPF3AP2	chr17	20375369	20376840	3	3	3
ENSG00000189423.13	USP32P3	chr17	20408311	20434286	3	3	3
ENSG00000237911.2	SRP68P3	chr17	20415792	20416697	3	3	3
ENSG00000287490.1	AC015818.9	chr17	20416610	20447224	3	3	3
ENSG00000287751.1	AC015818.10	chr17	20417450	20417956	3	3	3
ENSG00000230528.7	NOS2P3	chr17	20436337	20447249	3	3	3
ENSG00000170298.15	LGALS9B	chr17	20449395	20467539	3	3	3
ENSG00000229586.2	TNPO1P3	chr17	20481330	20483991	3	3	3
ENSG00000263976.1	YWHAEP3	chr17	20491323	20491443	3	3	3
ENSG00000230088.1	KRT16P5	chr17	20493634	20494155	3	3	3
ENSG00000214822.8	KRT16P3	chr17	20501513	20512357	3	3	3
ENSG00000266925.1	AC015818.7	chr17	20507413	20508931	3	3	3
ENSG00000231645.3	KRT17P6	chr17	20512560	20517479	3	3	3
ENSG00000205215.8	KRT17P7	chr17	20519312	20528687	3	3	3
ENSG00000266042.1	AC015818.6	chr17	20526102	20526210	3	3	3
ENSG00000260907.1	AC015818.2	chr17	20530042	20530881	3	3	3
ENSG00000265916.1	AC015818.5	chr17	20532248	20532881	3	3	3
ENSG00000235203.2	TBC1D3P3	chr17	20543481	20550963	3	3	3
ENSG00000267075.1	AC015818.8	chr17	20545371	20549952	3	3	3
ENSG00000230339.2	AC015818.1	chr17	20554137	20554380	3	3	3
ENSG00000263946.1	AC015818.3	chr17	20554971	20559410	3	3	3
ENSG00000235323.2	COTL1P2	chr17	20564538	20564889	3	3	3
ENSG00000264422.1	AC015818.4	chr17	20576667	20578748	3	3	3
ENSG00000214819.2	CDRT15L2	chr17	20579724	20580911	3	3	3
ENSG00000231258.2	ZSWIM5P2	chr17	20583758	20591180	3	3	3
ENSG00000188013.6	MEIS3P2	chr17	20589293	20590367	3	3	3
ENSG00000232889.2	AC087499.3	chr17	20595531	20595708	3	3	3
ENSG00000226096.1	AC087499.1	chr17	20609462	20609610	3	3	3
ENSG00000235546.2	AC087499.4	chr17	20612667	20614008	3	3	3
ENSG00000227685.1	LINC02088	chr17	20612912	20633234	3	3	3
ENSG00000266364.1	AC087499.7	chr17	20633034	20633259	3	3	3
ENSG00000236504.2	AC087499.5	chr17	20647287	20681799	3	3	3
ENSG00000264874.1	AC087499.6	chr17	20710425	20710533	3	3	3
ENSG00000226521.7	AC087499.2	chr17	20716481	20737127	3	3	3
ENSG00000187870.7	RNFT1P3	chr17	20743333	20754501	3	3	3
ENSG00000218454.2	HNRNPA1P19	chr17	20771058	20771427	3	3	3
ENSG00000213671.3	OLA1P2	chr17	20775642	20776905	3	3	3
ENSG00000226549.3	SCDP1	chr17	20784645	20785725	3	3	3
ENSG00000264215.1	AC126365.1	chr17	20788071	20789584	3	3	3
ENSG00000264662.1	AC126365.2	chr17	20789217	20789595	3	3	3
ENSG00000226981.2	ABHD17AP6	chr17	20814620	20844257	3	3	3
ENSG00000205212.5	CCDC144NL	chr17	20836447	20896140	3	3	3
ENSG00000266369.1	AC090774.2	chr17	20855946	20857317	3	3	3
ENSG00000233098.9	CCDC144NL-AS1	chr17	20868433	21002276	3	3	3
ENSG00000252483.1	RNU6-1178P	chr17	20894532	20894638	3	3	3
ENSG00000265790.1	RNASEH1P1	chr17	20901939	20902680	3	3	3
ENSG00000265099.1	AC090774.1	chr17	20938023	20938344	3	3	3
ENSG00000244456.2	SPECC1P2	chr17	20956682	20958404	3	3	3
ENSG00000264660.2	AC107926.1	chr17	20963722	20980238	3	3	3
ENSG00000266009.1	AC087393.3	chr17	20981489	20981654	3	3	3
ENSG00000263729.1	AC087393.1	chr17	20983902	20984046	3	3	3
ENSG00000124422.12	USP22	chr17	20999596	21043760	3	3	3
ENSG00000263986.1	AC087393.2	chr17	20999747	21000323	3	3	3
ENSG00000236819.2	LINC01563	chr17	21075362	21092351	3	3	3
ENSG00000109016.17	DHRS7B	chr17	21123364	21193265	3	3	3
ENSG00000178307.10	TMEM11	chr17	21197954	21214176	3	3	3
ENSG00000235530.7	AC087294.1	chr17	21214322	21230035	3	3	3
ENSG00000263815.2	RN7SL426P	chr17	21229334	21229628	3	3	3
ENSG00000274180.1	NATD1	chr17	21238870	21253410	3	3	3
ENSG00000266563.1	EIF1P5	chr17	21259968	21260501	3	3	3
ENSG00000034152.19	MAP2K3	chr17	21284672	21315232	3	3	3
ENSG00000184185.10	KCNJ12	chr17	21376357	21419870	3	3	3
ENSG00000212719.13	LINC02693	chr17	21428263	21574517	3	3	3
ENSG00000287671.1	AC068418.3	chr17	21442805	21451525	3	3	3
ENSG00000265881.1	PDLIM1P2	chr17	21444833	21445439	3	3	3
ENSG00000265043.1	AC068418.2	chr17	21456513	21460215	3	3	3
ENSG00000264023.1	AC068418.1	chr17	21457434	21458989	3	3	3
ENSG00000244582.2	RPL21P120	chr17	21504558	21505059	3	3	3
ENSG00000265265.1	AC233702.5	chr17	21519514	21521269	3	3	3
ENSG00000266466.1	AC233702.7	chr17	21532974	21542786	3	3	3
ENSG00000266673.1	AC233702.8	chr17	21552509	21552711	3	3	3
ENSG00000266050.3	AC233702.6	chr17	21573536	21573746	3	3	3
ENSG00000264245.1	AC233702.3	chr17	21573770	21574073	3	3	3
ENSG00000263375.1	AC233702.2	chr17	21592794	21594180	3	3	3
ENSG00000260157.3	AC233702.1	chr17	21614487	21641536	3	3	3
ENSG00000264617.1	AC233702.4	chr17	21655843	21657633	3	3	3
ENSG00000274748.1	AC233702.9	chr17	21678086	21678418	3	3	3
ENSG00000260458.3	KCNJ18	chr17	21692523	21704612	3	3	3
ENSG00000283566.2	AC243725.1	chr17	21773754	21783465	3	3	3
ENSG00000265233.1	ABBA01006766.1	chr17	22056587	22056755	3	3	3
ENSG00000265019.1	NCOR1P2	chr17	22061961	22070538	3	3	3
ENSG00000263563.6	UBBP4	chr17	22090743	22205154	3	3	3
ENSG00000263725.1	FTLP13	chr17	22221221	22221605	3	3	3
ENSG00000263609.2	LINC02002	chr17	22233926	22266392	3	3	3
ENSG00000264956.2	AC138761.1	chr17	22266395	22288301	3	3	3
ENSG00000266691.1	AC138761.2	chr17	22277867	22279289	3	3	3
ENSG00000178130.9	FAM27E5	chr17	22298691	22299893	3	3	3
ENSG00000266806.1	AC087575.1	chr17	22331597	22332410	3	3	3
ENSG00000276399.1	FLJ36000	chr17	22406019	22413744	3	3	3
ENSG00000261020.1	AC132825.3	chr17	22420022	22424731	3	3	3
ENSG00000266885.2	AC132825.4	chr17	22435390	22439033	3	3	3
ENSG00000283879.1	MTND6P35	chr17	22519195	22519504	3	3	3
ENSG00000266529.1	MTCYBP13	chr17	22519617	22520709	3	3	3
ENSG00000256618.2	MTRNR2L1	chr17	22523111	22524663	3	3	3
ENSG00000243655.2	AC132825.2	chr17	22524563	22525330	3	3	3
ENSG00000264168.2	MTND1P15	chr17	22524738	22525686	3	3	3
ENSG00000263914.1	MTND2P13	chr17	22525899	22526937	3	3	3
ENSG00000240103.2	AC132825.1	chr17	22527324	22529570	3	3	3
ENSG00000241225.2	NMTRS-TGA3-1	chr17	22528853	22528921	3	3	3
ENSG00000263483.1	MTATP6P3	chr17	22529934	22530609	3	3	3
ENSG00000264316.1	MTCO3P13	chr17	22530612	22531392	3	3	3
ENSG00000284300.1	AC132825.6	chr17	22531463	22531797	3	3	3
ENSG00000284328.1	AC132825.7	chr17	22531876	22532172	3	3	3
ENSG00000284263.1	AC132825.5	chr17	22532166	22532522	3	3	3
ENSG00000275480.1	AC131055.2	chr17	22567423	22568713	3	3	3
ENSG00000264930.1	AC131055.1	chr17	22606388	22606703	3	3	3
ENSG00000264970.2	AC131274.3	chr17	22671433	22706703	3	3	3
ENSG00000264262.1	AC131274.1	chr17	22676695	22692618	3	3	3
ENSG00000264431.1	AC131274.2	chr17	22693325	22694831	3	3	3
ENSG00000263433.1	AC069061.1	chr17	26981694	26982090	3	3	3
ENSG00000264734.1	AC069061.2	chr17	26989189	26999941	3	3	3
ENSG00000264172.1	PDLIM1P3	chr17	27002661	27003259	3	3	3
ENSG00000266736.1	GTF2IP6	chr17	27019527	27047934	3	3	3
ENSG00000264837.1	VN1R71P	chr17	27057399	27058221	3	3	3
ENSG00000265646.2	TUFMP1	chr17	27082690	27084036	3	3	3
ENSG00000285822.1	AC129926.2	chr17	27089545	27170310	3	3	3
ENSG00000265246.1	AC129926.1	chr17	27237859	27241661	3	3	3
ENSG00000239223.3	RPL34P31	chr17	27274107	27274477	3	3	3
ENSG00000213664.4	RPS16P8	chr17	27280482	27280912	3	3	3
ENSG00000265453.1	AC026254.1	chr17	27281094	27281415	3	3	3
ENSG00000263583.1	MIR4522	chr17	27293910	27293996	3	3	3
ENSG00000109046.15	WSB1	chr17	27294076	27315926	3	3	3
ENSG00000266313.2	AC026254.2	chr17	27333241	27352828	3	3	3
ENSG00000265683.1	SYPL1P2	chr17	27351858	27352584	3	3	3
ENSG00000266356.1	AC090615.1	chr17	27411438	27412806	3	3	3
ENSG00000266433.6	TBC1D3P5	chr17	27417690	27431623	3	3	3
ENSG00000141068.14	KSR1	chr17	27456470	27626438	3	3	3
ENSG00000265801.1	AC069366.2	chr17	27465112	27465541	3	3	3
ENSG00000263368.1	AC069366.1	chr17	27526386	27527223	3	3	3
ENSG00000266853.1	ITM2BP1	chr17	27612588	27613251	3	3	3
ENSG00000266728.5	AC015688.4	chr17	27623364	27640777	3	3	3
ENSG00000266872.1	AC015688.6	chr17	27625484	27626438	3	3	3
ENSG00000168961.17	LGALS9	chr17	27629798	27649560	3	3	3
ENSG00000265788.2	NOS2P1	chr17	27651334	27665712	3	3	3
ENSG00000265041.1	AC015688.3	chr17	27666749	27672803	3	3	3
ENSG00000266771.1	AC015688.5	chr17	27675894	27675997	3	3	3
ENSG00000264240.1	CPDP1	chr17	27677805	27678087	3	3	3
ENSG00000264689.1	AC015688.2	chr17	27682476	27682737	3	3	3
ENSG00000263604.1	AC015688.1	chr17	27683946	27684144	3	3	3
ENSG00000265833.1	AC130289.1	chr17	27707178	27707250	3	3	3
ENSG00000266416.1	AC130289.2	chr17	27708111	27708138	3	3	3
ENSG00000266786.1	LGALS9DP	chr17	27746132	27754954	3	3	3
ENSG00000007171.18	NOS2	chr17	27756766	27800529	3	3	3
ENSG00000266202.1	AC005697.1	chr17	27798806	27893365	3	3	3
ENSG00000266527.1	AC005697.2	chr17	27874645	27881237	3	3	3
ENSG00000232859.10	LYRM9	chr17	27878314	27894752	3	3	3
ENSG00000260019.2	LINC01992	chr17	27928924	27991787	3	3	3
ENSG00000286589.1	AC005697.3	chr17	27930177	27930920	3	3	3
ENSG00000251818.1	AC090287.1	chr17	28018770	28018907	3	3	3
ENSG00000266190.1	AC090287.2	chr17	28021668	28022265	3	3	3
ENSG00000202389.1	SNORA70	chr17	28022330	28022464	3	3	3
ENSG00000087095.13	NLK	chr17	28041737	28196381	3	3	3
ENSG00000252283.1	Vault	chr17	28061967	28062068	3	3	3
ENSG00000240873.1	RPS29P22	chr17	28116239	28116406	3	3	3
ENSG00000287721.1	AC061975.8	chr17	28204616	28223735	3	3	3
ENSG00000267644.1	AC061975.7	chr17	28219285	28220005	3	3	3
ENSG00000237575.4	PYY2	chr17	28226563	28228065	3	3	3
ENSG00000267259.1	ERVE-1	chr17	28232590	28235281	3	3	3
ENSG00000266830.1	AC061975.6	chr17	28246454	28248006	3	3	3
ENSG00000265060.2	PPY2P	chr17	28247444	28248289	3	3	3
ENSG00000263788.1	AC061975.2	chr17	28256375	28256669	3	3	3
ENSG00000264486.1	AC061975.4	chr17	28256438	28265551	3	3	3
ENSG00000260777.1	AC061975.1	chr17	28263634	28266369	3	3	3
ENSG00000266306.1	AC061975.5	chr17	28269203	28272365	3	3	3
ENSG00000264029.1	AC061975.3	chr17	28274657	28275716	3	3	3
ENSG00000265480.5	KRT18P55	chr17	28275986	28317783	3	3	3
ENSG00000109084.14	TMEM97	chr17	28319200	28328685	3	3	3
ENSG00000109083.14	IFT20	chr17	28328325	28335489	3	3	3
ENSG00000109079.10	TNFAIP1	chr17	28335602	28347009	3	3	3
ENSG00000004142.12	POLDIP2	chr17	28346633	28357527	3	3	3
ENSG00000244045.13	TMEM199	chr17	28357642	28363683	3	3	3
ENSG00000258924.4	AC002094.1	chr17	28357647	28381697	3	3	3
ENSG00000284532.1	MIR4723	chr17	28360654	28360734	3	3	3
ENSG00000265618.1	AC002094.2	chr17	28361601	28362859	3	3	3
ENSG00000274529.5	SEBOX	chr17	28364268	28365244	3	3	3
ENSG00000273171.1	AC002094.3	chr17	28364288	28368012	3	3	3
ENSG00000004139.14	SARM1	chr17	28364356	28404049	3	3	3
ENSG00000109072.14	VTN	chr17	28367284	28373091	3	3	3
ENSG00000277450.1	AC002094.4	chr17	28373256	28373562	3	3	3
ENSG00000279532.1	AC002094.5	chr17	28373673	28374301	3	3	3
ENSG00000076351.13	SLC46A1	chr17	28394642	28407197	3	3	3
ENSG00000265254.1	AC015917.2	chr17	28405240	28406796	3	3	3
ENSG00000265541.1	H3P41	chr17	28416922	28417492	3	3	3
ENSG00000263870.1	AC015917.1	chr17	28444063	28445563	3	3	3
ENSG00000258472.9	AC005726.1	chr17	28455752	28614185	3	3	3
ENSG00000263266.2	RPS7P1	chr17	28467822	28468406	3	3	3
ENSG00000007216.15	SLC13A2	chr17	28473293	28497781	3	3	3
ENSG00000109101.8	FOXN1	chr17	28506243	28538900	3	3	3
ENSG00000109103.12	UNC119	chr17	28546708	28552631	3	3	3
ENSG00000087111.21	PIGS	chr17	28553383	28571794	3	3	3
ENSG00000109107.14	ALDOC	chr17	28573115	28576948	3	3	3
ENSG00000265168.1	AC005726.3	chr17	28573117	28574243	3	3	3
ENSG00000076382.17	SPAG5	chr17	28577565	28599025	3	3	3
ENSG00000227543.5	SPAG5-AS1	chr17	28598790	28617377	3	3	3
ENSG00000167524.16	RSKR	chr17	28601827	28614197	3	3	3
ENSG00000265287.2	AC005726.4	chr17	28607963	28609730	3	3	3
ENSG00000007202.15	KIAA0100	chr17	28614446	28645454	3	3	3
ENSG00000264044.1	AC005726.2	chr17	28633206	28635950	3	3	3
ENSG00000132581.10	SDF2	chr17	28648346	28662189	3	3	3
ENSG00000240494.2	RPS12P28	chr17	28655557	28655983	3	3	3
ENSG00000109111.15	SUPT6H	chr17	28662198	28702679	3	3	3
ENSG00000265205.1	AC010761.3	chr17	28670054	28672804	3	3	3
ENSG00000167525.14	PROCA1	chr17	28703197	28711854	3	3	3
ENSG00000109113.20	RAB34	chr17	28714281	28718429	3	3	3
ENSG00000198242.14	RPL23A	chr17	28719985	28724359	3	3	3
ENSG00000238423.1	SNORD42B	chr17	28720550	28720616	3	3	3
ENSG00000264577.1	AC010761.1	chr17	28721487	28722877	3	3	3
ENSG00000238578.1	SNORD4A	chr17	28722582	28722653	3	3	3
ENSG00000238649.1	SNORD42A	chr17	28723429	28723492	3	3	3
ENSG00000238597.1	SNORD4B	chr17	28723682	28723753	3	3	3
ENSG00000160606.11	TLCD1	chr17	28724348	28727935	3	3	3
ENSG00000160602.14	NEK8	chr17	28725897	28743455	3	3	3
ENSG00000267729.1	AC010761.6	chr17	28727258	28727739	3	3	3
ENSG00000265073.1	AC010761.2	chr17	28732963	28743102	3	3	3
ENSG00000076604.15	TRAF4	chr17	28744005	28750956	3	3	3
ENSG00000265474.1	AC010761.4	chr17	28745569	28747652	3	3	3
ENSG00000265840.1	AC010761.5	chr17	28749731	28750079	3	3	3
ENSG00000173065.13	FAM222B	chr17	28755978	28855232	3	3	3
ENSG00000243053.2	RPL31P58	chr17	28802444	28802822	3	3	3
ENSG00000238516.1	Y_RNA	chr17	28834722	28834822	3	3	3
ENSG00000264138.1	AC024267.2	chr17	28848860	28849592	3	3	3
ENSG00000132591.12	ERAL1	chr17	28855010	28861061	3	3	3
ENSG00000264066.6	AC024267.1	chr17	28861072	28861966	3	3	3
ENSG00000284565.1	MIR451A	chr17	28861369	28861440	3	3	3
ENSG00000283364.1	MIR451B	chr17	28861371	28861438	3	3	3
ENSG00000283819.1	MIR144	chr17	28861533	28861618	3	3	3
ENSG00000284085.1	MIR4732	chr17	28861655	28861730	3	3	3
ENSG00000132589.16	FLOT2	chr17	28879335	28897733	3	3	3
ENSG00000264304.1	AC024267.3	chr17	28892469	28893342	3	3	3
ENSG00000266642.2	AC024267.6	chr17	28897738	28899402	3	3	3
ENSG00000167536.14	DHRS13	chr17	28897781	28903079	3	3	3
ENSG00000109118.14	PHF12	chr17	28905250	28951771	3	3	3
ENSG00000265845.2	AC024267.4	chr17	28926275	28944749	3	3	3
ENSG00000265908.1	AC024267.5	chr17	28944796	28945394	3	3	3
ENSG00000179761.12	PIPOX	chr17	28950513	29057216	3	3	3
ENSG00000063015.20	SEZ6	chr17	28954901	29006440	3	3	3
ENSG00000263613.1	AC024619.2	chr17	29009799	29011009	3	3	3
ENSG00000238007.1	AC024619.1	chr17	29012865	29016512	3	3	3
ENSG00000263781.3	AC024619.4	chr17	29021325	29021640	3	3	3
ENSG00000196535.17	MYO18A	chr17	29071122	29180398	3	3	3
ENSG00000221995.5	TIAF1	chr17	29073521	29078857	3	3	3
ENSG00000263709.1	AC024619.3	chr17	29140483	29155489	3	3	3
ENSG00000264050.1	AC005412.1	chr17	29197071	29197785	3	3	3
ENSG00000178082.6	TWF1P1	chr17	29203426	29204474	3	3	3
ENSG00000108255.8	CRYBA1	chr17	29246859	29254494	3	3	3
ENSG00000108256.9	NUFIP2	chr17	29255839	29294148	3	3	3
ENSG00000239256.1	RPL35AP35	chr17	29340482	29340822	3	3	3
ENSG00000266111.2	AC068025.2	chr17	29352069	29404105	3	3	3
ENSG00000264808.1	AC068025.1	chr17	29369717	29390777	3	3	3
ENSG00000222363.1	RNU4-34P	chr17	29388560	29388683	3	3	3
ENSG00000160551.12	TAOK1	chr17	29390363	29551903	3	3	3
ENSG00000284162.1	MIR4523	chr17	29390662	29390730	3	3	3
ENSG00000253064.1	RNU6-711P	chr17	29424762	29424867	3	3	3
ENSG00000202205.1	RNU6-1034P	chr17	29445300	29445400	3	3	3
ENSG00000168792.5	ABHD15	chr17	29560547	29567037	3	3	3
ENSG00000264031.1	ABHD15-AS1	chr17	29560547	29707090	3	3	3
ENSG00000167543.16	TP53I13	chr17	29566052	29573157	3	3	3
ENSG00000264290.1	AC104564.3	chr17	29569580	29570519	3	3	3
ENSG00000108262.16	GIT1	chr17	29573475	29594054	3	3	3
ENSG00000198720.13	ANKRD13B	chr17	29589769	29614761	3	3	3
ENSG00000264647.1	AC104564.4	chr17	29591703	29592241	3	3	3
ENSG00000167549.18	CORO6	chr17	29614756	29622907	3	3	3
ENSG00000264007.1	AC104564.2	chr17	29621617	29622254	3	3	3
ENSG00000141298.19	SSH2	chr17	29625938	29930276	3	3	3
ENSG00000263370.1	AC104564.1	chr17	29639627	29640825	3	3	3
ENSG00000222858.1	RNU6-920P	chr17	29641611	29641702	3	3	3
ENSG00000265625.1	AC104564.5	chr17	29644796	29645847	3	3	3
ENSG00000240531.1	RPL21P123	chr17	29716279	29716685	3	3	3
ENSG00000263657.1	AC023389.1	chr17	29761103	29787836	3	3	3
ENSG00000265713.1	AC023389.2	chr17	29775747	29776701	3	3	3
ENSG00000252657.1	SNORA70	chr17	29777619	29777744	3	3	3
ENSG00000240074.1	RPL9P30	chr17	29855759	29856332	3	3	3
ENSG00000263477.1	AC104982.2	chr17	29863402	29866092	3	3	3
ENSG00000239129.1	AC104982.1	chr17	29883006	29883109	3	3	3
ENSG00000176927.15	EFCAB5	chr17	29929200	30108452	3	3	3
ENSG00000264435.1	AC104982.3	chr17	29972514	29973027	3	3	3
ENSG00000207011.1	RNY4P13	chr17	30059052	30059147	3	3	3
ENSG00000267482.1	AC104996.3	chr17	30059054	30059147	3	3	3
ENSG00000265289.1	AC104996.1	chr17	30059339	30065677	3	3	3
ENSG00000266876.1	AC104996.2	chr17	30068632	30069631	3	3	3
ENSG00000265394.1	AC104984.2	chr17	30090366	30117497	3	3	3
ENSG00000126653.18	NSRP1	chr17	30115521	30186475	3	3	3
ENSG00000266919.3	hsa-mir-423	chr17	30117079	30117172	3	3	3
ENSG00000283935.1	MIR423	chr17	30117079	30117172	3	3	3
ENSG00000284399.1	MIR3184	chr17	30117086	30117160	3	3	3
ENSG00000265739.1	AC104984.3	chr17	30122429	30126118	3	3	3
ENSG00000266987.1	AC104984.5	chr17	30144062	30144790	3	3	3
ENSG00000108576.10	SLC6A4	chr17	30194319	30236002	3	3	3
ENSG00000264125.1	AC104984.1	chr17	30204318	30206468	3	3	3
ENSG00000266120.1	AC104984.4	chr17	30238741	30252237	3	3	3
ENSG00000252112.1	SNORD63	chr17	30246757	30246820	3	3	3
ENSG00000108578.15	BLMH	chr17	30248203	30292056	3	3	3
ENSG00000222679.1	RNU6-1267P	chr17	30288071	30288177	3	3	3
ENSG00000182271.13	TMIGD1	chr17	30316333	30334059	3	3	3
ENSG00000207132.1	Y_RNA	chr17	30344503	30344604	3	3	3
ENSG00000201255.1	RNU6-990P	chr17	30360463	30360566	3	3	3
ENSG00000108582.12	CPD	chr17	30378927	30469989	3	3	3
ENSG00000108587.16	GOSR1	chr17	30477362	30527592	3	3	3
ENSG00000264958.2	ALOX12P1	chr17	30529688	30542416	3	3	3
ENSG00000263860.1	AC011840.3	chr17	30550493	30551189	3	3	3
ENSG00000279431.1	AC011840.5	chr17	30551193	30551802	3	3	3
ENSG00000266733.7	TBC1D29P	chr17	30553502	30563493	3	3	3
ENSG00000266775.1	AC011840.4	chr17	30557732	30558502	3	3	3
ENSG00000259928.1	AC011840.2	chr17	30564057	30565576	3	3	3
ENSG00000231870.4	KRT17P3	chr17	30567700	30571748	3	3	3
ENSG00000231421.8	AC011840.1	chr17	30573471	30577000	3	3	3
ENSG00000214719.13	AC005562.1	chr17	30576464	30672789	3	3	3
ENSG00000248121.8	SMURF2P1	chr17	30600796	30615980	3	3	3
ENSG00000273609.1	AC005562.2	chr17	30617680	30617790	3	3	3
ENSG00000264943.1	SH3GL1P2	chr17	30624413	30625494	3	3	3
ENSG00000250462.8	LRRC37BP1	chr17	30629680	30637466	3	3	3
ENSG00000241631.3	RN7SL316P	chr17	30702504	30702775	3	3	3
ENSG00000264538.6	SUZ12P1	chr17	30709299	30790908	3	3	3
ENSG00000279337.1	AC127024.7	chr17	30724982	30725181	3	3	3
ENSG00000265443.1	AC127024.3	chr17	30726305	30727564	3	3	3
ENSG00000263603.1	AC127024.2	chr17	30729469	30731202	3	3	3
ENSG00000280069.1	AC127024.8	chr17	30738182	30740275	3	3	3
ENSG00000176390.12	CRLF3	chr17	30769388	30824692	3	3	3
ENSG00000265791.1	AC127024.4	chr17	30781493	30782221	3	3	3
ENSG00000266490.1	AC127024.5	chr17	30792372	30792833	3	3	3
ENSG00000276250.1	AC127024.6	chr17	30803654	30804077	3	3	3
ENSG00000242439.1	AC127024.1	chr17	30830901	30831318	3	3	3
ENSG00000176208.9	ATAD5	chr17	30831966	30895869	3	3	3
ENSG00000265334.1	AC130324.2	chr17	30834325	30863028	3	3	3
ENSG00000212190.1	RNU6-298P	chr17	30861843	30861938	3	3	3
ENSG00000263531.1	AC130324.1	chr17	30863921	30864940	3	3	3
ENSG00000172171.11	TEFM	chr17	30897336	30906238	3	3	3
ENSG00000275185.1	AC130324.3	chr17	30899110	30899651	3	3	3
ENSG00000184060.11	ADAP2	chr17	30906344	30959322	3	3	3
ENSG00000230113.1	AC138207.1	chr17	30956280	30956961	3	3	3
ENSG00000266274.2	RN7SL138P	chr17	30959564	30959850	3	3	3
ENSG00000265743.1	AC138207.5	chr17	30964935	30965500	3	3	3
ENSG00000286194.1	AC138207.9	chr17	30968785	30970307	3	3	3
ENSG00000181481.14	RNF135	chr17	30970984	30999911	3	3	3
ENSG00000264456.1	AC138207.4	chr17	30971652	30973312	3	3	3
ENSG00000264743.2	DPRXP4	chr17	30975387	30975954	3	3	3
ENSG00000266340.1	AC138207.7	chr17	30978610	30980250	3	3	3
ENSG00000264148.1	AC138207.3	chr17	31008154	31008319	3	3	3
ENSG00000266865.6	AC138207.8	chr17	31008497	31093127	3	3	3
ENSG00000265798.6	AC138207.6	chr17	31038575	31059121	3	3	3
ENSG00000264107.1	AC138207.2	chr17	31090787	31095450	3	3	3
ENSG00000265444.1	MIR4733	chr17	31094350	31094425	3	3	3
ENSG00000196712.18	NF1	chr17	31094927	31382116	3	3	3
ENSG00000266371.1	AC079915.1	chr17	31133182	31138518	3	3	3
ENSG00000126861.5	OMG	chr17	31272013	31297539	3	3	3
ENSG00000185862.7	EVI2B	chr17	31303770	31314105	3	3	3
ENSG00000265118.5	AC134669.1	chr17	31305213	31318831	3	3	3
ENSG00000126860.12	EVI2A	chr17	31316410	31321749	3	3	3
ENSG00000263535.2	AK4P1	chr17	31345519	31346190	3	3	3
ENSG00000131242.18	RAB11FIP4	chr17	31391675	31538211	3	3	3
ENSG00000239595.3	RN7SL79P	chr17	31465543	31465832	3	3	3
ENSG00000264862.2	RN7SL45P	chr17	31518432	31518729	3	3	3
ENSG00000278977.1	AC003101.3	chr17	31533171	31533938	3	3	3
ENSG00000284424.1	MIR4724	chr17	31534883	31534971	3	3	3
ENSG00000207614.1	MIR193A	chr17	31559996	31560083	3	3	3
ENSG00000278546.1	AC003101.2	chr17	31560132	31560573	3	3	3
ENSG00000221038.1	RNU6ATAC7P	chr17	31563768	31563894	3	3	3
ENSG00000228768.3	AC003101.1	chr17	31571142	31575659	3	3	3
ENSG00000265976.1	MIR4725	chr17	31575269	31575358	3	3	3
ENSG00000283978.1	MIR365B	chr17	31575411	31575521	3	3	3
ENSG00000266877.1	AC007923.3	chr17	31583162	31637543	3	3	3
ENSG00000266448.1	AC007923.2	chr17	31709568	31709859	3	3	3
ENSG00000202026.1	RNU6-1134P	chr17	31713753	31713853	3	3	3
ENSG00000265863.1	GPR160P2	chr17	31759795	31761385	3	3	3
ENSG00000263567.1	AC007923.1	chr17	31762440	31769048	3	3	3
ENSG00000265046.1	AC004253.2	chr17	31830731	31831750	3	3	3
ENSG00000172301.11	COPRS	chr17	31851871	31859291	3	3	3
ENSG00000108651.10	UTP6	chr17	31860904	31901708	3	3	3
ENSG00000263990.1	AC004253.1	chr17	31873926	31886666	3	3	3
ENSG00000178691.11	SUZ12	chr17	31937007	32001038	3	3	3
ENSG00000253058.1	RNA5SP437	chr17	31963805	31963933	3	3	3
ENSG00000264300.1	AC090616.3	chr17	32003110	32006688	3	3	3
ENSG00000185158.12	LRRC37B	chr17	32007872	32053504	3	3	3
ENSG00000264497.1	AC090616.4	chr17	32024469	32024583	3	3	3
ENSG00000266777.1	SH3GL1P1	chr17	32039974	32042828	3	3	3
ENSG00000278867.1	AC090616.6	chr17	32051030	32053208	3	3	3
ENSG00000264164.1	AC090616.2	chr17	32083179	32097065	3	3	3
ENSG00000266379.6	AC090616.5	chr17	32088160	32094933	3	3	3
ENSG00000263369.6	AC090616.1	chr17	32106330	32114125	3	3	3
ENSG00000265574.1	WDR45BP1	chr17	32111562	32112590	3	3	3
ENSG00000277511.1	AC116407.2	chr17	32127595	32128454	3	3	3
ENSG00000214708.4	AC116407.1	chr17	32141226	32143135	3	3	3
ENSG00000126858.18	RHOT1	chr17	32142454	32253374	3	3	3
ENSG00000265293.2	ARGFXP2	chr17	32150433	32151504	3	3	3
ENSG00000280033.1	AC116407.4	chr17	32159311	32160371	3	3	3
ENSG00000280020.1	AC116407.3	chr17	32178946	32180074	3	3	3
ENSG00000266282.1	UBL5P2	chr17	32227890	32228108	3	3	3
ENSG00000287506.1	AC026620.2	chr17	32258615	32265404	3	3	3
ENSG00000141314.13	RHBDL3	chr17	32265832	32324659	3	3	3
ENSG00000263674.1	AC026620.1	chr17	32280387	32280953	3	3	3
ENSG00000265794.5	AC005899.4	chr17	32324431	32360700	3	3	3
ENSG00000108666.10	C17orf75	chr17	32324565	32350023	3	3	3
ENSG00000265139.1	AC005899.3	chr17	32328441	32329395	3	3	3
ENSG00000263749.2	OOSP1P2	chr17	32343528	32344124	3	3	3
ENSG00000283774.1	MIR632	chr17	32350109	32350202	3	3	3
ENSG00000010244.19	ZNF207	chr17	32350132	32381885	3	3	3
ENSG00000274341.1	AC005899.6	chr17	32408013	32408309	3	3	3
ENSG00000278668.1	AC005899.7	chr17	32410159	32410746	3	3	3
ENSG00000266385.1	AC005899.5	chr17	32411217	32412420	3	3	3
ENSG00000279762.3	AC005899.8	chr17	32423971	32446038	3	3	3
ENSG00000264083.1	AC005899.1	chr17	32430967	32432841	3	3	3
ENSG00000264373.1	AC005899.2	chr17	32434939	32435028	3	3	3
ENSG00000108671.11	PSMD11	chr17	32444379	32483319	3	3	3
ENSG00000202100.1	Y_RNA	chr17	32463374	32463482	3	3	3
ENSG00000176749.9	CDK5R1	chr17	32486993	32491253	3	3	3
ENSG00000176658.17	MYO1D	chr17	32492522	32877177	3	3	3
ENSG00000266718.2	AC079336.5	chr17	32495536	32500910	3	3	3
ENSG00000280245.1	AC079336.7	chr17	32504567	32505644	3	3	3
ENSG00000265222.1	AC079336.2	chr17	32509954	32523424	3	3	3
ENSG00000263717.1	AC079336.1	chr17	32512869	32519350	3	3	3
ENSG00000279781.1	AC079336.6	chr17	32518322	32518934	3	3	3
ENSG00000266599.1	AC079336.4	chr17	32518953	32531492	3	3	3
ENSG00000265337.1	AC079336.3	chr17	32529008	32530049	3	3	3
ENSG00000264458.1	AC025211.1	chr17	32627739	32686484	3	3	3
ENSG00000201178.1	Y_RNA	chr17	32830219	32830329	3	3	3
ENSG00000226377.2	AC084809.1	chr17	32876759	32881070	3	3	3
ENSG00000236377.1	AC084809.2	chr17	32905662	32906584	3	3	3
ENSG00000006042.12	TMEM98	chr17	32927910	32945106	3	3	3
ENSG00000141316.13	SPACA3	chr17	32970376	32997877	3	3	3
ENSG00000108684.15	ASIC2	chr17	33013087	34174964	3	3	3
ENSG00000264598.1	AC003687.1	chr17	33052107	33052867	3	3	3
ENSG00000280349.1	AC008133.2	chr17	33099969	33100319	3	3	3
ENSG00000266535.1	AC008133.1	chr17	33111858	33131743	3	3	3
ENSG00000265544.1	AA06	chr17	33529787	33533760	3	3	3
ENSG00000265697.1	AC011824.3	chr17	33534110	33541339	3	3	3
ENSG00000265125.5	AC011824.2	chr17	33565764	33624122	3	3	3
ENSG00000265115.1	AC011824.1	chr17	33627027	33635057	3	3	3
ENSG00000264643.1	AC024614.1	chr17	33680577	33680883	3	3	3
ENSG00000265689.1	AC024614.2	chr17	33688803	33689174	3	3	3
ENSG00000283381.1	AC024614.3	chr17	33692229	33692484	3	3	3
ENSG00000283417.1	AC024614.4	chr17	33791838	33816761	3	3	3
ENSG00000279668.3	AC024610.2	chr17	33827699	34079100	3	3	3
ENSG00000265356.2	AC004147.4	chr17	33935437	34156000	3	3	3
ENSG00000263435.1	AC024610.1	chr17	33976531	33980851	3	3	3
ENSG00000279674.1	AC123769.1	chr17	34000789	34006772	3	3	3
ENSG00000226049.3	TLK2P1	chr17	34036681	34039872	3	3	3
ENSG00000263485.1	AC004147.1	chr17	34080882	34082224	3	3	3
ENSG00000265775.1	AC004147.5	chr17	34118347	34118882	3	3	3
ENSG00000252370.1	RNA5SP438	chr17	34120056	34120167	3	3	3
ENSG00000264791.1	AC004147.3	chr17	34142947	34147047	3	3	3
ENSG00000263571.3	AC004147.2	chr17	34155566	34165736	3	3	3
ENSG00000261156.6	LINC01989	chr17	34169372	34195937	3	3	3
ENSG00000264990.1	AC005549.1	chr17	34176538	34178166	3	3	3
ENSG00000108691.9	CCL2	chr17	34255218	34257203	3	3	3
ENSG00000108688.11	CCL7	chr17	34270221	34272242	3	3	3
ENSG00000172156.4	CCL11	chr17	34285742	34288334	3	3	3
ENSG00000108700.5	CCL8	chr17	34319435	34321402	3	3	3
ENSG00000265614.1	AC011193.2	chr17	34331862	34332228	3	3	3
ENSG00000181374.8	CCL13	chr17	34356480	34358610	3	3	3
ENSG00000108702.4	CCL1	chr17	34360328	34363233	3	3	3
ENSG00000225582.2	AC011193.1	chr17	34479272	34482148	3	3	3
ENSG00000197322.4	C17orf102	chr17	34574123	34579369	3	3	3
ENSG00000181291.8	TMEM132E	chr17	34579487	34639318	3	3	3
ENSG00000278860.1	AC005691.1	chr17	34614409	34614809	3	3	3
ENSG00000264174.1	AC005552.1	chr17	34725509	34726170	3	3	3
ENSG00000264622.1	AC022903.1	chr17	34837871	34859046	3	3	3
ENSG00000132141.14	CCT6B	chr17	34927859	34981078	3	3	3
ENSG00000285559.1	AC022903.2	chr17	34937306	34938604	3	3	3
ENSG00000198783.6	ZNF830	chr17	34961540	34963777	3	3	3
ENSG00000005156.12	LIG3	chr17	34980512	35009743	3	3	3
ENSG00000092871.17	RFFL	chr17	35005990	35089319	3	3	3
ENSG00000267618.5	AC004223.3	chr17	35011349	35121493	3	3	3
ENSG00000273687.1	AC004223.4	chr17	35018660	35018991	3	3	3
ENSG00000267457.1	AC004223.2	chr17	35073831	35074374	3	3	3
ENSG00000243423.1	AC004223.1	chr17	35076737	35077007	3	3	3
ENSG00000185379.20	RAD51D	chr17	35092208	35121522	3	3	3
ENSG00000253084.3	RNU6-840P	chr17	35093909	35093973	3	3	3
ENSG00000252328.1	Vault	chr17	35097560	35097657	3	3	3
ENSG00000073598.6	FNDC8	chr17	35121615	35130732	3	3	3
ENSG00000073536.18	NLE1	chr17	35128730	35142304	3	3	3
ENSG00000141161.12	UNC45B	chr17	35147817	35189345	3	3	3
ENSG00000267782.1	AC022916.4	chr17	35164243	35167012	3	3	3
ENSG00000266981.1	AC022916.2	chr17	35188522	35191343	3	3	3
ENSG00000267744.1	AC022916.3	chr17	35190961	35191702	3	3	3
ENSG00000164729.7	SLC35G3	chr17	35192520	35194523	3	3	3
ENSG00000266947.1	AC022916.1	chr17	35231450	35242963	3	3	3
ENSG00000166750.10	SLFN5	chr17	35243071	35273655	3	3	3
ENSG00000267364.2	AC022706.1	chr17	35313479	35325449	3	3	3
ENSG00000267271.1	AC060766.2	chr17	35344231	35344564	3	3	3
ENSG00000172716.16	SLFN11	chr17	35350305	35373701	3	3	3
ENSG00000267315.1	AC060766.3	chr17	35377416	35377678	3	3	3
ENSG00000267711.1	AC060766.6	chr17	35400878	35403006	3	3	3
ENSG00000267547.1	AC060766.4	chr17	35403837	35404373	3	3	3
ENSG00000267745.1	AC060766.7	chr17	35406684	35409768	3	3	3
ENSG00000267648.1	AC060766.5	chr17	35406948	35407818	3	3	3
ENSG00000267102.1	AC060766.1	chr17	35409602	35410228	3	3	3
ENSG00000172123.13	SLFN12	chr17	35410922	35433283	3	3	3
ENSG00000154760.14	SLFN13	chr17	35435096	35448837	3	3	3
ENSG00000267312.1	AC015911.4	chr17	35459481	35460550	3	3	3
ENSG00000205045.11	SLFN12L	chr17	35464249	35487857	3	3	3
ENSG00000267554.1	AC015911.7	chr17	35470069	35470628	3	3	3
ENSG00000286065.2	SLFN12L	chr17	35474904	35537861	3	3	3
ENSG00000267349.1	AC015911.5	chr17	35477994	35478444	3	3	3
ENSG00000267046.1	E2F3P1	chr17	35490009	35491238	3	3	3
ENSG00000267369.1	TAF5LP1	chr17	35498218	35499175	3	3	3
ENSG00000267074.1	AC015911.3	chr17	35499690	35510270	3	3	3
ENSG00000255987.1	TOMM20P2	chr17	35514766	35515186	3	3	3
ENSG00000286030.2	AC015911.9	chr17	35522279	35522969	3	3	3
ENSG00000267035.1	AC015911.2	chr17	35540039	35540797	3	3	3
ENSG00000236320.4	SLFN14	chr17	35543985	35560819	3	3	3
ENSG00000267359.1	AC015911.6	chr17	35553205	35554767	3	3	3
ENSG00000267625.1	AC015911.8	chr17	35561539	35562077	3	3	3
ENSG00000242660.1	AC015911.1	chr17	35566517	35566672	3	3	3
ENSG00000267321.3	SNHG30	chr17	35568076	35574900	3	3	3
ENSG00000207297.1	SNORD7	chr17	35573657	35573753	3	3	3
ENSG00000108733.11	PEX12	chr17	35574795	35578863	3	3	3
ENSG00000006125.18	AP2B1	chr17	35578046	35726413	3	3	3
ENSG00000267592.1	AC004134.1	chr17	35596904	35597128	3	3	3
ENSG00000270647.6	TAF15	chr17	35713791	35864615	3	3	3
ENSG00000270885.2	RASL10B	chr17	35731639	35743521	3	3	3
ENSG00000270765.6	GAS2L2	chr17	35744511	35753239	3	3	3
ENSG00000271447.6	MMP28	chr17	35756249	35795707	3	3	3
ENSG00000271392.1	AC006237.1	chr17	35757199	35758325	3	3	3
ENSG00000270806.2	C17orf50	chr17	35760887	35765079	3	3	3
ENSG00000270829.1	AC015849.2	chr17	35808489	35808897	3	3	3
ENSG00000270871.1	AC015849.3	chr17	35816717	35830293	3	3	3
ENSG00000270894.1	AC015849.4	chr17	35818399	35823713	3	3	3
ENSG00000270379.6	HEATR9	chr17	35854946	35868891	3	3	3
ENSG00000271268.1	AC015849.6	chr17	35861093	35861566	3	3	3
ENSG00000270240.2	AC015849.1	chr17	35868967	35885863	3	3	3
ENSG00000271503.6	CCL5	chr17	35871491	35880793	3	3	3
ENSG00000271394.1	7SK	chr17	35889558	35889804	3	3	3
ENSG00000270977.2	AC015849.5	chr17	35893707	35911651	3	3	3
ENSG00000271013.1	LRRC37A9P	chr17	35912635	35918010	3	3	3
ENSG00000278023.7	RDM1	chr17	35918066	35930773	3	3	3
ENSG00000275722.5	LYZL6	chr17	35934518	35943713	3	3	3
ENSG00000273736.1	AC244100.1	chr17	35963488	35965472	3	3	3
ENSG00000275152.5	CCL16	chr17	35976493	35981497	3	3	3
ENSG00000276409.5	CCL14	chr17	35983288	35987004	3	3	3
ENSG00000275431.1	AC244100.2	chr17	35983656	35990270	3	3	3
ENSG00000275688.4	CCL15-CCL14	chr17	35983656	36001621	3	3	3
ENSG00000275718.2	CCL15	chr17	35996440	36001553	3	3	3
ENSG00000275944.1	AC244100.3	chr17	36001419	36011618	3	3	3
ENSG00000278690.1	AC244100.4	chr17	36012504	36012891	3	3	3
ENSG00000274736.5	CCL23	chr17	36013056	36017972	3	3	3
ENSG00000275385.2	CCL18	chr17	36064272	36072032	3	3	3
ENSG00000277089.4	AC243829.4	chr17	36072866	36090134	3	3	3
ENSG00000277632.2	CCL3	chr17	36088256	36090169	3	3	3
ENSG00000275302.2	CCL4	chr17	36103827	36105621	3	3	3
ENSG00000276014.1	RN7SL301P	chr17	36110150	36110447	3	3	3
ENSG00000276241.1	AC243829.2	chr17	36116177	36177510	3	3	3
ENSG00000282738.1	AC243829.7	chr17	36161607	36162926	3	3	3
ENSG00000274808.5	TBC1D3B	chr17	36165681	36176636	3	3	3
ENSG00000274767.1	AC243829.1	chr17	36183235	36196471	3	3	3
ENSG00000276085.1	CCL3L3	chr17	36194869	36196758	3	3	3
ENSG00000276070.5	CCL4L2	chr17	36210924	36212878	3	3	3
ENSG00000278097.1	AC243829.5	chr17	36225246	36226807	3	3	3
ENSG00000276755.1	AC243829.3	chr17	36234447	36234554	3	3	3
ENSG00000278395.1	AC243829.6	chr17	36241701	36241806	3	3	3
ENSG00000274933.5	TBC1D3I	chr17	36253456	36264553	3	3	3
ENSG00000261499.2	AC233699.1	chr17	36274191	36320547	3	3	3
ENSG00000265889.1	Y_RNA	chr17	36285312	36285413	3	3	3
ENSG00000260287.4	TBC1D3G	chr17	36323884	36334759	3	3	3
ENSG00000274226.5	TBC1D3H	chr17	36377531	36388423	3	3	3
ENSG00000277029.1	RNU6-1192P	chr17	36404826	36404932	3	3	3
ENSG00000275954.5	TBC1D3F	chr17	36428618	36439566	3	3	3
ENSG00000274658.1	TBC1D3J	chr17	36450146	36457535	3	3	3
ENSG00000273611.5	ZNHIT3	chr17	36486629	36499310	3	3	3
ENSG00000274164.1	RNA5SP439	chr17	36491199	36491322	3	3	3
ENSG00000278259.4	MYO19	chr17	36495633	36543435	3	3	3
ENSG00000277161.2	PIGW	chr17	36534987	36539310	3	3	3
ENSG00000278311.5	GGNBP2	chr17	36544912	36589848	3	3	3
ENSG00000274756.1	AC243732.1	chr17	36574462	36575325	3	3	3
ENSG00000278535.5	DHRS11	chr17	36591879	36600804	3	3	3
ENSG00000278619.5	MRM1	chr17	36601583	36608964	3	3	3
ENSG00000275720.1	AC243830.2	chr17	36634069	36634698	3	3	3
ENSG00000276508.1	AC243830.3	chr17	36684754	36685129	3	3	3
ENSG00000275613.2	AC243830.1	chr17	36722443	36726346	3	3	3
ENSG00000277268.2	LHX1-DT	chr17	36861674	36936670	3	3	3
ENSG00000273706.5	LHX1	chr17	36936785	36944612	3	3	3
ENSG00000276707.1	AC243773.1	chr17	36940049	36943456	3	3	3
ENSG00000275700.5	AATF	chr17	36948954	37056871	3	3	3
ENSG00000277911.1	AC243773.2	chr17	36980167	36980422	3	3	3
ENSG00000277589.1	AC244093.4	chr17	36998598	37000034	3	3	3
ENSG00000276326.1	MIR2909	chr17	37033745	37033813	3	3	3
ENSG00000277579.1	AC244093.3	chr17	37034668	37043252	3	3	3
ENSG00000278638.2	AC244093.5	chr17	37045228	37052890	3	3	3
ENSG00000278540.5	ACACA	chr17	37084992	37406836	3	3	3
ENSG00000274308.1	AC244093.1	chr17	37140611	37141424	3	3	3
ENSG00000275029.1	HMGB1P24	chr17	37143607	37144463	3	3	3
ENSG00000276810.1	AC244093.2	chr17	37162616	37163139	3	3	3
ENSG00000278505.5	C17orf78	chr17	37375985	37392708	3	3	3
ENSG00000276054.1	AC243654.3	chr17	37386886	37387926	3	3	3
ENSG00000276234.5	TADA2A	chr17	37406886	37479725	3	3	3
ENSG00000273965.1	AC243654.1	chr17	37407936	37408594	3	3	3
ENSG00000275839.1	AC243654.2	chr17	37454171	37454931	3	3	3
ENSG00000276023.5	DUSP14	chr17	37489891	37513501	3	3	3
ENSG00000275066.5	SYNRG	chr17	37514807	37609472	3	3	3
ENSG00000277688.1	AC243585.2	chr17	37609739	37613841	3	3	3
ENSG00000278053.5	DDX52	chr17	37609739	37643446	3	3	3
ENSG00000274620.1	MIR378J	chr17	37614931	37615039	3	3	3
ENSG00000277501.1	AC243571.2	chr17	37642947	37684252	3	3	3
ENSG00000274244.1	AC243585.1	chr17	37649133	37650894	3	3	3
ENSG00000275410.5	HNF1B	chr17	37686431	37745105	3	3	3
ENSG00000275173.1	AC243571.1	chr17	37798894	37802788	3	3	3
ENSG00000276715.4	YWHAEP7	chr17	37828305	37884743	3	3	3
ENSG00000277341.1	RNU6-489P	chr17	37907957	37908063	3	3	3
ENSG00000273513.1	TBC1D3K	chr17	37924415	37935365	3	3	3
ENSG00000277488.1	5S_rRNA	chr17	37940704	37940790	3	3	3
ENSG00000274512.5	TBC1D3L	chr17	37977972	37989048	3	3	3
ENSG00000274419.6	TBC1D3D	chr17	38003976	38014902	3	3	3
ENSG00000278299.5	TBC1D3C	chr17	38057693	38068592	3	3	3
ENSG00000274615.1	AC233968.1	chr17	38078262	38124770	3	3	3
ENSG00000275006.1	Y_RNA	chr17	38089399	38089500	3	3	3
ENSG00000278599.5	TBC1D3E	chr17	38127951	38138862	3	3	3
ENSG00000274663.1	RNA5SP526	chr17	38144201	38144287	3	3	3
ENSG00000274611.3	TBC1D3	chr17	38181659	38192541	3	3	3
ENSG00000274487.2	NPEPPSP1	chr17	38195703	38257192	3	3	3
ENSG00000274284.1	Y_RNA	chr17	38231043	38231144	3	3	3
ENSG00000278845.5	MRPL45	chr17	38297023	38323217	3	3	3
ENSG00000277399.5	GPR179	chr17	38324571	38343956	3	3	3
ENSG00000274211.6	SOCS7	chr17	38351844	38405593	3	3	3
ENSG00000275832.5	ARHGAP23	chr17	38419280	38512385	3	3	3
ENSG00000276170.4	AC244153.1	chr17	38450394	38452444	3	3	3
ENSG00000277363.5	SRCIN1	chr17	38530031	38605952	3	3	3
ENSG00000274996.1	AC006449.1	chr17	38601049	38602701	3	3	3
ENSG00000273604.2	EPOP	chr17	38671703	38674957	3	3	3
ENSG00000275238.1	MIR4734	chr17	38702262	38702331	3	3	3
ENSG00000277969.1	AC006449.6	chr17	38702452	38704747	3	3	3
ENSG00000275532.1	AC006449.2	chr17	38703480	38706261	3	3	3
ENSG00000275023.5	MLLT6	chr17	38705273	38729795	3	3	3
ENSG00000275665.1	AC006449.3	chr17	38715328	38720272	3	3	3
ENSG00000273627.1	MIR4726	chr17	38719691	38719748	3	3	3
ENSG00000279119.1	AC006449.7	chr17	38727833	38728198	3	3	3
ENSG00000277972.2	CISD3	chr17	38730341	38735605	3	3	3
ENSG00000276036.1	RNA5SP440	chr17	38731802	38731920	3	3	3
ENSG00000277258.5	PCGF2	chr17	38733898	38749817	3	3	3
ENSG00000277182.1	AC006449.5	chr17	38749360	38751457	3	3	3
ENSG00000277791.5	PSMB3	chr17	38752741	38764225	3	3	3
ENSG00000274607.1	RNU6-866P	chr17	38755279	38755400	3	3	3
ENSG00000276293.4	PIP4K2B	chr17	38765689	38800126	3	3	3
ENSG00000273559.5	CWC25	chr17	38800441	38825355	3	3	3
ENSG00000274054.1	MIR4727	chr17	38825838	38825892	3	3	3
ENSG00000275489.2	C17orf98	chr17	38835086	38841438	3	3	3
ENSG00000125691.14	RPL23	chr17	38847860	38853764	3	3	3
ENSG00000252699.1	SNORA21B	chr17	38851524	38851659	3	3	3
ENSG00000199293.1	SNORA21	chr17	38852863	38852994	3	3	3
ENSG00000244086.1	AC110749.1	chr17	38855314	38855670	3	3	3
ENSG00000002834.18	LASP1	chr17	38869859	38921770	3	3	3
ENSG00000263466.1	AC006441.1	chr17	38903704	38904600	3	3	3
ENSG00000277057.1	MIR6779	chr17	38914979	38915042	3	3	3
ENSG00000265784.1	AC006441.3	chr17	38918801	38921769	3	3	3
ENSG00000263874.2	LINC00672	chr17	38925168	38929384	3	3	3
ENSG00000204952.3	FBXO47	chr17	38936432	38967403	3	3	3
ENSG00000265428.1	AC006441.2	chr17	38996323	38996624	3	3	3
ENSG00000266588.1	AC006441.4	chr17	39003248	39013032	3	3	3
ENSG00000277426.1	AC006441.5	chr17	39023394	39026742	3	3	3
ENSG00000266013.1	LINC02079	chr17	39026715	39027110	3	3	3
ENSG00000214553.10	LRRC37A11P	chr17	39027277	39053205	3	3	3
ENSG00000266048.1	AC091178.1	chr17	39033926	39034042	3	3	3
ENSG00000263818.5	RDM1P5	chr17	39057019	39113190	3	3	3
ENSG00000161381.14	PLXDC1	chr17	39063313	39154394	3	3	3
ENSG00000286443.1	AC091178.2	chr17	39086976	39091942	3	3	3
ENSG00000141748.13	ARL5C	chr17	39156894	39167484	3	3	3
ENSG00000280177.1	AC004408.2	chr17	39165073	39167849	3	3	3
ENSG00000266101.1	AC004408.1	chr17	39173290	39177503	3	3	3
ENSG00000067191.16	CACNB1	chr17	39173453	39197703	3	3	3
ENSG00000108298.12	RPL19	chr17	39200283	39204840	3	3	3
ENSG00000141750.7	STAC2	chr17	39210541	39225945	3	3	3
ENSG00000265460.6	AC015910.1	chr17	39238466	39250818	3	3	3
ENSG00000108306.13	FBXL20	chr17	39252663	39402523	3	3	3
ENSG00000266469.2	AC005288.1	chr17	39401793	39406233	3	3	3
ENSG00000125686.12	MED1	chr17	39404285	39451272	3	3	3
ENSG00000167258.15	CDK12	chr17	39461486	39564907	3	3	3
ENSG00000222777.1	RNU6-233P	chr17	39546104	39546244	3	3	3
ENSG00000273576.1	AC009283.1	chr17	39566915	39567559	3	3	3
ENSG00000171532.5	NEUROD2	chr17	39603536	39609777	3	3	3
ENSG00000214546.4	AC087491.1	chr17	39619613	39622770	3	3	3
ENSG00000131771.14	PPP1R1B	chr17	39626740	39636626	3	3	3
ENSG00000131748.16	STARD3	chr17	39637090	39664201	3	3	3
ENSG00000173991.6	TCAP	chr17	39665349	39666554	3	3	3
ENSG00000141744.4	PNMT	chr17	39667981	39670475	3	3	3
ENSG00000161395.14	PGAP3	chr17	39671122	39696797	3	3	3
ENSG00000141736.14	ERBB2	chr17	39687914	39730426	3	3	3
ENSG00000265178.1	MIR4728	chr17	39726495	39726561	3	3	3
ENSG00000141741.12	MIEN1	chr17	39728496	39730532	3	3	3
ENSG00000141738.14	GRB7	chr17	39737927	39747291	3	3	3
ENSG00000161405.17	IKZF3	chr17	39757718	39864312	3	3	3
ENSG00000264663.1	KRT8P34	chr17	39835037	39836080	3	3	3
ENSG00000226117.1	AC090844.1	chr17	39839369	39839524	3	3	3
ENSG00000186075.13	ZPBP2	chr17	39868202	39877896	3	3	3
ENSG00000073605.18	GSDMB	chr17	39904595	39919854	3	3	3
ENSG00000172057.10	ORMDL3	chr17	39921041	39927601	3	3	3
ENSG00000264968.1	AC090844.2	chr17	39927742	39939601	3	3	3
ENSG00000204913.6	LRRC3C	chr17	39941474	39944734	3	3	3
ENSG00000167914.12	GSDMA	chr17	39953263	39977768	3	3	3
ENSG00000108344.15	PSMD3	chr17	39980807	39997959	3	3	3
ENSG00000265799.1	AC090844.3	chr17	40012226	40014705	3	3	3
ENSG00000108342.13	CSF3	chr17	40015361	40017813	3	3	3
ENSG00000008838.20	MED24	chr17	40019097	40061215	3	3	3
ENSG00000283721.1	MIR6884	chr17	40026332	40026409	3	3	3
ENSG00000238793.1	SNORD124	chr17	40027542	40027645	3	3	3
ENSG00000126351.13	THRA	chr17	40058290	40093867	3	3	3
ENSG00000126368.6	NR1D1	chr17	40092793	40100589	3	3	3
ENSG00000279199.1	AC068669.1	chr17	40113215	40115442	3	3	3
ENSG00000188895.12	MSL1	chr17	40121971	40136917	3	3	3
ENSG00000108349.17	CASC3	chr17	40140318	40172171	3	3	3
ENSG00000284144.1	MIR6866	chr17	40161933	40162001	3	3	3
ENSG00000108352.13	RAPGEFL1	chr17	40177010	40195656	3	3	3
ENSG00000274621.1	MIR6867	chr17	40193597	40193663	3	3	3
ENSG00000171475.14	WIPF2	chr17	40219304	40284136	3	3	3
ENSG00000094804.12	CDC6	chr17	40287879	40304657	3	3	3
ENSG00000131759.18	RARA	chr17	40309180	40357643	3	3	3
ENSG00000287644.1	AC080112.4	chr17	40317698	40318676	3	3	3
ENSG00000265666.1	RARA-AS1	chr17	40340867	40343136	3	3	3
ENSG00000278918.1	AC080112.3	chr17	40348049	40350539	3	3	3
ENSG00000183153.7	GJD3	chr17	40360652	40364737	3	3	3
ENSG00000266208.1	AC080112.1	chr17	40360655	40364693	3	3	3
ENSG00000264655.1	PPIAP54	chr17	40367952	40368438	3	3	3
ENSG00000252618.1	RNA5SP441	chr17	40374089	40374176	3	3	3
ENSG00000278346.1	AC080112.2	chr17	40380666	40381838	3	3	3
ENSG00000131747.15	TOP2A	chr17	40388525	40417896	3	3	3
ENSG00000222881.1	Y_RNA	chr17	40391232	40391338	3	3	3
ENSG00000240125.1	RPL23AP75	chr17	40439467	40439917	3	3	3
ENSG00000141753.7	IGFBP4	chr17	40443450	40457725	3	3	3
ENSG00000279806.1	AC018629.1	chr17	40473554	40475289	3	3	3
ENSG00000131746.13	TNS4	chr17	40475828	40501623	3	3	3
ENSG00000266088.6	AC004585.1	chr17	40516892	40527002	3	3	3
ENSG00000126353.3	CCR7	chr17	40553769	40565472	3	3	3
ENSG00000279775.1	AC004585.2	chr17	40597113	40598585	3	3	3
ENSG00000073584.20	SMARCE1	chr17	40624962	40648654	3	3	3
ENSG00000264058.2	AC073508.2	chr17	40627356	40665141	3	3	3
ENSG00000278834.1	AC073508.3	chr17	40648300	40649718	3	3	3
ENSG00000213424.9	KRT222	chr17	40654665	40665181	3	3	3
ENSG00000224244.1	AC073508.1	chr17	40687038	40689360	3	3	3
ENSG00000167916.5	KRT24	chr17	40697991	40703752	3	3	3
ENSG00000229028.2	KRT223P	chr17	40717235	40721932	3	3	3
ENSG00000204897.7	KRT25	chr17	40748021	40755331	3	3	3
ENSG00000186393.5	KRT26	chr17	40766238	40772162	3	3	3
ENSG00000171446.7	KRT27	chr17	40776808	40782550	3	3	3
ENSG00000173908.9	KRT28	chr17	40792196	40799959	3	3	3
ENSG00000264488.1	AC090283.1	chr17	40803744	40809296	3	3	3
ENSG00000186395.8	KRT10	chr17	40818117	40822614	3	3	3
ENSG00000167920.10	TMEM99	chr17	40819106	40836270	3	3	3
ENSG00000265359.1	AC004231.4	chr17	40850800	40863282	3	3	3
ENSG00000187242.6	KRT12	chr17	40861303	40867223	3	3	3
ENSG00000171431.4	KRT20	chr17	40875889	40885242	3	3	3
ENSG00000234477.1	AC004231.1	chr17	40921430	40975926	3	3	3
ENSG00000108244.17	KRT23	chr17	40922700	40937646	3	3	3
ENSG00000196859.8	KRT39	chr17	40958417	40966948	3	3	3
ENSG00000204889.10	KRT40	chr17	40977716	40987135	3	3	3
ENSG00000212899.3	KRTAP3-3	chr17	40993430	40994164	3	3	3
ENSG00000212900.3	KRTAP3-2	chr17	40999193	40999906	3	3	3
ENSG00000226776.1	KRTAP3-4P	chr17	41004481	41004760	3	3	3
ENSG00000212901.4	KRTAP3-1	chr17	41008521	41019324	3	3	3
ENSG00000221852.5	KRTAP1-5	chr17	41026026	41027208	3	3	3
ENSG00000204887.4	KRTAP1-4	chr17	41029697	41030104	3	3	3
ENSG00000221880.4	KRTAP1-3	chr17	41033884	41034874	3	3	3
ENSG00000188581.9	KRTAP1-1	chr17	41040541	41041450	3	3	3
ENSG00000212725.3	KRTAP2-1	chr17	41046541	41047316	3	3	3
ENSG00000214518.3	KRTAP2-2	chr17	41054498	41055230	3	3	3
ENSG00000212724.3	KRTAP2-3	chr17	41059240	41060114	3	3	3
ENSG00000213417.3	KRTAP2-4	chr17	41065116	41065879	3	3	3
ENSG00000237230.1	KRTAP2-5P	chr17	41071946	41072341	3	3	3
ENSG00000240871.5	KRTAP4-7	chr17	41084150	41085141	3	3	3
ENSG00000287602.1	AC100808.1	chr17	41090338	41093246	3	3	3
ENSG00000204880.8	KRTAP4-8	chr17	41096981	41098142	3	3	3
ENSG00000241241.1	KRTAP4-16	chr17	41101502	41102209	3	3	3
ENSG00000212722.7	KRTAP4-9	chr17	41105332	41106488	3	3	3
ENSG00000212721.4	KRTAP4-11	chr17	41117181	41118373	3	3	3
ENSG00000213416.4	KRTAP4-12	chr17	41123091	41124182	3	3	3
ENSG00000198090.3	KRTAP4-6	chr17	41139433	41140487	3	3	3
ENSG00000198271.5	KRTAP4-5	chr17	41148924	41149825	3	3	3
ENSG00000171396.12	KRTAP4-4	chr17	41159649	41160748	3	3	3
ENSG00000196156.5	KRTAP4-3	chr17	41167231	41168221	3	3	3
ENSG00000244537.3	KRTAP4-2	chr17	41177446	41178221	3	3	3
ENSG00000198443.6	KRTAP4-1	chr17	41184102	41185342	3	3	3
ENSG00000251439.1	KRTAP4-17P	chr17	41186944	41187136	3	3	3
ENSG00000240542.4	KRTAP9-1	chr17	41189887	41190639	3	3	3
ENSG00000248807.1	KRTAP9-12P	chr17	41212706	41213237	3	3	3
ENSG00000239886.5	KRTAP9-2	chr17	41226648	41227652	3	3	3
ENSG00000204873.5	KRTAP9-3	chr17	41232449	41233454	3	3	3
ENSG00000187272.7	KRTAP9-8	chr17	41237999	41239004	3	3	3
ENSG00000241595.2	KRTAP9-4	chr17	41249687	41250653	3	3	3
ENSG00000198083.9	KRTAP9-9	chr17	41255384	41256364	3	3	3
ENSG00000212659.1	KRTAP9-6	chr17	41265339	41266641	3	3	3
ENSG00000229351.1	KRTAP9-11P	chr17	41271311	41271835	3	3	3
ENSG00000180386.7	KRTAP9-7	chr17	41275659	41276697	3	3	3
ENSG00000237183.1	KRTAP9-10P	chr17	41280604	41280810	3	3	3
ENSG00000212658.1	KRTAP29-1	chr17	41301826	41302851	3	3	3
ENSG00000212657.1	KRTAP16-1	chr17	41307700	41309253	3	3	3
ENSG00000186860.5	KRTAP17-1	chr17	41314912	41315710	3	3	3
ENSG00000233014.1	TBC1D3P7	chr17	41323427	41329545	3	3	3
ENSG00000108516.5	AC003958.1	chr17	41334632	41335733	3	3	3
ENSG00000006059.4	KRT33A	chr17	41346092	41350828	3	3	3
ENSG00000131738.11	KRT33B	chr17	41363498	41369813	3	3	3
ENSG00000131737.5	KRT34	chr17	41377650	41382403	3	3	3
ENSG00000094796.5	KRT31	chr17	41393721	41397608	3	3	3
ENSG00000234859.5	AC003958.2	chr17	41402416	41425049	3	3	3
ENSG00000225438.1	KRT41P	chr17	41406512	41411775	3	3	3
ENSG00000108417.4	KRT37	chr17	41420547	41424585	3	3	3
ENSG00000171360.4	KRT38	chr17	41436154	41440983	3	3	3
ENSG00000236473.1	KRT43P	chr17	41448183	41454055	3	3	3
ENSG00000108759.4	KRT32	chr17	41459513	41467386	3	3	3
ENSG00000223125.1	RNU2-32P	chr17	41467956	41468146	3	3	3
ENSG00000197079.8	KRT35	chr17	41476689	41481140	3	3	3
ENSG00000126337.13	KRT36	chr17	41486136	41492546	3	3	3
ENSG00000171401.15	KRT13	chr17	41500981	41505705	3	3	3
ENSG00000229732.1	AC019349.1	chr17	41500983	41502409	3	3	3
ENSG00000171346.16	KRT15	chr17	41513745	41522529	3	3	3
ENSG00000283796.1	MIR6510	chr17	41517164	41517217	3	3	3
ENSG00000171345.13	KRT19	chr17	41523617	41528308	3	3	3
ENSG00000226629.1	LINC00974	chr17	41549606	41554495	3	3	3
ENSG00000171403.10	KRT9	chr17	41565836	41572059	3	3	3
ENSG00000186847.6	KRT14	chr17	41582279	41586895	3	3	3
ENSG00000186832.9	KRT16	chr17	41609778	41615899	3	3	3
ENSG00000128422.17	KRT17	chr17	41619442	41624842	3	3	3
ENSG00000214514.8	KRT42P	chr17	41626327	41640199	3	3	3
ENSG00000278954.1	AC130686.1	chr17	41665566	41668031	3	3	3
ENSG00000173812.11	EIF1	chr17	41688885	41692668	3	3	3
ENSG00000184502.4	GAST	chr17	41712331	41715969	3	3	3
ENSG00000173805.16	HAP1	chr17	41717742	41734644	3	3	3
ENSG00000201920.1	RNA5SP442	chr17	41718154	41718260	3	3	3
ENSG00000239542.3	RN7SL399P	chr17	41730127	41730405	3	3	3
ENSG00000173801.17	JUP	chr17	41754604	41786931	3	3	3
ENSG00000141696.13	P3H4	chr17	41801947	41812604	3	3	3
ENSG00000141756.19	FKBP10	chr17	41812680	41823213	3	3	3
ENSG00000141698.17	NT5C3B	chr17	41825057	41836260	3	3	3
ENSG00000161594.7	KLHL10	chr17	41835685	41848384	3	3	3
ENSG00000259623.1	AC125257.1	chr17	41848518	41851447	3	3	3
ENSG00000178502.6	KLHL11	chr17	41848518	41865423	3	3	3
ENSG00000131473.17	ACLY	chr17	41866917	41930542	3	3	3
ENSG00000274630.1	AC125257.2	chr17	41867581	41867736	3	3	3
ENSG00000204815.10	TTC25	chr17	41930617	41966503	3	3	3
ENSG00000173786.17	CNP	chr17	41966763	41977740	3	3	3
ENSG00000168259.17	DNAJC7	chr17	41976421	42021376	3	3	3
ENSG00000168256.18	NKIRAS2	chr17	42011382	42025644	3	3	3
ENSG00000187595.16	ZNF385C	chr17	42025576	42098479	3	3	3
ENSG00000267221.3	C17orf113	chr17	42038232	42050601	3	3	3
ENSG00000108771.13	DHX58	chr17	42101404	42112714	3	3	3
ENSG00000108773.11	KAT2A	chr17	42113111	42121367	3	3	3
ENSG00000267261.5	AC099811.2	chr17	42119674	42154916	3	3	3
ENSG00000260325.2	HSPB9	chr17	42122804	42123352	3	3	3
ENSG00000108774.15	RAB5C	chr17	42124978	42155044	3	3	3
ENSG00000267658.1	AC099811.3	chr17	42154600	42155972	3	3	3
ENSG00000089558.9	KCNH4	chr17	42156891	42181142	3	3	3
ENSG00000161610.1	HCRT	chr17	42184060	42185452	3	3	3
ENSG00000167925.16	GHDC	chr17	42188799	42194532	3	3	3
ENSG00000173757.10	STAT5B	chr17	42199177	42276707	3	3	3
ENSG00000280295.1	AC099811.6	chr17	42233832	42235469	3	3	3
ENSG00000267758.1	AC099811.4	chr17	42268587	42269807	3	3	3
ENSG00000236194.3	AC099811.1	chr17	42270517	42272683	3	3	3
ENSG00000278829.1	AC099811.5	chr17	42272069	42275571	3	3	3
ENSG00000126561.17	STAT5A	chr17	42287547	42311943	3	3	3
ENSG00000168610.16	STAT3	chr17	42313324	42388540	3	3	3
ENSG00000177469.13	CAVIN1	chr17	42402449	42423256	3	3	3
ENSG00000238704.1	RNU7-97P	chr17	42440198	42440259	3	3	3
ENSG00000033627.17	ATP6V0A1	chr17	42458844	42522582	3	3	3
ENSG00000264314.1	MIR548AT	chr17	42494773	42494830	3	3	3
ENSG00000267222.1	AC107993.1	chr17	42495867	42496550	3	3	3
ENSG00000267632.1	AC067852.3	chr17	42509784	42511519	3	3	3
ENSG00000283929.1	MIR5010	chr17	42514188	42514307	3	3	3
ENSG00000267185.1	PTP4A2P1	chr17	42533532	42534009	3	3	3
ENSG00000108784.10	NAGLU	chr17	42536241	42544449	3	3	3
ENSG00000266929.1	AC067852.1	chr17	42536510	42562062	3	3	3
ENSG00000108785.7	HSD17B1P1	chr17	42546764	42548706	3	3	3
ENSG00000266962.2	AC067852.2	chr17	42552436	42554748	3	3	3
ENSG00000108786.11	HSD17B1	chr17	42552922	42555214	3	3	3
ENSG00000068120.15	COASY	chr17	42561467	42566277	3	3	3
ENSG00000108788.12	MLX	chr17	42567072	42573239	3	3	3
ENSG00000131470.15	PSMC3IP	chr17	42572310	42577831	3	3	3
ENSG00000287710.1	AC067852.5	chr17	42577825	42578366	3	3	3
ENSG00000141699.11	RETREG3	chr17	42579513	42610623	3	3	3
ENSG00000280183.1	AC067852.4	chr17	42598643	42599177	3	3	3
ENSG00000131462.8	TUBG1	chr17	42609683	42615238	3	3	3
ENSG00000267189.1	ATP5MGP7	chr17	42647834	42648143	3	3	3
ENSG00000267132.1	HMGB3P27	chr17	42648178	42648738	3	3	3
ENSG00000037042.9	TUBG2	chr17	42659284	42667006	3	3	3
ENSG00000068137.15	PLEKHH3	chr17	42667914	42676994	3	3	3
ENSG00000184451.5	CCR10	chr17	42678889	42683917	3	3	3
ENSG00000267042.1	AC100793.2	chr17	42679963	42682020	3	3	3
ENSG00000108797.12	CNTNAP1	chr17	42682531	42699993	3	3	3
ENSG00000267765.1	AC100793.3	chr17	42683187	42699466	3	3	3
ENSG00000108799.13	EZH1	chr17	42700275	42745049	3	3	3
ENSG00000275273.1	MIR6780A	chr17	42708084	42708151	3	3	3
ENSG00000239671.1	AC100793.1	chr17	42714299	42714643	3	3	3
ENSG00000273650.1	AC100793.4	chr17	42751289	42751717	3	3	3
ENSG00000214578.5	HMGN2P15	chr17	42753530	42753799	3	3	3
ENSG00000197291.9	RAMP2-AS1	chr17	42753914	42761257	3	3	3
ENSG00000131477.11	RAMP2	chr17	42758447	42763041	3	3	3
ENSG00000131475.7	VPS25	chr17	42773449	42779599	3	3	3
ENSG00000126562.17	WNK4	chr17	42780610	42797066	3	3	3
ENSG00000183978.8	COA3	chr17	42795147	42798704	3	3	3
ENSG00000176563.10	CNTD1	chr17	42798800	42811587	3	3	3
ENSG00000126581.13	BECN1	chr17	42810134	42833350	3	3	3
ENSG00000278447.1	MIR6781	chr17	42823880	42823943	3	3	3
ENSG00000131467.11	PSME3	chr17	42824385	42843760	3	3	3
ENSG00000131480.9	AOC2	chr17	42844580	42850707	3	3	3
ENSG00000131471.7	AOC3	chr17	42851184	42858130	3	3	3
ENSG00000260105.6	AOC4P	chr17	42865922	42874369	3	3	3
ENSG00000213373.7	LINC00671	chr17	42874670	42898704	3	3	3
ENSG00000252039.1	RNU6-287P	chr17	42891338	42891435	3	3	3
ENSG00000131482.10	G6PC	chr17	42900797	42914438	3	3	3
ENSG00000212149.1	AC055866.1	chr17	42940575	42940702	3	3	3
ENSG00000266967.7	AARSD1	chr17	42950526	42964498	3	3	3
ENSG00000108825.18	PTGES3L-AARSD1	chr17	42950526	42980528	3	3	3
ENSG00000267060.7	PTGES3L	chr17	42968088	42980433	3	3	3
ENSG00000198863.7	RUNDC1	chr17	42980565	42993690	3	3	3
ENSG00000131469.15	RPL27	chr17	42998273	43002959	3	3	3
ENSG00000068079.8	IFI35	chr17	43006740	43014456	3	3	3
ENSG00000108828.16	VAT1	chr17	43014607	43025123	3	3	3
ENSG00000108830.10	RND2	chr17	43025231	43032041	3	3	3
ENSG00000012048.23	BRCA1	chr17	43044295	43170245	3	3	3
ENSG00000240828.1	RPL21P4	chr17	43079302	43079780	3	3	3
ENSG00000198496.12	NBR2	chr17	43125551	43153671	3	3	3
ENSG00000285057.1	AC135721.2	chr17	43131208	43131270	3	3	3
ENSG00000267681.1	AC135721.1	chr17	43144956	43145255	3	3	3
ENSG00000267002.4	AC060780.1	chr17	43148368	43171037	3	3	3
ENSG00000267595.1	BRCA1P1	chr17	43168170	43168249	3	3	3
ENSG00000267340.1	AC060780.2	chr17	43169880	43170077	3	3	3
ENSG00000188554.15	NBR1	chr17	43170481	43211689	3	3	3
ENSG00000184988.8	TMEM106A	chr17	43211835	43220041	3	3	3
ENSG00000236383.8	CCDC200	chr17	43216941	43305397	3	3	3
ENSG00000274585.1	RNU2-1	chr17	43233787	43233977	3	3	3
ENSG00000275616.1	U2	chr17	43239921	43240111	3	3	3
ENSG00000273709.1	U2	chr17	43241180	43241370	3	3	3
ENSG00000274432.1	U2	chr17	43245674	43245864	3	3	3
ENSG00000278048.1	U2	chr17	43251829	43252019	3	3	3
ENSG00000276596.1	U2	chr17	43266633	43266823	3	3	3
ENSG00000277903.1	U2	chr17	43271369	43271559	3	3	3
ENSG00000278774.1	U2	chr17	43273101	43273292	3	3	3
ENSG00000274862.1	U2	chr17	43277978	43278168	3	3	3
ENSG00000274062.1	U2	chr17	43284139	43284329	3	3	3
ENSG00000274452.1	U2	chr17	43290291	43290481	3	3	3
ENSG00000275219.1	U2	chr17	43296425	43296615	3	3	3
ENSG00000278591.1	U2	chr17	43300041	43300231	3	3	3
ENSG00000188825.14	LINC00910	chr17	43338741	43389199	3	3	3
ENSG00000279602.1	AC109326.1	chr17	43360041	43361361	3	3	3
ENSG00000277084.1	RNU2-4P	chr17	43387226	43387417	3	3	3
ENSG00000252882.1	RNU6-1137P	chr17	43395993	43396091	3	3	3
ENSG00000175906.5	ARL4D	chr17	43398993	43401137	3	3	3
ENSG00000251763.1	RNU6-470P	chr17	43412427	43412530	3	3	3
ENSG00000267151.5	MIR2117HG	chr17	43444707	43451200	3	3	3
ENSG00000284344.1	MIR2117	chr17	43444806	43444885	3	3	3
ENSG00000252279.1	RNU6-406P	chr17	43445507	43445613	3	3	3
ENSG00000252729.1	RNU6-971P	chr17	43473585	43473690	3	3	3
ENSG00000237888.1	AC087650.1	chr17	43476198	43476665	3	3	3
ENSG00000067596.12	DHX8	chr17	43483865	43610338	3	3	3
ENSG00000175832.13	ETV4	chr17	43527844	43579620	3	3	3
ENSG00000278109.1	Metazoa_SRP	chr17	43607436	43607723	3	3	3
ENSG00000005102.14	MEOX1	chr17	43640389	43661922	3	3	3
ENSG00000267440.2	LINC02594	chr17	43679341	43706709	3	3	3
ENSG00000267253.1	WHSC1L2P	chr17	43718314	43720436	3	3	3
ENSG00000167941.3	SOST	chr17	43753738	43758791	3	3	3
ENSG00000108861.9	DUSP3	chr17	43766125	43778977	3	3	3
ENSG00000231256.8	CFAP97D1	chr17	43780435	43787620	3	3	3
ENSG00000267604.1	AC003098.1	chr17	43782804	43784682	3	3	3
ENSG00000161647.19	MPP3	chr17	43800799	43833170	3	3	3
ENSG00000161649.13	CD300LG	chr17	43847148	43863639	3	3	3
ENSG00000108852.15	MPP2	chr17	43875357	43909711	3	3	3
ENSG00000282199.1	AC007993.3	chr17	43914433	43923001	3	3	3
ENSG00000267496.4	FAM215A	chr17	43917194	43917985	3	3	3
ENSG00000267166.5	AC007993.1	chr17	43922775	43927388	3	3	3
ENSG00000267420.1	AC007993.2	chr17	43927563	43932622	3	3	3
ENSG00000261514.1	LINC01976	chr17	43938363	43938959	3	3	3
ENSG00000108849.8	PPY	chr17	43940804	43942476	3	3	3
ENSG00000131096.10	PYY	chr17	43952738	44004469	3	3	3
ENSG00000161653.11	NAGS	chr17	44004622	44009068	3	3	3
ENSG00000091947.10	TMEM101	chr17	44011188	44023946	3	3	3
ENSG00000221044.2	U3	chr17	44025020	44025223	3	3	3
ENSG00000161654.10	LSM12	chr17	44034328	44067619	3	3	3
ENSG00000141349.8	G6PC3	chr17	44070735	44076344	3	3	3
ENSG00000108840.15	HDAC5	chr17	44076746	44123702	3	3	3
ENSG00000267638.1	AC023855.1	chr17	44115912	44120595	3	3	3
ENSG00000212446.1	RNU6-131P	chr17	44135883	44135989	3	3	3
ENSG00000125319.15	HROB	chr17	44141906	44162476	3	3	3
ENSG00000161664.7	ASB16	chr17	44170447	44179084	3	3	3
ENSG00000267080.6	ASB16-AS1	chr17	44175968	44186723	3	3	3
ENSG00000168591.16	TMUB2	chr17	44186970	44191929	3	3	3
ENSG00000087152.15	ATXN7L3	chr17	44191805	44200113	3	3	3
ENSG00000267394.1	AC004596.1	chr17	44198882	44216565	3	3	3
ENSG00000108312.15	UBTF	chr17	44205033	44221626	3	3	3
ENSG00000275107.1	MIR6782	chr17	44207771	44207839	3	3	3
ENSG00000260793.2	AC003102.1	chr17	44221401	44223710	3	3	3
ENSG00000267691.1	SHC1P2	chr17	44228760	44230228	3	3	3
ENSG00000004939.15	SLC4A1	chr17	44248390	44268141	3	3	3
ENSG00000285486.1	AC003043.2	chr17	44276368	44281182	3	3	3
ENSG00000239702.3	RN7SL507P	chr17	44290856	44291151	3	3	3
ENSG00000267750.6	RUNDC3A-AS1	chr17	44299574	44315315	3	3	3
ENSG00000221496.2	U3	chr17	44303965	44304203	3	3	3
ENSG00000252628.2	RNU6-453P	chr17	44307088	44307172	3	3	3
ENSG00000108309.14	RUNDC3A	chr17	44308413	44318670	3	3	3
ENSG00000013306.16	SLC25A39	chr17	44319625	44324870	3	3	3
ENSG00000267211.1	AC003043.1	chr17	44328613	44331462	3	3	3
ENSG00000030582.18	GRN	chr17	44345246	44353106	3	3	3
ENSG00000161682.15	FAM171A2	chr17	44353215	44363853	3	3	3
ENSG00000267634.1	RPL7L1P5	chr17	44365014	44365751	3	3	3
ENSG00000005961.19	ITGA2B	chr17	44372180	44389649	3	3	3
ENSG00000186566.13	GPATCH8	chr17	44395281	44503430	3	3	3
ENSG00000240589.3	RN7SL258P	chr17	44409059	44409358	3	3	3
ENSG00000283045.1	AC103703.1	chr17	44486153	44486815	3	3	3
ENSG00000180340.7	FZD2	chr17	44557484	44561262	3	3	3
ENSG00000271222.1	AC091152.3	chr17	44596346	44597344	3	3	3
ENSG00000267384.3	SMCO4P1	chr17	44645411	44645587	3	3	3
ENSG00000266979.1	LINC01180	chr17	44646364	44650349	3	3	3
ENSG00000180336.18	MEIOC	chr17	44656404	44690308	3	3	3
ENSG00000180329.14	CCDC43	chr17	44673069	44689779	3	3	3
ENSG00000267160.1	AC091152.2	chr17	44673689	44676257	3	3	3
ENSG00000279879.1	AC091152.4	chr17	44689858	44693340	3	3	3
ENSG00000161692.18	DBF4B	chr17	44708608	44752264	3	3	3
ENSG00000264251.2	RN7SL819P	chr17	44718861	44719130	3	3	3
ENSG00000240305.1	AC091152.1	chr17	44719760	44720597	3	3	3
ENSG00000073670.14	ADAM11	chr17	44758988	44781846	3	3	3
ENSG00000267505.1	AC005180.2	chr17	44793199	44794474	3	3	3
ENSG00000267405.1	AC005180.1	chr17	44794747	44797783	3	3	3
ENSG00000182963.11	GJC1	chr17	44798448	44830816	3	3	3
ENSG00000131097.7	HIGD1B	chr17	44846353	44850476	3	3	3
ENSG00000108883.13	EFTUD2	chr17	44849948	44899445	3	3	3
ENSG00000264540.2	RN7SL405P	chr17	44883986	44884274	3	3	3
ENSG00000167131.17	CCDC103	chr17	44899142	44905390	3	3	3
ENSG00000214447.4	FAM187A	chr17	44899712	44905390	3	3	3
ENSG00000131095.13	GFAP	chr17	44903159	44916937	3	3	3
ENSG00000186185.14	KIF18B	chr17	44924709	44947773	3	3	3
ENSG00000278223.1	MIR6783	chr17	44934618	44934681	3	3	3
ENSG00000267334.1	AC015936.1	chr17	44947912	44948939	3	3	3
ENSG00000136448.13	NMT1	chr17	44957992	45109016	3	3	3
ENSG00000131094.4	C1QL1	chr17	44959693	44968303	3	3	3
ENSG00000267788.1	AC015936.2	chr17	44982514	44982772	3	3	3
ENSG00000172992.12	DCAKD	chr17	45023340	45061109	3	3	3
ENSG00000200888.1	Y_RNA	chr17	45071442	45071543	3	3	3
ENSG00000161714.12	PLCD3	chr17	45108959	45133354	3	3	3
ENSG00000277249.1	MIR6784	chr17	45114367	45114433	3	3	3
ENSG00000181513.15	ACBD4	chr17	45132600	45144181	3	3	3
ENSG00000276728.1	AC142472.1	chr17	45146730	45148470	3	3	3
ENSG00000186834.4	HEXIM1	chr17	45148475	45152099	3	3	3
ENSG00000224505.2	AC138150.1	chr17	45150400	45161510	3	3	3
ENSG00000168517.10	HEXIM2	chr17	45160700	45170040	3	3	3
ENSG00000267288.2	AC138150.2	chr17	45168800	45171584	3	3	3
ENSG00000267121.6	AC008105.3	chr17	45190931	45222222	3	3	3
ENSG00000184922.14	FMNL1	chr17	45221444	45247319	3	3	3
ENSG00000233175.2	AC008105.1	chr17	45238028	45241734	3	3	3
ENSG00000233483.3	AC008105.2	chr17	45245186	45251129	3	3	3
ENSG00000267278.6	MAP3K14-AS1	chr17	45247916	45269824	3	3	3
ENSG00000184361.13	SPATA32	chr17	45254393	45262094	3	3	3
ENSG00000006062.17	MAP3K14	chr17	45263119	45317029	3	3	3
ENSG00000199953.1	RNA5SP443	chr17	45327366	45327497	3	3	3
ENSG00000267446.1	AC003070.2	chr17	45371402	45372057	3	3	3
ENSG00000159314.11	ARHGAP27	chr17	45393902	45434421	3	3	3
ENSG00000267344.1	AC003070.1	chr17	45396932	45397477	3	3	3
ENSG00000225190.11	PLEKHM1	chr17	45435900	45490749	3	3	3
ENSG00000236234.1	AC091132.2	chr17	45452844	45464065	3	3	3
ENSG00000284055.1	MIR4315-1	chr17	45475363	45475435	3	3	3
ENSG00000214425.8	LRRC37A4P	chr17	45506741	45551537	3	3	3
ENSG00000278770.1	Metazoa_SRP	chr17	45526466	45526746	3	3	3
ENSG00000266918.1	AC091132.3	chr17	45531577	45533838	3	3	3
ENSG00000131484.4	AC091132.1	chr17	45533963	45534710	3	3	3
ENSG00000267198.1	AC091132.4	chr17	45545804	45563230	3	3	3
ENSG00000267246.1	AC091132.5	chr17	45549781	45558738	3	3	3
ENSG00000266504.1	RDM1P1	chr17	45553710	45559070	3	3	3
ENSG00000264070.1	DND1P1	chr17	45585871	45586929	3	3	3
ENSG00000285668.1	AC126544.2	chr17	45586452	45588379	3	3	3
ENSG00000280022.1	AC126544.1	chr17	45592621	45593369	3	3	3
ENSG00000263503.1	MAPK8IP1P2	chr17	45600869	45602340	3	3	3
ENSG00000204652.6	RPS26P8	chr17	45608571	45608918	3	3	3
ENSG00000204650.14	LINC02210	chr17	45620328	45655156	3	3	3
ENSG00000263715.7	LINC02210-CRHR1	chr17	45620344	45835826	3	3	3
ENSG00000265547.1	AC217774.1	chr17	45731703	45732977	3	3	3
ENSG00000265964.1	AC217774.2	chr17	45733353	45734669	3	3	3
ENSG00000120088.15	CRHR1	chr17	45784280	45835828	3	3	3
ENSG00000264589.4	MAPT-AS1	chr17	45799390	45895680	3	3	3
ENSG00000185294.7	SPPL2C	chr17	45844881	45847067	3	3	3
ENSG00000186868.16	MAPT	chr17	45894551	46028334	3	3	3
ENSG00000279685.2	MAPT-IT1	chr17	45895783	45898798	3	3	3
ENSG00000262881.1	CR936218.2	chr17	45907670	45910779	3	3	3
ENSG00000274883.1	Metazoa_SRP	chr17	45931806	45932083	3	3	3
ENSG00000256762.1	STH	chr17	45999250	45999694	3	3	3
ENSG00000120071.15	KANSL1	chr17	46029916	46225389	3	3	3
ENSG00000262372.1	CR936218.1	chr17	46035313	46035770	3	3	3
ENSG00000214401.4	KANSL1-AS1	chr17	46193576	46196723	3	3	3
ENSG00000238723.1	Y_RNA	chr17	46215070	46215171	3	3	3
ENSG00000262500.1	MAPK8IP1P1	chr17	46243606	46245044	3	3	3
ENSG00000262539.1	AC005829.2	chr17	46259551	46260606	3	3	3
ENSG00000261575.2	AC005829.1	chr17	46267037	46268694	3	3	3
ENSG00000228696.10	ARL17B	chr17	46274784	46361797	3	3	3
ENSG00000176681.14	LRRC37A	chr17	46292733	46337794	3	3	3
ENSG00000265411.1	RN7SL656P	chr17	46319679	46319959	3	3	3
ENSG00000260075.1	NSFP1	chr17	46372855	46487141	3	3	3
ENSG00000266497.1	RDM1P2	chr17	46503946	46509339	3	3	3
ENSG00000238083.8	LRRC37A2	chr17	46511511	46555650	3	3	3
ENSG00000185829.18	ARL17A	chr17	46516702	46579691	3	3	3
ENSG00000265315.1	RN7SL199P	chr17	46537534	46537814	3	3	3
ENSG00000232300.1	FAM215B	chr17	46558830	46562795	3	3	3
ENSG00000073969.18	NSF	chr17	46590669	46757464	3	3	3
ENSG00000213326.4	RPS7P11	chr17	46721582	46722167	3	3	3
ENSG00000108379.10	WNT3	chr17	46762506	46833154	3	3	3
ENSG00000158955.11	WNT9B	chr17	46833201	46886730	3	3	3
ENSG00000262031.1	LINC01974	chr17	46909742	46911512	3	3	3
ENSG00000261886.1	AC005670.1	chr17	46916770	46923034	3	3	3
ENSG00000210709.1	RNU6ATAC3P	chr17	46921124	46921249	3	3	3
ENSG00000108433.17	GOSR2	chr17	46923075	46975524	3	3	3
ENSG00000262633.2	AC005670.2	chr17	46923133	47049932	3	3	3
ENSG00000264999.1	MIR5089	chr17	46973017	46973100	3	3	3
ENSG00000179673.5	RPRML	chr17	46978156	46979253	3	3	3
ENSG00000263142.5	LRRC37A17P	chr17	46978481	47054569	3	3	3
ENSG00000262879.6	AC005670.3	chr17	46983287	47100323	3	3	3
ENSG00000277198.1	RN7SL270P	chr17	47041825	47042105	3	3	3
ENSG00000004897.12	CDC27	chr17	47117703	47189422	3	3	3
ENSG00000239291.1	AC002558.1	chr17	47159191	47159993	3	3	3
ENSG00000262265.2	AC002558.3	chr17	47160398	47167723	3	3	3
ENSG00000261872.1	AC002558.2	chr17	47169826	47171049	3	3	3
ENSG00000198336.9	MYL4	chr17	47200446	47223679	3	3	3
ENSG00000259207.9	ITGB3	chr17	47253827	47313743	3	3	3
ENSG00000259753.1	AC068234.1	chr17	47253897	47344292	3	3	3
ENSG00000238419.1	RNU7-186P	chr17	47259358	47259420	3	3	3
ENSG00000276790.1	AC068234.2	chr17	47279526	47280047	3	3	3
ENSG00000263293.2	THCAT158	chr17	47303460	47323613	3	3	3
ENSG00000178852.16	EFCAB13	chr17	47323290	47441312	3	3	3
ENSG00000253347.1	AC040934.1	chr17	47409322	47423526	3	3	3
ENSG00000228782.7	MRPL45P2	chr17	47450568	47492492	3	3	3
ENSG00000141279.17	NPEPPS	chr17	47522942	47624665	3	3	3
ENSG00000206734.1	Y_RNA	chr17	47557413	47557514	3	3	3
ENSG00000263766.5	AC025682.1	chr17	47603860	47649420	3	3	3
ENSG00000108424.11	KPNB1	chr17	47649476	47685505	3	3	3
ENSG00000264558.1	AC015674.1	chr17	47682417	47682683	3	3	3
ENSG00000198933.9	TBKBP1	chr17	47694081	47712050	3	3	3
ENSG00000073861.3	TBX21	chr17	47733236	47746122	3	3	3
ENSG00000006025.12	OSBPL7	chr17	47807372	47821834	3	3	3
ENSG00000159111.13	MRPL10	chr17	47823272	47831541	3	3	3
ENSG00000141294.10	LRRC46	chr17	47831634	47837719	3	3	3
ENSG00000141295.14	SCRN2	chr17	47837692	47841289	3	3	3
ENSG00000189120.5	SP6	chr17	47844908	47855874	3	3	3
ENSG00000264243.1	AC018521.3	chr17	47863342	47865190	3	3	3
ENSG00000266821.1	AC018521.7	chr17	47879472	47882398	3	3	3
ENSG00000264920.2	AC018521.5	chr17	47891229	47895812	3	3	3
ENSG00000167182.15	SP2	chr17	47896150	47928957	3	3	3
ENSG00000234494.7	SP2-AS1	chr17	47897330	47941410	3	3	3
ENSG00000266601.1	AC018521.6	chr17	47929682	47933106	3	3	3
ENSG00000108439.11	PNPO	chr17	47941506	47949308	3	3	3
ENSG00000263798.2	AC018521.1	chr17	47945424	47981736	3	3	3
ENSG00000264019.1	AC018521.2	chr17	47946802	47948275	3	3	3
ENSG00000167183.3	PRR15L	chr17	47951967	47957883	3	3	3
ENSG00000108465.15	CDK5RAP3	chr17	47967810	47981781	3	3	3
ENSG00000264701.1	AC018521.4	chr17	47980398	47996196	3	3	3
ENSG00000005243.10	COPZ2	chr17	48026167	48038030	3	3	3
ENSG00000207947.3	MIR152	chr17	48037161	48037247	3	3	3
ENSG00000263412.1	NFE2L1-DT	chr17	48045141	48048073	3	3	3
ENSG00000082641.16	NFE2L1	chr17	48048329	48061545	3	3	3
ENSG00000266341.1	AC004477.1	chr17	48060383	48060669	3	3	3
ENSG00000278765.1	AC004477.2	chr17	48066704	48067293	3	3	3
ENSG00000108468.15	CBX1	chr17	48070052	48101478	3	3	3
ENSG00000206954.1	RNU6-1201P	chr17	48088678	48088784	3	3	3
ENSG00000002919.15	SNX11	chr17	48103357	48123601	3	3	3
ENSG00000141293.16	SKAP1	chr17	48133442	48430275	3	3	3
ENSG00000221739.1	MIR1203	chr17	48156427	48156511	3	3	3
ENSG00000263787.1	SKAP1-AS1	chr17	48185938	48204529	3	3	3
ENSG00000207306.1	RNU6-1152P	chr17	48196680	48196786	3	3	3
ENSG00000235300.4	THRA1/BTR	chr17	48294335	48308762	3	3	3
ENSG00000266222.1	AC036222.2	chr17	48377262	48380370	3	3	3
ENSG00000200538.2	U3	chr17	48382371	48382586	3	3	3
ENSG00000264451.1	AC036222.1	chr17	48460370	48466040	3	3	3
ENSG00000206805.1	Y_RNA	chr17	48479097	48479198	3	3	3
ENSG00000120094.9	HOXB1	chr17	48528526	48531011	3	3	3
ENSG00000173917.10	HOXB2	chr17	48540894	48544989	3	3	3
ENSG00000230148.8	HOXB-AS1	chr17	48543551	48551250	3	3	3
ENSG00000120093.11	HOXB3	chr17	48548870	48604912	3	3	3
ENSG00000233101.10	HOXB-AS3	chr17	48549630	48606414	3	3	3
ENSG00000239552.2	HOXB-AS2	chr17	48557262	48560333	3	3	3
ENSG00000182742.6	HOXB4	chr17	48575507	48578350	3	3	3
ENSG00000257178.5	AC103702.1	chr17	48579630	48582259	3	3	3
ENSG00000284038.1	MIR10A	chr17	48579838	48579947	3	3	3
ENSG00000120075.5	HOXB5	chr17	48591257	48593961	3	3	3
ENSG00000108511.10	HOXB6	chr17	48595751	48604992	3	3	3
ENSG00000260027.5	HOXB7	chr17	48607232	48633572	3	3	3
ENSG00000120068.7	HOXB8	chr17	48611377	48615292	3	3	3
ENSG00000170689.10	HOXB9	chr17	48621156	48626358	3	3	3
ENSG00000242207.1	HOXB-AS4	chr17	48628675	48634932	3	3	3
ENSG00000210741.1	MIR196A1	chr17	48632490	48632559	3	3	3
ENSG00000272763.1	AC103702.2	chr17	48635923	48647023	3	3	3
ENSG00000244649.5	LINC02086	chr17	48646923	48707346	3	3	3
ENSG00000244559.1	AC091179.2	chr17	48690481	48690624	3	3	3
ENSG00000242067.1	RPL9P28	chr17	48691116	48691694	3	3	3
ENSG00000241788.2	COX6B1P2	chr17	48713730	48713959	3	3	3
ENSG00000159182.5	PRAC1	chr17	48721719	48722518	3	3	3
ENSG00000229637.4	PRAC2	chr17	48723185	48724758	3	3	3
ENSG00000273750.1	AC091179.3	chr17	48723188	48723314	3	3	3
ENSG00000277542.1	AC091179.4	chr17	48723692	48723772	3	3	3
ENSG00000263602.1	MIR3185	chr17	48724408	48724475	3	3	3
ENSG00000159184.8	HOXB13	chr17	48724763	48728750	3	3	3
ENSG00000242407.1	AC091179.1	chr17	48733091	48733888	3	3	3
ENSG00000170703.15	TTLL6	chr17	48762235	48817214	3	3	3
ENSG00000244514.3	RN7SL125P	chr17	48765554	48765847	3	3	3
ENSG00000136436.15	CALCOCO2	chr17	48831018	48866522	3	3	3
ENSG00000248278.1	SUMO2P17	chr17	48874860	48908983	3	3	3
ENSG00000212565.1	AC068531.1	chr17	48880840	48880967	3	3	3
ENSG00000248895.1	AC068531.2	chr17	48881122	48881316	3	3	3
ENSG00000159199.14	ATP5MC1	chr17	48892765	48895871	3	3	3
ENSG00000270781.1	AC091133.6	chr17	48899131	48899748	3	3	3
ENSG00000159202.18	UBE2Z	chr17	48908407	48929056	3	3	3
ENSG00000159210.10	SNF8	chr17	48929316	48944842	3	3	3
ENSG00000230532.1	AC091133.1	chr17	48931791	48937100	3	3	3
ENSG00000200903.1	RNU1-42P	chr17	48949361	48949520	3	3	3
ENSG00000238804.1	AC091133.2	chr17	48956650	48956753	3	3	3
ENSG00000159224.4	GIP	chr17	48958554	48968596	3	3	3
ENSG00000250838.1	AC091133.3	chr17	48995266	48997492	3	3	3
ENSG00000159217.10	IGF2BP1	chr17	48997385	49056145	3	3	3
ENSG00000251461.3	AC091133.4	chr17	49004731	49013725	3	3	3
ENSG00000255851.2	Metazoa_SRP	chr17	49017793	49018061	3	3	3
ENSG00000252636.1	RNU6-826P	chr17	49036352	49036455	3	3	3
ENSG00000251550.1	AC091133.5	chr17	49037122	49037429	3	3	3
ENSG00000248883.2	B4GALNT2P1	chr17	49085511	49086702	3	3	3
ENSG00000167080.9	B4GALNT2	chr17	49132460	49176840	3	3	3
ENSG00000240995.2	AC069454.1	chr17	49148339	49149111	3	3	3
ENSG00000167083.7	GNGT2	chr17	49202791	49210574	3	3	3
ENSG00000108798.9	ABI3	chr17	49210411	49223225	3	3	3
ENSG00000173868.12	PHOSPHO1	chr17	49223366	49230787	3	3	3
ENSG00000177369.9	FLJ40194	chr17	49230853	49318011	3	3	3
ENSG00000273500.1	MIR6129	chr17	49288346	49288454	3	3	3
ENSG00000198740.9	ZNF652	chr17	49289206	49362473	3	3	3
ENSG00000248714.7	AC091180.2	chr17	49361150	49369998	3	3	3
ENSG00000262039.1	AC091180.5	chr17	49370740	49476988	3	3	3
ENSG00000250948.1	AC091180.4	chr17	49375380	49380094	3	3	3
ENSG00000186244.7	AC091180.1	chr17	49400429	49400800	3	3	3
ENSG00000167085.13	PHB	chr17	49404052	49414901	3	3	3
ENSG00000250186.3	AC091180.3	chr17	49404081	49405197	3	3	3
ENSG00000207127.1	Y_RNA	chr17	49416744	49416850	3	3	3
ENSG00000229944.3	EIF4EP2	chr17	49424269	49424922	3	3	3
ENSG00000249497.1	LINC02075	chr17	49457861	49461749	3	3	3
ENSG00000279036.1	AC015656.1	chr17	49494223	49497800	3	3	3
ENSG00000064300.9	NGFR	chr17	49495293	49515008	3	3	3
ENSG00000249906.1	AC006487.1	chr17	49505657	49574064	3	3	3
ENSG00000277478.1	MIR6165	chr17	49510817	49510900	3	3	3
ENSG00000250310.2	AC006487.2	chr17	49544788	49577962	3	3	3
ENSG00000182575.8	NXPH3	chr17	49575871	49583827	3	3	3
ENSG00000121067.19	SPOP	chr17	49598884	49678163	3	3	3
ENSG00000121073.15	SLC35B1	chr17	49700934	49709014	3	3	3
ENSG00000250751.1	AC015795.1	chr17	49708334	49720060	3	3	3
ENSG00000121104.8	FAM117A	chr17	49710332	49789180	3	3	3
ENSG00000136504.13	KAT7	chr17	49788648	49835026	3	3	3
ENSG00000235183.3	SRP14P3	chr17	49795343	49795669	3	3	3
ENSG00000262837.1	AC027801.5	chr17	49834239	49836454	3	3	3
ENSG00000176358.15	TAC4	chr17	49838309	49848017	3	3	3
ENSG00000204584.1	AC027801.1	chr17	49845910	49848837	3	3	3
ENSG00000248954.1	AC027801.2	chr17	49887598	49900893	3	3	3
ENSG00000254039.1	AC027801.4	chr17	49914403	49932918	3	3	3
ENSG00000249176.1	AC027801.3	chr17	49939122	49939819	3	3	3
ENSG00000199492.1	RNU6-1313P	chr17	49966075	49966176	3	3	3
ENSG00000108813.11	DLX4	chr17	49968970	49974959	3	3	3
ENSG00000064195.7	DLX3	chr17	49990005	49995224	3	3	3
ENSG00000248172.1	AC009720.1	chr17	49996889	50016844	3	3	3
ENSG00000246640.1	PICART1	chr17	50050349	50055739	3	3	3
ENSG00000005884.18	ITGA3	chr17	50055968	50090481	3	3	3
ENSG00000276851.1	AC002401.4	chr17	50094065	50094647	3	3	3
ENSG00000005882.12	PDK2	chr17	50094737	50112152	3	3	3
ENSG00000275025.1	AC002401.3	chr17	50098460	50098899	3	3	3
ENSG00000250282.1	AC002401.2	chr17	50100704	50101920	3	3	3
ENSG00000167100.15	SAMD14	chr17	50110040	50130160	3	3	3
ENSG00000108819.11	PPP1R9B	chr17	50133737	50150677	3	3	3
ENSG00000236472.1	AC002401.1	chr17	50135586	50146176	3	3	3
ENSG00000253730.1	AC015909.2	chr17	50158333	50161276	3	3	3
ENSG00000261959.1	AC015909.3	chr17	50163523	50165316	3	3	3
ENSG00000108823.16	SGCA	chr17	50164214	50175928	3	3	3
ENSG00000188662.6	H1-9P	chr17	50171428	50181178	3	3	3
ENSG00000108821.14	COL1A1	chr17	50184101	50201632	3	3	3
ENSG00000249406.3	AC015909.1	chr17	50199876	50215922	3	3	3
ENSG00000263176.1	AC015909.4	chr17	50212933	50215357	3	3	3
ENSG00000249838.1	SUMO2P7	chr17	50235845	50236129	3	3	3
ENSG00000167105.8	TMEM92	chr17	50271406	50281485	3	3	3
ENSG00000251179.1	TMEM92-AS1	chr17	50281577	50287855	3	3	3
ENSG00000015532.10	XYLT2	chr17	50346126	50363138	3	3	3
ENSG00000279792.1	AC015909.5	chr17	50362967	50365232	3	3	3
ENSG00000108826.16	MRPL27	chr17	50367857	50373207	3	3	3
ENSG00000154920.15	EME1	chr17	50373220	50381483	3	3	3
ENSG00000108829.10	LRRC59	chr17	50375059	50397523	3	3	3
ENSG00000206824.1	Y_RNA	chr17	50386145	50386246	3	3	3
ENSG00000253102.1	AC004707.1	chr17	50396438	50397888	3	3	3
ENSG00000167107.13	ACSF2	chr17	50426158	50474845	3	3	3
ENSG00000262759.1	MRPS21P9	chr17	50450179	50450725	3	3	3
ENSG00000136457.10	CHAD	chr17	50464496	50468906	3	3	3
ENSG00000275897.1	AC021491.4	chr17	50475819	50478391	3	3	3
ENSG00000136444.10	RSAD1	chr17	50478860	50485974	3	3	3
ENSG00000249451.1	AC021491.1	chr17	50503412	50508328	3	3	3
ENSG00000136449.15	MYCBPAP	chr17	50508384	50531501	3	3	3
ENSG00000250286.2	AC021491.2	chr17	50525520	50538761	3	3	3
ENSG00000049283.18	EPN3	chr17	50532682	50543750	3	3	3
ENSG00000006282.21	SPATA20	chr17	50543058	50555852	3	3	3
ENSG00000250107.1	CACNA1G-AS1	chr17	50556207	50562108	3	3	3
ENSG00000006283.18	CACNA1G	chr17	50560715	50627474	3	3	3
ENSG00000250976.1	AC021491.3	chr17	50563203	50563783	3	3	3
ENSG00000251239.1	AC004590.1	chr17	50627032	50631940	3	3	3
ENSG00000108846.16	ABCC3	chr17	50634777	50692253	3	3	3
ENSG00000154945.7	ANKRD40	chr17	50693198	50707914	3	3	3
ENSG00000262967.1	AC005921.2	chr17	50693448	50695449	3	3	3
ENSG00000201340.1	Y_RNA	chr17	50696644	50696760	3	3	3
ENSG00000108848.16	LUC7L3	chr17	50719565	50756219	3	3	3
ENSG00000278963.1	AC005921.3	chr17	50722074	50724224	3	3	3
ENSG00000167117.10	ANKRD40CL	chr17	50761029	50767557	3	3	3
ENSG00000278672.1	MIR8059	chr17	50768650	50768730	3	3	3
ENSG00000285829.1	AC005921.4	chr17	50781306	50792493	3	3	3
ENSG00000248702.1	AC005921.1	chr17	50797366	50797651	3	3	3
ENSG00000173714.8	WFIKKN2	chr17	50834650	50842353	3	3	3
ENSG00000261976.2	AC091062.1	chr17	50840057	50841626	3	3	3
ENSG00000243521.2	RPL5P33	chr17	50847950	50849270	3	3	3
ENSG00000141232.5	TOB1	chr17	50862223	50867978	3	3	3
ENSG00000229980.5	TOB1-AS1	chr17	50866679	50910774	3	3	3
ENSG00000262006.1	AC005920.4	chr17	50909637	50910232	3	3	3
ENSG00000247011.2	AC005920.1	chr17	50934989	50944713	3	3	3
ENSG00000251665.1	AC005920.3	chr17	50944104	50948750	3	3	3
ENSG00000008294.21	SPAG9	chr17	50962174	51120868	3	3	3
ENSG00000249870.1	AC005920.2	chr17	51042524	51085471	3	3	3
ENSG00000239672.8	NME1	chr17	51153559	51162428	3	3	3
ENSG00000011052.21	NME1-NME2	chr17	51153590	51171744	3	3	3
ENSG00000243678.12	NME2	chr17	51165435	51171744	3	3	3
ENSG00000011258.16	MBTD1	chr17	51177425	51260163	3	3	3
ENSG00000279089.1	AC005839.1	chr17	51183191	51186403	3	3	3
ENSG00000264895.1	AC006141.1	chr17	51249579	51251748	3	3	3
ENSG00000011260.14	UTP18	chr17	51260546	51297936	3	3	3
ENSG00000249383.2	LINC02071	chr17	51312609	51335165	3	3	3
ENSG00000249982.1	AC005823.2	chr17	51332679	51334090	3	3	3
ENSG00000249658.1	AC005823.1	chr17	51335261	51336240	3	3	3
ENSG00000267452.3	LINC02073	chr17	51336646	51521401	3	3	3
ENSG00000187504.6	RPL7P48	chr17	51502488	51503233	3	3	3
ENSG00000154975.14	CA10	chr17	51630313	52160017	3	3	3
ENSG00000279743.1	AC002090.1	chr17	51761260	51763397	3	3	3
ENSG00000263317.1	LINC01982	chr17	52390515	52535701	3	3	3
ENSG00000226364.1	LINC02089	chr17	52862121	52899588	3	3	3
ENSG00000227011.4	LINC02876	chr17	52985513	52987652	3	3	3
ENSG00000262902.1	MTCO1P40	chr17	53105734	53106358	3	3	3
ENSG00000285939.2	AC034268.2	chr17	53276760	54365634	3	3	3
ENSG00000263252.1	AC005341.1	chr17	53353427	53354134	3	3	3
ENSG00000262271.1	AC090079.1	chr17	53434131	53435829	3	3	3
ENSG00000262518.1	AC090079.2	chr17	53438556	53439721	3	3	3
ENSG00000262384.1	AC034268.1	chr17	53681630	53682111	3	3	3
ENSG00000233380.1	RPS2P48	chr17	53756989	53757870	3	3	3
ENSG00000141200.8	KIF2B	chr17	53822927	53825193	3	3	3
ENSG00000263189.1	AC023934.1	chr17	53952936	53955324	3	3	3
ENSG00000261965.1	ISCA1P3	chr17	54477796	54478168	3	3	3
ENSG00000288036.1	AC015943.1	chr17	54609249	54670420	3	3	3
ENSG00000263199.1	AC005951.1	chr17	54702936	54703430	3	3	3
ENSG00000263125.1	ARL2BPP8	chr17	54754165	54754649	3	3	3
ENSG00000251809.1	RN7SKP14	chr17	54770949	54771277	3	3	3
ENSG00000141198.16	TOM1L1	chr17	54899387	54961956	3	3	3
ENSG00000166260.13	COX11	chr17	54951902	54968703	3	3	3
ENSG00000279059.1	AC007485.2	chr17	54956760	54958426	3	3	3
ENSG00000275710.1	AC007485.1	chr17	54964474	54964679	3	3	3
ENSG00000166263.13	STXBP4	chr17	54968727	55173632	3	3	3
ENSG00000108924.14	HLF	chr17	55264960	55325187	3	3	3
ENSG00000263096.1	AC007638.2	chr17	55271504	55273653	3	3	3
ENSG00000262079.1	AC007638.1	chr17	55325757	55327791	3	3	3
ENSG00000108960.9	MMD	chr17	55392622	55421924	3	3	3
ENSG00000261873.2	SMIM36	chr17	55448433	55511444	3	3	3
ENSG00000236319.2	AC105021.1	chr17	55526964	55561577	3	3	3
ENSG00000262135.1	GARS1P1	chr17	55550931	55551649	3	3	3
ENSG00000200107.1	RNU6-1249P	chr17	55551810	55551920	3	3	3
ENSG00000166292.12	TMEM100	chr17	55719627	55732121	3	3	3
ENSG00000141179.14	PCTP	chr17	55751051	55842830	3	3	3
ENSG00000262052.1	AC090618.1	chr17	55842677	55872939	3	3	3
ENSG00000153930.12	ANKFN1	chr17	55882301	56511659	3	3	3
ENSG00000261882.1	AC006600.1	chr17	56368063	56368215	3	3	3
ENSG00000279606.1	AC006600.2	chr17	56471142	56473647	3	3	3
ENSG00000243058.1	RPL39P33	chr17	56573040	56573195	3	3	3
ENSG00000183691.6	NOG	chr17	56593699	56595611	3	3	3
ENSG00000214226.9	C17orf67	chr17	56791913	56838773	3	3	3
ENSG00000283209.1	AC106858.1	chr17	56803841	56804269	3	3	3
ENSG00000153933.10	DGKE	chr17	56834107	56869567	3	3	3
ENSG00000121060.18	TRIM25	chr17	56836387	56914080	3	3	3
ENSG00000212469.1	RNU6-1158P	chr17	56871170	56871276	3	3	3
ENSG00000262408.1	AC015912.2	chr17	56884639	56884819	3	3	3
ENSG00000262112.1	AC015912.1	chr17	56888880	56891841	3	3	3
ENSG00000284542.1	MIR3614	chr17	56891270	56891355	3	3	3
ENSG00000274213.1	AC015912.3	chr17	56914186	56914533	3	3	3
ENSG00000121058.5	COIL	chr17	56938199	56961050	3	3	3
ENSG00000262298.1	AC004584.1	chr17	56939932	56941275	3	3	3
ENSG00000262623.1	AC004584.2	chr17	56951664	56952404	3	3	3
ENSG00000121064.13	SCPEP1	chr17	56978129	57006768	3	3	3
ENSG00000263120.1	AC004584.3	chr17	56982749	56985104	3	3	3
ENSG00000261192.1	RNF126P1	chr17	57045478	57046797	3	3	3
ENSG00000263004.2	AC007114.1	chr17	57071814	57085024	3	3	3
ENSG00000121057.13	AKAP1	chr17	57085092	57121346	3	3	3
ENSG00000263089.1	AC007114.2	chr17	57092145	57096425	3	3	3
ENSG00000285785.1	AC003950.1	chr17	57196081	57213300	3	3	3
ENSG00000286732.1	AC091181.2	chr17	57253236	57255855	3	3	3
ENSG00000153944.12	MSI2	chr17	57255851	57684689	3	3	3
ENSG00000279555.1	AC091181.1	chr17	57277920	57280017	3	3	3
ENSG00000279281.1	AC015883.1	chr17	57448218	57450291	3	3	3
ENSG00000266100.1	AC007431.2	chr17	57522248	57523597	3	3	3
ENSG00000280028.1	AC007431.3	chr17	57531769	57532355	3	3	3
ENSG00000263499.1	AC007431.1	chr17	57600856	57608412	3	3	3
ENSG00000242889.3	RN7SL449P	chr17	57618108	57618393	3	3	3
ENSG00000238447.1	RNU7-134P	chr17	57685529	57685592	3	3	3
ENSG00000166329.3	CCDC182	chr17	57744495	57745299	3	3	3
ENSG00000265542.5	AC015845.2	chr17	57771946	57834749	3	3	3
ENSG00000222976.1	RN7SKP94	chr17	57789449	57789732	3	3	3
ENSG00000181610.13	MRPS23	chr17	57834781	57850056	3	3	3
ENSG00000180891.13	CUEDC1	chr17	57861243	57955412	3	3	3
ENSG00000264914.1	AC015845.1	chr17	57912333	57922581	3	3	3
ENSG00000278642.1	AC015813.4	chr17	57955965	57956143	3	3	3
ENSG00000136451.9	VEZF1	chr17	57971547	57988259	3	3	3
ENSG00000280233.1	AC015813.7	chr17	57988180	57988760	3	3	3
ENSG00000266086.3	AC015813.2	chr17	57989038	58007246	3	3	3
ENSG00000264112.1	AC015813.1	chr17	57989039	57994850	3	3	3
ENSG00000136450.13	SRSF1	chr17	58000919	58007346	3	3	3
ENSG00000279069.1	AC015813.5	chr17	58006674	58008187	3	3	3
ENSG00000285930.1	AC015813.8	chr17	58050789	58060739	3	3	3
ENSG00000266290.1	AC015813.3	chr17	58076891	58083204	3	3	3
ENSG00000264364.3	DYNLL2	chr17	58083419	58095542	3	3	3
ENSG00000279207.1	AC015813.6	chr17	58095672	58101479	3	3	3
ENSG00000141194.6	OR4D1	chr17	58148449	58159555	3	3	3
ENSG00000229590.3	MSX2P1	chr17	58157028	58157800	3	3	3
ENSG00000255713.2	OR4D2	chr17	58166982	58171411	3	3	3
ENSG00000121053.6	EPX	chr17	58192726	58205174	3	3	3
ENSG00000278627.1	AC005962.1	chr17	58202352	58203003	3	3	3
ENSG00000011143.19	MKS1	chr17	58205441	58219605	3	3	3
ENSG00000167419.11	LPO	chr17	58218548	58268518	3	3	3
ENSG00000287337.1	AC005962.2	chr17	58219375	58233479	3	3	3
ENSG00000286788.1	AC004687.3	chr17	58241164	58247385	3	3	3
ENSG00000005381.8	MPO	chr17	58269855	58280935	3	3	3
ENSG00000005379.17	TSPOAP1	chr17	58301228	58328795	3	3	3
ENSG00000265148.6	TSPOAP1-AS1	chr17	58324472	58415766	3	3	3
ENSG00000265206.5	AC004687.1	chr17	58330884	58332508	3	3	3
ENSG00000284353.1	MIR142	chr17	58331232	58331318	3	3	3
ENSG00000264399.1	MIR4736	chr17	58335976	58336022	3	3	3
ENSG00000213246.7	SUPT4H1	chr17	58345175	58353093	3	3	3
ENSG00000285897.1	AC004687.2	chr17	58345206	58417595	3	3	3
ENSG00000108375.13	RNF43	chr17	58353676	58417595	3	3	3
ENSG00000176160.11	HSF5	chr17	58420167	58488408	3	3	3
ENSG00000266648.1	SETP3	chr17	58476138	58476950	3	3	3
ENSG00000108389.9	MTMR4	chr17	58489529	58517905	3	3	3
ENSG00000264672.6	SEPTIN4-AS1	chr17	58519837	58557799	3	3	3
ENSG00000108387.15	SEPTIN4	chr17	58520250	58544368	3	3	3
ENSG00000121101.16	TEX14	chr17	58556678	58692055	3	3	3
ENSG00000212195.2	U3	chr17	58631641	58631836	3	3	3
ENSG00000266826.2	IGBP1P2	chr17	58660424	58692018	3	3	3
ENSG00000199426.1	RNU1-108P	chr17	58666537	58666697	3	3	3
ENSG00000266561.2	AC011195.1	chr17	58675286	58675462	3	3	3
ENSG00000206917.1	RNU1-52P	chr17	58677574	58677737	3	3	3
ENSG00000200997.1	RNVU1-34	chr17	58679527	58679690	3	3	3
ENSG00000108384.15	RAD51C	chr17	58692573	58735611	3	3	3
ENSG00000274198.1	AC025521.1	chr17	58747055	58747340	3	3	3
ENSG00000175175.6	PPM1E	chr17	58755854	58985179	3	3	3
ENSG00000276601.1	Metazoa_SRP	chr17	58785323	58785608	3	3	3
ENSG00000251865.1	RNU6-518P	chr17	58835899	58835994	3	3	3
ENSG00000241462.1	AC100832.1	chr17	58897776	58899692	3	3	3
ENSG00000275680.1	Metazoa_SRP	chr17	58951185	58951513	3	3	3
ENSG00000263938.1	AC100832.2	chr17	58965952	58966727	3	3	3
ENSG00000108395.14	TRIM37	chr17	58982638	59106921	3	3	3
ENSG00000263558.2	RN7SL716P	chr17	59059226	59059493	3	3	3
ENSG00000224738.1	AC099850.1	chr17	59106598	59118267	3	3	3
ENSG00000182628.13	SKA2	chr17	59109857	59155260	3	3	3
ENSG00000252212.1	RNU2-58P	chr17	59129276	59129458	3	3	3
ENSG00000211514.1	MIR454	chr17	59137758	59137872	3	3	3
ENSG00000207996.1	MIR301A	chr17	59151136	59151221	3	3	3
ENSG00000068489.13	PRR11	chr17	59155732	59206709	3	3	3
ENSG00000266537.1	SPDYE22P	chr17	59174983	59181787	3	3	3
ENSG00000265303.1	AC099850.2	chr17	59197566	59215226	3	3	3
ENSG00000265415.1	AC099850.3	chr17	59202677	59203829	3	3	3
ENSG00000167447.12	SMG8	chr17	59209400	59215247	3	3	3
ENSG00000153982.11	GDPD1	chr17	59220467	59275970	3	3	3
ENSG00000207235.1	Y_RNA	chr17	59260748	59260846	3	3	3
ENSG00000271063.1	SNRPGP17	chr17	59281130	59281343	3	3	3
ENSG00000175155.11	YPEL2	chr17	59331655	59401729	3	3	3
ENSG00000278863.1	AC091059.2	chr17	59362665	59363278	3	3	3
ENSG00000263857.1	MIR4729	chr17	59366083	59366154	3	3	3
ENSG00000266002.1	AC091059.1	chr17	59400488	59403303	3	3	3
ENSG00000265313.7	LINC01476	chr17	59422088	59526946	3	3	3
ENSG00000200889.1	RNU4-13P	chr17	59537359	59537499	3	3	3
ENSG00000108406.10	DHX40	chr17	59565558	59608345	3	3	3
ENSG00000273702.1	AC091271.1	chr17	59618553	59619714	3	3	3
ENSG00000141367.12	CLTC	chr17	59619689	59696956	3	3	3
ENSG00000141378.15	PTRH2	chr17	59674636	59707626	3	3	3
ENSG00000062716.13	VMP1	chr17	59707192	59842255	3	3	3
ENSG00000267637.1	AC040904.1	chr17	59784813	59785035	3	3	3
ENSG00000284190.1	MIR21	chr17	59841266	59841337	3	3	3
ENSG00000201524.1	RNU6-450P	chr17	59847438	59847544	3	3	3
ENSG00000108423.15	TUBD1	chr17	59859479	59892945	3	3	3
ENSG00000270264.1	NDUFB8P2	chr17	59885015	59885552	3	3	3
ENSG00000108443.14	RPS6KB1	chr17	59893046	59950574	3	3	3
ENSG00000241913.1	RPS29P21	chr17	59912197	59912366	3	3	3
ENSG00000267318.1	AC005702.1	chr17	59940908	59973101	3	3	3
ENSG00000189050.16	RNFT1	chr17	59952240	59964761	3	3	3
ENSG00000267104.2	TBC1D3P1-DHX40P1	chr17	59962363	60018975	3	3	3
ENSG00000267302.5	RNFT1-DT	chr17	59964832	59996972	3	3	3
ENSG00000266992.1	DHX40P1	chr17	59976009	60002384	3	3	3
ENSG00000238283.3	TBC1D3P1	chr17	60008437	60017498	3	3	3
ENSG00000287664.1	AC005702.5	chr17	60019149	60020006	3	3	3
ENSG00000275860.1	AC005702.4	chr17	60021072	60022436	3	3	3
ENSG00000274378.1	AC005702.3	chr17	60025859	60030746	3	3	3
ENSG00000068097.15	HEATR6	chr17	60041008	60078922	3	3	3
ENSG00000264049.1	MIR4737	chr17	60043025	60043105	3	3	3
ENSG00000267526.1	AC005702.2	chr17	60063004	60064782	3	3	3
ENSG00000267416.1	AC025048.4	chr17	60079309	60088695	3	3	3
ENSG00000261040.7	WFDC21P	chr17	60083566	60091885	3	3	3
ENSG00000280852.2	AC025048.6	chr17	60101759	60102919	3	3	3
ENSG00000267295.1	AC025048.3	chr17	60113793	60120687	3	3	3
ENSG00000267248.3	AC025048.2	chr17	60122642	60135743	3	3	3
ENSG00000277532.1	AC025048.5	chr17	60124110	60125474	3	3	3
ENSG00000286435.1	AC025048.7	chr17	60135039	60136271	3	3	3
ENSG00000267095.1	AC025048.1	chr17	60135762	60140081	3	3	3
ENSG00000167434.10	CA4	chr17	60149942	60170899	3	3	3
ENSG00000170832.13	USP32	chr17	60177327	60422470	3	3	3
ENSG00000252577.1	SCARNA20	chr17	60231516	60231646	3	3	3
ENSG00000241157.1	AC104763.1	chr17	60245288	60245647	3	3	3
ENSG00000275562.1	AC104763.2	chr17	60256720	60258411	3	3	3
ENSG00000271626.1	H3P42	chr17	60315834	60316215	3	3	3
ENSG00000141371.13	C17orf64	chr17	60392429	60431426	3	3	3
ENSG00000213228.5	RPL12P38	chr17	60433678	60435996	3	3	3
ENSG00000062725.10	APPBP2	chr17	60443158	60526242	3	3	3
ENSG00000270553.1	AC011921.3	chr17	60513190	60513550	3	3	3
ENSG00000259349.2	AC011921.1	chr17	60526293	60550798	3	3	3
ENSG00000267678.1	AC011921.2	chr17	60562010	60562161	3	3	3
ENSG00000267772.1	LINC01999	chr17	60564547	60586623	3	3	3
ENSG00000266943.1	RPSAP66	chr17	60564740	60565671	3	3	3
ENSG00000170836.12	PPM1D	chr17	60600183	60666280	3	3	3
ENSG00000200013.1	RNU6-623P	chr17	60662333	60662437	3	3	3
ENSG00000141376.23	BCAS3	chr17	60677453	61392838	3	3	3
ENSG00000239932.3	RN7SL606P	chr17	60696313	60696605	3	3	3
ENSG00000224011.1	AC110602.1	chr17	60727165	60727482	3	3	3
ENSG00000252534.1	Y_RNA	chr17	60748940	60749046	3	3	3
ENSG00000267083.1	KRT18P61	chr17	60810165	60811462	3	3	3
ENSG00000254114.1	HMGN1P28	chr17	60851382	60851745	3	3	3
ENSG00000264322.2	RN7SL448P	chr17	60899891	60900185	3	3	3
ENSG00000267207.1	AC005884.1	chr17	61034636	61070122	3	3	3
ENSG00000267449.1	AC005884.2	chr17	61069856	61070356	3	3	3
ENSG00000227694.1	RPL23AP74	chr17	61069871	61070341	3	3	3
ENSG00000286997.1	AC005856.1	chr17	61119095	61135969	3	3	3
ENSG00000273982.1	AC005746.3	chr17	61354763	61355155	3	3	3
ENSG00000267131.1	AC005746.2	chr17	61361668	61400243	3	3	3
ENSG00000266934.1	AC005746.1	chr17	61382785	61384680	3	3	3
ENSG00000267280.5	TBX2-AS1	chr17	61393456	61411555	3	3	3
ENSG00000121068.14	TBX2	chr17	61399843	61409466	3	3	3
ENSG00000187013.4	LINC02875	chr17	61411751	61413280	3	3	3
ENSG00000121075.11	TBX4	chr17	61452404	61485110	3	3	3
ENSG00000267137.1	AC005901.1	chr17	61460224	61463384	3	3	3
ENSG00000253506.3	NACA2	chr17	61590421	61591219	3	3	3
ENSG00000136492.9	BRIP1	chr17	61679139	61863528	3	3	3
ENSG00000108506.13	INTS2	chr17	61865367	61928016	3	3	3
ENSG00000202361.1	Y_RNA	chr17	61874084	61874182	3	3	3
ENSG00000108510.10	MED13	chr17	61942605	62065278	3	3	3
ENSG00000279133.1	AC018628.1	chr17	62003700	62007518	3	3	3
ENSG00000242398.3	RN7SL800P	chr17	62005737	62006016	3	3	3
ENSG00000285879.1	AC018628.2	chr17	62035944	62040352	3	3	3
ENSG00000200842.1	Y_RNA	chr17	62036833	62036945	3	3	3
ENSG00000207123.1	Y_RNA	chr17	62122320	62122421	3	3	3
ENSG00000266066.1	POLRMTP1	chr17	62136972	62140639	3	3	3
ENSG00000266365.1	AC053481.3	chr17	62231470	62247153	3	3	3
ENSG00000266647.1	AC053481.4	chr17	62260634	62261936	3	3	3
ENSG00000188755.10	TBC1D3P2	chr17	62264705	62275655	3	3	3
ENSG00000263887.7	AC053481.2	chr17	62282702	62297026	3	3	3
ENSG00000242123.1	AC053481.1	chr17	62319884	62320189	3	3	3
ENSG00000172421.10	EFCAB3	chr17	62343941	62416480	3	3	3
ENSG00000239809.1	AC008026.2	chr17	62381668	62382015	3	3	3
ENSG00000251981.1	RNU7-52P	chr17	62383104	62383166	3	3	3
ENSG00000239527.1	RPS23P7	chr17	62397397	62398142	3	3	3
ENSG00000087995.16	METTL2A	chr17	62423875	62453385	3	3	3
ENSG00000146872.18	TLK2	chr17	62458658	62615481	3	3	3
ENSG00000239246.3	AC008026.1	chr17	62516321	62516767	3	3	3
ENSG00000264546.1	AC008026.3	chr17	62549726	62552121	3	3	3
ENSG00000277463.1	AC080038.2	chr17	62626031	62626453	3	3	3
ENSG00000274565.1	AC080038.1	chr17	62626437	62627590	3	3	3
ENSG00000011028.14	MRC2	chr17	62627670	62693597	3	3	3
ENSG00000207382.1	Y_RNA	chr17	62661621	62661725	3	3	3
ENSG00000279713.1	AC080038.3	chr17	62679403	62681354	3	3	3
ENSG00000199697.1	RNU6-446P	chr17	62683905	62684010	3	3	3
ENSG00000265702.2	AC005821.1	chr17	62699244	62754973	3	3	3
ENSG00000173838.12	MARCHF10	chr17	62701314	62808344	3	3	3
ENSG00000287457.1	AC005821.2	chr17	62789109	62791765	3	3	3
ENSG00000265000.1	MARCHF10-DT	chr17	62808500	62836371	3	3	3
ENSG00000264907.1	PRELID3BP3	chr17	62841101	62841645	3	3	3
ENSG00000283538.3	AC005972.3	chr17	62910021	62968549	3	3	3
ENSG00000207552.1	MIR633	chr17	62944215	62944312	3	3	3
ENSG00000265262.1	TRMT112P3	chr17	62950831	62951188	3	3	3
ENSG00000270324.1	AC005972.1	chr17	62978494	62978841	3	3	3
ENSG00000272164.1	AC005972.2	chr17	63004672	63005152	3	3	3
ENSG00000170921.15	TANC2	chr17	63009556	63427699	3	3	3
ENSG00000272383.1	AC006270.2	chr17	63088162	63089197	3	3	3
ENSG00000264513.1	AC006270.1	chr17	63117019	63130947	3	3	3
ENSG00000264529.1	DNAJB6P8	chr17	63182166	63182817	3	3	3
ENSG00000233635.2	AC015923.1	chr17	63193930	63339053	3	3	3
ENSG00000263501.1	AC005828.2	chr17	63305262	63313521	3	3	3
ENSG00000271919.1	AC005828.7	chr17	63331984	63332539	3	3	3
ENSG00000226797.2	AC005828.1	chr17	63381231	63414430	3	3	3
ENSG00000263644.1	AC005828.3	chr17	63391191	63431089	3	3	3
ENSG00000271749.1	AC005828.6	chr17	63393355	63393586	3	3	3
ENSG00000265282.1	AC005828.4	chr17	63430468	63432211	3	3	3
ENSG00000008283.16	CYB561	chr17	63432304	63446354	3	3	3
ENSG00000265971.1	AC005828.5	chr17	63454993	63455817	3	3	3
ENSG00000228979.4	PPIAP55	chr17	63471604	63472093	3	3	3
ENSG00000159640.17	ACE	chr17	63477061	63498380	3	3	3
ENSG00000264813.6	AC113554.1	chr17	63484823	63521848	3	3	3
ENSG00000224353.2	ACE3P	chr17	63507056	63519806	3	3	3
ENSG00000173826.15	KCNH6	chr17	63523334	63548977	3	3	3
ENSG00000136485.15	DCAF7	chr17	63550477	63594279	3	3	3
ENSG00000200560.1	RNU6-288P	chr17	63573242	63573345	3	3	3
ENSG00000136463.8	TACO1	chr17	63600882	63608365	3	3	3
ENSG00000270587.1	AC046185.2	chr17	63610772	63611184	3	3	3
ENSG00000198909.8	MAP3K3	chr17	63622415	63696305	3	3	3
ENSG00000263883.1	EEF1DP7	chr17	63636601	63637113	3	3	3
ENSG00000266173.7	STRADA	chr17	63682336	63741986	3	3	3
ENSG00000136490.9	LIMD2	chr17	63695888	63701172	3	3	3
ENSG00000279369.1	AC046185.3	chr17	63700847	63702670	3	3	3
ENSG00000125695.12	AC046185.1	chr17	63702845	63752097	3	3	3
ENSG00000108588.14	CCDC47	chr17	63745255	63776351	3	3	3
ENSG00000198231.13	DDX42	chr17	63773603	63819317	3	3	3
ENSG00000108592.17	FTSJ3	chr17	63819433	63830012	3	3	3
ENSG00000087191.13	PSMC5	chr17	63827152	63832026	3	3	3
ENSG00000108604.16	SMARCD2	chr17	63832081	63843065	3	3	3
ENSG00000240280.7	TCAM1P	chr17	63849292	63864379	3	3	3
ENSG00000213218.11	CSH2	chr17	63872012	63873766	3	3	3
ENSG00000136487.18	GH2	chr17	63880215	63881944	3	3	3
ENSG00000259533.2	AC040958.1	chr17	63885810	63886411	3	3	3
ENSG00000136488.15	CSH1	chr17	63894909	63896661	3	3	3
ENSG00000259333.1	AC127029.1	chr17	63900643	63900879	3	3	3
ENSG00000204414.13	CSHL1	chr17	63909597	63918838	3	3	3
ENSG00000259384.7	GH1	chr17	63917200	63918839	3	3	3
ENSG00000285947.1	AC127029.3	chr17	63917203	63931385	3	3	3
ENSG00000007312.13	CD79B	chr17	63928740	63932336	3	3	3
ENSG00000007314.12	SCN4A	chr17	63938554	63972918	3	3	3
ENSG00000263489.1	AC127029.2	chr17	63972920	63989422	3	3	3
ENSG00000264954.2	PRR29-AS1	chr17	63995418	63999899	3	3	3
ENSG00000224383.8	PRR29	chr17	63998351	64004305	3	3	3
ENSG00000108622.11	ICAM2	chr17	64002594	64020634	3	3	3
ENSG00000178607.16	ERN1	chr17	64039142	64130819	3	3	3
ENSG00000286629.1	AC005803.1	chr17	64067619	64070270	3	3	3
ENSG00000266402.3	SNHG25	chr17	64145970	64146476	3	3	3
ENSG00000199753.1	SNORD104	chr17	64146083	64146152	3	3	3
ENSG00000281311.1	AC025362.1	chr17	64146337	64146471	3	3	3
ENSG00000277887.1	SNORA50C	chr17	64146339	64146471	3	3	3
ENSG00000136478.8	TEX2	chr17	64147227	64263260	3	3	3
ENSG00000256358.1	RPL31P57	chr17	64308316	64308690	3	3	3
ENSG00000261371.6	PECAM1	chr17	64319415	64413776	3	3	3
ENSG00000239823.2	Y_RNA	chr17	64390158	64390263	3	3	3
ENSG00000265031.1	AC234063.1	chr17	64425069	64425170	3	3	3
ENSG00000271605.6	MILR1	chr17	64449037	64468643	3	3	3
ENSG00000256525.8	POLG2	chr17	64477785	64497054	3	3	3
ENSG00000256826.1	ATP5MFP4	chr17	64491523	64491789	3	3	3
ENSG00000108654.16	DDX5	chr17	64498254	64508199	3	3	3
ENSG00000284564.1	MIR3064	chr17	64500774	64500839	3	3	3
ENSG00000284368.1	MIR5047	chr17	64501214	64501313	3	3	3
ENSG00000258890.7	CEP95	chr17	64506865	64542461	3	3	3
ENSG00000108854.16	SMURF2	chr17	64542282	64662307	3	3	3
ENSG00000271779.1	AC009994.1	chr17	64572829	64573081	3	3	3
ENSG00000270714.1	MICOS10P2	chr17	64747264	64747492	3	3	3
ENSG00000215769.8	ARHGAP27P1-BPTFP1-KPNA2P3	chr17	64749663	64781707	3	3	3
ENSG00000266820.1	KPNA2P3	chr17	64749918	64758603	3	3	3
ENSG00000265298.1	AC132812.1	chr17	64750420	64751311	3	3	3
ENSG00000263647.1	BPTFP1	chr17	64761912	64762710	3	3	3
ENSG00000265982.1	AC103810.3	chr17	64778842	64778937	3	3	3
ENSG00000214176.9	PLEKHM1P1	chr17	64779259	64837154	3	3	3
ENSG00000278581.1	MIR6080	chr17	64780759	64780824	3	3	3
ENSG00000284172.1	MIR4315-2	chr17	64822030	64822102	3	3	3
ENSG00000252242.1	RNU7-115P	chr17	64825765	64825819	3	3	3
ENSG00000272400.1	AC103810.9	chr17	64847386	64847728	3	3	3
ENSG00000176809.10	LRRC37A3	chr17	64854312	64919480	3	3	3
ENSG00000264840.1	RN7SL404P	chr17	64871504	64871784	3	3	3
ENSG00000272134.1	AC103810.6	chr17	64881091	64881181	3	3	3
ENSG00000272220.1	AC103810.7	chr17	64892728	64892845	3	3	3
ENSG00000265218.1	AC103810.2	chr17	64892729	64910180	3	3	3
ENSG00000266644.1	AC103810.5	chr17	64899766	64900716	3	3	3
ENSG00000271974.1	RDM1P4	chr17	64905883	64906018	3	3	3
ENSG00000264057.1	AC103810.1	chr17	64927634	64934203	3	3	3
ENSG00000266155.2	AC103810.4	chr17	64936485	64940229	3	3	3
ENSG00000280299.1	AC037487.4	chr17	64940602	64954177	3	3	3
ENSG00000272346.2	AC103810.8	chr17	64940606	64940717	3	3	3
ENSG00000265912.1	AC037487.1	chr17	64943262	64951054	3	3	3
ENSG00000272006.1	AC037487.3	chr17	64951498	64951609	3	3	3
ENSG00000232457.4	SLC16A6P1	chr17	64953683	64956546	3	3	3
ENSG00000214174.8	AMZ2P1	chr17	64966550	64975576	3	3	3
ENSG00000120063.10	GNA13	chr17	65009289	65056740	3	3	3
ENSG00000266598.1	AC037487.2	chr17	65051909	65053308	3	3	3
ENSG00000108370.17	RGS9	chr17	65100812	65227703	3	3	3
ENSG00000265883.1	AC060771.1	chr17	65185319	65185482	3	3	3
ENSG00000263520.1	LINC02563	chr17	65457541	65458408	3	3	3
ENSG00000168646.13	AXIN2	chr17	65528563	65561648	3	3	3
ENSG00000266076.1	AC004805.1	chr17	65538102	65641033	3	3	3
ENSG00000154240.17	CEP112	chr17	65635537	66192133	3	3	3
ENSG00000271587.1	AC004805.3	chr17	65644308	65644617	3	3	3
ENSG00000270870.1	AC004805.2	chr17	65654914	65655395	3	3	3
ENSG00000266707.1	PSMD7P1	chr17	66197693	66198238	3	3	3
ENSG00000091583.11	APOH	chr17	66212033	66256525	3	3	3
ENSG00000252653.1	RNA5SP444	chr17	66267743	66267848	3	3	3
ENSG00000284242.1	AC009452.1	chr17	66278059	66278664	3	3	3
ENSG00000154229.12	PRKCA	chr17	66302613	66810743	3	3	3
ENSG00000244044.3	RN7SL735P	chr17	66364029	66364320	3	3	3
ENSG00000264630.5	PRKCA-AS1	chr17	66398069	66416854	3	3	3
ENSG00000252685.1	RNU6-928P	chr17	66638271	66638374	3	3	3
ENSG00000251698.1	RNA5SP445	chr17	66639269	66639383	3	3	3
ENSG00000229330.2	AC006947.1	chr17	66676372	66677404	3	3	3
ENSG00000207943.1	MIR634	chr17	66787072	66787168	3	3	3
ENSG00000075429.9	CACNG5	chr17	66835117	66894751	3	3	3
ENSG00000251764.1	RNA5SP446	chr17	66895491	66895572	3	3	3
ENSG00000075461.6	CACNG4	chr17	66964707	67033398	3	3	3
ENSG00000264491.1	AC005544.1	chr17	67019934	67021743	3	3	3
ENSG00000265664.1	AC005544.2	chr17	67032409	67033290	3	3	3
ENSG00000108878.5	CACNG1	chr17	67044554	67056797	3	3	3
ENSG00000198265.12	HELZ	chr17	67070444	67245989	3	3	3
ENSG00000264421.1	AC007448.3	chr17	67224303	67225541	3	3	3
ENSG00000213180.4	RPL36AP48	chr17	67224728	67225041	3	3	3
ENSG00000285877.1	AC007448.5	chr17	67244282	67273503	3	3	3
ENSG00000266473.1	AC007448.4	chr17	67244837	67245806	3	3	3
ENSG00000200619.1	RNA5SP447	chr17	67268110	67268228	3	3	3
ENSG00000207410.1	AC007448.1	chr17	67271469	67271607	3	3	3
ENSG00000264093.1	AC007448.2	chr17	67276118	67276351	3	3	3
ENSG00000197170.10	PSMD12	chr17	67337916	67366605	3	3	3
ENSG00000154217.15	PITPNC1	chr17	67377281	67697261	3	3	3
ENSG00000201547.1	Y_RNA	chr17	67408774	67408881	3	3	3
ENSG00000244610.3	RN7SL756P	chr17	67457023	67457290	3	3	3
ENSG00000207688.2	MIR548AA2	chr17	67471489	67471585	3	3	3
ENSG00000263690.2	MIR548D2	chr17	67471489	67471585	3	3	3
ENSG00000264754.1	AC110921.1	chr17	67524481	67525422	3	3	3
ENSG00000279917.1	AC079331.2	chr17	67611277	67613822	3	3	3
ENSG00000279361.1	AC079331.1	chr17	67637774	67638973	3	3	3
ENSG00000288109.1	AC079331.3	chr17	67658015	67659465	3	3	3
ENSG00000130935.10	NOL11	chr17	67717931	67744531	3	3	3
ENSG00000200394.1	SNORA38B	chr17	67740669	67740799	3	3	3
ENSG00000266858.1	RPSAP67	chr17	67774591	67777324	3	3	3
ENSG00000213179.4	RPL17P41	chr17	67784753	67785293	3	3	3
ENSG00000171634.18	BPTF	chr17	67825503	67984378	3	3	3
ENSG00000266717.1	AC134407.1	chr17	67950885	67951746	3	3	3
ENSG00000279573.1	AC134407.2	chr17	67955314	67957291	3	3	3
ENSG00000279880.1	AC134407.3	chr17	67973934	67976072	3	3	3
ENSG00000265052.2	RN7SL622P	chr17	67977698	67977972	3	3	3
ENSG00000186665.10	C17orf58	chr17	67991099	67996469	3	3	3
ENSG00000182481.10	KPNA2	chr17	68035636	68047364	3	3	3
ENSG00000266117.1	FBXO36P1	chr17	68095068	68095757	3	3	3
ENSG00000265055.2	AC145343.1	chr17	68096046	68101496	3	3	3
ENSG00000237854.3	LINC00674	chr17	68101908	68115518	3	3	3
ENSG00000267023.5	LRRC37A16P	chr17	68125777	68152468	3	3	3
ENSG00000278730.1	AC005332.6	chr17	68126666	68129586	3	3	3
ENSG00000274561.1	AC005332.3	chr17	68131462	68131907	3	3	3
ENSG00000277476.1	AC005332.5	chr17	68133201	68135935	3	3	3
ENSG00000267352.1	SH3GL1P3	chr17	68134675	68135604	3	3	3
ENSG00000267708.1	RDM1P3	chr17	68152776	68159043	3	3	3
ENSG00000278740.1	AC005332.7	chr17	68188547	68189165	3	3	3
ENSG00000267731.1	AC005332.2	chr17	68189884	68192802	3	3	3
ENSG00000267472.1	ARHGAP27P2	chr17	68198921	68199596	3	3	3
ENSG00000274712.2	AC005332.4	chr17	68205489	68207493	3	3	3
ENSG00000196704.13	AMZ2	chr17	68206076	68257712	3	3	3
ENSG00000265100.1	AC005332.1	chr17	68246629	68247938	3	3	3
ENSG00000141337.12	ARSG	chr17	68259182	68422731	3	3	3
ENSG00000108932.12	SLC16A6	chr17	68267026	68291267	3	3	3
ENSG00000267009.6	AC007780.1	chr17	68413623	68524949	3	3	3
ENSG00000070540.13	WIPI1	chr17	68420948	68457513	3	3	3
ENSG00000207561.1	MIR635	chr17	68424451	68424548	3	3	3
ENSG00000108946.15	PRKAR1A	chr17	68511780	68551319	3	3	3
ENSG00000108950.12	FAM20A	chr17	68535113	68601367	3	3	3
ENSG00000267461.1	AC079210.1	chr17	68557516	68582577	3	3	3
ENSG00000267659.5	LINC01482	chr17	68591796	68763882	3	3	3
ENSG00000283376.1	AC011591.2	chr17	68691809	68716064	3	3	3
ENSG00000267250.1	AC011591.1	chr17	68793549	68797822	3	3	3
ENSG00000141338.14	ABCA8	chr17	68867289	68955392	3	3	3
ENSG00000231749.3	ABCA9-AS1	chr17	68944531	69042784	3	3	3
ENSG00000154258.17	ABCA9	chr17	68974488	69060949	3	3	3
ENSG00000154262.13	ABCA6	chr17	69078702	69141895	3	3	3
ENSG00000267361.1	SEC24AP1	chr17	69094289	69095499	3	3	3
ENSG00000265331.1	MIR4524B	chr17	69099542	69099656	3	3	3
ENSG00000283385.1	MIR4524A	chr17	69099564	69099632	3	3	3
ENSG00000154263.17	ABCA10	chr17	69147214	69244846	3	3	3
ENSG00000278873.1	PRO1804	chr17	69232963	69235012	3	3	3
ENSG00000285931.1	AC005495.1	chr17	69242230	69244097	3	3	3
ENSG00000154265.16	ABCA5	chr17	69244311	69327244	3	3	3
ENSG00000267203.1	SNRPGP4	chr17	69318733	69318961	3	3	3
ENSG00000252352.1	AC115085.1	chr17	69355133	69355218	3	3	3
ENSG00000108984.15	MAP2K6	chr17	69414697	69553865	3	3	3
ENSG00000278972.1	AC015920.1	chr17	69433084	69435533	3	3	3
ENSG00000267653.1	AC002546.1	chr17	69477139	69501755	3	3	3
ENSG00000227517.7	LINC01483	chr17	69577251	69903000	3	3	3
ENSG00000267184.1	AC002545.1	chr17	69707193	69707373	3	3	3
ENSG00000237560.7	LINC01497	chr17	69961568	69994845	3	3	3
ENSG00000199801.1	Y_RNA	chr17	69985986	69986094	3	3	3
ENSG00000230258.6	AC005208.1	chr17	70017324	70128859	3	3	3
ENSG00000267603.1	LINC01028	chr17	70051277	70068095	3	3	3
ENSG00000153822.14	KCNJ16	chr17	70053429	70135608	3	3	3
ENSG00000267365.1	KCNJ2-AS1	chr17	70166961	70169402	3	3	3
ENSG00000123700.5	KCNJ2	chr17	70168673	70180044	3	3	3
ENSG00000267170.1	CALM2P1	chr17	70241324	70241761	3	3	3
ENSG00000267109.1	AC011990.1	chr17	70312831	70368916	3	3	3
ENSG00000267471.1	AC005771.1	chr17	70628917	70629265	3	3	3
ENSG00000271239.1	AC007423.1	chr17	70778604	70779230	3	3	3
ENSG00000271101.1	AC005181.1	chr17	71011997	71013587	3	3	3
ENSG00000260785.2	CASC17	chr17	71097774	71202203	3	3	3
ENSG00000238759.1	RNU7-155P	chr17	71298156	71298218	3	3	3
ENSG00000225818.1	AC118653.1	chr17	71596338	71597279	3	3	3
ENSG00000228118.3	MYL6P5	chr17	71620978	71621436	3	3	3
ENSG00000286387.1	AC007432.1	chr17	71678899	71743468	3	3	3
ENSG00000283517.1	AC005144.1	chr17	71829870	71871750	3	3	3
ENSG00000228639.8	ROCR	chr17	72021851	72058073	3	3	3
ENSG00000256124.6	LINC01152	chr17	72030291	72041310	3	3	3
ENSG00000288605.1	AC007461.1	chr17	72033772	72220948	3	3	3
ENSG00000234899.11	SOX9-AS1	chr17	72067099	72237203	3	3	3
ENSG00000226101.2	LINC02097	chr17	72072333	72103035	3	3	3
ENSG00000125398.8	SOX9	chr17	72121020	72126416	3	3	3
ENSG00000227036.8	LINC00511	chr17	72290091	72640472	3	3	3
ENSG00000264026.2	LINC02003	chr17	72342692	72355136	3	3	3
ENSG00000263680.2	AC007639.1	chr17	72425939	72428852	3	3	3
ENSG00000243514.2	RPL32P33	chr17	72627231	72627624	3	3	3
ENSG00000263893.2	AC080037.2	chr17	72642731	72644490	3	3	3
ENSG00000133195.11	SLC39A11	chr17	72645949	73092712	3	3	3
ENSG00000200783.1	RN7SKP180	chr17	72663823	72664152	3	3	3
ENSG00000252274.1	AC080037.1	chr17	72818836	72818972	3	3	3
ENSG00000264196.1	AC011120.1	chr17	72839039	72839718	3	3	3
ENSG00000266501.1	ATG12P1	chr17	73067870	73068288	3	3	3
ENSG00000265469.1	POLR3KP2	chr17	73163035	73163359	3	3	3
ENSG00000264860.1	AC097641.1	chr17	73164977	73196593	3	3	3
ENSG00000180616.9	SSTR2	chr17	73165010	73176633	3	3	3
ENSG00000166685.12	COG1	chr17	73192632	73208507	3	3	3
ENSG00000277728.1	AC097641.2	chr17	73202968	73203431	3	3	3
ENSG00000133193.12	FAM104A	chr17	73207353	73236753	3	3	3
ENSG00000141219.15	C17orf80	chr17	73232233	73248947	3	3	3
ENSG00000265010.1	AC087301.1	chr17	73243093	73244706	3	3	3
ENSG00000187959.9	CPSF4L	chr17	73248449	73262352	3	3	3
ENSG00000179604.10	CDC42EP4	chr17	73283624	73312005	3	3	3
ENSG00000069188.17	SDK2	chr17	73334384	73644445	3	3	3
ENSG00000264985.4	AC124804.1	chr17	73513469	73521407	3	3	3
ENSG00000264750.1	AC032019.1	chr17	73641026	73643106	3	3	3
ENSG00000265935.1	AC032019.2	chr17	73662568	73663848	3	3	3
ENSG00000263574.2	AC125421.1	chr17	73737854	73756932	3	3	3
ENSG00000177338.14	LINC00469	chr17	73749270	73828520	3	3	3
ENSG00000234721.3	LINC02092	chr17	73786675	73800966	3	3	3
ENSG00000265927.1	AC125421.2	chr17	73831572	73836019	3	3	3
ENSG00000266765.1	AC137735.1	chr17	73894749	73911878	3	3	3
ENSG00000288006.1	AC137735.3	chr17	73912190	73931436	3	3	3
ENSG00000285648.1	AC137735.2	chr17	73926421	73949906	3	3	3
ENSG00000266357.6	LINC02074	chr17	74043452	74154212	3	3	3
ENSG00000172809.13	RPL38	chr17	74203582	74210655	3	3	3
ENSG00000246731.3	MGC16275	chr17	74209980	74213342	3	3	3
ENSG00000141540.11	TTYH2	chr17	74213571	74262020	3	3	3
ENSG00000264272.1	AC100786.1	chr17	74256896	74262020	3	3	3
ENSG00000171595.14	DNAI2	chr17	74274234	74314884	3	3	3
ENSG00000266106.1	AC103809.1	chr17	74307210	74309790	3	3	3
ENSG00000196169.15	KIF19	chr17	74326210	74355820	3	3	3
ENSG00000204347.4	BTBD17	chr17	74356416	74361868	3	3	3
ENSG00000257008.6	GPR142	chr17	74367407	74372622	3	3	3
ENSG00000200021.1	RNA5SP448	chr17	74417594	74417704	3	3	3
ENSG00000170412.18	GPRC5C	chr17	74424851	74451653	3	3	3
ENSG00000167851.15	CD300A	chr17	74466399	74484794	3	3	3
ENSG00000178789.9	CD300LB	chr17	74521174	74531475	3	3	3
ENSG00000167850.4	CD300C	chr17	74541073	74546115	3	3	3
ENSG00000236770.1	AC079325.1	chr17	74549399	74552737	3	3	3
ENSG00000284690.3	CD300H	chr17	74560701	74567343	3	3	3
ENSG00000204345.1	CD300LD	chr17	74579365	74592283	3	3	3
ENSG00000182352.8	C17orf77	chr17	74584679	74594209	3	3	3
ENSG00000261222.3	AC064805.1	chr17	74599840	74607229	3	3	3
ENSG00000186407.7	CD300E	chr17	74609885	74623738	3	3	3
ENSG00000264659.2	AC064805.2	chr17	74670077	74677624	3	3	3
ENSG00000172794.20	RAB37	chr17	74670578	74747335	3	3	3
ENSG00000186074.19	CD300LF	chr17	74694311	74712978	3	3	3
ENSG00000266036.1	AC016888.1	chr17	74747319	74748912	3	3	3
ENSG00000284186.1	MIR3615	chr17	74748613	74748699	3	3	3
ENSG00000109062.12	SLC9A3R1	chr17	74748628	74769353	3	3	3
ENSG00000109065.12	NAT9	chr17	74770529	74776367	3	3	3
ENSG00000109066.14	TMEM104	chr17	74776499	74839753	3	3	3
ENSG00000161509.14	GRIN2C	chr17	74842023	74861504	3	3	3
ENSG00000161513.12	FDXR	chr17	74862497	74873031	3	3	3
ENSG00000172782.12	FADS6	chr17	74877302	74893781	3	3	3
ENSG00000182040.9	USH1G	chr17	74916083	74923256	3	3	3
ENSG00000183034.13	OTOP2	chr17	74922950	74933912	3	3	3
ENSG00000182938.7	OTOP3	chr17	74935898	74949992	3	3	3
ENSG00000167861.16	HID1	chr17	74950742	74973166	3	3	3
ENSG00000263586.1	HID1-AS1	chr17	74970704	74975728	3	3	3
ENSG00000109089.7	CDR2L	chr17	74987632	75005800	3	3	3
ENSG00000167862.10	MRPL58	chr17	75012670	75021261	3	3	3
ENSG00000252545.1	RNU6-362P	chr17	75031097	75031186	3	3	3
ENSG00000180901.11	KCTD2	chr17	75032575	75065889	3	3	3
ENSG00000167863.12	ATP5PD	chr17	75038863	75046985	3	3	3
ENSG00000239607.3	RN7SL573P	chr17	75041740	75042015	3	3	3
ENSG00000270993.1	AC111186.1	chr17	75060491	75060620	3	3	3
ENSG00000232724.1	TRIM80P	chr17	75074306	75079549	3	3	3
ENSG00000170190.16	SLC16A5	chr17	75087727	75106162	3	3	3
ENSG00000206713.1	Y_RNA	chr17	75089862	75089974	3	3	3
ENSG00000125449.7	ARMC7	chr17	75109952	75130272	3	3	3
ENSG00000125458.7	NT5C	chr17	75130225	75131757	3	3	3
ENSG00000279035.1	AC022211.4	chr17	75130883	75133043	3	3	3
ENSG00000189159.16	JPT1	chr17	75135248	75168281	3	3	3
ENSG00000265800.1	AC022211.3	chr17	75138416	75141350	3	3	3
ENSG00000263786.1	AC022211.1	chr17	75145261	75146546	3	3	3
ENSG00000252042.1	Y_RNA	chr17	75145670	75145762	3	3	3
ENSG00000188612.12	SUMO2	chr17	75165586	75182959	3	3	3
ENSG00000125450.11	NUP85	chr17	75205659	75235758	3	3	3
ENSG00000125447.18	GGA3	chr17	75236599	75262363	3	3	3
ENSG00000125445.11	MRPS7	chr17	75261674	75266376	3	3	3
ENSG00000125457.15	MIF4GD	chr17	75266228	75271231	3	3	3
ENSG00000263843.1	AC022211.2	chr17	75271369	75273895	3	3	3
ENSG00000125454.12	SLC25A19	chr17	75272981	75289510	3	3	3
ENSG00000177885.15	GRB2	chr17	75318076	75405709	3	3	3
ENSG00000228007.1	AC011933.1	chr17	75338827	75339147	3	3	3
ENSG00000265987.1	AC011933.4	chr17	75344405	75373662	3	3	3
ENSG00000264853.1	AC011933.2	chr17	75370947	75373736	3	3	3
ENSG00000265342.1	AC011933.3	chr17	75394123	75394963	3	3	3
ENSG00000264511.1	MIR3678	chr17	75406069	75406162	3	3	3
ENSG00000223217.1	RNU6-938P	chr17	75409086	75409188	3	3	3
ENSG00000202332.1	Y_RNA	chr17	75431990	75432087	3	3	3
ENSG00000177728.17	TMEM94	chr17	75441159	75500452	3	3	3
ENSG00000284595.1	MIR6785	chr17	75498548	75498628	3	3	3
ENSG00000177303.10	CASKIN2	chr17	75500261	75515537	3	3	3
ENSG00000182173.13	TSEN54	chr17	75516060	75524735	3	3	3
ENSG00000073350.14	LLGL2	chr17	75525080	75575209	3	3	3
ENSG00000266714.9	MYO15B	chr17	75588058	75626849	3	3	3
ENSG00000108469.15	RECQL5	chr17	75626845	75667189	3	3	3
ENSG00000204323.5	SMIM5	chr17	75633434	75641404	3	3	3
ENSG00000259120.3	SMIM6	chr17	75646243	75647975	3	3	3
ENSG00000161526.15	SAP30BP	chr17	75667251	75708062	3	3	3
ENSG00000264829.1	AC087749.2	chr17	75679474	75679967	3	3	3
ENSG00000264270.1	AC087749.1	chr17	75683543	75684799	3	3	3
ENSG00000132470.14	ITGB4	chr17	75721328	75757818	3	3	3
ENSG00000108479.12	GALK1	chr17	75751594	75765236	3	3	3
ENSG00000132475.10	H3-3B	chr17	75776434	75785893	3	3	3
ENSG00000283853.1	MIR4738	chr17	75784521	75784607	3	3	3
ENSG00000132478.10	UNK	chr17	75784806	75825799	3	3	3
ENSG00000266980.1	AC087289.1	chr17	75818815	75820055	3	3	3
ENSG00000092929.12	UNC13D	chr17	75827225	75844552	3	3	3
ENSG00000132471.12	WBP2	chr17	75845699	75856507	3	3	3
ENSG00000132481.7	TRIM47	chr17	75874164	75878581	3	3	3
ENSG00000267801.1	AC087289.5	chr17	75876372	75879546	3	3	3
ENSG00000141569.12	TRIM65	chr17	75880335	75896951	3	3	3
ENSG00000267342.1	AC087289.2	chr17	75897060	75900148	3	3	3
ENSG00000204316.13	MRPL38	chr17	75898644	75905093	3	3	3
ENSG00000267426.5	AC087289.3	chr17	75898645	75930129	3	3	3
ENSG00000188878.19	FBF1	chr17	75909574	75941140	3	3	3
ENSG00000161533.12	ACOX1	chr17	75941507	75979177	3	3	3
ENSG00000267615.1	AC087289.4	chr17	75943832	75945142	3	3	3
ENSG00000261408.7	TEN1-CDK3	chr17	75979231	76005999	3	3	3
ENSG00000257949.7	TEN1	chr17	75979240	76000586	3	3	3
ENSG00000250506.8	CDK3	chr17	76000906	76005999	3	3	3
ENSG00000167880.8	EVPL	chr17	76004502	76027306	3	3	3
ENSG00000167881.15	SRP68	chr17	76038775	76072517	3	3	3
ENSG00000186919.13	ZACN	chr17	76071961	76083666	3	3	3
ENSG00000182687.4	GALR2	chr17	76074781	76077537	3	3	3
ENSG00000182473.22	EXOC7	chr17	76081016	76121576	3	3	3
ENSG00000279382.1	AC018665.1	chr17	76090308	76091669	3	3	3
ENSG00000275360.1	MIR6868	chr17	76098019	76098076	3	3	3
ENSG00000129654.8	FOXJ1	chr17	76136333	76141245	3	3	3
ENSG00000267128.2	RNF157-AS1	chr17	76138432	76154650	3	3	3
ENSG00000141576.16	RNF157	chr17	76142465	76240493	3	3	3
ENSG00000267376.1	ATP5MGP6	chr17	76202644	76202796	3	3	3
ENSG00000228218.1	ATF4P3	chr17	76225751	76226806	3	3	3
ENSG00000185262.9	UBALD2	chr17	76265348	76271298	3	3	3
ENSG00000129646.14	QRICH2	chr17	76274049	76307998	3	3	3
ENSG00000161542.17	PRPSAP1	chr17	76309478	76384521	3	3	3
ENSG00000251779.1	Y_RNA	chr17	76319376	76319473	3	3	3
ENSG00000207169.1	RNU6-24P	chr17	76337316	76337422	3	3	3
ENSG00000267518.1	AC090699.1	chr17	76345761	76346081	3	3	3
ENSG00000176170.14	SPHK1	chr17	76376584	76387860	3	3	3
ENSG00000175931.13	UBE2O	chr17	76389456	76453152	3	3	3
ENSG00000242931.1	RPL7P49	chr17	76430417	76431124	3	3	3
ENSG00000129673.10	AANAT	chr17	76453351	76470117	3	3	3
ENSG00000129667.13	RHBDF2	chr17	76470891	76501790	3	3	3
ENSG00000161544.10	CYGB	chr17	76527356	76551175	3	3	3
ENSG00000214140.11	PRCD	chr17	76527586	76553578	3	3	3
ENSG00000267546.2	AC015802.4	chr17	76545668	76557683	3	3	3
ENSG00000267543.1	AC015802.3	chr17	76549951	76550826	3	3	3
ENSG00000272386.1	AC015802.5	chr17	76551352	76551750	3	3	3
ENSG00000163597.15	SNHG16	chr17	76557764	76565348	3	3	3
ENSG00000274091.1	SNORD1C	chr17	76558791	76558868	3	3	3
ENSG00000199961.1	SNORD1B	chr17	76561109	76561192	3	3	3
ENSG00000278261.1	SNORD1A	chr17	76561634	76561705	3	3	3
ENSG00000284526.1	AC015802.6	chr17	76563710	76570544	3	3	3
ENSG00000070731.11	ST6GALNAC2	chr17	76565377	76586956	3	3	3
ENSG00000267078.1	AC015802.1	chr17	76569792	76571240	3	3	3
ENSG00000267084.1	AC015802.2	chr17	76595584	76595772	3	3	3
ENSG00000286750.1	AC015802.7	chr17	76617959	76619128	3	3	3
ENSG00000070526.15	ST6GALNAC1	chr17	76624761	76643786	3	3	3
ENSG00000199735.1	RNU6-227P	chr17	76656320	76656422	3	3	3
ENSG00000261335.1	AC005837.1	chr17	76671942	76673658	3	3	3
ENSG00000182534.13	MXRA7	chr17	76672551	76711016	3	3	3
ENSG00000212418.1	RNY4P36	chr17	76703632	76703727	3	3	3
ENSG00000277382.1	AC005837.4	chr17	76709760	76710045	3	3	3
ENSG00000070495.15	JMJD6	chr17	76712832	76726799	3	3	3
ENSG00000274051.1	AC005837.3	chr17	76721216	76721396	3	3	3
ENSG00000181038.14	METTL23	chr17	76726830	76733936	3	3	3
ENSG00000267168.1	AC005837.2	chr17	76732978	76738522	3	3	3
ENSG00000161547.17	SRSF2	chr17	76734115	76737333	3	3	3
ENSG00000092931.11	MFSD11	chr17	76735865	76781449	3	3	3
ENSG00000283805.1	MIR636	chr17	76736450	76736548	3	3	3
ENSG00000200257.1	RNU6-97P	chr17	76752912	76753015	3	3	3
ENSG00000267065.2	LINC02080	chr17	76799044	76807102	3	3	3
ENSG00000287836.1	AC016168.4	chr17	76831684	76841099	3	3	3
ENSG00000267535.2	LINC00868	chr17	76849840	76861836	3	3	3
ENSG00000167889.13	MGAT5B	chr17	76868404	76950393	3	3	3
ENSG00000267568.6	AC016168.2	chr17	76950317	76969156	3	3	3
ENSG00000267521.1	AC016168.1	chr17	76957023	76958222	3	3	3
ENSG00000280122.1	AC016168.3	chr17	76966285	76969530	3	3	3
ENSG00000276202.1	Metazoa_SRP	chr17	77014880	77015138	3	3	3
ENSG00000234912.12	SNHG20	chr17	77086716	77099902	3	3	3
ENSG00000129657.16	SEC14L1	chr17	77088749	77217101	3	3	3
ENSG00000275143.1	SCARNA16	chr17	77089307	77089493	3	3	3
ENSG00000284250.1	MIR6516	chr17	77089417	77089497	3	3	3
ENSG00000222808.1	RNU4-47P	chr17	77152561	77152674	3	3	3
ENSG00000262870.1	CYCSP40	chr17	77198950	77199543	3	3	3
ENSG00000263718.2	SEPTIN9-DT	chr17	77257737	77281897	3	3	3
ENSG00000265121.1	AC068594.1	chr17	77264180	77264776	3	3	3
ENSG00000184640.19	SEPTIN9	chr17	77280569	77500596	3	3	3
ENSG00000266998.1	AC111182.1	chr17	77373818	77377236	3	3	3
ENSG00000287257.1	AC111182.2	chr17	77386901	77388546	3	3	3
ENSG00000264060.1	MIR4316	chr17	77396984	77397054	3	3	3
ENSG00000200651.1	Y_RNA	chr17	77442109	77442213	3	3	3
ENSG00000279801.1	AC111170.3	chr17	77444704	77447167	3	3	3
ENSG00000267263.1	AC111170.2	chr17	77469068	77471045	3	3	3
ENSG00000267016.1	AC111170.1	chr17	77469162	77472770	3	3	3
ENSG00000267665.2	AC021683.3	chr17	77516887	77536601	3	3	3
ENSG00000267506.5	AC021683.2	chr17	77546940	77563243	3	3	3
ENSG00000286534.1	AC021683.6	chr17	77548129	77550499	3	3	3
ENSG00000267466.1	AC021683.1	chr17	77563368	77568695	3	3	3
ENSG00000279572.1	AC021683.4	chr17	77571418	77572516	3	3	3
ENSG00000285535.2	AC021683.5	chr17	77590532	77680687	3	3	3
ENSG00000267790.1	LINC01987	chr17	77722872	77728559	3	3	3
ENSG00000204283.4	LINC01973	chr17	77877330	77884119	3	3	3
ENSG00000238898.1	RNU1-80P	chr17	77920098	77920258	3	3	3
ENSG00000078687.17	TNRC6C	chr17	77959240	78108835	3	3	3
ENSG00000279600.1	AC015804.1	chr17	78008421	78008855	3	3	3
ENSG00000267463.1	UBE2V2P2	chr17	78066258	78066761	3	3	3
ENSG00000238658.1	RNU6-625P	chr17	78066947	78067053	3	3	3
ENSG00000141524.17	TMC6	chr17	78107397	78132407	3	3	3
ENSG00000167895.15	TMC8	chr17	78130770	78142968	3	3	3
ENSG00000187997.11	C17orf99	chr17	78146353	78166177	3	3	3
ENSG00000267679.1	EIF5AP2	chr17	78157403	78159135	3	3	3
ENSG00000108639.8	SYNGR2	chr17	78168581	78173527	3	3	3
ENSG00000167900.12	TK1	chr17	78174091	78187233	3	3	3
ENSG00000183077.15	AFMID	chr17	78187317	78207701	3	3	3
ENSG00000267624.1	AC087645.1	chr17	78211618	78211908	3	3	3
ENSG00000089685.15	BIRC5	chr17	78214186	78225636	3	3	3
ENSG00000204278.12	TMEM235	chr17	78231310	78240987	3	3	3
ENSG00000283914.1	AC087645.4	chr17	78248193	78251440	3	3	3
ENSG00000267676.1	THA1P	chr17	78248493	78254416	3	3	3
ENSG00000279886.1	AC087645.3	chr17	78250346	78250932	3	3	3
ENSG00000204277.1	LINC01993	chr17	78261349	78278492	3	3	3
ENSG00000267737.1	AC087645.2	chr17	78315729	78347798	3	3	3
ENSG00000184557.4	SOCS3	chr17	78356778	78360077	3	3	3
ENSG00000266970.1	AC061992.2	chr17	78360453	78373911	3	3	3
ENSG00000243870.3	RN7SL236P	chr17	78370852	78371135	3	3	3
ENSG00000087157.19	PGS1	chr17	78378649	78425114	3	3	3
ENSG00000200063.1	AC061992.1	chr17	78399935	78400063	3	3	3
ENSG00000187775.17	DNAH17	chr17	78423697	78577396	3	3	3
ENSG00000267432.6	DNAH17-AS1	chr17	78484882	78503056	3	3	3
ENSG00000267770.1	AC016182.1	chr17	78522247	78522828	3	3	3
ENSG00000243426.3	RN7SL454P	chr17	78532813	78533055	3	3	3
ENSG00000267123.7	SCAT1	chr17	78605233	78632155	3	3	3
ENSG00000108669.16	CYTH1	chr17	78674048	78782297	3	3	3
ENSG00000279570.1	AC099804.1	chr17	78691266	78691979	3	3	3
ENSG00000252391.1	RNU6-638P	chr17	78696694	78696797	3	3	3
ENSG00000055483.19	USP36	chr17	78787381	78841441	3	3	3
ENSG00000287539.1	AC022966.2	chr17	78845345	78846686	3	3	3
ENSG00000267355.2	RPL9P29	chr17	78845953	78846868	3	3	3
ENSG00000035862.12	TIMP2	chr17	78852977	78925387	3	3	3
ENSG00000267601.1	AC022966.1	chr17	78855478	78855844	3	3	3
ENSG00000178404.10	CEP295NL	chr17	78870910	78903217	3	3	3
ENSG00000279339.1	AC100788.2	chr17	78897264	78900152	3	3	3
ENSG00000267491.1	AC100788.1	chr17	78903263	78905024	3	3	3
ENSG00000108679.13	LGALS3BP	chr17	78971238	78979947	3	3	3
ENSG00000171302.17	CANT1	chr17	78991716	79009867	3	3	3
ENSG00000265096.2	C1QTNF1-AS1	chr17	79018131	79027673	3	3	3
ENSG00000173918.15	C1QTNF1	chr17	79022814	79049788	3	3	3
ENSG00000167280.17	ENGASE	chr17	79074824	79088599	3	3	3
ENSG00000167281.19	RBFOX3	chr17	79089345	79516148	3	3	3
ENSG00000266711.1	AC021534.1	chr17	79132722	79136402	3	3	3
ENSG00000263278.2	AC233701.1	chr17	79598032	79603921	3	3	3
ENSG00000266665.1	MIR4739	chr17	79707176	79707249	3	3	3
ENSG00000267719.1	LINC02078	chr17	79707266	79712317	3	3	3
ENSG00000182156.10	ENPP7	chr17	79730943	79742219	3	3	3
ENSG00000173894.11	CBX2	chr17	79778148	79787983	3	3	3
ENSG00000141570.11	CBX8	chr17	79792132	79801683	3	3	3
ENSG00000262768.2	AC100791.2	chr17	79800598	79802529	3	3	3
ENSG00000262772.2	LINC01977	chr17	79819083	79827704	3	3	3
ENSG00000141582.15	CBX4	chr17	79833156	79839440	3	3	3
ENSG00000262343.1	AC100791.1	chr17	79848058	79850110	3	3	3
ENSG00000262585.1	LINC01979	chr17	79915252	79926725	3	3	3
ENSG00000262188.2	LINC01978	chr17	79919357	79925999	3	3	3
ENSG00000167291.16	TBC1D16	chr17	79932343	80035872	3	3	3
ENSG00000275516.1	AC100791.3	chr17	79952663	79952992	3	3	3
ENSG00000262172.1	AC116025.2	chr17	79991944	79992841	3	3	3
ENSG00000261978.1	AC116025.1	chr17	80023894	80026107	3	3	3
ENSG00000141519.15	CCDC40	chr17	80036632	80100613	3	3	3
ENSG00000265561.2	MIR1268B	chr17	80098828	80098877	3	3	3
ENSG00000171298.13	GAA	chr17	80101556	80119881	3	3	3
ENSG00000141543.12	EIF4A3	chr17	80134369	80147151	3	3	3
ENSG00000279259.1	AC087741.3	chr17	80147250	80148596	3	3	3
ENSG00000275479.1	AC087741.2	chr17	80149627	80149798	3	3	3
ENSG00000141527.18	CARD14	chr17	80169992	80209331	3	3	3
ENSG00000262580.5	AC087741.1	chr17	80200673	80205949	3	3	3
ENSG00000181523.13	SGSH	chr17	80206716	80220923	3	3	3
ENSG00000181045.15	SLC26A11	chr17	80219699	80253500	3	3	3
ENSG00000173821.19	RNF213	chr17	80260866	80398786	3	3	3
ENSG00000262979.1	AC124319.1	chr17	80315651	80316633	3	3	3
ENSG00000276863.1	AC124319.2	chr17	80333841	80334366	3	3	3
ENSG00000280248.1	AC124319.3	chr17	80339898	80342058	3	3	3
ENSG00000263069.6	RNF213-AS1	chr17	80351828	80415168	3	3	3
ENSG00000173818.17	ENDOV	chr17	80415165	80438086	3	3	3
ENSG00000264961.1	MIR4730	chr17	80419418	80419493	3	3	3
ENSG00000260369.2	AC120024.1	chr17	80453735	80454729	3	3	3
ENSG00000279273.1	AC120024.4	chr17	80463451	80465593	3	3	3
ENSG00000171246.6	NPTX1	chr17	80466834	80477843	3	3	3
ENSG00000262000.1	AC120024.2	chr17	80515215	80515389	3	3	3
ENSG00000271340.1	AC120024.3	chr17	80515657	80515812	3	3	3
ENSG00000213128.3	RPL32P31	chr17	80542203	80542605	3	3	3
ENSG00000141564.15	RPTOR	chr17	80544819	80966371	3	3	3
ENSG00000232083.3	RPL31P7	chr17	80602549	80602926	3	3	3
ENSG00000262833.1	AC016245.1	chr17	80801640	80805632	3	3	3
ENSG00000287403.1	AC016245.2	chr17	80824170	80826900	3	3	3
ENSG00000262313.1	AC127496.3	chr17	80940418	80942033	3	3	3
ENSG00000262662.1	AC127496.4	chr17	80960766	80961713	3	3	3
ENSG00000261924.1	AC127496.1	chr17	80966239	80971213	3	3	3
ENSG00000240270.1	RPL12P37	chr17	80976454	80976948	3	3	3
ENSG00000176108.9	CHMP6	chr17	80991598	81009517	3	3	3
ENSG00000263218.2	AC127496.6	chr17	80999509	81000130	3	3	3
ENSG00000280351.2	AC127496.7	chr17	81003335	81005132	3	3	3
ENSG00000262873.2	AC127496.5	chr17	81017969	81028079	3	3	3
ENSG00000262098.1	AC127496.2	chr17	81023545	81025503	3	3	3
ENSG00000226137.5	BAIAP2-DT	chr17	81029130	81034881	3	3	3
ENSG00000175866.15	BAIAP2	chr17	81035122	81117432	3	3	3
ENSG00000181409.14	AATK	chr17	81110487	81166221	3	3	3
ENSG00000207736.1	MIR657	chr17	81125276	81125373	3	3	3
ENSG00000211563.4	MIR3065	chr17	81125877	81125955	3	3	3
ENSG00000283604.1	MIR338	chr17	81125883	81125949	3	3	3
ENSG00000221025.1	MIR1250	chr17	81133196	81133308	3	3	3
ENSG00000263167.1	AC115099.1	chr17	81135771	81136256	3	3	3
ENSG00000225180.8	PVALEF	chr17	81165507	81183166	3	3	3
ENSG00000141577.14	CEP131	chr17	81189593	81222999	3	3	3
ENSG00000262115.1	AC027601.2	chr17	81197393	81200288	3	3	3
ENSG00000167302.11	TEPSIN	chr17	81228277	81239091	3	3	3
ENSG00000260005.6	AC027601.1	chr17	81228707	81233983	3	3	3
ENSG00000224877.4	NDUFAF8	chr17	81239305	81241310	3	3	3
ENSG00000157637.13	SLC38A10	chr17	81244811	81295547	3	3	3
ENSG00000276101.1	AC027601.3	chr17	81251194	81251803	3	3	3
ENSG00000279187.1	AC027601.4	chr17	81262920	81265401	3	3	3
ENSG00000185168.5	LINC00482	chr17	81303771	81309248	3	3	3
ENSG00000185332.8	TMEM105	chr17	81311270	81330674	3	3	3
ENSG00000287431.1	AC027601.5	chr17	81339183	81345966	3	3	3
ENSG00000263154.1	AC110285.3	chr17	81362272	81374214	3	3	3
ENSG00000262223.8	AC110285.1	chr17	81375144	81385464	3	3	3
ENSG00000274833.1	AC110285.5	chr17	81387415	81387766	3	3	3
ENSG00000262877.5	AC110285.2	chr17	81388126	81390319	3	3	3
ENSG00000266074.10	BAHCC1	chr17	81395457	81466332	3	3	3
ENSG00000279692.1	AC110285.6	chr17	81395609	81397144	3	3	3
ENSG00000266392.1	MIR4740	chr17	81400716	81400778	3	3	3
ENSG00000266189.1	MIR3186	chr17	81451104	81451188	3	3	3
ENSG00000263271.1	AC110285.4	chr17	81461013	81461937	3	3	3
ENSG00000278200.1	LINC01971	chr17	81480523	81481570	3	3	3
ENSG00000184009.12	ACTG1	chr17	81509971	81523847	3	3	3
ENSG00000229848.1	AC139149.1	chr17	81514047	81527776	3	3	3
ENSG00000186765.12	FSCN2	chr17	81528377	81537130	3	3	3
ENSG00000185504.17	FAAP100	chr17	81539885	81553961	3	3	3
ENSG00000182446.14	NPLOC4	chr17	81556887	81648465	3	3	3
ENSG00000207021.1	Y_RNA	chr17	81573490	81573602	3	3	3
ENSG00000182612.10	TSPAN10	chr17	81637171	81648749	3	3	3
ENSG00000185527.12	PDE6G	chr17	81650459	81663112	3	3	3
ENSG00000204237.5	OXLD1	chr17	81665036	81666635	3	3	3
ENSG00000185298.13	CCDC137	chr17	81666737	81673904	3	3	3
ENSG00000214087.8	ARL16	chr17	81681174	81683924	3	3	3
ENSG00000185359.14	HGS	chr17	81683326	81703138	3	3	3
ENSG00000277784.1	MIR6786	chr17	81693757	81693869	3	3	3
ENSG00000275902.1	AC139530.3	chr17	81697025	81697714	3	3	3
ENSG00000262049.1	AC139530.1	chr17	81701324	81703300	3	3	3
ENSG00000262814.8	MRPL12	chr17	81703367	81707517	3	3	3
ENSG00000262660.1	AC139530.2	chr17	81703371	81720539	3	3	3
ENSG00000183048.12	SLC25A10	chr17	81712236	81721016	3	3	3
ENSG00000215644.10	GCGR	chr17	81804132	81814008	3	3	3
ENSG00000225663.8	MCRIP1	chr17	81822361	81833302	3	3	3
ENSG00000182676.5	PPP1R27	chr17	81833492	81835050	3	3	3
ENSG00000185624.15	P4HB	chr17	81843161	81860624	3	3	3
ENSG00000262831.1	AC145207.3	chr17	81843165	81843958	3	3	3
ENSG00000278876.1	AC145207.9	chr17	81862778	81863102	3	3	3
ENSG00000262413.1	AC145207.2	chr17	81867721	81868552	3	3	3
ENSG00000141522.12	ARHGDIA	chr17	81867721	81871378	3	3	3
ENSG00000263731.1	AC145207.5	chr17	81878425	81881106	3	3	3
ENSG00000263859.1	AC145207.6	chr17	81878667	81879557	3	3	3
ENSG00000183684.8	ALYREF	chr17	81887835	81891586	3	3	3
ENSG00000141552.18	ANAPC11	chr17	81890790	81900991	3	3	3
ENSG00000183979.8	NPB	chr17	81900745	81902905	3	3	3
ENSG00000185813.11	PCYT2	chr17	81900958	81911432	3	3	3
ENSG00000187531.14	SIRT7	chr17	81911939	81921323	3	3	3
ENSG00000197063.11	MAFG	chr17	81918270	81927735	3	3	3
ENSG00000264769.1	AC145207.8	chr17	81922899	81924511	3	3	3
ENSG00000265688.2	MAFG-DT	chr17	81927829	81930753	3	3	3
ENSG00000183010.17	PYCR1	chr17	81932384	81942412	3	3	3
ENSG00000263585.1	AC145207.4	chr17	81932398	81933058	3	3	3
ENSG00000185105.5	MYADML2	chr17	81939645	81947233	3	3	3
ENSG00000235296.1	AC145207.1	chr17	81941869	81947601	3	3	3
ENSG00000185269.12	NOTUM	chr17	81952507	81961840	3	3	3
ENSG00000264735.1	AC145207.7	chr17	81965632	81966589	3	3	3
ENSG00000169696.16	ASPSCR1	chr17	81976807	82017406	3	3	3
ENSG00000169689.15	CENPX	chr17	82018702	82024107	3	3	3
ENSG00000169683.8	LRRC45	chr17	82023305	82031151	3	3	3
ENSG00000169750.9	RAC3	chr17	82031678	82034204	3	3	3
ENSG00000169738.8	DCXR	chr17	82035136	82037709	3	3	3
ENSG00000279372.1	AC137723.1	chr17	82035403	82035800	3	3	3
ENSG00000264569.1	DCXR-DT	chr17	82037905	82039380	3	3	3
ENSG00000169733.12	RFNG	chr17	82047902	82051831	3	3	3
ENSG00000169727.12	GPS1	chr17	82050691	82057470	3	3	3
ENSG00000169718.18	DUS1L	chr17	82057506	82065887	3	3	3
ENSG00000169710.9	FASN	chr17	82078338	82098294	3	3	3
ENSG00000176155.19	CCDC57	chr17	82101460	82212830	3	3	3
ENSG00000265678.1	AC129510.1	chr17	82153430	82154815	3	3	3
ENSG00000266654.1	AC129510.2	chr17	82160056	82160452	3	3	3
ENSG00000264548.1	AC132872.2	chr17	82214227	82217352	3	3	3
ENSG00000141526.17	SLC16A3	chr17	82228397	82261129	3	3	3
ENSG00000284574.1	MIR6787	chr17	82236668	82236728	3	3	3
ENSG00000141551.14	CSNK1D	chr17	82239023	82273731	3	3	3
ENSG00000275888.1	AC132872.3	chr17	82244770	82245591	3	3	3
ENSG00000280407.2	AC132872.4	chr17	82249067	82251844	3	3	3
ENSG00000287737.1	AC132872.5	chr17	82273748	82279645	3	3	3
ENSG00000265692.1	LINC01970	chr17	82290046	82292814	3	3	3
ENSG00000260563.3	AC132872.1	chr17	82293716	82294910	3	3	3
ENSG00000173762.8	CD7	chr17	82314868	82317608	3	3	3
ENSG00000141574.8	SECTM1	chr17	82321024	82334074	3	3	3
ENSG00000182459.5	TEX19	chr17	82359247	82363775	3	3	3
ENSG00000278964.1	AC132938.4	chr17	82362349	82363196	3	3	3
ENSG00000181408.4	UTS2R	chr17	82371400	82375586	3	3	3
ENSG00000260011.2	AC132938.1	chr17	82381110	82382690	3	3	3
ENSG00000181396.13	OGFOD3	chr17	82389210	82418637	3	3	3
ENSG00000264812.1	AC132938.2	chr17	82400703	82401382	3	3	3
ENSG00000201239.1	Y_RNA	chr17	82417226	82417321	3	3	3
ENSG00000169660.17	HEXD	chr17	82418318	82442645	3	3	3
ENSG00000279066.1	HEXD-IT1	chr17	82425498	82427310	3	3	3
ENSG00000178927.18	CYBC1	chr17	82442586	82450829	3	3	3
ENSG00000287193.1	AC132938.6	chr17	82450911	82452213	3	3	3
ENSG00000265458.2	AC132938.3	chr17	82454140	82458521	3	3	3
ENSG00000141562.18	NARF	chr17	82458180	82490537	3	3	3
ENSG00000279744.1	AC132938.5	chr17	82462601	82464255	3	3	3
ENSG00000266445.1	NARF-AS1	chr17	82476597	82477924	3	3	3
ENSG00000266236.1	NARF-IT1	chr17	82482098	82483388	3	3	3
ENSG00000141568.21	FOXK2	chr17	82519713	82644662	3	3	3
ENSG00000265136.1	AC124283.4	chr17	82576616	82577391	3	3	3
ENSG00000262652.1	AC124283.3	chr17	82578023	82578616	3	3	3
ENSG00000262147.1	AC124283.2	chr17	82587313	82588411	3	3	3
ENSG00000261845.2	AC124283.1	chr17	82602989	82604178	3	3	3
ENSG00000141580.16	WDR45B	chr17	82614562	82648553	3	3	3
ENSG00000279613.1	AC124283.5	chr17	82648849	82650657	3	3	3
ENSG00000141542.11	RAB40B	chr17	82654973	82698698	3	3	3
ENSG00000266107.1	MIR4525	chr17	82668233	82668307	3	3	3
ENSG00000263063.1	AC024361.2	chr17	82713908	82716255	3	3	3
ENSG00000141560.15	FN3KRP	chr17	82716706	82730328	3	3	3
ENSG00000263321.1	AC024361.3	chr17	82729164	82734143	3	3	3
ENSG00000167363.14	FN3K	chr17	82735615	82751196	3	3	3
ENSG00000262410.1	AC024361.1	chr17	82745068	82745709	3	3	3
ENSG00000141556.21	TBCD	chr17	82752065	82945914	3	3	3
ENSG00000263098.1	AC068014.1	chr17	82795486	82796095	3	3	3
ENSG00000141579.7	ZNF750	chr17	82829434	82840022	3	3	3
ENSG00000262663.1	AC087222.1	chr17	82918282	82918785	3	3	3
ENSG00000175711.8	B3GNTL1	chr17	82942155	83051810	3	3	3
ENSG00000262339.5	AC130371.1	chr17	82978525	82981738			
ENSG00000176845.13	METRNL	chr17	83079609	83095122			
ENSG00000274370.1	AC130371.2	chr17	83098377	83098987			
ENSG00000261888.1	AC144831.1	chr17	83104255	83106910			
ENSG00000279143.1	AC139099.3	chr17	83132647	83136150			
ENSG00000262898.3	AC139099.2	chr17	83135734	83221442			
ENSG00000262094.1	AC139099.1	chr17	83220527	83227721			
ENSG00000232938.2	RPL23AP87	chr17	83226897	83240804			
ENSG00000262352.2	LINC02564	chr18	11103	16352			
ENSG00000263305.1	AP005530.1	chr18	14195	16898			
ENSG00000262181.2	AP001005.1	chr18	45034	46047			
ENSG00000173213.9	TUBB8B	chr18	47390	49557			
ENSG00000282965.1	AP001005.3	chr18	49815	73545			
ENSG00000262081.2	IL9RP4	chr18	80140	88570			
ENSG00000274446.1	AP001005.2	chr18	94202	94330			
ENSG00000263006.6	ROCK1P1	chr18	109065	122219			
ENSG00000277521.1	MIR8078	chr18	112256	112339			
ENSG00000101557.15	USP14	chr18	158383	214629			
ENSG00000079134.12	THOC1	chr18	214520	268050			
ENSG00000263884.1	AP000845.1	chr18	268148	270278			
ENSG00000264514.1	AP000915.1	chr18	316737	319165			
ENSG00000158270.12	COLEC12	chr18	316737	500722	2	2	2
ENSG00000265477.1	AP000915.2	chr18	423744	424416	2	2	2
ENSG00000264265.1	LINC01925	chr18	508568	515294	2	2	2
ENSG00000177143.5	CETN1	chr18	580380	582114	2	2	2
ENSG00000222174.1	RN7SKP146	chr18	586517	586850	2	2	2
ENSG00000079101.16	CLUL1	chr18	596988	650334	2	2	2
ENSG00000288533.1	AP001178.4	chr18	623743	626492	2	2	2
ENSG00000176912.5	TYMSOS	chr18	630886	658340	2	2	2
ENSG00000266456.1	AP001178.3	chr18	650229	652843	2	2	2
ENSG00000263727.1	AP001178.1	chr18	653985	657259	2	2	2
ENSG00000176890.16	TYMS	chr18	657653	673578	2	2	2
ENSG00000132199.20	ENOSF1	chr18	670318	712662	2	2	2
ENSG00000265490.1	AP001178.2	chr18	706523	707648	2	2	2
ENSG00000176105.14	YES1	chr18	721588	812546	2	2	2
ENSG00000266171.1	AP001020.3	chr18	735746	737459	2	2	2
ENSG00000264339.1	AP001020.1	chr18	738058	739444	2	2	2
ENSG00000264635.1	AP001020.2	chr18	738058	739662	2	2	2
ENSG00000206687.1	RNU1-109P	chr18	797989	798135	2	2	2
ENSG00000273355.1	AP000894.4	chr18	813274	813756	2	2	2
ENSG00000266575.1	BOLA2P1	chr18	832238	832469	2	2	2
ENSG00000264179.1	AP000894.1	chr18	856526	857045	2	2	2
ENSG00000265671.1	AP000894.3	chr18	894435	907680	2	2	2
ENSG00000265179.7	AP000894.2	chr18	902766	906667	2	2	2
ENSG00000141433.13	ADCYAP1	chr18	904871	912172	2	2	2
ENSG00000259837.1	LINC01904	chr18	926083	927993	2	2	2
ENSG00000272461.1	AP005328.1	chr18	962592	976883	2	2	2
ENSG00000263551.6	AP000829.1	chr18	976589	1310018	2	2	2
ENSG00000263505.1	SLC25A3P3	chr18	1159198	1160404	2	2	2
ENSG00000266251.1	COX6CP3	chr18	1176790	1177012	2	2	2
ENSG00000132204.14	LINC00470	chr18	1254383	1408344	2	2	2
ENSG00000199197.1	RN7SKP72	chr18	1323794	1324085	2	2	2
ENSG00000263396.1	AP005119.1	chr18	1357651	1357942	2	2	2
ENSG00000265417.1	AP005119.2	chr18	1362445	1363873	2	2	2
ENSG00000266602.2	AP005262.1	chr18	1509022	2049510	2	2	2
ENSG00000266450.1	AC019183.1	chr18	1655177	1779955	2	2	2
ENSG00000264080.1	AP005057.1	chr18	1780329	1782064	2	2	2
ENSG00000263745.7	AP005230.1	chr18	1883524	2489426	2	2	5
ENSG00000264189.1	AIDAP3	chr18	1927727	1929094	2	2	2
ENSG00000286975.1	AP005136.4	chr18	2506628	2511580	5	5	5
ENSG00000101574.15	METTL4	chr18	2537525	2571509	5	5	5
ENSG00000238575.1	AP005136.1	chr18	2555358	2555492	5	5	5
ENSG00000266783.1	AP005136.3	chr18	2561172	2562220	5	5	5
ENSG00000264150.1	AP005136.2	chr18	2568392	2569122	5	5	5
ENSG00000080986.13	NDC80	chr18	2571557	2616635	5	5	5
ENSG00000235422.1	KATNBL1P3	chr18	2593674	2594913	5	5	5
ENSG00000202224.1	Y_RNA	chr18	2621090	2621201	5	5	5
ENSG00000200875.1	RNU6-340P	chr18	2649761	2649867	5	5	5
ENSG00000266405.3	CBX3P2	chr18	2652170	2655395	5	5	5
ENSG00000101596.16	SMCHD1	chr18	2655726	2805017	5	5	5
ENSG00000266049.1	AP001011.1	chr18	2688564	2833065	5	5	5
ENSG00000207034.1	Y_RNA	chr18	2778941	2779057	5	5	5
ENSG00000132205.11	EMILIN2	chr18	2847006	2916003	5	5	5
ENSG00000101577.10	LPIN2	chr18	2916994	3013144	5	5	5
ENSG00000272625.1	AP000919.3	chr18	2920966	2921685	5	5	5
ENSG00000263606.1	CHORDC1P4	chr18	2945550	2946890	5	5	5
ENSG00000265907.2	AP000919.1	chr18	2948238	2960756	5	5	5
ENSG00000266397.1	AP000919.2	chr18	2967018	2985410	5	5	5
ENSG00000264186.1	SNRPCP4	chr18	2990652	2991078	5	5	5
ENSG00000277447.1	AP005431.1	chr18	3025069	3025387	5	5	5
ENSG00000252258.1	SNORA70	chr18	3025434	3025566	5	5	5
ENSG00000101605.13	MYOM1	chr18	3066807	3219968	5	5	5
ENSG00000252353.1	RNU7-25P	chr18	3093568	3093629	5	5	5
ENSG00000265399.1	AP005329.2	chr18	3190397	3247277	5	5	5
ENSG00000272688.1	AP005329.3	chr18	3246401	3247086	5	5	5
ENSG00000101608.13	MYL12A	chr18	3247481	3256236	5	5	5
ENSG00000264235.6	AP005329.1	chr18	3255436	3261850	5	5	5
ENSG00000118680.14	MYL12B	chr18	3261479	3278461	5	5	5
ENSG00000266578.2	AP001025.1	chr18	3284120	3330984	5	5	5
ENSG00000259256.2	LINC01895	chr18	3347696	3383532	5	5	5
ENSG00000240364.1	RPL31P59	chr18	3377916	3378247	5	5	5
ENSG00000265243.1	IGLJCOR18	chr18	3394889	3395312	5	5	5
ENSG00000243720.1	RPL21P127	chr18	3406342	3406818	5	5	5
ENSG00000177426.22	TGIF1	chr18	3411608	3459978	5	5	5
ENSG00000263460.1	BOD1P1	chr18	3415145	3415580	5	5	5
ENSG00000266835.6	GAPLINC	chr18	3466250	3478978	5	5	5
ENSG00000170579.17	DLGAP1	chr18	3496032	4455307	5	5	5
ENSG00000241223.3	RN7SL39P	chr18	3571215	3571511	5	5	5
ENSG00000266373.1	AP002472.1	chr18	3580169	3580754	5	5	5
ENSG00000177337.8	DLGAP1-AS1	chr18	3593732	3598363	5	5	5
ENSG00000262001.1	DLGAP1-AS2	chr18	3603000	3608336	5	5	5
ENSG00000266401.2	AP002478.1	chr18	3653030	3656282	5	5	5
ENSG00000266513.1	AP002478.2	chr18	3770017	3771430	5	5	5
ENSG00000263724.2	DLGAP1-AS3	chr18	3878058	3897069	5	5	5
ENSG00000275518.1	MIR6718	chr18	3885353	3885432	5	5	5
ENSG00000207278.1	RNU6-831P	chr18	3894699	3894805	5	5	5
ENSG00000263878.2	DLGAP1-AS4	chr18	3962353	4024150	5	5	5
ENSG00000250933.1	GAPDHP66	chr18	3977649	3978615	5	5	5
ENSG00000261520.5	DLGAP1-AS5	chr18	4264602	4295405	5	5	5
ENSG00000264246.1	AP005208.1	chr18	4430945	4431152	5	5	5
ENSG00000265545.1	ELOCP27	chr18	4459230	4459458	5	5	5
ENSG00000266268.5	AP005203.1	chr18	4775054	5004537	5	5	5
ENSG00000264775.1	PPIAP14	chr18	5002759	5003254	5	5	5
ENSG00000265514.2	LINC01892	chr18	5081171	5098780	5	5	5
ENSG00000215368.5	BOD1P2	chr18	5132749	5133229	5	5	5
ENSG00000231824.4	AKAIN1	chr18	5142911	5197503	5	5	5
ENSG00000266153.1	AP005380.1	chr18	5159332	5171026	5	5	5
ENSG00000285575.1	AP001496.4	chr18	5197165	5215497	5	5	5
ENSG00000265091.5	AP001496.2	chr18	5232876	5238526	5	5	5
ENSG00000264575.1	LINC00526	chr18	5236724	5238598	5	5	5
ENSG00000263753.8	LINC00667	chr18	5237826	5290608	5	5	5
ENSG00000265188.1	AP001496.3	chr18	5240255	5241167	5	5	5
ENSG00000198081.11	ZBTB14	chr18	5289019	5297053	5	5	5
ENSG00000264254.1	AP001496.1	chr18	5310396	5317664	5	5	5
ENSG00000266288.1	AP005671.1	chr18	5381641	5385330	5	5	5
ENSG00000082397.17	EPB41L3	chr18	5392381	5630700	5	5	5
ENSG00000265316.1	AP005059.2	chr18	5463627	5480975	5	5	5
ENSG00000264000.1	AP005059.1	chr18	5567130	5570942	5	5	5
ENSG00000261738.7	MIR3976HG	chr18	5721812	5876328	5	5	5
ENSG00000272380.1	MIR3976	chr18	5840695	5840833	5	5	5
ENSG00000206432.4	TMEM200C	chr18	5882072	5895955	5	5	5
ENSG00000264449.6	AP001021.1	chr18	5887487	5989369	5	5	5
ENSG00000266846.2	AP001021.3	chr18	5895745	6108382	5	5	5
ENSG00000154655.16	L3MBTL4	chr18	5954706	6415237	5	5	5
ENSG00000265487.1	AP001021.2	chr18	5956101	5960785	5	5	5
ENSG00000200637.1	RNU5F-3P	chr18	6017723	6017839	5	5	5
ENSG00000264707.1	L3MBTL4-AS1	chr18	6256747	6260934	5	5	5
ENSG00000283532.1	MIR4317	chr18	6374361	6374425	5	5	5
ENSG00000279885.1	AP005060.1	chr18	6394847	6398020	5	5	5
ENSG00000199272.1	RNU6-349P	chr18	6454962	6455068	5	5	5
ENSG00000235552.4	RPL6P27	chr18	6462144	6463015	5	5	5
ENSG00000266065.1	AP005202.2	chr18	6493420	6495668	5	5	5
ENSG00000265944.1	LINC01387	chr18	6511416	6590653	5	5	5
ENSG00000265174.1	AP005202.1	chr18	6557822	6558654	5	5	5
ENSG00000243591.3	RN7SL282P	chr18	6601540	6601836	5	5	5
ENSG00000261627.1	AP005205.1	chr18	6641971	6642478	5	5	5
ENSG00000279479.1	AP005205.3	chr18	6727053	6728981	5	5	5
ENSG00000266441.1	AP005205.2	chr18	6728821	6729862	5	5	5
ENSG00000088756.13	ARHGAP28	chr18	6729716	6915716	5	5	5
ENSG00000287834.1	AP005210.2	chr18	6784614	6796503	5	5	5
ENSG00000263797.1	AP005210.1	chr18	6873399	6875024	5	5	5
ENSG00000265933.5	LINC00668	chr18	6919496	6929966	5	5	5
ENSG00000264127.1	SCML2P1	chr18	6926944	6928210	5	5	5
ENSG00000251897.1	RNU6-916P	chr18	6936912	6937020	5	5	5
ENSG00000101680.15	LAMA1	chr18	6941742	7117797	5	5	5
ENSG00000265069.1	AP002409.1	chr18	6954677	6957419	5	5	5
ENSG00000264475.1	AP005062.1	chr18	7076817	7080123	5	5	5
ENSG00000263716.1	SLC25A51P2	chr18	7134931	7135819	5	5	5
ENSG00000206422.2	LRRC30	chr18	7231125	7232047	5	5	5
ENSG00000212626.1	AP005270.1	chr18	7301020	7301153	5	5	5
ENSG00000286126.1	AP001095.1	chr18	7455844	7461135	5	5	5
ENSG00000173482.17	PTPRM	chr18	7566782	8406861	5	5	5
ENSG00000266767.1	AP000897.2	chr18	7741310	7754831	5	5	5
ENSG00000264596.1	AP000897.1	chr18	7814118	7815730	5	5	5
ENSG00000199856.2	U3	chr18	7995570	7995785	5	5	5
ENSG00000286627.1	AP005900.1	chr18	8012257	8016565	5	5	5
ENSG00000286649.1	AC006566.2	chr18	8133203	8136032	5	5	5
ENSG00000273368.1	AC006566.1	chr18	8154558	8155070	5	5	5
ENSG00000266149.1	AP001094.3	chr18	8360820	8367034	5	5	5
ENSG00000265413.1	AP001094.2	chr18	8402847	8405161	5	5	5
ENSG00000263970.1	AP001094.1	chr18	8406761	8406953	5	5	5
ENSG00000266613.1	COP1P1	chr18	8412129	8414304	5	5	5
ENSG00000242985.3	RN7SL50P	chr18	8471831	8472128	5	5	5
ENSG00000229442.2	THEMIS3P	chr18	8486997	8513849	5	5	5
ENSG00000225212.4	AKR1B1P6	chr18	8545635	8546817	5	5	5
ENSG00000206418.4	RAB12	chr18	8609437	8639382	5	5	5
ENSG00000266708.1	AP001793.1	chr18	8635179	8636347	5	5	5
ENSG00000263935.1	TOMM20P3	chr18	8688022	8688410	5	5	5
ENSG00000265962.1	GACAT2	chr18	8695856	8707621	5	5	5
ENSG00000168502.17	MTCL1	chr18	8705661	8832778	5	5	5
ENSG00000252319.1	Y_RNA	chr18	8720034	8720132	5	5	5
ENSG00000272788.1	AP000864.1	chr18	8801656	8802305	5	5	5
ENSG00000287719.1	AP001531.1	chr18	8913999	8919414	5	5	5
ENSG00000286765.1	AP005899.2	chr18	8971624	8974580	5	5	5
ENSG00000242058.2	RPS4XP19	chr18	9020029	9020764	5	5	5
ENSG00000178127.13	NDUFV2	chr18	9102630	9134345	5	5	5
ENSG00000265257.5	AP005263.1	chr18	9102736	9254346	5	5	5
ENSG00000263847.1	AP005899.1	chr18	9112404	9115877	5	5	5
ENSG00000266053.2	NDUFV2-AS1	chr18	9121265	9136645	5	5	5
ENSG00000101745.17	ANKRD12	chr18	9136228	9285985	5	5	5
ENSG00000200883.1	Y_RNA	chr18	9249649	9249746	5	5	5
ENSG00000207092.1	Y_RNA	chr18	9250110	9250211	5	5	5
ENSG00000273284.1	AP001033.2	chr18	9259388	9260390	5	5	5
ENSG00000264964.2	AP001033.1	chr18	9310522	9334445	5	5	5
ENSG00000128791.12	TWSG1	chr18	9334767	9402420	5	5	5
ENSG00000287509.1	AP001033.3	chr18	9335269	9336242	5	5	5
ENSG00000273335.1	AP005432.2	chr18	9473421	9474006	5	5	5
ENSG00000017797.13	RALBP1	chr18	9475009	9538114	5	5	5
ENSG00000266805.1	AP005432.1	chr18	9506242	9509726	5	5	5
ENSG00000251994.1	RNU2-27P	chr18	9518119	9518260	5	5	5
ENSG00000154845.16	PPP4R1	chr18	9546791	9615240	5	5	5
ENSG00000266541.1	AP001381.1	chr18	9587386	9590182	5	5	5
ENSG00000263627.1	PPP4R1-AS1	chr18	9615264	9619363	5	5	5
ENSG00000212572.1	RNU6-903P	chr18	9617964	9618072	5	5	5
ENSG00000285594.1	LINC02856	chr18	9646110	9648502	5	5	5
ENSG00000264644.1	KRT18P8	chr18	9678248	9679493	5	5	5
ENSG00000168461.13	RAB31	chr18	9708275	9862551	5	5	5
ENSG00000266891.1	AP000902.1	chr18	9734882	9735602	5	5	5
ENSG00000266127.1	ZNF415P1	chr18	9785108	9787805	5	5	5
ENSG00000242651.3	RN7SL862P	chr18	9830330	9830627	5	5	5
ENSG00000285653.1	AC006238.2	chr18	9840340	9841559	5	5	5
ENSG00000252680.1	RNA5SP449	chr18	9844717	9844846	5	5	5
ENSG00000265564.1	PIGPP4	chr18	9880580	9880886	5	5	5
ENSG00000168454.12	TXNDC2	chr18	9885726	9889275	5	5	5
ENSG00000272799.1	AC006238.1	chr18	9912316	9912849	5	5	5
ENSG00000101558.14	VAPA	chr18	9914016	9960021	5	5	5
ENSG00000223138.1	RNA5SP450	chr18	9923920	9924021	5	5	5
ENSG00000265554.2	AP005271.1	chr18	10124588	10144406	5	5	5
ENSG00000287065.1	AP005209.2	chr18	10297299	10323565	5	5	5
ENSG00000264876.2	AP005209.1	chr18	10321380	10372387	5	5	5
ENSG00000266102.1	AP006219.1	chr18	10375103	10378114	5	5	5
ENSG00000286499.1	AP006219.2	chr18	10380423	10390344	5	5	5
ENSG00000260913.1	LINC01254	chr18	10405133	10414515	5	5	5
ENSG00000287563.1	AP006219.3	chr18	10406558	10422360	5	5	5
ENSG00000154856.13	APCDD1	chr18	10454635	10489949	5	5	5
ENSG00000134265.13	NAPG	chr18	10525905	10552764	5	5	5
ENSG00000265728.1	AP001099.1	chr18	10594590	10604798	5	5	5
ENSG00000266604.1	LINC01887	chr18	10612304	10626353	5	5	5
ENSG00000264503.1	AP001180.3	chr18	10622123	10622267	5	5	5
ENSG00000264311.1	CCDC58P1	chr18	10623876	10624305	5	5	5
ENSG00000264072.1	AP001180.2	chr18	10627646	10628846	5	5	5
ENSG00000266470.1	AP001180.5	chr18	10632238	10632396	5	5	5
ENSG00000265038.1	PMM2P1	chr18	10636670	10637399	5	5	5
ENSG00000260779.1	AP001180.1	chr18	10661933	10666887	5	5	5
ENSG00000154864.13	PIEZO2	chr18	10666483	11149569	5	5	5
ENSG00000264843.1	AP001180.4	chr18	10704297	10709599	5	5	5
ENSG00000264714.1	KIAA0895LP1	chr18	10724619	10728539	5	5	5
ENSG00000274838.1	MIR6788	chr18	10759584	10759649	5	5	5
ENSG00000263952.5	AP005120.1	chr18	10893617	10908783	5	5	5
ENSG00000263682.1	AP005139.1	chr18	11326270	11328832	5	5	5
ENSG00000267051.1	AP005229.1	chr18	11366913	11378409	5	5	5
ENSG00000273119.1	AP005229.2	chr18	11390033	11390729	5	5	5
ENSG00000267564.1	AP001109.1	chr18	11447756	11489369	5	5	5
ENSG00000267425.1	LINC01928	chr18	11454478	11465996	5	5	5
ENSG00000267252.6	LINC01255	chr18	11486205	11523087	5	5	5
ENSG00000267371.1	AP001017.1	chr18	11552366	11552847	5	5	5
ENSG00000236396.8	SLC35G4	chr18	11609596	11610612	5	5	5
ENSG00000267794.1	AP001120.4	chr18	11618208	11618315	5	5	5
ENSG00000257513.7	NPIPB1P	chr18	11619509	11639699	5	5	5
ENSG00000267143.1	AP001120.2	chr18	11620717	11621158	5	5	5
ENSG00000267773.1	AP001120.3	chr18	11644336	11644824	5	5	5
ENSG00000283492.1	MIR7153	chr18	11654885	11654941	5	5	5
ENSG00000260759.1	AP001120.1	chr18	11666456	11670165	5	5	5
ENSG00000141404.17	GNAL	chr18	11689264	11885685	5	5	5
ENSG00000267333.1	ASNSP6	chr18	11745626	11747581	5	5	5
ENSG00000286812.1	AP001120.5	chr18	11758977	11786181	5	5	5
ENSG00000267455.1	AP005137.1	chr18	11810406	11811484	5	5	5
ENSG00000255112.3	CHMP1B	chr18	11851413	11854444	5	5	5
ENSG00000267165.1	CHMP1B-AS1	chr18	11851414	11852751	5	5	5
ENSG00000272703.1	AP005137.2	chr18	11857155	11857554	5	5	5
ENSG00000154889.17	MPPE1	chr18	11882622	11908366	5	5	5
ENSG00000273141.1	AP001269.4	chr18	11908712	11909223	5	5	5
ENSG00000267079.1	AP001269.2	chr18	11910634	11914344	5	5	5
ENSG00000267661.1	AP001269.3	chr18	11928838	11929476	5	5	5
ENSG00000141401.12	IMPA2	chr18	11981025	12030877	5	5	5
ENSG00000266955.1	AP001269.1	chr18	11993988	11994938	5	5	5
ENSG00000267480.1	AP001542.3	chr18	12031178	12032181	5	5	5
ENSG00000266995.1	AP001542.1	chr18	12040101	12040300	5	5	5
ENSG00000267292.1	AP001542.2	chr18	12050309	12050672	5	5	5
ENSG00000212712.2	AP002414.1	chr18	12056676	12057822	5	5	5
ENSG00000267533.1	AP002414.4	chr18	12067173	12068417	5	5	5
ENSG00000256616.3	AP002414.2	chr18	12073232	12076654	5	5	5
ENSG00000267722.1	AP002414.5	chr18	12081540	12085267	5	5	5
ENSG00000267478.1	AP002414.3	chr18	12091674	12093141	5	5	5
ENSG00000181626.12	ANKRD62	chr18	12093843	12129764	5	5	5
ENSG00000200827.1	RNU6-324P	chr18	12098427	12098532	5	5	5
ENSG00000267162.1	SDHDP1	chr18	12101997	12102470	5	5	5
ENSG00000267116.1	PMM2P2	chr18	12192203	12192934	5	5	5
ENSG00000279285.1	AP005264.5	chr18	12199345	12200089	5	5	5
ENSG00000267643.1	AP005264.3	chr18	12200779	12201979	5	5	5
ENSG00000267733.5	AP005264.4	chr18	12201982	12223539	5	5	5
ENSG00000267076.1	CCDC58P3	chr18	12211378	12211807	5	5	5
ENSG00000267247.1	AP005264.2	chr18	12230411	12231573	5	5	5
ENSG00000267663.1	PPIAP56	chr18	12246589	12247055	5	5	5
ENSG00000176194.18	CIDEA	chr18	12254361	12277595	5	5	5
ENSG00000280302.1	AP005264.6	chr18	12279427	12282739	5	5	5
ENSG00000267069.1	AP005264.1	chr18	12288308	12291488	5	5	5
ENSG00000199702.1	RNU6-170P	chr18	12304091	12304194	5	5	5
ENSG00000176014.13	TUBB6	chr18	12307669	12344320	5	5	5
ENSG00000141385.10	AFG3L2	chr18	12328944	12377227	5	5	5
ENSG00000251937.1	RNU7-129P	chr18	12400412	12400473	5	5	5
ENSG00000141391.14	PRELID3A	chr18	12407896	12432238	5	5	5
ENSG00000267108.1	AP001029.1	chr18	12432897	12437635	5	5	5
ENSG00000267199.1	AP001029.2	chr18	12438890	12448205	5	5	5
ENSG00000134278.15	SPIRE1	chr18	12446512	12658134	5	5	5
ENSG00000267515.1	AP001029.3	chr18	12450447	12451042	5	5	5
ENSG00000128789.21	PSMG2	chr18	12658043	12725740	5	5	5
ENSG00000101624.11	CEP76	chr18	12661833	12702777	5	5	5
ENSG00000267249.1	AP005482.2	chr18	12670426	12671145	5	5	5
ENSG00000266961.1	AP005482.1	chr18	12738965	12750068	5	5	5
ENSG00000260302.3	LINC01882	chr18	12739490	12776140	5	5	5
ENSG00000201466.1	Y_RNA	chr18	12760717	12760818	5	5	5
ENSG00000175354.20	PTPN2	chr18	12785478	12929643	5	5	5
ENSG00000267570.1	STK25P1	chr18	12911186	12912023	5	5	5
ENSG00000267336.1	EIF4A2P1	chr18	12912844	12913906	5	5	5
ENSG00000085415.16	SEH1L	chr18	12947133	12987536	5	5	5
ENSG00000266969.1	AP002449.1	chr18	12984694	12991173	5	5	5
ENSG00000101639.18	CEP192	chr18	12991362	13125052	5	5	5
ENSG00000267656.1	AP001357.2	chr18	13139780	13140489	5	5	5
ENSG00000267032.1	AP001357.1	chr18	13151637	13152689	5	5	5
ENSG00000267286.1	AP001198.2	chr18	13183402	13185617	5	5	5
ENSG00000267239.1	AP001198.1	chr18	13203774	13216367	5	5	5
ENSG00000168675.19	LDLRAD4	chr18	13217498	13652755	5	5	5
ENSG00000267177.1	AP002505.1	chr18	13234945	13236470	5	5	5
ENSG00000279020.1	C18orf15	chr18	13239543	13242076	5	5	5
ENSG00000286926.1	AP002505.3	chr18	13276427	13277155	5	5	5
ENSG00000279275.1	AP002505.2	chr18	13279415	13280110	5	5	5
ENSG00000267393.1	AP002439.1	chr18	13362203	13366243	5	5	5
ENSG00000267690.1	LDLRAD4-AS1	chr18	13419421	13427480	5	5	5
ENSG00000266146.1	MIR5190	chr18	13459947	13460026	5	5	5
ENSG00000267694.1	AP005131.5	chr18	13461020	13470823	5	5	5
ENSG00000267529.3	AP005131.4	chr18	13471012	13472709	5	5	5
ENSG00000267366.1	AP005131.2	chr18	13500641	13501289	5	5	5
ENSG00000267136.1	AP005131.1	chr18	13514520	13522888	5	5	5
ENSG00000267503.1	AP005131.3	chr18	13561399	13565035	5	5	5
ENSG00000263527.1	MIR4526	chr18	13611114	13611200	5	5	5
ENSG00000266954.1	AP001010.1	chr18	13644815	13645685	5	5	5
ENSG00000177150.13	FAM210A	chr18	13663347	13726663	5	5	5
ENSG00000279962.1	AP001525.1	chr18	13710249	13710484	5	5	5
ENSG00000242707.3	RN7SL362P	chr18	13715102	13715368	5	5	5
ENSG00000101654.18	RNMT	chr18	13726660	13764556	5	5	5
ENSG00000176136.6	MC5R	chr18	13824149	13827323	5	5	5
ENSG00000185231.5	MC2R	chr18	13882044	13915707	5	5	5
ENSG00000243779.1	AP001086.1	chr18	13919603	13919923	5	5	5
ENSG00000279352.1	AC006557.6	chr18	14010054	14010917	5	5	5
ENSG00000270469.1	AC006557.5	chr18	14053951	14054761	5	5	5
ENSG00000175322.12	ZNF519	chr18	14057457	14132490	5	5	5
ENSG00000267756.1	AC006557.4	chr18	14074912	14075741	5	5	5
ENSG00000267150.1	AC006557.1	chr18	14089935	14091019	5	5	5
ENSG00000267356.1	AC006557.3	chr18	14104542	14105226	5	5	5
ENSG00000267704.1	FRG2LP	chr18	14137710	14139272	5	5	5
ENSG00000267324.1	AC006557.2	chr18	14143596	14151139	5	5	5
ENSG00000175319.3	NF1P5	chr18	14153001	14157342	5	5	5
ENSG00000186481.16	ANKRD20A5P	chr18	14179097	14252140	5	5	5
ENSG00000212329.1	RNU6-316P	chr18	14190700	14190806	5	5	5
ENSG00000266145.1	RHOT1P1	chr18	14222008	14222331	5	5	5
ENSG00000283294.1	AP005212.4	chr18	14225224	14342505	5	5	5
ENSG00000274214.1	AP005212.2	chr18	14253548	14254075	5	5	5
ENSG00000265787.2	CYP4F35P	chr18	14337423	14342524	5	5	5
ENSG00000277743.1	AP005212.3	chr18	14346214	14346923	5	5	5
ENSG00000265437.1	AP005212.1	chr18	14361434	14361943	5	5	5
ENSG00000187589.8	TERF1P2	chr18	14377546	14378757	5	5	5
ENSG00000265296.1	FEM1AP2	chr18	14391913	14393909	5	5	5
ENSG00000286593.1	AP006261.1	chr18	14404551	14430923	5	5	5
ENSG00000266605.1	LONRF2P1	chr18	14450216	14450883	5	5	5
ENSG00000265766.3	CXADRP3	chr18	14477955	14499278	5	5	5
ENSG00000266242.1	GRAMD4P7	chr18	14485806	14487501	5	5	5
ENSG00000183206.17	POTEC	chr18	14507339	14543585	5	5	5
ENSG00000200132.1	RNU6-1021P	chr18	14531676	14531782	5	5	5
ENSG00000265340.1	OR4K7P	chr18	14570844	14571788	5	5	5
ENSG00000266693.1	OR4K8P	chr18	14613137	14614184	5	5	5
ENSG00000264570.1	SNX19P3	chr18	14629832	14632806	5	5	5
ENSG00000273732.1	VN1R74P	chr18	14680604	14681106	5	5	5
ENSG00000276318.1	GTF2IP8	chr18	14695422	14706597	5	5	5
ENSG00000180777.14	ANKRD30B	chr18	14728272	14854038	5	5	5
ENSG00000200645.1	RNU6-1210P	chr18	14759188	14759294	5	5	5
ENSG00000265737.1	AP006565.1	chr18	14816151	14825249	5	5	5
ENSG00000265499.1	MIR3156-2	chr18	14830166	14830242	5	5	5
ENSG00000265786.1	LINC01906	chr18	14877611	14884052	5	5	5
ENSG00000264061.1	FGF7P1	chr18	14888709	14890086	5	5	5
ENSG00000263618.5	AP005121.1	chr18	14903580	14915628	5	5	5
ENSG00000266554.2	LINC01443	chr18	14946267	14974215	5	5	5
ENSG00000264301.1	LINC01444	chr18	14969001	14970468	5	5	5
ENSG00000263821.1	AP005121.2	chr18	14978739	14979839	5	5	5
ENSG00000279042.1	AP005242.4	chr18	14990707	14993235	5	5	5
ENSG00000266522.1	AP005242.2	chr18	15003975	15006352	5	5	5
ENSG00000278923.2	AP005242.3	chr18	15056845	15066598	5	5	5
ENSG00000263635.1	AP005242.1	chr18	15075445	15122767	5	5	5
ENSG00000286815.1	AP005242.5	chr18	15139255	15150980	5	5	5
ENSG00000264880.1	AP005901.2	chr18	15159724	15164467	5	5	5
ENSG00000287723.1	AP005901.6	chr18	15165338	15172007	5	5	5
ENSG00000286293.1	AP005901.5	chr18	15184016	15189760	5	5	5
ENSG00000265015.1	AP005901.3	chr18	15196999	15197775	5	5	5
ENSG00000265631.1	BNIP3P3	chr18	15247429	15247997	5	5	5
ENSG00000266818.1	AP005901.4	chr18	15254418	15271744	5	5	5
ENSG00000215512.9	AP005901.1	chr18	15307663	15330282	5	5	5
ENSG00000222087.1	RNU6-721P	chr18	15320840	15320944	5	5	5
ENSG00000067900.8	ROCK1	chr18	20946906	21111813	5	5	5
ENSG00000244527.1	AC022795.1	chr18	21119182	21119661	5	5	5
ENSG00000251886.1	RNU6-120P	chr18	21120404	21120506	5	5	5
ENSG00000263748.1	EXOGP1	chr18	21182503	21183499	5	5	5
ENSG00000265984.1	AC022809.1	chr18	21240675	21241371	5	5	5
ENSG00000141449.15	GREB1L	chr18	21242242	21525417	5	5	5
ENSG00000265948.1	AC015878.2	chr18	21316878	21317795	5	5	5
ENSG00000265751.1	AC015878.1	chr18	21380286	21451017	5	5	5
ENSG00000221139.1	AC011774.1	chr18	21450653	21450756	5	5	5
ENSG00000141446.11	ESCO1	chr18	21529284	21600884	5	5	5
ENSG00000167088.11	SNRPD1	chr18	21612314	21633524	5	5	5
ENSG00000158201.10	ABHD3	chr18	21650901	21704780	5	5	5
ENSG00000264188.1	AC106037.2	chr18	21661787	21662395	5	5	5
ENSG00000265656.1	AC106037.3	chr18	21673628	21682561	5	5	5
ENSG00000221493.1	MIR320C1	chr18	21683510	21683597	5	5	5
ENSG00000101752.12	MIB1	chr18	21704957	21870953	5	5	5
ENSG00000252677.1	AC106037.1	chr18	21711950	21712119	5	5	5
ENSG00000200750.1	Y_RNA	chr18	21724119	21724229	5	5	5
ENSG00000242971.3	RN7SL233P	chr18	21793883	21794159	5	5	5
ENSG00000199977.1	SNORA73	chr18	21817624	21817828	5	5	5
ENSG00000265142.9	MIR133A1HG	chr18	21825487	21831539	5	5	5
ENSG00000283927.1	MIR133A1	chr18	21825698	21825785	5	5	5
ENSG00000284453.1	MIR1-2	chr18	21829004	21829088	5	5	5
ENSG00000243303.1	AC103987.1	chr18	21854640	21854987	5	5	5
ENSG00000264149.1	AC103987.2	chr18	21871446	21893996	5	5	5
ENSG00000252325.1	RNU6-1038P	chr18	21879801	21879904	5	5	5
ENSG00000264289.1	AC103987.3	chr18	21914369	21914660	5	5	5
ENSG00000222520.1	RNA5SP451	chr18	21928985	21929094	5	5	5
ENSG00000265758.1	LINC01900	chr18	21981121	22051159	5	5	5
ENSG00000263588.1	AC091043.1	chr18	22088060	22098780	5	5	5
ENSG00000221363.1	RNU6ATAC20P	chr18	22130603	22130729	5	5	5
ENSG00000266010.2	GATA6-AS1	chr18	22164886	22169878	5	5	5
ENSG00000141448.11	GATA6	chr18	22169589	22202528	5	5	5
ENSG00000264012.1	AC091588.1	chr18	22175465	22176662	5	5	5
ENSG00000201852.1	RNU6-702P	chr18	22180112	22180218	5	5	5
ENSG00000266283.1	AC091588.3	chr18	22200619	22205229	5	5	5
ENSG00000264825.1	AC091588.2	chr18	22213778	22228029	5	5	5
ENSG00000273348.1	AC027449.1	chr18	22347846	22348252	5	5	5
ENSG00000212710.5	CTAGE1	chr18	22413599	22417915	5	5	5
ENSG00000270855.1	ATP7BP1	chr18	22418829	22419294	5	5	5
ENSG00000239490.1	RPS4XP18	chr18	22586465	22587227	5	5	5
ENSG00000206827.1	RNU6-1032P	chr18	22647582	22647688	5	5	5
ENSG00000265943.1	AC090912.1	chr18	22699481	22933764	5	5	5
ENSG00000266850.1	AC090912.2	chr18	22723491	22907721	5	5	5
ENSG00000101773.19	RBBP8	chr18	22798261	23026488	5	5	5
ENSG00000273232.1	AC090912.3	chr18	22882825	22883357	5	5	5
ENSG00000265939.1	UBE2CP2	chr18	22900486	22900995	5	5	5
ENSG00000284331.1	MIR4741	chr18	22933349	22933438	5	5	5
ENSG00000242182.3	RN7SL745P	chr18	23004564	23004862	5	5	5
ENSG00000223023.1	Y_RNA	chr18	23024596	23024703	5	5	5
ENSG00000134508.12	CABLES1	chr18	23134564	23260467	5	5	5
ENSG00000134490.14	TMEM241	chr18	23197144	23437961	5	5	5
ENSG00000266495.1	AC011731.1	chr18	23257164	23260354	5	5	5
ENSG00000101782.15	RIOK3	chr18	23453287	23486603	5	5	5
ENSG00000199357.1	Y_RNA	chr18	23456371	23456467	5	5	5
ENSG00000283084.1	AC026634.1	chr18	23485000	23485197	5	5	5
ENSG00000141452.10	RMC1	chr18	23503470	23531822	5	5	5
ENSG00000141458.13	NPC1	chr18	23506184	23586506	5	5	5
ENSG00000199366.1	Y_RNA	chr18	23582016	23582121	5	5	5
ENSG00000154065.17	ANKRD29	chr18	23598926	23662911	5	5	5
ENSG00000267752.1	RPS10P27	chr18	23672253	23672748	5	5	5
ENSG00000053747.17	LAMA3	chr18	23689453	23956222	5	5	5
ENSG00000267301.1	RPL23AP77	chr18	23709825	23710287	5	5	5
ENSG00000265752.3	AC010754.1	chr18	23957754	23982556	5	5	5
ENSG00000168234.13	TTC39C	chr18	23992773	24135610	5	5	5
ENSG00000264745.1	TTC39C-AS1	chr18	23994213	24015339	5	5	5
ENSG00000265204.1	AC090772.2	chr18	24076794	24099320	5	5	5
ENSG00000264924.1	AC090772.1	chr18	24113637	24121003	5	5	5
ENSG00000206863.1	RNU5A-6P	chr18	24124170	24124285	5	5	5
ENSG00000279332.1	AC090772.4	chr18	24135468	24135829	5	5	5
ENSG00000154040.21	CABYR	chr18	24138987	24161600	5	5	5
ENSG00000265750.1	AC090772.3	chr18	24159509	24162211	5	5	5
ENSG00000141447.18	OSBPL1A	chr18	24162045	24397880	5	5	5
ENSG00000199874.1	RNA5SP452	chr18	24170505	24170623	5	5	5
ENSG00000273524.1	Metazoa_SRP	chr18	24179038	24179295	5	5	5
ENSG00000206766.1	RNU6-435P	chr18	24218300	24218404	5	5	5
ENSG00000212051.1	MIR320C2	chr18	24321686	24321735	5	5	5
ENSG00000264365.1	AC023983.1	chr18	24364787	24367984	5	5	5
ENSG00000273321.1	AC023983.2	chr18	24402153	24402714	5	5	5
ENSG00000154059.11	IMPACT	chr18	24426634	24453531	5	5	5
ENSG00000199636.1	Y_RNA	chr18	24429505	24429609	5	5	5
ENSG00000265094.1	AC007922.2	chr18	24435364	24439638	5	5	5
ENSG00000134489.7	HRH4	chr18	24460637	24479961	5	5	5
ENSG00000264695.1	AC007922.1	chr18	24489375	24491080	5	5	5
ENSG00000287611.1	AC007922.4	chr18	24500399	24508133	5	5	5
ENSG00000266489.3	AC007922.3	chr18	24516699	24544154	5	5	5
ENSG00000266181.1	EIF4A3P1	chr18	24522273	24522919	5	5	5
ENSG00000265485.7	LINC01915	chr18	24534551	24708542	5	5	5
ENSG00000266520.1	RAC1P1	chr18	24685772	24686351	5	5	5
ENSG00000266809.1	PPIAP57	chr18	24689914	24690161	5	5	5
ENSG00000266573.6	AC018697.1	chr18	24725762	24986980	5	5	5
ENSG00000264345.2	LINC01894	chr18	24932771	24987919	5	5	5
ENSG00000229248.1	WBP2P1	chr18	25016434	25017204	5	5	5
ENSG00000265552.1	AC104961.1	chr18	25055600	25056760	5	5	5
ENSG00000198795.11	ZNF521	chr18	25061924	25352190	5	5	5
ENSG00000285595.1	AC105114.2	chr18	25196663	25218241	5	5	5
ENSG00000279439.1	AC105114.1	chr18	25200976	25202837	5	5	5
ENSG00000264434.2	AC110603.1	chr18	25302126	25302960	5	5	5
ENSG00000242216.3	RN7SL97P	chr18	25818234	25818532	5	5	5
ENSG00000264193.1	AC027229.1	chr18	25953216	25953468	5	5	5
ENSG00000141380.14	SS18	chr18	26016253	26091217	5	5	5
ENSG00000243925.1	RPS24P18	chr18	26098839	26099226	5	5	5
ENSG00000154611.15	PSMA8	chr18	26133852	26193355	5	5	5
ENSG00000188985.6	DHFRP1	chr18	26170726	26171284	5	5	5
ENSG00000266227.1	NPM1P2	chr18	26204869	26205904	5	5	5
ENSG00000141384.13	TAF4B	chr18	26226445	26391685	5	5	5
ENSG00000263829.1	SINHCAFP1	chr18	26255698	26256355	5	5	5
ENSG00000266237.1	AC121320.1	chr18	26266009	26267409	5	5	5
ENSG00000264911.1	AC022069.1	chr18	26348347	26349004	5	5	5
ENSG00000207160.1	RNU6-1289P	chr18	26366301	26366406	5	5	5
ENSG00000263862.2	LINC01543	chr18	26421139	26438041	5	5	5
ENSG00000134504.14	KCTD1	chr18	26454910	26657401	5	5	5
ENSG00000277534.1	AC007996.1	chr18	26542971	26545791	5	5	5
ENSG00000275805.1	AC090206.1	chr18	26565723	26575626	5	5	5
ENSG00000276221.1	MIR8057	chr18	26591467	26591535	5	5	5
ENSG00000263846.1	CIAPIN1P	chr18	26599408	26600338	5	5	5
ENSG00000260372.7	AQP4-AS1	chr18	26655737	27190698	5	5	5
ENSG00000263677.2	AC012588.1	chr18	26685954	26689668	5	5	5
ENSG00000265369.3	PCAT18	chr18	26687621	26703638	5	5	5
ENSG00000275900.1	U3	chr18	26689316	26689529	5	5	5
ENSG00000263382.2	AC018371.1	chr18	26822341	26825171	5	5	5
ENSG00000266184.1	AC018371.2	chr18	26831520	26832432	5	5	5
ENSG00000171885.18	AQP4	chr18	26852043	26865771	5	5	5
ENSG00000154080.14	CHST9	chr18	26906481	27185308	5	5	5
ENSG00000266549.1	ATP6V1E1P2	chr18	26952201	26952558	5	5	5
ENSG00000265374.1	LINC01908	chr18	27225742	27247188	5	5	5
ENSG00000264151.6	AC090403.1	chr18	27335968	27595164	5	5	5
ENSG00000264790.1	AC021382.1	chr18	27343252	27346110	5	5	5
ENSG00000244329.1	UBA52P9	chr18	27355406	27355764	5	5	5
ENSG00000263611.2	AC068408.1	chr18	27375310	27401910	5	5	5
ENSG00000265097.1	RBM22P1	chr18	27418884	27420435	5	5	5
ENSG00000263405.1	PA2G4P3	chr18	27452514	27453657	5	5	5
ENSG00000286465.1	AC068408.2	chr18	27454466	27469673	5	5	5
ENSG00000286426.1	AC090936.1	chr18	27785821	27795637	5	5	5
ENSG00000170558.10	CDH2	chr18	27932879	28177946	5	5	5
ENSG00000227279.1	AC110015.1	chr18	27954519	27963687	5	5	5
ENSG00000274578.1	AC006249.1	chr18	28146233	28146703	5	5	5
ENSG00000265994.2	AC090365.1	chr18	28638714	28789580	5	5	5
ENSG00000266296.1	ARIH2P1	chr18	28651732	28653208	5	5	5
ENSG00000271238.1	AC023932.1	chr18	28824652	28824826	5	5	5
ENSG00000251719.1	RNU6-408P	chr18	29048620	29048719	5	5	5
ENSG00000266479.1	AC105245.1	chr18	29256817	29257060	5	5	5
ENSG00000265980.1	AC074237.1	chr18	29278509	29361963	5	5	5
ENSG00000264587.5	AC117569.1	chr18	29518259	29548241	5	5	5
ENSG00000287803.1	AC117569.2	chr18	29629842	29650440	5	5	5
ENSG00000286605.1	AC115100.1	chr18	30290161	30414073	5	5	5
ENSG00000283218.1	MIR302F	chr18	30298910	30298960	5	5	5
ENSG00000266196.1	AC090506.1	chr18	30713275	30714286	5	5	5
ENSG00000279734.1	AC090506.2	chr18	30780006	30780424	5	5	5
ENSG00000265670.1	AC016382.1	chr18	30954820	30980917	5	5	5
ENSG00000251702.1	RNU6-857P	chr18	30984106	30984215	5	5	5
ENSG00000134762.17	DSC3	chr18	30989365	31042815	5	5	5
ENSG00000134755.17	DSC2	chr18	31058840	31102522	5	5	5
ENSG00000265888.2	DSCAS	chr18	31101583	31162789	5	5	5
ENSG00000134765.10	DSC1	chr18	31129236	31162856	5	5	5
ENSG00000263698.1	AC012417.1	chr18	31131456	31132494	5	5	5
ENSG00000134760.6	DSG1	chr18	31318160	31359246	5	5	5
ENSG00000266729.5	DSG1-AS1	chr18	31343368	31426988	5	5	5
ENSG00000207019.1	RNU6-167P	chr18	31345362	31345467	5	5	5
ENSG00000175065.12	DSG4	chr18	31376777	31414912	5	5	5
ENSG00000207240.1	Y_RNA	chr18	31382317	31382430	5	5	5
ENSG00000134757.5	DSG3	chr18	31447741	31478702	5	5	5
ENSG00000266521.1	AC021549.1	chr18	31496645	31497195	5	5	5
ENSG00000046604.13	DSG2	chr18	31498177	31549008	5	5	5
ENSG00000264859.6	DSG2-AS1	chr18	31542146	31556948	5	5	5
ENSG00000118271.12	TTR	chr18	31557009	31598833	5	5	5
ENSG00000118276.11	B4GALT6	chr18	31622247	31685836	5	5	5
ENSG00000259985.1	AC017100.1	chr18	31685655	31686823	5	5	5
ENSG00000200472.1	RN7SKP44	chr18	31718893	31719208	5	5	5
ENSG00000265158.1	LRRC37A7P	chr18	31724198	31726956	5	5	5
ENSG00000263772.1	AC017100.2	chr18	31726043	31726397	5	5	5
ENSG00000141437.10	SLC25A52	chr18	31759584	31760880	5	5	5
ENSG00000153339.15	TRAPPC8	chr18	31829197	31953136	5	5	5
ENSG00000263924.1	AC022960.1	chr18	31844388	31845178	5	5	5
ENSG00000276486.1	AC022960.3	chr18	31883288	31883728	5	5	5
ENSG00000276282.1	AC022960.2	chr18	31895745	31896410	5	5	5
ENSG00000222320.1	RNU6-1050P	chr18	31937533	31937639	5	5	5
ENSG00000263823.1	AC009831.1	chr18	31942575	31944156	5	5	5
ENSG00000265273.1	PGDP1	chr18	31962178	31963618	5	5	5
ENSG00000266105.1	AC009831.2	chr18	31966960	31967545	5	5	5
ENSG00000280380.1	AC009831.4	chr18	31982899	31986087	5	5	5
ENSG00000101695.9	RNF125	chr18	32018825	32073219	5	5	5
ENSG00000263917.1	AC011825.3	chr18	32018829	32111779	5	5	5
ENSG00000274275.1	AC009831.3	chr18	32031035	32031359	5	5	5
ENSG00000214917.3	AC011825.1	chr18	32075885	32076272	5	5	5
ENSG00000265008.1	AC011825.4	chr18	32091295	32092119	5	5	5
ENSG00000134758.14	RNF138	chr18	32091874	32131561	5	5	5
ENSG00000263393.1	AC011825.2	chr18	32122400	32124478	5	5	5
ENSG00000141441.16	GAREM1	chr18	32124877	32470882	5	5	5
ENSG00000199373.1	RNA5SP453	chr18	32176050	32176168	5	5	5
ENSG00000141434.12	MEP1B	chr18	32185069	32220404	5	5	5
ENSG00000265279.1	CLUHP6	chr18	32196026	32196966	5	5	5
ENSG00000263904.1	AC015563.1	chr18	32245946	32249032	5	5	5
ENSG00000222395.2	Y_RNA	chr18	32263135	32263234	5	5	5
ENSG00000264982.1	AC015563.2	chr18	32287437	32290340	5	5	5
ENSG00000215492.6	HNRNPA1P7	chr18	32412214	32413176	5	5	5
ENSG00000285095.2	AC025887.2	chr18	32470288	32745567	5	5	5
ENSG00000260389.1	WBP11P1	chr18	32511663	32514634	5	5	5
ENSG00000287994.1	AC009835.1	chr18	32554033	32566634	5	5	5
ENSG00000263688.1	AC025887.1	chr18	32581528	32582828	5	5	5
ENSG00000197705.10	KLHL14	chr18	32672673	32773023	5	5	5
ENSG00000228835.1	AC012123.1	chr18	32769795	32774413	5	5	5
ENSG00000243355.1	AC012123.2	chr18	32779039	32779286	5	5	5
ENSG00000263765.5	AC090371.2	chr18	32833454	32938316	5	5	5
ENSG00000166960.16	CCDC178	chr18	32937402	33441101	5	5	5
ENSG00000263450.1	AC090371.1	chr18	32954075	32957998	5	5	5
ENSG00000267642.1	AC091198.1	chr18	33552123	33578187	5	5	5
ENSG00000141431.12	ASXL3	chr18	33578219	33751195	5	5	5
ENSG00000101746.15	NOL4	chr18	33851100	34224952	5	5	5
ENSG00000199204.1	Y_RNA	chr18	34001698	34001799	5	5	5
ENSG00000280406.1	AC104985.3	chr18	34221007	34221603	5	5	5
ENSG00000267746.1	AC104985.1	chr18	34222965	34224761	5	5	5
ENSG00000278052.1	AC104985.2	chr18	34225930	34226429	5	5	5
ENSG00000134769.21	DTNA	chr18	34493290	34891844	5	5	5
ENSG00000267585.1	AC013290.1	chr18	34573987	34574523	5	5	5
ENSG00000268873.1	AC022601.1	chr18	34737795	34767663	5	5	5
ENSG00000278464.2	AC068506.1	chr18	34892013	34903504	5	5	5
ENSG00000166974.13	MAPRE2	chr18	34976928	35143470	5	5	5
ENSG00000280096.1	AC015967.2	chr18	35082009	35082242	5	5	5
ENSG00000274400.1	AC015967.1	chr18	35144942	35145417	5	5	5
ENSG00000186812.13	ZNF397	chr18	35241030	35267133	5	5	5
ENSG00000186814.14	ZSCAN30	chr18	35251058	35290245	5	5	5
ENSG00000279989.1	AC011815.3	chr18	35257040	35257512	5	5	5
ENSG00000274184.1	AC011815.2	chr18	35268218	35270238	5	5	5
ENSG00000268573.1	AC011815.1	chr18	35280867	35290201	5	5	5
ENSG00000257267.3	ZNF271P	chr18	35290282	35328390	5	5	5
ENSG00000274918.1	AC116447.1	chr18	35317396	35317848	5	5	5
ENSG00000172466.16	ZNF24	chr18	35332227	35345482	5	5	5
ENSG00000186496.12	ZNF396	chr18	35366694	35377337	5	5	5
ENSG00000239683.1	AC007998.1	chr18	35383354	35384025	5	5	5
ENSG00000275512.1	AC007998.4	chr18	35403996	35406528	5	5	5
ENSG00000267583.5	AC007998.3	chr18	35443869	35467088	5	5	5
ENSG00000267140.1	AC007998.2	chr18	35443871	35497940	5	5	5
ENSG00000153391.16	INO80C	chr18	35452230	35497979	5	5	5
ENSG00000279074.1	AC007998.5	chr18	35483431	35483667	5	5	5
ENSG00000141429.13	GALNT1	chr18	35581117	35711834	5	5	5
ENSG00000283514.1	MIR3975	chr18	35591737	35591806	5	5	5
ENSG00000266965.1	AC090220.1	chr18	35595901	35597599	5	5	5
ENSG00000267397.1	AC090229.1	chr18	35716370	35717978	5	5	5
ENSG00000267797.1	NRBF2P1	chr18	35841759	35842617	5	5	5
ENSG00000207797.1	MIR187	chr18	35904818	35904926	5	5	5
ENSG00000265641.1	MIR3929	chr18	35934088	35934142	5	5	5
ENSG00000267627.5	AC118757.1	chr18	35951803	35966118	5	5	5
ENSG00000278986.1	AC091060.1	chr18	35972151	35973916	5	5	5
ENSG00000141428.17	C18orf21	chr18	35972625	35979286	5	5	5
ENSG00000141425.18	RPRD1A	chr18	35984387	36067576	5	5	5
ENSG00000141424.13	SLC39A6	chr18	36108531	36129385	5	5	5
ENSG00000134759.14	ELP2	chr18	36129444	36180557	5	5	5
ENSG00000260552.1	AC023043.1	chr18	36179996	36187448	5	5	5
ENSG00000075643.6	MOCOS	chr18	36187497	36272157	5	5	5
ENSG00000274849.1	AC023043.4	chr18	36189824	36190272	5	5	5
ENSG00000267404.1	AC023043.2	chr18	36273574	36274599	5	5	5
ENSG00000267456.2	AC023043.3	chr18	36278735	36279119	5	5	5
ENSG00000134775.15	FHOD3	chr18	36297714	36780055	5	5	5
ENSG00000286890.1	AC055840.1	chr18	36417055	36424185	5	5	5
ENSG00000134779.15	TPGS2	chr18	36777647	36829216	5	5	5
ENSG00000150477.15	KIAA1328	chr18	36829106	37232172	5	5	5
ENSG00000267039.1	AC016493.1	chr18	36901946	36923814	5	5	5
ENSG00000267651.1	AC015961.1	chr18	37234119	37236242	5	5	5
ENSG00000101489.20	CELF4	chr18	37243040	37565827	5	5	5
ENSG00000267707.2	AC015961.2	chr18	37243776	37247506	5	5	5
ENSG00000267202.5	AC090386.1	chr18	37273706	37276572	5	5	5
ENSG00000279678.1	AC090386.2	chr18	37305295	37306333	5	5	5
ENSG00000279543.1	AC129908.1	chr18	37473330	37473977	5	5	5
ENSG00000285940.2	AC009899.1	chr18	37565281	37762131	5	5	5
ENSG00000266530.1	MIR4318	chr18	37657135	37657215	5	5	5
ENSG00000243516.1	RPL12P40	chr18	37672689	37673176	5	5	5
ENSG00000286716.1	AC108452.1	chr18	37960220	37992413	5	5	5
ENSG00000268566.6	AC100781.1	chr18	38655209	38688033	5	5	5
ENSG00000222704.1	RN7SKP182	chr18	39016047	39016344	5	5	5
ENSG00000253038.1	RNU6-706P	chr18	39034007	39034110	5	5	5
ENSG00000267374.2	MIR924HG	chr18	39206917	39800322	5	5	5
ENSG00000283458.1	AC011139.1	chr18	39314240	39328008	5	5	5
ENSG00000175886.10	RPL7AP66	chr18	39334872	39335672	5	5	5
ENSG00000283615.1	MIR924	chr18	39622123	39622175	5	5	5
ENSG00000286559.1	AC099845.1	chr18	39655645	39665494	5	5	5
ENSG00000283645.1	MIR5583-2	chr18	39676719	39676777	5	5	5
ENSG00000266148.1	MIR5583-1	chr18	39676721	39676779	5	5	5
ENSG00000212354.1	RNU6-1242P	chr18	39678520	39678622	5	5	5
ENSG00000267413.1	LINC01901	chr18	39841174	39924840	5	5	5
ENSG00000283503.2	LINC01902	chr18	39841709	39896298	5	5	5
ENSG00000279034.1	AC011266.1	chr18	40062903	40066471	5	5	5
ENSG00000261715.1	LINC01477	chr18	40066286	40099233	5	5	5
ENSG00000267664.1	RPL17P45	chr18	40143926	40144504	5	5	5
ENSG00000286844.1	AC068688.1	chr18	40245879	40247367	5	5	5
ENSG00000286328.1	AC079052.1	chr18	41341319	41507550	5	5	5
ENSG00000267313.7	KC6	chr18	41465783	41632185	5	5	5
ENSG00000267652.1	NPM1P1	chr18	41789162	41789395	5	5	5
ENSG00000225253.1	AC011225.1	chr18	41819053	41819421	5	5	5
ENSG00000078142.13	PIK3C3	chr18	41955234	42087830	5	5	5
ENSG00000276174.1	AC087683.2	chr18	42052705	42053030	5	5	5
ENSG00000267088.1	AC087683.1	chr18	42089312	42089752	5	5	5
ENSG00000287007.1	AC087683.3	chr18	42105729	42115538	5	5	5
ENSG00000267586.7	LINC00907	chr18	42159283	42691422	5	5	5
ENSG00000253040.1	RNA5SP454	chr18	42270589	42270715	5	5	5
ENSG00000286976.1	AC084335.1	chr18	42649520	42657893	5	5	5
ENSG00000152214.14	RIT2	chr18	42743227	43115691	5	5	5
ENSG00000287209.1	AC100779.1	chr18	43115747	43129039	5	5	5
ENSG00000132872.12	SYT4	chr18	43267892	43277535	5	5	5
ENSG00000278933.1	AC022743.1	chr18	43499173	43499836	5	5	5
ENSG00000267716.1	AC083760.1	chr18	44039471	44040140	5	5	5
ENSG00000202060.1	RNA5SP455	chr18	44071583	44071701	5	5	5
ENSG00000285550.1	AC110014.1	chr18	44214971	44342315	5	5	5
ENSG00000267337.2	LINC01478	chr18	44280768	44579953	5	5	5
ENSG00000267573.1	KRT8P5	chr18	44320800	44322257	5	5	5
ENSG00000277899.1	MLECP1	chr18	44522366	44523074	5	5	5
ENSG00000267414.1	SETBP1-DT	chr18	44676927	44679717	5	5	5
ENSG00000152217.20	SETBP1	chr18	44680173	45068510	5	5	5
ENSG00000280365.1	AC021766.1	chr18	44732575	44733315	5	5	5
ENSG00000265957.1	MIR4319	chr18	44970082	44970166	5	5	5
ENSG00000279319.1	AC105074.1	chr18	44986109	44989203	5	5	5
ENSG00000267101.7	AC090376.1	chr18	45104361	45181382	5	5	5
ENSG00000132874.15	SLC14A2	chr18	45212995	45683688	5	5	5
ENSG00000267097.1	SLC14A2-AS1	chr18	45423764	45483218	5	5	5
ENSG00000266988.6	AC021517.1	chr18	45483343	45529855	5	5	5
ENSG00000285790.1	AC021517.3	chr18	45491581	45503824	5	5	5
ENSG00000267354.1	AC091151.2	chr18	45507202	45550183	5	5	5
ENSG00000287943.1	AC091151.7	chr18	45571406	45611540	5	5	5
ENSG00000267193.7	AC091151.1	chr18	45573084	45575504	5	5	5
ENSG00000266968.2	AC023421.1	chr18	45646153	45647937	5	5	5
ENSG00000288545.1	AC023421.2	chr18	45669367	45747215	5	5	5
ENSG00000141469.18	SLC14A1	chr18	45687025	45752520	5	5	5
ENSG00000267558.2	AC087685.1	chr18	45788530	45788670	5	5	5
ENSG00000197046.12	SIGLEC15	chr18	45825675	45844094	5	5	5
ENSG00000152223.15	EPG5	chr18	45847609	45967329	5	5	5
ENSG00000152229.18	PSTPIP2	chr18	45983536	46072272	5	5	5
ENSG00000222179.1	RN7SKP26	chr18	45989653	45989945	5	5	5
ENSG00000267293.1	AC012569.1	chr18	46028306	46029829	5	5	5
ENSG00000252034.1	RNY4P37	chr18	46077004	46077099	5	5	5
ENSG00000152234.16	ATP5F1A	chr18	46080248	46104334	5	5	5
ENSG00000152240.13	HAUS1	chr18	46104378	46128333	5	5	5
ENSG00000251939.1	RNU6-1278P	chr18	46121615	46121721	5	5	5
ENSG00000152242.11	C18orf25	chr18	46173553	46266992	5	5	5
ENSG00000141622.14	RNF165	chr18	46326809	46463140	5	5	5
ENSG00000279829.1	AC015959.1	chr18	46385707	46387083	5	5	5
ENSG00000285993.1	AC018931.1	chr18	46409197	46410645	5	5	5
ENSG00000167210.17	LOXHD1	chr18	46476972	46657220	5	5	5
ENSG00000101638.14	ST8SIA5	chr18	46667821	46759257	5	5	5
ENSG00000240983.1	AC090311.1	chr18	46722975	46723223	5	5	5
ENSG00000270112.4	AC090241.2	chr18	46756487	46802449	5	5	5
ENSG00000274776.1	AC090241.3	chr18	46786699	46789297	5	5	5
ENSG00000078043.16	PIAS2	chr18	46803218	46920160	5	5	5
ENSG00000267587.1	AC090241.1	chr18	46852632	46853882	5	5	5
ENSG00000279354.1	AC090373.1	chr18	46915021	46915623	5	5	5
ENSG00000167216.17	KATNAL2	chr18	46917492	47102243	5	5	5
ENSG00000288616.1	ELOA3D	chr18	46962768	46964408	5	5	5
ENSG00000275553.4	ELOA3C	chr18	46968695	46969912	5	5	5
ENSG00000288607.1	ELOA3B	chr18	47022287	47023927	5	5	5
ENSG00000288631.1	ELOA3	chr18	47028202	47029842	5	5	5
ENSG00000206181.6	ELOA2	chr18	47032572	47035621	5	5	5
ENSG00000280212.1	AC012254.5	chr18	47076117	47076594	5	5	5
ENSG00000266957.1	AC012254.1	chr18	47077361	47091280	5	5	5
ENSG00000267724.1	AC012254.3	chr18	47105946	47108062	5	5	5
ENSG00000167220.12	HDHD2	chr18	47107408	47150500	5	5	5
ENSG00000267228.7	AC012254.2	chr18	47108188	47176345	5	5	5
ENSG00000267800.1	AC012254.4	chr18	47137018	47137290	5	5	5
ENSG00000134049.6	IER3IP1	chr18	47152834	47176364	5	5	5
ENSG00000215474.8	SKOR2	chr18	47206169	47251660	5	5	5
ENSG00000201825.1	RNU6-1131P	chr18	47234442	47234548	5	5	5
ENSG00000287673.1	AC051635.1	chr18	47263935	47282939	5	5	5
ENSG00000267761.3	MIR4527HG	chr18	47285725	47594550	5	5	5
ENSG00000266582.1	MIR4527	chr18	47380496	47380565	5	5	5
ENSG00000279367.1	AC102797.2	chr18	47501172	47503106	5	5	5
ENSG00000261307.1	AC102797.1	chr18	47501172	47558383	5	5	5
ENSG00000267156.1	TPMTP1	chr18	47630112	47630848	5	5	5
ENSG00000267187.1	AC026898.1	chr18	47703175	47703745	5	5	5
ENSG00000175387.16	SMAD2	chr18	47808957	47931146	5	5	5
ENSG00000267541.1	MTCO2P2	chr18	47853233	47853457	5	5	5
ENSG00000279707.1	AC120349.3	chr18	47866839	47867367	5	5	5
ENSG00000269365.2	AC120349.1	chr18	47878295	47882444	5	5	5
ENSG00000279366.1	AC120349.2	chr18	47912207	47912504	5	5	5
ENSG00000184828.10	ZBTB7C	chr18	48026672	48410752	5	5	5
ENSG00000278891.1	AC105101.1	chr18	48147634	48150864	5	5	5
ENSG00000286583.1	AC105101.2	chr18	48162039	48184725	5	5	5
ENSG00000206944.1	RNU6-708P	chr18	48169784	48169890	5	5	5
ENSG00000280197.1	C18orf12	chr18	48252301	48252837	5	5	5
ENSG00000200872.1	RNA5SP456	chr18	48475487	48475600	5	5	5
ENSG00000277907.1	AC024288.1	chr18	48478282	48478491	5	5	5
ENSG00000266984.1	POLR3GP2	chr18	48478561	48479228	5	5	5
ENSG00000134030.14	CTIF	chr18	48539031	48863217	5	5	5
ENSG00000278983.1	AC048380.2	chr18	48564795	48568342	5	5	5
ENSG00000279629.1	AC048380.3	chr18	48661840	48662635	5	5	5
ENSG00000266276.3	MIR4743	chr18	48670600	48670668	5	5	5
ENSG00000267762.1	AC048380.1	chr18	48673575	48688419	5	5	5
ENSG00000279250.1	AC022919.1	chr18	48755693	48756318	5	5	5
ENSG00000267764.1	AC093567.1	chr18	48826051	48834770	5	5	5
ENSG00000101665.9	SMAD7	chr18	48919853	48952052	5	5	5
ENSG00000266905.1	AC114684.1	chr18	48962951	48963941	5	5	5
ENSG00000280335.1	AC016866.3	chr18	49013106	49013819	5	5	5
ENSG00000264269.1	AC016866.1	chr18	49023703	49048474	5	5	5
ENSG00000141627.14	DYM	chr18	49036387	49461347	5	5	5
ENSG00000263849.1	MIR4744	chr18	49049687	49049768	5	5	5
ENSG00000265128.1	AC016866.2	chr18	49116301	49126479	5	5	5
ENSG00000266696.1	AC044840.1	chr18	49205912	49208781	5	5	5
ENSG00000263895.1	AC100778.1	chr18	49431744	49447420	5	5	5
ENSG00000287518.1	AC100778.4	chr18	49447464	49451827	5	5	5
ENSG00000264971.1	PRR13P4	chr18	49469803	49470223	5	5	5
ENSG00000177576.12	C18orf32	chr18	49477243	49487252	5	5	5
ENSG00000215472.10	RPL17-C18orf32	chr18	49481681	49492479	5	5	5
ENSG00000263916.1	AC100778.2	chr18	49484536	49486149	5	5	5
ENSG00000265496.5	AC100778.3	chr18	49487339	49491878	5	5	5
ENSG00000284239.1	MIR1539	chr18	49487373	49487422	5	5	5
ENSG00000265681.7	RPL17	chr18	49488453	49492523	5	5	5
ENSG00000202093.1	SNORD58C	chr18	49489245	49489308	5	5	5
ENSG00000206602.1	SNORD58A	chr18	49491283	49491347	5	5	5
ENSG00000271982.1	SNORD58B	chr18	49491664	49491729	5	5	5
ENSG00000265182.1	SRP72P1	chr18	49495147	49496896	5	5	5
ENSG00000264464.1	LINC02837	chr18	49499390	49501860	5	5	5
ENSG00000101670.12	LIPG	chr18	49560699	49599185	5	5	5
ENSG00000267444.1	SMUG1P1	chr18	49650350	49651160	5	5	5
ENSG00000267674.1	AC090227.3	chr18	49739823	49742063	5	5	5
ENSG00000167315.18	ACAA2	chr18	49782164	49813953	5	5	5
ENSG00000266997.2	AC090227.2	chr18	49795793	49837623	5	5	5
ENSG00000267322.2	SNHG22	chr18	49814023	49851059	5	5	5
ENSG00000251992.1	SCARNA17	chr18	49814133	49814276	5	5	5
ENSG00000252139.1	AC090227.1	chr18	49814361	49814443	5	5	5
ENSG00000167306.20	MYO5B	chr18	49822789	50195147	5	5	5
ENSG00000201668.1	Y_RNA	chr18	49871555	49871666	5	5	5
ENSG00000200527.1	RNA5SP457	chr18	49946266	49946389	5	5	5
ENSG00000267196.1	AC091044.1	chr18	49969721	49970957	5	5	5
ENSG00000267511.1	ADAD1P2	chr18	50063795	50064440	5	5	5
ENSG00000267591.1	AC105224.1	chr18	50098742	50099162	5	5	5
ENSG00000283343.1	MIR4320	chr18	50126499	50126563	5	5	5
ENSG00000240663.3	RN7SL310P	chr18	50206998	50207278	5	5	5
ENSG00000172361.6	CFAP53	chr18	50227193	50266495	5	5	5
ENSG00000277310.1	AC090246.1	chr18	50256036	50256461	5	5	5
ENSG00000141644.17	MBD1	chr18	50266882	50281774	5	5	5
ENSG00000154832.15	CXXC1	chr18	50282343	50288304	5	5	5
ENSG00000267695.1	AC105227.1	chr18	50302190	50313595	5	5	5
ENSG00000274930.1	AC105227.2	chr18	50318420	50319024	5	5	5
ENSG00000251997.1	RNA5SP458	chr18	50319002	50319120	5	5	5
ENSG00000154839.10	SKA1	chr18	50375040	50394168	5	5	5
ENSG00000239780.1	RPLP0P11	chr18	50457887	50458795	5	5	5
ENSG00000141639.12	MAPK4	chr18	50560087	50731826	5	5	5
ENSG00000287381.1	AC012433.2	chr18	50647315	50651212	5	5	5
ENSG00000267713.1	AC012433.1	chr18	50669510	50670215	5	5	5
ENSG00000134042.14	MRO	chr18	50795120	50825402	5	5	5
ENSG00000267233.1	HNRNPA3P16	chr18	50814392	50815730	5	5	5
ENSG00000239689.1	RPL17P46	chr18	50823577	50824120	5	5	5
ENSG00000082212.13	ME2	chr18	50879080	50954257	5	5	5
ENSG00000200752.1	Y_RNA	chr18	50959267	50959379	5	5	5
ENSG00000141642.9	ELAC1	chr18	50967991	50988121	5	5	5
ENSG00000267699.2	AC091551.1	chr18	50968019	51058144	5	5	5
ENSG00000141646.14	SMAD4	chr18	51028394	51085045	5	5	5
ENSG00000267717.1	SRSF10P1	chr18	51158282	51159383	5	5	5
ENSG00000176624.12	MEX3C	chr18	51174550	51218333	5	5	5
ENSG00000207154.1	RNU1-46P	chr18	51283733	51283896	5	5	5
ENSG00000227115.8	LINC01630	chr18	51346249	51643939	5	5	5
ENSG00000266201.1	SS18L2P2	chr18	51421063	51421674	5	5	5
ENSG00000266003.1	AC109315.1	chr18	51433437	51434783	5	5	5
ENSG00000265402.1	RSL24D1P9	chr18	51612639	51613110	5	5	5
ENSG00000265712.1	AC027216.1	chr18	51687525	51688209	5	5	5
ENSG00000215457.5	RPS8P3	chr18	51845007	51845628	5	5	5
ENSG00000286283.1	AC016383.3	chr18	52223078	52223688	5	5	5
ENSG00000285695.1	AC016383.2	chr18	52283909	52309224	5	5	5
ENSG00000266335.1	AC016383.1	chr18	52336361	52339025	5	5	5
ENSG00000187323.12	DCC	chr18	52340197	53535903	5	5	5
ENSG00000280098.1	AC011155.1	chr18	52409042	52409257	5	5	5
ENSG00000273762.1	VN1R76P	chr18	52419189	52419644	5	5	5
ENSG00000263872.1	MIR4528	chr18	53237101	53237190	5	5	5
ENSG00000260433.3	LINC01917	chr18	53480825	53581107	5	5	5
ENSG00000263438.6	LINC01919	chr18	53568439	53629990	5	5	5
ENSG00000242945.2	RPL29P32	chr18	53605254	53605725	5	5	5
ENSG00000264296.1	AC090666.1	chr18	54142133	54142577	5	5	5
ENSG00000134046.12	MBD2	chr18	54151606	54224669	5	5	5
ENSG00000207233.1	SNORA37	chr18	54222284	54222412	5	5	5
ENSG00000277324.1	AC093462.1	chr18	54268346	54270028	5	5	5
ENSG00000101751.10	POLI	chr18	54269404	54321266	5	5	5
ENSG00000174448.8	STARD6	chr18	54324358	54357964	5	5	5
ENSG00000166845.15	C18orf54	chr18	54357906	54385218	5	5	5
ENSG00000264350.1	SNRPGP2	chr18	54406889	54407114	5	5	5
ENSG00000283613.1	CUPIN1P	chr18	54412763	54424632	5	5	5
ENSG00000264564.1	AC090897.1	chr18	54525434	54525563	5	5	5
ENSG00000267428.2	AC091135.1	chr18	54563082	54567303	5	5	5
ENSG00000288484.1	AC091135.2	chr18	54578541	54578619	5	5	5
ENSG00000178690.3	DYNAP	chr18	54587757	54599493	5	5	5
ENSG00000041353.10	RAB27B	chr18	54717860	54895516	5	5	5
ENSG00000267524.1	RPSAP57	chr18	54744750	54745581	5	5	5
ENSG00000267311.1	AC007673.1	chr18	54879457	54880809	5	5	5
ENSG00000267112.1	AC098848.1	chr18	54885866	54898083	5	5	5
ENSG00000166510.14	CCDC68	chr18	54901509	54959461	5	5	5
ENSG00000267647.1	MAP1LC3P	chr18	54954403	54954732	5	5	5
ENSG00000267013.6	LINC01929	chr18	55105904	55124306	5	5	5
ENSG00000252437.1	RNA5SP459	chr18	55146546	55146645	5	5	5
ENSG00000196628.20	TCF4	chr18	55222185	55664787	5	5	5
ENSG00000267028.1	TCF4-AS1	chr18	55452533	55482940	5	5	5
ENSG00000264571.1	MIR4529	chr18	55479221	55479298	5	5	5
ENSG00000267402.1	TCF4-AS2	chr18	55492175	55496392	5	5	5
ENSG00000267284.2	AC022031.2	chr18	55589904	55839184	5	5	5
ENSG00000242320.2	RPL21P126	chr18	55635833	55636310	5	5	5
ENSG00000267325.2	LINC01415	chr18	55776727	55781722	5	5	5
ENSG00000267172.1	AC022031.1	chr18	55817167	55819759	5	5	5
ENSG00000287944.1	AC027584.1	chr18	55863960	55866550	5	5	5
ENSG00000260930.2	LINC01416	chr18	55881688	55998219	5	5	5
ENSG00000267327.2	AC009271.1	chr18	55893038	56026082	5	5	5
ENSG00000206129.4	AC006305.1	chr18	56003613	56191262	5	5	5
ENSG00000287248.1	AC009271.2	chr18	56026388	56029186	5	5	5
ENSG00000267057.6	LINC01905	chr18	56031830	56135295	5	5	5
ENSG00000267399.1	AC006305.2	chr18	56061109	56063078	5	5	5
ENSG00000201816.1	SNORA73	chr18	56079394	56079594	5	5	5
ENSG00000267712.6	LINC01539	chr18	56083356	56137536	5	5	5
ENSG00000267732.2	AC006305.3	chr18	56137573	56150102	5	5	5
ENSG00000091164.13	TXNL1	chr18	56597209	56651600	5	5	5
ENSG00000091157.14	WDR7	chr18	56651343	57029811	5	5	5
ENSG00000206865.1	Y_RNA	chr18	56753226	56753326	5	5	5
ENSG00000267146.1	AC012301.1	chr18	56872668	56873970	5	5	5
ENSG00000212539.2	U3	chr18	56957270	56957469	5	5	5
ENSG00000267225.1	WDR7-OT1	chr18	57027832	57038845	5	5	5
ENSG00000286777.1	AC012301.2	chr18	57046406	57047692	5	5	5
ENSG00000258609.3	LINC-ROR	chr18	57054558	57072119	5	5	5
ENSG00000267789.1	AC100775.1	chr18	57136322	57146998	5	5	5
ENSG00000228075.5	BOD1L2	chr18	57147087	57150410	5	5	5
ENSG00000267726.1	LINC02565	chr18	57169615	57171194	5	5	5
ENSG00000202240.1	RNU6-737P	chr18	57284602	57284708	5	5	5
ENSG00000177511.6	ST8SIA3	chr18	57352557	57371731	5	5	5
ENSG00000277837.1	AC090340.1	chr18	57427133	57432112	5	5	5
ENSG00000119547.6	ONECUT2	chr18	57435374	57491298	5	5	5
ENSG00000066926.12	FECH	chr18	57544377	57586702	5	5	5
ENSG00000278703.1	AC100847.1	chr18	57588611	57589091	5	5	5
ENSG00000134440.12	NARS1	chr18	57600656	57622213	5	5	5
ENSG00000267040.6	AC027097.1	chr18	57630302	57669296	5	5	5
ENSG00000267787.7	AC027097.2	chr18	57639455	57738603	5	5	5
ENSG00000081923.15	ATP8B1	chr18	57646426	57803315	5	5	5
ENSG00000202159.1	RNU6-742P	chr18	57755394	57755500	5	5	5
ENSG00000231544.3	RSL24D1P11	chr18	57838476	57838966	5	5	5
ENSG00000267209.5	LINC01897	chr18	57961231	57964434	5	5	5
ENSG00000235028.3	HMGN1P30	chr18	58018794	58019061	5	5	5
ENSG00000049759.19	NEDD4L	chr18	58044226	58401540	5	5	5
ENSG00000267743.5	AC107896.1	chr18	58189834	58195696	5	5	5
ENSG00000267504.1	AC090236.2	chr18	58371566	58372666	5	5	5
ENSG00000267396.1	AC090236.1	chr18	58398663	58400082	5	5	5
ENSG00000267675.1	AC105105.2	chr18	58416765	58417628	5	5	5
ENSG00000267391.5	MIR122HG	chr18	58445788	58453766	5	5	5
ENSG00000284440.1	MIR122	chr18	58451074	58451158	5	5	5
ENSG00000207778.3	MIR3591	chr18	58451080	58451152	5	5	5
ENSG00000276403.1	AC105105.4	chr18	58476191	58477484	5	5	5
ENSG00000198796.7	ALPK2	chr18	58481247	58629091	5	5	5
ENSG00000274354.1	AC105105.3	chr18	58511598	58512310	5	5	5
ENSG00000267257.1	AC105105.1	chr18	58535415	58538552	5	5	5
ENSG00000267579.1	AC104971.2	chr18	58557070	58566677	5	5	5
ENSG00000252284.1	SNORA108	chr18	58600631	58600698	5	5	5
ENSG00000239659.2	RPL9P31	chr18	58631259	58632120	5	5	5
ENSG00000275418.1	AC104971.3	chr18	58659858	58660524	5	5	5
ENSG00000267226.2	AC104971.1	chr18	58670009	58671877	5	5	5
ENSG00000172175.15	MALT1	chr18	58671465	58754477	5	5	5
ENSG00000267476.1	AC104365.1	chr18	58672613	58752730	5	5	5
ENSG00000266946.1	MRPL37P1	chr18	58690356	58692153	5	5	5
ENSG00000267705.1	AC104365.3	chr18	58752179	58753898	5	5	5
ENSG00000267501.1	AC104365.2	chr18	58754859	58757842	5	5	5
ENSG00000201598.1	RNU6-219P	chr18	58805268	58805374	5	5	5
ENSG00000267593.2	LINC01926	chr18	58808468	58834364	5	5	5
ENSG00000199713.1	U8	chr18	58818883	58819016	5	5	5
ENSG00000074657.14	ZNF532	chr18	58862600	58986480	5	5	5
ENSG00000251870.1	RNU2-69P	chr18	58926197	58926296	5	5	5
ENSG00000224367.6	OACYLP	chr18	58996734	59069338	5	5	5
ENSG00000267215.2	AC040963.1	chr18	59081911	59085920	5	5	5
ENSG00000166562.9	SEC11C	chr18	59139866	59158832	5	5	5
ENSG00000134443.10	GRP	chr18	59220158	59230774	5	5	5
ENSG00000134438.10	RAX	chr18	59267035	59274086	5	5	5
ENSG00000166569.8	CPLX4	chr18	59275156	59318649	5	5	5
ENSG00000074695.6	LMAN1	chr18	59327823	59359265	5	5	5
ENSG00000267677.1	AC016229.2	chr18	59360700	59386749	5	5	5
ENSG00000183287.14	CCBE1	chr18	59430939	59697662	5	5	5
ENSG00000267000.1	AC016229.1	chr18	59459072	59465682	5	5	5
ENSG00000267061.1	AC090213.1	chr18	59563709	59568615	5	5	5
ENSG00000267269.1	AC010776.1	chr18	59685820	59688400	5	5	5
ENSG00000267774.2	AC010776.2	chr18	59696459	59698111	5	5	5
ENSG00000273664.1	AC010776.3	chr18	59700523	59700946	5	5	5
ENSG00000224161.3	RPS26P54	chr18	59761558	59761905	5	5	5
ENSG00000267486.1	GLUD1P4	chr18	59778572	59778989	5	5	5
ENSG00000267669.1	AC098847.1	chr18	59821040	59825261	5	5	5
ENSG00000141682.12	PMAIP1	chr18	59899996	59904305	5	5	5
ENSG00000267066.1	AC107990.1	chr18	59929226	59930330	5	5	5
ENSG00000267497.1	NFE2L3P1	chr18	59969438	59971396	5	5	5
ENSG00000239398.3	RN7SL342P	chr18	59972914	59973207	5	5	5
ENSG00000256704.3	ENTR1P1	chr18	60009994	60011143	5	5	5
ENSG00000267462.1	AC090377.1	chr18	60010281	60014258	5	5	5
ENSG00000267742.1	SINHCAFP2	chr18	60016778	60017441	5	5	5
ENSG00000252555.1	RNU6-567P	chr18	60018625	60018731	5	5	5
ENSG00000267686.2	AC090771.2	chr18	60125033	60161195	5	5	5
ENSG00000242060.1	RPS3AP49	chr18	60149576	60150365	5	5	5
ENSG00000202468.1	RNU4-17P	chr18	60163567	60163707	5	5	5
ENSG00000267620.1	AC090771.1	chr18	60196555	60198172	5	5	5
ENSG00000267401.2	AC090621.1	chr18	60294136	60301317	5	5	5
ENSG00000285681.2	AC091576.1	chr18	60329190	60540205	5	5	5
ENSG00000166603.5	MC4R	chr18	60371062	60372775	5	5	5
ENSG00000267400.1	AC010928.2	chr18	60495868	60496336	5	5	5
ENSG00000266915.1	MRPS5P4	chr18	60519841	60520165	5	5	5
ENSG00000267687.1	AC010928.3	chr18	60525616	60526156	5	5	5
ENSG00000267382.1	AC010928.1	chr18	60611773	60654623	5	5	5
ENSG00000267098.2	AC113137.1	chr18	60628963	60902726	5	5	5
ENSG00000267153.1	CTBP2P3	chr18	60663115	60664369	5	5	5
ENSG00000267513.3	HMGN1P31	chr18	60794613	60794916	5	5	5
ENSG00000101542.10	CDH20	chr18	61333430	61555779	5	5	5
ENSG00000206769.1	RNU6-116P	chr18	61391595	61391703	5	5	5
ENSG00000243256.1	RPL30P14	chr18	61404858	61405205	5	5	5
ENSG00000267316.5	AC090409.2	chr18	61571342	61579456	5	5	5
ENSG00000267279.2	AC090409.1	chr18	61585746	61607006	5	5	5
ENSG00000267175.5	AC105094.2	chr18	61592375	61748832	5	5	5
ENSG00000267038.1	AC105094.1	chr18	61681653	61682695	5	5	5
ENSG00000260440.3	LINC01544	chr18	61748082	61758464	5	5	5
ENSG00000176641.11	RNF152	chr18	61808067	61894247	5	5	5
ENSG00000197563.11	PIGN	chr18	61905255	62187118	5	5	6
ENSG00000267597.1	RPIAP1	chr18	61957273	61958014	5	5	5
ENSG00000134444.15	RELCH	chr18	62187255	62310249	5	5	5
ENSG00000266900.1	AC027514.1	chr18	62245810	62247412	5	5	5
ENSG00000267560.1	AC027514.2	chr18	62300036	62300998	5	5	5
ENSG00000141655.17	TNFRSF11A	chr18	62325287	62391288	5	5	5
ENSG00000199867.1	Y_RNA	chr18	62330812	62330913	5	5	5
ENSG00000267341.1	AC100843.1	chr18	62372894	62378130	5	5	5
ENSG00000241088.2	RPL17P44	chr18	62415678	62416227	5	5	5
ENSG00000267487.1	AC100843.2	chr18	62418318	62418576	5	5	5
ENSG00000266920.1	ACTBP9	chr18	62442028	62443126	5	5	5
ENSG00000141664.10	ZCCHC2	chr18	62523025	62587709	5	5	5
ENSG00000278017.1	AC064801.1	chr18	62525919	62526325	5	5	5
ENSG00000279236.1	AC064801.2	chr18	62551203	62552505	5	5	5
ENSG00000243549.3	RN7SL705P	chr18	62650308	62650601	5	5	5
ENSG00000081913.14	PHLPP1	chr18	62715541	62980433	5	5	5
ENSG00000206746.1	RNU6-142P	chr18	62731226	62731332	5	5	5
ENSG00000171791.14	BCL2	chr18	63123346	63320128	5	5	5
ENSG00000267766.1	AC022726.1	chr18	63151114	63151320	5	5	5
ENSG00000283125.1	AC022726.2	chr18	63207622	63208168	5	5	5
ENSG00000119537.18	KDSR	chr18	63327726	63367228	5	5	5
ENSG00000267390.1	AC036176.1	chr18	63367328	63381629	5	5	5
ENSG00000119541.10	VPS4B	chr18	63389190	63422483	5	5	5
ENSG00000267430.1	AC036176.2	chr18	63415317	63416469	5	5	5
ENSG00000206075.14	SERPINB5	chr18	63476958	63505085	5	5	5
ENSG00000269989.1	AC036176.3	chr18	63485601	63486018	5	5	5
ENSG00000214318.3	ATP5MC1P6	chr18	63496989	63497400	5	5	5
ENSG00000166634.6	SERPINB12	chr18	63556160	63567011	5	5	5
ENSG00000197641.12	SERPINB13	chr18	63586989	63604639	5	5	5
ENSG00000206073.11	SERPINB4	chr18	63637259	63644256	5	5	5
ENSG00000206072.13	SERPINB11	chr18	63647579	63726432	5	5	5
ENSG00000057149.16	SERPINB3	chr18	63655197	63661893	5	5	5
ENSG00000166396.13	SERPINB7	chr18	63752935	63805376	5	5	5
ENSG00000197632.9	SERPINB2	chr18	63871692	63903888	5	5	5
ENSG00000242550.6	SERPINB10	chr18	63897174	63936111	5	5	5
ENSG00000221887.6	HMSD	chr18	63949301	63981774	5	5	5
ENSG00000283667.1	AC009802.1	chr18	63966406	63970181	5	5	5
ENSG00000166401.15	SERPINB8	chr18	63970029	64019779	5	5	5
ENSG00000267134.3	LINC01924	chr18	64041555	64423601	5	5	5
ENSG00000237314.2	RPL12P39	chr18	64072158	64072653	5	5	5
ENSG00000179676.7	LINC00305	chr18	64079989	64149088	5	5	5
ENSG00000266952.2	LINC01538	chr18	64181314	64260055	5	5	5
ENSG00000275448.1	AC027506.1	chr18	64677796	64677993	5	5	5
ENSG00000286800.1	AC090348.1	chr18	64872264	64992828	5	5	5
ENSG00000263863.1	AC007948.1	chr18	65105873	65125710	5	5	5
ENSG00000264131.1	AC007631.1	chr18	65186159	65187018	5	5	5
ENSG00000264232.2	LINC01916	chr18	65423958	65448167	5	5	5
ENSG00000265217.2	AC090358.1	chr18	65606079	65652053	5	5	5
ENSG00000081138.14	CDH7	chr18	65750252	65890337	5	5	5
ENSG00000263720.1	AC023394.2	chr18	65865262	65866397	5	5	5
ENSG00000263622.1	AC023394.1	chr18	65917782	65920942	5	5	5
ENSG00000264685.1	PRPF19P1	chr18	66068750	66069647	5	5	5
ENSG00000071991.9	CDH19	chr18	66501083	66604138	5	5	5
ENSG00000238680.1	RNU6-1037P	chr18	66946116	66946222	5	5	5
ENSG00000263354.1	MIR5011	chr18	67081584	67081686	5	5	5
ENSG00000264054.1	RPL31P9	chr18	67137611	67137751	5	5	5
ENSG00000265936.1	AC091042.1	chr18	67375133	67375305	5	5	5
ENSG00000260578.1	AC110597.1	chr18	67481791	67484966	5	5	5
ENSG00000171451.14	DSEL	chr18	67506587	67516720	5	5	5
ENSG00000263424.1	AC110597.3	chr18	67506589	67514030	5	5	5
ENSG00000265533.1	AC114689.3	chr18	67516546	67899619	5	5	5
ENSG00000264040.1	AC022662.1	chr18	67602692	67603022	5	5	5
ENSG00000263594.2	AC022655.1	chr18	67672221	67767051	5	5	5
ENSG00000265472.1	FAM32DP	chr18	67707929	67708246	5	5	5
ENSG00000264104.1	AC114689.1	chr18	67788268	67791035	5	5	5
ENSG00000265555.1	LINC01903	chr18	67808505	67814822	5	5	5
ENSG00000265240.1	AC114689.2	chr18	67830671	67831967	5	5	5
ENSG00000264634.1	AC100844.1	chr18	67940949	67956426	5	5	5
ENSG00000264869.2	AC068112.1	chr18	68102087	68114878	5	5	5
ENSG00000287907.1	AC005909.2	chr18	68237100	68495133	5	5	5
ENSG00000264699.2	LINC01912	chr18	68258080	68264827	5	5	5
ENSG00000260747.1	AC022968.1	chr18	68277802	68278243	5	5	5
ENSG00000265425.1	AC005909.1	chr18	68427030	68436918	5	5	5
ENSG00000263355.1	AKR1B10P2	chr18	68455951	68456877	5	5	5
ENSG00000264697.1	MTL3P	chr18	68527970	68528123	5	5	5
ENSG00000166479.10	TMX3	chr18	68673688	68715108	5	5	5
ENSG00000150636.17	CCDC102B	chr18	68715209	69055189	5	5	5
ENSG00000276092.1	AC040896.1	chr18	68721082	68721560	5	5	5
ENSG00000263637.1	AC022035.1	chr18	68753179	68754583	5	5	5
ENSG00000207072.1	RNU6-39P	chr18	68858934	68859040	5	5	5
ENSG00000264444.1	SDHCP1	chr18	68866517	68867028	5	5	5
ENSG00000264472.4	AC096708.2	chr18	68899781	68902255	5	5	5
ENSG00000273584.1	AC096708.3	chr18	68908048	68908599	5	5	5
ENSG00000264236.1	AC096708.1	chr18	68992718	68993375	5	5	5
ENSG00000264705.1	AC090337.1	chr18	69212277	69214350	5	5	5
ENSG00000285748.2	AC090337.2	chr18	69240448	69250781	5	5	5
ENSG00000278532.1	AC026585.1	chr18	69398726	69399249	5	5	5
ENSG00000206052.11	DOK6	chr18	69400888	69849087	5	5	5
ENSG00000264845.2	AC119868.1	chr18	69469517	69471736	5	5	5
ENSG00000265643.1	AC119868.2	chr18	69483627	69618694	5	5	5
ENSG00000279221.1	AC068254.2	chr18	69659837	69663413	5	5	5
ENSG00000266840.1	AC068254.1	chr18	69704978	69724975	5	5	5
ENSG00000150637.9	CD226	chr18	69831158	69961803	5	5	5
ENSG00000176225.15	RTTN	chr18	70003031	70205726	5	5	5
ENSG00000287646.1	AC021701.1	chr18	70205774	70208781	5	5	5
ENSG00000170677.6	SOCS6	chr18	70289045	70330199	5	5	5
ENSG00000266258.1	LINC01909	chr18	70335439	70352459	5	5	5
ENSG00000266304.1	LIVAR	chr18	70335929	70337310	5	5	5
ENSG00000266278.1	LINC01910	chr18	70380140	70384591	5	5	5
ENSG00000265698.1	LARP7P3	chr18	70412055	70412391	5	5	5
ENSG00000214255.5	RPS2P6	chr18	70430231	70431125	5	5	5
ENSG00000278971.1	AC091305.1	chr18	70489630	70491205	5	5	5
ENSG00000286642.1	AC091646.1	chr18	70497923	70554100	5	5	5
ENSG00000239748.3	RN7SL795P	chr18	70512727	70513008	5	5	5
ENSG00000263417.4	GTSCR1	chr18	70630534	70650744	5	5	5
ENSG00000265781.1	AC090415.2	chr18	71000477	71011490	5	5	5
ENSG00000265639.1	AC090415.1	chr18	71028770	71033056	5	5	5
ENSG00000287693.1	AC091691.3	chr18	71137829	71208366	5	5	5
ENSG00000265484.2	AC091691.2	chr18	71215618	71237158	5	5	5
ENSG00000263733.1	AC091691.1	chr18	71225704	71226721	5	5	5
ENSG00000260676.5	LINC01541	chr18	71519962	71578956	5	5	5
ENSG00000264388.1	AC090312.1	chr18	71588537	71588884	5	5	5
ENSG00000265946.1	AC090312.2	chr18	71665148	71665525	5	5	5
ENSG00000265352.1	LINC01899	chr18	71732615	71788128	5	5	5
ENSG00000260457.2	AC027458.1	chr18	71837039	71870788	5	5	5
ENSG00000265995.1	AC069114.1	chr18	71890409	71944577	5	5	5
ENSG00000271313.1	AC069114.2	chr18	71932493	71932796	5	5	5
ENSG00000141668.10	CBLN2	chr18	72536680	72638521	5	5	5
ENSG00000264315.1	HNRNPA1P11	chr18	72618267	72619222	5	5	5
ENSG00000166342.19	NETO1	chr18	72742314	72868146	5	5	5
ENSG00000265579.1	AC023301.1	chr18	72743756	72745961	5	5	5
ENSG00000252598.1	RNA5SP460	chr18	72751952	72752051	5	5	5
ENSG00000263750.1	MIR548AV	chr18	72853321	72853382	5	5	5
ENSG00000263958.2	AC091138.1	chr18	72868388	72881399	5	5	5
ENSG00000263711.6	LINC02864	chr18	73151241	73264480	5	5	5
ENSG00000261780.3	LINC02582	chr18	73324941	73349879	5	5	5
ENSG00000265380.1	AC079070.1	chr18	73711329	73715490	5	5	5
ENSG00000241866.3	RN7SL401P	chr18	73744935	73745232	5	5	5
ENSG00000263655.1	AC090125.1	chr18	73914405	74034161	5	5	5
ENSG00000278902.1	AC010947.1	chr18	73921939	73922631	5	5	5
ENSG00000287314.1	AC090125.2	chr18	73947880	73957974	5	5	5
ENSG00000141665.13	FBXO15	chr18	74073353	74147843	5	5	5
ENSG00000075336.12	TIMM21	chr18	74148523	74160531	5	5	5
ENSG00000260569.2	AC090398.1	chr18	74211391	74240555	5	5	5
ENSG00000243856.3	RN7SL551P	chr18	74227506	74227803	5	5	5
ENSG00000166347.19	CYB5A	chr18	74250846	74291973	5	5	5
ENSG00000286529.1	AC090398.2	chr18	74293217	74298662	5	5	5
ENSG00000206043.7	C18orf63	chr18	74315839	74359189	5	5	5
ENSG00000235297.3	FAUP1	chr18	74389884	74390297	5	5	5
ENSG00000259779.1	LINC01922	chr18	74409415	74413209	5	5	5
ENSG00000187773.8	DIPK1C	chr18	74434099	74457944	5	5	5
ENSG00000287689.1	AC009704.3	chr18	74464410	74468707	5	5	5
ENSG00000133313.15	CNDP2	chr18	74495816	74523454	5	5	5
ENSG00000276934.1	AC009704.2	chr18	74504766	74505248	5	5	5
ENSG00000150656.15	CNDP1	chr18	74534500	74587212	5	5	5
ENSG00000264340.1	AC009704.1	chr18	74561381	74562100	5	5	5
ENSG00000264247.2	LINC00909	chr18	74590317	74598885	5	5	5
ENSG00000215421.9	ZNF407	chr18	74597870	75065671	5	5	5
ENSG00000278607.1	AC015819.2	chr18	75070197	75071091	5	5	5
ENSG00000273669.1	AC015819.1	chr18	75073543	75074205	5	5	5
ENSG00000283452.1	AC015819.4	chr18	75086368	75086514	5	5	5
ENSG00000278911.1	AC015819.3	chr18	75103587	75106260	5	5	5
ENSG00000285915.1	AC015819.5	chr18	75112137	75125565	5	5	5
ENSG00000180011.7	ZADH2	chr18	75195113	75209139	5	5	5
ENSG00000179981.11	TSHZ1	chr18	75210755	75289950	5	5	5
ENSG00000276993.1	AC116003.3	chr18	75387056	75387596	5	5	5
ENSG00000264116.6	AC116003.1	chr18	75407012	75426607	5	5	5
ENSG00000206026.7	SMIM21	chr18	75409476	75427703	5	5	5
ENSG00000266774.1	AC116003.2	chr18	75432703	75436957	5	5	5
ENSG00000287281.1	AC012101.2	chr18	75455787	75468835	5	5	5
ENSG00000286603.1	AC012101.1	chr18	75472794	75474772	5	5	5
ENSG00000287295.1	AC090812.1	chr18	75506227	75508114	5	5	5
ENSG00000287993.1	AC090338.1	chr18	75642494	75656016	5	5	5
ENSG00000261194.2	LINC01898	chr18	75696044	75712851	5	5	5
ENSG00000266460.1	AC021506.1	chr18	75844925	75868252	5	5	5
ENSG00000275827.1	AC021506.2	chr18	75927836	75928004	5	5	5
ENSG00000264108.1	AC090457.1	chr18	76008118	76015861	5	5	5
ENSG00000263547.2	AC011095.1	chr18	76122968	76145259	5	5	5
ENSG00000266743.1	AC103808.6	chr18	76173304	76177738	5	5	5
ENSG00000264260.2	LINC01893	chr18	76209422	76221718	5	5	5
ENSG00000264595.1	AC103808.2	chr18	76227990	76233387	5	5	5
ENSG00000266014.2	AC103808.4	chr18	76232927	76252044	5	5	5
ENSG00000265717.1	AC103808.3	chr18	76254292	76255214	5	5	5
ENSG00000264212.1	AC103808.1	chr18	76256891	76258337	5	5	5
ENSG00000266614.1	AC103808.5	chr18	76259166	76260114	5	5	5
ENSG00000101493.11	ZNF516	chr18	76357682	76495242	5	5	5
ENSG00000263982.1	AC009716.1	chr18	76372717	76378275	5	5	5
ENSG00000280205.1	AC009716.2	chr18	76385642	76389406	5	5	5
ENSG00000265778.3	AC018413.1	chr18	76491629	76493918	5	5	5
ENSG00000275763.3	ZNF516-DT	chr18	76495521	76498088	5	5	5
ENSG00000266256.3	LINC00683	chr18	76528652	76670111	5	5	5
ENSG00000286090.1	AC034110.1	chr18	76615160	76617645	5	5	5
ENSG00000266312.2	LINC01927	chr18	76622136	76639030	5	5	5
ENSG00000276397.2	LINC01879	chr18	76686058	76693636	5	5	5
ENSG00000265934.1	ARL2BPP1	chr18	76703444	76704254	5	5	5
ENSG00000265836.1	CCND3P2	chr18	76751305	76751841	5	5	5
ENSG00000265626.1	AC139085.1	chr18	76759685	76759866	5	5	5
ENSG00000264278.1	ZNF236-DT	chr18	76794732	76822295	5	5	5
ENSG00000252097.1	RNU6-346P	chr18	76800664	76800774	5	5	5
ENSG00000278107.1	AC027575.2	chr18	76805151	76805736	5	5	5
ENSG00000130856.17	ZNF236	chr18	76822557	76972901	5	5	5
ENSG00000244229.1	RPL26P35	chr18	76834429	76834888	5	5	5
ENSG00000275355.1	Metazoa_SRP	chr18	76840838	76841102	5	5	5
ENSG00000265261.1	AC027575.1	chr18	76884935	76888724	5	5	5
ENSG00000266844.1	AC093330.1	chr18	76974690	76984162	5	5	5
ENSG00000197971.16	MBP	chr18	76978827	77133683	5	5	5
ENSG00000279811.1	AC093330.2	chr18	77002849	77006846	5	5	5
ENSG00000287680.1	AC093330.3	chr18	77042864	77044739	5	5	5
ENSG00000275178.1	AC018529.1	chr18	77093086	77093446	5	5	5
ENSG00000279433.1	AC018529.3	chr18	77108284	77110537	5	5	5
ENSG00000278330.1	AC018529.2	chr18	77112602	77115726	5	5	5
ENSG00000265844.1	AC100863.1	chr18	77180106	77235430	5	5	5
ENSG00000166573.6	GALR1	chr18	77249848	77277900	5	5	5
ENSG00000264015.2	AC124254.2	chr18	77421619	77561044	5	5	5
ENSG00000199392.1	AC124254.1	chr18	77431563	77431689	5	5	5
ENSG00000264736.1	BDP1P	chr18	77435253	77437242	5	5	5
ENSG00000264693.1	AC123786.1	chr18	77622552	77624515	5	5	5
ENSG00000271702.1	AC123786.2	chr18	77632928	77633360	5	5	5
ENSG00000286727.1	AC123786.3	chr18	77647014	77650973	5	5	5
ENSG00000252260.1	RNA5SP461	chr18	77863464	77863567	5	5	5
ENSG00000265843.3	LINC01029	chr18	77970637	77993731	5	5	5
ENSG00000264334.1	AC134978.1	chr18	77983020	77986610	5	5	5
ENSG00000199728.1	RNU6-655P	chr18	78036739	78036845	5	5	5
ENSG00000266213.1	AC107892.1	chr18	78137223	78140887	5	5	5
ENSG00000265644.1	AC087399.1	chr18	78480549	78484867	5	5	5
ENSG00000265378.1	AC012572.1	chr18	78505165	78506410	5	5	5
ENSG00000201723.2	Y_RNA	chr18	78544095	78544188	5	5	5
ENSG00000266273.1	AC044873.1	chr18	78795612	78796672	5	5	5
ENSG00000266586.1	AC091027.2	chr18	78908629	78918993	5	5	5
ENSG00000265101.1	AC091027.1	chr18	78925064	78927441	5	5	5
ENSG00000287758.1	AC091027.3	chr18	78926053	78928494	5	5	5
ENSG00000263146.2	LINC01896	chr18	78976555	78979074	5	5	5
ENSG00000256463.8	SALL3	chr18	78980275	79002677	5	5	5
ENSG00000166377.20	ATP9B	chr18	79069285	79378287	5	5	5
ENSG00000279416.1	AC099689.3	chr18	79085134	79086435	5	5	5
ENSG00000267655.1	AC125437.1	chr18	79117207	79117920	5	5	5
ENSG00000279474.1	AC125437.2	chr18	79144752	79146918	5	5	5
ENSG00000286245.1	AC125437.3	chr18	79185801	79191559	5	5	5
ENSG00000267628.1	AC104423.1	chr18	79253577	79254856	5	5	5
ENSG00000267015.1	AC023090.1	chr18	79340258	79343972	5	5	5
ENSG00000279077.1	AC023090.2	chr18	79352458	79354567			
ENSG00000131196.18	NFATC1	chr18	79395856	79529325			
ENSG00000279637.1	AC018445.3	chr18	79420836	79422780			
ENSG00000286186.1	AC018445.5	chr18	79460378	79465843			
ENSG00000275186.1	AC018445.1	chr18	79470120	79470940			
ENSG00000279981.1	AC018445.4	chr18	79496058	79498348			
ENSG00000279397.1	AC018445.2	chr18	79515798	79516057			
ENSG00000286296.1	AC018445.6	chr18	79539574	79540840			
ENSG00000267287.1	AC068473.3	chr18	79576460	79589010			
ENSG00000267409.1	AC068473.4	chr18	79610747	79612303			
ENSG00000178412.4	AC068473.1	chr18	79638928	79679745			
ENSG00000274828.1	AC068473.5	chr18	79677287	79679358			
ENSG00000060069.17	CTDP1	chr18	79679803	79754510			
ENSG00000266901.1	AC068473.2	chr18	79702721	79703651			
ENSG00000266924.1	AC021594.1	chr18	79787121	79791432			
ENSG00000267780.2	AC021594.2	chr18	79792726	79816529			
ENSG00000178342.4	KCNG2	chr18	79863668	79900184			
ENSG00000278075.1	AC114341.1	chr18	79900555	79900903			
ENSG00000122490.19	SLC66A2	chr18	79902420	79951657			
ENSG00000287879.1	AC114341.2	chr18	79959579	79963178			
ENSG00000226742.4	HSBP1L1	chr18	79964582	79970822			
ENSG00000141759.15	TXNL4A	chr18	79970813	80033949			
ENSG00000267127.7	AC090360.1	chr18	80034346	80097088			
ENSG00000101546.13	RBFA	chr18	80034389	80050651			
ENSG00000261126.7	RBFADN	chr18	80046900	80095482			
ENSG00000266909.1	SLC25A6P4	chr18	80077707	80078259			
ENSG00000101544.9	ADNP2	chr18	80109262	80147523			
ENSG00000267270.6	PARD6G-AS1	chr18	80147924	80179839			
ENSG00000178184.16	PARD6G	chr18	80157232	80247514			
ENSG00000278000.1	AC139100.2	chr18	80161752	80162413			
ENSG00000267251.2	AC139100.1	chr18	80183680	80202992			
ENSG00000282458.1	WASH5P	chr19	60951	71626			
ENSG00000282542.1	AC008993.1	chr19	68403	69178			
ENSG00000282798.1	AC008993.2	chr19	69167	69972			
ENSG00000282807.3	AC008993.3	chr19	71778	72718			
ENSG00000283801.1	MIR1302-11	chr19	71973	72110			
ENSG00000282591.1	FAM138F	chr19	76163	77686			
ENSG00000282137.1	OR4G3P	chr19	94062	94974			
ENSG00000267310.2	OR4G1P	chr19	99175	106077			
ENSG00000176695.8	OR4F17	chr19	107104	117102			
ENSG00000267792.1	WBP1LP11	chr19	145485	145812			
ENSG00000266971.1	OR4F8P	chr19	156279	157215			
ENSG00000282535.1	AC092192.1	chr19	176896	177913			
ENSG00000281379.2	SEPTIN14P19	chr19	186373	195696			
ENSG00000282059.1	CICP19	chr19	193239	195595			
ENSG00000282416.1	AC092299.1	chr19	197310	198066			
ENSG00000282051.1	AC010507.1	chr19	197961	200775			
ENSG00000282508.2	LINC01002	chr19	198264	246544			
ENSG00000282339.1	AC010507.2	chr19	200499	201174			
ENSG00000222329.1	RNU6-1076P	chr19	223158	223261			
ENSG00000282393.1	AC016588.2	chr19	248551	251571			
ENSG00000141934.10	PLPP2	chr19	281040	291403			
ENSG00000105556.11	MIER2	chr19	301444	344815	5	5	5
ENSG00000267124.2	AC016588.1	chr19	305573	306467	5	5	5
ENSG00000105549.11	THEG	chr19	361747	376026	5	5	5
ENSG00000286667.1	AC010641.2	chr19	382725	387533	5	5	5
ENSG00000267443.2	AC010641.1	chr19	397589	399173	5	5	5
ENSG00000183186.8	C2CD4C	chr19	405445	409147	5	5	5
ENSG00000129946.10	SHC2	chr19	416583	460996	5	5	5
ENSG00000252539.1	RNA5SP462	chr19	453134	453245	5	5	5
ENSG00000181781.9	ODF3L2	chr19	463346	474983	5	5	5
ENSG00000099866.15	MADCAM1	chr19	489176	505343	5	5	5
ENSG00000266933.2	AC005775.1	chr19	490046	507833	5	5	5
ENSG00000141933.9	TPGS1	chr19	507497	519654	5	5	5
ENSG00000099804.9	CDC34	chr19	531760	542092	5	5	5
ENSG00000197540.8	GZMM	chr19	544034	549924	5	5	5
ENSG00000267751.5	AC009005.1	chr19	567210	572228	5	5	5
ENSG00000172270.21	BSG	chr19	571277	583493	5	5	5
ENSG00000099822.3	HCN2	chr19	589881	617159	5	5	5
ENSG00000267036.2	AC005559.1	chr19	590430	591300	5	5	5
ENSG00000099821.14	POLRMT	chr19	617221	633537	5	5	5
ENSG00000261204.1	AC004449.1	chr19	637105	637537	5	5	5
ENSG00000070388.11	FGF22	chr19	639879	644371	5	5	5
ENSG00000070423.18	RNF126	chr19	647526	663233	5	5	5
ENSG00000267666.2	AC004156.1	chr19	663482	669500	5	5	5
ENSG00000070404.10	FSTL3	chr19	676392	683392	5	5	5
ENSG00000185198.12	PRSS57	chr19	685546	695498	5	5	5
ENSG00000213726.5	RPS2P52	chr19	690353	691172	5	5	5
ENSG00000099864.18	PALM	chr19	708935	748329	5	5	5
ENSG00000099812.9	MISP	chr19	751112	764318	5	5	5
ENSG00000272473.1	AC006273.1	chr19	781002	781862	5	5	5
ENSG00000267530.3	LINC01836	chr19	782755	786092	5	5	5
ENSG00000011304.22	PTBP1	chr19	797075	812327	5	5	5
ENSG00000284361.1	MIR4745	chr19	804940	805001	5	5	5
ENSG00000129951.19	PLPPR3	chr19	812488	821955	5	5	5
ENSG00000263414.1	MIR3187	chr19	813584	813653	5	5	5
ENSG00000172232.10	AZU1	chr19	825097	832018	5	5	5
ENSG00000196415.10	PRTN3	chr19	840999	848175	5	5	5
ENSG00000197561.7	ELANE	chr19	851014	856247	5	5	5
ENSG00000197766.8	CFD	chr19	859664	863641	5	5	5
ENSG00000175221.15	MED16	chr19	867630	893218	5	5	5
ENSG00000207507.1	RNU6-9	chr19	893484	893590	5	5	5
ENSG00000198858.10	R3HDM4	chr19	896503	913245	5	5	5
ENSG00000116014.10	KISS1R	chr19	917287	921005	5	5	5
ENSG00000116017.11	ARID3A	chr19	925781	975939	5	5	5
ENSG00000267159.2	AC005379.1	chr19	928259	928817	5	5	5
ENSG00000275162.1	AC005391.1	chr19	956485	958149	5	5	5
ENSG00000065268.11	WDR18	chr19	984332	998438	5	5	5
ENSG00000266990.1	AC004528.1	chr19	999796	1002757	5	5	5
ENSG00000116032.5	GRIN3B	chr19	1000419	1009732	5	5	5
ENSG00000182087.14	TMEM259	chr19	1009648	1021179	5	5	5
ENSG00000274177.1	AC004528.2	chr19	1010221	1010907	5	5	5
ENSG00000207357.1	RNU6-2	chr19	1021522	1021628	5	5	5
ENSG00000064666.15	CNN2	chr19	1026586	1039068	5	5	5
ENSG00000279753.1	AC011558.1	chr19	1038727	1039064	5	5	5
ENSG00000064687.13	ABCA7	chr19	1039997	1065572	5	5	5
ENSG00000180448.10	ARHGAP45	chr19	1065923	1086628	5	5	5
ENSG00000099817.12	POLR2E	chr19	1086574	1095380	5	5	5
ENSG00000167468.18	GPX4	chr19	1103926	1106791	5	5	5
ENSG00000064932.16	SBNO2	chr19	1107637	1174268	5	5	5
ENSG00000118046.16	STK11	chr19	1177558	1228431	5	5	5
ENSG00000267736.2	HMGB2P1	chr19	1203209	1203842	5	5	5
ENSG00000099625.13	CBARP	chr19	1228287	1238027	5	5	5
ENSG00000267778.1	AC004221.1	chr19	1238179	1239522	5	5	5
ENSG00000099624.8	ATP5F1D	chr19	1241746	1244825	5	5	5
ENSG00000167470.12	MIDN	chr19	1248553	1259140	5	5	5
ENSG00000099622.14	CIRBP	chr19	1259384	1274880	5	5	5
ENSG00000267493.4	CIRBP-AS1	chr19	1267471	1270260	5	5	5
ENSG00000228300.14	FAM174C	chr19	1275530	1279244	5	5	5
ENSG00000099617.4	EFNA2	chr19	1285873	1301431	5	5	5
ENSG00000240846.2	RPS15P9	chr19	1307401	1307719	5	5	5
ENSG00000267372.2	AC005330.1	chr19	1321225	1322846	5	5	5
ENSG00000160953.16	PWWP3A	chr19	1354711	1378431	5	5	5
ENSG00000279488.1	AC004623.1	chr19	1372238	1374364	5	5	5
ENSG00000267755.1	AC005329.2	chr19	1376773	1377520	5	5	5
ENSG00000115286.20	NDUFS7	chr19	1383527	1395589	5	5	5
ENSG00000280486.2	AC005329.3	chr19	1385473	1389665	5	5	5
ENSG00000248015.7	AC005329.1	chr19	1392170	1396467	5	5	5
ENSG00000130005.13	GAMT	chr19	1397026	1401570	5	5	5
ENSG00000071626.17	DAZAP1	chr19	1407569	1435687	5	5	5
ENSG00000115268.10	RPS15	chr19	1438358	1440495	5	5	5
ENSG00000268798.1	AC027307.3	chr19	1440839	1441938	5	5	5
ENSG00000115266.12	APC2	chr19	1446302	1473244	5	5	5
ENSG00000267317.2	AC027307.2	chr19	1457670	1458580	5	5	5
ENSG00000119559.17	C19orf25	chr19	1461143	1479219	5	5	5
ENSG00000115257.15	PCSK4	chr19	1481428	1490752	5	5	5
ENSG00000115255.12	REEP6	chr19	1491166	1497927	5	5	5
ENSG00000185761.11	ADAMTSL5	chr19	1505022	1513604	5	5	5
ENSG00000185988.15	PLK5	chr19	1508023	1536046	5	5	5
ENSG00000267092.2	AC027307.1	chr19	1508375	1508963	5	5	5
ENSG00000181588.16	MEX3D	chr19	1554669	1568058	5	5	5
ENSG00000239367.2	RN7SL477P	chr19	1570575	1570860	5	5	5
ENSG00000071655.18	MBD3	chr19	1573596	1592865	5	5	5
ENSG00000279009.1	AC005943.2	chr19	1576939	1577086	5	5	5
ENSG00000267059.2	AC005943.1	chr19	1578339	1605445	5	5	5
ENSG00000127540.12	UQCR11	chr19	1597169	1605473	5	5	5
ENSG00000071564.17	TCF3	chr19	1609290	1652615	5	5	5
ENSG00000252933.1	RNU6-1223P	chr19	1616492	1616595	5	5	5
ENSG00000275642.1	Metazoa_SRP	chr19	1724115	1724395	5	5	5
ENSG00000267073.1	AC005256.1	chr19	1748056	1748745	5	5	5
ENSG00000205922.5	ONECUT3	chr19	1753506	1780988	5	5	5
ENSG00000130270.16	ATP8B3	chr19	1782075	1812276	5	5	5
ENSG00000079313.15	REXO1	chr19	1815248	1848483	5	5	5
ENSG00000267007.1	AC012615.2	chr19	1815249	1815873	5	5	5
ENSG00000284216.1	MIR1909	chr19	1816159	1816238	5	5	5
ENSG00000267244.5	AC012615.6	chr19	1822089	1824542	5	5	5
ENSG00000267125.2	AC012615.3	chr19	1852382	1853622	5	5	5
ENSG00000129911.9	KLF16	chr19	1852399	1863579	5	5	5
ENSG00000267141.1	AC012615.4	chr19	1860250	1862019	5	5	5
ENSG00000261526.2	AC012615.1	chr19	1874871	1876169	5	5	5
ENSG00000267232.1	AC012615.5	chr19	1875016	1875992	5	5	5
ENSG00000129968.17	ABHD17A	chr19	1876810	1885496	5	5	5
ENSG00000227500.10	SCAMP4	chr19	1905372	1926013	5	5	5
ENSG00000213638.6	ADAT3	chr19	1905399	1913447	5	5	5
ENSG00000133275.16	CSNK1G2	chr19	1941172	1981338	5	5	5
ENSG00000180846.8	CSNK1G2-AS1	chr19	1952531	1954586	5	5	5
ENSG00000133243.10	BTBD2	chr19	1985438	2034881	5	5	5
ENSG00000267283.1	AC005306.1	chr19	1989401	1990370	5	5	5
ENSG00000279653.1	AC004678.2	chr19	2002580	2003581	5	5	5
ENSG00000275468.1	AC004678.1	chr19	2013728	2014656	5	5	5
ENSG00000267180.1	AC007136.1	chr19	2030853	2031051	5	5	5
ENSG00000099875.15	MKNK2	chr19	2037465	2051244	5	5	5
ENSG00000172081.14	MOB3A	chr19	2071036	2096673	5	5	5
ENSG00000099840.14	IZUMO4	chr19	2096429	2099593	5	5	5
ENSG00000065000.19	AP3D1	chr19	2100988	2164468	5	5	5
ENSG00000104885.18	DOT1L	chr19	2163933	2232578	5	5	5
ENSG00000267122.1	AC004490.1	chr19	2212029	2215565	5	5	5
ENSG00000104886.12	PLEKHJ1	chr19	2230084	2237704	5	5	5
ENSG00000221411.1	MIR1227	chr19	2234062	2234149	5	5	5
ENSG00000284129.1	MIR6789	chr19	2235829	2235926	5	5	5
ENSG00000104897.10	SF3A2	chr19	2236824	2248655	5	5	5
ENSG00000104899.8	AMH	chr19	2249309	2252073	5	5	5
ENSG00000284272.1	MIR4321	chr19	2250639	2250718	5	5	5
ENSG00000167476.10	JSRP1	chr19	2252252	2269759	5	5	5
ENSG00000104904.12	OAZ1	chr19	2269509	2273490	5	5	5
ENSG00000273734.1	AC005258.1	chr19	2269525	2341172	5	5	5
ENSG00000188305.6	PEAK3	chr19	2274631	2282175	5	5	5
ENSG00000220008.3	LINGO3	chr19	2289784	2292024	5	5	5
ENSG00000288156.1	AC104530.1	chr19	2293173	2295781	5	5	5
ENSG00000286880.1	AC005258.2	chr19	2315162	2316875	5	5	5
ENSG00000130332.15	LSM7	chr19	2321520	2328611	5	5	5
ENSG00000005206.17	SPPL2B	chr19	2328615	2355095	5	5	5
ENSG00000178297.14	TMPRSS9	chr19	2360238	2426239	5	5	5
ENSG00000099800.8	TIMM13	chr19	2425625	2427586	5	5	5
ENSG00000176619.13	LMNB2	chr19	2427638	2456959	5	5	5
ENSG00000283728.1	MIR7108	chr19	2434914	2435000	5	5	5
ENSG00000267201.1	LINC01775	chr19	2458935	2462185	5	5	5
ENSG00000099860.9	GADD45B	chr19	2476122	2478259	5	5	5
ENSG00000252962.1	RNU6-993P	chr19	2503047	2503141	5	5	5
ENSG00000176533.13	GNG7	chr19	2511219	2702694	5	5	5
ENSG00000105694.3	ELOCP28	chr19	2538112	2538754	5	5	5
ENSG00000263974.2	RN7SL121P	chr19	2595019	2595291	5	5	5
ENSG00000267412.1	AC092068.2	chr19	2610155	2611862	5	5	5
ENSG00000277904.1	MIR7850	chr19	2630715	2630793	5	5	5
ENSG00000267214.1	AC092068.1	chr19	2631954	2632849	5	5	5
ENSG00000267749.1	AC092068.3	chr19	2641838	2643853	5	5	5
ENSG00000276097.1	AC006538.3	chr19	2700689	2701266	5	5	5
ENSG00000176490.5	DIRAS1	chr19	2714567	2721372	5	5	5
ENSG00000267001.1	AC006538.2	chr19	2717769	2740048	5	5	5
ENSG00000286460.1	AC006538.4	chr19	2721710	2724517	5	5	5
ENSG00000261342.1	AC006538.1	chr19	2727743	2729327	5	5	5
ENSG00000141873.11	SLC39A3	chr19	2732204	2740028	5	5	5
ENSG00000104969.11	SGTA	chr19	2754715	2783362	5	5	5
ENSG00000172009.15	THOP1	chr19	2785503	2815807	5	5	5
ENSG00000172006.12	ZNF554	chr19	2819868	2836735	5	5	5
ENSG00000186300.12	ZNF555	chr19	2841437	2860471	5	5	5
ENSG00000267063.1	AC006130.1	chr19	2847227	2858716	5	5	5
ENSG00000287766.1	AC006130.3	chr19	2862270	2864428	5	5	5
ENSG00000172000.7	ZNF556	chr19	2867335	2883445	5	5	5
ENSG00000267398.1	AC006130.2	chr19	2874950	2875592	5	5	5
ENSG00000266938.1	AC119403.2	chr19	2896625	2897222	5	5	5
ENSG00000171970.13	ZNF57	chr19	2900898	2918473	5	5	5
ENSG00000253392.3	AC119403.1	chr19	2908371	2926817	5	5	5
ENSG00000175691.9	ZNF77	chr19	2933218	2944971	5	5	5
ENSG00000279452.1	AC006277.1	chr19	2949035	2950644	5	5	5
ENSG00000104953.20	TLE6	chr19	2977538	2995179	5	5	5
ENSG00000065717.15	TLE2	chr19	2997639	3047635	5	5	5
ENSG00000267469.1	AC005944.1	chr19	3052910	3053724	5	5	5
ENSG00000104964.15	TLE5	chr19	3052910	3063107	5	5	5
ENSG00000088256.9	GNA11	chr19	3094362	3123999	5	5	5
ENSG00000267139.1	AC005262.2	chr19	3118665	3119304	5	5	5
ENSG00000267688.1	KF456478.1	chr19	3121116	3122128	5	5	5
ENSG00000266944.1	AC005262.1	chr19	3130717	3131398	5	5	5
ENSG00000060558.4	GNA15	chr19	3136033	3163749	5	5	5
ENSG00000267551.3	AC005264.1	chr19	3141576	3155175	5	5	5
ENSG00000125910.6	S1PR4	chr19	3172346	3180332	5	5	5
ENSG00000125912.11	NCLN	chr19	3185563	3209575	5	5	5
ENSG00000161082.13	CELF5	chr19	3224661	3297076	5	5	5
ENSG00000267448.6	AC010649.1	chr19	3296765	3306887	5	5	5
ENSG00000141905.19	NFIC	chr19	3314403	3469217	5	5	5
ENSG00000280103.1	AC007792.1	chr19	3355554	3355955	5	5	5
ENSG00000279599.1	AC005514.1	chr19	3371395	3371602	5	5	5
ENSG00000095932.7	SMIM24	chr19	3473986	3480525	5	5	5
ENSG00000284638.1	AC005551.1	chr19	3482804	3483446	5	5	5
ENSG00000129932.10	DOHH	chr19	3490821	3500674	5	5	5
ENSG00000105325.15	FZR1	chr19	3506311	3538334	5	5	5
ENSG00000252408.1	AC005787.1	chr19	3521248	3521320	5	5	5
ENSG00000161091.13	MFSD12	chr19	3538261	3574290	5	5	5
ENSG00000183397.5	C19orf71	chr19	3539154	3544030	5	5	5
ENSG00000267436.1	AC005786.3	chr19	3544199	3557569	5	5	5
ENSG00000267231.1	AC005786.2	chr19	3558015	3558486	5	5	5
ENSG00000279590.1	AC005786.4	chr19	3567278	3567959	5	5	5
ENSG00000266959.1	AC005786.1	chr19	3568120	3568273	5	5	5
ENSG00000064961.19	HMG20B	chr19	3572777	3579088	5	5	5
ENSG00000179855.9	GIPC3	chr19	3585478	3593541	5	5	5
ENSG00000006638.13	TBXA2R	chr19	3594507	3606875	5	5	5
ENSG00000226800.5	CACTIN-AS1	chr19	3607247	3613930	5	5	5
ENSG00000105298.14	CACTIN	chr19	3610645	3626815	5	5	5
ENSG00000186111.10	PIP5K1C	chr19	3630183	3700468	5	5	5
ENSG00000267304.1	AC004637.1	chr19	3672582	3674295	5	5	5
ENSG00000105289.15	TJP3	chr19	3708362	3750813	5	5	5
ENSG00000011132.12	APBA3	chr19	3750772	3761692	5	5	5
ENSG00000267205.1	AC005954.2	chr19	3753840	3756517	5	5	5
ENSG00000267138.1	AC005954.1	chr19	3754620	3756659	5	5	5
ENSG00000183617.5	MRPL54	chr19	3762682	3768575	5	5	5
ENSG00000173976.16	RAX2	chr19	3769089	3772228	5	5	5
ENSG00000267148.1	AC005777.1	chr19	3775996	3776182	5	5	5
ENSG00000007264.15	MATK	chr19	3777970	3802129	5	5	5
ENSG00000105278.12	ZFR2	chr19	3804024	3869038	5	5	5
ENSG00000266989.1	FTLP5	chr19	3870991	3872107	5	5	5
ENSG00000167654.18	ATCAY	chr19	3879864	3928082	5	5	5
ENSG00000266627.2	RN7SL202P	chr19	3920245	3920506	5	5	5
ENSG00000077009.13	NMRK2	chr19	3933103	3942416	5	5	5
ENSG00000167657.14	DAPK3	chr19	3958453	3971123	5	5	5
ENSG00000283928.1	MIR637	chr19	3961414	3961512	5	5	5
ENSG00000167658.16	EEF2	chr19	3976056	3985463	5	5	5
ENSG00000206775.1	SNORD37	chr19	3982507	3982572	5	5	5
ENSG00000105229.7	PIAS4	chr19	4007736	4039386	5	5	5
ENSG00000178951.9	ZBTB7A	chr19	4043303	4066899	5	5	5
ENSG00000268670.1	AC016586.1	chr19	4061615	4062749	5	5	5
ENSG00000126934.14	MAP2K2	chr19	4090321	4124122	5	5	5
ENSG00000278007.1	Metazoa_SRP	chr19	4127492	4127732	5	5	5
ENSG00000060566.14	CREB3L3	chr19	4153631	4173054	5	5	5
ENSG00000077463.15	SIRT6	chr19	4174109	4182566	5	5	5
ENSG00000089847.12	ANKRD24	chr19	4183354	4224814	5	5	5
ENSG00000105246.6	EBI3	chr19	4229523	4237528	5	5	5
ENSG00000280247.1	AC005578.1	chr19	4246339	4247358	5	5	5
ENSG00000105248.16	YJU2	chr19	4247080	4269088	5	5	5
ENSG00000105251.11	SHD	chr19	4279266	4290722	5	5	5
ENSG00000167664.8	TMIGD2	chr19	4292232	4302431	5	5	5
ENSG00000105255.11	FSD1	chr19	4304598	4323843	5	5	5
ENSG00000178078.12	STAP2	chr19	4324043	4342786	5	5	5
ENSG00000269425.1	AC104521.1	chr19	4339577	4343491	5	5	5
ENSG00000008382.16	MPND	chr19	4343527	4360086	5	5	5
ENSG00000269807.1	AC007292.3	chr19	4347244	4354057	5	5	5
ENSG00000267938.1	EIF1P6	chr19	4347780	4349061	5	5	5
ENSG00000269318.1	AC007292.2	chr19	4356637	4358448	5	5	5
ENSG00000141985.9	SH3GL1	chr19	4360370	4400547	5	5	5
ENSG00000267980.1	AC007292.1	chr19	4363789	4364640	5	5	5
ENSG00000167670.16	CHAF1A	chr19	4402640	4445018	5	5	5
ENSG00000267255.1	AC011498.3	chr19	4429689	4430934	5	5	5
ENSG00000167671.12	UBXN6	chr19	4444999	4457794	5	5	5
ENSG00000266437.1	MIR4746	chr19	4445978	4446048	5	5	5
ENSG00000267030.1	AC011498.2	chr19	4447304	4448217	5	5	5
ENSG00000280239.1	AC011498.7	chr19	4448810	4450836	5	5	5
ENSG00000267769.1	AC011498.6	chr19	4454014	4455286	5	5	5
ENSG00000267011.5	AC011498.1	chr19	4457962	4471493	5	5	5
ENSG00000167674.15	HDGFL2	chr19	4472297	4502208	5	5	5
ENSG00000167676.4	PLIN4	chr19	4502180	4518465	5	5	5
ENSG00000214456.8	PLIN5	chr19	4522531	4535224	5	5	5
ENSG00000267385.1	AC011498.4	chr19	4528427	4540067	5	5	5
ENSG00000171236.10	LRG1	chr19	4536402	4540036	5	5	5
ENSG00000167680.17	SEMA6B	chr19	4542593	4581776	5	5	5
ENSG00000267408.1	AC011498.5	chr19	4621194	4622307	5	5	5
ENSG00000185361.9	TNFAIP8L1	chr19	4639516	4655568	5	5	5
ENSG00000074842.8	MYDGF	chr19	4641374	4670362	5	5	5
ENSG00000268565.1	AC005339.1	chr19	4654964	4655524	5	5	5
ENSG00000142002.17	DPP9	chr19	4675224	4724673	5	5	5
ENSG00000205790.1	DPP9-AS1	chr19	4679282	4685948	5	5	5
ENSG00000287884.1	AC005594.1	chr19	4692021	4694340	5	5	5
ENSG00000176840.12	MIR7-3HG	chr19	4769031	4785077	5	5	5
ENSG00000207630.1	MIR7-3	chr19	4770670	4770779	5	5	5
ENSG00000268536.1	AC005523.1	chr19	4785120	4791207	5	5	5
ENSG00000141965.5	FEM1A	chr19	4791734	4801273	5	5	5
ENSG00000269604.1	AC005523.2	chr19	4791745	4795559	5	5	5
ENSG00000127666.10	TICAM1	chr19	4815932	4831712	5	5	5
ENSG00000267484.1	AC027319.1	chr19	4838332	4838907	5	5	5
ENSG00000105355.9	PLIN3	chr19	4838341	4867694	5	5	5
ENSG00000205784.4	ARRDC5	chr19	4890437	4902896	5	5	5
ENSG00000276043.5	UHRF1	chr19	4903080	4962154	5	5	5
ENSG00000263409.1	MIR4747	chr19	4932687	4932740	5	5	5
ENSG00000127663.15	KDM4B	chr19	4969113	5153598	5	5	5
ENSG00000105426.17	PTPRS	chr19	5158495	5340803	5	5	5
ENSG00000267550.1	AC022517.1	chr19	5178119	5178464	5	5	5
ENSG00000239524.2	RPL32P34	chr19	5277734	5278133	5	5	5
ENSG00000274447.1	AC005790.1	chr19	5294247	5294696	5	5	5
ENSG00000105428.6	ZNRF4	chr19	5455417	5456856	5	5	5
ENSG00000223573.7	TINCR	chr19	5558167	5578349	5	5	5
ENSG00000233270.1	SNRPEP4	chr19	5576660	5576938	5	5	5
ENSG00000130254.12	SAFB2	chr19	5586999	5624046	5	5	5
ENSG00000160633.13	SAFB	chr19	5623035	5668478	5	5	5
ENSG00000130255.13	RPL36	chr19	5674947	5691875	5	5	5
ENSG00000174917.9	MICOS13	chr19	5678421	5680516	5	5	5
ENSG00000167733.14	HSD11B1L	chr19	5680604	5688523	5	5	5
ENSG00000196365.12	LONP1	chr19	5691834	5720572	5	5	5
ENSG00000174898.16	CATSPERD	chr19	5720637	5778734	5	5	5
ENSG00000212123.4	PRR22	chr19	5782960	5784746	5	5	5
ENSG00000267157.1	AC011499.1	chr19	5784005	5785619	5	5	5
ENSG00000141994.16	DUS3L	chr19	5784832	5791225	5	5	5
ENSG00000171119.2	NRTN	chr19	5823802	5828324	5	5	5
ENSG00000156413.14	FUT6	chr19	5830408	5839722	5	5	5
ENSG00000171124.13	FUT3	chr19	5842888	5851474	5	5	5
ENSG00000267709.1	AC024592.2	chr19	5847467	5858239	5	5	5
ENSG00000130383.7	FUT5	chr19	5865826	5870540	5	5	5
ENSG00000267740.5	AC024592.3	chr19	5866171	5903787	5	5	5
ENSG00000174886.14	NDUFA11	chr19	5891276	5904006	5	5	5
ENSG00000266941.1	AC024592.1	chr19	5899895	5901511	5	5	5
ENSG00000267314.1	AC104532.1	chr19	5904841	5914707	5	5	5
ENSG00000187650.4	VMAC	chr19	5904872	5910853	5	5	5
ENSG00000267571.1	AC104532.2	chr19	5911578	5913899	5	5	5
ENSG00000105519.18	CAPS	chr19	5912339	5916211	5	5	5
ENSG00000031823.14	RANBP3	chr19	5916139	5978142	5	5	5
ENSG00000266983.1	AC011444.1	chr19	5978403	6020363	5	5	5
ENSG00000087903.13	RFX2	chr19	5993164	6199572	5	5	5
ENSG00000267262.1	AC011444.2	chr19	6067953	6077119	5	5	5
ENSG00000267589.1	AC011444.4	chr19	6072823	6073527	5	5	5
ENSG00000267299.1	AC011444.3	chr19	6109322	6125797	5	5	5
ENSG00000130377.13	ACSBG2	chr19	6135247	6193094	5	5	5
ENSG00000267415.1	AC011471.1	chr19	6176256	6176442	5	5	5
ENSG00000284490.1	AC011471.4	chr19	6199405	6205121	5	5	5
ENSG00000130382.9	MLLT1	chr19	6210381	6279975	5	5	5
ENSG00000267563.1	AC011471.2	chr19	6259157	6259799	5	5	5
ENSG00000280394.1	AC011471.3	chr19	6263068	6263469	5	5	5
ENSG00000167769.5	ACER1	chr19	6306142	6333612	5	5	5
ENSG00000269802.1	AC011491.3	chr19	6343761	6362149	5	5	5
ENSG00000125656.11	CLPP	chr19	6361531	6370242	5	5	5
ENSG00000125652.8	ALKBH7	chr19	6372794	6375250	5	5	5
ENSG00000125650.4	PSPN	chr19	6375148	6379058	5	5	5
ENSG00000125651.14	GTF2F1	chr19	6379572	6393981	5	5	5
ENSG00000269444.1	AC011491.2	chr19	6386762	6390400	5	5	5
ENSG00000274390.1	MIR6885	chr19	6389638	6389703	5	5	5
ENSG00000273758.1	MIR6790	chr19	6392921	6392983	5	5	5
ENSG00000214347.8	AC011491.1	chr19	6393794	6412404	5	5	5
ENSG00000088247.17	KHSRP	chr19	6413348	6424794	5	5	5
ENSG00000284159.1	MIR3940	chr19	6416410	6416511	5	5	5
ENSG00000181240.14	SLC25A41	chr19	6426037	6433779	5	5	5
ENSG00000125648.15	SLC25A23	chr19	6436079	6465203	5	5	5
ENSG00000130545.16	CRB3	chr19	6463777	6467221	5	5	5
ENSG00000205744.10	DENND1C	chr19	6467207	6482557	5	5	5
ENSG00000275234.1	AC010503.4	chr19	6469465	6470152	5	5	5
ENSG00000104833.12	TUBB4A	chr19	6494319	6502848	5	5	5
ENSG00000268203.1	AC010503.2	chr19	6494320	6494805	5	5	5
ENSG00000268191.1	AC010503.1	chr19	6494320	6495025	5	5	5
ENSG00000125657.5	TNFSF9	chr19	6531026	6535924	5	5	5
ENSG00000268742.1	AC010503.3	chr19	6552358	6554494	5	5	5
ENSG00000269546.1	CLIC4P2	chr19	6562123	6563848	5	5	5
ENSG00000199223.1	Y_RNA	chr19	6572956	6573057	5	5	5
ENSG00000125726.11	CD70	chr19	6583183	6604103	5	5	5
ENSG00000268785.1	RPL7P50	chr19	6593329	6594055	5	5	5
ENSG00000125735.11	TNFSF14	chr19	6661253	6670588	5	5	5
ENSG00000125730.17	C3	chr19	6677704	6730562	5	5	5
ENSG00000276980.1	AC008760.2	chr19	6716386	6717742	5	5	5
ENSG00000125734.15	GPR108	chr19	6729914	6737603	5	5	5
ENSG00000283950.1	MIR6791	chr19	6736712	6736778	5	5	5
ENSG00000125733.18	TRIP10	chr19	6737925	6751530	5	5	5
ENSG00000269680.1	AC008760.1	chr19	6748293	6751467	5	5	5
ENSG00000125731.13	SH2D3A	chr19	6752160	6767463	5	5	5
ENSG00000141968.8	VAV1	chr19	6772708	6857366	5	5	5
ENSG00000174837.15	ADGRE1	chr19	6887566	6940459	5	5	5
ENSG00000280091.1	AC020895.2	chr19	6894994	6896832	5	5	5
ENSG00000269385.1	AC020895.1	chr19	6898299	6898686	5	5	5
ENSG00000276568.1	Metazoa_SRP	chr19	6928345	6928629	5	5	5
ENSG00000268758.7	ADGRE4P	chr19	6952500	6997872	5	5	5
ENSG00000268845.1	AC025278.1	chr19	6953211	6954904	5	5	5
ENSG00000269761.1	AC025278.2	chr19	7005012	7006074	5	5	5
ENSG00000283679.1	AC025278.3	chr19	7011884	7012679	5	5	5
ENSG00000196589.7	MBD3L2B	chr19	7018969	7021432	5	5	5
ENSG00000237247.6	MBD3L5	chr19	7030578	7033011	5	5	5
ENSG00000205718.9	MBD3L4	chr19	7037748	7040179	5	5	5
ENSG00000230522.5	MBD3L2	chr19	7049321	7051735	5	5	5
ENSG00000182315.9	MBD3L3	chr19	7056209	7058640	5	5	5
ENSG00000130544.12	ZNF557	chr19	7069703	7087968	5	5	5
ENSG00000171105.14	INSR	chr19	7112255	7294414	5	5	5
ENSG00000263264.2	AC119396.1	chr19	7348943	7383385	5	5	5
ENSG00000268861.7	AC008878.3	chr19	7382834	7470241	5	5	5
ENSG00000267852.1	AC119396.2	chr19	7390522	7395039	5	5	5
ENSG00000104880.18	ARHGEF18	chr19	7395113	7472484	5	5	5
ENSG00000104883.8	PEX11G	chr19	7476875	7497449	5	5	5
ENSG00000198723.11	TEX45	chr19	7492976	7508450	5	5	5
ENSG00000267952.1	AC008878.1	chr19	7507052	7519622	5	5	5
ENSG00000198816.7	ZNF358	chr19	7515292	7521025	5	5	5
ENSG00000269371.1	AC008878.4	chr19	7519916	7520460	5	5	5
ENSG00000090674.16	MCOLN1	chr19	7522624	7534009	5	5	5
ENSG00000268614.1	AC008878.2	chr19	7533595	7540059	5	5	5
ENSG00000032444.17	PNPLA6	chr19	7534004	7561764	5	5	5
ENSG00000076826.10	CAMSAP3	chr19	7595863	7618304	5	5	5
ENSG00000273657.1	MIR6792	chr19	7617439	7617505	5	5	5
ENSG00000076924.12	XAB2	chr19	7619525	7629545	5	5	5
ENSG00000229833.10	PET100	chr19	7629793	7631956	5	5	5
ENSG00000268400.5	AC008763.2	chr19	7629796	7643048	5	5	5
ENSG00000174788.10	PCP2	chr19	7631611	7633719	5	5	5
ENSG00000268204.1	AC008763.1	chr19	7633766	7636990	5	5	5
ENSG00000076944.16	STXBP2	chr19	7636881	7647873	5	5	5
ENSG00000269228.1	RPS27AP19	chr19	7665717	7666476	5	5	5
ENSG00000104918.8	RETN	chr19	7669049	7670455	5	5	5
ENSG00000183019.7	MCEMP1	chr19	7676628	7679826	5	5	5
ENSG00000269711.1	AC008763.3	chr19	7678501	7682854	5	5	5
ENSG00000181029.9	TRAPPC5	chr19	7680833	7687703	5	5	5
ENSG00000104921.15	FCER2	chr19	7688758	7702146	5	5	5
ENSG00000182566.14	CLEC4G	chr19	7728958	7733906	5	5	5
ENSG00000288669.1	AC008763.4	chr19	7728958	7745662	5	5	5
ENSG00000090659.18	CD209	chr19	7739993	7747564	5	5	5
ENSG00000242636.1	RPL21P129	chr19	7750684	7751161	5	5	5
ENSG00000104938.18	CLEC4M	chr19	7763210	7769605	5	5	5
ENSG00000268297.1	CLEC4GP1	chr19	7787549	7790621	5	5	5
ENSG00000269763.1	EXOSC3P2	chr19	7813615	7814425	5	5	5
ENSG00000142459.8	EVI5L	chr19	7830233	7864976	5	5	5
ENSG00000183248.12	PRR36	chr19	7868719	7874390	5	5	5
ENSG00000268120.1	AC010336.3	chr19	7870561	7871296	5	5	5
ENSG00000269153.1	LYPLA2P2	chr19	7879445	7880120	5	5	5
ENSG00000285674.1	5S_rRNA	chr19	7886977	7887096	5	5	5
ENSG00000171017.11	LRRC8E	chr19	7888505	7902021	5	5	5
ENSG00000214248.2	AC010336.1	chr19	7898804	7903542	5	5	5
ENSG00000076984.18	MAP2K7	chr19	7903843	7914478	5	5	5
ENSG00000268149.1	AC010336.4	chr19	7912648	7913518	5	5	5
ENSG00000260001.6	TGFBR3L	chr19	7916145	7919097	5	5	5
ENSG00000260500.1	AC010336.2	chr19	7918652	7919157	5	5	5
ENSG00000104976.12	SNAPC2	chr19	7920338	7923250	5	5	5
ENSG00000178531.6	CTXN1	chr19	7924491	7926135	5	5	5
ENSG00000269139.2	AC010336.5	chr19	7926001	7926810	5	5	5
ENSG00000104980.8	TIMM44	chr19	7926718	7943667	5	5	5
ENSG00000286138.1	AC010336.7	chr19	7944241	7945400	5	5	5
ENSG00000066044.15	ELAVL1	chr19	7958573	8005659	5	5	5
ENSG00000269813.1	AC010336.6	chr19	7959123	7960012	5	5	5
ENSG00000267939.1	AC008946.1	chr19	8008729	8016025	5	5	5
ENSG00000131142.13	CCL25	chr19	8052767	8062650	5	5	5
ENSG00000142449.13	FBN3	chr19	8065402	8149592	5	5	5
ENSG00000269651.1	AC022146.1	chr19	8173272	8175567	5	5	5
ENSG00000090661.12	CERS4	chr19	8206736	8262421	5	5	5
ENSG00000271717.1	AC022146.2	chr19	8222153	8239648	5	5	5
ENSG00000167775.11	CD320	chr19	8302127	8308358	5	5	5
ENSG00000167774.2	AC010323.1	chr19	8308283	8321379	5	5	5
ENSG00000267855.6	NDUFA7	chr19	8308768	8321375	5	5	5
ENSG00000233927.5	RPS28	chr19	8321158	8323340	5	5	5
ENSG00000186994.11	KANK3	chr19	8322584	8343262	5	5	5
ENSG00000268884.1	AC010323.2	chr19	8346517	8347687	5	5	5
ENSG00000167772.12	ANGPTL4	chr19	8363289	8374370	5	5	5
ENSG00000269386.5	RAB11B-AS1	chr19	8374373	8390685	5	5	5
ENSG00000265390.1	MIR4999	chr19	8389290	8389380	5	5	5
ENSG00000185236.12	RAB11B	chr19	8389981	8404434	5	5	5
ENSG00000099785.10	MARCHF2	chr19	8413270	8439017	5	5	5
ENSG00000268931.1	AC136469.1	chr19	8423355	8427827	5	5	5
ENSG00000279827.1	AC136469.2	chr19	8444570	8445597	5	5	5
ENSG00000099783.12	HNRNPM	chr19	8444767	8489114	5	5	5
ENSG00000133246.12	PRAM1	chr19	8490056	8502640	5	5	5
ENSG00000133250.14	ZNF414	chr19	8509678	8514167	5	5	5
ENSG00000142347.19	MYO1F	chr19	8520778	8577577	5	5	5
ENSG00000268618.1	AC092316.1	chr19	8549506	8550139	5	5	5
ENSG00000142303.14	ADAMTS10	chr19	8580240	8610735	5	5	5
ENSG00000267986.1	AC130469.1	chr19	8581160	8582715	5	5	5
ENSG00000268480.3	NFILZ	chr19	8630635	8677708	5	5	5
ENSG00000279426.1	AC243312.1	chr19	8695721	8696321	5	5	5
ENSG00000181786.5	ACTL9	chr19	8697400	8698795	5	5	5
ENSG00000181733.4	OR2Z1	chr19	8721634	8732160	5	5	5
ENSG00000269244.1	RPL23AP78	chr19	8728735	8729204	5	5	5
ENSG00000268922.1	AC012616.1	chr19	8778665	8778861	5	5	5
ENSG00000167785.9	ZNF558	chr19	8806170	8832314	5	5	5
ENSG00000269300.1	AC008734.1	chr19	8821501	8824110	5	5	5
ENSG00000170948.3	MBD3L1	chr19	8832398	8843340	5	5	5
ENSG00000269400.1	AC008734.2	chr19	8833065	8833541	5	5	5
ENSG00000181143.15	MUC16	chr19	8848844	8981342	5	5	5
ENSG00000267332.1	BOLA3P2	chr19	9019344	9019984	5	5	5
ENSG00000267154.1	OR1M4P	chr19	9083112	9083398	5	5	5
ENSG00000170929.6	OR1M1	chr19	9087061	9095669	5	5	5
ENSG00000170923.3	OR7G2	chr19	9100407	9107475	5	5	5
ENSG00000161807.3	OR7G1	chr19	9114828	9115763	5	5	5
ENSG00000275787.1	OR7G15P	chr19	9122160	9122492	5	5	5
ENSG00000170920.2	OR7G3	chr19	9126012	9126950	5	5	5
ENSG00000130803.15	ZNF317	chr19	9140397	9163424	5	5	5
ENSG00000188000.5	OR7D2	chr19	9178979	9188818	5	5	5
ENSG00000267418.1	ELOCP29	chr19	9182369	9183048	5	5	5
ENSG00000267775.1	OR7E16P	chr19	9191286	9192170	5	5	5
ENSG00000187847.4	OR7E25P	chr19	9198354	9210067	5	5	5
ENSG00000174667.4	OR7D4	chr19	9210276	9219589	5	5	5
ENSG00000188314.3	OR7D1P	chr19	9235144	9236076	5	5	5
ENSG00000237521.3	OR7E24	chr19	9247344	9252625	5	5	5
ENSG00000180926.6	OR7E18P	chr19	9261015	9261716	5	5	5
ENSG00000225980.4	OR7E19P	chr19	9265440	9268819	5	5	5
ENSG00000226480.1	OR7H1P	chr19	9278448	9279369	5	5	5
ENSG00000196110.8	ZNF699	chr19	9291140	9309838	5	5	5
ENSG00000267510.1	AC011451.1	chr19	9291515	9294482	5	5	5
ENSG00000188321.13	ZNF559	chr19	9323772	9351162	5	5	5
ENSG00000270011.7	ZNF559-ZNF177	chr19	9324174	9382617	5	5	5
ENSG00000270614.1	AC011451.2	chr19	9348106	9348703	5	5	5
ENSG00000188629.13	ZNF177	chr19	9363020	9382617	5	5	5
ENSG00000283108.1	AC011451.3	chr19	9383581	9407055	5	5	5
ENSG00000174652.19	ZNF266	chr19	9412461	9435571	5	5	5
ENSG00000287275.1	AC011451.4	chr19	9458119	9462388	5	5	5
ENSG00000198028.4	ZNF560	chr19	9466355	9498616	5	5	5
ENSG00000267273.1	AC008567.2	chr19	9498678	9510079	5	5	5
ENSG00000287960.1	AC008567.3	chr19	9507820	9514539	5	5	5
ENSG00000260112.1	AC008567.1	chr19	9518150	9519341	5	5	5
ENSG00000130818.12	ZNF426	chr19	9523223	9538645	5	5	5
ENSG00000278611.2	ZNF426-DT	chr19	9538693	9539734	5	5	5
ENSG00000197961.12	ZNF121	chr19	9560329	9584504	5	5	5
ENSG00000171469.11	ZNF561	chr19	9604680	9621236	5	5	5
ENSG00000267106.8	ZNF561-AS1	chr19	9621249	9647203	5	5	5
ENSG00000171466.10	ZNF562	chr19	9641807	9675100	5	5	5
ENSG00000239830.1	RPS4XP22	chr19	9683294	9684073	5	5	5
ENSG00000224689.9	ZNF812P	chr19	9689924	9700776	5	5	5
ENSG00000277587.1	AC008759.3	chr19	9721903	9722410	5	5	5
ENSG00000267490.1	AC008759.1	chr19	9724008	9725086	5	5	5
ENSG00000267612.1	AC008759.2	chr19	9730853	9731943	5	5	5
ENSG00000196605.7	ZNF846	chr19	9751993	9793180	5	5	5
ENSG00000267370.1	AC008752.3	chr19	9756152	9756863	5	5	5
ENSG00000267741.1	UBE2L4	chr19	9774497	9774960	5	5	5
ENSG00000266950.1	AC008752.1	chr19	9793621	9802301	5	5	5
ENSG00000127452.9	FBXL12	chr19	9810267	9827816	5	5	5
ENSG00000200237.1	SNORA70	chr19	9819954	9820094	5	5	5
ENSG00000267119.1	RPL10P15	chr19	9820141	9820455	5	5	5
ENSG00000198258.11	UBL5	chr19	9827892	9830115	5	5	5
ENSG00000267289.1	AC008752.2	chr19	9834079	9835013	5	5	5
ENSG00000127445.14	PIN1	chr19	9835257	9849689	5	5	5
ENSG00000105088.8	OLFM2	chr19	9853718	9936552	5	5	5
ENSG00000080573.7	COL5A3	chr19	9959561	10010504	5	5	5
ENSG00000267650.1	AC008742.1	chr19	9995997	9997163	5	5	5
ENSG00000080511.5	RDH8	chr19	10013249	10022279	5	5	5
ENSG00000167798.17	C3P1	chr19	10037803	10074135	5	5	5
ENSG00000266204.1	MIR5589	chr19	10038354	10038413	5	5	5
ENSG00000130813.18	SHFL	chr19	10086122	10093252	5	5	5
ENSG00000267387.1	AC020931.1	chr19	10089032	10090377	5	5	5
ENSG00000130812.10	ANGPTL6	chr19	10092338	10102796	5	5	5
ENSG00000243207.6	PPAN-P2RY11	chr19	10106223	10114780	5	5	5
ENSG00000130810.20	PPAN	chr19	10106362	10112012	5	5	5
ENSG00000209645.1	SNORD105	chr19	10107651	10107735	5	5	5
ENSG00000238531.1	SNORD105B	chr19	10109757	10109835	5	5	5
ENSG00000244165.2	P2RY11	chr19	10111693	10115372	5	5	5
ENSG00000130811.12	EIF3G	chr19	10115014	10119918	5	5	5
ENSG00000130816.17	DNMT1	chr19	10133342	10231286	5	5	5
ENSG00000267534.4	S1PR2	chr19	10221433	10231331	5	5	5
ENSG00000264266.1	MIR4322	chr19	10230413	10230485	5	5	5
ENSG00000105364.14	MRPL4	chr19	10251901	10260055	5	5	5
ENSG00000266978.1	AC011511.2	chr19	10252268	10285108	5	5	5
ENSG00000267105.1	AC011511.3	chr19	10259109	10260045	5	5	5
ENSG00000090339.9	ICAM1	chr19	10271093	10286615	5	5	5
ENSG00000267607.1	AC011511.5	chr19	10285801	10289019	5	5	5
ENSG00000105371.10	ICAM4	chr19	10286955	10288522	5	5	5
ENSG00000105376.5	ICAM5	chr19	10289952	10296778	5	5	5
ENSG00000220201.7	ZGLP1	chr19	10304803	10309880	5	5	5
ENSG00000167807.15	AC011511.1	chr19	10305427	10316009	5	5	5
ENSG00000267673.6	FDX2	chr19	10310045	10316015	5	5	5
ENSG00000267303.1	AC011511.4	chr19	10315471	10320678	5	5	5
ENSG00000161847.14	RAVER1	chr19	10316212	10333638	5	5	5
ENSG00000274425.1	AC114271.1	chr19	10333436	10336248	5	5	5
ENSG00000076662.10	ICAM3	chr19	10333776	10339661	5	5	5
ENSG00000105397.14	TYK2	chr19	10350529	10380572	5	5	5
ENSG00000105401.9	CDC37	chr19	10391133	10420121	5	5	5
ENSG00000284268.1	MIR1181	chr19	10403458	10403538	5	5	5
ENSG00000065989.16	PDE4A	chr19	10416773	10469630	5	5	5
ENSG00000079999.14	KEAP1	chr19	10486125	10503558	5	5	5
ENSG00000267197.1	AC011461.1	chr19	10490339	10491000	5	5	5
ENSG00000180739.14	S1PR5	chr19	10512742	10517931	5	5	5
ENSG00000130734.10	ATG4D	chr19	10543895	10553418	5	5	5
ENSG00000238364.1	RNU7-140P	chr19	10551033	10551092	5	5	5
ENSG00000221410.1	MIR1238	chr19	10552122	10552204	5	5	5
ENSG00000129347.21	KRI1	chr19	10553085	10566031	5	5	5
ENSG00000129355.7	CDKN2D	chr19	10566460	10569059	5	5	5
ENSG00000129354.12	AP1M2	chr19	10572671	10587315	5	5	5
ENSG00000271010.1	AC011475.1	chr19	10598001	10598965	5	5	5
ENSG00000129353.15	SLC44A2	chr19	10602457	10644557	5	5	5
ENSG00000267100.1	ILF3-DT	chr19	10651862	10653844	5	5	5
ENSG00000129351.17	ILF3	chr19	10654261	10692417	5	5	5
ENSG00000213339.9	QTRT1	chr19	10701430	10713437	5	5	5
ENSG00000079805.18	DNM2	chr19	10718079	10833488	5	5	5
ENSG00000207972.1	MIR638	chr19	10718404	10718503	5	5	5
ENSG00000265879.1	MIR4748	chr19	10780254	10780335	5	5	5
ENSG00000207752.1	MIR199A1	chr19	10817426	10817496	5	5	5
ENSG00000275640.1	MIR6793	chr19	10828973	10829035	5	5	5
ENSG00000099203.7	TMED1	chr19	10832067	10836318	5	5	5
ENSG00000214212.9	C19orf38	chr19	10836575	10869790	5	5	5
ENSG00000267544.1	HIKESHIP2	chr19	10841839	10842250	5	5	5
ENSG00000142453.12	CARM1	chr19	10871553	10923075	5	5	5
ENSG00000130733.11	YIPF2	chr19	10922185	10928681	5	5	5
ENSG00000142444.7	TIMM29	chr19	10928811	10933535	5	5	5
ENSG00000127616.19	SMARCA4	chr19	10960932	11079426	5	5	5
ENSG00000266936.1	AC011442.1	chr19	11010917	11016011	5	5	5
ENSG00000276757.1	RN7SL192P	chr19	11011708	11012006	5	5	5
ENSG00000278643.1	AC006127.1	chr19	11033727	11033912	5	5	5
ENSG00000130164.14	LDLR	chr19	11089462	11133820	5	5	5
ENSG00000284553.1	MIR6886	chr19	11113474	11113534	5	5	5
ENSG00000161888.11	SPC24	chr19	11131520	11155808	5	5	5
ENSG00000197256.11	KANK2	chr19	11164270	11197791	5	5	5
ENSG00000130158.14	DOCK6	chr19	11199295	11262524	5	5	5
ENSG00000267082.1	AC011472.1	chr19	11203628	11216168	5	5	5
ENSG00000279807.1	AC011472.5	chr19	11208195	11208702	5	5	5
ENSG00000273733.1	AC011472.4	chr19	11221083	11221573	5	5	5
ENSG00000130173.13	ANGPTL8	chr19	11237450	11241943	5	5	5
ENSG00000130167.14	TSPAN16	chr19	11296139	11326996	5	5	5
ENSG00000267174.5	AC011472.2	chr19	11300777	11324441	5	5	5
ENSG00000105514.8	RAB3D	chr19	11322068	11346270	5	5	5
ENSG00000267576.1	AC011472.3	chr19	11322156	11324195	5	5	5
ENSG00000105518.14	TMEM205	chr19	11342776	11346518	5	5	5
ENSG00000183401.12	CCDC159	chr19	11344684	11354944	5	5	5
ENSG00000105520.10	PLPPR2	chr19	11355386	11365698	5	5	5
ENSG00000267277.1	AC024575.1	chr19	11368123	11374935	5	5	5
ENSG00000173928.4	SWSAP1	chr19	11374666	11376951	5	5	5
ENSG00000187266.14	EPOR	chr19	11377207	11384342	5	5	5
ENSG00000205517.13	RGL3	chr19	11384341	11419328	5	5	5
ENSG00000202357.1	Y_RNA	chr19	11408772	11408880	5	5	5
ENSG00000198003.12	CCDC151	chr19	11420604	11435782	5	5	5
ENSG00000130175.10	PRKCSH	chr19	11435284	11450968	5	5	5
ENSG00000196361.10	ELAVL3	chr19	11451326	11481046	5	5	5
ENSG00000267477.1	AC008481.3	chr19	11466240	11505698	5	5	5
ENSG00000161914.10	ZNF653	chr19	11483427	11505839	5	5	5
ENSG00000274713.1	MIR7974	chr19	11495544	11495622	5	5	5
ENSG00000130159.14	ECSIT	chr19	11505929	11529172	5	5	5
ENSG00000244080.3	RN7SL833P	chr19	11516047	11516330	5	5	5
ENSG00000213304.3	AC008481.2	chr19	11521968	11522498	5	5	5
ENSG00000213303.3	AC008481.1	chr19	11523436	11523831	5	5	5
ENSG00000130176.8	CNN1	chr19	11538767	11550323	5	5	5
ENSG00000130165.10	ELOF1	chr19	11551147	11559236	5	5	5
ENSG00000198551.10	ZNF627	chr19	11559374	11619161	5	5	5
ENSG00000102575.13	ACP5	chr19	11574660	11579008	5	5	5
ENSG00000249840.2	GAPDHP76	chr19	11585246	11587135	5	5	5
ENSG00000197332.9	AC008543.1	chr19	11639754	11686569	5	5	5
ENSG00000267500.1	ZNF887P	chr19	11648364	11652877	5	5	5
ENSG00000214223.4	HNRNPA1P10	chr19	11666069	11667030	5	5	5
ENSG00000267343.2	ZNF833P	chr19	11680944	11686259	5	5	5
ENSG00000197933.13	ZNF823	chr19	11721265	11739009	5	5	5
ENSG00000266922.1	AC008543.3	chr19	11725961	11730783	5	5	5
ENSG00000220949.2	AC008543.2	chr19	11756533	11759933	5	5	5
ENSG00000197044.11	ZNF441	chr19	11767000	11784078	5	5	5
ENSG00000267646.1	AC008543.5	chr19	11796084	11798598	5	5	5
ENSG00000177599.13	ZNF491	chr19	11797667	11809622	5	5	5
ENSG00000171295.13	ZNF440	chr19	11814273	11835216	5	5	5
ENSG00000267089.1	AC008543.4	chr19	11841241	11842439	5	5	5
ENSG00000171291.8	ZNF439	chr19	11848726	11883750	5	5	5
ENSG00000278897.1	AC020951.1	chr19	11856032	11858302	5	5	5
ENSG00000198429.10	ZNF69	chr19	11887782	11914329	5	5	5
ENSG00000196757.8	ZNF700	chr19	11925068	11950773	5	5	5
ENSG00000267179.1	AC008770.2	chr19	11925075	11979290	5	5	5
ENSG00000267274.1	AC008770.3	chr19	11939959	11953381	5	5	5
ENSG00000197054.12	ZNF763	chr19	11965037	11980617	5	5	5
ENSG00000219665.8	ZNF433-AS1	chr19	11987617	12046275	5	5	5
ENSG00000286098.1	AC008770.4	chr19	11987641	12078106	5	5	5
ENSG00000252060.1	RNA5SP464	chr19	11996809	11996916	5	5	5
ENSG00000197647.11	ZNF433	chr19	12014732	12035741	5	5	5
ENSG00000257355.1	AC008770.1	chr19	12017888	12052967	5	5	5
ENSG00000212497.1	RNA5SP465	chr19	12027913	12028021	5	5	5
ENSG00000257446.4	ZNF878	chr19	12043805	12052961	5	5	5
ENSG00000223547.10	ZNF844	chr19	12064731	12081565	5	5	5
ENSG00000252546.1	RNA5SP466	chr19	12070164	12070271	5	5	5
ENSG00000286132.1	AC022415.2	chr19	12075327	12113325	5	5	5
ENSG00000199444.1	Y_RNA	chr19	12088245	12088346	5	5	5
ENSG00000214189.9	ZNF788P	chr19	12092263	12137235	5	5	5
ENSG00000132010.16	ZNF20	chr19	12092843	12140355	5	5	5
ENSG00000237273.1	RSL24D1P8	chr19	12096424	12096915	5	5	5
ENSG00000212576.1	RNA5SP467	chr19	12106497	12106614	5	5	5
ENSG00000213297.8	ZNF625-ZNF20	chr19	12132117	12156731	5	5	5
ENSG00000242615.1	AC022415.1	chr19	12141806	12143322	5	5	5
ENSG00000257591.6	ZNF625	chr19	12142090	12156734	5	5	5
ENSG00000196646.12	ZNF136	chr19	12163064	12189871	5	5	5
ENSG00000234773.7	AC012618.3	chr19	12195015	12237767	5	5	5
ENSG00000197857.14	ZNF44	chr19	12224686	12294887	5	5	5
ENSG00000213293.4	AC012618.1	chr19	12260126	12260537	5	5	5
ENSG00000234750.1	AC012618.2	chr19	12284337	12285185	5	5	5
ENSG00000188868.14	ZNF563	chr19	12317477	12333720	5	5	5
ENSG00000198342.10	ZNF442	chr19	12345944	12365905	5	5	5
ENSG00000231361.1	RPS29P23	chr19	12373609	12373731	5	5	5
ENSG00000268744.1	AC008758.4	chr19	12379189	12401274	5	5	5
ENSG00000248406.1	AC008758.3	chr19	12379746	12383687	5	5	5
ENSG00000196466.10	ZNF799	chr19	12390016	12401271	5	5	5
ENSG00000268870.1	AC008758.5	chr19	12391949	12441082	5	5	5
ENSG00000180855.16	ZNF443	chr19	12429706	12441021	5	5	5
ENSG00000269755.1	AC008758.6	chr19	12433103	12484816	5	5	5
ENSG00000234848.1	AC008758.2	chr19	12450935	12460705	5	5	5
ENSG00000242852.7	ZNF709	chr19	12461184	12513854	5	5	5
ENSG00000196826.7	AC008758.1	chr19	12461559	12551474	5	5	5
ENSG00000236483.1	MTND2P40	chr19	12502675	12504106	5	5	5
ENSG00000232579.1	MTCO1P27	chr19	12504665	12504890	5	5	5
ENSG00000230321.1	MTCO2P27	chr19	12504905	12505976	5	5	5
ENSG00000234003.1	MTATP6P27	chr19	12506249	12508030	5	5	5
ENSG00000235686.1	PPIAP20	chr19	12508129	12508263	5	5	5
ENSG00000249709.8	ZNF564	chr19	12525373	12551542	5	5	5
ENSG00000269693.1	AC010422.6	chr19	12525720	12580975	5	5	5
ENSG00000269560.1	AC010422.4	chr19	12529768	12532973	5	5	5
ENSG00000230310.1	AC010422.1	chr19	12552597	12553644	5	5	5
ENSG00000213290.4	PGK1P2	chr19	12559571	12561105	5	5	5
ENSG00000188033.10	ZNF490	chr19	12576100	12640098	5	5	5
ENSG00000173875.14	ZNF791	chr19	12610918	12633840	5	5	5
ENSG00000178464.6	RPL10P16	chr19	12643275	12643919	5	5	5
ENSG00000269242.1	AC010422.3	chr19	12643831	12648397	5	5	5
ENSG00000104774.13	MAN2B1	chr19	12646511	12666742	5	5	5
ENSG00000269590.1	AC010422.5	chr19	12664828	12669397	5	5	5
ENSG00000123154.12	WDR83	chr19	12666802	12675832	5	5	5
ENSG00000285589.1	AC010422.8	chr19	12668071	12681834	5	5	5
ENSG00000105583.11	WDR83OS	chr19	12668073	12669415	5	5	5
ENSG00000285583.1	AC010422.7	chr19	12670079	12671023	5	5	5
ENSG00000095059.16	DHPS	chr19	12675717	12681880	5	5	5
ENSG00000268945.1	AC010422.2	chr19	12682693	12687279	5	5	5
ENSG00000283980.1	GNG14	chr19	12687998	12688422	5	5	5
ENSG00000132004.13	FBXW9	chr19	12688053	12696631	5	5	5
ENSG00000267791.1	AC018761.4	chr19	12688922	12689238	5	5	5
ENSG00000105576.15	TNPO2	chr19	12699194	12724011	5	5	5
ENSG00000209702.1	SNORD41	chr19	12706449	12706518	5	5	5
ENSG00000267004.1	AC018761.1	chr19	12725517	12725886	5	5	5
ENSG00000123144.11	TRIR	chr19	12730640	12734684	5	5	5
ENSG00000198356.12	GET3	chr19	12737139	12748323	5	5	5
ENSG00000039987.7	BEST2	chr19	12751702	12758458	5	5	5
ENSG00000095066.12	HOOK2	chr19	12763003	12872740	5	5	5
ENSG00000267212.1	AC018761.3	chr19	12784539	12785101	5	5	5
ENSG00000263800.1	MIR5684	chr19	12787128	12787192	5	5	5
ENSG00000171223.6	JUNB	chr19	12791486	12793315	5	5	5
ENSG00000167815.12	PRDX2	chr19	12796820	12801800	5	5	5
ENSG00000267062.1	AC018761.2	chr19	12796823	12801849	5	5	5
ENSG00000284491.2	THSD8	chr19	12802031	12813581	5	5	5
ENSG00000104889.7	RNASEH2A	chr19	12806584	12813640	5	5	5
ENSG00000132026.14	RTBDN	chr19	12825478	12835428	5	5	5
ENSG00000267424.1	AC020934.1	chr19	12825711	12832983	5	5	5
ENSG00000105613.10	MAST1	chr19	12833951	12874952	5	5	5
ENSG00000276181.1	MIR6794	chr19	12852260	12852327	5	5	5
ENSG00000105612.9	DNASE2	chr19	12875209	12881466	5	5	5
ENSG00000267735.1	AC020934.2	chr19	12880969	12884088	5	5	5
ENSG00000105610.6	KLF1	chr19	12884422	12887201	5	5	5
ENSG00000105607.13	GCDH	chr19	12891160	12914207	5	5	5
ENSG00000240616.1	RPS6P25	chr19	12894133	12894880	5	5	5
ENSG00000161860.8	SYCE2	chr19	12898786	12919293	5	5	5
ENSG00000266721.1	MIR5695	chr19	12920320	12920404	5	5	5
ENSG00000179115.11	FARSA	chr19	12922479	12934037	5	5	5
ENSG00000266975.1	FARSA-AS1	chr19	12930522	12933296	5	5	5
ENSG00000179218.14	CALR	chr19	12938578	12944489	5	5	5
ENSG00000274417.1	MIR6515	chr19	12940484	12940540	5	5	5
ENSG00000267458.1	AC092069.1	chr19	12944118	12944487	5	5	5
ENSG00000179262.10	RAD23A	chr19	12945855	12953642	5	5	5
ENSG00000179271.3	GADD45GIP1	chr19	12953119	12957223	5	5	5
ENSG00000179284.5	DAND5	chr19	12965159	12974762	5	5	5
ENSG00000008441.18	NFIX	chr19	12995475	13098796	5	5	5
ENSG00000267417.1	AC138474.1	chr19	13013662	13014511	5	5	5
ENSG00000267610.2	AC007787.1	chr19	13069792	13071374	5	5	5
ENSG00000279044.1	AC007787.2	chr19	13081966	13082564	5	5	5
ENSG00000104903.5	LYL1	chr19	13099033	13103161	5	5	5
ENSG00000104907.12	TRMT1	chr19	13104902	13117567	5	5	5
ENSG00000160877.6	NACC1	chr19	13116862	13141147	5	5	5
ENSG00000266897.1	AC005546.1	chr19	13131571	13132410	5	5	5
ENSG00000267512.1	AC011446.1	chr19	13139617	13141147	5	5	5
ENSG00000104915.15	STX10	chr19	13144058	13150383	5	5	5
ENSG00000160888.7	IER2	chr19	13150411	13154911	5	5	5
ENSG00000287296.1	AC011446.3	chr19	13152252	13152913	5	5	5
ENSG00000267598.1	AC011446.2	chr19	13153071	13154193	5	5	5
ENSG00000213253.5	RPL12P42	chr19	13157959	13158788	5	5	5
ENSG00000141837.21	CACNA1A	chr19	13206442	13633025	5	5	5
ENSG00000104957.14	CCDC130	chr19	13731760	13763296	5	5	5
ENSG00000037757.14	MRI1	chr19	13764522	13774282	5	5	5
ENSG00000267633.1	AC008686.1	chr19	13772118	13774118	5	5	5
ENSG00000104979.9	C19orf53	chr19	13774456	13778773	5	5	5
ENSG00000132003.9	ZSWIM4	chr19	13795460	13832230	5	5	5
ENSG00000267582.1	AC020916.2	chr19	13796574	13796933	5	5	5
ENSG00000266770.2	RN7SL619P	chr19	13815062	13815319	5	5	5
ENSG00000267519.6	AC020916.1	chr19	13823880	13842928	5	5	5
ENSG00000284387.1	MIR24-2	chr19	13836287	13836359	5	5	5
ENSG00000207808.1	MIR27A	chr19	13836440	13836517	5	5	5
ENSG00000207980.1	MIR23A	chr19	13836587	13836659	5	5	5
ENSG00000187556.7	NANOS3	chr19	13862063	13880757	5	5	5
ENSG00000207613.1	MIR181C	chr19	13874699	13874808	5	5	5
ENSG00000207585.1	MIR181D	chr19	13874875	13875011	5	5	5
ENSG00000132016.11	C19orf57	chr19	13882348	13906452	5	5	5
ENSG00000132024.17	CC2D1A	chr19	13906201	13930879	5	5	5
ENSG00000132000.13	PODNL1	chr19	13931187	13953392	5	5	5
ENSG00000132017.10	DCAF15	chr19	13952492	13961449	5	5	5
ENSG00000132005.9	RFX1	chr19	13961530	14007039	5	5	5
ENSG00000275091.1	AC022098.4	chr19	14006422	14006773	5	5	5
ENSG00000171136.7	RLN3	chr19	14028148	14031551	5	5	5
ENSG00000267670.1	AC022098.2	chr19	14030855	14031557	5	5	5
ENSG00000104998.4	IL27RA	chr19	14031762	14053218	5	5	5
ENSG00000187867.10	PALM3	chr19	14053363	14062076	5	5	5
ENSG00000228887.3	EEF1DP1	chr19	14070342	14071237	5	5	5
ENSG00000141854.9	MISP3	chr19	14072536	14075062	5	5	5
ENSG00000284081.1	MIR1199	chr19	14073361	14073479	5	5	5
ENSG00000188032.10	C19orf67	chr19	14081624	14085875	5	5	5
ENSG00000141858.12	SAMD1	chr19	14087851	14091036	5	5	5
ENSG00000072062.15	PRKACA	chr19	14091688	14118084	5	5	5
ENSG00000267783.1	AC022098.3	chr19	14119106	14119537	5	5	5
ENSG00000105011.9	ASF1B	chr19	14119512	14136613	5	5	5
ENSG00000267169.2	AC022098.1	chr19	14137146	14171267	5	5	5
ENSG00000072071.16	ADGRL1	chr19	14147743	14206187	5	5	5
ENSG00000240803.3	RN7SL231P	chr19	14213052	14213323	5	5	5
ENSG00000287254.1	AC011509.3	chr19	14217493	14219605	5	5	5
ENSG00000267723.1	AC011509.2	chr19	14254189	14293205	5	5	5
ENSG00000267406.1	AC011509.1	chr19	14267807	14269377	5	5	5
ENSG00000266913.1	LINC01841	chr19	14305458	14370196	5	5	5
ENSG00000267147.2	LINC01842	chr19	14333743	14343916	5	5	5
ENSG00000123146.20	ADGRE5	chr19	14380501	14408725	5	5	5
ENSG00000267379.1	AC008569.1	chr19	14402717	14408723	5	5	5
ENSG00000123136.15	DDX39A	chr19	14408798	14419383	5	5	5
ENSG00000123143.13	PKN1	chr19	14433053	14471867	5	5	5
ENSG00000267474.1	AC008569.2	chr19	14458401	14459366	5	5	5
ENSG00000160951.4	PTGER1	chr19	14472466	14475354	5	5	5
ENSG00000123159.16	GIPC1	chr19	14477760	14496149	5	5	5
ENSG00000224543.4	SNRPGP15	chr19	14489388	14489609	5	5	5
ENSG00000132002.9	DNAJB1	chr19	14514769	14560391	5	5	5
ENSG00000099797.15	TECR	chr19	14517085	14565980	5	5	5
ENSG00000283822.1	MIR639	chr19	14529543	14529640	5	5	5
ENSG00000099795.7	NDUFB7	chr19	14566078	14572066	5	5	5
ENSG00000187912.12	CLEC17A	chr19	14583084	14612035	5	5	5
ENSG00000243488.3	RN7SL337P	chr19	14584095	14584395	5	5	5
ENSG00000243066.3	RN7SL842P	chr19	14588357	14588656	5	5	5
ENSG00000131355.15	ADGRE3	chr19	14619117	14690027	5	5	5
ENSG00000269378.1	ITGB1P1	chr19	14621634	14622242	5	5	5
ENSG00000275432.1	AC022149.1	chr19	14628599	14628801	5	5	5
ENSG00000160961.12	ZNF333	chr19	14689801	14733746	5	5	5
ENSG00000127507.18	ADGRE2	chr19	14732392	14778560	5	5	5
ENSG00000127530.4	OR7C1	chr19	14789260	14835376	5	5	5
ENSG00000256210.3	AC005255.1	chr19	14792318	14792533	5	5	5
ENSG00000188269.10	OR7A5	chr19	14826241	14835185	5	5	5
ENSG00000127515.3	OR7A10	chr19	14840466	14848922	5	5	5
ENSG00000269552.1	OR7A8P	chr19	14852032	14852944	5	5	5
ENSG00000172148.3	OR7A2P	chr19	14863714	14867358	5	5	5
ENSG00000185385.4	OR7A17	chr19	14878203	14886132	5	5	5
ENSG00000269678.1	OR7A18P	chr19	14886839	14887115	5	5	5
ENSG00000268834.2	OR7A1P	chr19	14891737	14897845	5	5	5
ENSG00000269787.2	OR7A3P	chr19	14903232	14904138	5	5	5
ENSG00000198367.3	OR7A11P	chr19	14916428	14917380	5	5	5
ENSG00000176923.5	OR7A15P	chr19	14927052	14928060	5	5	5
ENSG00000127529.7	OR7C2	chr19	14941489	14942448	5	5	5
ENSG00000105143.12	SLC1A6	chr19	14950034	15022990	5	5	5
ENSG00000160994.4	CCDC105	chr19	15010726	15023276	5	5	5
ENSG00000105141.6	CASP14	chr19	15049480	15058293	5	5	5
ENSG00000094661.3	OR1I1	chr19	15082211	15092970	5	5	5
ENSG00000105137.13	SYDE1	chr19	15107401	15114985	5	5	5
ENSG00000105135.16	ILVBL	chr19	15114984	15125786	5	5	5
ENSG00000268564.1	AC003956.1	chr19	15124160	15126174	5	5	5
ENSG00000267961.2	OR10B1P	chr19	15141105	15142062	5	5	5
ENSG00000252661.1	RNU6-782P	chr19	15145215	15145318	5	5	5
ENSG00000074181.9	NOTCH3	chr19	15159038	15200995	5	5	5
ENSG00000275711.1	MIR6795	chr19	15179283	15179350	5	5	5
ENSG00000269635.1	AC004257.1	chr19	15221015	15222297	5	5	5
ENSG00000105131.8	EPHX3	chr19	15226919	15233435	5	5	5
ENSG00000141867.18	BRD4	chr19	15235519	15332545	5	5	5
ENSG00000270802.2	AC005776.1	chr19	15338948	15339237	5	5	5
ENSG00000273218.1	AC005776.2	chr19	15346068	15348417	5	5	5
ENSG00000105127.9	AKAP8	chr19	15353385	15379798	5	5	5
ENSG00000268189.2	AC005785.1	chr19	15379076	15381194	5	5	5
ENSG00000011243.18	AKAP8L	chr19	15380050	15419141	5	5	5
ENSG00000279203.1	AC005785.2	chr19	15383202	15383832	5	5	5
ENSG00000279716.1	AC006128.1	chr19	15398696	15400356	5	5	5
ENSG00000011451.21	WIZ	chr19	15419978	15449956	5	5	5
ENSG00000269782.1	MIR1470	chr19	15449548	15449608	5	5	5
ENSG00000105122.13	RASAL3	chr19	15451624	15464544	5	5	5
ENSG00000161031.13	PGLYRP2	chr19	15468645	15498956	5	5	5
ENSG00000171954.13	CYP4F22	chr19	15508525	15552317	5	5	5
ENSG00000269765.2	AC011492.1	chr19	15515342	15516836	5	5	5
ENSG00000269516.6	CYP4F23P	chr19	15564074	15584709	5	5	5
ENSG00000267135.2	AD000091.1	chr19	15611623	15611909	5	5	5
ENSG00000225067.4	RPL23AP2	chr19	15611657	15612122	5	5	5
ENSG00000266951.2	AC093072.1	chr19	15613247	15614553	5	5	5
ENSG00000186526.13	CYP4F8	chr19	15615218	15630639	5	5	5
ENSG00000186529.16	CYP4F3	chr19	15640897	15662825	5	5	5
ENSG00000267241.2	CYP4F10P	chr19	15664106	15669826	5	5	5
ENSG00000186204.15	CYP4F12	chr19	15673018	15697174	5	5	5
ENSG00000171942.4	OR10H2	chr19	15728020	15729060	5	5	5
ENSG00000171936.3	OR10H3	chr19	15737985	15742343	5	5	5
ENSG00000267594.5	CYP4F24P	chr19	15760241	15779909	5	5	5
ENSG00000268673.3	AC004597.1	chr19	15760375	15770828	5	5	5
ENSG00000172519.9	OR10H5	chr19	15787661	15801025	5	5	5
ENSG00000186723.4	OR10H1	chr19	15804549	15815664	5	5	5
ENSG00000267235.3	ZNF861P	chr19	15821796	15823796	5	5	5
ENSG00000288618.1	AC004510.2	chr19	15821851	15835854	5	5	5
ENSG00000267308.3	LINC01764	chr19	15827005	15835853	5	5	5
ENSG00000214049.8	UCA1	chr19	15828206	15836328	5	5	5
ENSG00000273782.1	AC004510.1	chr19	15834730	15834804	5	5	5
ENSG00000267453.7	CLEC4O	chr19	15851993	15864904	5	5	5
ENSG00000273330.1	CYP4F36P	chr19	15871667	15871852	5	5	5
ENSG00000186115.13	CYP4F2	chr19	15878023	15898077	5	5	5
ENSG00000267218.2	AC005336.2	chr19	15902300	15903238	5	5	5
ENSG00000279717.1	AC005336.3	chr19	15904556	15907234	5	5	5
ENSG00000267056.2	AC005336.1	chr19	15910582	15911824	5	5	5
ENSG00000171903.16	CYP4F11	chr19	15912367	15934867	5	5	5
ENSG00000176231.2	OR10H4	chr19	15944299	15950350	5	5	5
ENSG00000267392.3	CYP4F9P	chr19	15979835	15999020	5	5	5
ENSG00000205396.11	LINC00661	chr19	16015287	16027462	5	5	5
ENSG00000280412.1	AC004790.2	chr19	16019719	16020290	5	5	5
ENSG00000167459.17	LINC00905	chr19	16031170	16042142	5	5	5
ENSG00000267609.2	SNX33P1	chr19	16034776	16036537	5	5	5
ENSG00000277766.1	AC004790.1	chr19	16037009	16038455	5	5	5
ENSG00000267450.1	OR1AB1P	chr19	16051929	16052689	5	5	5
ENSG00000267517.1	LINC01855	chr19	16065737	16066312	5	5	5
ENSG00000167460.17	TPM4	chr19	16067021	16103002	5	5	5
ENSG00000279198.1	AC008894.3	chr19	16074293	16077395	5	5	5
ENSG00000267373.1	AC008894.1	chr19	16103761	16104254	5	5	5
ENSG00000167461.12	RAB8A	chr19	16111889	16134234	5	5	5
ENSG00000269243.1	AC008894.2	chr19	16123661	16139892	5	5	5
ENSG00000196684.12	HSH2D	chr19	16134028	16158575	5	5	5
ENSG00000141977.9	CIB3	chr19	16161368	16173525	5	5	5
ENSG00000105058.12	FAM32A	chr19	16185380	16192046	5	5	5
ENSG00000267033.1	AC020911.1	chr19	16186276	16189458	5	5	5
ENSG00000275901.1	Metazoa_SRP	chr19	16187313	16187566	5	5	5
ENSG00000287961.1	AC020911.3	chr19	16197080	16197738	5	5	5
ENSG00000072958.9	AP1M1	chr19	16197854	16245906	5	5	5
ENSG00000267275.1	AC020911.2	chr19	16283359	16324514	5	5	5
ENSG00000127528.6	KLF2	chr19	16324826	16328685	5	5	5
ENSG00000277825.1	AC020917.3	chr19	16352462	16353182	5	5	5
ENSG00000127527.14	EPS15L1	chr19	16355239	16472085	5	5	5
ENSG00000280332.1	AC020917.4	chr19	16356329	16358327	5	5	5
ENSG00000240418.1	AC020917.1	chr19	16412684	16413576	5	5	5
ENSG00000267703.1	AC020917.2	chr19	16440946	16443584	5	5	5
ENSG00000269058.6	CALR3	chr19	16479061	16496167	5	5	5
ENSG00000141979.4	AC008764.1	chr19	16479067	16628204	5	5	5
ENSG00000105072.9	C19orf44	chr19	16496394	16521352	5	5	5
ENSG00000085872.15	CHERP	chr19	16517894	16542437	5	5	5
ENSG00000240106.2	RN7SL146P	chr19	16539688	16539984	5	5	5
ENSG00000269399.2	AC008764.6	chr19	16542746	16544814	5	5	5
ENSG00000127526.15	SLC35E1	chr19	16549831	16572415	5	5	5
ENSG00000268309.1	AC008764.3	chr19	16551773	16552328	5	5	5
ENSG00000269085.1	AC008764.5	chr19	16565551	16566330	5	5	5
ENSG00000279529.1	AC008764.8	chr19	16572624	16575340	5	5	5
ENSG00000105085.11	MED26	chr19	16574907	16629062	5	5	5
ENSG00000268790.5	AC008764.4	chr19	16577642	16660115	5	5	5
ENSG00000269578.1	AC008764.7	chr19	16586905	16587985	5	5	5
ENSG00000279748.1	AC008764.9	chr19	16586905	16589409	5	5	5
ENSG00000279977.1	AC008764.10	chr19	16610374	16612203	5	5	5
ENSG00000268087.1	AC008764.2	chr19	16610411	16636531	5	5	5
ENSG00000269427.1	AC024075.3	chr19	16630743	16643942	5	5	5
ENSG00000214046.9	SMIM7	chr19	16630751	16660442	5	5	5
ENSG00000269044.2	AC024075.2	chr19	16633797	16635269	5	5	5
ENSG00000267904.1	AC024075.1	chr19	16639967	16640668	5	5	5
ENSG00000072954.7	TMEM38A	chr19	16661139	16690023	5	5	5
ENSG00000269419.1	AC008737.2	chr19	16712317	16712434	5	5	5
ENSG00000188039.16	NWD1	chr19	16719847	16817963	5	5	5
ENSG00000269799.1	AC008737.3	chr19	16801426	16801714	5	5	5
ENSG00000127511.10	SIN3B	chr19	16829398	16880353	5	5	5
ENSG00000268743.1	AC008737.1	chr19	16844025	16846473	5	5	5
ENSG00000127533.4	F2RL3	chr19	16888999	16892606	5	5	5
ENSG00000160111.14	CPAMD8	chr19	16892951	17026815	5	5	5
ENSG00000264250.2	RN7SL835P	chr19	16907462	16907723	5	5	5
ENSG00000263595.2	RN7SL823P	chr19	16910490	16910784	5	5	5
ENSG00000268985.1	AC020908.2	chr19	17009189	17013460	5	5	5
ENSG00000131351.15	HAUS8	chr19	17049729	17075625	5	5	5
ENSG00000268289.1	AC020908.1	chr19	17051994	17055087	5	5	5
ENSG00000099331.13	MYO9B	chr19	17075781	17214537	5	5	5
ENSG00000269066.1	AC020908.3	chr19	17095418	17099307	5	5	5
ENSG00000268056.5	AC020913.1	chr19	17152588	17168051	5	5	5
ENSG00000269836.1	AC020913.3	chr19	17177511	17178476	5	5	5
ENSG00000269480.1	AC020913.2	chr19	17207138	17208010	5	5	5
ENSG00000053501.13	USE1	chr19	17215346	17219829	5	5	5
ENSG00000099330.9	OCEL1	chr19	17226213	17229219	5	5	5
ENSG00000160113.5	NR2F6	chr19	17231883	17245940	5	5	5
ENSG00000269095.1	AC010646.1	chr19	17235940	17255448	5	5	5
ENSG00000130307.12	USHBP1	chr19	17249171	17282786	5	5	5
ENSG00000105393.16	BABAM1	chr19	17267376	17281249	5	5	5
ENSG00000269307.1	AC010463.1	chr19	17267418	17282966	5	5	5
ENSG00000160117.16	ANKLE1	chr19	17281645	17287646	5	5	5
ENSG00000127220.6	ABHD8	chr19	17292131	17310236	5	5	5
ENSG00000130312.7	MRPL34	chr19	17292609	17306843	5	5	5
ENSG00000269815.1	AC010463.3	chr19	17296196	17296695	5	5	5
ENSG00000130311.11	DDA1	chr19	17309518	17323298	5	5	5
ENSG00000074855.11	ANO8	chr19	17323223	17334855	5	5	5
ENSG00000130299.17	GTPBP3	chr19	17334920	17342731	5	5	5
ENSG00000130300.9	PLVAP	chr19	17351450	17377342	5	5	5
ENSG00000269350.1	AC010463.2	chr19	17360932	17362753	5	5	5
ENSG00000269720.2	CCDC194	chr19	17390509	17394158	5	5	5
ENSG00000130303.13	BST2	chr19	17402939	17405630	5	5	5
ENSG00000282851.2	BISPR	chr19	17405686	17419324	5	5	5
ENSG00000141971.13	MVB12A	chr19	17405722	17433724	5	5	5
ENSG00000269481.1	AC010319.4	chr19	17414257	17422324	5	5	5
ENSG00000254503.1	AC010319.1	chr19	17417031	17418288	5	5	5
ENSG00000269053.1	AC010319.3	chr19	17419305	17419774	5	5	5
ENSG00000188051.7	TMEM221	chr19	17435509	17448668	5	5	5
ENSG00000269035.1	AC010319.2	chr19	17436611	17460804	5	5	5
ENSG00000269736.1	AC010319.5	chr19	17452211	17452969	5	5	5
ENSG00000171773.3	NXNL1	chr19	17455425	17460926	5	5	5
ENSG00000130304.17	SLC27A1	chr19	17468769	17506168	5	5	5
ENSG00000269439.6	AC010618.3	chr19	17488990	17511889	5	5	5
ENSG00000130313.7	PGLS	chr19	17511636	17521288	5	5	5
ENSG00000269161.1	AC010618.2	chr19	17518330	17520565	5	5	5
ENSG00000167483.19	NIBAN3	chr19	17523301	17553839	5	5	5
ENSG00000130309.11	COLGALT1	chr19	17555649	17583162	5	5	5
ENSG00000243771.1	AC010618.1	chr19	17589595	17590071	5	5	5
ENSG00000130477.15	UNC13A	chr19	17601328	17688365	5	5	5
ENSG00000269752.1	AC008761.2	chr19	17613722	17614430	5	5	5
ENSG00000279300.1	AC008761.3	chr19	17622447	17623338	5	5	5
ENSG00000130479.11	MAP1S	chr19	17719242	17734513	5	5	5
ENSG00000268112.1	AC008761.1	chr19	17727840	17734513	5	5	5
ENSG00000130475.14	FCHO1	chr19	17747718	17788568	5	5	5
ENSG00000179913.11	B3GNT3	chr19	17794828	17813576	5	5	5
ENSG00000248099.4	INSL3	chr19	17816512	17821574	5	5	5
ENSG00000105639.20	JAK3	chr19	17824780	17848071	5	5	5
ENSG00000105640.13	RPL18A	chr19	17859910	17864153	5	5	5
ENSG00000207166.1	SNORA68	chr19	17862588	17862720	5	5	5
ENSG00000279617.1	AC005796.1	chr19	17871273	17871705	5	5	5
ENSG00000105641.4	SLC5A5	chr19	17871945	17895174	5	5	5
ENSG00000007080.11	CCDC124	chr19	17933015	17943991	5	5	5
ENSG00000105642.15	KCNN1	chr19	17951293	18000080	5	5	5
ENSG00000252591.1	RNA5SP468	chr19	17972025	17972117	5	5	5
ENSG00000105643.10	ARRDC2	chr19	18001132	18014102	5	5	5
ENSG00000279172.1	AC020904.3	chr19	18009440	18009881	5	5	5
ENSG00000273654.1	AC020904.2	chr19	18022403	18032099	5	5	5
ENSG00000268623.2	AC020904.1	chr19	18040355	18041083	5	5	5
ENSG00000243455.3	RPS18P13	chr19	18048637	18049090	5	5	5
ENSG00000096996.16	IL12RB1	chr19	18058995	18098944	5	5	5
ENSG00000099308.10	MAST3	chr19	18097793	18151692	5	5	5
ENSG00000269145.2	AC007192.2	chr19	18144522	18151691	5	5	5
ENSG00000268173.3	AC007192.1	chr19	18153158	18178117	5	5	5
ENSG00000105647.19	PIK3R2	chr19	18153163	18170532	5	5	5
ENSG00000216490.4	IFI30	chr19	18173162	18178117	5	5	5
ENSG00000254858.10	MPV17L2	chr19	18193218	18196948	5	5	5
ENSG00000105649.10	RAB3A	chr19	18196784	18204042	5	5	5
ENSG00000268650.3	AC005759.1	chr19	18204730	18220480	5	5	5
ENSG00000285188.1	AC008397.2	chr19	18207961	18255419	5	5	5
ENSG00000105650.22	PDE4C	chr19	18208652	18248200	5	5	5
ENSG00000284797.1	AC008397.1	chr19	18249950	18255419	5	5	5
ENSG00000130518.17	IQCN	chr19	18257097	18274509	5	5	5
ENSG00000130522.6	JUND	chr19	18279694	18281622	5	5	5
ENSG00000267959.3	MIR3188	chr19	18282077	18282161	5	5	5
ENSG00000241464.3	RPL39P38	chr19	18285343	18285495	5	5	5
ENSG00000130520.11	LSM4	chr19	18306236	18323112	5	5	5
ENSG00000239821.3	RN7SL513P	chr19	18333276	18333573	5	5	5
ENSG00000130517.14	PGPEP1	chr19	18340598	18369950	5	5	5
ENSG00000130513.6	GDF15	chr19	18374731	18389176	5	5	5
ENSG00000264175.1	MIR3189	chr19	18386562	18386634	5	5	5
ENSG00000175489.10	LRRC25	chr19	18391137	18397622	5	5	5
ENSG00000130511.16	SSBP4	chr19	18418864	18434562	5	5	5
ENSG00000105655.19	ISYNA1	chr19	18434388	18438167	5	5	5
ENSG00000268199.2	AC010335.1	chr19	18441419	18443597	5	5	5
ENSG00000105656.13	ELL	chr19	18442663	18522116	5	5	5
ENSG00000279262.1	AC010335.2	chr19	18448275	18448802	5	5	5
ENSG00000280121.1	AC010335.3	chr19	18448275	18448805	5	5	5
ENSG00000268938.2	AC005387.1	chr19	18531613	18532632	5	5	5
ENSG00000105701.16	FKBP8	chr19	18531751	18544077	5	5	5
ENSG00000269191.1	AC005387.2	chr19	18532908	18536188	5	5	5
ENSG00000105700.11	KXD1	chr19	18557762	18569387	5	5	5
ENSG00000268030.1	AC005253.1	chr19	18557775	18561560	5	5	5
ENSG00000268983.1	AC005253.2	chr19	18568506	18569375	5	5	5
ENSG00000221983.8	UBA52	chr19	18571730	18577550	5	5	5
ENSG00000006016.11	CRLF1	chr19	18572220	18607741	5	5	5
ENSG00000006015.18	REX1BD	chr19	18588685	18592337	5	5	5
ENSG00000105696.9	TMEM59L	chr19	18607430	18621039	5	5	5
ENSG00000263490.2	RN7SL155P	chr19	18631646	18631908	5	5	5
ENSG00000167487.12	KLHL26	chr19	18637025	18671721	5	5	5
ENSG00000105662.16	CRTC1	chr19	18683678	18782333	5	5	5
ENSG00000105664.11	COMP	chr19	18782773	18791305	5	5	5
ENSG00000005007.13	UPF1	chr19	18831959	18868230	5	5	5
ENSG00000130283.9	GDF1	chr19	18868545	18896158	5	5	5
ENSG00000223802.8	CERS1	chr19	18868545	18896727	5	5	5
ENSG00000269694.1	AC005197.1	chr19	18881680	18883376	5	5	5
ENSG00000105669.14	COPE	chr19	18899514	18919387	5	5	5
ENSG00000268193.5	AC002985.1	chr19	18907013	18934397	5	5	5
ENSG00000105671.12	DDX49	chr19	18919705	18929189	5	5	5
ENSG00000051128.19	HOMER3	chr19	18929201	18941261	5	5	5
ENSG00000269019.2	HOMER3-AS1	chr19	18940235	18947452	5	5	5
ENSG00000241172.3	RN7SL70P	chr19	18957957	18958258	5	5	5
ENSG00000064607.17	SUGP2	chr19	18990888	19034023	5	5	5
ENSG00000105676.14	ARMC6	chr19	19033575	19060311	5	5	5
ENSG00000181035.14	SLC25A42	chr19	19063994	19113030	5	5	5
ENSG00000064545.15	TMEM161A	chr19	19119169	19138513	5	5	5
ENSG00000213999.17	MEF2B	chr19	19145567	19192131	5	5	5
ENSG00000064489.23	BORCS8-MEF2B	chr19	19145569	19192158	5	5	5
ENSG00000254901.8	BORCS8	chr19	19176903	19192591	5	5	5
ENSG00000064490.14	RFXANK	chr19	19192229	19201869	5	5	5
ENSG00000184162.15	NR2C2AP	chr19	19201409	19203414	5	5	5
ENSG00000130287.14	NCAN	chr19	19211958	19252233	5	5	5
ENSG00000252973.1	RNU6-1028P	chr19	19232855	19232947	5	5	5
ENSG00000267629.3	AC138430.1	chr19	19254748	19273369	5	5	5
ENSG00000187664.9	HAPLN4	chr19	19254756	19262804	5	5	5
ENSG00000280282.1	AC138430.2	chr19	19255638	19256141	5	5	5
ENSG00000213996.13	TM6SF2	chr19	19264364	19273391	5	5	5
ENSG00000105705.16	SUGP1	chr19	19276018	19320509	5	5	5
ENSG00000129933.21	MAU2	chr19	19320829	19358754	5	5	5
ENSG00000167491.17	GATAD2A	chr19	19385826	19508931	5	5	5
ENSG00000267234.1	AC092067.1	chr19	19401979	19402603	5	5	5
ENSG00000207821.1	MIR640	chr19	19435063	19435158	5	5	5
ENSG00000178093.14	TSSK6	chr19	19512418	19515548	5	5	5
ENSG00000186010.19	NDUFA13	chr19	19515736	19529054	5	5	5
ENSG00000258674.5	AC011448.1	chr19	19516227	19536076	5	5	5
ENSG00000250067.12	YJEFN3	chr19	19528861	19537581	5	5	5
ENSG00000160161.9	CILP2	chr19	19538248	19546659	5	5	5
ENSG00000105717.14	PBX4	chr19	19561707	19618693	5	5	5
ENSG00000267178.3	PHF5CP	chr19	19588091	19588415	5	5	5
ENSG00000259242.2	AC002306.1	chr19	19606350	19608660	5	5	5
ENSG00000064547.14	LPAR2	chr19	19623655	19628930	5	5	5
ENSG00000089639.11	GMIP	chr19	19629476	19643657	5	5	5
ENSG00000105726.17	ATP13A1	chr19	19645198	19663676	5	5	5
ENSG00000181896.12	ZNF101	chr19	19668796	19683509	5	5	5
ENSG00000271283.1	AC011458.2	chr19	19699203	19699409	5	5	5
ENSG00000270402.1	AC011458.1	chr19	19708965	19710465	5	5	5
ENSG00000105708.9	ZNF14	chr19	19710472	19733112	5	5	5
ENSG00000275540.1	AC011477.6	chr19	19740884	19750127	5	5	5
ENSG00000286080.1	AC011477.7	chr19	19749637	19754986	5	5	5
ENSG00000271499.1	AC011477.5	chr19	19750618	19752544	5	5	5
ENSG00000266904.6	LINC00663	chr19	19757366	19776423	5	5	5
ENSG00000287533.1	AC011477.8	chr19	19757951	19774809	5	5	5
ENSG00000267581.1	AC011477.3	chr19	19761038	19821716	5	5	5
ENSG00000267693.1	AC011477.4	chr19	19768731	19768989	5	5	5
ENSG00000267419.2	ZNF56	chr19	19776602	19836073	5	5	5
ENSG00000081665.14	ZNF506	chr19	19785839	19821751	5	5	5
ENSG00000267481.1	AC011477.1	chr19	19788755	19790531	5	5	5
ENSG00000270325.1	BNIP3P9	chr19	19856975	19857527	5	5	5
ENSG00000256771.4	ZNF253	chr19	19865882	19894674	5	5	5
ENSG00000270270.1	BNIP3P10	chr19	19870723	19871299	5	5	5
ENSG00000267565.1	AC011477.2	chr19	19892433	19895847	5	5	5
ENSG00000184635.16	ZNF93	chr19	19900913	19963464	5	5	5
ENSG00000273791.1	AC007204.1	chr19	19908268	19909146	5	5	5
ENSG00000274800.1	AC007204.2	chr19	19978190	19979610	5	5	5
ENSG00000197124.12	ZNF682	chr19	19997058	20039505	5	5	5
ENSG00000268070.1	AC006539.2	chr19	20033444	20034332	5	5	5
ENSG00000274033.1	AC006539.3	chr19	20056466	20056594	5	5	5
ENSG00000269154.1	BNIP3P13	chr19	20062755	20063320	5	5	5
ENSG00000213988.11	ZNF90	chr19	20077994	20127076	5	5	5
ENSG00000240673.1	AC006539.1	chr19	20079818	20080539	5	5	5
ENSG00000274612.1	AC011447.5	chr19	20087013	20087576	5	5	5
ENSG00000267383.7	AC011447.3	chr19	20122569	20321305	5	5	5
ENSG00000224864.4	AC011447.1	chr19	20125044	20125484	5	5	5
ENSG00000267220.1	AC011447.2	chr19	20131894	20151908	5	5	5
ENSG00000270716.1	BNIP3P15	chr19	20136933	20137233	5	5	5
ENSG00000256229.8	ZNF486	chr19	20167214	20200488	5	5	5
ENSG00000267641.1	BNIP3P16	chr19	20175013	20177063	5	5	5
ENSG00000267771.1	AC011447.4	chr19	20206844	20206954	5	5	5
ENSG00000279039.1	AC011447.6	chr19	20207192	20209789	5	5	5
ENSG00000280079.1	AC011447.7	chr19	20220597	20222186	5	5	5
ENSG00000271524.1	BNIP3P17	chr19	20221869	20222463	5	5	5
ENSG00000268620.1	AC078899.3	chr19	20249052	20250295	5	5	5
ENSG00000213985.4	AC078899.1	chr19	20257720	20259418	5	5	5
ENSG00000269055.1	BNIP3P18	chr19	20267817	20268391	5	5	5
ENSG00000269274.1	AC078899.4	chr19	20295089	20303794	5	5	5
ENSG00000271638.1	BNIP3P19	chr19	20323992	20324568	5	5	5
ENSG00000276294.1	AC078899.5	chr19	20330121	20331517	5	5	5
ENSG00000231205.11	ZNF826P	chr19	20340269	20424969	5	5	5
ENSG00000271704.1	BNIP3P20	chr19	20351502	20352079	5	5	5
ENSG00000268461.2	AC078899.2	chr19	20389658	20390689	5	5	5
ENSG00000238517.1	MIR1270	chr19	20399272	20399354	5	5	5
ENSG00000268174.1	BNIP3P22	chr19	20416514	20417069	5	5	5
ENSG00000269043.2	AC008554.1	chr19	20432552	20571095	5	5	5
ENSG00000268335.1	BNIP3P23	chr19	20443215	20443725	5	5	5
ENSG00000237440.9	ZNF737	chr19	20535825	20565809	5	5	5
ENSG00000269110.1	AC010636.2	chr19	20553792	20661583	5	5	5
ENSG00000268272.1	VN1R78P	chr19	20583084	20583647	5	5	5
ENSG00000268560.1	AC010636.1	chr19	20611559	20615389	5	5	5
ENSG00000188171.16	ZNF626	chr19	20619939	20661596	5	5	5
ENSG00000280171.1	AC010329.5	chr19	20674923	20696533	5	5	5
ENSG00000269779.1	AC010329.2	chr19	20691336	20697615	5	5	5
ENSG00000268416.1	AC010329.1	chr19	20746923	20755250	5	5	5
ENSG00000269885.1	VN1R79P	chr19	20758440	20758952	5	5	5
ENSG00000160229.13	ZNF66	chr19	20776304	20809995	5	5	5
ENSG00000269040.1	BNIP3P24	chr19	20784596	20785152	5	5	5
ENSG00000269373.1	AC008739.2	chr19	20838515	20847417	5	5	5
ENSG00000105750.15	ZNF85	chr19	20923222	20950697	5	5	5
ENSG00000279404.1	AC008739.6	chr19	20926777	20928714	5	5	5
ENSG00000269012.2	KRT18P40	chr19	20961057	20965140	5	5	5
ENSG00000268326.1	AC008739.1	chr19	20972262	20983210	5	5	5
ENSG00000118620.13	ZNF430	chr19	21020634	21060050	5	5	5
ENSG00000271598.1	AC008739.3	chr19	21025915	21026041	5	5	5
ENSG00000268598.1	VN1R80P	chr19	21063924	21064261	5	5	5
ENSG00000160352.16	ZNF714	chr19	21082159	21125270	5	5	5
ENSG00000201035.1	RNA5SP469	chr19	21113128	21113236	5	5	5
ENSG00000268357.1	VN1R81P	chr19	21123817	21124188	5	5	5
ENSG00000196705.8	ZNF431	chr19	21142024	21196053	5	5	5
ENSG00000240522.1	RPL7AP10	chr19	21149648	21150438	5	5	5
ENSG00000268995.1	VN1R82P	chr19	21188598	21188953	5	5	5
ENSG00000268892.1	AC010620.1	chr19	21221645	21222746	5	5	5
ENSG00000269839.1	AC010620.2	chr19	21225098	21245241	5	5	5
ENSG00000242291.1	RPL36AP51	chr19	21233335	21233652	5	5	5
ENSG00000268747.1	AC022432.1	chr19	21276023	21276332	5	5	5
ENSG00000268521.1	VN1R83P	chr19	21289554	21289998	5	5	5
ENSG00000182141.10	ZNF708	chr19	21291160	21329425	5	5	5
ENSG00000268322.1	BNIP3P25	chr19	21318161	21318719	5	5	5
ENSG00000172687.13	ZNF738	chr19	21358930	21379302	5	5	5
ENSG00000268731.1	AC010615.3	chr19	21381220	21381921	5	5	5
ENSG00000213976.4	AC010615.1	chr19	21382865	21387177	5	5	5
ENSG00000196268.12	ZNF493	chr19	21397119	21427577	5	5	5
ENSG00000269237.1	AC010615.4	chr19	21405159	21491266	5	5	5
ENSG00000268119.6	AC010615.2	chr19	21444241	21463908	5	5	5
ENSG00000268658.5	LINC00664	chr19	21483374	21503238	5	5	5
ENSG00000197013.10	ZNF429	chr19	21496682	21556270	5	5	5
ENSG00000268705.1	BNIP3P26	chr19	21521343	21521896	5	5	5
ENSG00000268081.1	AC123912.1	chr19	21554640	21569237	5	5	5
ENSG00000268555.2	AC123912.4	chr19	21569738	21587322	5	5	5
ENSG00000268240.1	AC123912.2	chr19	21587432	21594628	5	5	5
ENSG00000274503.1	AC123912.6	chr19	21592727	21593041	5	5	5
ENSG00000271182.1	AC123912.5	chr19	21634833	21635175	5	5	5
ENSG00000268278.1	AC123912.3	chr19	21637974	21656300	5	5	5
ENSG00000268433.1	MTDHP3	chr19	21677550	21678221	5	5	5
ENSG00000268535.1	MTDHP4	chr19	21709522	21710191	5	5	5
ENSG00000268117.1	VN1R84P	chr19	21719801	21720035	5	5	5
ENSG00000197020.11	ZNF100	chr19	21722771	21767579	5	5	5
ENSG00000269845.1	CCNYL6	chr19	21750747	21753438	5	5	5
ENSG00000268184.1	AC092364.1	chr19	21768772	21793860	5	5	5
ENSG00000269136.1	BRI3BPP1	chr19	21800480	21801266	5	5	5
ENSG00000198521.12	ZNF43	chr19	21804946	21852125	5	5	5
ENSG00000268438.1	BNIP3P27	chr19	21826513	21827279	5	5	5
ENSG00000160321.15	ZNF208	chr19	21932958	22010949	5	5	5
ENSG00000269615.1	MTDHP2	chr19	21940820	21941533	5	5	5
ENSG00000279377.1	AC003973.2	chr19	21965708	21968529	5	5	5
ENSG00000271095.1	BNIP3P28	chr19	21997648	21998840	5	5	5
ENSG00000269504.3	AC003973.1	chr19	22017898	22052370	5	5	5
ENSG00000197134.13	ZNF257	chr19	22052430	22091480	5	5	5
ENSG00000269742.1	BNIP3P29	chr19	22065828	22066398	5	5	5
ENSG00000269505.2	ZNF92P2	chr19	22128627	22130318	5	5	5
ENSG00000268116.1	AC073539.2	chr19	22130325	22130489	5	5	5
ENSG00000268140.1	PCGF7P	chr19	22137931	22138981	5	5	5
ENSG00000269575.1	MTDHP5	chr19	22140532	22141117	5	5	5
ENSG00000269345.1	VN1R85P	chr19	22174766	22175191	5	5	5
ENSG00000196109.9	ZNF676	chr19	22179089	22215801	5	5	5
ENSG00000268079.1	BNIP3P30	chr19	22203128	22204003	5	5	5
ENSG00000282732.1	AC073539.14	chr19	22215634	22215661	5	5	5
ENSG00000267872.1	AC073539.1	chr19	22243254	22245347	5	5	5
ENSG00000268597.1	AC073539.3	chr19	22259693	22261335	5	5	5
ENSG00000196350.9	ZNF729	chr19	22286441	22317176	5	5	5
ENSG00000270191.1	BNIP3P31	chr19	22298977	22299868	5	5	5
ENSG00000268685.1	AC011494.1	chr19	22362589	22362825	5	5	5
ENSG00000236312.3	RPL34P34	chr19	22368599	22368952	5	5	5
ENSG00000197360.9	ZNF98	chr19	22391019	22532485	5	5	5
ENSG00000269796.1	AC011516.1	chr19	22422513	22426045	5	5	5
ENSG00000268830.1	BNIP3P32	chr19	22447934	22448777	5	5	5
ENSG00000270947.1	AC025811.1	chr19	22455988	22456459	5	5	5
ENSG00000268717.1	BNIP3P33	chr19	22457329	22458212	5	5	5
ENSG00000269138.1	ZNF209P	chr19	22463922	22473036	5	5	5
ENSG00000270317.1	AC004004.1	chr19	22501699	22501948	5	5	5
ENSG00000286157.1	AC011467.6	chr19	22518414	22520580	5	5	5
ENSG00000260599.1	AC011467.1	chr19	22520995	22527949	5	5	5
ENSG00000269364.1	LINC01233	chr19	22532626	22533494	5	5	5
ENSG00000207397.1	RNU6-1179P	chr19	22555261	22555367	5	5	5
ENSG00000271149.1	AC011467.5	chr19	22595479	22596163	5	5	5
ENSG00000269332.5	GOLGA2P9	chr19	22596257	22603550	5	5	5
ENSG00000240713.3	RN7SL860P	chr19	22601485	22601707	5	5	5
ENSG00000268823.2	AC011467.3	chr19	22603269	22608501	5	5	5
ENSG00000269025.2	AC011467.4	chr19	22605739	22608211	5	5	5
ENSG00000269316.1	RAD54L2P1	chr19	22609606	22610601	5	5	5
ENSG00000268038.3	LINC01785	chr19	22615552	22623971	5	5	5
ENSG00000268589.1	AC011467.2	chr19	22620483	22620724	5	5	5
ENSG00000229676.3	ZNF492	chr19	22634324	22667671	5	5	5
ENSG00000268981.5	AC024563.1	chr19	22665552	22716991	5	5	5
ENSG00000198153.8	ZNF849P	chr19	22685167	22686732	5	5	5
ENSG00000241282.1	RPL34P33	chr19	22699352	22699685	5	5	5
ENSG00000270475.1	AC024563.2	chr19	22708834	22709314	5	5	5
ENSG00000268789.1	VN1R87P	chr19	22742924	22743410	5	5	5
ENSG00000213973.9	ZNF99	chr19	22752183	22784151	5	5	5
ENSG00000279966.2	AC008626.2	chr19	22770375	22770622	5	5	5
ENSG00000270518.2	AC008626.1	chr19	22770937	22771191	5	5	5
ENSG00000269509.1	BNIP3P34	chr19	22773853	22774424	5	5	5
ENSG00000268696.3	ZNF723	chr19	22832291	22858667	5	5	5
ENSG00000271655.1	BNIP3P35	chr19	22840432	22840921	5	5	5
ENSG00000268541.1	VN1R88P	chr19	22861303	22861594	5	5	5
ENSG00000268296.2	AC022145.1	chr19	22902538	22914340	5	5	5
ENSG00000269458.1	AC022145.2	chr19	22925377	22925547	5	5	5
ENSG00000269067.2	ZNF728	chr19	22974883	23003176	5	5	5
ENSG00000271661.1	BNIP3P36	chr19	22994968	22995847	5	5	5
ENSG00000261558.2	LINC01859	chr19	23015059	23031818	5	5	5
ENSG00000261615.7	LINC01858	chr19	23046958	23063705	5	5	5
ENSG00000269543.5	AC074135.2	chr19	23068473	23071476	5	5	5
ENSG00000267886.1	AC074135.1	chr19	23075201	23100361	5	5	5
ENSG00000183850.14	ZNF730	chr19	23075210	23147221	5	5	5
ENSG00000270479.1	BNIP3P37	chr19	23123188	23124088	5	5	5
ENSG00000268105.1	AC124856.1	chr19	23125665	23128543	5	5	5
ENSG00000267920.1	SNX6P1	chr19	23126569	23127792	5	5	5
ENSG00000269471.1	AC092329.2	chr19	23204010	23204556	5	5	5
ENSG00000196081.10	ZNF724	chr19	23221599	23250394	5	5	5
ENSG00000283201.1	AC092329.3	chr19	23222755	23274221	5	5	5
ENSG00000268469.1	BNIP3P38	chr19	23236308	23236851	5	5	5
ENSG00000269837.1	IPO5P1	chr19	23255053	23257939	5	5	5
ENSG00000269107.1	AC092329.1	chr19	23257255	23274232	5	5	5
ENSG00000284428.1	AC092329.4	chr19	23259906	23274251	5	5	5
ENSG00000268794.1	VN1R90P	chr19	23288620	23289345	5	5	5
ENSG00000268148.1	VN1R91P	chr19	23290849	23291017	5	5	5
ENSG00000167232.14	ZNF91	chr19	23304991	23395471	5	5	5
ENSG00000267934.1	AC010300.1	chr19	23323968	23329101	5	5	5
ENSG00000269431.1	BNIP3P8	chr19	23380317	23380876	5	5	5
ENSG00000268992.1	CDC42EP3P1	chr19	23384530	23385293	5	5	5
ENSG00000269416.6	LINC01224	chr19	23399233	23416075	5	5	5
ENSG00000268908.1	VN1R92P	chr19	23444262	23445189	5	5	5
ENSG00000275201.1	AC074140.1	chr19	23479762	23480468	5	5	5
ENSG00000268100.1	ZNF725P	chr19	23492428	23512656	5	5	5
ENSG00000197372.10	ZNF675	chr19	23525631	23687220	5	5	5
ENSG00000268455.1	AC073544.1	chr19	23596122	23598159	5	5	5
ENSG00000240231.1	RPS27P29	chr19	23597341	23597592	5	5	5
ENSG00000269320.1	VN1R93P	chr19	23602567	23603106	5	5	5
ENSG00000196172.9	ZNF681	chr19	23739195	23758891	5	5	5
ENSG00000233836.7	AC139769.1	chr19	23762944	23833314	5	5	5
ENSG00000269662.1	BNIP3P39	chr19	23798924	23799477	5	5	5
ENSG00000267924.1	AC139769.2	chr19	23817599	23874701	5	5	5
ENSG00000225178.5	RPSAP58	chr19	23827162	23828049	5	5	5
ENSG00000277493.1	AC139769.3	chr19	23842549	23843230	5	5	5
ENSG00000287399.1	AC011503.4	chr19	23897321	23899495	5	5	5
ENSG00000213967.11	ZNF726	chr19	23914876	23945159	5	5	5
ENSG00000269289.6	AC011503.1	chr19	23919081	23958035	5	5	5
ENSG00000269397.1	AC011503.2	chr19	23927788	23929287	5	5	5
ENSG00000269421.1	AC011503.3	chr19	23935220	23936173	5	5	5
ENSG00000201966.1	RNA5-8SP4	chr19	24004358	24004507	5	5	5
ENSG00000268362.6	AC092279.1	chr19	24033401	24077377	5	5	5
ENSG00000213096.11	ZNF254	chr19	24033405	24129968	5	5	5
ENSG00000279425.1	AC092279.2	chr19	24078481	24080669	5	5	5
ENSG00000268058.1	BNIP3P40	chr19	24098425	24098980	5	5	5
ENSG00000276030.1	AC073534.2	chr19	24146701	24147081	5	5	5
ENSG00000268442.1	AC073534.1	chr19	24162370	24163425	5	5	5
ENSG00000267696.6	ERVK-28	chr19	27638483	27646483	5	5	5
ENSG00000279882.1	AC112702.1	chr19	27639300	27639665	5	5	5
ENSG00000261824.7	LINC00662	chr19	27681072	27794005	5	5	5
ENSG00000261770.1	AC006504.1	chr19	27757184	27760849	5	5	5
ENSG00000267575.7	AC006504.5	chr19	27793431	27984984	5	5	5
ENSG00000281468.1	AC006504.7	chr19	27802838	27803472	5	5	5
ENSG00000267264.1	AC006504.3	chr19	27803538	27804060	5	5	5
ENSG00000267323.1	SLC25A1P5	chr19	27805423	27806205	5	5	5
ENSG00000266977.2	AC006504.2	chr19	27849635	27889222	5	5	5
ENSG00000267389.2	AC006504.4	chr19	27892495	27898927	5	5	5
ENSG00000267623.3	AC005357.2	chr19	27902595	27984743	5	5	5
ENSG00000267768.1	AC006504.6	chr19	27908356	27908554	5	5	5
ENSG00000267630.1	AC005758.1	chr19	27918943	27929370	5	5	5
ENSG00000266906.1	AC005357.1	chr19	27983032	27983332	5	5	5
ENSG00000267509.5	AC010511.1	chr19	28065267	28125430	5	5	5
ENSG00000266928.1	AC020905.1	chr19	28294093	28313500	5	5	5
ENSG00000267320.5	AC005580.1	chr19	28316705	28386204	5	5	5
ENSG00000267238.1	AC093074.1	chr19	28394851	28396428	5	5	5
ENSG00000260725.1	AC005307.1	chr19	28418483	28429490	5	5	5
ENSG00000283403.1	AC005394.2	chr19	28435388	28727680	5	5	5
ENSG00000267243.6	AC005381.1	chr19	28437060	28535277	5	5	5
ENSG00000266893.1	AC005394.1	chr19	28491864	28632728	5	5	5
ENSG00000267423.1	AC005616.1	chr19	28509238	28518728	5	5	5
ENSG00000267537.1	AC079466.2	chr19	28602379	28648303	5	5	5
ENSG00000266976.3	AC079466.1	chr19	28606688	28615229	5	5	5
ENSG00000283269.1	AC005524.1	chr19	28683071	28727777	5	5	5
ENSG00000267799.1	MAN1A2P1	chr19	28790812	28792871	5	5	5
ENSG00000267617.2	AC007795.1	chr19	28869507	28879176	5	5	5
ENSG00000267339.7	LINC00906	chr19	28883430	28970874	5	5	5
ENSG00000267683.1	AC008991.1	chr19	28892931	28895949	5	5	5
ENSG00000267027.1	AC011524.1	chr19	28949437	28950200	5	5	5
ENSG00000267240.1	AC011524.2	chr19	28960506	28964943	5	5	5
ENSG00000252272.1	RNA5SP470	chr19	29001670	29001775	5	5	5
ENSG00000267014.6	LINC01532	chr19	29002319	29015160	5	5	5
ENSG00000288017.1	AC011505.1	chr19	29083094	29093031	5	5	5
ENSG00000169021.6	UQCRFS1	chr19	29205320	29213151	5	5	5
ENSG00000267498.2	AC007786.1	chr19	29213235	29216604	5	5	5
ENSG00000276251.1	AC007786.2	chr19	29220864	29221666	5	5	5
ENSG00000276631.1	AC007786.3	chr19	29222542	29223137	5	5	5
ENSG00000241604.3	RN7SL340P	chr19	29233090	29233385	5	5	5
ENSG00000287272.1	AC007786.4	chr19	29268976	29298576	5	5	5
ENSG00000264515.6	AC011474.1	chr19	29287011	29525752	5	5	5
ENSG00000267574.1	AC011474.3	chr19	29448038	29448380	5	5	5
ENSG00000266248.1	AC011474.2	chr19	29489775	29526948	5	5	5
ENSG00000279387.1	AC011474.4	chr19	29506966	29509041	5	5	5
ENSG00000187135.7	VSTM2B	chr19	29526499	29564479	5	5	5
ENSG00000105171.10	POP4	chr19	29606283	29617237	5	5	5
ENSG00000166289.6	PLEKHF1	chr19	29665459	29675477	5	5	5
ENSG00000131943.18	C19orf12	chr19	29698886	29715789	5	5	5
ENSG00000286867.1	AC008798.3	chr19	29775504	29781216	5	5	5
ENSG00000105173.14	CCNE1	chr19	29811991	29824312	5	5	5
ENSG00000286538.1	AC008798.2	chr19	29838532	29841818	5	5	5
ENSG00000267433.1	AC008798.1	chr19	29901696	29901869	5	5	5
ENSG00000278895.1	AC008507.3	chr19	29915862	29917830	5	5	5
ENSG00000267258.1	PPIAP58	chr19	29921182	29921653	5	5	5
ENSG00000105176.18	URI1	chr19	29923644	30016612	5	5	5
ENSG00000242100.2	RPL9P32	chr19	29956369	29956988	5	5	5
ENSG00000267006.1	AC008507.2	chr19	30028741	30029916	5	5	5
ENSG00000267692.1	TAF9P3	chr19	30037285	30037411	5	5	5
ENSG00000266910.2	AC008507.1	chr19	30037423	30038181	5	5	5
ENSG00000287859.1	AC008507.4	chr19	30058229	30060797	5	5	5
ENSG00000288072.1	AC008507.5	chr19	30078133	30085893	5	5	5
ENSG00000267223.1	AC005597.1	chr19	30219666	30228715	5	5	5
ENSG00000198597.9	ZNF536	chr19	30228290	30713538	5	5	5
ENSG00000280061.1	AC011504.1	chr19	30553956	30558058	5	5	5
ENSG00000267760.1	AC011478.1	chr19	30665274	30668647	5	5	5
ENSG00000267081.1	AC011507.1	chr19	30850975	30872507	5	5	5
ENSG00000261316.1	LINC01834	chr19	30907199	30909155	5	5	5
ENSG00000267378.1	AC020897.1	chr19	30946582	30957192	5	5	5
ENSG00000284430.1	AC020912.1	chr19	31100304	31147981	5	5	5
ENSG00000121297.8	TSHZ3	chr19	31149979	31349436	5	5	5
ENSG00000267777.2	LINC01791	chr19	31167457	31225143	5	5	5
ENSG00000267662.1	AC025809.1	chr19	31348881	31417794	5	5	5
ENSG00000278875.1	AC025809.2	chr19	31364297	31366098	5	5	5
ENSG00000267636.1	AC008992.1	chr19	31421997	31427302	5	5	5
ENSG00000267599.1	AC008794.1	chr19	31465653	31466431	5	5	5
ENSG00000267407.2	LINC02841	chr19	31520155	31554803	5	5	5
ENSG00000261400.1	AC011525.1	chr19	31588040	31595720	5	5	5
ENSG00000267465.7	AC011525.2	chr19	31588159	31593786	5	5	5
ENSG00000252780.1	RNA5SP471	chr19	31655356	31655461	5	5	5
ENSG00000201894.1	RNU6-967P	chr19	31787148	31787255	5	5	5
ENSG00000267489.5	LINC01837	chr19	31797666	32072113	5	5	5
ENSG00000267779.7	LINC01533	chr19	32025808	32073809	5	5	5
ENSG00000267204.1	LINC01782	chr19	32102088	32105916	5	5	5
ENSG00000267133.2	AC011518.1	chr19	32103154	32106544	5	5	5
ENSG00000286041.1	AC074139.1	chr19	32127334	32184504	5	5	5
ENSG00000200738.1	RNA5SP472	chr19	32243965	32244083	5	5	5
ENSG00000168813.17	ZNF507	chr19	32345594	32387667	5	5	5
ENSG00000267213.4	AC007773.1	chr19	32390050	32405560	5	5	5
ENSG00000178904.19	DPY19L3	chr19	32405543	32485895	5	5	5
ENSG00000105185.12	PDCD5	chr19	32581190	32587453	5	5	5
ENSG00000105186.16	ANKRD27	chr19	32597006	32676597	5	5	5
ENSG00000201388.1	SNORA68B	chr19	32608337	32608469	5	5	5
ENSG00000242325.1	RPS12P31	chr19	32636078	32636475	5	5	5
ENSG00000242436.3	RN7SL789P	chr19	32655016	32655308	5	5	5
ENSG00000267557.1	AC008474.1	chr19	32666298	32673210	5	5	5
ENSG00000186326.4	RGS9BP	chr19	32675848	32678300	5	5	5
ENSG00000267475.1	AC008736.1	chr19	32687089	32691750	5	5	5
ENSG00000213965.3	NUDT19	chr19	32691961	32713796	5	5	5
ENSG00000267567.1	AC008736.2	chr19	32718298	32719595	5	5	5
ENSG00000173809.18	TDRD12	chr19	32719753	32829580	5	5	5
ENSG00000267245.1	AC008805.1	chr19	32824142	32824505	5	5	5
ENSG00000021488.13	SLC7A9	chr19	32830509	32869767	5	5	5
ENSG00000267555.1	AC008805.2	chr19	32831295	32833168	5	5	5
ENSG00000201967.1	RN7SKP22	chr19	32862800	32863092	5	5	5
ENSG00000121289.18	CEP89	chr19	32875925	32971991	5	5	5
ENSG00000239988.1	RPL31P60	chr19	32963499	32963865	5	5	5
ENSG00000131944.10	FAAP24	chr19	32972209	32978229	5	5	5
ENSG00000131941.8	RHPN2	chr19	32978592	33064888	5	5	5
ENSG00000267611.1	AC008521.1	chr19	33051515	33051701	5	5	5
ENSG00000267725.1	AC008521.2	chr19	33067175	33067433	5	5	5
ENSG00000076650.7	GPATCH1	chr19	33080899	33130542	5	5	5
ENSG00000166359.11	WDR88	chr19	33132090	33175799	5	5	5
ENSG00000130881.14	LRP3	chr19	33177603	33208864	5	5	5
ENSG00000267054.1	AC008738.1	chr19	33178056	33178651	5	5	5
ENSG00000273420.1	AC008738.7	chr19	33207129	33207639	5	5	5
ENSG00000130876.11	SLC7A10	chr19	33208664	33225850	5	5	5
ENSG00000267714.2	AC008738.4	chr19	33217817	33222355	5	5	5
ENSG00000270212.1	AC008738.6	chr19	33283978	33285739	5	5	5
ENSG00000267580.1	AC008738.3	chr19	33299934	33301168	5	5	5
ENSG00000245848.3	CEBPA	chr19	33299934	33302534	5	5	5
ENSG00000267727.1	AC008738.5	chr19	33301279	33301940	5	5	5
ENSG00000267296.2	CEBPA-DT	chr19	33302857	33305054	5	5	5
ENSG00000267130.1	AC008738.2	chr19	33305036	33309387	5	5	5
ENSG00000243864.1	RPS3AP50	chr19	33340686	33341984	5	5	5
ENSG00000266899.2	AKR1B1P7	chr19	33360497	33361448	5	5	5
ENSG00000153879.9	CEBPG	chr19	33373685	33382686	5	5	5
ENSG00000124299.15	PEPD	chr19	33386950	33521791	5	5	5
ENSG00000266985.1	AC010485.1	chr19	33555568	33557470	5	5	5
ENSG00000232429.3	RPL21P131	chr19	33589206	33589688	5	5	5
ENSG00000124302.13	CHST8	chr19	33621953	33773509	5	5	5
ENSG00000153885.14	KCTD15	chr19	33795933	33815763	5	5	5
ENSG00000277013.1	AC008556.1	chr19	33906352	33908391	5	5	5
ENSG00000240626.3	RN7SL150P	chr19	33927364	33927625	5	5	5
ENSG00000287526.1	AC016587.1	chr19	33997289	34066283	5	5	5
ENSG00000239253.1	RPS4XP23	chr19	34021659	34021895	5	5	5
ENSG00000249987.1	RPS4XP20	chr19	34022656	34023427	5	5	5
ENSG00000186008.7	RPS4XP21	chr19	34092561	34093310	5	5	5
ENSG00000270849.1	CHCHD2P3	chr19	34126973	34127423	5	5	5
ENSG00000257103.8	LSM14A	chr19	34172504	34229515	5	5	5
ENSG00000166398.14	GARRE1	chr19	34254552	34355566	5	5	5
ENSG00000257074.3	RPL29P33	chr19	34296277	34296592	5	5	5
ENSG00000267219.1	AC010504.1	chr19	34348356	34359412	5	5	5
ENSG00000105220.17	GPI	chr19	34359480	34402413	5	5	5
ENSG00000266953.6	AC092073.1	chr19	34396315	34409364	5	5	5
ENSG00000126249.8	PDCD2L	chr19	34404399	34426168	5	5	5
ENSG00000264317.2	RN7SL154P	chr19	34421988	34422311	5	5	5
ENSG00000267024.1	AC008747.1	chr19	34426112	34428273	5	5	5
ENSG00000126261.13	UBA2	chr19	34428352	34471251	5	5	5
ENSG00000142279.13	WTIP	chr19	34481758	34512304	5	5	5
ENSG00000239210.2	RPS26P55	chr19	34533427	34534084	5	5	5
ENSG00000248830.1	ZNF807P	chr19	34542462	34545395	5	5	5
ENSG00000268751.1	SCGB1B2P	chr19	34576733	34577701	5	5	5
ENSG00000205209.7	SCGB2B2	chr19	34593329	34675699	5	5	5
ENSG00000271049.1	AC020910.4	chr19	34634844	34635717	5	5	5
ENSG00000252230.1	AC020910.1	chr19	34637696	34637781	5	5	5
ENSG00000268683.1	AC020910.2	chr19	34638122	34640689	5	5	5
ENSG00000279971.1	AC020910.7	chr19	34645380	34646838	5	5	5
ENSG00000269811.2	SCGB2B3P	chr19	34645662	34646070	5	5	5
ENSG00000279329.1	AC020910.6	chr19	34675717	34677581	5	5	5
ENSG00000089335.21	ZNF302	chr19	34677639	34686397	5	5	5
ENSG00000274104.1	AC020910.5	chr19	34733298	34733837	5	5	5
ENSG00000197841.15	ZNF181	chr19	34734155	34745378	5	5	5
ENSG00000153896.19	ZNF599	chr19	34758073	34773229	5	5	5
ENSG00000270281.1	AC020910.3	chr19	34779412	34780021	5	5	5
ENSG00000267767.3	LINC01801	chr19	34788527	34832869	5	5	5
ENSG00000261754.2	AC008555.1	chr19	34811589	34814345	5	5	5
ENSG00000271666.1	AC008555.5	chr19	34825414	34825996	5	5	5
ENSG00000269086.3	AC008555.2	chr19	34837889	34872479	5	5	5
ENSG00000271109.2	AC008555.4	chr19	34849046	34860747	5	5	5
ENSG00000270624.1	AC008555.3	chr19	34866352	34866919	5	5	5
ENSG00000271171.3	LINC00904	chr19	34891605	34905139	5	5	5
ENSG00000269037.1	LINC01838	chr19	34905315	34908188	5	5	5
ENSG00000270876.1	ZNF30-AS1	chr19	34923299	34926812	5	5	5
ENSG00000168661.15	ZNF30	chr19	34926903	34945170	5	5	5
ENSG00000280106.1	AC008555.6	chr19	34949038	34951205	5	5	5
ENSG00000180884.10	ZNF792	chr19	34956354	34964229	5	5	5
ENSG00000089351.14	GRAMD1A	chr19	34994784	35026471	5	5	5
ENSG00000269303.1	AC020907.3	chr19	34998233	35000170	5	5	5
ENSG00000271032.1	AC020907.4	chr19	35014961	35025335	5	5	5
ENSG00000105711.13	SCN1B	chr19	35030470	35040449	5	5	5
ENSG00000105707.14	HPN	chr19	35040506	35066571	5	5	5
ENSG00000227392.2	HPN-AS1	chr19	35042902	35106307	5	5	5
ENSG00000179066.8	AC020907.1	chr19	35090930	35113664	5	5	5
ENSG00000285526.1	AC020907.6	chr19	35106510	35124297	5	5	5
ENSG00000089356.18	FXYD3	chr19	35115879	35124324	5	5	5
ENSG00000284065.1	MIR6887	chr19	35122700	35122764	5	5	5
ENSG00000153902.14	LGI4	chr19	35124513	35142451	5	5	5
ENSG00000279619.1	AC020907.5	chr19	35137645	35139580	5	5	5
ENSG00000266964.6	FXYD1	chr19	35138824	35143109	5	5	5
ENSG00000221857.7	AC020907.2	chr19	35138824	35151336	5	5	5
ENSG00000221946.8	FXYD7	chr19	35143250	35154302	5	5	5
ENSG00000089327.15	FXYD5	chr19	35154730	35169881	5	5	5
ENSG00000177558.3	FAM187B	chr19	35224800	35228729	5	5	5
ENSG00000262497.1	FAM187B2P	chr19	35232291	35233003	5	5	5
ENSG00000105699.16	LSR	chr19	35248330	35267964	5	5	5
ENSG00000271366.1	AC002128.2	chr19	35251440	35253639	5	5	5
ENSG00000268947.1	AC002128.1	chr19	35262846	35264804	5	5	5
ENSG00000105698.16	USF2	chr19	35268962	35279821	5	5	5
ENSG00000105697.9	HAMP	chr19	35280716	35285143	5	5	5
ENSG00000105695.15	MAG	chr19	35292125	35313807	5	5	5
ENSG00000012124.17	CD22	chr19	35319261	35347361	5	5	5
ENSG00000269553.1	U62631.1	chr19	35330843	35331920	5	5	5
ENSG00000284034.1	MIR5196	chr19	35345513	35345627	5	5	5
ENSG00000126266.3	FFAR1	chr19	35351552	35353862	5	5	5
ENSG00000185897.7	FFAR3	chr19	35358460	35360489	5	5	5
ENSG00000126251.6	GPR42	chr19	35370929	35372962	5	5	5
ENSG00000268222.1	EEF1A1P7	chr19	35382172	35384052	5	5	5
ENSG00000205786.8	LINC01531	chr19	35399511	35419385	5	5	5
ENSG00000283479.1	AC002511.3	chr19	35407770	35408493	5	5	5
ENSG00000264400.2	RN7SL491P	chr19	35414881	35415149	5	5	5
ENSG00000233214.1	AC002511.2	chr19	35424062	35424652	5	5	5
ENSG00000232680.2	AC002511.1	chr19	35432957	35434642	5	5	5
ENSG00000126262.5	FFAR2	chr19	35443907	35451767	5	5	5
ENSG00000188508.11	KRTDAP	chr19	35487324	35495558	5	5	5
ENSG00000161249.21	DMKN	chr19	35497220	35513658	5	5	5
ENSG00000189001.11	SBSN	chr19	35523367	35528351	5	5	5
ENSG00000105679.9	GAPDHS	chr19	35533455	35545319	5	5	5
ENSG00000236144.8	TMEM147-AS1	chr19	35540738	35546029	5	5	5
ENSG00000105677.12	TMEM147	chr19	35545600	35547526	5	5	5
ENSG00000105675.9	ATP4A	chr19	35550031	35563658	5	5	5
ENSG00000283907.1	AD000090.1	chr19	35557956	35581954	5	5	5
ENSG00000283758.2	PMIS2	chr19	35586161	35587296	5	5	5
ENSG00000224910.2	LINC01766	chr19	35596581	35601596	5	5	5
ENSG00000267626.1	AC002115.1	chr19	35608285	35612666	5	5	5
ENSG00000249115.9	HAUS5	chr19	35612735	35625355	5	5	5
ENSG00000126254.12	RBM42	chr19	35629030	35637686	5	5	5
ENSG00000105672.14	ETV2	chr19	35641745	35644871	5	5	5
ENSG00000126267.11	COX6B1	chr19	35648323	35658782	5	5	5
ENSG00000105668.7	UPK1A	chr19	35666516	35678483	5	5	5
ENSG00000226510.1	UPK1A-AS1	chr19	35667948	35673291	5	5	5
ENSG00000267190.1	TYMSP2	chr19	35683778	35684201	5	5	5
ENSG00000011590.14	ZBTB32	chr19	35704558	35717038	5	5	5
ENSG00000272333.7	KMT2B	chr19	35717973	35738878	5	5	5
ENSG00000126246.10	IGFLR1	chr19	35738801	35742453	5	5	5
ENSG00000267120.3	AD000671.2	chr19	35739252	35745432	5	5	5
ENSG00000161265.15	U2AF1L4	chr19	35742464	35745445	5	5	5
ENSG00000205155.8	PSENEN	chr19	35745600	35747519	5	5	5
ENSG00000188223.9	AD000671.1	chr19	35745678	35754519	5	5	5
ENSG00000267439.1	AD000671.3	chr19	35747057	35753415	5	5	5
ENSG00000267796.8	LIN37	chr19	35748361	35754519	5	5	5
ENSG00000267328.1	AC002398.2	chr19	35754566	35755490	5	5	5
ENSG00000004776.13	HSPB6	chr19	35754566	35758079	5	5	5
ENSG00000167595.15	PROSER3	chr19	35758143	35771028	5	5	5
ENSG00000267049.1	AC002398.1	chr19	35769144	35771028	5	5	5
ENSG00000004777.18	ARHGAP33	chr19	35774532	35788822	5	5	5
ENSG00000225872.4	LINC01529	chr19	35785697	35797902	5	5	5
ENSG00000250799.11	PRODH2	chr19	35799988	35813299	5	5	5
ENSG00000161270.20	NPHS1	chr19	35825372	35869287	5	5	5
ENSG00000126259.20	KIRREL2	chr19	35855861	35867136	5	5	5
ENSG00000105290.13	APLP1	chr19	35867899	35879792	5	5	5
ENSG00000243968.2	RN7SL402P	chr19	35881890	35882153	5	5	5
ENSG00000167604.15	NFKBID	chr19	35887653	35902303	5	5	5
ENSG00000280194.1	AD000864.1	chr19	35901561	35903855	5	5	5
ENSG00000126264.10	HCST	chr19	35902529	35904377	5	5	5
ENSG00000011600.12	TYROBP	chr19	35904401	35908295	5	5	5
ENSG00000126243.9	LRFN3	chr19	35935358	35946624	5	5	5
ENSG00000267786.1	AF038458.3	chr19	35947115	35959192	5	5	5
ENSG00000267113.1	AF038458.1	chr19	35957121	35957382	5	5	5
ENSG00000267388.1	AF038458.2	chr19	35960512	35964063	5	5	5
ENSG00000205138.4	SDHAF1	chr19	35995188	35996312	5	5	5
ENSG00000181392.17	SYNE4	chr19	36003307	36008813	5	5	5
ENSG00000248101.2	AC002116.1	chr19	36008638	36014235	5	5	5
ENSG00000239382.10	ALKBH6	chr19	36009120	36014239	5	5	5
ENSG00000267698.1	AC002116.2	chr19	36014508	36045972	5	5	5
ENSG00000105270.15	CLIP3	chr19	36014660	36033343	5	5	5
ENSG00000161277.11	THAP8	chr19	36034984	36054739	5	5	5
ENSG00000075702.18	WDR62	chr19	36054881	36105108	5	5	5
ENSG00000280023.1	AD000813.1	chr19	36070239	36071070	5	5	5
ENSG00000105261.7	OVOL3	chr19	36111151	36113711	5	5	5
ENSG00000105258.9	POLR2I	chr19	36113709	36115213	5	5	5
ENSG00000105254.12	TBCB	chr19	36114289	36125947	5	5	5
ENSG00000279504.1	AD001527.2	chr19	36114362	36115146	5	5	5
ENSG00000126247.11	CAPNS1	chr19	36139953	36150353	5	5	5
ENSG00000270760.1	AD001527.1	chr19	36144081	36148348	5	5	5
ENSG00000161281.11	COX7A1	chr19	36150922	36152449	5	5	5
ENSG00000267005.1	AC002984.1	chr19	36173406	36173853	5	5	5
ENSG00000196357.12	ZNF565	chr19	36182276	36246257	5	5	5
ENSG00000200179.1	Y_RNA	chr19	36203347	36203459	5	5	5
ENSG00000167635.12	ZNF146	chr19	36214602	36238771	5	5	5
ENSG00000232677.9	LINC00665	chr19	36259540	36331770	5	5	5
ENSG00000267053.8	AC092296.2	chr19	36304564	36321274	5	5	5
ENSG00000142065.14	ZFP14	chr19	36334453	36379201	5	5	5
ENSG00000266973.1	AC092296.1	chr19	36378028	36378832	5	5	5
ENSG00000267363.1	AC092296.4	chr19	36379351	36380912	5	5	5
ENSG00000181007.9	ZFP82	chr19	36383120	36418644	5	5	5
ENSG00000267142.1	AC092296.3	chr19	36421536	36422534	5	5	5
ENSG00000186017.14	ZNF566	chr19	36445119	36489902	5	5	5
ENSG00000267309.1	AC092295.2	chr19	36489649	36491040	5	5	5
ENSG00000267091.1	CTBP2P7	chr19	36496916	36498159	5	5	5
ENSG00000254004.7	ZNF260	chr19	36510687	36528271	5	5	5
ENSG00000228629.2	AC092295.1	chr19	36528318	36535235	5	5	5
ENSG00000186020.13	ZNF529	chr19	36534774	36605276	5	5	5
ENSG00000233527.9	ZNF529-AS1	chr19	36573070	36594708	5	5	5
ENSG00000161298.18	ZNF382	chr19	36604817	36634114	5	5	5
ENSG00000197808.12	ZNF461	chr19	36636618	36666853	5	5	5
ENSG00000276071.1	AC074138.1	chr19	36668102	36669404	5	5	5
ENSG00000225975.7	LINC01534	chr19	36682636	36687449	5	5	5
ENSG00000189042.13	ZNF567	chr19	36687612	36727701	5	5	5
ENSG00000267041.6	ZNF850	chr19	36714383	36772825	5	5	5
ENSG00000267260.2	AC020928.1	chr19	36773112	36777078	5	5	5
ENSG00000267353.1	AC020928.2	chr19	36773712	36775908	5	5	5
ENSG00000267254.7	ZNF790-AS1	chr19	36797502	36831596	5	5	5
ENSG00000197863.9	ZNF790	chr19	36817428	36850787	5	5	5
ENSG00000251247.11	ZNF345	chr19	36850361	36913029	5	5	5
ENSG00000206669.1	Y_RNA	chr19	36858227	36858329	5	5	5
ENSG00000185869.15	ZNF829	chr19	36888124	36916291	5	5	5
ENSG00000243297.2	RPL31P61	chr19	36901742	36902117	5	5	5
ENSG00000198453.13	ZNF568	chr19	36916329	36998700	5	5	5
ENSG00000197050.11	ZNF420	chr19	37007857	37130368	5	5	5
ENSG00000275547.1	AC010632.3	chr19	37024886	37025254	5	5	5
ENSG00000267345.1	AC010632.1	chr19	37075113	37078605	5	5	5
ENSG00000267672.1	AC010632.2	chr19	37091341	37092564	5	5	5
ENSG00000267360.6	AC012309.1	chr19	37093019	37210512	5	5	5
ENSG00000196967.11	ZNF585A	chr19	37106734	37172741	5	5	5
ENSG00000267437.1	AC012309.2	chr19	37128679	37141640	5	5	5
ENSG00000245680.11	ZNF585B	chr19	37181579	37218153	5	5	5
ENSG00000188283.11	ZNF383	chr19	37217926	37248738	5	5	5
ENSG00000267605.7	AC016590.1	chr19	37235507	37304395	5	5	5
ENSG00000226686.8	LINC01535	chr19	37251885	37265535	5	5	5
ENSG00000286449.1	AC016590.4	chr19	37304451	37309641	5	5	5
ENSG00000181666.18	ZNF875	chr19	37312837	37369365	5	5	5
ENSG00000276846.1	AC016590.3	chr19	37314868	37315620	5	5	5
ENSG00000267682.1	AC016590.2	chr19	37337236	37337743	5	5	5
ENSG00000189164.15	ZNF527	chr19	37371061	37393066	5	5	5
ENSG00000279936.1	AC008806.1	chr19	37401404	37403846	5	5	5
ENSG00000196437.12	ZNF569	chr19	37411155	37469275	5	5	5
ENSG00000171827.11	ZNF570	chr19	37467585	37488652	5	5	5
ENSG00000266916.7	ZNF793-AS1	chr19	37497159	37507122	5	5	5
ENSG00000267115.1	AC022148.2	chr19	37503906	37504465	5	5	5
ENSG00000188227.13	ZNF793	chr19	37506939	37548762	5	5	5
ENSG00000180458.2	AC022148.1	chr19	37545470	37549171	5	5	5
ENSG00000267470.6	ZNF571-AS1	chr19	37548914	37587348	5	5	5
ENSG00000171817.17	ZNF540	chr19	37551406	37614179	5	5	5
ENSG00000180479.14	ZNF571	chr19	37554782	37594792	5	5	5
ENSG00000120784.16	ZFP30	chr19	37613749	37692337	5	5	5
ENSG00000196381.11	ZNF781	chr19	37667751	37692315	5	5	5
ENSG00000267552.6	AC093227.2	chr19	37689865	37719188	5	5	5
ENSG00000267319.1	SELENOKP1	chr19	37693280	37693564	5	5	5
ENSG00000198182.13	ZNF607	chr19	37696371	37719761	5	5	5
ENSG00000267152.1	AC093227.1	chr19	37728586	37730643	5	5	5
ENSG00000287496.1	AC093227.3	chr19	37728596	37730733	5	5	5
ENSG00000189144.14	ZNF573	chr19	37735833	37817300	5	5	5
ENSG00000267422.1	AC016582.2	chr19	37779686	37792865	5	5	5
ENSG00000267640.6	AC016582.3	chr19	37817359	37832160	5	5	5
ENSG00000225868.7	AC016582.1	chr19	37823722	37855215	5	5	5
ENSG00000171804.11	WDR87	chr19	37884823	37906677	5	5	5
ENSG00000105738.11	SIPA1L3	chr19	37907208	38208369	5	5	5
ENSG00000268051.1	AC008395.1	chr19	37963853	37964790	5	5	5
ENSG00000268764.1	AC011465.1	chr19	38108500	38109533	5	5	5
ENSG00000269653.1	AC011479.3	chr19	38184376	38186265	5	5	5
ENSG00000268499.1	AC011479.2	chr19	38199836	38200934	5	5	5
ENSG00000275132.1	RN7SL663P	chr19	38200234	38200532	5	5	5
ENSG00000011332.19	DPF1	chr19	38211006	38229714	5	5	5
ENSG00000167642.13	SPINT2	chr19	38244035	38292615	5	5	5
ENSG00000167641.11	PPP1R14A	chr19	38251237	38256532	5	5	5
ENSG00000267748.4	AC011479.1	chr19	38289151	38304910	5	5	5
ENSG00000286037.1	AC011479.4	chr19	38290117	38292423	5	5	5
ENSG00000200209.1	Y_RNA	chr19	38294544	38294636	5	5	5
ENSG00000167645.17	YIF1B	chr19	38303558	38317273	5	5	5
ENSG00000167644.12	C19orf33	chr19	38304164	38305006	5	5	5
ENSG00000099337.5	KCNK6	chr19	38319845	38332076	5	5	5
ENSG00000099338.23	CATSPERG	chr19	38335775	38370943	5	5	5
ENSG00000266963.1	AC005625.1	chr19	38361795	38362484	5	5	5
ENSG00000099341.11	PSMD8	chr19	38374536	38383824	5	5	5
ENSG00000179168.15	GGN	chr19	38384267	38388082	5	5	5
ENSG00000267090.1	AC005789.1	chr19	38385522	38386759	5	5	5
ENSG00000188766.12	SPRED3	chr19	38388421	38399587	5	5	5
ENSG00000130244.12	FAM98C	chr19	38403135	38409088	5	5	5
ENSG00000171777.16	RASGRP4	chr19	38409051	38426305	5	5	5
ENSG00000196218.13	RYR1	chr19	38433691	38587564	5	5	5
ENSG00000269445.1	AC067969.2	chr19	38526954	38528555	5	5	5
ENSG00000268055.1	AC067969.1	chr19	38535517	38537128	5	5	5
ENSG00000104814.13	MAP4K1	chr19	38587641	38618882	5	5	5
ENSG00000267291.1	AC008649.1	chr19	38596346	38601694	5	5	5
ENSG00000178982.10	EIF3K	chr19	38619082	38636955	5	5	5
ENSG00000130402.13	ACTN4	chr19	38647649	38731589	5	5	5
ENSG00000267375.1	AC008649.2	chr19	38683873	38693606	5	5	5
ENSG00000182472.9	CAPN12	chr19	38730187	38769904	5	5	5
ENSG00000267892.1	AC022144.1	chr19	38738284	38739863	5	5	5
ENSG00000205076.4	LGALS7	chr19	38770971	38773492	5	5	5
ENSG00000178934.5	LGALS7B	chr19	38789200	38791754	5	5	5
ENSG00000207296.1	RNU6-140P	chr19	38797002	38797109	5	5	5
ENSG00000171747.9	LGALS4	chr19	38801671	38812945	5	5	5
ENSG00000104823.9	ECH1	chr19	38815422	38831841	5	5	5
ENSG00000268083.5	AC008982.1	chr19	38817471	38840178	5	5	5
ENSG00000268756.1	AC104534.1	chr19	38820166	38823223	5	5	5
ENSG00000104824.17	HNRNPL	chr19	38836388	38852347	5	5	5
ENSG00000269688.1	AC008982.2	chr19	38844729	38845499	5	5	5
ENSG00000187994.14	RINL	chr19	38867830	38878275	5	5	5
ENSG00000269050.1	AC011455.1	chr19	38870159	38873763	5	5	5
ENSG00000068903.20	SIRT2	chr19	38878555	38899862	5	5	5
ENSG00000104825.17	NFKBIB	chr19	38899700	38908893	5	5	5
ENSG00000262484.1	CCER2	chr19	38908980	38912158	5	5	5
ENSG00000104835.15	SARS2	chr19	38915266	38930763	5	5	5
ENSG00000269547.1	AC011455.2	chr19	38915404	38949855	5	5	5
ENSG00000128626.12	MRPS12	chr19	38930944	38933168	5	5	5
ENSG00000269486.2	ERVK9-11	chr19	38935297	38938632	5	5	5
ENSG00000269190.6	FBXO17	chr19	38941401	38975742	5	5	5
ENSG00000287271.1	AC011455.8	chr19	38975161	39014527	5	5	5
ENSG00000161243.9	FBXO27	chr19	38990714	39032785	5	5	5
ENSG00000267992.1	AC010605.1	chr19	39030436	39031323	5	5	5
ENSG00000183760.11	ACP7	chr19	39083913	39111493	5	5	5
ENSG00000130669.17	PAK4	chr19	39125770	39182816	5	5	5
ENSG00000269172.1	AC011443.1	chr19	39134882	39136463	5	5	5
ENSG00000188505.5	NCCRP1	chr19	39196964	39201884	5	5	5
ENSG00000179751.7	SYCN	chr19	39202825	39204263	5	5	5
ENSG00000268510.1	IFNL3P1	chr19	39236433	39237293	5	5	5
ENSG00000197110.9	IFNL3	chr19	39243553	39245129	5	5	5
ENSG00000272395.7	IFNL4	chr19	39246314	39248856	5	5	5
ENSG00000213926.3	MSRB1P1	chr19	39254916	39255269	5	5	5
ENSG00000272311.1	IFNL4P1	chr19	39264382	39265817	5	5	5
ENSG00000183709.8	IFNL2	chr19	39268396	39270188	5	5	5
ENSG00000182393.3	IFNL1	chr19	39296407	39298673	5	5	5
ENSG00000128011.5	LRFN1	chr19	39306566	39320863	5	5	5
ENSG00000130755.13	GMFG	chr19	39328353	39342372	5	5	5
ENSG00000269246.1	AC011445.1	chr19	39341773	39341945	5	5	5
ENSG00000179134.15	SAMD4B	chr19	39342396	39385710	5	5	5
ENSG00000241983.3	RN7SL566P	chr19	39369153	39369448	5	5	5
ENSG00000006712.15	PAF1	chr19	39385629	39391154	5	5	5
ENSG00000063322.15	MED29	chr19	39391303	39400641	5	5	5
ENSG00000128016.7	ZFP36	chr19	39406847	39409412	5	5	5
ENSG00000266559.1	MIR4530	chr19	39409623	39409678	5	5	5
ENSG00000090924.15	PLEKHG2	chr19	39412669	39428415	5	5	5
ENSG00000105193.9	RPS16	chr19	39433137	39435949	5	5	5
ENSG00000196235.14	SUPT5H	chr19	39436156	39476670	5	5	5
ENSG00000105197.11	TIMM50	chr19	39480412	39493785	5	5	5
ENSG00000090932.11	DLL3	chr19	39498895	39508481	5	5	5
ENSG00000186838.13	SELENOV	chr19	39515113	39520686	5	5	5
ENSG00000176401.6	EID2B	chr19	39530987	39532852	5	5	5
ENSG00000269792.1	AC011500.3	chr19	39532412	39534422	5	5	5
ENSG00000269584.1	TDGF1P7	chr19	39534463	39535021	5	5	5
ENSG00000176396.11	EID2	chr19	39538707	39540161	5	5	5
ENSG00000269588.1	AC011500.2	chr19	39553034	39555356	5	5	5
ENSG00000269188.1	AC011500.1	chr19	39584042	39586489	5	5	5
ENSG00000244253.1	RPS29P24	chr19	39588955	39589125	5	5	5
ENSG00000243581.1	RPS29P25	chr19	39590981	39591151	5	5	5
ENSG00000239320.1	RPS29P26	chr19	39597832	39598002	5	5	5
ENSG00000105198.11	LGALS13	chr19	39602501	39607474	5	5	5
ENSG00000269519.1	AC005176.2	chr19	39631300	39631446	5	5	5
ENSG00000268153.5	AC005176.1	chr19	39638685	39642401	5	5	5
ENSG00000268243.1	RPS29P30	chr19	39644502	39644612	5	5	5
ENSG00000249861.4	LGALS16	chr19	39655913	39660647	5	5	5
ENSG00000226025.9	LGALS17A	chr19	39679374	39686373	5	5	5
ENSG00000269460.1	AC005515.1	chr19	39685244	39694577	5	5	5
ENSG00000268088.1	AC093063.1	chr19	39693925	39696258	5	5	5
ENSG00000240320.1	RPS29P27	chr19	39697904	39698073	5	5	5
ENSG00000006659.13	LGALS14	chr19	39704481	39709444	5	5	5
ENSG00000278813.1	AC006133.1	chr19	39726030	39726775	5	5	5
ENSG00000105205.7	CLC	chr19	39731255	39738029	5	5	5
ENSG00000213921.8	LEUTX	chr19	39776595	39786291	5	5	5
ENSG00000276445.1	AC005393.1	chr19	39812972	39813555	5	5	5
ENSG00000105204.14	DYRK1B	chr19	39825350	39834201	5	5	5
ENSG00000277759.1	MIR6719	chr19	39829716	39829802	5	5	5
ENSG00000105202.9	FBL	chr19	39834458	39846379	5	5	5
ENSG00000275395.6	FCGBP	chr19	39863323	39934626	5	5	5
ENSG00000187534.6	PRR13P5	chr19	39943239	39943680	5	5	5
ENSG00000013275.8	PSMC4	chr19	39971165	39981764	5	5	5
ENSG00000187187.14	ZNF546	chr19	39984134	40021038	5	5	5
ENSG00000269069.1	AC007842.1	chr19	40023384	40025502	5	5	5
ENSG00000128000.17	ZNF780B	chr19	40028260	40056231	5	5	5
ENSG00000269749.1	AC005614.2	chr19	40048757	40090925	5	5	5
ENSG00000197782.14	ZNF780A	chr19	40069152	40090938	5	5	5
ENSG00000269296.1	AC005614.1	chr19	40090754	40094406	5	5	5
ENSG00000230086.1	VN1R96P	chr19	40121311	40122168	5	5	5
ENSG00000130758.8	MAP3K10	chr19	40191426	40215575	5	5	5
ENSG00000174521.7	TTC9B	chr19	40216058	40218399	5	5	5
ENSG00000105219.10	CCNP	chr19	40222208	40226697	5	5	5
ENSG00000105221.18	AKT2	chr19	40230317	40285536	5	5	5
ENSG00000205041.1	AC118344.1	chr19	40273489	40275479	5	5	5
ENSG00000207631.1	MIR641	chr19	40282543	40282641	5	5	5
ENSG00000206674.1	RNU6-945P	chr19	40299478	40299584	5	5	5
ENSG00000160392.13	C19orf47	chr19	40319536	40348527	5	5	5
ENSG00000207281.1	Y_RNA	chr19	40339059	40339164	5	5	5
ENSG00000206925.1	Y_RNA	chr19	40342329	40342441	5	5	5
ENSG00000105223.20	PLD3	chr19	40348456	40380439	5	5	5
ENSG00000279759.1	AC118344.2	chr19	40355842	40360606	5	5	5
ENSG00000275652.1	MIR6796	chr19	40369846	40369907	5	5	5
ENSG00000160396.9	HIPK4	chr19	40379271	40390181	5	5	5
ENSG00000105227.16	PRX	chr19	40393766	40414793	5	5	5
ENSG00000197019.5	SERTAD1	chr19	40421589	40425992	5	5	5
ENSG00000277453.1	AC010271.2	chr19	40426115	40426702	5	5	5
ENSG00000167565.13	SERTAD3	chr19	40440844	40444335	5	5	5
ENSG00000268366.1	AC010271.1	chr19	40443436	40444087	5	5	5
ENSG00000090013.11	BLVRB	chr19	40447765	40465764	5	5	5
ENSG00000277510.1	Metazoa_SRP	chr19	40450225	40450480	5	5	5
ENSG00000160460.16	SPTBN4	chr19	40466241	40576464	5	5	5
ENSG00000160410.15	SHKBP1	chr19	40576853	40591399	5	5	5
ENSG00000090006.18	LTBP4	chr19	40592883	40629818	5	5	5
ENSG00000105245.9	NUMBL	chr19	40665905	40690972	5	5	5
ENSG00000123815.13	COQ8B	chr19	40691514	40725784	5	5	5
ENSG00000223284.1	RNU6-195P	chr19	40708055	40708163	5	5	5
ENSG00000086544.3	ITPKC	chr19	40717112	40740860	5	5	5
ENSG00000188493.15	C19orf54	chr19	40740856	40751553	5	5	5
ENSG00000077312.9	SNRPA	chr19	40750637	40765389	5	5	5
ENSG00000261857.7	MIA	chr19	40771648	40777490	5	5	5
ENSG00000268975.2	MIA-RAB4B	chr19	40771648	40796943	5	5	5
ENSG00000167578.18	RAB4B	chr19	40778216	40796942	5	5	5
ENSG00000171570.11	RAB4B-EGLN2	chr19	40778242	40808418	5	5	5
ENSG00000282951.1	AC008537.4	chr19	40779780	40796943	5	5	5
ENSG00000269858.6	EGLN2	chr19	40798996	40808434	5	5	5
ENSG00000268797.1	AC008537.1	chr19	40801297	40898282	5	5	5
ENSG00000233622.3	CYP2T1P	chr19	40808474	40812100	5	5	5
ENSG00000237118.3	CYP2F2P	chr19	40818414	40826772	5	5	5
ENSG00000269843.1	AC008537.2	chr19	40831221	40837210	5	5	5
ENSG00000279108.1	AC008537.3	chr19	40840159	40842039	5	5	5
ENSG00000255974.8	CYP2A6	chr19	40843541	40850447	5	5	5
ENSG00000198077.10	CYP2A7	chr19	40875439	40882752	5	5	5
ENSG00000130612.16	CYP2G1P	chr19	40890826	40912357	5	5	5
ENSG00000198251.7	CYP2A7P2	chr19	40908480	40910685	5	5	5
ENSG00000256612.7	CYP2B7P	chr19	40924219	40950660	5	5	5
ENSG00000269353.1	AC092071.1	chr19	40946347	40947450	5	5	5
ENSG00000197408.10	CYP2B6	chr19	40991282	41018398	5	5	5
ENSG00000213908.4	CYP2A7P1	chr19	41024268	41027720	5	5	5
ENSG00000268101.2	CYP2G2P	chr19	41050449	41062444	5	5	5
ENSG00000271299.1	AC008962.1	chr19	41073804	41074107	5	5	5
ENSG00000197838.5	CYP2A13	chr19	41088451	41096195	5	5	5
ENSG00000197446.9	CYP2F1	chr19	41114432	41128381	5	5	5
ENSG00000268529.1	CYP2T3P	chr19	41134722	41137308	5	5	5
ENSG00000224476.3	RPL36P16	chr19	41169861	41170166	5	5	5
ENSG00000264423.2	RN7SL718P	chr19	41190927	41191229	5	5	5
ENSG00000167600.14	CYP2S1	chr19	41193210	41207539	5	5	5
ENSG00000167601.12	AXL	chr19	41219223	41261766	5	5	5
ENSG00000269652.1	AC011510.1	chr19	41221426	41222051	5	5	5
ENSG00000105323.17	HNRNPUL1	chr19	41262496	41307787	5	5	5
ENSG00000239868.3	RN7SL34P	chr19	41286424	41286693	5	5	5
ENSG00000105329.11	TGFB1	chr19	41301587	41353922	5	5	5
ENSG00000286177.1	AC011462.5	chr19	41307397	41310412	5	5	5
ENSG00000142039.4	CCDC97	chr19	41310172	41324873	5	5	5
ENSG00000255730.5	AC011462.1	chr19	41350853	41425001	5	5	5
ENSG00000142046.15	TMEM91	chr19	41350911	41384083	5	5	5
ENSG00000123810.9	B9D2	chr19	41354417	41364165	5	5	5
ENSG00000277744.1	AC011462.4	chr19	41373971	41374419	5	5	5
ENSG00000077348.9	EXOSC5	chr19	41386374	41397359	5	5	5
ENSG00000248098.12	BCKDHA	chr19	41397808	41425002	5	5	5
ENSG00000268987.1	AC011462.3	chr19	41399372	41400365	5	5	5
ENSG00000268475.1	AC011462.2	chr19	41425359	41426237	5	5	5
ENSG00000177191.2	B3GNT8	chr19	41425359	41428730	5	5	5
ENSG00000105341.19	DMAC2	chr19	41431318	41440717	5	5	5
ENSG00000277136.1	Metazoa_SRP	chr19	41442102	41442392	5	5	5
ENSG00000204978.3	ERICH4	chr19	41443156	41444765	5	5	5
ENSG00000267107.8	PCAT19	chr19	41449520	41501223	5	5	5
ENSG00000268034.1	AC243960.2	chr19	41506152	41506898	5	5	5
ENSG00000269800.1	PLEKHA3P1	chr19	41521043	41521989	5	5	5
ENSG00000268355.1	AC243960.3	chr19	41531206	41532174	5	5	5
ENSG00000270164.1	LINC01480	chr19	41535183	41536904	5	5	5
ENSG00000268027.5	AC243960.1	chr19	41545192	41555462	5	5	5
ENSG00000007129.18	CEACAM21	chr19	41549518	41586844	5	5	5
ENSG00000280014.1	AC243960.10	chr19	41551568	41552274	5	5	5
ENSG00000239736.2	CEACAMP3	chr19	41599735	41605984	5	5	5
ENSG00000269266.1	DNAJC19P2	chr19	41605341	41605671	5	5	5
ENSG00000105352.10	CEACAM4	chr19	41618971	41627074	5	5	5
ENSG00000268997.1	DNAJC19P3	chr19	41638569	41638899	5	5	5
ENSG00000269354.1	AC243960.5	chr19	41639659	41640602	5	5	5
ENSG00000268582.1	AC243960.4	chr19	41652676	41652963	5	5	5
ENSG00000007306.15	CEACAM7	chr19	41673303	41706976	5	5	5
ENSG00000105388.16	CEACAM5	chr19	41708585	41730433	5	5	5
ENSG00000267881.2	AC243967.1	chr19	41708657	41756737	5	5	5
ENSG00000086548.9	CEACAM6	chr19	41750977	41772211	5	5	5
ENSG00000268833.1	AC243967.2	chr19	41757898	41786893	5	5	5
ENSG00000170956.17	CEACAM3	chr19	41796587	41811554	5	5	5
ENSG00000269119.1	HNRNPA1P52	chr19	41829692	41830938	5	5	5
ENSG00000278239.1	AC243967.3	chr19	41833686	41835950	5	5	5
ENSG00000273111.6	LYPD4	chr19	41837074	41844697	5	5	5
ENSG00000142025.16	DMRTC2	chr19	41844743	41852333	5	5	5
ENSG00000105372.8	RPS19	chr19	41860255	41872925	5	5	5
ENSG00000276926.1	MIR6797	chr19	41869627	41869698	5	5	5
ENSG00000105369.10	CD79A	chr19	41877279	41881372	5	5	5
ENSG00000076928.18	ARHGEF1	chr19	41883173	41930150	5	5	5
ENSG00000268041.2	ERFL	chr19	41907705	41928516	5	5	5
ENSG00000105404.11	RABAC1	chr19	41956681	41959321	5	5	5
ENSG00000285505.1	AC010616.1	chr19	41956879	41994232	5	5	5
ENSG00000105409.19	ATP1A3	chr19	41966582	41997497	5	5	5
ENSG00000105737.9	GRIK5	chr19	41998321	42069498	5	5	5
ENSG00000105732.13	ZNF574	chr19	42068477	42081552	5	5	5
ENSG00000028277.21	POU2F2	chr19	42086110	42196585	5	5	5
ENSG00000254887.1	AC010247.1	chr19	42132555	42137099	5	5	5
ENSG00000266226.1	MIR4323	chr19	42133445	42133513	5	5	5
ENSG00000259436.1	AC010247.2	chr19	42152569	42157523	5	5	5
ENSG00000160570.14	DEDD2	chr19	42198598	42220140	5	5	5
ENSG00000288671.1	AC006486.3	chr19	42215133	42232149	5	5	5
ENSG00000167625.11	ZNF526	chr19	42220312	42228201	5	5	5
ENSG00000105723.13	GSK3A	chr19	42226225	42242625	5	5	5
ENSG00000268643.2	AC006486.1	chr19	42234583	42255132	5	5	5
ENSG00000279539.1	AC006486.2	chr19	42242775	42244973	5	5	5
ENSG00000105722.10	ERF	chr19	42247569	42255128	5	5	5
ENSG00000079432.7	CIC	chr19	42268537	42295797	5	5	5
ENSG00000079462.8	PAFAH1B3	chr19	42297033	42303546	5	5	5
ENSG00000188368.10	PRR19	chr19	42302098	42310821	5	5	5
ENSG00000167619.13	TMEM145	chr19	42313309	42325064	5	5	5
ENSG00000105429.13	MEGF8	chr19	42325609	42378769	5	5	5
ENSG00000277533.1	MIR8077	chr19	42351131	42351205	5	5	5
ENSG00000105427.10	CNFN	chr19	42387019	42390297	5	5	5
ENSG00000213904.9	LIPE-AS1	chr19	42397128	42652355	5	5	5
ENSG00000079435.10	LIPE	chr19	42401514	42427388	5	5	5
ENSG00000268605.1	AC011497.1	chr19	42424384	42425071	5	5	5
ENSG00000189377.9	CXCL17	chr19	42428278	42442946	5	5	5
ENSG00000253048.1	RNU4-60P	chr19	42472875	42473009	5	5	5
ENSG00000269374.1	AC011497.2	chr19	42485076	42485714	5	5	5
ENSG00000079385.23	CEACAM1	chr19	42507304	42561234	5	5	5
ENSG00000230558.2	CEACAMP2	chr19	42560433	42561750	5	5	5
ENSG00000124469.12	CEACAM8	chr19	42580243	42595055	5	5	5
ENSG00000233681.1	CEACAMP1	chr19	42620212	42633034	5	5	5
ENSG00000231561.2	CEACAMP5	chr19	42654200	42669076	5	5	5
ENSG00000243167.1	RPS10P28	chr19	42670005	42670816	5	5	5
ENSG00000221826.10	PSG3	chr19	42721638	42740481	5	5	5
ENSG00000124467.19	PSG8	chr19	42752686	42855691	5	5	5
ENSG00000238092.1	CEACAMP6	chr19	42781206	42786595	5	5	5
ENSG00000225877.1	PSG8-AS1	chr19	42821863	42826878	5	5	5
ENSG00000248257.7	PSG10P	chr19	42839368	42855718	5	5	5
ENSG00000231924.10	PSG1	chr19	42866464	42879822	5	5	5
ENSG00000170848.16	PSG6	chr19	42902086	42919563	5	5	5
ENSG00000221878.13	PSG7	chr19	42924132	42937207	5	5	5
ENSG00000227349.1	CEACAMP7	chr19	42949503	42950387	5	5	5
ENSG00000282943.1	AC004784.1	chr19	42977463	43171515	5	5	5
ENSG00000243130.8	PSG11	chr19	43007656	43026474	5	5	5
ENSG00000236932.2	CEACAMP8	chr19	43035869	43041248	5	5	5
ENSG00000242221.9	PSG2	chr19	43064209	43083045	5	5	5
ENSG00000230529.1	CEACAMP9	chr19	43096456	43097360	5	5	5
ENSG00000227606.2	AC005392.1	chr19	43153279	43160862	5	5	5
ENSG00000204941.14	PSG5	chr19	43166256	43186536	5	5	5
ENSG00000243137.8	PSG4	chr19	43192702	43207299	5	5	5
ENSG00000241104.5	CEACAMP10	chr19	43211791	43248646	5	5	5
ENSG00000183668.18	PSG9	chr19	43211791	43269530	5	5	5
ENSG00000236123.1	CEACAMP11	chr19	43278933	43284318	5	5	5
ENSG00000230681.1	CEACAMP4	chr19	43303171	43304523	5	5	5
ENSG00000231412.2	AC005392.2	chr19	43329295	43331430	5	5	5
ENSG00000204936.10	CD177	chr19	43353686	43363172	5	5	5
ENSG00000272396.1	AC005392.3	chr19	43360685	43368970	5	5	5
ENSG00000204933.3	CD177P1	chr19	43372742	43379123	5	5	5
ENSG00000131126.19	TEX101	chr19	43401496	43418597	5	5	5
ENSG00000124466.9	LYPD3	chr19	43460787	43465608	5	5	5
ENSG00000176531.10	PHLDB3	chr19	43474954	43504935	5	5	5
ENSG00000105755.8	ETHE1	chr19	43506719	43527230	5	5	5
ENSG00000176472.10	ZNF575	chr19	43525497	43536130	5	5	5
ENSG00000073050.12	XRCC1	chr19	43543311	43580473	5	5	5
ENSG00000269177.1	L34079.2	chr19	43553445	43555494	5	5	5
ENSG00000268361.1	L34079.1	chr19	43554692	43593036	5	5	5
ENSG00000269583.1	L34079.3	chr19	43574638	43575618	5	5	5
ENSG00000234465.11	PINLYP	chr19	43575801	43583964	5	5	5
ENSG00000167378.8	IRGQ	chr19	43584369	43596135	5	5	5
ENSG00000124444.16	ZNF576	chr19	43596392	43601157	5	5	5
ENSG00000226763.5	SRRM5	chr19	43596617	43614498	5	5	5
ENSG00000131116.12	ZNF428	chr19	43607224	43619629	5	5	5
ENSG00000105767.3	CADM4	chr19	43622368	43639850	5	5	5
ENSG00000011422.12	PLAUR	chr19	43646095	43670547	5	5	5
ENSG00000239948.2	RN7SL368P	chr19	43660500	43660776	5	5	5
ENSG00000283525.1	AC005622.1	chr19	43690002	43700508	5	5	5
ENSG00000124449.7	IRGC	chr19	43716076	43720021	5	5	5
ENSG00000105771.14	SMG9	chr19	43727983	43754962	5	5	5
ENSG00000104783.14	KCNN4	chr19	43766533	43781257	5	5	5
ENSG00000159871.15	LYPD5	chr19	43785874	43827206	5	5	5
ENSG00000268601.1	AC115522.1	chr19	43794309	43795658	5	5	5
ENSG00000167637.18	ZNF283	chr19	43827321	43852017	5	5	5
ENSG00000176222.9	ZNF404	chr19	43872365	43901385	5	5	5
ENSG00000278917.1	AC006213.6	chr19	43891233	43895411	5	5	5
ENSG00000267058.1	AC006213.2	chr19	43891804	43901805	5	5	5
ENSG00000286613.1	AC006213.7	chr19	43897211	43898533	5	5	5
ENSG00000267191.2	AC006213.3	chr19	43901909	43927767	5	5	5
ENSG00000124459.12	ZNF45	chr19	43912624	43935282	5	5	5
ENSG00000159905.15	ZNF221	chr19	43951223	43967709	5	5	5
ENSG00000204920.11	ZNF155	chr19	43967862	43998326	5	5	5
ENSG00000277806.1	AC006213.4	chr19	43976815	43977448	5	5	5
ENSG00000278492.1	AC006213.5	chr19	43978376	43978663	5	5	5
ENSG00000266921.2	AC006213.1	chr19	43996896	44003298	5	5	5
ENSG00000159882.13	ZNF230	chr19	44002957	44013924	5	5	5
ENSG00000267144.2	AC067968.2	chr19	44023118	44025262	5	5	5
ENSG00000159885.14	ZNF222	chr19	44025342	44033110	5	5	5
ENSG00000267022.1	AC067968.1	chr19	44025354	44087318	5	5	5
ENSG00000178386.13	ZNF223	chr19	44051367	44067999	5	5	5
ENSG00000186026.7	ZNF284	chr19	44072159	44089613	5	5	5
ENSG00000253021.1	RNU6-902P	chr19	44085213	44085303	5	5	5
ENSG00000267680.5	ZNF224	chr19	44094339	44109886	5	5	5
ENSG00000186019.11	AC021092.1	chr19	44103007	44113183	5	5	5
ENSG00000256294.8	ZNF225	chr19	44112181	44134822	5	5	5
ENSG00000263002.8	ZNF234	chr19	44141554	44160313	5	5	5
ENSG00000287035.1	AC138470.2	chr19	44162527	44164955	5	5	5
ENSG00000167380.16	ZNF226	chr19	44165073	44178381	5	5	5
ENSG00000131115.16	ZNF227	chr19	44207547	44237268	5	5	5
ENSG00000159917.17	ZNF235	chr19	44228729	44305046	5	5	5
ENSG00000279103.1	AC138470.1	chr19	44246478	44248374	5	5	5
ENSG00000159915.12	ZNF233	chr19	44259880	44275317	5	5	5
ENSG00000270679.1	AC138473.1	chr19	44290081	44290911	5	5	5
ENSG00000267590.1	NDUFA3P1	chr19	44297104	44297355	5	5	5
ENSG00000062370.17	ZNF112	chr19	44326555	44367217	5	5	5
ENSG00000267173.1	AC245748.1	chr19	44329695	44401608	5	5	5
ENSG00000267508.6	ZNF285	chr19	44382298	44401608	5	5	5
ENSG00000267188.1	AC245748.2	chr19	44392439	44448452	5	5	5
ENSG00000278318.5	ZNF229	chr19	44417519	44448578	5	5	5
ENSG00000176761.7	ZNF285B	chr19	44467641	44473227	5	5	5
ENSG00000167384.10	ZNF180	chr19	44474428	44500524	5	5	5
ENSG00000273777.5	CEACAM20	chr19	44501677	44529788	5	5	5
ENSG00000267614.1	AC245748.3	chr19	44536263	44536613	5	5	5
ENSG00000230666.5	CEACAM22P	chr19	44537058	44620821	5	5	5
ENSG00000224366.1	AC243964.1	chr19	44570304	44570564	5	5	5
ENSG00000216588.9	IGSF23	chr19	44613563	44636781	5	5	5
ENSG00000266903.2	AC243964.3	chr19	44631573	44725217	5	5	5
ENSG00000073008.15	PVR	chr19	44643798	44666162	5	5	5
ENSG00000283673.1	MIR4531	chr19	44653686	44653732	5	5	5
ENSG00000186567.13	CEACAM19	chr19	44662278	44684359	5	5	5
ENSG00000279095.1	AC243964.4	chr19	44664131	44666158	5	5	5
ENSG00000213892.12	CEACAM16	chr19	44699151	44710718	5	5	5
ENSG00000252200.1	AC243964.2	chr19	44725984	44726058	5	5	5
ENSG00000069399.15	BCL3	chr19	44747705	44760044	5	5	5
ENSG00000284258.1	MIR8085	chr19	44758657	44758721	5	5	5
ENSG00000253027.1	SNORA70	chr19	44764950	44765100	5	5	5
ENSG00000236807.1	AC092066.1	chr19	44765148	44765464	5	5	5
ENSG00000142273.13	CBLC	chr19	44777869	44800652	5	5	5
ENSG00000285128.1	AC092306.1	chr19	44803701	44804010	5	5	5
ENSG00000187244.12	BCAM	chr19	44809071	44821421	5	5	5
ENSG00000130202.10	NECTIN2	chr19	44846175	44889223	5	5	5
ENSG00000267282.1	AC011481.2	chr19	44882027	44890876	5	5	5
ENSG00000130204.13	TOMM40	chr19	44890569	44903689	5	5	5
ENSG00000130203.10	APOE	chr19	44905791	44909393	5	5	5
ENSG00000280087.1	AC011481.3	chr19	44909375	44914968	5	5	5
ENSG00000130208.9	APOC1	chr19	44914247	44919349	5	5	5
ENSG00000214855.9	APOC1P1	chr19	44926804	44931386	5	5	5
ENSG00000267467.4	APOC4	chr19	44942237	44945496	5	5	5
ENSG00000224916.9	APOC4-APOC2	chr19	44942238	44949565	5	5	5
ENSG00000234906.11	APOC2	chr19	44946035	44949565	5	5	5
ENSG00000267114.1	AC011481.1	chr19	44950044	44954007	5	5	5
ENSG00000104853.16	CLPTM1	chr19	44954585	44993341	5	5	5
ENSG00000104856.14	RELB	chr19	45001449	45038198	5	5	5
ENSG00000104859.15	CLASRP	chr19	45039045	45070956	5	5	5
ENSG00000207003.1	RNU6-611P	chr19	45047458	45047561	5	5	5
ENSG00000170684.9	ZNF296	chr19	45071500	45076587	5	5	5
ENSG00000267348.3	GEMIN7-AS1	chr19	45076510	45092635	5	5	5
ENSG00000142252.11	GEMIN7	chr19	45079195	45091518	5	5	5
ENSG00000007047.15	MARK4	chr19	45079288	45305284	5	5	5
ENSG00000104866.11	PPP1R37	chr19	45091396	45148077	5	5	5
ENSG00000267346.1	EIF5AP3	chr19	45128569	45129030	5	5	5
ENSG00000267044.1	AC005757.1	chr19	45135993	45136977	5	5	5
ENSG00000179846.10	NKPD1	chr19	45149750	45160815	5	5	5
ENSG00000007255.10	TRAPPC6A	chr19	45162928	45178237	5	5	5
ENSG00000189114.8	BLOC1S3	chr19	45178784	45216933	5	5	5
ENSG00000283632.4	EXOC3L2	chr19	45212370	45245407	5	5	5
ENSG00000104879.5	CKM	chr19	45306413	45322875	5	5	5
ENSG00000242675.1	RPS16P9	chr19	45332698	45333124	5	5	5
ENSG00000104892.17	KLC3	chr19	45333434	45351520	5	5	5
ENSG00000104884.16	ERCC2	chr19	45349837	45370918	5	5	5
ENSG00000104881.16	PPP1R13L	chr19	45379638	45406349	5	5	5
ENSG00000117877.11	POLR1G	chr19	45406644	45410737	5	5	5
ENSG00000012061.16	ERCC1	chr19	45407334	45478828	5	5	5
ENSG00000275726.1	MIR6088	chr19	45436654	45436704	5	5	5
ENSG00000125740.14	FOSB	chr19	45467995	45475179	5	5	5
ENSG00000125744.12	RTN2	chr19	45485294	45497055	5	5	5
ENSG00000213889.10	PPM1N	chr19	45488777	45502510	5	5	5
ENSG00000125753.14	VASP	chr19	45506579	45526983	5	5	5
ENSG00000125741.5	OPA3	chr19	45527427	45602212	5	5	5
ENSG00000177464.5	GPR4	chr19	45589764	45602212	5	5	5
ENSG00000125746.18	EML2	chr19	45606994	45645602	5	5	5
ENSG00000284544.1	MIR330	chr19	45638994	45639087	5	5	5
ENSG00000267757.4	EML2-AS1	chr19	45641494	45642840	5	5	5
ENSG00000241226.3	RN7SL836P	chr19	45651510	45651805	5	5	5
ENSG00000010310.9	GIPR	chr19	45668221	45683722	5	5	5
ENSG00000207773.1	MIR642A	chr19	45674928	45675024	5	5	5
ENSG00000283212.1	MIR642B	chr19	45674932	45675008	5	5	5
ENSG00000125743.10	SNRPD2	chr19	45687454	45692569	5	5	5
ENSG00000011478.13	QPCTL	chr19	45692403	45703989	5	5	5
ENSG00000177051.6	FBXO46	chr19	45710629	45730896	5	5	5
ENSG00000279407.1	AC007191.1	chr19	45714387	45717381	5	5	5
ENSG00000237452.3	BHMG1	chr19	45733439	45764541	5	5	5
ENSG00000177045.10	SIX5	chr19	45764785	45769252	5	5	5
ENSG00000259605.3	AC074212.1	chr19	45764785	45769806	5	5	5
ENSG00000267395.5	DM1-AS	chr19	45767796	45772504	5	5	5
ENSG00000104936.19	DMPK	chr19	45769709	45782552	5	5	5
ENSG00000268434.5	AC011530.1	chr19	45779437	45785973	5	5	5
ENSG00000185800.12	DMWD	chr19	45782947	45792845	5	5	5
ENSG00000104941.8	RSPH6A	chr19	45795713	45815308	5	5	5
ENSG00000125755.19	SYMPK	chr19	45815410	45863194	5	5	5
ENSG00000269148.1	AC092301.1	chr19	45830164	45831108	5	5	5
ENSG00000170608.3	FOXA3	chr19	45863989	45873797	5	5	5
ENSG00000170604.5	IRF2BP1	chr19	45883608	45886141	5	5	5
ENSG00000176182.6	MYPOP	chr19	45890023	45902613	5	5	5
ENSG00000188425.4	NANOS2	chr19	45913214	45914778	5	5	5
ENSG00000104967.8	NOVA2	chr19	45933734	45974044	5	5	5
ENSG00000104983.8	CCDC61	chr19	45995461	46021318	5	5	5
ENSG00000211580.1	MIR769	chr19	46018932	46019049	5	5	5
ENSG00000008438.5	PGLYRP1	chr19	46019153	46023053	5	5	5
ENSG00000268401.2	AC007785.3	chr19	46027648	46031667	5	5	5
ENSG00000204869.8	IGFL4	chr19	46039748	46077118	5	5	5
ENSG00000267922.1	AC007785.1	chr19	46101122	46196218	5	5	5
ENSG00000268053.1	AC007785.2	chr19	46111079	46113863	5	5	5
ENSG00000188624.3	IGFL3	chr19	46120067	46124688	5	5	5
ENSG00000259339.2	TGIF1P1	chr19	46136746	46137547	5	5	5
ENSG00000204866.8	IGFL2	chr19	46143106	46161299	5	5	5
ENSG00000269729.1	AC006262.2	chr19	46163893	46180647	5	5	5
ENSG00000268621.6	IGFL2-AS1	chr19	46189029	46203160	5	5	5
ENSG00000268879.1	IGFL1P1	chr19	46196238	46197323	5	5	5
ENSG00000268460.2	AC006262.1	chr19	46201552	46214838	5	5	5
ENSG00000269637.1	RPL12P41	chr19	46219423	46219920	5	5	5
ENSG00000269745.1	AC006262.3	chr19	46228964	46230388	5	5	5
ENSG00000188293.6	IGFL1	chr19	46229742	46231243	5	5	5
ENSG00000277748.1	AC006262.4	chr19	46249394	46250163	5	5	5
ENSG00000268238.1	IGFL1P2	chr19	46260420	46260858	5	5	5
ENSG00000124440.16	HIF3A	chr19	46297042	46343433	5	5	5
ENSG00000199796.1	RNU6-924P	chr19	46306470	46306577	5	5	5
ENSG00000269124.1	AC007193.2	chr19	46320197	46340004	5	5	5
ENSG00000011485.15	PPP5C	chr19	46347087	46392981	5	5	5
ENSG00000268810.1	AC007193.1	chr19	46382492	46383169	5	5	5
ENSG00000269151.1	AC007193.3	chr19	46390515	46390852	5	5	5
ENSG00000169515.8	CCDC8	chr19	46410329	46413564	5	5	5
ENSG00000277531.2	PNMA8C	chr19	46424697	46428951	5	5	5
ENSG00000182013.18	PNMA8A	chr19	46466491	46471563	5	5	5
ENSG00000230510.7	PPP5D1	chr19	46480796	46601200	5	5	5
ENSG00000204851.7	PNMA8B	chr19	46486906	46495879	5	5	5
ENSG00000204850.4	AC011484.1	chr19	46494508	46496502	5	5	5
ENSG00000278797.1	AC011551.1	chr19	46533669	46534351	5	5	5
ENSG00000249210.1	GAPDHP38	chr19	46558641	46559642	5	5	5
ENSG00000160014.17	CALM3	chr19	46601074	46610782	5	5	5
ENSG00000269292.1	AC093503.1	chr19	46609277	46610779	5	5	5
ENSG00000160013.9	PTGIR	chr19	46620468	46625089	5	5	5
ENSG00000167414.4	GNG8	chr19	46634076	46634685	5	5	5
ENSG00000279161.1	AC093503.2	chr19	46636810	46639161	5	5	5
ENSG00000197380.11	DACT3	chr19	46647551	46661182	5	5	5
ENSG00000245598.6	DACT3-AS1	chr19	46660364	46677447	5	5	5
ENSG00000105287.13	PRKD2	chr19	46674275	46717127	5	5	5
ENSG00000243560.3	RN7SL364P	chr19	46688797	46689068	5	5	5
ENSG00000211513.5	MIR320E	chr19	46709293	46709345	5	5	5
ENSG00000090372.15	STRN4	chr19	46719511	46746994	5	5	5
ENSG00000269487.1	AC008635.1	chr19	46728603	46732700	5	5	5
ENSG00000222614.1	Y_RNA	chr19	46736312	46736419	5	5	5
ENSG00000181027.11	FKRP	chr19	46746046	46776988	5	5	5
ENSG00000105281.12	SLC1A5	chr19	46774883	46788594	5	5	5
ENSG00000275719.1	AC008622.2	chr19	46787815	46789043	5	5	5
ENSG00000275862.1	AC008622.3	chr19	46809583	46810182	5	5	5
ENSG00000269576.1	HNRNPMP2	chr19	46809585	46810183	5	5	5
ENSG00000269014.1	AC008622.1	chr19	46826895	46828440	5	5	5
ENSG00000042753.12	AP2S1	chr19	46838136	46850846	5	5	5
ENSG00000160007.19	ARHGAP35	chr19	46860997	47005077	5	5	5
ENSG00000279948.1	AC008895.1	chr19	46946535	46949156	5	5	5
ENSG00000130751.10	NPAS1	chr19	47019837	47045775	5	5	5
ENSG00000130748.7	TMEM160	chr19	47045909	47048624	5	5	5
ENSG00000130749.10	ZC3H4	chr19	47064187	47113776	5	5	5
ENSG00000142230.13	SAE1	chr19	47113274	47210636	5	5	5
ENSG00000105327.18	BBC3	chr19	47220822	47232766	5	5	5
ENSG00000265134.1	MIR3190	chr19	47226942	47227021	5	5	5
ENSG00000284411.1	MIR3191	chr19	47226944	47227019	5	5	5
ENSG00000286669.1	AC008532.1	chr19	47255850	47256477	5	5	5
ENSG00000105321.14	CCDC9	chr19	47255980	47273701	5	5	5
ENSG00000257704.4	INAFM1	chr19	47274885	47275723	5	5	5
ENSG00000197405.8	C5AR1	chr19	47290023	47322066	5	5	5
ENSG00000134830.6	C5AR2	chr19	47332175	47347329	5	5	5
ENSG00000134815.19	DHX34	chr19	47349315	47382704	5	5	5
ENSG00000105419.18	MEIS3	chr19	47403124	47419527	5	5	5
ENSG00000118160.14	SLC8A2	chr19	47428017	47471893	5	5	5
ENSG00000287896.1	AC073548.2	chr19	47469910	47478550	5	5	5
ENSG00000118162.14	KPTN	chr19	47475150	47484265	5	5	5
ENSG00000268061.5	NAPA-AS1	chr19	47484282	47501597	5	5	5
ENSG00000105402.8	NAPA	chr19	47487637	47515091	5	5	5
ENSG00000279861.1	AC073548.1	chr19	47487638	47489519	5	5	5
ENSG00000118156.12	ZNF541	chr19	47520685	47555856	5	5	5
ENSG00000276588.1	RN7SL322P	chr19	47581023	47581321	5	5	5
ENSG00000268746.1	AC010519.1	chr19	47607524	47733098	5	5	5
ENSG00000277383.1	AC010331.1	chr19	47607873	47608454	5	5	5
ENSG00000063169.11	BICRA	chr19	47608196	47703277	5	5	5
ENSG00000269806.1	BICRA-AS1	chr19	47615699	47626395	5	5	5
ENSG00000278999.1	AC008985.1	chr19	47661657	47663895	5	5	5
ENSG00000024422.12	EHD2	chr19	47713422	47743134	5	5	5
ENSG00000105373.19	NOP53	chr19	47745546	47757058	5	5	5
ENSG00000221803.1	SNORD23	chr19	47755853	47755962	5	5	5
ENSG00000269656.1	NOP53-AS1	chr19	47757036	47768840	5	5	5
ENSG00000178980.15	SELENOW	chr19	47778585	47784686	5	5	5
ENSG00000213035.4	RPL23AP80	chr19	47794467	47794890	5	5	5
ENSG00000271150.1	AC008745.1	chr19	47794650	47794920	5	5	5
ENSG00000178928.8	TPRX1	chr19	47801243	47819051	5	5	5
ENSG00000105392.16	CRX	chr19	47819779	47843330	5	5	5
ENSG00000259009.4	TPRX2P	chr19	47860113	47861512	5	5	5
ENSG00000259108.3	LINC01595	chr19	47863409	47865459	5	5	5
ENSG00000105398.4	SULT2A1	chr19	47870467	47886315	5	5	5
ENSG00000188334.3	BSPH1	chr19	47968046	47992170	5	5	5
ENSG00000169393.9	ELSPBP1	chr19	47994632	48025154	5	5	5
ENSG00000105507.3	CABP5	chr19	48029383	48044079	5	5	5
ENSG00000105499.14	PLA2G4C	chr19	48047843	48110817	5	5	5
ENSG00000269420.5	PLA2G4C-AS1	chr19	48061371	48064945	5	5	5
ENSG00000105486.14	LIG1	chr19	48115445	48170603	5	5	5
ENSG00000269534.5	AC011466.3	chr19	48118432	48127706	5	5	5
ENSG00000269321.1	AC011466.2	chr19	48145908	48147413	5	5	5
ENSG00000185453.13	ZSWIM9	chr19	48170680	48197620	5	5	5
ENSG00000105483.18	CARD8	chr19	48180770	48255946	5	5	5
ENSG00000280353.1	AC011466.4	chr19	48198107	48199720	5	5	5
ENSG00000268583.2	AC011466.1	chr19	48204071	48214751	5	5	5
ENSG00000268001.1	CARD8-AS1	chr19	48255675	48258199	5	5	5
ENSG00000268186.1	ZNF114-AS1	chr19	48262900	48271283	5	5	5
ENSG00000178150.10	ZNF114	chr19	48270081	48287608	5	5	5
ENSG00000105479.16	CCDC114	chr19	48296457	48321971	5	5	5
ENSG00000142227.11	EMP3	chr19	48321509	48330553	5	5	5
ENSG00000161558.11	TMEM143	chr19	48332356	48364059	5	5	5
ENSG00000105467.9	SYNGR4	chr19	48364367	48376377	5	5	5
ENSG00000105438.9	KDELR1	chr19	48382575	48391551	5	5	5
ENSG00000105464.3	GRIN2D	chr19	48394875	48444931	5	5	5
ENSG00000105447.13	GRWD1	chr19	48445841	48457022	5	5	5
ENSG00000182324.7	KCNJ14	chr19	48455574	48466980	5	5	5
ENSG00000268530.6	AC008403.2	chr19	48465348	48469693	5	5	5
ENSG00000268465.1	AC008403.1	chr19	48465837	48472431	5	5	5
ENSG00000105443.15	CYTH2	chr19	48469208	48482314	5	5	5
ENSG00000142235.12	LMTK3	chr19	48485271	48513935	5	5	5
ENSG00000287603.1	AC008403.3	chr19	48547637	48597238	5	5	5
ENSG00000088002.12	SULT2B1	chr19	48552172	48599425	5	5	5
ENSG00000105523.3	FAM83E	chr19	48600810	48614854	5	5	5
ENSG00000177202.3	SPACA4	chr19	48606742	48607714	5	5	5
ENSG00000063177.13	RPL18	chr19	48615328	48619184	5	5	5
ENSG00000268093.1	AC022154.1	chr19	48619272	48624132	5	5	5
ENSG00000063176.16	SPHK2	chr19	48619291	48630717	5	5	5
ENSG00000105516.11	DBP	chr19	48630030	48637379	5	5	5
ENSG00000063180.9	CA11	chr19	48637946	48646187	5	5	5
ENSG00000232871.8	SEC1P	chr19	48638071	48682245	5	5	5
ENSG00000142233.14	NTN5	chr19	48661407	48673081	5	5	5
ENSG00000176920.13	FUT2	chr19	48695971	48705951	5	5	5
ENSG00000176909.12	MAMSTR	chr19	48712725	48719725	5	5	5
ENSG00000105538.10	RASIP1	chr19	48720585	48740610	5	5	5
ENSG00000182264.9	IZUMO1	chr19	48740852	48746909	5	5	5
ENSG00000174951.11	FUT1	chr19	48748011	48755390	5	5	5
ENSG00000105550.10	FGF21	chr19	48755524	48758333	5	5	5
ENSG00000206758.1	RNU6-317P	chr19	48793152	48793258	5	5	5
ENSG00000105552.15	BCAT2	chr19	48795062	48811029	5	5	5
ENSG00000286024.1	AC026803.3	chr19	48807321	48810717	5	5	5
ENSG00000087076.9	HSD17B14	chr19	48813018	48836510	5	5	5
ENSG00000105559.12	PLEKHA4	chr19	48837097	48868617	5	5	5
ENSG00000087074.8	PPP1R15A	chr19	48872421	48876058	5	5	5
ENSG00000104804.8	TULP2	chr19	48880967	48898744	5	5	5
ENSG00000104805.16	NUCB1	chr19	48900312	48923372	5	5	5
ENSG00000235191.1	NUCB1-AS1	chr19	48910930	48918891	5	5	5
ENSG00000260366.1	AC026803.1	chr19	48926171	48926444	5	5	5
ENSG00000104808.8	DHDH	chr19	48933699	48944969	5	5	5
ENSG00000087088.20	BAX	chr19	48954815	48961798	5	5	5
ENSG00000267898.1	AC026803.2	chr19	48963975	48965158	5	5	5
ENSG00000087086.15	FTL	chr19	48965309	48966879	5	5	5
ENSG00000104812.15	GYS1	chr19	48968130	48993310	5	5	5
ENSG00000183207.14	RUVBL2	chr19	48993562	49015970	5	5	5
ENSG00000273898.1	MIR6798	chr19	49009906	49009972	5	5	5
ENSG00000104826.15	LHB	chr19	49015980	49017091	5	5	5
ENSG00000268655.2	AC008687.4	chr19	49017496	49020523	5	5	5
ENSG00000104827.12	CGB3	chr19	49022869	49024333	5	5	5
ENSG00000267335.2	AC008687.1	chr19	49022953	49036895	5	5	5
ENSG00000267019.1	NTF6A	chr19	49025461	49026020	5	5	5
ENSG00000267099.1	NTF6G	chr19	49029726	49030341	5	5	5
ENSG00000104818.15	CGB2	chr19	49031890	49033238	5	5	5
ENSG00000267631.5	CGB1	chr19	49035569	49036895	5	5	5
ENSG00000267685.2	NTF6B	chr19	49038479	49039038	5	5	5
ENSG00000268669.1	AC008687.5	chr19	49042174	49042731	5	5	5
ENSG00000189052.7	CGB5	chr19	49043848	49045311	5	5	5
ENSG00000213030.5	CGB8	chr19	49047638	49049106	5	5	5
ENSG00000269706.1	AC008687.6	chr19	49050217	49050846	5	5	5
ENSG00000196337.12	CGB7	chr19	49054275	49058860	5	5	5
ENSG00000283663.1	AC008687.8	chr19	49055793	49065076	5	5	5
ENSG00000283251.1	AC008687.7	chr19	49056088	49058761	5	5	5
ENSG00000268108.1	AC008687.2	chr19	49060613	49061132	5	5	5
ENSG00000225950.8	NTF4	chr19	49061066	49065054	5	5	5
ENSG00000268287.1	AC008687.3	chr19	49064259	49064856	5	5	5
ENSG00000104848.1	KCNA7	chr19	49067418	49072941	5	5	5
ENSG00000265675.2	RN7SL708P	chr19	49081332	49081630	5	5	5
ENSG00000104852.15	SNRNP70	chr19	49085419	49108605	5	5	5
ENSG00000104863.12	LIN7B	chr19	49114324	49118460	5	5	5
ENSG00000221916.4	C19orf73	chr19	49118402	49119143	5	5	5
ENSG00000177380.14	PPFIA3	chr19	49119544	49151026	5	5	5
ENSG00000130528.12	HRC	chr19	49151198	49155396	5	5	5
ENSG00000130529.16	TRPM4	chr19	49157741	49211836	5	5	5
ENSG00000269009.1	SLC6A21P	chr19	49255472	49256102	5	5	5
ENSG00000235555.1	SUMO1P4	chr19	49275119	49275420	5	5	5
ENSG00000063127.16	SLC6A16	chr19	49289638	49325215	5	5	5
ENSG00000265407.1	MIR4324	chr19	49308797	49308868	5	5	5
ENSG00000197813.6	AC011450.1	chr19	49331525	49340303	5	5	5
ENSG00000104894.12	CD37	chr19	49335171	49343335	5	5	5
ENSG00000074219.14	TEAD2	chr19	49340595	49362457	5	5	5
ENSG00000268157.1	AC010524.1	chr19	49356152	49357769	5	5	5
ENSG00000104901.7	DKKL1	chr19	49361783	49375116	5	5	5
ENSG00000268686.2	AC010643.1	chr19	49368558	49388091	5	5	5
ENSG00000161609.10	KASH5	chr19	49388219	49417990	5	5	5
ENSG00000142538.2	PTH2	chr19	49422419	49423441	5	5	5
ENSG00000261949.6	GFY	chr19	49423749	49428987	5	5	5
ENSG00000104888.10	SLC17A7	chr19	49429401	49442360	5	5	5
ENSG00000104872.11	PIH1D1	chr19	49446298	49453497	5	5	5
ENSG00000161618.10	ALDH16A1	chr19	49453225	49471050	5	5	5
ENSG00000269469.1	AC010619.1	chr19	49462752	49486231	5	5	5
ENSG00000090554.13	FLT3LG	chr19	49474207	49486231	5	5	5
ENSG00000273189.1	AC010619.2	chr19	49474586	49487637	5	5	5
ENSG00000142541.18	RPL13A	chr19	49487510	49493057	5	5	5
ENSG00000201675.1	SNORD32A	chr19	49489965	49490048	5	5	5
ENSG00000199631.1	SNORD33	chr19	49490615	49490699	5	5	5
ENSG00000202503.1	SNORD34	chr19	49490904	49490974	5	5	5
ENSG00000200259.1	SNORD35A	chr19	49491175	49491260	5	5	5
ENSG00000142534.7	RPS11	chr19	49496365	49499708	5	5	5
ENSG00000200530.1	SNORD35B	chr19	49497720	49497806	5	5	5
ENSG00000207782.3	MIR150	chr19	49500785	49500868	5	5	5
ENSG00000268681.1	COX6CP7	chr19	49502432	49502639	5	5	5
ENSG00000104870.13	FCGRT	chr19	49506816	49526428	5	5	5
ENSG00000142552.8	RCN3	chr19	49528003	49546962	5	5	5
ENSG00000142546.14	NOSIP	chr19	49555468	49590262	5	5	5
ENSG00000207073.1	Y_RNA	chr19	49566672	49566772	5	5	5
ENSG00000126460.11	PRRG2	chr19	49580646	49591004	5	5	5
ENSG00000126464.14	PRR12	chr19	49591182	49626439	5	5	5
ENSG00000268636.1	AC011495.2	chr19	49625994	49626439	5	5	5
ENSG00000126458.4	RRAS	chr19	49635292	49640143	5	5	5
ENSG00000126461.15	SCAF1	chr19	49642209	49658642	5	5	5
ENSG00000126456.16	IRF3	chr19	49659569	49665875	5	5	5
ENSG00000126453.9	BCL2L12	chr19	49665142	49673916	5	5	5
ENSG00000126457.22	PRMT1	chr19	49675786	49689029	5	5	5
ENSG00000274306.1	MIR5088	chr19	49682117	49682195	5	5	5
ENSG00000224420.3	ADM5	chr19	49688664	49690575	5	5	5
ENSG00000268677.1	AC011495.3	chr19	49688853	49690573	5	5	5
ENSG00000169169.15	CPT1C	chr19	49690898	49713731	5	5	5
ENSG00000243829.1	AC011495.1	chr19	49719498	49720081	5	5	5
ENSG00000126467.11	TSKS	chr19	49739753	49763306	5	5	5
ENSG00000206599.1	RNU6-841P	chr19	49764524	49764630	5	5	5
ENSG00000196961.13	AP2A1	chr19	49767001	49807114	5	5	5
ENSG00000276270.1	MIR6799	chr19	49791866	49791934	5	5	5
ENSG00000010361.14	FUZ	chr19	49806866	49817376	5	5	5
ENSG00000269194.1	AC006942.1	chr19	49808933	49809738	5	5	5
ENSG00000104973.19	MED25	chr19	49818282	49840383	5	5	5
ENSG00000284114.1	MIR6800	chr19	49832018	49832099	5	5	5
ENSG00000268006.1	PTOV1-AS1	chr19	49838639	49851676	5	5	5
ENSG00000104960.15	PTOV1	chr19	49850735	49860744	5	5	5
ENSG00000268047.1	AC018766.1	chr19	49852887	49854967	5	5	5
ENSG00000265954.1	MIR4749	chr19	49854591	49854651	5	5	5
ENSG00000269352.1	PTOV1-AS2	chr19	49856970	49859289	5	5	5
ENSG00000039650.12	PNKP	chr19	49859882	49878351	5	5	5
ENSG00000204673.11	AKT1S1	chr19	49869033	49878459	5	5	5
ENSG00000104946.13	TBC1D17	chr19	49877425	49888750	5	5	5
ENSG00000284394.1	MIR4750	chr19	49888175	49888230	5	5	5
ENSG00000104951.16	IL4I1	chr19	49889654	49929539	5	5	5
ENSG00000213024.12	NUP62	chr19	49906825	49929763	5	5	5
ENSG00000269179.1	AC011452.1	chr19	49909501	49958391	5	5	5
ENSG00000169136.12	ATF5	chr19	49928702	49933935	5	5	5
ENSG00000283842.1	MIR4751	chr19	49933064	49933137	5	5	5
ENSG00000161640.15	SIGLEC11	chr19	49948985	49961172	5	5	5
ENSG00000221125.2	U3	chr19	49949316	49949527	5	5	5
ENSG00000161643.13	SIGLEC16	chr19	49969600	49975819	5	5	5
ENSG00000105053.11	VRK3	chr19	49976468	50025946	5	5	5
ENSG00000276729.1	Metazoa_SRP	chr19	50019019	50019320	5	5	5
ENSG00000142528.16	ZNF473	chr19	50025714	50053414	5	5	5
ENSG00000269091.6	AC010624.3	chr19	50043196	50051062	5	5	5
ENSG00000204666.3	AC010624.1	chr19	50050589	50066793	5	5	5
ENSG00000269540.1	AC010624.4	chr19	50058882	50060232	5	5	5
ENSG00000267890.1	AC010624.2	chr19	50075123	50075902	5	5	5
ENSG00000287001.1	AC010624.5	chr19	50136859	50148230	5	5	5
ENSG00000161652.12	IZUMO2	chr19	50152548	50163195	5	5	5
ENSG00000105357.19	MYH14	chr19	50188186	50310542	5	5	5
ENSG00000276002.1	Metazoa_SRP	chr19	50258443	50258722	5	5	5
ENSG00000267815.1	AC008655.1	chr19	50310022	50310539	5	5	5
ENSG00000131398.15	KCNC3	chr19	50311937	50333515	5	5	5
ENSG00000131408.15	NR1H2	chr19	50329653	50383388	5	5	5
ENSG00000131401.11	NAPSB	chr19	50333796	50344767	5	5	5
ENSG00000131400.8	NAPSA	chr19	50358477	50365830	5	5	5
ENSG00000269392.1	AC008655.2	chr19	50365880	50369331	5	5	5
ENSG00000062822.15	POLD1	chr19	50384204	50418018	5	5	5
ENSG00000142539.9	AC020909.1	chr19	50415799	50428409	5	5	5
ENSG00000269404.7	SPIB	chr19	50418938	50431314	5	5	5
ENSG00000086967.10	MYBPC2	chr19	50432892	50466321	5	5	5
ENSG00000142530.11	FAM71E1	chr19	50466785	50476848	5	5	5
ENSG00000161671.17	EMC10	chr19	50476400	50490871	5	5	5
ENSG00000268854.1	AC020909.3	chr19	50480119	50483351	5	5	5
ENSG00000268518.1	AC020909.2	chr19	50486810	50487638	5	5	5
ENSG00000161677.12	JOSD2	chr19	50505998	50511220	5	5	5
ENSG00000204653.10	ASPDH	chr19	50511600	50514690	5	5	5
ENSG00000131409.13	LRRC4B	chr19	50516892	50568435	5	5	5
ENSG00000268231.1	AC008743.1	chr19	50555370	50557969	5	5	5
ENSG00000213023.11	SYT3	chr19	50621307	50639881	5	5	5
ENSG00000235034.7	C19orf81	chr19	50649445	50659310	5	5	5
ENSG00000161681.16	SHANK1	chr19	50659255	50719802	5	5	5
ENSG00000105472.13	CLEC11A	chr19	50723364	50725718	5	5	5
ENSG00000269565.1	GPR32P1	chr19	50758382	50759192	5	5	5
ENSG00000142511.4	GPR32	chr19	50770464	50771732	5	5	5
ENSG00000261341.6	AC010325.1	chr19	50776141	50793142	5	5	5
ENSG00000142513.6	ACP4	chr19	50790415	50795219	5	5	5
ENSG00000268375.1	AC010325.2	chr19	50792685	50793584	5	5	5
ENSG00000167747.15	C19orf48	chr19	50797704	50804929	5	5	5
ENSG00000221381.1	SNORD88B	chr19	50799032	50799122	5	5	5
ENSG00000221241.1	SNORD88A	chr19	50799442	50799532	5	5	5
ENSG00000220988.1	SNORD88C	chr19	50802328	50802418	5	5	5
ENSG00000284711.1	AC010325.3	chr19	50808145	50812707	5	5	5
ENSG00000180279.7	LINC01869	chr19	50808874	50818880	5	5	5
ENSG00000167748.11	KLK1	chr19	50819146	50823787	5	5	5
ENSG00000174562.13	KLK15	chr19	50825289	50837213	5	5	5
ENSG00000267968.1	AC011523.1	chr19	50830530	50851089	5	5	5
ENSG00000142515.15	KLK3	chr19	50854915	50860764	5	5	5
ENSG00000167751.13	KLK2	chr19	50861568	50880567	5	5	5
ENSG00000197588.9	KLKP1	chr19	50882096	50896398	5	5	5
ENSG00000167749.11	KLK4	chr19	50906352	50910738	5	5	5
ENSG00000228674.4	PPIAP59	chr19	50927079	50927571	5	5	5
ENSG00000167754.13	KLK5	chr19	50943303	50953093	5	5	5
ENSG00000269495.1	AC011483.2	chr19	50950185	50963649	5	5	5
ENSG00000167755.15	KLK6	chr19	50958631	50969673	5	5	5
ENSG00000279676.1	AC011483.3	chr19	50962197	50962781	5	5	5
ENSG00000267879.2	AC011483.1	chr19	50968193	51012129	5	5	5
ENSG00000169035.12	KLK7	chr19	50976468	50984099	5	5	5
ENSG00000129455.15	KLK8	chr19	50996007	51002711	5	5	5
ENSG00000269741.5	AC011473.4	chr19	50996018	51009581	5	5	5
ENSG00000213022.6	KLK9	chr19	51002508	51009634	5	5	5
ENSG00000129451.12	KLK10	chr19	51012739	51020175	5	5	5
ENSG00000268739.1	AC011473.2	chr19	51014374	51014734	5	5	5
ENSG00000167757.14	KLK11	chr19	51022216	51028039	5	5	5
ENSG00000186474.15	KLK12	chr19	51029092	51035230	5	5	5
ENSG00000268906.1	AC011473.3	chr19	51030076	51034335	5	5	5
ENSG00000268390.1	AC011473.1	chr19	51043806	51052077	5	5	5
ENSG00000167759.13	KLK13	chr19	51055626	51065114	5	5	5
ENSG00000129437.11	KLK14	chr19	51077495	51084245	5	5	5
ENSG00000142544.7	CTU1	chr19	51097606	51108409	5	5	5
ENSG00000268581.1	SIGLEC18P	chr19	51119987	51122965	5	5	5
ENSG00000129450.8	SIGLEC9	chr19	51124908	51136651	5	5	5
ENSG00000267990.1	AC063977.2	chr19	51137970	51138634	5	5	5
ENSG00000168995.13	SIGLEC7	chr19	51142299	51153526	5	5	5
ENSG00000267895.1	AC063977.1	chr19	51143826	51144196	5	5	5
ENSG00000269072.1	AC063977.5	chr19	51152923	51181966	5	5	5
ENSG00000269681.1	AC063977.6	chr19	51155288	51155624	5	5	5
ENSG00000171101.13	SIGLEC17P	chr19	51167328	51173524	5	5	5
ENSG00000268336.1	SIGLEC20P	chr19	51184905	51190809	5	5	5
ENSG00000268652.1	AC063977.4	chr19	51194118	51195540	5	5	5
ENSG00000269253.1	SIGLEC21P	chr19	51198855	51201449	5	5	5
ENSG00000278617.1	MIR8074	chr19	51206929	51207009	5	5	5
ENSG00000268849.5	SIGLEC22P	chr19	51211080	51212088	5	5	5
ENSG00000105383.15	CD33	chr19	51225064	51243860	5	5	5
ENSG00000179213.13	SIGLECL1	chr19	51246348	51269330	5	5	5
ENSG00000268595.1	AC063977.3	chr19	51251231	51271179	5	5	5
ENSG00000268318.5	LINC01872	chr19	51271266	51281234	5	5	5
ENSG00000269021.1	SIGLEC24P	chr19	51280862	51283022	5	5	5
ENSG00000142549.9	IGLON5	chr19	51311848	51330354	5	5	5
ENSG00000186806.5	VSIG10L	chr19	51331536	51342124	5	5	5
ENSG00000267905.5	AC008750.2	chr19	51340695	51344117	5	5	5
ENSG00000267984.1	AC008750.3	chr19	51345169	51353293	5	5	5
ENSG00000105379.10	ETFB	chr19	51345169	51366388	5	5	5
ENSG00000269403.1	AC008750.7	chr19	51350373	51368099	5	5	5
ENSG00000268520.1	AC008750.4	chr19	51361712	51365544	5	5	5
ENSG00000160318.6	CLDND2	chr19	51367098	51369003	5	5	5
ENSG00000105374.10	NKG7	chr19	51371606	51372701	5	5	5
ENSG00000105370.8	LIM2	chr19	51379909	51387974	5	5	5
ENSG00000262874.2	C19orf84	chr19	51388289	51390591	5	5	5
ENSG00000268889.1	AC008750.6	chr19	51394488	51403650	5	5	5
ENSG00000268144.1	NIFKP6	chr19	51396755	51403526	5	5	5
ENSG00000142512.15	SIGLEC10	chr19	51410020	51417803	5	5	5
ENSG00000254760.1	AC008750.1	chr19	51414298	51414965	5	5	5
ENSG00000255441.1	SIGLEC10-AS1	chr19	51415724	51417425	5	5	5
ENSG00000268711.1	AC008750.5	chr19	51426347	51426668	5	5	5
ENSG00000269181.1	AC020914.5	chr19	51442379	51442650	5	5	5
ENSG00000105366.15	SIGLEC8	chr19	51450847	51458456	5	5	5
ENSG00000268957.1	AC020914.3	chr19	51468360	51468636	5	5	5
ENSG00000213822.6	CEACAM18	chr19	51478622	51490952	5	5	5
ENSG00000254521.7	SIGLEC12	chr19	51491227	51501800	5	5	5
ENSG00000268839.1	AC020914.2	chr19	51505059	51505362	5	5	5
ENSG00000269580.2	SIGLEC27P	chr19	51508573	51509311	5	5	5
ENSG00000105492.16	SIGLEC6	chr19	51517819	51531856	5	5	5
ENSG00000268777.1	AC020914.1	chr19	51519731	51520260	5	5	5
ENSG00000269130.1	AC020914.4	chr19	51560122	51560590	5	5	5
ENSG00000268267.1	SIGLEC29P	chr19	51563797	51564910	5	5	5
ENSG00000105497.8	ZNF175	chr19	51571283	51592510	5	5	5
ENSG00000269388.1	AC018755.3	chr19	51594561	51606150	5	5	5
ENSG00000267808.1	AC018755.1	chr19	51599289	51600470	5	5	5
ENSG00000105501.12	SIGLEC5	chr19	51611927	51645545	5	5	5
ENSG00000268500.5	AC018755.2	chr19	51612091	51646889	5	5	5
ENSG00000244071.1	RPL9P33	chr19	51621136	51621701	5	5	5
ENSG00000273837.1	AC018755.4	chr19	51639478	51639931	5	5	5
ENSG00000254415.3	SIGLEC14	chr19	51642553	51646801	5	5	5
ENSG00000243469.1	RPL7P51	chr19	51648862	51649610	5	5	5
ENSG00000269959.1	SPACA6P-AS	chr19	51685363	51693456	5	5	5
ENSG00000182310.15	SPACA6	chr19	51689128	51712387	5	5	5
ENSG00000207550.1	MIR99B	chr19	51692612	51692681	5	5	5
ENSG00000198972.3	MIRLET7E	chr19	51692786	51692864	5	5	5
ENSG00000208008.1	MIR125A	chr19	51693254	51693339	5	5	5
ENSG00000105509.11	HAS1	chr19	51713112	51723991	5	5	5
ENSG00000171051.9	FPR1	chr19	51745172	51804110	5	5	5
ENSG00000171049.9	FPR2	chr19	51752026	51770531	5	5	5
ENSG00000286236.1	AC018755.5	chr19	51771311	51773169	5	5	5
ENSG00000187474.5	FPR3	chr19	51795157	51826190	5	5	5
ENSG00000161551.14	ZNF577	chr19	51804816	51890950	5	5	5
ENSG00000268316.1	AC006272.1	chr19	51839771	51840945	5	5	5
ENSG00000269483.2	AC006272.2	chr19	51842878	51843315	5	5	5
ENSG00000283236.1	AC074141.1	chr19	51860242	51863236	5	5	5
ENSG00000268095.1	ZNF649-AS1	chr19	51888025	51900463	5	5	5
ENSG00000198093.11	ZNF649	chr19	51889235	51905040	5	5	5
ENSG00000283285.1	AC011460.1	chr19	51914675	51917703	5	5	5
ENSG00000176024.18	ZNF613	chr19	51927147	51948759	5	5	5
ENSG00000269235.2	ZNF350-AS1	chr19	51949134	51981367	5	5	5
ENSG00000256683.7	ZNF350	chr19	51964340	51986856	5	5	5
ENSG00000197619.14	ZNF615	chr19	51991332	52008230	5	5	5
ENSG00000142556.19	ZNF614	chr19	52012765	52030240	5	5	5
ENSG00000256087.7	ZNF432	chr19	52031378	52095738	5	5	5
ENSG00000275055.1	AC011468.5	chr19	52049007	52049754	5	5	5
ENSG00000260160.1	AC011468.1	chr19	52058490	52063703	5	5	5
ENSG00000197608.11	ZNF841	chr19	52064466	52095765	5	5	5
ENSG00000270248.1	AC011468.4	chr19	52110318	52110726	5	5	5
ENSG00000204611.7	ZNF616	chr19	52113091	52139938	5	5	5
ENSG00000267827.5	AC011468.2	chr19	52130548	52171533	5	5	5
ENSG00000268458.1	AC011468.3	chr19	52142626	52144156	5	5	5
ENSG00000243680.1	RPL37P23	chr19	52143043	52143336	5	5	5
ENSG00000196267.12	ZNF836	chr19	52153864	52171643	5	5	5
ENSG00000267927.1	AC010320.1	chr19	52171158	52177002	5	5	5
ENSG00000105568.18	PPP2R1A	chr19	52190048	52229518	5	5	5
ENSG00000274380.1	MIR6801	chr19	52222020	52222098	5	5	5
ENSG00000268015.1	AC010320.2	chr19	52222225	52231294	5	5	5
ENSG00000277562.1	AC010320.5	chr19	52241765	52242440	5	5	5
ENSG00000207265.1	Y_RNA	chr19	52259076	52259187	5	5	5
ENSG00000196214.11	ZNF766	chr19	52269587	52296046	5	5	5
ENSG00000208002.1	MIR643	chr19	52281797	52281893	5	5	5
ENSG00000269102.1	AC010320.3	chr19	52284780	52297920	5	5	5
ENSG00000198464.14	ZNF480	chr19	52297169	52325922	5	5	5
ENSG00000269535.1	AC010320.4	chr19	52300693	52345229	5	5	5
ENSG00000167554.15	ZNF610	chr19	52336243	52367778	5	5	5
ENSG00000221923.9	ZNF880	chr19	52369917	52385795	5	5	5
ENSG00000269834.6	ZNF528-AS1	chr19	52388842	52397783	5	5	5
ENSG00000277977.1	AC010332.1	chr19	52392659	52392755	5	5	5
ENSG00000167555.14	ZNF528	chr19	52397849	52418412	5	5	5
ENSG00000269776.1	DPPA5P1	chr19	52425863	52426202	5	5	5
ENSG00000198633.10	ZNF534	chr19	52429187	52452315	5	5	5
ENSG00000258405.11	ZNF578	chr19	52453553	52516882	5	5	5
ENSG00000288253.1	AC010332.3	chr19	52453580	52458836	5	5	5
ENSG00000278543.1	AC010332.2	chr19	52473336	52475239	5	5	5
ENSG00000269349.1	AC022150.3	chr19	52511282	52512342	5	5	5
ENSG00000198482.14	ZNF808	chr19	52527652	52564464	5	5	5
ENSG00000167562.13	ZNF701	chr19	52555457	52587174	5	5	5
ENSG00000242255.1	RPL39P34	chr19	52564076	52564231	5	5	5
ENSG00000268886.1	AC022150.1	chr19	52575883	52585561	5	5	5
ENSG00000123870.10	ZNF137P	chr19	52588505	52597345	5	5	5
ENSG00000167766.18	ZNF83	chr19	52594060	52690496	5	5	5
ENSG00000268970.1	AC022150.2	chr19	52597699	52598887	5	5	5
ENSG00000269825.1	AC022150.4	chr19	52650437	52653284	5	5	5
ENSG00000213020.10	ZNF611	chr19	52702813	52735073	5	5	5
ENSG00000189190.10	ZNF600	chr19	52749942	52786807	5	5	5
ENSG00000198538.11	ZNF28	chr19	52797408	52857600	5	5	5
ENSG00000255875.2	PABPN1P2	chr19	52809824	52810708	5	5	5
ENSG00000204604.12	ZNF468	chr19	52838010	52857649	5	5	5
ENSG00000182986.14	ZNF320	chr19	52860851	52897693	5	5	5
ENSG00000283695.1	AC010487.2	chr19	52865369	52865429	5	5	5
ENSG00000213793.5	ZNF888	chr19	52904417	52923481	5	5	5
ENSG00000269646.1	AC010487.1	chr19	52923382	52924075	5	5	5
ENSG00000213801.4	ZNF321P	chr19	52927135	52942601	5	5	5
ENSG00000221874.4	ZNF816-ZNF321P	chr19	52928475	52962823	5	5	5
ENSG00000180257.14	ZNF816	chr19	52949379	52962911	5	5	5
ENSG00000269082.1	AC010328.3	chr19	52956041	52981654	5	5	5
ENSG00000242779.7	ZNF702P	chr19	52966896	53037898	5	5	5
ENSG00000268282.1	AC010328.2	chr19	53004040	53005150	5	5	5
ENSG00000267943.1	AC010328.1	chr19	53007512	53013180	5	5	5
ENSG00000269526.1	ERVV-1	chr19	53013921	53016122	5	5	5
ENSG00000268964.3	ERVV-2	chr19	53044740	53051680	5	5	5
ENSG00000170949.17	ZNF160	chr19	53066606	53103436	5	5	5
ENSG00000170954.11	ZNF415	chr19	53107879	53133077	5	5	5
ENSG00000197937.13	ZNF347	chr19	53124072	53159075	5	5	5
ENSG00000197497.11	ZNF665	chr19	53159213	53193386	5	5	5
ENSG00000268842.1	AC092070.1	chr19	53162428	53163563	5	5	5
ENSG00000269001.2	AC092070.2	chr19	53197111	53214522	5	5	5
ENSG00000267809.1	NDUFV2P1	chr19	53223973	53224879	5	5	5
ENSG00000197928.10	ZNF677	chr19	53235381	53254898	5	5	5
ENSG00000269288.1	AC092070.3	chr19	53240675	53241913	5	5	5
ENSG00000196131.6	VN1R2	chr19	53258292	53261837	5	5	5
ENSG00000228567.3	VN1R4	chr19	53266676	53267723	5	5	5
ENSG00000269758.1	AC092070.4	chr19	53267870	53270932	5	5	5
ENSG00000189348.6	FAM90A27P	chr19	53281559	53284944	5	5	5
ENSG00000163098.6	BIRC8	chr19	53289601	53291426	5	5	5
ENSG00000269118.1	FAM90A28P	chr19	53299051	53308644	5	5	5
ENSG00000174677.4	VN1R6P	chr19	53315137	53316043	5	5	5
ENSG00000213799.13	ZNF845	chr19	53333749	53356906	5	5	5
ENSG00000203326.12	ZNF525	chr19	53365693	53392217	5	5	5
ENSG00000241069.1	AC125388.1	chr19	53386233	53386388	5	5	5
ENSG00000196417.13	ZNF765	chr19	53389793	53430413	5	5	5
ENSG00000239912.1	RPL39P36	chr19	53413190	53413345	5	5	5
ENSG00000249435.1	AC022137.2	chr19	53426019	53426499	5	5	5
ENSG00000241015.2	TPM3P9	chr19	53431984	53444670	5	5	5
ENSG00000160336.16	ZNF761	chr19	53431984	53461862	5	5	5
ENSG00000287608.1	AC022137.3	chr19	53434661	53473936	5	5	5
ENSG00000198346.11	ZNF813	chr19	53467733	53496255	5	5	5
ENSG00000250731.1	TPM3P6	chr19	53479350	53480091	5	5	5
ENSG00000241434.1	AC022137.1	chr19	53495887	53496037	5	5	5
ENSG00000213777.5	AC011487.1	chr19	53503392	53512687	5	5	5
ENSG00000274892.1	AC011487.3	chr19	53512092	53512616	5	5	5
ENSG00000130844.19	ZNF331	chr19	53519527	53580269	5	5	5
ENSG00000268864.4	AC011487.2	chr19	53599628	53608451	5	5	5
ENSG00000269608.1	OSTCP3	chr19	53616802	53617254	5	5	5
ENSG00000242668.3	RN7SL317P	chr19	53629713	53630041	5	5	5
ENSG00000204595.1	DPRX	chr19	53632056	53637009	5	5	5
ENSG00000200393.1	RNU6-698P	chr19	53653685	53653791	5	5	5
ENSG00000270347.1	AC011453.2	chr19	53657400	53658462	5	5	5
ENSG00000207645.2	MIR512-1	chr19	53666679	53666762	5	5	5
ENSG00000207644.1	MIR512-2	chr19	53669157	53669254	5	5	5
ENSG00000221017.1	MIR1323	chr19	53671968	53672040	5	5	5
ENSG00000207869.1	MIR498	chr19	53674197	53674320	5	5	5
ENSG00000207599.1	MIR520E	chr19	53675711	53675797	5	5	5
ENSG00000207616.1	MIR515-1	chr19	53679003	53679085	5	5	5
ENSG00000207810.1	MIR519E	chr19	53679940	53680023	5	5	5
ENSG00000283540.1	MIR520F	chr19	53682159	53682245	5	5	5
ENSG00000207615.3	MIR515-2	chr19	53685009	53685091	5	5	5
ENSG00000207788.1	MIR519C	chr19	53686469	53686555	5	5	5
ENSG00000221421.1	MIR1283-1	chr19	53688481	53688567	5	5	5
ENSG00000207594.1	MIR520A	chr19	53690881	53690965	5	5	5
ENSG00000207580.1	MIR526B	chr19	53694393	53694475	5	5	5
ENSG00000207825.1	MIR519B	chr19	53695213	53695293	5	5	5
ENSG00000207711.1	MIR525	chr19	53697533	53697617	5	5	5
ENSG00000283455.1	MIR523	chr19	53698385	53698471	5	5	5
ENSG00000207706.1	MIR518F	chr19	53700015	53700101	5	5	5
ENSG00000207722.1	MIR520B	chr19	53701227	53701287	5	5	5
ENSG00000207862.1	MIR518B	chr19	53702737	53702819	5	5	5
ENSG00000207629.1	MIR526A1	chr19	53706252	53706336	5	5	5
ENSG00000207738.1	MIR520C	chr19	53707453	53707539	5	5	5
ENSG00000283490.1	MIR518C	chr19	53708735	53708835	5	5	5
ENSG00000283289.1	MIR524	chr19	53711002	53711088	5	5	5
ENSG00000207734.1	MIR517A	chr19	53712268	53712354	5	5	5
ENSG00000207981.1	MIR519D	chr19	53713347	53713434	5	5	5
ENSG00000207549.1	MIR521-2	chr19	53716594	53716680	5	5	5
ENSG00000251843.1	RNU6-803P	chr19	53719064	53719165	5	5	5
ENSG00000207735.1	MIR520D	chr19	53720096	53720182	5	5	5
ENSG00000207837.1	MIR517B	chr19	53721076	53721142	5	5	5
ENSG00000207799.1	MIR520G	chr19	53722166	53722255	5	5	5
ENSG00000207925.1	MIR516B2	chr19	53725442	53725526	5	5	5
ENSG00000211532.1	MIR526A2	chr19	53726922	53726986	5	5	5
ENSG00000207987.1	MIR518E	chr19	53729838	53729925	5	5	5
ENSG00000207803.1	MIR518A1	chr19	53731006	53731090	5	5	5
ENSG00000252734.1	RNU6-980P	chr19	53732981	53733083	5	5	5
ENSG00000283330.1	MIR518D	chr19	53734877	53734963	5	5	5
ENSG00000207946.3	MIR516B1	chr19	53736845	53736934	5	5	5
ENSG00000207699.1	MIR518A2	chr19	53739333	53739419	5	5	5
ENSG00000207838.1	MIR517C	chr19	53741313	53741407	5	5	5
ENSG00000207861.1	MIR520H	chr19	53742512	53742599	5	5	5
ENSG00000252025.1	RNU6-982P	chr19	53745004	53745105	5	5	5
ENSG00000207634.1	MIR521-1	chr19	53748636	53748722	5	5	5
ENSG00000252191.1	RNU6-751P	chr19	53749851	53749951	5	5	5
ENSG00000283685.1	MIR522	chr19	53751211	53751297	5	5	5
ENSG00000207992.1	MIR519A1	chr19	53752397	53752481	5	5	5
ENSG00000207979.1	MIR527	chr19	53754018	53754102	5	5	5
ENSG00000207767.3	MIR516A1	chr19	53756741	53756830	5	5	5
ENSG00000221548.1	MIR1283-2	chr19	53758232	53758318	5	5	5
ENSG00000252063.1	RNU6-1041P	chr19	53760087	53760188	5	5	5
ENSG00000207620.1	MIR516A2	chr19	53761133	53761222	5	5	5
ENSG00000269842.5	AC011453.1	chr19	53761961	53764199	5	5	5
ENSG00000284362.1	MIR519A2	chr19	53762344	53762430	5	5	5
ENSG00000252979.1	RNU6-165P	chr19	53766534	53766632	5	5	5
ENSG00000237589.1	HMGN1P32	chr19	53767971	53768553	5	5	5
ENSG00000229000.1	SEPTIN7P8	chr19	53772506	53773280	5	5	5
ENSG00000238150.1	AC008753.1	chr19	53775599	53775882	5	5	5
ENSG00000269877.3	AC008753.3	chr19	53787597	53788169	5	5	5
ENSG00000199031.1	MIR371A	chr19	53787675	53787741	5	5	5
ENSG00000284568.1	MIR371B	chr19	53787677	53787742	5	5	5
ENSG00000199095.1	MIR372	chr19	53787890	53787956	5	5	5
ENSG00000199143.1	MIR373	chr19	53788705	53788773	5	5	5
ENSG00000269564.1	AC008753.2	chr19	53788782	53789168	5	5	5
ENSG00000142405.22	NLRP12	chr19	53793741	53824394	5	5	5
ENSG00000228323.2	MYADM-AS1	chr19	53854581	53869107	5	5	5
ENSG00000179820.16	MYADM	chr19	53864763	53876435	5	5	5
ENSG00000232220.2	AC008440.1	chr19	53874626	53876049	5	5	5
ENSG00000126583.11	PRKCG	chr19	53879190	53907652	5	5	5
ENSG00000105605.7	CACNG7	chr19	53909335	53943941	5	5	5
ENSG00000142408.6	CACNG8	chr19	53963040	53990215	5	5	5
ENSG00000284583.1	MIR935	chr19	53982307	53982397	5	5	5
ENSG00000130433.7	CACNG6	chr19	53992288	54012669	5	5	5
ENSG00000276206.1	AC012314.9	chr19	54031412	54031504	5	5	5
ENSG00000189068.11	VSTM1	chr19	54040825	54063953	5	5	5
ENSG00000248385.8	TARM1	chr19	54069895	54081365	5	5	5
ENSG00000170909.13	OSCAR	chr19	54094668	54102692	5	5	5
ENSG00000170906.16	NDUFA3	chr19	54102728	54109257	5	5	5
ENSG00000105619.13	TFPT	chr19	54107013	54115675	5	5	5
ENSG00000105618.14	PRPF31	chr19	54115410	54131719	5	5	5
ENSG00000237017.1	AC245052.4	chr19	54119511	54125343	5	5	5
ENSG00000088038.19	CNOT3	chr19	54137749	54155681	5	5	5
ENSG00000105617.4	LENG1	chr19	54155161	54159721	5	5	5
ENSG00000167608.12	TMC4	chr19	54160108	54173250	5	5	5
ENSG00000125505.17	MBOAT7	chr19	54173412	54189882	5	5	5
ENSG00000170892.12	TSEN34	chr19	54189938	54194536	5	5	5
ENSG00000223660.1	AC245052.1	chr19	54199454	54199971	5	5	5
ENSG00000170889.14	RPS9	chr19	54200809	54249003	5	5	5
ENSG00000224579.1	AC245052.2	chr19	54209092	54209418	5	5	5
ENSG00000204577.11	LILRB3	chr19	54216278	54223506	5	5	5
ENSG00000269524.1	AC245052.7	chr19	54224523	54224881	5	5	5
ENSG00000235081.1	AC245052.3	chr19	54229036	54230213	5	5	5
ENSG00000244482.10	LILRA6	chr19	54236592	54242791	5	5	5
ENSG00000249189.1	AC245052.6	chr19	54246101	54247322	5	5	5
ENSG00000105609.17	LILRB5	chr19	54249421	54257301	5	5	5
ENSG00000212314.2	RNU6-1307P	chr19	54263951	54264053	5	5	5
ENSG00000240296.1	AC245052.5	chr19	54268005	54269045	5	5	5
ENSG00000131042.15	LILRB2	chr19	54273812	54281184	5	5	5
ENSG00000264703.1	MIR4752	chr19	54282109	54282180	5	5	5
ENSG00000240197.1	AC245884.5	chr19	54294049	54294366	5	5	5
ENSG00000276758.1	AC245884.12	chr19	54296194	54296252	5	5	5
ENSG00000251431.1	AC245884.7	chr19	54298105	54298814	5	5	5
ENSG00000234436.1	AC245884.2	chr19	54301758	54306026	5	5	5
ENSG00000187116.14	LILRA5	chr19	54307070	54313166	5	5	5
ENSG00000275210.1	AC245884.11	chr19	54308915	54337168	5	5	5
ENSG00000249654.1	VN1R104P	chr19	54320204	54321212	5	5	5
ENSG00000250507.1	AC245884.6	chr19	54328272	54331434	5	5	5
ENSG00000239961.3	LILRA4	chr19	54333185	54339162	5	5	5
ENSG00000167613.16	LAIR1	chr19	54351384	54370558	5	5	5
ENSG00000237955.1	AC245884.4	chr19	54379489	54379960	5	5	5
ENSG00000167614.14	TTYH1	chr19	54415219	54436904	5	5	5
ENSG00000227407.1	AC245884.1	chr19	54430654	54434698	5	5	5
ENSG00000268496.1	AC245884.9	chr19	54434183	54434665	5	5	5
ENSG00000269873.1	AC245884.10	chr19	54438010	54438346	5	5	5
ENSG00000267838.2	AC245884.8	chr19	54438665	54439544	5	5	5
ENSG00000226696.6	LENG8-AS1	chr19	54444807	54449045	5	5	5
ENSG00000235681.1	AC245884.3	chr19	54446830	54447047	5	5	5
ENSG00000167615.17	LENG8	chr19	54448887	54462016	5	5	5
ENSG00000275183.2	LENG9	chr19	54461732	54463778	5	5	5
ENSG00000167617.3	CDC42EP5	chr19	54465026	54473296	5	5	5
ENSG00000167618.10	LAIR2	chr19	54497879	54510687	5	5	5
ENSG00000213016.3	AC245036.1	chr19	54521723	54522031	5	5	5
ENSG00000104970.11	KIR3DX1	chr19	54532692	54545771	5	5	5
ENSG00000235181.1	AC245036.2	chr19	54551970	54552256	5	5	5
ENSG00000239998.6	LILRA2	chr19	54572920	54590287	5	5	5
ENSG00000269271.1	AC245036.5	chr19	54589441	54590287	5	5	5
ENSG00000104974.12	LILRA1	chr19	54593582	54602381	5	5	5
ENSG00000238094.1	AC245036.4	chr19	54607870	54608376	5	5	5
ENSG00000104972.15	LILRB1	chr19	54617158	54637528	5	5	5
ENSG00000224730.1	LILRB1-AS1	chr19	54635722	54638892	5	5	5
ENSG00000186818.12	LILRB4	chr19	54643889	54670359	5	5	5
ENSG00000277636.1	MIR8061	chr19	54645309	54645383	5	5	5
ENSG00000242856.3	VN1R105P	chr19	54647944	54648853	5	5	5
ENSG00000237323.1	AC245036.3	chr19	54652085	54652230	5	5	5
ENSG00000225370.1	AC243962.1	chr19	54671231	54672591	5	5	5
ENSG00000186152.6	LILRP1	chr19	54696604	54700905	5	5	5
ENSG00000228790.1	AC245128.2	chr19	54703952	54704235	5	5	5
ENSG00000170858.10	LILRP2	chr19	54707916	54713453	5	5	5
ENSG00000242019.1	KIR3DL3	chr19	54724479	54736536	5	5	5
ENSG00000215765.3	AC245128.1	chr19	54724496	54798285	5	5	5
ENSG00000243772.8	KIR2DL3	chr19	54738513	54753052	5	5	5
ENSG00000242473.1	KIR2DP1	chr19	54755023	54767371	5	5	5
ENSG00000125498.20	KIR2DL1	chr19	54769793	54784322	5	5	5
ENSG00000264257.1	KIR3DP1	chr19	54786355	54790318	5	5	5
ENSG00000189013.14	KIR2DL4	chr19	54803535	54814517	5	5	5
ENSG00000167633.18	KIR3DL1	chr19	54816468	54830778	5	5	5
ENSG00000221957.8	KIR2DS4	chr19	54832676	54848569	5	5	5
ENSG00000240403.5	KIR3DL2	chr19	54850443	54867207	5	5	5
ENSG00000199308.1	RNU6-222P	chr19	54868939	54869045	5	5	5
ENSG00000186431.19	FCAR	chr19	54874235	54891420	5	5	5
ENSG00000268734.1	AC245128.3	chr19	54890673	54891420	5	5	5
ENSG00000189430.13	NCR1	chr19	54906148	54916140	5	5	5
ENSG00000167634.12	NLRP7	chr19	54923509	54966312	5	5	5
ENSG00000275012.1	AC011476.8	chr19	54948864	54948993	5	5	5
ENSG00000022556.16	NLRP2	chr19	54953130	55001142	5	5	5
ENSG00000243494.1	AC011476.1	chr19	54973817	54974417	5	5	5
ENSG00000267265.5	AC011476.3	chr19	55006193	55048086	5	5	5
ENSG00000088053.11	GP6	chr19	55013705	55038264	5	5	5
ENSG00000267149.2	AC011476.2	chr19	55027593	55053928	5	5	5
ENSG00000160439.16	RDH13	chr19	55039108	55071291	5	5	5
ENSG00000131037.15	EPS8L1	chr19	55072020	55087923	5	5	5
ENSG00000125503.13	PPP1R12C	chr19	55090914	55117637	5	5	5
ENSG00000287170.1	AC010327.8	chr19	55116420	55123169	5	5	5
ENSG00000267507.1	AC010327.3	chr19	55119250	55120383	5	5	5
ENSG00000275863.1	MIR7975	chr19	55123225	55123292	5	5	5
ENSG00000105048.17	TNNT1	chr19	55132698	55149206	5	5	5
ENSG00000129991.13	TNNI3	chr19	55151767	55157773	5	5	5
ENSG00000267110.1	AC010327.2	chr19	55154757	55160671	5	5	5
ENSG00000167646.14	DNAAF3	chr19	55158661	55166722	5	5	5
ENSG00000267577.1	AC010327.4	chr19	55158939	55177540	5	5	5
ENSG00000239137.1	AC010327.1	chr19	55167171	55167274	5	5	5
ENSG00000129990.15	SYT5	chr19	55171196	55180289	5	5	5
ENSG00000080031.10	PTPRH	chr19	55181247	55209506	5	5	5
ENSG00000286230.1	AC010327.7	chr19	55214287	55217281	5	5	5
ENSG00000267649.1	AC010327.5	chr19	55216660	55221616	5	5	5
ENSG00000180089.6	TMEM86B	chr19	55226638	55228784	5	5	5
ENSG00000276570.1	AC010327.6	chr19	55227219	55230279	5	5	5
ENSG00000105063.19	PPP6R1	chr19	55229779	55259017	5	5	5
ENSG00000275519.1	MIR6804	chr19	55230885	55230952	5	5	5
ENSG00000278328.1	MIR6802	chr19	55239912	55239976	5	5	5
ENSG00000278264.1	MIR6803	chr19	55245186	55245250	5	5	5
ENSG00000133265.11	HSPBP1	chr19	55262223	55280381	5	5	5
ENSG00000160469.17	BRSK1	chr19	55282072	55312562	5	5	5
ENSG00000268729.1	AC020922.2	chr19	55312029	55312495	5	5	5
ENSG00000180061.10	TMEM150B	chr19	55312801	55334048	5	5	5
ENSG00000276831.1	AC020922.4	chr19	55338945	55339283	5	5	5
ENSG00000133247.14	KMT5C	chr19	55339853	55348121	5	5	5
ENSG00000160471.13	COX6B2	chr19	55349306	55354719	5	5	5
ENSG00000267706.3	AC020922.1	chr19	55352301	55359516	5	5	5
ENSG00000180043.11	FAM71E2	chr19	55354908	55363260	5	5	5
ENSG00000095752.7	IL11	chr19	55364382	55370463	5	5	5
ENSG00000160472.5	TMEM190	chr19	55376826	55378246	5	5	5
ENSG00000269275.1	AC020922.3	chr19	55377579	55378125	5	5	5
ENSG00000233493.4	TMEM238	chr19	55379244	55384292	5	5	5
ENSG00000108107.15	RPL28	chr19	55385932	55403250	5	5	5
ENSG00000284029.1	MIR6805	chr19	55388181	55388242	5	5	5
ENSG00000108106.14	UBE2S	chr19	55399745	55407788	5	5	5
ENSG00000187902.11	SHISA7	chr19	55428740	55442863	5	5	5
ENSG00000063241.8	ISOC2	chr19	55452985	55462343	5	5	5
ENSG00000283567.1	C19orf85	chr19	55463002	55464707	5	5	5
ENSG00000279063.1	AC008735.5	chr19	55467438	55467934	5	5	5
ENSG00000269859.1	AC008735.3	chr19	55475983	55476482	5	5	5
ENSG00000197483.10	ZNF628	chr19	55476617	55484487	5	5	5
ENSG00000090971.5	NAT14	chr19	55485188	55487568	5	5	5
ENSG00000179954.16	SSC5D	chr19	55488404	55519099	5	5	5
ENSG00000187550.9	SBK2	chr19	55528611	55537133	5	5	5
ENSG00000231274.5	SBK3	chr19	55540656	55545543	5	5	5
ENSG00000218891.5	ZNF579	chr19	55576774	55580848	5	5	5
ENSG00000179943.8	FIZ1	chr19	55591376	55601970	5	5	5
ENSG00000171443.7	ZNF524	chr19	55600022	55603138	5	5	5
ENSG00000261221.4	ZNF865	chr19	55605647	55617269	5	5	5
ENSG00000276488.1	AC008735.4	chr19	55612490	55613097	5	5	5
ENSG00000179922.6	ZNF784	chr19	55620741	55624566	5	5	5
ENSG00000213015.9	ZNF580	chr19	55635016	55643470	5	5	5
ENSG00000171425.10	ZNF581	chr19	55635459	55645623	5	5	5
ENSG00000173581.8	CCDC106	chr19	55641062	55653161	5	5	5
ENSG00000063244.13	U2AF2	chr19	55654146	55674716	5	5	5
ENSG00000267523.1	AC008735.2	chr19	55661901	55674715	5	5	5
ENSG00000267096.1	AC008735.1	chr19	55670632	55672069	5	5	5
ENSG00000063245.15	EPN1	chr19	55675226	55709858	5	5	5
ENSG00000267117.1	AC010525.1	chr19	55694118	55694558	5	5	5
ENSG00000267689.1	AC010525.2	chr19	55705978	55706172	5	5	5
ENSG00000268593.3	AC008749.1	chr19	55707550	55707855	5	5	5
ENSG00000185792.10	NLRP9	chr19	55708438	55738402	5	5	5
ENSG00000222524.1	RN7SKP109	chr19	55737285	55737600	5	5	5
ENSG00000223638.3	RFPL4A	chr19	55759014	55763175	5	5	5
ENSG00000229292.2	RFPL4AL1	chr19	55769118	55773420	5	5	5
ENSG00000255238.1	RFPL4AP1	chr19	55777553	55778900	5	5	5
ENSG00000179873.14	NLRP11	chr19	55785397	55836800	5	5	5
ENSG00000160505.16	NLRP4	chr19	55836540	55881855	5	5	5
ENSG00000173572.11	NLRP13	chr19	55891699	55932336	5	5	5
ENSG00000179709.8	NLRP8	chr19	55947832	55988629	5	5	5
ENSG00000171487.15	NLRP5	chr19	55999726	56061810	5	5	5
ENSG00000267522.1	LINC01864	chr19	56066684	56078801	5	5	5
ENSG00000142409.6	ZNF787	chr19	56087366	56121295	5	5	5
ENSG00000223060.1	Y_RNA	chr19	56105416	56105510	5	5	5
ENSG00000279959.1	AC024580.2	chr19	56127236	56127466	5	5	5
ENSG00000167685.15	ZNF444	chr19	56132599	56160893	5	5	5
ENSG00000279794.1	AC024580.1	chr19	56149817	56150490	5	5	5
ENSG00000197487.9	GALP	chr19	56176008	56185775	5	5	5
ENSG00000197213.10	ZSCAN5B	chr19	56189570	56197920	5	5	5
ENSG00000204532.7	ZSCAN5C	chr19	56202301	56209452	5	5	5
ENSG00000242411.2	AC011506.1	chr19	56217168	56217777	5	5	5
ENSG00000131848.9	ZSCAN5A	chr19	56219670	56368383	5	5	5
ENSG00000267908.2	ZSCAN5DP	chr19	56244043	56247482	5	5	5
ENSG00000267710.9	EDDM13	chr19	56272748	56310454	5	5	5
ENSG00000267298.1	AC006116.5	chr19	56311928	56312486	5	5	5
ENSG00000267549.6	AC006116.7	chr19	56314703	56365316	5	5	5
ENSG00000200646.1	Y_RNA	chr19	56316524	56316636	5	5	5
ENSG00000213014.3	VN2R17P	chr19	56317177	56318008	5	5	5
ENSG00000266907.1	AC006116.1	chr19	56319790	56322310	5	5	5
ENSG00000267145.1	AC006116.3	chr19	56338288	56338648	5	5	5
ENSG00000266932.1	AC006116.2	chr19	56342432	56343419	5	5	5
ENSG00000267429.1	AC006116.6	chr19	56347081	56348183	5	5	5
ENSG00000267606.1	AC006116.8	chr19	56354493	56368053	5	5	5
ENSG00000240225.10	ZNF542P	chr19	56368099	56379828	5	5	5
ENSG00000018869.17	ZNF582	chr19	56375846	56393545	5	5	5
ENSG00000285996.1	AC006116.9	chr19	56380230	56383924	5	5	5
ENSG00000267781.1	SLC25A36P1	chr19	56386226	56386690	5	5	5
ENSG00000267192.1	AC006116.4	chr19	56387412	56388424	5	5	5
ENSG00000267454.6	ZNF582-AS1	chr19	56393656	56399172	5	5	5
ENSG00000198440.9	ZNF583	chr19	56397966	56436035	5	5	5
ENSG00000198046.12	ZNF667	chr19	56439325	56478065	5	5	5
ENSG00000166770.11	ZNF667-AS1	chr19	56477250	56504362	5	5	5
ENSG00000279405.1	AC004696.2	chr19	56480397	56483977	5	5	5
ENSG00000276578.1	AC004696.1	chr19	56485923	56494280	5	5	5
ENSG00000196263.8	ZNF471	chr19	56507850	56530221	5	5	5
ENSG00000267224.1	AC005498.1	chr19	56535299	56535763	5	5	5
ENSG00000267421.6	AC005498.2	chr19	56536156	56538575	5	5	5
ENSG00000196867.8	ZFP28	chr19	56538948	56556808	5	5	5
ENSG00000269696.2	AC005498.3	chr19	56545566	56567411	5	5	5
ENSG00000197016.12	ZNF470	chr19	56567468	56588911	5	5	5
ENSG00000268847.1	SIGLEC31P	chr19	56589495	56590281	5	5	5
ENSG00000197951.10	ZNF71	chr19	56595300	56626481	5	5	5
ENSG00000269793.7	ZIM2-AS1	chr19	56595313	56799602	5	5	5
ENSG00000268182.6	SMIM17	chr19	56643159	56657247	5	5	5
ENSG00000127903.14	ZNF835	chr19	56661980	56671783	5	5	5
ENSG00000286125.1	AC006115.2	chr19	56669941	56823395	5	5	5
ENSG00000268067.3	OR5AH1P	chr19	56760933	56761215	5	5	5
ENSG00000269699.6	ZIM2	chr19	56774547	56840729	5	5	5
ENSG00000268407.1	AC006115.1	chr19	56793048	56793249	5	5	5
ENSG00000198300.14	PEG3	chr19	56810077	56840728	5	5	5
ENSG00000268654.2	MIMT1	chr19	56840866	56848556	5	5	5
ENSG00000274777.1	AC004792.1	chr19	56848068	56848204	5	5	5
ENSG00000269786.1	AC044792.1	chr19	56922018	56922213	5	5	5
ENSG00000268483.1	RPL7AP69	chr19	57065334	57066139	5	5	5
ENSG00000274219.1	AC025588.4	chr19	57111120	57112027	5	5	5
ENSG00000131864.10	USP29	chr19	57119138	57131926	5	5	5
ENSG00000141946.1	ZIM3	chr19	57134096	57145202	5	5	5
ENSG00000270293.1	AC025588.2	chr19	57150513	57150978	5	5	5
ENSG00000270790.1	AC025588.3	chr19	57151587	57151860	5	5	5
ENSG00000258873.3	DUXA	chr19	57154021	57167485	5	5	5
ENSG00000268379.1	AC025588.1	chr19	57175233	57177921	5	5	5
ENSG00000083844.10	ZNF264	chr19	57191500	57222846	5	5	5
ENSG00000105146.13	AURKC	chr19	57230802	57235548	5	5	5
ENSG00000204524.7	ZNF805	chr19	57240632	57262728	5	5	5
ENSG00000268713.1	AC005261.3	chr19	57261354	57262738	5	5	5
ENSG00000267871.6	ZNF460-AS1	chr19	57267211	57280334	5	5	5
ENSG00000197714.9	ZNF460	chr19	57280051	57294069	5	5	5
ENSG00000279541.1	AC005261.5	chr19	57293083	57294469	5	5	5
ENSG00000268205.1	AC005261.1	chr19	57304305	57308562	5	5	5
ENSG00000268723.1	AC005261.4	chr19	57317208	57317562	5	5	5
ENSG00000178229.8	ZNF543	chr19	57320472	57330770	5	5	5
ENSG00000268678.1	AC005261.2	chr19	57350848	57352012	5	5	5
ENSG00000131845.15	ZNF304	chr19	57351271	57359898	5	5	5
ENSG00000152433.15	ZNF547	chr19	57363477	57379565	5	5	5
ENSG00000256060.3	TRAPPC2B	chr19	57363551	57365405	5	5	5
ENSG00000268133.1	AC003002.1	chr19	57363566	57398584	5	5	5
ENSG00000188785.12	ZNF548	chr19	57389850	57402992	5	5	5
ENSG00000269533.5	AC003002.3	chr19	57389884	57419994	5	5	5
ENSG00000268533.1	AC003002.2	chr19	57394183	57438457	5	5	5
ENSG00000186272.13	ZNF17	chr19	57411161	57421934	5	5	5
ENSG00000186230.7	ZNF749	chr19	57435325	57447101	5	5	5
ENSG00000268163.1	AC004076.1	chr19	57437970	57477536	5	5	5
ENSG00000276449.1	AC004076.2	chr19	57449689	57453011	5	5	5
ENSG00000178201.4	VN1R1	chr19	57454790	57457142	5	5	5
ENSG00000268545.1	VN1R107P	chr19	57459912	57460120	5	5	5
ENSG00000197128.12	ZNF772	chr19	57466663	57477570	5	5	5
ENSG00000268266.1	AC003005.2	chr19	57477649	57482996	5	5	5
ENSG00000105136.21	ZNF419	chr19	57487711	57496098	5	5	5
ENSG00000268107.6	AC003005.1	chr19	57487718	57517559	5	5	5
ENSG00000152439.13	ZNF773	chr19	57499915	57518404	5	5	5
ENSG00000121406.9	ZNF549	chr19	57527325	57557542	5	5	5
ENSG00000251369.9	ZNF550	chr19	57535257	57559863	5	5	5
ENSG00000083817.9	ZNF416	chr19	57571566	57578911	5	5	5
ENSG00000171649.12	ZIK1	chr19	57578456	57593890	5	5	5
ENSG00000183647.10	ZNF530	chr19	57599885	57612722	5	5	5
ENSG00000213762.12	ZNF134	chr19	57614233	57624724	5	5	5
ENSG00000268392.1	AC003682.1	chr19	57625032	57626950	5	5	5
ENSG00000121417.14	ZNF211	chr19	57630395	57644041	5	5	5
ENSG00000269097.1	TPRG1LP1	chr19	57664280	57665039	5	5	5
ENSG00000180532.10	ZSCAN4	chr19	57668935	57679152	5	5	5
ENSG00000204519.11	ZNF551	chr19	57681969	57717301	5	5	5
ENSG00000269026.2	AC003006.1	chr19	57682045	57753575	5	5	5
ENSG00000179909.15	ZNF154	chr19	57697367	57709194	5	5	5
ENSG00000083814.13	ZNF671	chr19	57719751	57727624	5	5	5
ENSG00000152443.13	ZNF776	chr19	57746815	57758148	5	5	5
ENSG00000083828.16	ZNF586	chr19	57769655	57819939	5	5	5
ENSG00000178935.5	ZNF552	chr19	57803841	57814913	5	5	5
ENSG00000268750.7	AC010522.1	chr19	57819719	57858941	5	5	5
ENSG00000269343.9	ZNF587B	chr19	57819721	57846238	5	5	5
ENSG00000269304.1	FKBP1AP1	chr19	57826461	57826778	5	5	5
ENSG00000204514.10	ZNF814	chr19	57848731	57889074	5	5	5
ENSG00000198466.12	ZNF587	chr19	57849859	57865117	5	5	5
ENSG00000269867.1	AC010326.3	chr19	57867038	57868172	5	5	5
ENSG00000270804.1	AC010326.4	chr19	57867885	57868834	5	5	5
ENSG00000269476.1	AC010326.2	chr19	57876765	57916591	5	5	5
ENSG00000173480.11	ZNF417	chr19	57900296	57916610	5	5	5
ENSG00000196724.13	ZNF418	chr19	57921882	57935402	5	5	5
ENSG00000152454.4	ZNF256	chr19	57940833	57947706	5	5	5
ENSG00000243234.1	AC010326.1	chr19	57953158	57953759	5	5	5
ENSG00000177025.3	C19orf18	chr19	57958437	57974534	5	5	5
ENSG00000166704.11	ZNF606	chr19	57977053	58003349	5	5	5
ENSG00000176593.8	AC008969.1	chr19	58002061	58011232	5	5	5
ENSG00000235974.1	VN2R19P	chr19	58012589	58025926	5	5	5
ENSG00000286949.1	AC008969.2	chr19	58016695	58025589	5	5	5
ENSG00000152467.10	ZSCAN1	chr19	58034025	58054631	5	5	5
ENSG00000268660.1	LETM1P2	chr19	58044592	58046769	5	5	5
ENSG00000270837.1	HNRNPDLP4	chr19	58049046	58049346	5	5	5
ENSG00000176293.20	ZNF135	chr19	58059239	58086310	5	5	5
ENSG00000243642.3	RN7SL526P	chr19	58069970	58070288	5	5	5
ENSG00000121413.13	ZSCAN18	chr19	58083838	58118427	5	5	5
ENSG00000181894.15	ZNF329	chr19	58126248	58155110	5	5	5
ENSG00000268293.1	AC008751.1	chr19	58136713	58137054	5	5	5
ENSG00000286632.1	AC008751.3	chr19	58155864	58177576	5	5	5
ENSG00000269236.1	AC008751.2	chr19	58166166	58167145	5	5	5
ENSG00000171606.18	ZNF274	chr19	58183029	58213562	5	5	5
ENSG00000213013.4	RPS15AP36	chr19	58216180	58216561	5	5	5
ENSG00000268866.1	AC020915.3	chr19	58224506	58225469	5	5	5
ENSG00000198131.14	ZNF544	chr19	58228594	58277495	5	5	5
ENSG00000283515.1	AC020915.4	chr19	58228914	58315183	5	5	5
ENSG00000268516.2	AC020915.2	chr19	58257270	58278808	5	5	5
ENSG00000268201.1	AC020915.1	chr19	58266635	58267685	5	5	5
ENSG00000278129.2	ZNF8	chr19	58278955	58302791	5	5	5
ENSG00000267216.1	ZNF8-ERVK3-1	chr19	58278966	58315197	5	5	5
ENSG00000142396.10	ERVK3-1	chr19	58305319	58315663	5	5	5
ENSG00000283103.3	AC010642.2	chr19	58309727	58327248	5	5	5
ENSG00000269794.1	AC010642.1	chr19	58319277	58320489	5	5	5
ENSG00000182318.6	ZSCAN22	chr19	58326994	58342332	5	5	5
ENSG00000277588.1	MIR6806	chr19	58334688	58334751	5	5	5
ENSG00000121410.12	A1BG	chr19	58345178	58353492	5	5	5
ENSG00000268230.5	AC012313.3	chr19	58346854	58362751	5	5	5
ENSG00000268895.6	A1BG-AS1	chr19	58347718	58355455	5	5	5
ENSG00000279611.1	AC012313.10	chr19	58350795	58351720	5	5	5
ENSG00000174586.11	ZNF497	chr19	58354357	58362848	5	5	5
ENSG00000268049.1	AC012313.2	chr19	58357999	58359603			
ENSG00000269054.2	AC012313.6	chr19	58362583	58367593			
ENSG00000252211.1	RNA5SP473	chr19	58363438	58363562			
ENSG00000152475.7	ZNF837	chr19	58367618	58381030			
ENSG00000083845.9	RPS5	chr19	58386400	58394806			
ENSG00000266640.1	MIR4754	chr19	58386770	58386858			
ENSG00000269855.2	RNF225	chr19	58396090	58397079			
ENSG00000268307.1	LINC02560	chr19	58400221	58400679			
ENSG00000171574.18	ZNF584	chr19	58401504	58418327			
ENSG00000232098.3	AC012313.1	chr19	58404238	58408484			
ENSG00000268543.1	AC012313.4	chr19	58418560	58419310			
ENSG00000268912.1	AC012313.5	chr19	58428632	58431148			
ENSG00000131849.12	ZNF132	chr19	58432814	58440153			
ENSG00000269473.1	AC012313.8	chr19	58440448	58445849			
ENSG00000249471.8	ZNF324B	chr19	58451611	58457833			
ENSG00000083812.12	ZNF324	chr19	58467045	58475436			
ENSG00000083838.16	ZNF446	chr19	58474017	58481230			
ENSG00000269106.1	AC012313.7	chr19	58475355	58475763			
ENSG00000083807.10	SLC27A5	chr19	58479512	58512413			
ENSG00000252334.1	RNU6-1337P	chr19	58483749	58483843			
ENSG00000265272.2	RN7SL693P	chr19	58490797	58491075			
ENSG00000273901.1	AC012313.9	chr19	58500505	58501137			
ENSG00000119574.13	ZBTB45	chr19	58513530	58538911			
ENSG00000264910.2	RN7SL525P	chr19	58543299	58543578			
ENSG00000130726.12	TRIM28	chr19	58544064	58550722			
ENSG00000275924.1	MIR6807	chr19	58550285	58550376			
ENSG00000130724.9	CHMP2A	chr19	58551566	58555105			
ENSG00000130725.8	UBE2M	chr19	58555712	58558954			
ENSG00000267858.6	MZF1-AS1	chr19	58559129	58574797			
ENSG00000099326.9	MZF1	chr19	58561931	58573575			
ENSG00000213753.11	CENPBD1P1	chr19	58573503	58605223			
ENSG00000286104.1	AC016629.3	chr19	58575445	58601316			
ENSG00000269032.1	AC016629.1	chr19	58586158	58586356			
ENSG00000269600.2	AC016629.2	chr19	58593134	58599355			
ENSG00000178591.7	DEFB125	chr20	87250	97094			
ENSG00000125788.6	DEFB126	chr20	142590	145751			
ENSG00000088782.5	DEFB127	chr20	157454	159163			
ENSG00000185982.7	DEFB128	chr20	187853	189711			
ENSG00000125903.4	DEFB129	chr20	227258	229886			
ENSG00000186458.5	DEFB132	chr20	257724	261096			
ENSG00000272874.1	AL034548.1	chr20	267186	268857			
ENSG00000196476.12	C20orf96	chr20	270863	290778			
ENSG00000247315.4	ZCCHC3	chr20	297570	300321			
ENSG00000286158.1	AL034548.2	chr20	311731	313237			
ENSG00000225377.6	NRSN2-AS1	chr20	316860	348490			
ENSG00000177732.8	SOX12	chr20	325595	330224			
ENSG00000125841.13	NRSN2	chr20	346782	359660			
ENSG00000101255.11	TRIB3	chr20	362835	397559			
ENSG00000125826.21	RBCK1	chr20	407498	432139			
ENSG00000125875.14	TBC1D20	chr20	435480	462543			
ENSG00000206797.1	Y_RNA	chr20	450663	450762			
ENSG00000101266.19	CSNK2A1	chr20	472498	543835	6	6	6
ENSG00000125878.6	TCF15	chr20	603797	610398	6	6	6
ENSG00000271303.2	SRXN1	chr20	646615	653200	6	6	6
ENSG00000270299.1	AL121758.1	chr20	646626	675800	6	6	6
ENSG00000215397.4	SCRT2	chr20	661596	675802	6	6	6
ENSG00000101276.18	SLC52A3	chr20	760080	776015	6	6	6
ENSG00000125898.13	FAM110A	chr20	833715	857463	6	6	6
ENSG00000101278.6	RPS10P5	chr20	839447	839977	6	6	6
ENSG00000101280.8	ANGPT4	chr20	869900	916334	6	6	6
ENSG00000101282.9	RSPO4	chr20	958452	1002311	6	6	6
ENSG00000286787.1	AL110114.1	chr20	1023874	1118467	6	6	6
ENSG00000125818.18	PSMF1	chr20	1113240	1189415	6	6	6
ENSG00000215388.3	ACTG1P3	chr20	1160584	1161697	6	6	6
ENSG00000125895.5	TMEM74B	chr20	1180561	1185415	6	6	6
ENSG00000274269.1	AL031665.1	chr20	1186092	1207036	6	6	6
ENSG00000215595.2	C20orf202	chr20	1203454	1208279	6	6	6
ENSG00000244588.5	RAD21L1	chr20	1226056	1296421	6	6	6
ENSG00000101298.15	SNPH	chr20	1266280	1309328	6	6	6
ENSG00000125775.15	SDCBP2	chr20	1309909	1329139	6	6	6
ENSG00000274322.1	AL136531.2	chr20	1317571	1393096	6	6	6
ENSG00000280162.1	AL136531.3	chr20	1320710	1324367	6	6	6
ENSG00000234684.7	SDCBP2-AS1	chr20	1325405	1378735	6	6	6
ENSG00000229728.1	AL136531.1	chr20	1361622	1362585	6	6	6
ENSG00000088832.18	FKBP1A	chr20	1368977	1393164	6	6	6
ENSG00000284436.1	MIR6869	chr20	1392900	1392961	6	6	6
ENSG00000088833.17	NSFL1C	chr20	1442162	1473842	6	6	6
ENSG00000196209.13	SIRPB2	chr20	1470741	1491587	6	6	6
ENSG00000242324.1	AL049634.1	chr20	1516759	1557653	6	6	6
ENSG00000252103.1	RNU6-917P	chr20	1529056	1529159	6	6	6
ENSG00000125900.13	SIRPD	chr20	1534251	1557705	6	6	6
ENSG00000260861.6	AL049634.2	chr20	1540144	1620009	6	6	6
ENSG00000101307.16	SIRPB1	chr20	1561385	1620061	6	6	6
ENSG00000271523.1	AL049634.3	chr20	1591392	1591848	6	6	6
ENSG00000089012.14	SIRPG	chr20	1629152	1657779	6	6	6
ENSG00000237914.5	SIRPG-AS1	chr20	1633508	1648472	6	6	6
ENSG00000223750.1	SIRPB3P	chr20	1665283	1708200	6	6	6
ENSG00000242348.3	RN7SL561P	chr20	1666360	1666640	6	6	6
ENSG00000236550.1	AL109809.3	chr20	1676662	1676907	6	6	6
ENSG00000234282.1	AL109809.2	chr20	1722045	1722537	6	6	6
ENSG00000286288.1	AL109809.4	chr20	1729038	1817765	6	6	6
ENSG00000271461.1	CKAP2LP1	chr20	1756756	1758940	6	6	6
ENSG00000232528.3	AL109809.1	chr20	1767957	1779995	6	6	6
ENSG00000276649.1	AL117335.1	chr20	1888128	1894374	6	6	6
ENSG00000198053.12	SIRPA	chr20	1894167	1940592	6	6	6
ENSG00000233896.2	PDYN-AS1	chr20	1947246	2030028	6	6	6
ENSG00000101327.9	PDYN	chr20	1978757	1994285	6	6	6
ENSG00000227663.1	RPL7P2	chr20	2075555	2075822	6	6	6
ENSG00000125834.13	STK35	chr20	2101827	2177038	6	6	6
ENSG00000286108.1	AL359916.1	chr20	2107900	2109991	6	6	6
ENSG00000287213.1	AL121899.3	chr20	2194074	2201329	6	6	6
ENSG00000287561.1	AL121899.4	chr20	2206683	2207397	6	6	6
ENSG00000226644.5	AL121899.1	chr20	2207217	2213151	6	6	6
ENSG00000286022.1	AL121899.2	chr20	2207328	2341059	6	6	6
ENSG00000125780.12	TGM3	chr20	2296001	2341079	6	6	6
ENSG00000166948.10	TGM6	chr20	2380901	2432753	6	6	6
ENSG00000207305.1	Y_RNA	chr20	2453010	2453117	6	6	6
ENSG00000125835.19	SNRPB	chr20	2461634	2470853	6	6	6
ENSG00000256566.1	AL049650.1	chr20	2467212	2508907	6	6	6
ENSG00000088876.13	ZNF343	chr20	2481817	2524702	6	6	6
ENSG00000149488.13	TMC2	chr20	2536607	2641784	6	6	6
ENSG00000101361.17	NOP56	chr20	2652593	2658393	6	6	6
ENSG00000284481.1	MIR1292	chr20	2652777	2652842	6	6	6
ENSG00000221116.1	SNORD110	chr20	2654212	2654286	6	6	6
ENSG00000271798.1	SNORA51	chr20	2655067	2655198	6	6	6
ENSG00000212498.1	SNORD86	chr20	2656097	2656182	6	6	6
ENSG00000229686.1	SNORD56	chr20	2656624	2656694	6	6	6
ENSG00000226572.1	SNORD57	chr20	2656939	2657010	6	6	6
ENSG00000101365.21	IDH3B	chr20	2658395	2664219	6	6	6
ENSG00000228293.1	AL049712.1	chr20	2664352	2665874	6	6	6
ENSG00000088881.21	EBF4	chr20	2692874	2760108	6	6	6
ENSG00000226217.1	RPL19P1	chr20	2780614	2781041	6	6	6
ENSG00000088882.8	CPXM1	chr20	2794074	2800627	6	6	6
ENSG00000241690.3	AL035460.1	chr20	2814968	2818066	6	6	6
ENSG00000258713.3	C20orf141	chr20	2814987	2815833	6	6	6
ENSG00000198326.10	TMEM239	chr20	2816302	2820284	6	6	6
ENSG00000132635.17	PCED1A	chr20	2835314	2841190	6	6	6
ENSG00000215305.10	VPS16	chr20	2840703	2866732	6	6	6
ENSG00000132670.20	PTPRA	chr20	2864184	3039076	6	6	6
ENSG00000125787.11	GNRH2	chr20	3043622	3045747	6	6	6
ENSG00000125901.6	MRPS26	chr20	3046052	3048250	6	6	6
ENSG00000101405.3	OXT	chr20	3071620	3072517	6	6	6
ENSG00000101200.5	AVP	chr20	3082556	3084724	6	6	6
ENSG00000263905.2	RN7SL555P	chr20	3094171	3094509	6	6	6
ENSG00000235958.5	UBOX5-AS1	chr20	3106913	3150867	6	6	6
ENSG00000185019.17	UBOX5	chr20	3107573	3160196	6	6	6
ENSG00000215251.4	FASTKD5	chr20	3146519	3159865	6	6	6
ENSG00000088899.15	LZTS3	chr20	3162617	3173592	6	6	6
ENSG00000198171.13	DDRGK1	chr20	3190350	3204685	6	6	6
ENSG00000125877.13	ITPA	chr20	3208868	3223870	6	6	6
ENSG00000088836.14	SLC4A11	chr20	3227417	3239559	6	6	6
ENSG00000277287.1	AL109976.1	chr20	3239705	3245382	6	6	6
ENSG00000088854.12	C20orf194	chr20	3249305	3407625	6	6	6
ENSG00000201294.1	RNU6-1019P	chr20	3360036	3360142	6	6	6
ENSG00000226632.1	UBE2V1P1	chr20	3361880	3362324	6	6	6
ENSG00000201346.2	U3	chr20	3384229	3384440	6	6	6
ENSG00000288577.1	AL117334.1	chr20	3406380	3410036	6	6	6
ENSG00000225116.1	AL353193.1	chr20	3465177	3465444	6	6	6
ENSG00000088812.18	ATRN	chr20	3471018	3651118	6	6	6
ENSG00000230568.1	SF3A3P1	chr20	3489529	3491005	6	6	6
ENSG00000125861.16	GFRA4	chr20	3659248	3663399	6	6	6
ENSG00000149451.18	ADAM33	chr20	3667965	3682246	6	6	6
ENSG00000088827.12	SIGLEC1	chr20	3686970	3707128	6	6	6
ENSG00000132622.11	HSPA12B	chr20	3732685	3753111	6	6	6
ENSG00000101220.18	C20orf27	chr20	3753508	3767781	6	6	6
ENSG00000101222.12	SPEF1	chr20	3777504	3781448	6	6	6
ENSG00000125817.8	CENPB	chr20	3783851	3786740	6	6	6
ENSG00000101224.17	CDC25B	chr20	3786772	3806121	6	6	6
ENSG00000275491.1	LINC01730	chr20	3808357	3812434	6	6	6
ENSG00000274949.1	AL109804.1	chr20	3811384	3823882	6	6	6
ENSG00000125843.11	AP5S1	chr20	3820524	3828838	6	6	6
ENSG00000088888.18	MAVS	chr20	3846799	3876123	6	6	6
ENSG00000229539.1	PANK2-AS1	chr20	3888239	3888868	6	6	6
ENSG00000125779.22	PANK2	chr20	3888839	3929882	6	6	6
ENSG00000199024.1	MIR103A2	chr20	3917494	3917571	6	6	6
ENSG00000283320.1	MIR103B2	chr20	3917502	3917563	6	6	6
ENSG00000275582.1	AL031670.1	chr20	3921279	3923400	6	6	6
ENSG00000101236.17	RNF24	chr20	3927309	4015558	6	6	6
ENSG00000226608.3	FTLP3	chr20	4023917	4024444	6	6	6
ENSG00000215063.3	RPL21P2	chr20	4059633	4060113	6	6	6
ENSG00000205300.3	AL356414.1	chr20	4070152	4075165	6	6	6
ENSG00000088826.18	SMOX	chr20	4120980	4187747	6	6	6
ENSG00000230176.3	LINC01433	chr20	4192932	4195953	6	6	6
ENSG00000171873.8	ADRA1D	chr20	4220630	4249287	6	6	6
ENSG00000236387.2	AL139350.1	chr20	4422186	4431732	6	6	6
ENSG00000238282.1	AL121781.1	chr20	4475638	4525200	6	6	6
ENSG00000228210.1	AL121916.1	chr20	4590993	4591300	6	6	6
ENSG00000226948.2	RPS4XP2	chr20	4627758	4685148	6	6	6
ENSG00000171867.17	PRNP	chr20	4686350	4701590	6	6	6
ENSG00000171864.5	PRND	chr20	4721909	4728460	6	6	6
ENSG00000180259.10	PRNT	chr20	4731279	4740668	6	6	6
ENSG00000231071.1	IDI1P3	chr20	4735669	4736673	6	6	6
ENSG00000278595.1	AL133396.1	chr20	4761300	4761696	6	6	6
ENSG00000101265.16	RASSF2	chr20	4780023	4823608	6	6	6
ENSG00000089057.15	SLC23A2	chr20	4852356	5010293	6	6	6
ENSG00000252096.1	AL389886.1	chr20	4868984	4869118	6	6	6
ENSG00000234573.1	AL121890.1	chr20	5013520	5013724	6	6	6
ENSG00000277087.1	AL121890.3	chr20	5045761	5046276	6	6	6
ENSG00000276768.1	AL121890.2	chr20	5049857	5050321	6	6	6
ENSG00000278816.1	AL121890.5	chr20	5061037	5061340	6	6	6
ENSG00000277425.1	AL121890.4	chr20	5066082	5068154	6	6	6
ENSG00000089063.15	TMEM230	chr20	5068232	5113103	6	6	6
ENSG00000212536.1	RNA5SP474	chr20	5098387	5098476	6	6	6
ENSG00000252367.1	Y_RNA	chr20	5113993	5114083	6	6	6
ENSG00000132646.11	PCNA	chr20	5114953	5126626	6	6	6
ENSG00000212517.1	AL121924.1	chr20	5121417	5121539	6	6	6
ENSG00000101290.14	CDS2	chr20	5126879	5197887	6	6	6
ENSG00000225022.1	UBE2D3P1	chr20	5292388	5292831	6	6	6
ENSG00000101292.8	PROKR2	chr20	5299218	5316954	6	6	6
ENSG00000266908.2	AL121757.2	chr20	5318268	5503189	6	6	6
ENSG00000200313.1	RNA5-8SP7	chr20	5346006	5346160	6	6	6
ENSG00000276688.1	AL121757.3	chr20	5407564	5407876	6	6	6
ENSG00000226995.9	LINC00658	chr20	5426892	5471094	6	6	6
ENSG00000230563.4	AL121757.1	chr20	5445838	5475483	6	6	6
ENSG00000205181.7	LINC00654	chr20	5482736	5526709	6	6	6
ENSG00000225640.1	LINC01729	chr20	5507875	5510002	6	6	6
ENSG00000225831.1	RPS18P1	chr20	5532878	5533335	6	6	6
ENSG00000235820.1	AL109935.1	chr20	5533628	5535889	6	6	6
ENSG00000125772.14	GPCPD1	chr20	5544439	5611006	6	6	6
ENSG00000233578.1	EIF4EP1	chr20	5548840	5549481	6	6	6
ENSG00000171984.15	SHLD1	chr20	5750393	5864395	6	6	6
ENSG00000202380.1	RNU1-55P	chr20	5890055	5890212	6	6	6
ENSG00000089199.10	CHGB	chr20	5911510	5925353	6	6	6
ENSG00000215589.3	KANK1P1	chr20	5928085	5929318	6	6	6
ENSG00000089195.15	TRMT6	chr20	5937228	5950558	6	6	6
ENSG00000125885.13	MCM8	chr20	5950652	5998977	6	6	6
ENSG00000286235.1	AL035461.3	chr20	5950949	6039856	6	6	6
ENSG00000207380.1	Y_RNA	chr20	5964538	5964650	6	6	6
ENSG00000231961.1	AL035461.1	chr20	5965180	5965511	6	6	6
ENSG00000278719.1	MCM8-AS1	chr20	5990943	6005821	6	6	6
ENSG00000275632.1	AL035461.2	chr20	6000418	6000941	6	6	6
ENSG00000263755.2	RN7SL498P	chr20	6001733	6002030	6	6	6
ENSG00000088766.12	CRLS1	chr20	6006093	6040053	6	6	6
ENSG00000125872.8	LRRN4	chr20	6040546	6054060	6	6	6
ENSG00000278192.1	AL118505.1	chr20	6065966	6067897	6	6	6
ENSG00000101311.16	FERMT1	chr20	6074845	6123030	6	6	6
ENSG00000233402.1	TARDBPP1	chr20	6200989	6202191	6	6	6
ENSG00000234241.1	AL109618.1	chr20	6213699	6215381	6	6	6
ENSG00000271565.1	AL109618.2	chr20	6219199	6219443	6	6	6
ENSG00000276915.1	AL109618.3	chr20	6220330	6220759	6	6	6
ENSG00000229876.1	CASC20	chr20	6446723	6528459	6	6	6
ENSG00000228482.2	LINC01713	chr20	6731080	6736326	6	6	6
ENSG00000125845.7	BMP2	chr20	6767686	6780246	6	6	6
ENSG00000232271.1	AL096799.1	chr20	7069614	7146656	6	6	6
ENSG00000228888.1	LINC01428	chr20	7146467	7254202	6	6	6
ENSG00000238102.2	AL080248.1	chr20	7255053	7258323	6	6	6
ENSG00000261249.1	LINC01751	chr20	7302056	7307432	6	6	6
ENSG00000224711.2	LINC01706	chr20	7347451	7367933	6	6	6
ENSG00000278159.1	MIR8062	chr20	7371608	7371692	6	6	6
ENSG00000240584.3	RN7SL547P	chr20	7633562	7633851	6	6	6
ENSG00000215586.2	AL031679.1	chr20	7831798	7832322	6	6	6
ENSG00000277315.1	AL021879.1	chr20	7867327	7867614	6	6	6
ENSG00000101323.5	HAO1	chr20	7882985	7940458	6	6	6
ENSG00000125827.9	TMX4	chr20	7977346	8019805	6	6	6
ENSG00000229766.7	AL021396.1	chr20	8019180	8043512	6	6	6
ENSG00000182621.18	PLCB1	chr20	8077251	8968360	6	6	6
ENSG00000226262.1	PHKBP1	chr20	8097824	8099774	6	6	6
ENSG00000225479.1	PLCB1-IT1	chr20	8248704	8256918	6	6	6
ENSG00000201348.1	RNU105B	chr20	8831186	8831393	6	6	6
ENSG00000228438.1	AL445567.1	chr20	8929895	8930038	6	6	6
ENSG00000276385.1	AL445567.2	chr20	8934984	8935481	6	6	6
ENSG00000275222.1	Metazoa_SRP	chr20	8998849	8999100	6	6	6
ENSG00000101333.17	PLCB4	chr20	9068763	9481242	6	6	6
ENSG00000225988.1	LAMP5-AS1	chr20	9505180	9514998	6	6	6
ENSG00000125869.10	LAMP5	chr20	9514358	9530524	6	6	6
ENSG00000101349.17	PAK5	chr20	9537370	9839076	6	6	6
ENSG00000286740.1	AL353612.2	chr20	9562941	9571257	6	6	6
ENSG00000232738.1	AL353612.1	chr20	9575608	9577689	6	6	6
ENSG00000286470.1	AL034427.1	chr20	9835556	9873900	6	6	6
ENSG00000243961.2	PARAL1	chr20	9986088	10007116	6	6	6
ENSG00000132623.16	ANKEF1	chr20	9986126	10058303	6	6	6
ENSG00000227906.8	SNAP25-AS1	chr20	10006381	10368776	6	6	6
ENSG00000276525.1	Metazoa_SRP	chr20	10025917	10026168	6	6	6
ENSG00000230506.2	AL354824.1	chr20	10172522	10200824	6	6	6
ENSG00000232448.2	AL354824.2	chr20	10172701	10186740	6	6	6
ENSG00000132639.13	SNAP25	chr20	10218830	10307418	6	6	6
ENSG00000286936.1	AL023913.1	chr20	10317889	10318753	6	6	6
ENSG00000237005.1	HIGD1AP15	chr20	10334419	10334698	6	6	6
ENSG00000214835.3	RPL23AP6	chr20	10349157	10349628	6	6	6
ENSG00000230750.1	SDAD1P2	chr20	10385779	10387806	6	6	6
ENSG00000125863.20	MKKS	chr20	10401009	10434222	6	6	6
ENSG00000285508.1	AL034430.1	chr20	10413520	10431922	6	6	6
ENSG00000285723.1	AL034430.2	chr20	10420546	10420737	6	6	6
ENSG00000149346.15	SLX4IP	chr20	10435305	10636829	6	6	6
ENSG00000235036.4	AL035456.1	chr20	10612861	10614229	6	6	6
ENSG00000101384.12	JAG1	chr20	10637684	10673999	6	6	6
ENSG00000273745.1	MIR6870	chr20	10649636	10649695	6	6	6
ENSG00000270792.6	AL050403.2	chr20	10672695	10994924	6	6	6
ENSG00000224961.3	LINC01752	chr20	10696949	10754033	6	6	6
ENSG00000234900.1	AL135937.1	chr20	10753278	10765286	6	6	6
ENSG00000232900.2	AL050403.1	chr20	10875333	10909279	6	6	6
ENSG00000217809.1	FAT1P1	chr20	10888582	10889088	6	6	6
ENSG00000125899.8	LINC02871	chr20	10996293	11029455	6	6	6
ENSG00000270777.1	AL158042.1	chr20	11001304	11001763	6	6	6
ENSG00000230990.2	AL049649.1	chr20	11234170	11301525	6	6	6
ENSG00000235544.1	RPS11P1	chr20	11345383	11345855	6	6	6
ENSG00000282478.1	AL109837.2	chr20	11536406	11541647	6	6	6
ENSG00000287754.1	AL109837.3	chr20	11566484	11581335	6	6	6
ENSG00000271397.1	AL109837.1	chr20	11608436	11609048	6	6	6
ENSG00000237256.1	PGAM3P	chr20	11621051	11621477	6	6	6
ENSG00000261411.1	AL161938.1	chr20	11685144	11687323	6	6	6
ENSG00000228422.5	LINC00687	chr20	11800463	11878429	6	6	6
ENSG00000222281.1	RN7SKP111	chr20	11818821	11819091	6	6	6
ENSG00000271298.1	AL080274.1	chr20	11838355	11838574	6	6	6
ENSG00000132640.15	BTBD3	chr20	11890723	11926609	6	6	6
ENSG00000236526.1	AL035448.1	chr20	11909404	11918677	6	6	6
ENSG00000235292.2	AL109838.1	chr20	12243308	12318221	6	6	6
ENSG00000230437.1	AL136460.1	chr20	12305613	12316485	6	6	6
ENSG00000235698.1	PA2G4P2	chr20	12380056	12381255	6	6	6
ENSG00000233048.1	LINC01722	chr20	12865202	12952519	6	6	6
ENSG00000269931.2	AL078623.1	chr20	12934877	12937097	6	6	6
ENSG00000286087.1	AL133331.1	chr20	12936262	12940902	6	6	6
ENSG00000234265.2	LINC01723	chr20	12950288	13008417	6	6	6
ENSG00000172296.13	SPTLC3	chr20	13008972	13169103	6	6	6
ENSG00000271426.1	AL109983.1	chr20	13073667	13074312	6	6	6
ENSG00000101230.6	ISM1	chr20	13221274	13300651	6	6	6
ENSG00000226263.1	ISM1-AS1	chr20	13237801	13239674	6	6	6
ENSG00000225956.1	AL050320.1	chr20	13244064	13245369	6	6	6
ENSG00000278153.1	AL121782.1	chr20	13368291	13368703	6	6	6
ENSG00000089123.16	TASP1	chr20	13389392	13638932	6	6	6
ENSG00000236811.1	GAPDHP2	chr20	13392677	13393674	6	6	6
ENSG00000089048.14	ESF1	chr20	13714322	13784886	6	6	6
ENSG00000101247.18	NDUFAF5	chr20	13785007	13821580	6	6	6
ENSG00000101251.13	SEL1L2	chr20	13849247	13996443	6	6	6
ENSG00000212247.1	RNU6-278P	chr20	13973316	13973424	6	6	6
ENSG00000172264.17	MACROD2	chr20	13995369	16053197	6	6	6
ENSG00000230935.1	RPS3P1	chr20	14003508	14003699	6	6	6
ENSG00000234187.1	AIMP1P1	chr20	14127400	14128336	6	6	6
ENSG00000239923.3	RN7SL864P	chr20	14223041	14223325	6	6	6
ENSG00000125848.10	FLRT3	chr20	14322985	14337614	6	6	6
ENSG00000199570.1	RNU6-228P	chr20	14352320	14352425	6	6	6
ENSG00000287062.1	AL121582.1	chr20	14522081	14523314	6	6	6
ENSG00000227563.1	RNF11P2	chr20	14547184	14547623	6	6	6
ENSG00000227927.2	MACROD2-IT1	chr20	14554384	14636524	6	6	6
ENSG00000213950.2	RPS10P2	chr20	14757563	14758056	6	6	6
ENSG00000235914.2	MACROD2-AS1	chr20	14884250	14929528	6	6	6
ENSG00000237832.1	AL138808.1	chr20	14933843	14935363	6	6	6
ENSG00000199803.1	RNU6-1159P	chr20	15021553	15021659	6	6	6
ENSG00000201180.1	RNU6-115P	chr20	15022852	15022958	6	6	6
ENSG00000222500.1	RNA5SP475	chr20	15280764	15280873	6	6	6
ENSG00000225181.1	AL121584.1	chr20	15552157	15552885	6	6	6
ENSG00000224274.1	ENSAP1	chr20	15619494	15619819	6	6	6
ENSG00000286546.1	AL079338.1	chr20	15892355	15985876	6	6	6
ENSG00000287410.1	AL161941.1	chr20	16177933	16259603	6	6	6
ENSG00000225622.1	PPIAP17	chr20	16223750	16224535	6	6	6
ENSG00000089177.19	KIF16B	chr20	16272104	16573448	6	6	6
ENSG00000273998.1	AL049794.1	chr20	16576068	16579615	6	6	6
ENSG00000275728.1	AL049794.2	chr20	16580258	16580622	6	6	6
ENSG00000226229.2	RPLP0P1	chr20	16586333	16586693	6	6	6
ENSG00000200494.1	Y_RNA	chr20	16670641	16670742	6	6	6
ENSG00000235208.2	AL135938.1	chr20	16684108	16684404	6	6	6
ENSG00000228809.2	AL034428.1	chr20	16714844	16730948	6	6	6
ENSG00000125870.11	SNRPB2	chr20	16729961	16742564	6	6	6
ENSG00000125879.5	OTOR	chr20	16748358	16770062	6	6	6
ENSG00000236985.1	AL121892.1	chr20	16857962	16864148	6	6	6
ENSG00000212165.2	U3	chr20	16982831	16983033	6	6	6
ENSG00000251955.1	RNU6-27P	chr20	17187510	17187616	6	6	6
ENSG00000220540.1	AL359511.1	chr20	17188134	17188344	6	6	6
ENSG00000238833.1	RNU1-131P	chr20	17209060	17209220	6	6	6
ENSG00000286571.1	AL359511.2	chr20	17216779	17221913	6	6	6
ENSG00000287241.1	AL359511.3	chr20	17222851	17226146	6	6	6
ENSG00000125851.10	PCSK2	chr20	17226107	17484578	6	6	6
ENSG00000232241.1	DYNLT3P1	chr20	17479085	17479431	6	6	6
ENSG00000125864.14	BFSP1	chr20	17493905	17569220	6	6	6
ENSG00000232333.1	RPS27AP2	chr20	17516843	17517307	6	6	6
ENSG00000277373.1	AL132765.2	chr20	17565501	17565851	6	6	6
ENSG00000125868.16	DSTN	chr20	17570075	17609919	6	6	6
ENSG00000202260.1	RN7SKP69	chr20	17576206	17576510	6	6	6
ENSG00000230495.1	AL132765.1	chr20	17599255	17599807	6	6	6
ENSG00000125844.16	RRBP1	chr20	17613678	17682295	6	6	6
ENSG00000125888.15	BANF2	chr20	17693672	17735871	6	6	6
ENSG00000233625.1	AL035045.1	chr20	17887363	17888160	6	6	6
ENSG00000212555.1	RNU6-192P	chr20	17903762	17903861	6	6	6
ENSG00000089006.17	SNX5	chr20	17941597	17968980	6	6	6
ENSG00000125850.11	OVOL2	chr20	17956979	18059188	6	6	6
ENSG00000212232.1	SNORD17	chr20	17962710	17962946	6	6	6
ENSG00000125871.14	MGME1	chr20	17969018	17991122	6	6	6
ENSG00000218902.3	PTMAP3	chr20	18011955	18012284	6	6	6
ENSG00000229262.1	AL160411.1	chr20	18059493	18071008	6	6	6
ENSG00000227343.1	RPL15P1	chr20	18090116	18090715	6	6	6
ENSG00000252597.1	RNU7-137P	chr20	18095571	18095632	6	6	6
ENSG00000207282.1	Y_RNA	chr20	18113467	18113579	6	6	6
ENSG00000149474.14	KAT14	chr20	18137228	18188387	6	6	6
ENSG00000232838.4	PET117	chr20	18137863	18143169	6	6	6
ENSG00000232943.1	GGCTP2	chr20	18220113	18220512	6	6	6
ENSG00000266720.2	RN7SL14P	chr20	18258554	18258851	6	6	6
ENSG00000252635.1	RNU2-56P	chr20	18265690	18265879	6	6	6
ENSG00000287954.1	AL049646.2	chr20	18270630	18271069	6	6	6
ENSG00000125846.15	ZNF133	chr20	18288283	18316996	6	6	6
ENSG00000230010.2	AL049646.1	chr20	18289343	18359300	6	6	6
ENSG00000199719.1	RN7SKP74	chr20	18295143	18295451	6	6	6
ENSG00000237259.1	ZNF133-AS1	chr20	18313765	18315111	6	6	6
ENSG00000237282.3	LINC00851	chr20	18379049	18381484	6	6	6
ENSG00000089091.16	DZANK1	chr20	18383367	18467281	6	6	6
ENSG00000236474.1	GCNT1P1	chr20	18420160	18421454	6	6	6
ENSG00000252422.1	RNA5SP476	chr20	18433842	18433944	6	6	6
ENSG00000132664.12	POLR3F	chr20	18467389	18484646	6	6	6
ENSG00000265137.3	MIR3192	chr20	18470615	18470691	6	6	6
ENSG00000225419.1	RPL21P3	chr20	18485265	18486052	6	6	6
ENSG00000089050.16	RBBP9	chr20	18486540	18497225	6	6	6
ENSG00000214612.3	RPS19P1	chr20	18504633	18505066	6	6	6
ENSG00000101310.17	SEC23B	chr20	18507520	18561415	6	6	6
ENSG00000232388.5	SMIM26	chr20	18567347	18569563	6	6	6
ENSG00000284776.1	AL121900.1	chr20	18567453	18744216	6	6	6
ENSG00000125821.13	DTD1	chr20	18587942	18766644	6	6	6
ENSG00000243702.3	RN7SL638P	chr20	18592330	18592619	6	6	6
ENSG00000221806.1	RNU6ATAC34P	chr20	18611047	18611167	6	6	6
ENSG00000232136.2	DUXAP7	chr20	18642782	18643634	6	6	6
ENSG00000233993.1	DTD1-AS1	chr20	18674395	18698709	6	6	6
ENSG00000233324.1	EEF1A1P34	chr20	18782424	18783690	6	6	6
ENSG00000179935.10	LINC00652	chr20	18786065	18794579	6	6	6
ENSG00000273148.1	LINC00653	chr20	18794529	18796067	6	6	6
ENSG00000149443.7	SCP2D1-AS1	chr20	18809728	18830153	6	6	6
ENSG00000132631.6	SCP2D1	chr20	18813783	18814378	6	6	6
ENSG00000274863.1	AL135936.1	chr20	19000709	19056796	6	6	6
ENSG00000287430.1	AL136090.2	chr20	19208652	19212164	6	6	6
ENSG00000185052.12	SLC24A3	chr20	19212642	19722926	6	6	6
ENSG00000235996.1	AL136090.1	chr20	19212852	19213477	6	6	6
ENSG00000179447.2	SLC24A3-AS1	chr20	19242302	19284596	6	6	6
ENSG00000232675.7	AL121830.1	chr20	19693209	19697576	6	6	6
ENSG00000268628.2	AL121761.1	chr20	19756390	19758037	6	6	6
ENSG00000132669.13	RIN2	chr20	19757606	20002459	6	6	6
ENSG00000236992.2	RPL12P12	chr20	19823443	19823943	6	6	6
ENSG00000173418.12	NAA20	chr20	20017310	20033655	6	6	6
ENSG00000101343.15	CRNKL1	chr20	20034368	20056046	6	6	6
ENSG00000089101.19	CFAP61	chr20	20052514	20360703	6	6	6
ENSG00000241054.1	AL035454.1	chr20	20094401	20095684	6	6	6
ENSG00000225417.1	AL049648.1	chr20	20214299	20215262	6	6	6
ENSG00000229500.1	RPL17P1	chr20	20253303	20253838	6	6	6
ENSG00000243810.1	CFAP61-AS1	chr20	20258407	20267809	6	6	6
ENSG00000264879.2	RN7SL690P	chr20	20316755	20316994	6	6	6
ENSG00000280229.1	AL161658.1	chr20	20363691	20365657	6	6	6
ENSG00000173404.5	INSM1	chr20	20368104	20370949	6	6	6
ENSG00000188559.15	RALGAPA2	chr20	20389530	20712644	6	6	6
ENSG00000213384.2	EIF4E2P1	chr20	20659710	20659964	6	6	6
ENSG00000270793.1	LLPHP1	chr20	20721187	20721879	6	6	6
ENSG00000278525.1	RN7SL607P	chr20	20738433	20738731	6	6	6
ENSG00000225803.1	MRPS11P1	chr20	20854121	20854642	6	6	6
ENSG00000234104.1	AL133465.1	chr20	20970448	20972562	6	6	6
ENSG00000225127.3	LINC00237	chr20	21085576	21106514	6	6	6
ENSG00000283405.2	AL121759.2	chr20	21089696	21092539	6	6	6
ENSG00000235065.1	RPL24P2	chr20	21114723	21115197	6	6	6
ENSG00000088970.16	KIZ	chr20	21125983	21246622	6	6	6
ENSG00000199509.1	RNA5SP477	chr20	21138956	21139074	6	6	6
ENSG00000228604.3	AL121759.1	chr20	21148741	21162890	6	6	6
ENSG00000232712.6	KIZ-AS1	chr20	21154023	21218289	6	6	6
ENSG00000214535.3	RPS15AP1	chr20	21166206	21166596	6	6	6
ENSG00000226875.1	ZNF877P	chr20	21265854	21266465	6	6	6
ENSG00000275457.1	AL117332.1	chr20	21302731	21303704	6	6	6
ENSG00000088930.8	XRN2	chr20	21303331	21389825	6	6	6
ENSG00000125816.5	NKX2-4	chr20	21395365	21397526	6	6	6
ENSG00000225280.7	AL158013.1	chr20	21397740	21400391	6	6	6
ENSG00000223128.1	RN7SKP140	chr20	21424758	21425041	6	6	6
ENSG00000226405.1	AL133325.1	chr20	21488244	21488625	6	6	6
ENSG00000278041.1	AL133325.3	chr20	21499261	21502934	6	6	6
ENSG00000227693.1	GSTM3P1	chr20	21501395	21501968	6	6	6
ENSG00000125820.6	NKX2-2	chr20	21511017	21514064	6	6	6
ENSG00000258197.1	NKX2-2-AS1	chr20	21511447	21512309	6	6	6
ENSG00000233492.2	AL133325.2	chr20	21530122	21535665	6	6	6
ENSG00000279082.4	LINC01727	chr20	21569976	21666621	6	6	6
ENSG00000280350.1	LINC01726	chr20	21610787	21703585	6	6	6
ENSG00000278410.1	AL121590.1	chr20	21614978	21615435	6	6	6
ENSG00000125813.13	PAX1	chr20	21705659	21718486	6	6	6
ENSG00000233015.1	SLC25A6P1	chr20	21742303	21743077	6	6	6
ENSG00000227063.5	RPL41P1	chr20	21755270	21755350	6	6	6
ENSG00000238034.1	AL109807.1	chr20	21947647	21970783	6	6	6
ENSG00000234435.3	LINC01432	chr20	22054074	22074654	6	6	6
ENSG00000234862.1	AL035258.1	chr20	22220554	22223283	6	6	6
ENSG00000225321.2	LINC01427	chr20	22263065	22284029	6	6	6
ENSG00000225170.2	AL049737.1	chr20	22272052	22273454	6	6	6
ENSG00000270838.1	AL121912.1	chr20	22343693	22343930	6	6	6
ENSG00000204684.4	AL133464.1	chr20	22371216	22471557	6	6	6
ENSG00000259974.3	LINC00261	chr20	22547671	22578642	6	6	6
ENSG00000125798.15	FOXA2	chr20	22580998	22585455	6	6	6
ENSG00000237396.1	LNCNEF	chr20	22587522	22607517	6	6	6
ENSG00000230400.3	LINC01747	chr20	22668480	22685344	6	6	6
ENSG00000283072.3	AL158175.1	chr20	22684958	22746991	6	6	6
ENSG00000215553.3	KRT18P3	chr20	22732802	22734089	6	6	6
ENSG00000213882.2	CYB5AP4	chr20	22885670	22886068	6	6	6
ENSG00000228935.1	AL353132.1	chr20	22960534	22966063	6	6	6
ENSG00000230492.1	AL049651.1	chr20	23010209	23030785	6	6	6
ENSG00000234646.7	AL049651.2	chr20	23030863	23039241	6	6	6
ENSG00000132671.6	SSTR4	chr20	23035312	23039237	6	6	6
ENSG00000178726.7	THBD	chr20	23045633	23049672	6	6	6
ENSG00000279447.1	AL118508.3	chr20	23071547	23072722	6	6	6
ENSG00000125810.10	CD93	chr20	23079360	23086324	6	6	6
ENSG00000233746.2	LINC00656	chr20	23125068	23132635	6	6	6
ENSG00000279164.1	AL118508.2	chr20	23148086	23149939	6	6	6
ENSG00000201527.1	RNA5SP478	chr20	23160857	23160971	6	6	6
ENSG00000230387.4	AL118508.1	chr20	23179272	23190419	6	6	6
ENSG00000277901.1	AL390037.1	chr20	23320958	23325352	6	6	6
ENSG00000234832.1	NXT1-AS1	chr20	23346941	23351486	6	6	6
ENSG00000132661.4	NXT1	chr20	23350791	23354771	6	6	6
ENSG00000232645.5	LINC01431	chr20	23356594	23358116	6	6	6
ENSG00000125812.16	GZF1	chr20	23362182	23373062	6	6	6
ENSG00000125814.17	NAPB	chr20	23374519	23421519	6	6	6
ENSG00000201728.1	RNA5SP479	chr20	23380896	23381012	6	6	6
ENSG00000125823.12	CSTL1	chr20	23439685	23444930	6	6	6
ENSG00000125831.10	CST11	chr20	23450403	23452876	6	6	6
ENSG00000273838.2	AL096677.1	chr20	23452623	23461207	6	6	6
ENSG00000200208.1	Y_RNA	chr20	23457584	23457685	6	6	6
ENSG00000226344.1	CST12P	chr20	23475700	23479798	6	6	6
ENSG00000260202.2	AL109954.1	chr20	23481645	23519054	6	6	6
ENSG00000276638.1	AL109954.2	chr20	23489416	23489973	6	6	6
ENSG00000125815.9	CST8	chr20	23491101	23496010	6	6	6
ENSG00000204663.9	CST13P	chr20	23519146	23542018	6	6	6
ENSG00000204662.2	CST9LP1	chr20	23547764	23550652	6	6	6
ENSG00000101435.5	CST9L	chr20	23564732	23568484	6	6	6
ENSG00000204658.5	CST9LP2	chr20	23583645	23586510	6	6	6
ENSG00000173335.5	CST9	chr20	23602410	23605917	6	6	6
ENSG00000101439.9	CST3	chr20	23626706	23638473	6	6	6
ENSG00000270001.1	AL121894.2	chr20	23631826	23632316	6	6	6
ENSG00000225056.1	AL121894.1	chr20	23655225	23656390	6	6	6
ENSG00000286117.2	AL121894.3	chr20	23656151	23674888	6	6	6
ENSG00000101441.4	CST4	chr20	23685640	23689040	6	6	6
ENSG00000232595.1	CST2P1	chr20	23711320	23711406	6	6	6
ENSG00000286270.2	AL591074.2	chr20	23722589	23745524	6	6	6
ENSG00000170373.8	CST1	chr20	23747553	23751268	6	6	6
ENSG00000277975.1	CSTP2	chr20	23772785	23776169	6	6	6
ENSG00000230908.2	AL591074.1	chr20	23798092	23805983	6	6	6
ENSG00000170369.4	CST2	chr20	23823769	23826729	6	6	6
ENSG00000170367.5	CST5	chr20	23875934	23879748	6	6	6
ENSG00000228476.2	CSTP1	chr20	23918538	23928954	6	6	6
ENSG00000236168.1	AL133466.1	chr20	23980585	23980734	6	6	6
ENSG00000149435.12	GGTLC1	chr20	23985050	23988779	6	6	6
ENSG00000167390.8	POM121L3P	chr20	23989292	23990454	6	6	6
ENSG00000230133.2	LINC01721	chr20	24063255	24226013	6	6	6
ENSG00000236151.1	AL110503.1	chr20	24142590	24144386	6	6	6
ENSG00000200231.1	RNU1-23P	chr20	24237255	24237398	6	6	6
ENSG00000232200.2	AL158090.1	chr20	24297585	24318086	6	6	6
ENSG00000234069.1	GAPDHP53	chr20	24445391	24446314	6	6	6
ENSG00000101463.6	SYNDIG1	chr20	24469629	24666616	6	6	6
ENSG00000228539.1	AL157413.1	chr20	24491472	24502345	6	6	6
ENSG00000231015.1	AL049594.1	chr20	24679547	24680991	6	6	6
ENSG00000274173.1	AL035661.1	chr20	24931840	24932983	6	6	6
ENSG00000077984.6	CST7	chr20	24949269	24959928	6	6	6
ENSG00000101474.12	APMAP	chr20	24962925	24992751	6	6	6
ENSG00000207355.1	RNU6-1257P	chr20	24974171	24974280	6	6	6
ENSG00000286444.1	AL035661.2	chr20	24992312	24993322	6	6	6
ENSG00000154930.15	ACSS1	chr20	25006230	25058980	6	6	6
ENSG00000275358.1	AL080312.2	chr20	25062962	25063591	6	6	6
ENSG00000100987.15	VSX1	chr20	25070885	25082141	6	6	6
ENSG00000225069.3	AL080312.1	chr20	25099105	25099928	6	6	6
ENSG00000230725.6	AL035252.2	chr20	25139652	25149372	6	6	6
ENSG00000225344.1	AL035252.1	chr20	25161167	25162061	6	6	6
ENSG00000286472.1	AL035252.5	chr20	25184658	25187849	6	6	6
ENSG00000197586.13	ENTPD6	chr20	25195693	25228075	6	6	6
ENSG00000202414.1	Y_RNA	chr20	25214698	25214798	6	6	6
ENSG00000279322.1	AL035252.4	chr20	25226448	25226735	6	6	6
ENSG00000277938.1	AL035252.3	chr20	25229150	25231933	6	6	6
ENSG00000274414.1	AL121772.1	chr20	25239007	25245229	6	6	6
ENSG00000100994.12	PYGB	chr20	25248085	25298012	6	6	6
ENSG00000274507.1	AL121772.2	chr20	25251008	25251304	6	6	6
ENSG00000276952.1	AL121772.3	chr20	25284915	25285588	6	6	6
ENSG00000100997.20	ABHD12	chr20	25294742	25390835	6	6	6
ENSG00000227379.2	PPIAP2	chr20	25368275	25368766	6	6	6
ENSG00000101003.10	GINS1	chr20	25407673	25452628	6	6	6
ENSG00000101004.15	NINL	chr20	25452697	25585531	6	6	6
ENSG00000251883.1	RNU6ATAC17P	chr20	25611153	25611223	6	6	6
ENSG00000170191.5	NANP	chr20	25612935	25624014	6	6	6
ENSG00000213742.7	ZNF337-AS1	chr20	25624045	25689032	6	6	6
ENSG00000242236.2	RN7SL594P	chr20	25654595	25654881	6	6	6
ENSG00000236542.1	MED28P7	chr20	25669857	25670386	6	6	6
ENSG00000130684.14	ZNF337	chr20	25673195	25696853	6	6	6
ENSG00000278383.1	AL031673.1	chr20	25680781	25681246	6	6	6
ENSG00000226465.3	AL390198.1	chr20	25697003	25752776	6	6	6
ENSG00000230772.1	VN1R108P	chr20	25734264	25735093	6	6	6
ENSG00000175170.16	FAM182B	chr20	25762384	25868225	6	5	6
ENSG00000275048.1	BSNDP1	chr20	25783553	25783919	6	6	6
ENSG00000250090.1	AL390198.2	chr20	25835985	25836832	6	6	6
ENSG00000274973.1	BSNDP2	chr20	25845497	25845862	6	6	6
ENSG00000228593.1	CFTRP1	chr20	25919499	25919681	5	5	6
ENSG00000226203.2	LINC01733	chr20	25955795	25969288	5	5	6
ENSG00000125804.14	FAM182A	chr20	25985210	26086917	5	5	6
ENSG00000231081.1	AL078587.1	chr20	26008791	26010531	5	5	6
ENSG00000287569.1	AL078587.2	chr20	26009792	26011243	5	5	6
ENSG00000204556.4	AL450124.1	chr20	26018832	26020684	5	5	6
ENSG00000277508.1	BSNDP3	chr20	26071988	26072351	5	5	6
ENSG00000240108.1	NCOR1P1	chr20	26103416	26114028	5	5	6
ENSG00000230440.1	AL391119.1	chr20	26132887	26134198	5	5	6
ENSG00000287211.1	AL121904.2	chr20	26135983	26188191	5	5	6
ENSG00000227195.11	MIR663AHG	chr20	26167817	26251546	5	5	6
ENSG00000238129.5	AL121904.1	chr20	26188408	26196891	5	5	6
ENSG00000284419.1	MIR663A	chr20	26208186	26208278	5	5	6
ENSG00000282826.2	FRG1CP	chr20	28563850	28602843			
ENSG00000282870.1	FRG1DP	chr20	29080390	29102761			
ENSG00000283568.1	5_8S_rRNA	chr20	29297095	29297246			
ENSG00000283069.1	DUX4L32	chr20	29318824	29319579			
ENSG00000282949.1	PCMTD1P7	chr20	29321310	29321666			
ENSG00000282894.1	DUX4L33	chr20	29324092	29325049			
ENSG00000282935.1	DUX4L34	chr20	29410348	29411600			
ENSG00000282842.1	FRG2EP	chr20	29415264	29416911			
ENSG00000283123.1	RARRES2P11	chr20	29427400	29427883			
ENSG00000282968.1	AGGF1P10	chr20	29430723	29432913			
ENSG00000282911.1	DUX4L35	chr20	29448517	29449306			
ENSG00000282995.1	FRG1EP	chr20	29480147	29497179			
ENSG00000287889.1	FAM242B	chr20	29548661	29559705			
ENSG00000283592.1	Y_RNA	chr20	29575060	29575171			
ENSG00000282921.1	CFTRP2	chr20	29641778	29641976			
ENSG00000283291.1	5_8S_rRNA	chr20	29741510	29741661			
ENSG00000283005.1	CDC27P3	chr20	29746181	29748090			
ENSG00000283433.1	RNA5SP532	chr20	29874059	29874177			
ENSG00000283020.1	DUX4L37	chr20	29878636	29879363			
ENSG00000204555.3	CFTRP3	chr20	30214765	30214976	6	6	6
ENSG00000205611.5	LINC01597	chr20	30278906	30289956	6	6	6
ENSG00000286483.1	AL121762.1	chr20	30281837	30282954	6	6	6
ENSG00000287288.1	AL121762.2	chr20	30294550	30312480	6	6	6
ENSG00000200325.1	Y_RNA	chr20	30309015	30309126	6	6	6
ENSG00000231934.2	FAM242A	chr20	30323367	30362276	6	6	6
ENSG00000149531.15	FRG1BP	chr20	30377372	30399257	6	6	6
ENSG00000238151.1	MLLT10P1	chr20	30403123	30403384	6	6	6
ENSG00000275877.1	5_8S_rRNA	chr20	30484925	30485076	6	6	6
ENSG00000283443.1	AC018688.1	chr20	30545601	30551470	6	6	6
ENSG00000277112.3	ANKRD20A21P	chr20	30656033	30723932	6	6	6
ENSG00000274385.1	U6	chr20	30713240	30713346	6	6	6
ENSG00000275305.1	RNA5SP528	chr20	30816156	30816274	6	6	6
ENSG00000215547.1	DEFB115	chr20	31257664	31259632	6	6	6
ENSG00000215546.2	DKKL1P1	chr20	31274170	31274867	6	6	6
ENSG00000224628.2	AL121723.1	chr20	31285317	31286835	6	6	6
ENSG00000215545.1	DEFB116	chr20	31303212	31308585	6	6	6
ENSG00000237929.1	RPL31P3	chr20	31311303	31311962	6	6	6
ENSG00000236121.1	HAUS6P2	chr20	31341371	31344471	6	6	6
ENSG00000252649.1	RNA5SP480	chr20	31356870	31356978	6	6	6
ENSG00000212717.3	DEFB117	chr20	31360790	31360930	6	6	6
ENSG00000131068.4	DEFB118	chr20	31368601	31373923	6	6	6
ENSG00000212134.1	AL031650.1	chr20	31376319	31376446	6	6	6
ENSG00000180483.7	DEFB119	chr20	31377164	31390590	6	6	6
ENSG00000204548.4	DEFB121	chr20	31404845	31412838	6	6	6
ENSG00000204547.7	DEFB122	chr20	31421436	31429180	6	6	6
ENSG00000180424.7	DEFB123	chr20	31440632	31450257	6	6	6
ENSG00000180383.3	DEFB124	chr20	31465506	31476757	6	6	6
ENSG00000088320.4	REM1	chr20	31475288	31484895	6	6	6
ENSG00000233354.1	LINC00028	chr20	31485778	31487574	6	6	6
ENSG00000101294.18	HM13	chr20	31514410	31577923	6	6	6
ENSG00000274364.1	AL110115.1	chr20	31535263	31535626	6	6	6
ENSG00000101898.6	MCTS2P	chr20	31547412	31548081	6	6	6
ENSG00000235313.1	HM13-IT1	chr20	31563166	31564076	6	6	6
ENSG00000230613.1	HM13-AS1	chr20	31567707	31573263	6	6	6
ENSG00000278276.1	AL110115.2	chr20	31580890	31581214	6	6	6
ENSG00000201770.1	RNU6-384P	chr20	31581089	31581192	6	6	6
ENSG00000125968.9	ID1	chr20	31605283	31606515	6	6	6
ENSG00000264395.1	MIR3193	chr20	31607186	31607240	6	6	6
ENSG00000131055.5	COX4I2	chr20	31637912	31645006	6	6	6
ENSG00000171552.14	BCL2L1	chr20	31664452	31723989	6	6	6
ENSG00000236559.1	BCL2L1-AS1	chr20	31686216	31716825	6	6	6
ENSG00000281376.1	ABALON	chr20	31721507	31723409	6	6	6
ENSG00000088325.16	TPX2	chr20	31739271	31801805	6	6	6
ENSG00000230801.1	AL160175.1	chr20	31808503	31808749	6	6	6
ENSG00000101306.11	MYLK2	chr20	31819308	31834689	6	6	6
ENSG00000179772.8	FOXS1	chr20	31844303	31845604	6	6	6
ENSG00000149599.15	DUSP15	chr20	31847637	31870747	6	6	6
ENSG00000131044.17	TTLL9	chr20	31870702	31944963	6	6	6
ENSG00000199497.1	RNU1-94P	chr20	31901254	31901426	6	6	6
ENSG00000088356.6	PDRG1	chr20	31944337	31952046	6	6	6
ENSG00000260903.3	XKR7	chr20	31968151	32003387	6	6	6
ENSG00000278012.1	AL031658.2	chr20	31970181	31970831	6	6	6
ENSG00000226239.2	AL031658.1	chr20	32005671	32031591	6	6	6
ENSG00000252623.1	RNA5SP481	chr20	32008351	32008472	6	6	6
ENSG00000101331.17	CCM2L	chr20	32010438	32032180	6	6	6
ENSG00000212571.1	RNA5SP482	chr20	32050588	32050705	6	6	6
ENSG00000101336.17	HCK	chr20	32052197	32101856	6	6	6
ENSG00000101337.16	TM9SF4	chr20	32109714	32167258	6	6	6
ENSG00000275576.1	AL049539.1	chr20	32116171	32116629	6	6	6
ENSG00000224452.1	RSL24D1P6	chr20	32170390	32170790	6	6	6
ENSG00000235217.6	TSPY26P	chr20	32186477	32190527	6	6	6
ENSG00000126003.7	PLAGL2	chr20	32192504	32207743	6	6	6
ENSG00000101346.14	POFUT1	chr20	32207880	32238658	6	6	6
ENSG00000284125.1	MIR1825	chr20	32237795	32237847	6	6	6
ENSG00000287850.1	AL121897.1	chr20	32275117	32277510	6	6	6
ENSG00000101350.8	KIF3B	chr20	32277651	32335011	6	6	6
ENSG00000277692.1	AL121583.1	chr20	32355053	32355734	6	6	6
ENSG00000171456.20	ASXL1	chr20	32358330	32439319	6	6	6
ENSG00000197183.14	NOL4L	chr20	32443059	32585074	6	6	6
ENSG00000236772.1	AL034550.1	chr20	32449755	32453607	6	6	6
ENSG00000286311.1	AL034550.3	chr20	32485149	32487019	6	6	6
ENSG00000277301.1	AL034550.2	chr20	32509959	32520285	6	6	6
ENSG00000233293.1	AL133343.2	chr20	32561093	32573888	6	6	6
ENSG00000204393.7	NOL4L-DT	chr20	32564992	32608893	6	6	6
ENSG00000228156.1	AL133343.1	chr20	32581963	32593900	6	6	6
ENSG00000198547.10	C20orf203	chr20	32631625	32673941	6	6	6
ENSG00000285382.1	FO393400.1	chr20	32632183	32743567	6	6	6
ENSG00000175730.8	BAK1P1	chr20	32690180	32690815	6	6	6
ENSG00000149600.12	COMMD7	chr20	32702699	32743467	6	6	6
ENSG00000088305.18	DNMT3B	chr20	32762385	32809356	6	6	6
ENSG00000101367.9	MAPRE1	chr20	32819954	32850405	6	6	6
ENSG00000260536.1	AL035071.2	chr20	32843128	32854257	6	6	6
ENSG00000260257.2	AL035071.1	chr20	32856621	32858751	6	6	6
ENSG00000215529.12	EFCAB8	chr20	32858923	32961609	6	6	6
ENSG00000167098.12	SUN5	chr20	32983773	33004433	6	6	6
ENSG00000078898.7	BPIFB2	chr20	33007704	33023703	6	6	6
ENSG00000167104.11	BPIFB6	chr20	33031648	33044047	6	6	6
ENSG00000214245.3	PUDPP3	chr20	33047517	33048152	6	6	6
ENSG00000186190.7	BPIFB3	chr20	33055424	33073628	6	6	6
ENSG00000186191.8	BPIFB4	chr20	33079644	33111751	6	6	6
ENSG00000131050.11	BPIFA2	chr20	33161768	33181412	6	6	6
ENSG00000237662.1	SOCS2P1	chr20	33187391	33188292	6	6	6
ENSG00000183566.10	BPIFA4P	chr20	33193585	33210462	6	6	6
ENSG00000224876.1	AL121901.1	chr20	33214920	33217067	6	6	6
ENSG00000131059.12	BPIFA3	chr20	33217310	33227806	6	6	6
ENSG00000198183.12	BPIFA1	chr20	33235995	33243311	6	6	6
ENSG00000233106.1	RPL12P3	chr20	33272262	33272657	6	6	6
ENSG00000125999.11	BPIFB1	chr20	33273480	33309871	6	6	6
ENSG00000233146.1	BPIFB5P	chr20	33316869	33329969	6	6	6
ENSG00000125997.5	BPIFB9P	chr20	33347720	33354444	6	6	6
ENSG00000101391.21	CDK5RAP1	chr20	33358839	33401561	6	6	6
ENSG00000101400.6	SNTA1	chr20	33407957	33443763	6	6	6
ENSG00000078699.22	CBFA2T2	chr20	33490075	33650036	6	6	6
ENSG00000275223.1	AL121906.2	chr20	33655701	33656423	6	6	6
ENSG00000125967.17	NECAB3	chr20	33657087	33674463	6	6	6
ENSG00000149609.6	C20orf144	chr20	33662327	33665619	6	6	6
ENSG00000182584.6	ACTL10	chr20	33666498	33668525	6	6	6
ENSG00000288649.1	ACTL10	chr20	33666943	33668525	6	6	6
ENSG00000271803.1	AL121906.1	chr20	33674517	33675380	6	6	6
ENSG00000101412.13	E2F1	chr20	33675477	33686385	6	6	6
ENSG00000101417.12	PXMP4	chr20	33702758	33720319	6	6	6
ENSG00000229188.2	AL050349.1	chr20	33728931	33731828	6	6	6
ENSG00000131061.14	ZNF341	chr20	33731657	33792269	6	6	6
ENSG00000230837.1	RPL31P2	chr20	33752167	33752543	6	6	6
ENSG00000230753.6	ZNF341-AS1	chr20	33787373	33811109	6	6	6
ENSG00000101421.4	CHMP4B	chr20	33811348	33854366	6	6	6
ENSG00000214200.2	TPM3P2	chr20	33912323	33913336	6	6	6
ENSG00000228958.1	PIGPP3	chr20	33965162	33965576	6	6	6
ENSG00000285230.2	RALY-AS1	chr20	33980679	33994357	6	6	6
ENSG00000125970.12	RALY	chr20	33993646	34108308	6	6	6
ENSG00000228386.2	AL031668.1	chr20	34014969	34017749	6	6	6
ENSG00000264616.1	MIR4755	chr20	34049119	34049190	6	6	6
ENSG00000125977.7	EIF2S2	chr20	34088309	34112243	6	6	6
ENSG00000225246.1	RPS2P1	chr20	34122470	34123290	6	6	6
ENSG00000287853.1	AL031668.2	chr20	34132270	34136485	6	6	6
ENSG00000101440.9	ASIP	chr20	34194569	34269344	6	6	6
ENSG00000214185.3	XPOTP1	chr20	34213495	34215892	6	6	6
ENSG00000250917.1	AL035458.2	chr20	34234840	34281173	6	6	6
ENSG00000236456.1	AL035458.1	chr20	34245953	34246537	6	6	6
ENSG00000101444.13	AHCY	chr20	34280268	34311802	6	6	6
ENSG00000272945.1	AL356299.2	chr20	34281632	34286466	6	6	6
ENSG00000234087.1	AL356299.1	chr20	34347671	34347785	6	6	6
ENSG00000078747.16	ITCH	chr20	34363241	34540748	6	6	6
ENSG00000201498.1	Y_RNA	chr20	34384165	34384265	6	6	6
ENSG00000234933.1	CDC42P1	chr20	34402149	34402696	6	6	6
ENSG00000236388.1	ITCH-AS1	chr20	34441592	34442025	6	6	6
ENSG00000231795.1	ITCH-IT1	chr20	34450930	34454552	6	6	6
ENSG00000207997.1	MIR644A	chr20	34466325	34466418	6	6	6
ENSG00000181741.7	FDX1P1	chr20	34475924	34476474	6	6	6
ENSG00000277558.1	AL109923.1	chr20	34476205	34476787	6	6	6
ENSG00000125971.17	DYNLRB1	chr20	34516414	34540958	6	6	6
ENSG00000206582.1	Y_RNA	chr20	34526510	34526606	6	6	6
ENSG00000101460.13	MAP1LC3A	chr20	34546854	34560345	6	6	6
ENSG00000101464.11	PIGU	chr20	34560542	34698790	6	6	6
ENSG00000231034.1	AL118520.1	chr20	34688688	34688978	6	6	6
ENSG00000198646.14	NCOA6	chr20	34689097	34825651	6	6	6
ENSG00000078804.13	TP53INP2	chr20	34704339	34713439	6	6	6
ENSG00000286803.1	AL109824.1	chr20	34741401	34807447	6	6	6
ENSG00000225336.2	HMGB3P1	chr20	34833575	34834462	6	6	6
ENSG00000131067.17	GGT7	chr20	34844720	34872856	6	6	6
ENSG00000131069.20	ACSS2	chr20	34872146	34927962	6	6	6
ENSG00000100983.12	GSS	chr20	34928432	34956027	6	6	6
ENSG00000078814.17	MYH7B	chr20	34955810	35002437	6	6	6
ENSG00000207635.1	MIR499A	chr20	34990376	34990497	6	6	6
ENSG00000283441.1	MIR499B	chr20	34990400	34990472	6	6	6
ENSG00000100991.12	TRPC4AP	chr20	35002404	35092807	6	6	6
ENSG00000202150.1	RNU6-407P	chr20	35030317	35030420	6	6	6
ENSG00000088298.13	EDEM2	chr20	35115364	35147336	6	6	6
ENSG00000201151.1	AL135844.1	chr20	35117136	35117207	6	6	6
ENSG00000101000.6	PROCR	chr20	35172072	35216240	6	6	6
ENSG00000278367.1	AL356652.1	chr20	35174355	35174919	6	6	6
ENSG00000200301.1	RNA5SP483	chr20	35195306	35195423	6	6	6
ENSG00000126005.17	MMP24OS	chr20	35201745	35278131	6	6	6
ENSG00000229230.3	MT1P3	chr20	35218009	35218185	6	6	6
ENSG00000125966.10	MMP24	chr20	35226690	35276998	6	6	6
ENSG00000279253.1	AL121753.2	chr20	35262727	35264187	6	6	6
ENSG00000261582.1	AL121753.1	chr20	35267885	35280043	6	6	6
ENSG00000242372.9	EIF6	chr20	35278907	35284985	6	6	6
ENSG00000235214.1	FAM83C-AS1	chr20	35285251	35285756	6	6	6
ENSG00000125998.8	FAM83C	chr20	35285731	35292425	6	6	6
ENSG00000101019.22	UQCC1	chr20	35302566	35412031	6	6	6
ENSG00000204183.3	GDF5-AS1	chr20	35433029	35435450	6	6	6
ENSG00000125965.9	GDF5	chr20	35433347	35454746	6	6	6
ENSG00000221763.1	MIR1289-1	chr20	35453954	35454097	6	6	6
ENSG00000126001.16	CEP250	chr20	35455164	35519280	6	6	6
ENSG00000230155.6	CEP250-AS1	chr20	35476203	35490982	6	6	6
ENSG00000242507.6	FO393401.1	chr20	35520852	35528255	6	6	6
ENSG00000125975.14	C20orf173	chr20	35523186	35529652	6	6	6
ENSG00000125991.20	ERGIC3	chr20	35542038	35557634	6	6	6
ENSG00000224497.1	RPL36P4	chr20	35544430	35544747	6	6	6
ENSG00000088340.17	FER1L4	chr20	35558737	35607562	6	6	6
ENSG00000227401.1	RPL37P1	chr20	35588324	35588607	6	6	6
ENSG00000061656.10	SPAG4	chr20	35615829	35621094	6	6	6
ENSG00000214078.13	CPNE1	chr20	35626031	35664956	6	6	6
ENSG00000272897.5	AL109827.1	chr20	35632340	35674544	6	6	6
ENSG00000222460.1	RN7SKP271	chr20	35643143	35643462	6	6	6
ENSG00000252549.1	RNU6-759P	chr20	35647328	35647430	6	6	6
ENSG00000244462.8	RBM12	chr20	35648925	35664956	6	6	6
ENSG00000244005.13	NFS1	chr20	35668052	35699355	6	6	6
ENSG00000125995.16	ROMO1	chr20	35699272	35700984	6	6	6
ENSG00000131051.24	RBM39	chr20	35701347	35742312	6	6	6
ENSG00000225357.3	RPF2P1	chr20	35752814	35753719	6	6	6
ENSG00000283527.1	U6	chr20	35769785	35769867	6	6	6
ENSG00000025293.17	PHF20	chr20	35771974	35950370	6	6	6
ENSG00000234274.1	COX7BP2	chr20	35850674	35850915	6	6	6
ENSG00000199676.1	Y_RNA	chr20	35853252	35853364	6	6	6
ENSG00000219608.3	HIGD1AP16	chr20	35878476	35878733	6	6	6
ENSG00000201221.1	RNU4-40P	chr20	35887659	35887801	6	6	6
ENSG00000207053.1	RNU6-937P	chr20	35928570	35928675	6	6	6
ENSG00000171222.10	SCAND1	chr20	35953617	35959472	6	6	6
ENSG00000149646.12	CNBD2	chr20	35954564	36030700	6	6	6
ENSG00000260032.2	NORAD	chr20	36045618	36051018	6	6	6
ENSG00000234139.4	AL035420.1	chr20	36051491	36085703	6	6	6
ENSG00000277235.1	AL035420.3	chr20	36064243	36064563	6	6	6
ENSG00000231470.1	HMGB3P2	chr20	36076018	36076601	6	6	6
ENSG00000237063.1	AL035420.2	chr20	36086252	36088192	6	6	6
ENSG00000088367.23	EPB41L1	chr20	36091504	36232799	6	6	6
ENSG00000232406.7	AL121895.1	chr20	36147334	36155760	6	6	6
ENSG00000278035.1	AL121895.2	chr20	36233851	36234297	6	6	6
ENSG00000131043.12	AAR2	chr20	36236459	36270918	6	6	6
ENSG00000080845.18	DLGAP4	chr20	36306336	36528637	6	6	6
ENSG00000232907.8	DLGAP4-AS1	chr20	36507702	36573391	6	6	6
ENSG00000101335.10	MYL9	chr20	36541497	36551447	6	6	6
ENSG00000273986.1	Metazoa_SRP	chr20	36561237	36561530	6	6	6
ENSG00000118707.11	TGIF2	chr20	36573488	36593950	6	6	6
ENSG00000259399.1	TGIF2-RAB5IF	chr20	36574553	36612384	6	6	6
ENSG00000101084.18	RAB5IF	chr20	36605779	36612557	6	6	6
ENSG00000101082.14	SLA2	chr20	36612318	36646196	6	6	6
ENSG00000227688.2	HNRNPA3P2	chr20	36620403	36621423	6	6	6
ENSG00000101079.21	NDRG3	chr20	36651766	36746090	6	6	6
ENSG00000202255.1	Y_RNA	chr20	36668559	36668670	6	6	6
ENSG00000149636.16	DSN1	chr20	36751791	36773818	6	6	6
ENSG00000149639.15	SOGA1	chr20	36777447	36863538	6	6	6
ENSG00000242509.3	RN7SL156P	chr20	36870099	36870402	6	6	6
ENSG00000101342.10	TLDC2	chr20	36876121	36894235	6	6	6
ENSG00000101347.10	SAMHD1	chr20	36890229	36951843	6	6	6
ENSG00000080839.12	RBL1	chr20	36996349	37095997	6	6	6
ENSG00000231241.1	RPS3AP3	chr20	37021743	37021984	6	6	6
ENSG00000226144.2	RPS27AP3	chr20	37049254	37049707	6	6	6
ENSG00000269846.1	AL136172.1	chr20	37095785	37097178	6	6	6
ENSG00000101353.15	MROH8	chr20	37101226	37179588	6	6	6
ENSG00000236159.1	AL031659.1	chr20	37165774	37166312	6	6	6
ENSG00000118705.17	RPN2	chr20	37178410	37241619	6	6	6
ENSG00000118702.9	GHRH	chr20	37251082	37261835	6	6	6
ENSG00000101363.12	MANBAL	chr20	37289638	37317260	6	6	6
ENSG00000286240.1	AL034422.1	chr20	37338886	37344109	6	6	6
ENSG00000197122.12	SRC	chr20	37344685	37406050	6	6	6
ENSG00000213979.3	RPL7AP14	chr20	37444733	37445534	6	6	6
ENSG00000166619.15	BLCAP	chr20	37492472	37527931	6	6	6
ENSG00000053438.11	NNAT	chr20	37521206	37523690	6	6	6
ENSG00000276603.1	AL109614.1	chr20	37526642	37527060	6	6	6
ENSG00000235044.1	PPIAP3	chr20	37530039	37530543	6	6	6
ENSG00000274469.2	LINC01746	chr20	37571103	37591493	6	6	6
ENSG00000228234.1	GLRXP1	chr20	37602852	37603185	6	6	6
ENSG00000225759.1	LINC00489	chr20	37619298	37623119	6	6	6
ENSG00000204117.2	AL162293.1	chr20	37676889	37683234	6	6	6
ENSG00000132792.19	CTNNBL1	chr20	37693955	37872129	6	6	6
ENSG00000132821.12	VSTM2L	chr20	37903111	37945350	6	6	6
ENSG00000199683.1	RN7SKP185	chr20	37975156	37975481	6	6	6
ENSG00000101407.13	TTI1	chr20	37983007	38033461	6	6	6
ENSG00000101413.12	RPRD1B	chr20	38033725	38127780	6	6	6
ENSG00000264767.2	RN7SL237P	chr20	38098414	38098700	6	6	6
ENSG00000277550.1	AL031651.1	chr20	38103524	38104961	6	6	6
ENSG00000198959.12	TGM2	chr20	38127385	38166578	6	6	6
ENSG00000149633.12	KIAA1755	chr20	38210503	38260772	6	6	6
ENSG00000277829.1	AL031651.2	chr20	38233251	38233799	6	6	6
ENSG00000285144.1	AL359555.3	chr20	38260149	38304332	6	6	6
ENSG00000285347.1	AL359555.4	chr20	38260175	38293892	6	6	6
ENSG00000285100.1	AL359555.2	chr20	38270778	38274020	6	6	6
ENSG00000206249.3	AL359555.1	chr20	38288331	38326536	6	6	6
ENSG00000101425.14	BPI	chr20	38304150	38337505	6	6	6
ENSG00000129988.6	LBP	chr20	38346482	38377013	6	6	6
ENSG00000275285.1	AL391095.2	chr20	38378825	38383179	6	6	6
ENSG00000224635.2	AL391095.1	chr20	38404893	38416797	6	6	6
ENSG00000275401.1	AL391095.3	chr20	38418483	38419202	6	6	6
ENSG00000196756.13	SNHG17	chr20	38419638	38435409	6	6	6
ENSG00000277034.1	SNORA71	chr20	38421647	38421774	6	6	6
ENSG00000235408.6	SNORA71B	chr20	38425083	38425354	6	6	6
ENSG00000225091.3	SNORA71A	chr20	38427309	38427442	6	6	6
ENSG00000201512.1	SNORA71C	chr20	38429670	38429803	6	6	6
ENSG00000200354.1	SNORA71D	chr20	38433865	38433998	6	6	6
ENSG00000201811.1	SNORA71	chr20	38442036	38442169	6	6	6
ENSG00000174365.20	SNHG11	chr20	38446343	38450940	6	6	6
ENSG00000274309.1	SNORA71E	chr20	38448084	38448215	6	6	6
ENSG00000199266.1	SNORA60	chr20	38449370	38449503	6	6	6
ENSG00000170471.15	RALGAPB	chr20	38472816	38578859	6	6	6
ENSG00000275453.2	MIR548O2	chr20	38516563	38516632	6	6	6
ENSG00000231307.1	RPS3P2	chr20	38537758	38538458	6	6	6
ENSG00000182035.12	ADIG	chr20	38581195	38588463	6	6	6
ENSG00000124143.10	ARHGAP40	chr20	38601934	38651035	6	6	6
ENSG00000213959.2	AL035419.1	chr20	38614913	38615476	6	6	6
ENSG00000277965.1	Metazoa_SRP	chr20	38711821	38712103	6	6	6
ENSG00000101438.4	SLC32A1	chr20	38724486	38729372	6	6	6
ENSG00000101442.10	ACTR5	chr20	38748460	38772520	6	6	6
ENSG00000199691.1	RN7SKP173	chr20	38761528	38761842	6	6	6
ENSG00000101445.10	PPP1R16B	chr20	38805697	38923024	6	6	6
ENSG00000240474.3	RN7SL116P	chr20	38872770	38873074	6	6	6
ENSG00000101447.15	FAM83D	chr20	38926312	38953106	6	6	6
ENSG00000274825.1	AL023803.2	chr20	38955910	38956547	6	6	6
ENSG00000261431.1	AL023803.1	chr20	38961925	38962111	6	6	6
ENSG00000101452.15	DHX35	chr20	38962299	39039723	6	6	6
ENSG00000277581.1	AL023803.3	chr20	38962472	38962993	6	6	6
ENSG00000223864.1	NPM1P19	chr20	38977711	38978422	6	6	6
ENSG00000230324.1	LINC01734	chr20	39213777	39224748	6	6	6
ENSG00000287983.1	AL035251.1	chr20	39231115	39233836	6	6	6
ENSG00000224357.1	ATG3P1	chr20	39329014	39329924	6	6	6
ENSG00000275337.1	RN7SL680P	chr20	39349094	39349392	6	6	6
ENSG00000286083.1	AL132981.1	chr20	39655325	39663552	6	6	6
ENSG00000229976.2	AL118523.1	chr20	39757202	39815097	6	6	6
ENSG00000234878.1	HSPE1P1	chr20	39932922	39933239	6	6	6
ENSG00000237767.2	LINC01370	chr20	40004216	40011323	6	6	6
ENSG00000233415.1	AL133419.1	chr20	40031585	40043889	6	6	6
ENSG00000223410.1	AL009050.1	chr20	40121041	40126357	6	6	6
ENSG00000204103.4	MAFB	chr20	40685848	40689236	6	6	6
ENSG00000229771.2	AL035665.1	chr20	40696499	40698616	6	6	6
ENSG00000286972.1	AL035665.2	chr20	40717257	40758636	6	6	6
ENSG00000238908.1	RNA5SP484	chr20	40854119	40854229	6	6	6
ENSG00000222612.1	RNU2-52P	chr20	41024205	41024394	6	6	6
ENSG00000198900.6	TOP1	chr20	41028822	41124487	6	6	6
ENSG00000226648.2	PLCG1-AS1	chr20	41098019	41138003	6	6	6
ENSG00000124181.14	PLCG1	chr20	41136960	41196801	6	6	6
ENSG00000276169.1	MIR6871	chr20	41169023	41169078	6	6	6
ENSG00000174306.21	ZHX3	chr20	41178448	41317672	6	6	6
ENSG00000272407.1	AL022394.1	chr20	41196647	41196938	6	6	6
ENSG00000242748.1	RPL23AP81	chr20	41196691	41197157	6	6	6
ENSG00000263989.2	RN7SL615P	chr20	41290280	41290577	6	6	6
ENSG00000235102.1	ADI1P1	chr20	41331123	41331660	6	6	6
ENSG00000132793.12	LPIN3	chr20	41340821	41360582	6	6	6
ENSG00000183798.5	EMILIN3	chr20	41359962	41366818	6	6	6
ENSG00000229398.1	AL031667.1	chr20	41382383	41383107	6	6	6
ENSG00000124177.15	CHD6	chr20	41402083	41618384	6	6	6
ENSG00000235088.1	AL031667.2	chr20	41459354	41461944	6	6	6
ENSG00000273951.1	AL031667.3	chr20	41485571	41486225	6	6	6
ENSG00000232493.2	RPL12P11	chr20	41547422	41547922	6	6	6
ENSG00000252386.1	RNU6-1018P	chr20	41684986	41685091	6	6	6
ENSG00000212224.1	AL133229.1	chr20	41712479	41712600	6	6	6
ENSG00000225458.1	AL049812.2	chr20	41991140	42063969	6	6	6
ENSG00000223651.1	AL049812.1	chr20	41997131	41999397	6	6	6
ENSG00000228959.1	AL049812.3	chr20	42014034	42015478	6	6	6
ENSG00000196090.12	PTPRT	chr20	42072752	43189970	6	6	6
ENSG00000229892.1	AL035666.1	chr20	42606694	42607559	6	6	6
ENSG00000229042.2	AL031656.1	chr20	42685404	42688562	6	6	6
ENSG00000227599.1	PTPRT-AS1	chr20	42968743	42971492	6	6	6
ENSG00000223190.1	RN7SKP100	chr20	43063326	43063609	6	6	6
ENSG00000233508.3	AL021395.1	chr20	43189998	43202599	6	6	6
ENSG00000240639.3	RN7SL666P	chr20	43222206	43222509	6	6	6
ENSG00000226038.5	PPIAP21	chr20	43230760	43231260	6	6	6
ENSG00000252193.1	AL021395.2	chr20	43304555	43304679	6	6	6
ENSG00000237555.1	AL031681.1	chr20	43388642	43389041	6	6	6
ENSG00000201021.1	RNU6-743P	chr20	43405473	43405578	6	6	6
ENSG00000233711.1	EIF4EBP2P1	chr20	43423196	43423538	6	6	6
ENSG00000206998.1	Y_RNA	chr20	43451159	43451260	6	6	6
ENSG00000124193.16	SRSF6	chr20	43457893	43466046	6	6	6
ENSG00000288000.1	AL031681.2	chr20	43458054	43541881	6	6	6
ENSG00000201372.1	RNU6-1251P	chr20	43473013	43473119	6	6	6
ENSG00000185513.17	L3MBTL1	chr20	43489442	43550954	6	6	6
ENSG00000234271.1	Z98752.2	chr20	43523261	43523572	6	6	6
ENSG00000277611.1	Z98752.3	chr20	43540171	43569498	6	6	6
ENSG00000226143.1	Z98752.1	chr20	43549389	43550949	6	6	6
ENSG00000101049.17	SGK2	chr20	43558968	43588237	6	6	6
ENSG00000282876.1	Z98752.4	chr20	43590009	43590596	6	6	6
ENSG00000101052.13	IFT52	chr20	43590937	43647299	6	6	6
ENSG00000215467.2	RPL27AP	chr20	43652523	43653291	6	6	6
ENSG00000101057.16	MYBL2	chr20	43667019	43716495	6	6	6
ENSG00000124196.6	GTSF1L	chr20	43726164	43727002	6	6	6
ENSG00000206801.1	RNU6-639P	chr20	43796437	43796543	6	6	6
ENSG00000233277.1	LINC01728	chr20	43894720	43895468	6	6	6
ENSG00000124191.18	TOX2	chr20	43914852	44069616	6	6	6
ENSG00000241229.3	RN7SL443P	chr20	44007248	44007537	6	6	6
ENSG00000149596.7	JPH2	chr20	44106590	44187188	6	6	6
ENSG00000287570.1	AL035447.1	chr20	44181111	44182712	6	6	6
ENSG00000132823.11	OSER1	chr20	44195939	44210771	6	6	6
ENSG00000223891.6	OSER1-DT	chr20	44210907	44226027	6	6	6
ENSG00000124194.17	GDAP1L1	chr20	44247099	44280947	6	6	6
ENSG00000197296.6	FITM2	chr20	44302840	44311202	6	6	6
ENSG00000101074.5	R3HDML	chr20	44337043	44351238	6	6	6
ENSG00000201363.2	Y_RNA	chr20	44344839	44344933	6	6	6
ENSG00000226812.2	AL117382.1	chr20	44347552	44355185	6	6	6
ENSG00000101076.17	HNF4A	chr20	44355700	44434596	6	6	6
ENSG00000229005.2	HNF4A-AS1	chr20	44372746	44395706	6	6	6
ENSG00000233376.1	AL117382.2	chr20	44389624	44391537	6	6	6
ENSG00000266151.1	MIR3646	chr20	44408120	44408203	6	6	6
ENSG00000168746.8	LINC01620	chr20	44436172	44465349	6	6	6
ENSG00000226243.1	RPL37AP1	chr20	44466564	44466842	6	6	6
ENSG00000124120.11	TTPAL	chr20	44475874	44494603	6	6	6
ENSG00000132824.14	SERINC3	chr20	44496221	44522085	6	6	6
ENSG00000168734.14	PKIG	chr20	44531785	44624247	6	6	6
ENSG00000196839.13	ADA	chr20	44619522	44652233	6	6	6
ENSG00000283440.1	LINC01260	chr20	44656451	44663498	6	6	6
ENSG00000132832.10	AL139352.1	chr20	44656451	44696096	6	6	6
ENSG00000244558.6	KCNK15-AS1	chr20	44694892	44746021	6	6	6
ENSG00000064205.10	CCN5	chr20	44714844	44728509	6	6	6
ENSG00000124249.7	KCNK15	chr20	44745865	44752313	6	6	6
ENSG00000276223.1	AL118522.1	chr20	44746642	44747201	6	6	6
ENSG00000101098.13	RIMS4	chr20	44751808	44810546	6	6	6
ENSG00000277708.1	PGBD4P2	chr20	44841925	44842539	6	6	6
ENSG00000286100.1	AL008725.1	chr20	44864435	44885604	6	6	6
ENSG00000166913.13	YWHAB	chr20	44885702	44908532	6	6	6
ENSG00000101104.13	PABPC1L	chr20	44910060	44959035	6	6	6
ENSG00000025772.8	TOMM34	chr20	44942130	44960397	6	6	6
ENSG00000227477.1	STK4-AS1	chr20	44963794	44966402	6	6	6
ENSG00000101109.12	STK4	chr20	44966479	45080021	6	6	6
ENSG00000252021.1	Y_RNA	chr20	45004348	45004454	6	6	6
ENSG00000124134.9	KCNS1	chr20	45091214	45101127	6	6	6
ENSG00000175121.11	WFDC5	chr20	45109452	45115172	6	6	6
ENSG00000168703.5	WFDC12	chr20	45123425	45124465	6	6	6
ENSG00000283142.1	AL049767.1	chr20	45137706	45138976	6	6	6
ENSG00000124102.5	PI3	chr20	45174902	45176544	6	6	6
ENSG00000124233.12	SEMG1	chr20	45207033	45209768	6	6	6
ENSG00000124157.7	SEMG2	chr20	45221373	45224458	6	6	6
ENSG00000233352.1	AL035660.1	chr20	45229817	45230191	6	6	6
ENSG00000243995.3	AL035660.2	chr20	45230868	45233331	6	6	6
ENSG00000124107.5	SLPI	chr20	45252239	45254564	6	6	6
ENSG00000124159.15	MATN4	chr20	45293445	45308529	6	6	6
ENSG00000124232.11	RBPJL	chr20	45306840	45317824	6	6	6
ENSG00000124145.6	SDC4	chr20	45325288	45348424	6	6	6
ENSG00000275894.1	AL021578.1	chr20	45345115	45345823	6	6	6
ENSG00000204070.10	SYS1	chr20	45361937	45376798	6	6	6
ENSG00000254806.5	SYS1-DBNDD2	chr20	45363200	45410610	6	6	6
ENSG00000124251.11	TP53TG5	chr20	45372557	45407889	6	6	6
ENSG00000232880.1	NDUFB4P10	chr20	45388347	45388705	6	6	6
ENSG00000244274.8	DBNDD2	chr20	45406057	45410610	6	6	6
ENSG00000124155.18	PIGT	chr20	45416084	45456934	6	6	6
ENSG00000273555.1	MIR6812	chr20	45425510	45425573	6	6	6
ENSG00000277022.1	AL031663.3	chr20	45435272	45448325	6	6	6
ENSG00000101443.18	WFDC2	chr20	45469753	45481532	6	6	6
ENSG00000237464.1	AL031663.2	chr20	45487613	45490248	6	6	6
ENSG00000237068.1	RPL5P2	chr20	45490818	45491671	6	6	6
ENSG00000101446.8	SPINT3	chr20	45512461	45515622	6	6	6
ENSG00000243543.9	WFDC6	chr20	45534196	45539482	6	6	6
ENSG00000249139.2	EPPIN-WFDC6	chr20	45534196	45547662	6	6	6
ENSG00000232135.1	AL031663.1	chr20	45536796	45537014	6	6	6
ENSG00000229900.1	HSPD1P21	chr20	45539983	45540227	6	6	6
ENSG00000101448.14	EPPIN	chr20	45540626	45547752	6	6	6
ENSG00000158901.12	WFDC8	chr20	45551153	45579326	6	6	6
ENSG00000201923.1	RNA5SP485	chr20	45559758	45559876	6	6	6
ENSG00000230860.1	CCNB1IP1P2	chr20	45567990	45568807	6	6	6
ENSG00000180205.4	WFDC9	chr20	45607939	45631284	6	6	6
ENSG00000180305.5	WFDC10A	chr20	45629739	45631196	6	6	6
ENSG00000235508.3	RPS2P7	chr20	45640486	45641370	6	6	6
ENSG00000180083.11	WFDC11	chr20	45648563	45670270	6	6	6
ENSG00000182931.9	WFDC10B	chr20	45684653	45705019	6	6	6
ENSG00000168634.5	WFDC13	chr20	45702038	45708817	6	6	6
ENSG00000266071.1	MIR3617	chr20	45705102	45705180	6	6	6
ENSG00000149651.4	SPINT4	chr20	45722347	45725830	6	6	6
ENSG00000226188.2	HNRNPA1P3	chr20	45745737	45746287	6	6	6
ENSG00000124116.19	WFDC3	chr20	45747944	45791932	6	6	6
ENSG00000168630.3	SPINT5P	chr20	45749920	45750074	6	6	6
ENSG00000221046.1	RNU6ATAC38P	chr20	45778698	45778823	6	6	6
ENSG00000101457.13	DNTTIP1	chr20	45791954	45811427	6	6	6
ENSG00000175063.17	UBE2C	chr20	45812576	45816957	6	6	6
ENSG00000101470.10	TNNC2	chr20	45823214	45833745	6	6	6
ENSG00000124104.19	SNX21	chr20	45833799	45843276	6	6	6
ENSG00000101473.17	ACOT8	chr20	45841721	45857405	6	6	6
ENSG00000277051.1	Metazoa_SRP	chr20	45847630	45847940	6	6	6
ENSG00000132801.7	ZSWIM3	chr20	45857614	45879122	6	6	6
ENSG00000168612.4	ZSWIM1	chr20	45881227	45885266	6	6	6
ENSG00000149634.4	SPATA25	chr20	45886489	45887635	6	6	6
ENSG00000124257.6	NEURL2	chr20	45888625	45891287	6	6	6
ENSG00000064601.20	CTSA	chr20	45890144	45898824	6	6	6
ENSG00000271984.1	AL008726.1	chr20	45892694	45893419	6	6	6
ENSG00000100979.15	PLTP	chr20	45898621	45912155	6	6	6
ENSG00000285796.1	AL162458.1	chr20	45926518	45935055	6	6	6
ENSG00000100982.12	PCIF1	chr20	45934683	45948023	6	6	6
ENSG00000198026.8	ZNF335	chr20	45948660	45972203	6	6	6
ENSG00000235525.1	FTLP1	chr20	45975249	45976075	6	6	6
ENSG00000100985.7	MMP9	chr20	46008908	46016561	6	6	6
ENSG00000204044.6	SLC12A5-AS1	chr20	46013500	46022073	6	6	6
ENSG00000124140.14	SLC12A5	chr20	46021690	46060150	6	6	6
ENSG00000124160.12	NCOA5	chr20	46060991	46089962	6	6	6
ENSG00000213820.3	RPL13P2	chr20	46099518	46100176	6	6	6
ENSG00000101017.14	CD40	chr20	46118278	46129863	6	6	6
ENSG00000229957.1	AL031687.1	chr20	46168404	46171237	6	6	6
ENSG00000149654.11	CDH22	chr20	46173739	46308498	6	6	6
ENSG00000080189.15	SLC35C2	chr20	46345980	46364458	6	6	6
ENSG00000273828.2	AL133227.1	chr20	46364551	46397994	6	6	6
ENSG00000062598.18	ELMO2	chr20	46366050	46432985	6	6	6
ENSG00000215452.5	ZNF663P	chr20	46414228	46459276	6	6	6
ENSG00000283757.1	AL031686.1	chr20	46455033	46496731	6	6	6
ENSG00000225849.2	MKRN7P	chr20	46463719	46477232	6	6	6
ENSG00000184617.10	ZNF840P	chr20	46484461	46492640	6	6	6
ENSG00000198185.11	ZNF334	chr20	46499630	46513559	6	6	6
ENSG00000149635.3	OCSTAMP	chr20	46540946	46550654	6	6	6
ENSG00000158296.14	SLC13A3	chr20	46557823	46684467	6	6	6
ENSG00000273893.1	AL133520.1	chr20	46681676	46682375	6	6	6
ENSG00000172315.6	TP53RK	chr20	46684365	46689444	6	6	6
ENSG00000271784.1	AL031055.1	chr20	46689659	46690289	6	6	6
ENSG00000197496.6	SLC2A10	chr20	46709649	46736347	6	6	6
ENSG00000222874.1	RN7SKP33	chr20	46859333	46859672	6	6	6
ENSG00000235922.1	AL354766.1	chr20	46863563	46864104	6	6	6
ENSG00000064655.19	EYA2	chr20	46894624	47188844	6	6	6
ENSG00000236028.1	AL354766.2	chr20	46901143	46901726	6	6	6
ENSG00000226769.1	GAPDHP54	chr20	46997596	46998488	6	6	6
ENSG00000239783.1	AL121776.1	chr20	47071865	47072236	6	6	6
ENSG00000215450.2	AL022342.1	chr20	47160838	47161700	6	6	6
ENSG00000264901.1	MIR3616	chr20	47166967	47167058	6	6	6
ENSG00000101040.19	ZMYND8	chr20	47209214	47356889	6	6	6
ENSG00000267882.2	AL031666.2	chr20	47318502	47320754	6	6	6
ENSG00000273451.1	AL031666.3	chr20	47348137	47349142	6	6	6
ENSG00000231119.2	AL031666.1	chr20	47352561	47354633	6	6	6
ENSG00000224565.2	LINC01754	chr20	47391925	47412327	6	6	6
ENSG00000234075.1	RPL35AP	chr20	47478214	47479010	6	6	6
ENSG00000202186.1	RNU6-497P	chr20	47484278	47484381	6	6	6
ENSG00000201742.1	RNU6-563P	chr20	47492978	47493085	6	6	6
ENSG00000124151.19	NCOA3	chr20	47501887	47656877	6	6	6
ENSG00000229853.1	AL034418.1	chr20	47630266	47631438	6	6	6
ENSG00000196562.14	SULF2	chr20	47656348	47786616	6	6	6
ENSG00000255438.2	AL354813.1	chr20	47677901	47686297	6	6	6
ENSG00000238950.1	RNU7-173P	chr20	47826969	47827044	6	6	6
ENSG00000215448.3	SRMP1	chr20	47859788	47860672	6	6	6
ENSG00000251770.1	RNA5SP486	chr20	47873191	47873273	6	6	6
ENSG00000238785.1	RNU7-92P	chr20	47904348	47904423	6	6	6
ENSG00000234967.2	AL357558.2	chr20	47950797	47954808	6	6	6
ENSG00000228503.1	AL357558.1	chr20	47958022	47958603	6	6	6
ENSG00000287443.1	AL357558.3	chr20	47974137	47977584	6	6	6
ENSG00000237423.3	LINC01522	chr20	47976739	47990127	6	6	6
ENSG00000229522.1	LINC01523	chr20	47983404	47984313	6	6	6
ENSG00000286179.1	AL139351.2	chr20	48007875	48022237	6	6	6
ENSG00000287335.1	AL139351.3	chr20	48025245	48060271	6	6	6
ENSG00000276923.1	AL139351.1	chr20	48073869	48074188	6	6	6
ENSG00000287107.1	AL136102.1	chr20	48120269	48136844	6	6	6
ENSG00000288083.1	AL121888.2	chr20	48264969	48275392	6	6	6
ENSG00000286063.1	AL121888.1	chr20	48324812	48367976	6	6	6
ENSG00000235621.9	LINC00494	chr20	48359884	48370636	6	6	6
ENSG00000236874.1	AL137078.1	chr20	48383323	48384895	6	6	6
ENSG00000274261.2	AL137078.2	chr20	48406777	48410716	6	6	6
ENSG00000281365.1	AL049541.1	chr20	48471308	48472414	6	6	6
ENSG00000281460.1	AL049541.2	chr20	48476999	48477553	6	6	6
ENSG00000238452.1	RNU7-144P	chr20	48494234	48494309	6	6	6
ENSG00000124126.14	PREX1	chr20	48624252	48827999	6	6	6
ENSG00000286159.1	AL035106.1	chr20	48657073	48659119	6	6	6
ENSG00000278231.1	AL133342.1	chr20	48821688	48849458	6	6	6
ENSG00000124198.9	ARFGEF2	chr20	48921711	49036693	6	6	6
ENSG00000230758.1	SNAP23P1	chr20	49038357	49038602	6	6	6
ENSG00000227431.6	CSE1L-AS1	chr20	49040463	49046168	6	6	6
ENSG00000124207.17	CSE1L	chr20	49046246	49096960	6	6	6
ENSG00000124214.20	STAU1	chr20	49113339	49188367	6	6	6
ENSG00000226284.1	ARPC3P1	chr20	49134480	49135012	6	6	6
ENSG00000124228.14	DDX27	chr20	49219295	49244077	6	6	6
ENSG00000124201.15	ZNFX1	chr20	49237946	49278426	6	6	6
ENSG00000177410.13	ZFAS1	chr20	49278178	49299600	6	6	6
ENSG00000277830.1	AL049766.2	chr20	49278427	49278624	6	6	6
ENSG00000209042.1	SNORD12C	chr20	49278940	49279028	6	6	6
ENSG00000274760.1	AL049766.1	chr20	49279116	49279208	6	6	6
ENSG00000222365.1	SNORD12B	chr20	49280319	49280409	6	6	6
ENSG00000277967.1	AL049766.3	chr20	49280485	49280571	6	6	6
ENSG00000212304.1	SNORD12	chr20	49280683	49280772	6	6	6
ENSG00000158445.10	KCNB1	chr20	49293394	49484297	6	6	6
ENSG00000283529.1	AL035685.1	chr20	49318337	49441654	6	6	6
ENSG00000124212.6	PTGIS	chr20	49503874	49568137	6	6	6
ENSG00000158470.5	B4GALT5	chr20	49632945	49713878	6	6	6
ENSG00000276031.1	RN7SL197P	chr20	49721949	49722247	6	6	6
ENSG00000231878.1	SNRPFP1	chr20	49729591	49729842	6	6	6
ENSG00000252540.1	RNU6-919P	chr20	49794811	49794914	6	6	6
ENSG00000197818.12	SLC9A8	chr20	49812713	49892242	6	6	6
ENSG00000237788.1	AL162615.1	chr20	49829125	49831085	6	6	6
ENSG00000158480.11	SPATA2	chr20	49903391	49915529	6	6	6
ENSG00000199490.1	Y_RNA	chr20	49920597	49920694	6	6	6
ENSG00000269103.2	Metazoa_SRP	chr20	49932795	49933078	6	6	6
ENSG00000124226.11	RNF114	chr20	49936336	49953885	6	6	6
ENSG00000229222.1	KRT18P4	chr20	49956745	49958032	6	6	6
ENSG00000206710.1	RNU6-147P	chr20	49972106	49972212	6	6	6
ENSG00000124216.4	SNAI1	chr20	49982980	49988886	6	6	6
ENSG00000231265.1	TRERNA1	chr20	50040716	50041504	6	6	6
ENSG00000244687.12	UBE2V1	chr20	50081124	50115959	6	6	6
ENSG00000124208.16	PEDS1-UBE2V1	chr20	50081124	50153637	6	6	6
ENSG00000240849.11	PEDS1	chr20	50118254	50153734	6	6	6
ENSG00000237595.5	LINC01275	chr20	50162765	50166216	6	6	6
ENSG00000234698.1	AL161937.1	chr20	50166362	50171742	6	6	6
ENSG00000231742.6	LINC01273	chr20	50171809	50176676	6	6	6
ENSG00000277449.1	CEBPB-AS1	chr20	50184598	50191498	6	6	6
ENSG00000172216.6	CEBPB	chr20	50190830	50192668	6	6	6
ENSG00000224397.7	PELATON	chr20	50247643	50283250	6	6	6
ENSG00000203999.9	LINC01270	chr20	50292709	50315488	6	6	6
ENSG00000233077.1	LINC01271	chr20	50310711	50321342	6	6	6
ENSG00000244376.3	RN7SL636P	chr20	50429190	50429483	6	6	6
ENSG00000231715.1	COX6CP2	chr20	50479767	50479991	6	6	6
ENSG00000196396.10	PTPN1	chr20	50510321	50585241	6	6	6
ENSG00000239742.3	RN7SL672P	chr20	50557682	50557998	6	6	6
ENSG00000201501.1	Y_RNA	chr20	50563009	50563110	6	6	6
ENSG00000232043.1	AL133230.1	chr20	50570975	50578041	6	6	6
ENSG00000208018.1	MIR645	chr20	50585786	50585879	6	6	6
ENSG00000042062.13	RIPOR3	chr20	50586108	50691542	6	6	6
ENSG00000221091.1	MIR1302-5	chr20	50614636	50614785	6	6	6
ENSG00000231302.1	RPL36P2	chr20	50620763	50621077	6	6	6
ENSG00000234693.1	RIPOR3-AS1	chr20	50645471	50662275	6	6	6
ENSG00000124171.9	PARD6B	chr20	50731580	50756795	6	6	6
ENSG00000124243.17	BCAS4	chr20	50794894	50882676	6	6	6
ENSG00000230043.1	TMSB4XP6	chr20	50840615	50840749	6	6	6
ENSG00000101126.18	ADNP	chr20	50888916	50931437	6	6	6
ENSG00000228663.1	PSMD10P1	chr20	50913731	50914411	6	6	6
ENSG00000259456.4	ADNP-AS1	chr20	50930984	50945148	6	6	6
ENSG00000000419.13	DPM1	chr20	50934867	50958555	6	6	6
ENSG00000124217.5	MOCS3	chr20	50958818	50963929	6	6	6
ENSG00000232358.1	AL050404.1	chr20	50999370	51010019	6	6	6
ENSG00000026559.14	KCNG1	chr20	51003656	51023107	6	6	6
ENSG00000279835.1	AL121785.1	chr20	51098138	51098845	6	6	6
ENSG00000228820.2	RPSAP1	chr20	51130788	51131667	6	6	6
ENSG00000101096.20	NFATC2	chr20	51386957	51562831	6	6	6
ENSG00000266761.1	MIR3194	chr20	51452905	51452977	6	6	6
ENSG00000054793.14	ATP9A	chr20	51596514	51768390	6	6	6
ENSG00000215444.2	AL138807.1	chr20	51734533	51735067	6	6	6
ENSG00000101115.13	SALL4	chr20	51782331	51802521	6	6	6
ENSG00000227964.1	LINC01429	chr20	51831797	51862912	6	6	6
ENSG00000252467.1	RNU6-347P	chr20	51902291	51902395	6	6	6
ENSG00000252654.1	RNU7-6P	chr20	51904969	51905030	6	6	6
ENSG00000020256.20	ZFP64	chr20	52051663	52204308	6	6	6
ENSG00000287511.1	AL109984.1	chr20	52072685	52096480	6	6	6
ENSG00000233347.1	ERP29P1	chr20	52110344	52111049	6	6	6
ENSG00000234948.2	LINC01524	chr20	52192159	52670578	6	6	6
ENSG00000225785.1	AL109610.1	chr20	52451464	52455619	6	6	6
ENSG00000275958.1	AL049765.2	chr20	52482801	52482991	6	6	6
ENSG00000232465.1	AL049765.1	chr20	52487922	52500591	6	6	6
ENSG00000234821.1	MRPS33P4	chr20	52511252	52511568	6	6	6
ENSG00000232294.6	AL031674.1	chr20	52671735	52699472	6	6	6
ENSG00000286250.1	AL161945.1	chr20	52840936	52843775	6	6	6
ENSG00000232286.1	AL121902.1	chr20	52858338	52862855	6	6	6
ENSG00000230636.1	RPL36P1	chr20	52890162	52890386	6	6	6
ENSG00000182463.16	TSHZ2	chr20	52972358	53495330	6	6	6
ENSG00000199218.1	RN7SKP184	chr20	53097652	53097984	6	6	6
ENSG00000286865.1	AL391097.3	chr20	53137293	53141169	6	6	6
ENSG00000223492.1	AL391097.1	chr20	53168643	53179550	6	6	6
ENSG00000227705.1	AL391097.2	chr20	53196229	53208705	6	6	6
ENSG00000271774.1	AL109930.1	chr20	53255979	53487274	6	6	6
ENSG00000231703.2	AL354993.1	chr20	53397661	53412910	6	6	6
ENSG00000224530.1	PPIAP10	chr20	53421199	53421656	6	6	6
ENSG00000259723.1	AL354993.2	chr20	53453058	53504314	6	6	6
ENSG00000206959.1	Y_RNA	chr20	53544615	53544725	6	6	6
ENSG00000197670.6	AL157838.1	chr20	53552770	53575863	6	6	6
ENSG00000171940.13	ZNF217	chr20	53567065	53609907	6	6	6
ENSG00000235415.1	AC005808.1	chr20	53608354	53634590	6	6	6
ENSG00000238468.1	RNU7-14P	chr20	53668697	53668758	6	6	6
ENSG00000287886.1	AC005914.1	chr20	53738728	53741797	6	6	6
ENSG00000225563.2	AC006076.1	chr20	53799823	53827297	6	6	6
ENSG00000241721.1	SUMO1P1	chr20	53875252	53875557	6	6	6
ENSG00000064787.13	BCAS1	chr20	53936777	54070594	6	6	6
ENSG00000236352.1	AC005220.1	chr20	53940160	53942508	6	6	6
ENSG00000265595.1	MIR4756	chr20	54068408	54068485	6	6	6
ENSG00000019186.10	CYP24A1	chr20	54153446	54173986	6	6	6
ENSG00000286587.1	AL133335.2	chr20	54178414	54183129	6	6	6
ENSG00000101132.10	PFDN4	chr20	54208087	54228052	6	6	6
ENSG00000286229.1	AL133335.1	chr20	54232758	54269542	6	6	6
ENSG00000101134.12	DOK5	chr20	54475593	54651169	6	6	6
ENSG00000252089.1	RNU4ATAC7P	chr20	54859688	54859812	6	6	6
ENSG00000185834.10	RPL12P4	chr20	55074644	55075140	6	6	6
ENSG00000235166.8	LINC01440	chr20	55408898	55684915	6	6	6
ENSG00000224008.1	LINC01441	chr20	55420336	55427197	6	6	6
ENSG00000275923.1	AL160413.1	chr20	55504906	55505215	6	6	6
ENSG00000287478.1	AL109829.1	chr20	55607852	55744938	6	6	6
ENSG00000286006.2	AL109828.1	chr20	55775176	55781231	6	6	6
ENSG00000054803.4	CBLN4	chr20	55997357	56005519	6	6	6
ENSG00000222118.1	RNA5SP487	chr20	56205052	56205173	6	6	6
ENSG00000124089.4	MC3R	chr20	56248732	56249815	6	6	6
ENSG00000235594.1	AL139824.2	chr20	56267872	56269231	6	6	6
ENSG00000230843.1	AL139824.1	chr20	56295967	56299160	6	6	6
ENSG00000124098.10	FAM210B	chr20	56358974	56368663	6	6	6
ENSG00000087586.18	AURKA	chr20	56369389	56392337	6	6	6
ENSG00000101138.12	CSTF1	chr20	56392371	56406362	6	6	6
ENSG00000087589.16	CASS4	chr20	56412112	56460387	6	6	6
ENSG00000228601.1	RPL39P	chr20	56459428	56459583	6	6	6
ENSG00000022277.13	RTF2	chr20	56468585	56519449	6	6	6
ENSG00000124091.9	GCNT7	chr20	56491492	56525925	6	6	6
ENSG00000124103.10	FAM209A	chr20	56517187	56526152	6	6	6
ENSG00000280387.1	AL109806.1	chr20	56522252	56523499	6	6	6
ENSG00000213714.1	FAM209B	chr20	56533246	56536520	6	6	6
ENSG00000287079.1	AL109806.2	chr20	56550605	56555579	6	6	6
ENSG00000225657.2	LINC01716	chr20	56577563	56598621	6	6	6
ENSG00000214541.3	RPS4XP3	chr20	56601701	56602113	6	6	6
ENSG00000087510.7	TFAP2C	chr20	56629306	56639283	6	6	6
ENSG00000252091.1	RNU6-1146P	chr20	56667430	56667531	6	6	6
ENSG00000241821.3	RN7SL170P	chr20	56688401	56688695	6	6	6
ENSG00000237000.1	PTMAP6	chr20	56700837	56701514	6	6	6
ENSG00000231604.2	AL133232.1	chr20	56730397	56731460	6	6	6
ENSG00000207158.1	RNU6-929P	chr20	56785981	56786087	6	6	6
ENSG00000231078.1	AL157414.2	chr20	57105741	57107128	6	6	6
ENSG00000203266.3	AL157414.1	chr20	57110640	57122745	6	6	6
ENSG00000288086.1	AL157414.4	chr20	57116566	57119543	6	6	6
ENSG00000280220.1	AL157414.3	chr20	57161822	57163775	6	6	6
ENSG00000101144.13	BMP7	chr20	57168753	57266641	6	6	6
ENSG00000235032.1	BMP7-AS1	chr20	57214872	57215866	6	6	6
ENSG00000226308.1	AL122058.1	chr20	57266797	57282998	6	6	6
ENSG00000252064.1	Y_RNA	chr20	57311854	57311958	6	6	6
ENSG00000266666.1	MIR4325	chr20	57321502	57321591	6	6	6
ENSG00000231005.1	RPL39P39	chr20	57328546	57328696	6	6	6
ENSG00000054796.13	SPO11	chr20	57329803	57343994	6	6	6
ENSG00000101146.13	RAE1	chr20	57351223	57379211	6	6	6
ENSG00000228995.1	MTND1P9	chr20	57357426	57358369	6	6	6
ENSG00000256222.3	MTRNR2L3	chr20	57358447	57359498	6	6	6
ENSG00000218018.3	RBM38-AS1	chr20	57377140	57393062	6	6	6
ENSG00000132819.17	RBM38	chr20	57391396	57409333	6	6	6
ENSG00000286052.1	AL109955.1	chr20	57442742	57458298	6	6	6
ENSG00000124097.7	HMGB1P1	chr20	57488392	57489027	6	6	6
ENSG00000124092.12	CTCFL	chr20	57495966	57525652	6	6	6
ENSG00000124253.11	PCK1	chr20	57561080	57568121	6	6	6
ENSG00000227297.1	AL035541.1	chr20	57599695	57601200	6	6	6
ENSG00000124256.15	ZBP1	chr20	57603846	57620576	6	6	6
ENSG00000124225.16	PMEPA1	chr20	57648392	57711536	6	6	6
ENSG00000278709.2	NKILA	chr20	57710156	57712780	6	6	6
ENSG00000263453.1	AL162291.1	chr20	57895394	57895444	6	6	6
ENSG00000203971.2	AL354984.1	chr20	57957126	57960176	6	6	6
ENSG00000275852.1	LINC01742	chr20	58003904	58004648	6	6	6
ENSG00000225708.6	AL354984.2	chr20	58069054	58072070	6	6	6
ENSG00000270411.1	AL354984.3	chr20	58097267	58097591	6	6	6
ENSG00000124237.6	C20orf85	chr20	58150902	58161150	6	6	6
ENSG00000124227.5	ANKRD60	chr20	58218495	58228653	6	6	6
ENSG00000124224.17	PPP4R1L	chr20	58228940	58309451	6	6	6
ENSG00000124209.4	RAB22A	chr20	58309715	58367507	6	6	6
ENSG00000124164.16	VAPB	chr20	58389229	58451101	6	6	6
ENSG00000198768.11	APCDD1L	chr20	58459101	58515399	6	6	6
ENSG00000231290.6	APCDD1L-DT	chr20	58515379	58619888	6	6	6
ENSG00000254620.1	AL050327.1	chr20	58594417	58603973	6	6	6
ENSG00000268941.2	LINC01711	chr20	58634772	58635738	6	6	6
ENSG00000124222.22	STX16	chr20	58651253	58679526	6	6	6
ENSG00000254995.4	STX16-NPEPL1	chr20	58651434	58715410	6	6	6
ENSG00000215440.12	NPEPL1	chr20	58689131	58719238	6	6	6
ENSG00000254419.1	AL139349.1	chr20	58710795	58711633	6	6	6
ENSG00000237121.1	PIEZO1P2	chr20	58740532	58783821	6	6	6
ENSG00000270279.1	AL132655.3	chr20	58754351	58756838	6	6	6
ENSG00000268649.5	AL132655.2	chr20	58817132	58817725	6	6	6
ENSG00000284040.1	MIR296	chr20	58817615	58817694	6	6	6
ENSG00000216031.1	MIR298	chr20	58818226	58818313	6	6	6
ENSG00000235590.7	GNAS-AS1	chr20	58818919	58850903	6	6	6
ENSG00000268333.1	AL132655.1	chr20	58833809	58836529	6	6	6
ENSG00000087460.27	GNAS	chr20	58839718	58911192	6	6	6
ENSG00000276859.1	AL132655.7	chr20	58842030	58842132	6	6	6
ENSG00000276722.1	AL132655.6	chr20	58842433	58842546	6	6	6
ENSG00000274491.1	AL132655.4	chr20	58850530	58850641	6	6	6
ENSG00000275069.1	AL132655.5	chr20	58850783	58850903	6	6	6
ENSG00000225806.8	AL121917.1	chr20	58863528	58888809	6	6	6
ENSG00000270951.1	AL121917.2	chr20	58876592	58876981	6	6	6
ENSG00000285091.1	AL109840.2	chr20	58916000	58981169	6	6	6
ENSG00000284985.1	AL109840.1	chr20	58948089	58948267	6	6	6
ENSG00000101158.15	NELFCD	chr20	58981208	58995133	6	6	6
ENSG00000101160.14	CTSZ	chr20	58995185	59007254	6	6	6
ENSG00000101162.4	TUBB1	chr20	59019429	59026654	6	6	6
ENSG00000124172.10	ATP5F1E	chr20	59025475	59032345	6	6	6
ENSG00000101166.16	PRELID3B	chr20	59033145	59042809	6	6	6
ENSG00000232925.2	MRPS16P2	chr20	59113224	59113631	6	6	6
ENSG00000124203.6	ZNF831	chr20	59123381	59259113	6	6	6
ENSG00000124205.18	EDN3	chr20	59300443	59325992	6	6	6
ENSG00000225129.1	AL035250.1	chr20	59352195	59357774	6	6	6
ENSG00000230352.1	AL035250.2	chr20	59360927	59364773	6	6	6
ENSG00000286309.1	AL160410.1	chr20	59395496	59397109	6	6	6
ENSG00000233686.3	PIEZO1P1	chr20	59460619	59460837	6	6	6
ENSG00000287752.1	AL389889.2	chr20	59467755	59469853	6	6	6
ENSG00000227282.1	AL389889.1	chr20	59515191	59516039	6	6	6
ENSG00000087495.17	PHACTR3	chr20	59577509	59847711	6	6	6
ENSG00000238194.2	PHACTR3-AS1	chr20	59624904	59628295	6	6	6
ENSG00000238777.1	RNU7-141P	chr20	59852667	59852728	6	6	6
ENSG00000196074.13	SYCP2	chr20	59863564	59933655	6	6	6
ENSG00000196227.11	FAM217B	chr20	59933764	59948680	6	6	6
ENSG00000132825.7	PPP1R3D	chr20	59936663	59940305	6	6	6
ENSG00000124215.17	CDH26	chr20	59958423	60034011	6	6	6
ENSG00000176659.9	C20orf197	chr20	60055853	60072956	6	6	6
ENSG00000276093.1	AL132822.1	chr20	60083360	60083872	6	6	6
ENSG00000228340.6	MIR646HG	chr20	60087826	60653784	6	6	6
ENSG00000207802.1	MIR646	chr20	60308474	60308567	6	6	6
ENSG00000229690.1	MTCO2P1	chr20	60414396	60414872	6	6	6
ENSG00000266140.1	MIR4533	chr20	60478111	60478181	6	6	6
ENSG00000265617.1	MIR548AG2	chr20	60564562	60564625	6	6	6
ENSG00000276627.3	AL117372.1	chr20	60755001	60767279	6	6	6
ENSG00000261035.1	AL139348.1	chr20	60812004	60814211	6	6	6
ENSG00000229755.1	AL121910.1	chr20	61077224	61077816	6	6	6
ENSG00000229606.2	LINC01718	chr20	61079049	61083750	6	6	6
ENSG00000179242.16	CDH4	chr20	61252261	61940617	6	6	6
ENSG00000286232.1	AL365229.1	chr20	61267525	61271827	6	6	6
ENSG00000276786.1	BX640515.1	chr20	61369879	61370855	6	6	6
ENSG00000277270.2	AL160412.1	chr20	61432868	61437630	6	6	6
ENSG00000179253.3	AL162457.1	chr20	61717506	61719748	6	6	6
ENSG00000225106.1	AL162457.2	chr20	61738219	61755056	6	6	6
ENSG00000130699.18	TAF4	chr20	61953469	62065810	6	6	6
ENSG00000284193.1	MIR1257	chr20	61953546	61953662	6	6	6
ENSG00000235018.1	AL137077.1	chr20	62037429	62037956	6	6	6
ENSG00000265306.1	MIR3195	chr20	62064802	62064885	6	6	6
ENSG00000283078.1	AL137077.2	chr20	62066830	62068437	6	6	6
ENSG00000149657.20	LSM14B	chr20	62122461	62135374	6	6	6
ENSG00000101182.15	PSMA7	chr20	62136733	62143440	6	6	6
ENSG00000184402.15	SS18L1	chr20	62143769	62182514	6	6	6
ENSG00000101181.17	MTG2	chr20	62183029	62203568	6	6	6
ENSG00000101180.16	HRH3	chr20	62214960	62220278	6	6	6
ENSG00000130703.17	OSBPL2	chr20	62231922	62296213	6	6	6
ENSG00000130706.13	ADRM1	chr20	62302093	62308862	6	6	6
ENSG00000226332.2	AL354836.1	chr20	62305432	62306325	6	6	6
ENSG00000130702.15	LAMA5	chr20	62307955	62367312	6	6	6
ENSG00000284074.1	MIR4758	chr20	62332487	62332557	6	6	6
ENSG00000228812.7	LAMA5-AS1	chr20	62352995	62356480	6	6	6
ENSG00000273619.1	AL121832.2	chr20	62386303	62386970	6	6	6
ENSG00000171858.18	RPS21	chr20	62387103	62388520	6	6	6
ENSG00000149679.11	CABLES2	chr20	62388632	62407285	6	6	6
ENSG00000275437.1	AL121832.3	chr20	62402236	62405935	6	6	6
ENSG00000130701.4	RBBP8NL	chr20	62410237	62427539	6	6	6
ENSG00000233017.3	AL121832.1	chr20	62427827	62447677	6	6	6
ENSG00000130700.7	GATA5	chr20	62463497	62475995	6	6	6
ENSG00000272050.1	AL499627.2	chr20	62477870	62478594	6	6	6
ENSG00000260542.1	AL499627.1	chr20	62513909	62516096	6	6	6
ENSG00000174403.16	MIR1-1HG-AS1	chr20	62544343	62551526	6	6	6
ENSG00000174407.13	MIR1-1HG	chr20	62550453	62570764	6	6	6
ENSG00000199017.2	MIR1-1	chr20	62554306	62554376	6	6	6
ENSG00000284508.1	MIR133A2	chr20	62564912	62565013	6	6	6
ENSG00000226094.1	RPL7P3	chr20	62572671	62573384	6	6	6
ENSG00000264490.3	BX640514.1	chr20	62575590	62577507	6	6	6
ENSG00000273812.3	BX640514.2	chr20	62596732	62603355	6	6	6
ENSG00000232121.1	AL450469.2	chr20	62633681	62635504	6	6	6
ENSG00000229882.1	AL450469.1	chr20	62633772	62635862	6	6	6
ENSG00000167046.4	AL357033.1	chr20	62640719	62643304	6	6	6
ENSG00000101187.16	SLCO4A1	chr20	62642503	62685785	6	6	6
ENSG00000277496.1	AL357033.4	chr20	62648961	62650767	6	6	6
ENSG00000276317.1	AL357033.3	chr20	62651272	62652186	6	6	6
ENSG00000232803.1	SLCO4A1-AS1	chr20	62663019	62666724	6	6	6
ENSG00000237687.2	LINC00686	chr20	62695024	62700480	6	6	6
ENSG00000101188.5	NTSR1	chr20	62708836	62762771	6	6	6
ENSG00000223669.1	AL357033.2	chr20	62732566	62735347	6	6	6
ENSG00000228705.2	LINC00659	chr20	62774121	62776996	6	6	6
ENSG00000101189.7	MRGBP	chr20	62796473	62801729	6	6	6
ENSG00000229873.1	OGFR-AS1	chr20	62800627	62805587	6	6	6
ENSG00000060491.16	OGFR	chr20	62804835	62814000	6	6	6
ENSG00000092758.18	COL9A3	chr20	62816244	62841159	6	6	6
ENSG00000101190.13	TCFL5	chr20	62841005	62861822	6	6	6
ENSG00000233838.5	DPH3P1	chr20	62845664	62845912	6	6	6
ENSG00000236527.1	ARF4P2	chr20	62872250	62873076	6	6	6
ENSG00000101191.17	DIDO1	chr20	62877738	62937952	6	6	6
ENSG00000273759.1	AL117379.1	chr20	62928621	62929297	6	6	6
ENSG00000101193.8	GID8	chr20	62938147	62948475	6	6	6
ENSG00000101194.18	SLC17A9	chr20	62952707	62969585	6	6	6
ENSG00000125533.6	BHLHE23	chr20	63005927	63007035	6	6	6
ENSG00000272259.5	LINC01749	chr20	63009383	63085071	6	6	6
ENSG00000125514.9	LINC00029	chr20	63034217	63037028	6	6	6
ENSG00000237119.1	LINC01056	chr20	63038011	63053863	6	6	6
ENSG00000231133.8	HAR1B	chr20	63090806	63102631	6	6	6
ENSG00000274915.1	AL096828.4	chr20	63102142	63102259	6	6	6
ENSG00000225978.3	HAR1A	chr20	63102205	63104386	6	6	6
ENSG00000287324.1	AL096828.6	chr20	63116218	63117205	6	6	6
ENSG00000260416.1	AL096828.2	chr20	63127495	63129459	6	6	6
ENSG00000286628.1	AL096828.5	chr20	63144311	63152087	6	6	6
ENSG00000231977.1	AL096828.1	chr20	63166797	63180903	6	6	6
ENSG00000207598.1	MIR124-3	chr20	63178500	63178586	6	6	6
ENSG00000149658.18	YTHDF1	chr20	63195429	63216139	6	6	6
ENSG00000273821.1	AL096828.3	chr20	63218041	63218502	6	6	6
ENSG00000101197.13	BIRC7	chr20	63235883	63240495	6	6	6
ENSG00000266463.1	MIR3196	chr20	63238779	63238842	6	6	6
ENSG00000101198.15	NKAIN4	chr20	63240784	63272694	6	6	6
ENSG00000275620.1	FLJ16779	chr20	63253978	63261615	6	6	6
ENSG00000101199.13	ARFGAP1	chr20	63272785	63289790	6	6	6
ENSG00000266104.1	MIR4326	chr20	63286808	63286866	6	6	6
ENSG00000101203.16	COL20A1	chr20	63293186	63334851	6	6	6
ENSG00000222439.1	RNU6-994P	chr20	63337339	63337449	6	6	6
ENSG00000101204.18	CHRNA4	chr20	63343223	63378401	6	6	6
ENSG00000203900.2	AL121827.1	chr20	63359988	63371177	6	6	6
ENSG00000075043.19	KCNQ2	chr20	63400208	63472677	6	6	6
ENSG00000280936.1	AL353658.1	chr20	63422269	63424555	6	6	6
ENSG00000226390.1	KCNQ2-AS1	chr20	63448051	63449329	6	6	6
ENSG00000101210.13	EEF1A2	chr20	63488013	63499239	6	6	6
ENSG00000230226.1	AL121829.1	chr20	63502287	63505111	6	6	6
ENSG00000125534.10	PPDPF	chr20	63520765	63522206	6	6	6
ENSG00000101213.7	PTK6	chr20	63528001	63537376	6	6	6
ENSG00000125508.3	SRMS	chr20	63540810	63547504	6	6	6
ENSG00000275812.1	AL121829.2	chr20	63543411	63543738	6	6	6
ENSG00000125531.7	FNDC11	chr20	63547891	63556695	6	6	6
ENSG00000130589.16	HELZ2	chr20	63558086	63574239	6	6	6
ENSG00000101216.11	GMEB2	chr20	63587602	63627101	6	6	6
ENSG00000232442.1	MHENCR	chr20	63627227	63628824			
ENSG00000197457.10	STMN3	chr20	63639705	63657682			
ENSG00000258366.9	RTEL1	chr20	63657810	63696253			
ENSG00000026036.22	RTEL1-TNFRSF6B	chr20	63659300	63698684			
ENSG00000243509.6	TNFRSF6B	chr20	63696652	63698684			
ENSG00000101246.20	ARFRP1	chr20	63698642	63708025			
ENSG00000197114.12	ZGPAT	chr20	63707465	63736142			
ENSG00000273154.3	AL121845.3	chr20	63708864	63739103			
ENSG00000274501.1	AL121845.4	chr20	63730072	63730377			
ENSG00000203896.10	LIME1	chr20	63736283	63739103			
ENSG00000273047.1	AL121845.2	chr20	63738270	63740398			
ENSG00000125520.14	SLC2A4RG	chr20	63739776	63744050			
ENSG00000130584.12	ZBTB46	chr20	63743668	63832038			
ENSG00000229299.2	AL121845.1	chr20	63744689	63745958			
ENSG00000231208.4	ZBTB46-AS1	chr20	63808076	63816521			
ENSG00000279610.1	C20orf181	chr20	63843436	63843915			
ENSG00000268858.2	AL118506.1	chr20	63861212	63864293			
ENSG00000183260.7	ABHD16B	chr20	63861498	63862988			
ENSG00000101150.18	TPD52L2	chr20	63865228	63891545			
ENSG00000101152.11	DNAJC5	chr20	63895126	63936031			
ENSG00000199805.1	RNU1-134P	chr20	63908955	63909119			
ENSG00000283206.1	MIR941-1	chr20	63919449	63919520			
ENSG00000216141.3	MIR941-2	chr20	63919505	63919576			
ENSG00000283513.1	MIR941-3	chr20	63919561	63919632			
ENSG00000216195.3	MIR941-4	chr20	63919756	63919827			
ENSG00000275842.1	MIR941-5	chr20	63919868	63919939			
ENSG00000198276.16	UCKL1	chr20	63939829	63956416			
ENSG00000284433.1	MIR1914	chr20	63941465	63941544			
ENSG00000207554.1	MIR647	chr20	63942631	63942726			
ENSG00000280213.1	UCKL1-AS1	chr20	63953384	63956985			
ENSG00000196700.9	ZNF512B	chr20	63956704	63969930			
ENSG00000130590.14	SAMD10	chr20	63974116	63980008			
ENSG00000101161.8	PRPF6	chr20	63981132	64033100			
ENSG00000196421.8	C20orf204	chr20	64034344	64039962			
ENSG00000203883.7	SOX18	chr20	64047582	64049639			
ENSG00000171703.17	TCEA2	chr20	64049836	64072347			
ENSG00000237371.1	AL355803.1	chr20	64056803	64057084			
ENSG00000171700.14	RGS19	chr20	64073181	64079988			
ENSG00000274034.1	MIR6813	chr20	64076955	64077010			
ENSG00000125510.18	OPRL1	chr20	64080082	64100643			
ENSG00000171695.10	LKAAEAR1	chr20	64083380	64084359			
ENSG00000286999.1	AL121581.3	chr20	64097208	64101162			
ENSG00000196132.14	MYT1	chr20	64102394	64242253			
ENSG00000125522.3	NPBWR2	chr20	64105820	64107171			
ENSG00000203880.12	PCMTD2	chr20	64255695	64287821			
ENSG00000278171.1	AL137028.2	chr20	64278306	64278561			
ENSG00000232852.1	CICP4	chr20	64290187	64292998			
ENSG00000149656.8	LINC00266-1	chr20	64290385	64313132			
ENSG00000274727.1	AL137028.1	chr20	64327418	64327972			
ENSG00000279493.1	FP565260.4	chr21	5011799	5017145			
ENSG00000277117.5	FP565260.3	chr21	5022493	5040666			
ENSG00000279687.1	FP565260.5	chr21	5073458	5087867			
ENSG00000280071.4	GATD3B	chr21	5079294	5128413			
ENSG00000276612.3	FP565260.2	chr21	5116343	5133805			
ENSG00000275464.5	FP565260.1	chr21	5130871	5154658			
ENSG00000280433.1	FP565260.6	chr21	5155499	5165472			
ENSG00000279669.1	AC079801.1	chr21	5232668	5243833			
ENSG00000279094.3	LINC01670	chr21	5499151	5502542			
ENSG00000274333.4	CU633967.1	chr21	5553637	5614880			
ENSG00000277777.1	Y_RNA	chr21	5597390	5597490			
ENSG00000279186.1	FP236315.2	chr21	5703182	5705637			
ENSG00000279784.1	FP236315.3	chr21	5705345	5707160			
ENSG00000279064.1	FP236315.1	chr21	5707004	5709456			
ENSG00000274559.3	CU639417.1	chr21	5972924	5973383			
ENSG00000280013.1	CU639417.3	chr21	6008604	6008810			
ENSG00000279769.1	CU639417.2	chr21	6034690	6036093			
ENSG00000280191.3	LINC01669	chr21	6060340	6076305			
ENSG00000280095.1	CU639417.4	chr21	6081193	6082585			
ENSG00000280179.1	CU639417.5	chr21	6084364	6091407			
ENSG00000275993.3	SIK1B	chr21	6111131	6123778			
ENSG00000288187.1	CU633906.5	chr21	6215291	6217681			
ENSG00000274790.1	Y_RNA	chr21	6223480	6223580			
ENSG00000275496.4	CU633906.1	chr21	6228966	6267317			
ENSG00000280019.1	CU633906.4	chr21	6272135	6276532			
ENSG00000279709.1	CU633906.3	chr21	6309161	6312948			
ENSG00000278903.3	CU633906.2	chr21	6318434	6360415			
ENSG00000276902.1	Y_RNA	chr21	6365955	6366055			
ENSG00000274276.4	CBSL	chr21	6444869	6468040			
ENSG00000275895.7	U2AF1L5	chr21	6484623	6499261			
ENSG00000280346.1	FP236240.3	chr21	6507017	6507389			
ENSG00000279226.1	FP236240.2	chr21	6520344	6520670			
ENSG00000278927.1	FP236240.1	chr21	6550749	6553955			
ENSG00000276076.4	CRYAA2	chr21	6560714	6564489			
ENSG00000280145.3	CU638689.4	chr21	6630182	6670695			
ENSG00000278878.1	CU638689.1	chr21	6667304	6670667			
ENSG00000279788.1	CU638689.3	chr21	6676178	6679962			
ENSG00000279728.1	CU638689.2	chr21	6712596	6716361			
ENSG00000280164.1	CU638689.5	chr21	6721812	6725209			
ENSG00000279998.1	FP475955.3	chr21	6789592	6812297			
ENSG00000278955.3	FP475955.1	chr21	6858539	6897263			
ENSG00000284550.1	MIR8069-1	chr21	6859171	6859256			
ENSG00000280172.1	FP475955.4	chr21	6897291	6899280			
ENSG00000279751.1	FP475955.2	chr21	6904884	6906692			
ENSG00000280018.4	CU634019.5	chr21	6986450	6997765			
ENSG00000279477.1	CU634019.4	chr21	7003248	7007022			
ENSG00000278884.1	CU634019.2	chr21	7020599	7025166			
ENSG00000277067.4	CU634019.1	chr21	7048891	7087229			
ENSG00000274046.1	Y_RNA	chr21	7092616	7092716			
ENSG00000280330.1	CTBP2P10	chr21	7129103	7130287			
ENSG00000279303.1	CU634019.3	chr21	7135334	7137789			
ENSG00000279647.1	CU633904.2	chr21	7385058	7388799			
ENSG00000279895.1	CU633904.3	chr21	7421442	7425839			
ENSG00000276077.4	CU633904.1	chr21	7430659	7469007			
ENSG00000274484.1	Y_RNA	chr21	7474394	7474494			
ENSG00000279177.1	CTBP2P9	chr21	7626344	7627528			
ENSG00000276546.1	Y_RNA	chr21	7663911	7664011			
ENSG00000277991.4	FP236241.1	chr21	7669397	7681742			
ENSG00000273590.4	SMIM11B	chr21	7744962	7777853			
ENSG00000277277.3	FAM243B	chr21	7768884	7770591			
ENSG00000278961.2	SMIM34B	chr21	7784482	7793954			
ENSG00000276289.4	KCNE1B	chr21	7816675	7829926			
ENSG00000273614.1	CU633980.1	chr21	7826098	7826225			
ENSG00000279967.1	FP671120.5	chr21	8101251	8103706			
ENSG00000278996.1	FP671120.4	chr21	8197620	8227646			
ENSG00000275950.1	MIR6724-1	chr21	8205315	8205406			
ENSG00000275664.1	FP671120.1	chr21	8205851	8205940			
ENSG00000275708.1	MIR3648-1	chr21	8208473	8208652			
ENSG00000277437.1	FP671120.2	chr21	8208844	8208904			
ENSG00000280800.1	FP671120.6	chr21	8210384	8211306			
ENSG00000278233.1	RNA5-8SN2	chr21	8212572	8212724			
ENSG00000286155.1	FP671120.10	chr21	8235354	8235832			
ENSG00000286252.1	FP671120.11	chr21	8237649	8237979			
ENSG00000286057.1	FP671120.9	chr21	8238859	8239092			
ENSG00000286012.1	FP671120.8	chr21	8240736	8241047			
ENSG00000274060.1	MIR6724-2	chr21	8249505	8249596			
ENSG00000277671.1	FP671120.3	chr21	8250060	8250149			
ENSG00000281383.1	FP671120.7	chr21	8254592	8255514			
ENSG00000277739.1	5_8S_rRNA	chr21	8256781	8256933			
ENSG00000280441.3	FP236383.3	chr21	8380643	8454792			
ENSG00000277379.1	MIR6724-3	chr21	8388362	8388453			
ENSG00000274868.1	FP236383.1	chr21	8388898	8388987			
ENSG00000280614.1	FP236383.4	chr21	8393419	8394341			
ENSG00000275215.1	RNA5-8SN3	chr21	8395607	8395759			
ENSG00000286267.1	FP236383.13	chr21	8417757	8418235			
ENSG00000286146.1	FP236383.9	chr21	8420675	8421003			
ENSG00000286054.1	FP236383.7	chr21	8421883	8422116			
ENSG00000286178.1	FP236383.12	chr21	8423760	8424071			
ENSG00000275692.1	MIR6724-4	chr21	8432530	8432621			
ENSG00000278775.1	FP236383.2	chr21	8433085	8433174			
ENSG00000281181.1	FP236383.5	chr21	8437629	8438551			
ENSG00000278189.1	RNA5-8SN1	chr21	8439823	8439975			
ENSG00000286149.1	FP236383.11	chr21	8462320	8462798			
ENSG00000286032.1	FP236383.6	chr21	8465254	8465586			
ENSG00000286091.1	FP236383.8	chr21	8466466	8466699			
ENSG00000286148.1	FP236383.10	chr21	8468320	8468631			
ENSG00000279990.1	RPSAP68	chr21	8603547	8603984			
ENSG00000279615.1	CR381572.2	chr21	8680538	8680934			
ENSG00000279167.1	CR381572.1	chr21	8701461	8701562			
ENSG00000279579.3	LINC01666	chr21	8759077	8761335			
ENSG00000286033.1	CR381670.2	chr21	8762386	8836565	3	3	3
ENSG00000279213.1	SNX18P10	chr21	8801362	8801880	3	3	3
ENSG00000280243.1	MTCO1P1	chr21	8845566	8846646	3	3	3
ENSG00000278931.1	CR381670.1	chr21	8857260	8880976	3	3	3
ENSG00000264462.1	MIR3648-2	chr21	8986999	8987178	3	3	3
ENSG00000264063.1	CR392039.1	chr21	8987370	8987430	3	3	3
ENSG00000279501.1	CR392039.3	chr21	8996496	9018670	3	3	3
ENSG00000279414.1	CDRT15P9	chr21	9026821	9027329	3	3	3
ENSG00000280436.1	CR392039.4	chr21	9053122	9059060	3	3	3
ENSG00000188681.11	TEKT4P2	chr21	9068361	9129752	3	3	3
ENSG00000279720.1	SOWAHCP2	chr21	9082601	9083101	3	3	3
ENSG00000279381.1	CR392039.2	chr21	9088188	9088391	3	3	3
ENSG00000278932.4	CR381653.1	chr21	9325013	9368775			
ENSG00000279718.1	SNX18P12	chr21	9364467	9365225			
ENSG00000279208.1	CR381653.2	chr21	9369285	9376645			
ENSG00000279864.2	NCOR1P4	chr21	9529934	9559268			
ENSG00000279211.1	AC124864.1	chr21	9580024	9580415			
ENSG00000286103.1	AC124864.2	chr21	9634244	9679906			
ENSG00000275631.1	U1	chr21	9646825	9647000			
ENSG00000280081.4	LINC01667	chr21	9781910	9838011			
ENSG00000279783.1	AC018692.2	chr21	9810501	9810848			
ENSG00000264002.2	RN7SL52P	chr21	9902344	9902627	5	5	5
ENSG00000252199.1	SNORA70	chr21	9907916	9908010	5	5	5
ENSG00000279321.1	AC018692.1	chr21	9913117	9914846	5	5	5
ENSG00000270533.2	CR382285.1	chr21	9975017	10119309	5	5	5
ENSG00000280372.1	CR382285.2	chr21	10028361	10029855	5	5	5
ENSG00000279851.2	CR382287.1	chr21	10122273	10129029	5	5	5
ENSG00000279062.1	CDRT15P8	chr21	10136419	10137004	5	5	5
ENSG00000277693.2	AP003900.1	chr21	10328411	10342737	5	5	5
ENSG00000275945.1	EIF3FP1	chr21	10330732	10331537	5	5	5
ENSG00000275592.1	VN1R7P	chr21	10357400	10358620	5	5	5
ENSG00000278106.1	AF254983.2	chr21	10397644	10397778	5	5	5
ENSG00000187172.15	BAGE2	chr21	10413477	10516431	5	5	5
ENSG00000273840.1	AF254983.1	chr21	10482738	10605716	5	5	5
ENSG00000274391.5	TPTE	chr21	10521553	10606140	5	5	5
ENSG00000278678.1	CYCSP41	chr21	10576292	10576587	5	5	5
ENSG00000273872.1	SLC25A15P4	chr21	10612455	10613379	5	5	5
ENSG00000276556.1	AF254982.1	chr21	10640028	10640338	5	5	5
ENSG00000277282.1	IGHV1OR21-1	chr21	10649400	10649835	5	5	5
ENSG00000229306.1	AP001464.1	chr21	12999676	13016692	5	5	5
ENSG00000224309.7	ANKRD30BP2	chr21	13038160	13067033	5	5	5
ENSG00000207097.1	RNU6-614P	chr21	13047583	13047689	5	5	5
ENSG00000168122.4	ZNF355P	chr21	13095305	13113790	5	5	5
ENSG00000237202.1	AJ239321.1	chr21	13120244	13120807	5	5	5
ENSG00000280108.2	AJ239318.1	chr21	13305152	13314944	5	5	5
ENSG00000185390.2	FGF7P2	chr21	13349265	13350648	5	5	5
ENSG00000175302.5	ANKRD30BP1	chr21	13384249	13427773	5	5	5
ENSG00000266211.1	MIR3156-3	chr21	13406384	13406460	5	5	5
ENSG00000226930.1	GTF2IP2	chr21	13443373	13489176	5	5	5
ENSG00000219280.1	VN1R8P	chr21	13476371	13477263	5	5	5
ENSG00000228159.2	LINC01674	chr21	13516107	13574999	5	5	5
ENSG00000228184.1	SNX19P1	chr21	13525599	13528579	5	5	5
ENSG00000179381.8	OR4K11P	chr21	13544210	13545185	5	5	5
ENSG00000218549.2	OR4K12P	chr21	13581060	13582004	5	5	5
ENSG00000166351.10	POTED	chr21	13609858	13641585	5	5	5
ENSG00000207476.1	RNU6-286P	chr21	13621577	13621683	5	5	5
ENSG00000266299.1	MIR3118-1	chr21	13644775	13644850	5	5	5
ENSG00000278381.1	AL050303.2	chr21	13654073	13654356	5	5	5
ENSG00000227874.1	GRAMD4P1	chr21	13665868	13667546	5	5	5
ENSG00000214319.2	CXADRP1	chr21	13676022	13677116	5	5	5
ENSG00000279773.1	AL050303.3	chr21	13679300	13681138	5	5	5
ENSG00000273692.1	LONRF2P5	chr21	13704853	13705518	5	5	5
ENSG00000278618.1	MIR8069-2	chr21	13724189	13724274	5	5	5
ENSG00000229231.1	FEM1AP1	chr21	13762338	13764332	5	5	5
ENSG00000224922.1	AL050303.1	chr21	13769932	13771740	5	5	5
ENSG00000173231.6	TERF1P1	chr21	13776086	13777266	5	5	5
ENSG00000232797.1	FAM207CP	chr21	13792635	13793141	5	5	5
ENSG00000224860.1	GXYLT1P2	chr21	13824406	13825635	5	5	5
ENSG00000215562.2	CNN2P7	chr21	13826696	13827627	5	5	5
ENSG00000234538.1	ZNF114P1	chr21	13839118	13839409	5	5	5
ENSG00000228314.1	CYP4F29P	chr21	13843133	13848364	5	5	5
ENSG00000230965.1	SNX18P13	chr21	13905960	13906488	5	5	5
ENSG00000215559.8	ANKRD20A11P	chr21	13909574	13980437	5	5	5
ENSG00000203616.2	RHOT1P2	chr21	13936993	13937325	5	5	5
ENSG00000223287.1	RNU6-954P	chr21	13968489	13968595	5	5	5
ENSG00000183249.8	NF1P3	chr21	14000927	14005279	5	5	5
ENSG00000233442.2	PPP6R2P1	chr21	14007134	14014880	5	5	5
ENSG00000275170.1	FRG2MP	chr21	14019060	14020725	5	5	5
ENSG00000224905.7	AP001347.1	chr21	14027419	14144468	5	5	5
ENSG00000249493.1	ANKRD20A18P	chr21	14064325	14069087	5	5	5
ENSG00000201812.1	RNA5SP488	chr21	14070871	14070986	5	5	5
ENSG00000277572.1	AP001347.2	chr21	14075950	14076038	5	5	5
ENSG00000188992.11	LIPI	chr21	14108813	14210891	5	5	5
ENSG00000240755.1	ERLEC1P1	chr21	14143581	14144158	5	5	5
ENSG00000185272.14	RBM11	chr21	14216130	14228372	5	5	5
ENSG00000243064.8	ABCC13	chr21	14236206	14362754	5	5	5
ENSG00000155304.6	HSPA13	chr21	14371115	14383484	5	5	5
ENSG00000155307.19	SAMSN1	chr21	14485228	14658821	5	5	5
ENSG00000223662.1	SAMSN1-AS1	chr21	14582202	14598303	5	5	5
ENSG00000232884.9	AF127936.1	chr21	14676698	14763090	5	5	5
ENSG00000228600.1	POLR2CP1	chr21	14757588	14758352	5	5	5
ENSG00000225502.2	GAPDHP16	chr21	14774301	14775262	5	5	5
ENSG00000235609.7	AF127577.4	chr21	14818843	15014430	5	5	5
ENSG00000281903.2	LINC02246	chr21	14819699	14918552	5	5	5
ENSG00000226406.1	RBMX2P1	chr21	14829154	14829989	5	5	5
ENSG00000235277.1	AF127577.3	chr21	14918534	14947096	5	5	5
ENSG00000180530.11	NRIP1	chr21	14961235	15065936	5	5	5
ENSG00000229047.1	AF127577.1	chr21	14961309	14964233	5	5	5
ENSG00000231201.1	AF127577.2	chr21	14971470	14992854	5	5	5
ENSG00000279390.1	AF127577.6	chr21	15050189	15052379	5	5	5
ENSG00000236471.1	AF127577.5	chr21	15067070	15067837	5	5	5
ENSG00000288536.1	AF222684.1	chr21	15102313	15138649	5	5	5
ENSG00000288555.1	AF222685.1	chr21	15190406	15224394	5	5	5
ENSG00000288578.1	AF130248.1	chr21	15263421	15283727	5	5	5
ENSG00000280082.1	AF246928.1	chr21	15346652	15346738	5	5	5
ENSG00000229425.3	AJ009632.2	chr21	15368966	15627342	5	5	5
ENSG00000224524.1	CYCSP42	chr21	15490530	15490767	5	5	5
ENSG00000224247.1	AJ009632.1	chr21	15493932	15496124	5	5	5
ENSG00000212564.1	RNU6-1326P	chr21	15614283	15614389	5	5	5
ENSG00000226298.1	RAD23BP3	chr21	15694300	15696581	5	5	5
ENSG00000155313.15	USP25	chr21	15730025	15880069	5	5	5
ENSG00000234159.1	RBPMSLP	chr21	15744004	15745080	5	5	5
ENSG00000215386.13	MIR99AHG	chr21	15928296	16645467	5	5	5
ENSG00000252273.1	RNU6-426P	chr21	16035413	16035509	5	5	5
ENSG00000214976.2	VDAC2P1	chr21	16094415	16095372	5	5	5
ENSG00000224602.1	RPS26P5	chr21	16121310	16121644	5	5	5
ENSG00000201025.1	SNORD74B	chr21	16284696	16284768	5	5	5
ENSG00000270071.3	AP001172.1	chr21	16291079	16310382	5	5	5
ENSG00000270139.1	AP001172.2	chr21	16417139	16419080	5	5	5
ENSG00000287066.1	AP000962.3	chr21	16505555	16507916	5	5	5
ENSG00000280432.1	AP000962.2	chr21	16525919	16527019	5	5	5
ENSG00000207638.1	MIR99A	chr21	16539089	16539169	5	5	5
ENSG00000199030.2	MIRLET7C	chr21	16539828	16539911	5	5	5
ENSG00000269950.1	AP000962.1	chr21	16574718	16582637	5	5	5
ENSG00000207863.1	MIR125B2	chr21	16590237	16590325	5	5	5
ENSG00000239023.1	RNU1-98P	chr21	16718998	16719157	5	5	5
ENSG00000237735.2	AF130359.1	chr21	16754519	16815688	5	5	5
ENSG00000232886.1	AF212831.1	chr21	16862875	16873691	5	5	5
ENSG00000225735.1	NEK4P1	chr21	17210469	17211347	5	5	5
ENSG00000278181.1	AP000457.1	chr21	17296219	17296596	5	5	5
ENSG00000252462.1	RNU6-113P	chr21	17431547	17431647	5	5	5
ENSG00000232560.7	LINC01549	chr21	17438821	17450104	5	5	5
ENSG00000226580.1	RPL39P40	chr21	17500679	17500824	5	5	5
ENSG00000266195.2	RN7SL163P	chr21	17506453	17506728	5	5	5
ENSG00000154639.19	CXADR	chr21	17513043	17593579	5	5	5
ENSG00000232260.2	BTF3L4P1	chr21	17518526	17518993	5	5	5
ENSG00000200754.1	Y_RNA	chr21	17527140	17527247	5	5	5
ENSG00000199962.1	Y_RNA	chr21	17576798	17576906	5	5	5
ENSG00000154640.15	BTG3	chr21	17593653	17612945	5	5	5
ENSG00000280594.1	BTG3-AS1	chr21	17611744	17633199	5	5	5
ENSG00000226956.1	AP000432.1	chr21	17659276	17660384	5	5	5
ENSG00000279648.1	AP000432.2	chr21	17705408	17707455	5	5	5
ENSG00000240770.5	C21orf91-OT1	chr21	17763315	17792523	5	5	5
ENSG00000154642.11	C21orf91	chr21	17788974	17819386	5	5	5
ENSG00000244676.5	AL109761.1	chr21	17793488	17810845	5	5	5
ENSG00000231755.1	CHODL-AS1	chr21	17835016	17885608	5	5	5
ENSG00000215369.3	RPL37P3	chr21	17894193	17894485	5	5	5
ENSG00000154645.14	CHODL	chr21	17901263	18267373	5	5	5
ENSG00000227330.1	AF130417.1	chr21	18022370	18114904	5	5	5
ENSG00000154646.9	TMPRSS15	chr21	18269116	18485879	5	5	5
ENSG00000228708.1	AL109763.1	chr21	18477358	18486599	5	5	5
ENSG00000224141.6	MIR548XHG	chr21	18561265	18760320	5	5	5
ENSG00000230233.1	AF240627.1	chr21	18614431	18650360	5	5	5
ENSG00000265841.1	MIR548X	chr21	18686090	18686164	5	5	5
ENSG00000198618.5	PPIAP22	chr21	18857779	18858276	5	5	5
ENSG00000279156.1	AL157359.3	chr21	18917213	18917429	5	5	5
ENSG00000232193.1	AL157359.2	chr21	18917934	18935859	5	5	5
ENSG00000226204.1	AL157359.1	chr21	18953264	18967058	5	5	5
ENSG00000235965.2	AP000431.2	chr21	19046310	19047684	5	5	5
ENSG00000229289.1	AP000431.1	chr21	19130523	19134423	5	5	5
ENSG00000226818.1	SLC6A6P1	chr21	19244543	19246392	5	5	5
ENSG00000231620.1	AP000855.1	chr21	19301613	19303739	5	5	5
ENSG00000212609.1	RNU1-139P	chr21	19345148	19345312	5	5	5
ENSG00000230198.1	RPL37P4	chr21	19593841	19594108	5	5	5
ENSG00000271486.1	NIPA2P3	chr21	19620695	19621545	5	5	5
ENSG00000229336.1	SREK1IP1P1	chr21	19739709	19740150	5	5	5
ENSG00000215353.2	C1QBPP1	chr21	19759359	19760128	5	5	5
ENSG00000233480.2	LINC01683	chr21	19893113	19900043	5	5	5
ENSG00000233236.1	LINC02573	chr21	20256752	20258820	5	5	5
ENSG00000251851.1	RNU6-772P	chr21	20355748	20355852	5	5	5
ENSG00000252963.1	RN7SKP147	chr21	20356653	20356896	5	5	5
ENSG00000233676.2	FDPSP6	chr21	20388334	20388845	5	5	5
ENSG00000234439.1	KRT18P2	chr21	20424949	20426206	5	5	5
ENSG00000233206.1	RPS3AP1	chr21	20430443	20430762	5	5	5
ENSG00000276738.1	AP001506.1	chr21	20597953	20598163	5	5	5
ENSG00000224924.7	LINC00320	chr21	20651450	20803816	5	5	5
ENSG00000215351.3	PPIAP1	chr21	20828127	20828622	5	5	5
ENSG00000154654.15	NCAM2	chr21	20998409	21543329	5	5	5
ENSG00000226771.1	AP001136.1	chr21	21223295	21226829	5	5	5
ENSG00000234730.1	AP001117.1	chr21	21566763	21615437	5	5	5
ENSG00000237527.1	AF241725.1	chr21	21655038	21686329	5	5	5
ENSG00000238265.1	LINC00317	chr21	21723293	21737319	5	5	5
ENSG00000233997.5	LINC01425	chr21	21746973	21797415	5	5	5
ENSG00000227075.1	AP000472.1	chr21	21933315	21975681	5	5	5
ENSG00000233215.6	LINC01687	chr21	22008756	22098518	5	5	5
ENSG00000184856.7	LINC00308	chr21	22098616	22116605	5	5	5
ENSG00000234340.1	AP000705.2	chr21	22134698	22136083	5	5	5
ENSG00000231136.1	AP000705.1	chr21	22153950	22154299	5	5	5
ENSG00000202339.1	RNU4-45P	chr21	22205192	22205332	5	5	5
ENSG00000226043.2	AP000561.1	chr21	22209920	22420819	5	5	5
ENSG00000223488.2	MAPK6P2	chr21	22436290	22438349	5	5	5
ENSG00000234034.1	AP000959.1	chr21	22500604	22520058	5	5	5
ENSG00000225906.1	AP000949.1	chr21	22882582	22884000	5	5	5
ENSG00000230972.1	AP001116.1	chr21	23065491	23131206	5	5	5
ENSG00000275469.1	MIR6130	chr21	23079284	23079392	5	5	5
ENSG00000219368.3	ZNF299P	chr21	23090028	23091831	5	5	5
ENSG00000231058.1	MSANTD2P1	chr21	23101223	23103074	5	5	5
ENSG00000286222.1	AP001255.1	chr21	23106928	23119903	5	5	5
ENSG00000223078.1	RNU2-55P	chr21	23281736	23281909	5	5	5
ENSG00000228592.2	D21S2088E	chr21	23352929	23423778	5	5	5
ENSG00000223822.2	EEF1A1P1	chr21	23390258	23390996	5	5	5
ENSG00000237569.1	TUBAP1	chr21	23407658	23409128	5	5	5
ENSG00000199698.1	Y_RNA	chr21	23432181	23432282	5	5	5
ENSG00000227716.1	AP000459.1	chr21	23477641	23490724	5	5	5
ENSG00000288094.1	AP000961.1	chr21	23704260	23709345	5	5	5
ENSG00000287612.1	AP000474.2	chr21	23857081	23889150	5	5	5
ENSG00000231986.1	AP000474.1	chr21	23888798	23890541	5	5	5
ENSG00000235564.2	AP000477.2	chr21	23960569	23968747	5	5	5
ENSG00000287801.1	AP000477.3	chr21	23982645	24114352	5	5	5
ENSG00000226996.5	AP000477.1	chr21	24043257	24050286	5	5	5
ENSG00000224018.2	AP000470.1	chr21	24154871	24192924	5	5	5
ENSG00000224832.2	LINC01689	chr21	24304546	24321377	5	5	5
ENSG00000237484.6	LINC01684	chr21	24306939	24547942	5	5	5
ENSG00000226983.3	LINC01692	chr21	24840550	25057746	5	5	5
ENSG00000227090.1	AP000402.1	chr21	24886676	24902756	5	5	5
ENSG00000230379.5	AP000146.1	chr21	24938431	24992817	5	5	5
ENSG00000237444.1	AP001342.1	chr21	25031005	25031529	5	5	5
ENSG00000244278.1	AP000235.1	chr21	25055535	25069906	5	5	5
ENSG00000232512.6	AP000233.2	chr21	25095022	25103670	5	5	5
ENSG00000274662.1	RN7SKP236	chr21	25101132	25101415	5	5	5
ENSG00000223870.1	AP000233.1	chr21	25127469	25135247	5	5	5
ENSG00000222042.2	AP001341.1	chr21	25169431	25361868	5	5	5
ENSG00000238627.1	RNA5SP489	chr21	25202207	25202315	5	5	5
ENSG00000213885.4	RPL13AP7	chr21	25361821	25381756	5	5	5
ENSG00000279534.1	AP001340.1	chr21	25371827	25372043	5	5	5
ENSG00000185433.10	LINC00158	chr21	25385388	25431701	5	5	5
ENSG00000229962.2	AP000221.1	chr21	25515349	25518865	5	5	5
ENSG00000234883.6	MIR155HG	chr21	25561909	25575168	5	5	5
ENSG00000283904.1	MIR155	chr21	25573980	25574044	5	5	5
ENSG00000260583.1	AP000223.1	chr21	25582770	25583326	5	5	5
ENSG00000154719.14	MRPL39	chr21	25585656	25607517	5	5	5
ENSG00000154721.15	JAM2	chr21	25639258	25717562	5	5	5
ENSG00000237731.1	RNGTTP1	chr21	25643489	25644216	5	5	5
ENSG00000287109.1	AP000224.1	chr21	25646113	25654671	5	5	5
ENSG00000227054.1	FDX1P2	chr21	25692180	25692554	5	5	5
ENSG00000154723.12	ATP5PF	chr21	25716503	25735673	5	5	5
ENSG00000154727.11	GABPA	chr21	25734570	25772460	5	5	5
ENSG00000235514.1	LLPHP2	chr21	25762938	25763333	5	5	5
ENSG00000142192.21	APP	chr21	25880550	26171128	5	5	5
ENSG00000233783.8	AP001442.1	chr21	25928754	25952614	5	5	5
ENSG00000251972.1	RNU6-123P	chr21	25943044	25943145	5	5	5
ENSG00000224541.1	AP001439.1	chr21	26158091	26175824	5	5	5
ENSG00000273492.6	AP000229.1	chr21	26170871	26217381	5	5	5
ENSG00000206802.1	RNU6-926P	chr21	26190707	26190813	5	5	5
ENSG00000286902.1	AP001595.2	chr21	26317390	26320773	5	5	5
ENSG00000229025.1	AP001595.1	chr21	26349780	26350634	5	5	5
ENSG00000232692.1	AP001596.1	chr21	26378552	26471698	5	5	5
ENSG00000197934.8	CYYR1-AS1	chr21	26393635	26569252	5	5	5
ENSG00000273115.1	AP001596.2	chr21	26459903	26460214	5	5	5
ENSG00000166265.13	CYYR1	chr21	26466209	26573286	5	5	5
ENSG00000154734.16	ADAMTS1	chr21	26835755	26845409	5	5	5
ENSG00000223563.1	AP001599.1	chr21	26889376	26939742	5	5	5
ENSG00000154736.6	ADAMTS5	chr21	26917922	26967088	5	5	5
ENSG00000266133.1	MIR4759	chr21	26953961	26954043	5	5	5
ENSG00000215326.3	GPX1P2	chr21	27143344	27143949	5	5	5
ENSG00000231236.2	AP001605.1	chr21	27358885	27448579	5	5	5
ENSG00000236332.2	AP001604.1	chr21	27361121	27395787	5	5	5
ENSG00000233300.1	EIF4A1P1	chr21	27367014	27367947	5	5	5
ENSG00000217026.3	RPL10P1	chr21	27420380	27421023	5	5	5
ENSG00000219592.2	NCSTNP1	chr21	27492118	27492261	5	5	5
ENSG00000234052.2	LINC01673	chr21	27638613	27675024	5	5	5
ENSG00000225298.5	LINC00113	chr21	27722379	27751233	5	5	5
ENSG00000234083.1	AJ006995.1	chr21	27954922	27985295	5	5	5
ENSG00000178457.3	LINC00314	chr21	28013363	28023233	5	5	5
ENSG00000232079.7	LINC01697	chr21	28048404	28137611	5	5	5
ENSG00000236532.6	LINC01695	chr21	28116094	28228667	5	5	5
ENSG00000232855.7	AF165147.1	chr21	28328738	28674848	5	5	5
ENSG00000226935.6	LINC00161	chr21	28539318	28540355	5	5	5
ENSG00000283300.1	U6	chr21	28743208	28743291	5	5	5
ENSG00000156239.12	N6AMT1	chr21	28872191	28885371	5	5	5
ENSG00000215005.2	HSPD1P7	chr21	28887280	28889272	5	5	5
ENSG00000215317.2	THUMPD1P1	chr21	28901779	28903697	5	5	5
ENSG00000198862.14	LTN1	chr21	28928144	28992956	5	5	5
ENSG00000176054.6	RPL23P2	chr21	28997613	28998033	5	5	5
ENSG00000156253.7	RWDD2B	chr21	29004384	29019360	5	5	5
ENSG00000273254.1	AF129075.2	chr21	29024255	29024890	5	5	5
ENSG00000156256.15	USP16	chr21	29024629	29054488	5	5	5
ENSG00000156261.13	CCT8	chr21	29055805	29073797	5	5	5
ENSG00000231125.2	AF129075.1	chr21	29058073	29060095	5	5	5
ENSG00000286018.1	AF129075.3	chr21	29063446	29064368	5	5	5
ENSG00000156265.16	MAP3K7CL	chr21	29077471	29175889	5	5	5
ENSG00000232687.1	RPL12P9	chr21	29127701	29128188	5	5	5
ENSG00000201984.1	Y_RNA	chr21	29139283	29139384	5	5	5
ENSG00000212479.2	U3	chr21	29180425	29180639	5	5	5
ENSG00000224649.1	AF124730.1	chr21	29182027	29187795	5	5	5
ENSG00000215533.8	LINC00189	chr21	29193480	29288205	5	5	5
ENSG00000156273.16	BACH1	chr21	29194071	29630751	5	5	5
ENSG00000236056.1	GAPDHP14	chr21	29222321	29223257	5	5	5
ENSG00000248476.1	BACH1-IT1	chr21	29351634	29361894	5	5	5
ENSG00000273017.1	AP000240.1	chr21	29359002	29359453	5	5	5
ENSG00000232118.2	BACH1-AS1	chr21	29370019	29376339	5	5	5
ENSG00000228817.4	BACH1-IT2	chr21	29370497	29373709	5	5	5
ENSG00000234293.1	BACH1-IT3	chr21	29496047	29500386	5	5	5
ENSG00000171189.17	GRIK1	chr21	29536933	29940033	5	5	6
ENSG00000273464.1	AP000238.1	chr21	29657406	29657831	5	5	5
ENSG00000174680.10	GRIK1-AS1	chr21	29748175	29764002	6	6	6
ENSG00000259981.1	AF096876.1	chr21	30089717	30097836	6	6	6
ENSG00000156282.5	CLDN17	chr21	30165565	30166805	6	6	6
ENSG00000227342.1	LINC00307	chr21	30209151	30211783	6	6	6
ENSG00000156284.6	CLDN8	chr21	30214006	30216097	6	6	6
ENSG00000225267.1	RPL8P2	chr21	30263380	30263881	6	6	6
ENSG00000188694.6	KRTAP24-1	chr21	30281309	30282950	6	6	6
ENSG00000232263.1	KRTAP25-1	chr21	30289145	30289514	6	6	6
ENSG00000197683.5	KRTAP26-1	chr21	30319124	30320315	6	6	6
ENSG00000206107.2	KRTAP27-1	chr21	30337013	30337694	6	6	6
ENSG00000186980.7	KRTAP23-1	chr21	30348399	30348606	6	6	6
ENSG00000250973.1	KRTAP13-6P	chr21	30356515	30356885	6	6	6
ENSG00000182816.9	KRTAP13-2	chr21	30371390	30372271	6	6	6
ENSG00000265007.1	MIR4327	chr21	30375294	30375378	6	6	6
ENSG00000198390.5	KRTAP13-1	chr21	30396031	30396822	6	6	6
ENSG00000240432.3	KRTAP13-3	chr21	30425265	30425968	6	6	6
ENSG00000186971.3	KRTAP13-4	chr21	30430230	30431026	6	6	6
ENSG00000233640.2	KRTAP13-5P	chr21	30436466	30436964	6	6	6
ENSG00000186970.4	KRTAP15-1	chr21	30440275	30440945	6	6	6
ENSG00000184351.8	KRTAP19-1	chr21	30479706	30480367	6	6	6
ENSG00000186965.5	KRTAP19-2	chr21	30487043	30487436	6	6	6
ENSG00000244025.5	KRTAP19-3	chr21	30491462	30492013	6	6	6
ENSG00000186967.7	KRTAP19-4	chr21	30496824	30497165	6	6	6
ENSG00000186977.3	KRTAP19-5	chr21	30501657	30502141	6	6	6
ENSG00000237841.1	KRTAP19-9P	chr21	30510307	30510497	6	6	6
ENSG00000235312.1	KRTAP19-10P	chr21	30514613	30514799	6	6	6
ENSG00000218125.1	AP000567.1	chr21	30526546	30526701	6	6	6
ENSG00000236612.1	KRTAP19-11P	chr21	30537278	30537381	6	6	6
ENSG00000186925.6	KRTAP19-6	chr21	30541535	30541864	6	6	6
ENSG00000244362.3	KRTAP19-7	chr21	30560875	30561314	6	6	6
ENSG00000206106.2	KRTAP22-2	chr21	30590105	30590397	6	6	6
ENSG00000212938.3	KRTAP6-3	chr21	30592440	30593075	6	6	6
ENSG00000186930.4	KRTAP6-2	chr21	30598590	30598902	6	6	6
ENSG00000186924.3	KRTAP22-1	chr21	30601087	30601382	6	6	6
ENSG00000184724.5	KRTAP6-1	chr21	30613431	30613930	6	6	6
ENSG00000244624.3	KRTAP20-1	chr21	30616425	30616699	6	6	6
ENSG00000206105.2	KRTAP20-4	chr21	30620627	30620850	6	6	6
ENSG00000184032.3	KRTAP20-2	chr21	30635206	30635619	6	6	6
ENSG00000206104.2	KRTAP20-3	chr21	30642864	30643136	6	6	6
ENSG00000231068.1	KRTAP21-3	chr21	30718525	30718777	6	6	6
ENSG00000236400.1	KRTAP21-4P	chr21	30741780	30742595	6	6	6
ENSG00000187026.3	KRTAP21-2	chr21	30746794	30747259	6	6	6
ENSG00000187005.5	KRTAP21-1	chr21	30755015	30755428	6	6	6
ENSG00000238257.1	AP000244.1	chr21	30762682	30762882	6	6	6
ENSG00000233036.1	KRTAP8-2P	chr21	30802242	30802427	6	6	6
ENSG00000227840.1	KRTAP8-3P	chr21	30806932	30807119	6	6	6
ENSG00000183640.6	KRTAP8-1	chr21	30812697	30813274	6	6	6
ENSG00000274749.1	KRTAP7-1	chr21	30829039	30829759	6	6	6
ENSG00000182591.6	KRTAP11-1	chr21	30880644	30881580	6	6	6
ENSG00000206102.2	KRTAP19-8	chr21	31038159	31038476	6	6	6
ENSG00000228941.1	UBE3AP2	chr21	31060600	31063168	6	6	6
ENSG00000156299.13	TIAM1	chr21	31118416	31559977	6	6	6
ENSG00000286643.1	AP000248.1	chr21	31347736	31359157	6	6	6
ENSG00000237325.3	AP000563.1	chr21	31452466	31453223	6	6	6
ENSG00000237594.2	AP000251.1	chr21	31559245	31560487	6	6	6
ENSG00000230870.2	FBXW11P1	chr21	31627127	31628600	6	6	6
ENSG00000234509.1	AP000253.1	chr21	31653593	31659500	6	6	6
ENSG00000142168.15	SOD1	chr21	31659666	31668931	6	6	6
ENSG00000238390.1	AP000254.1	chr21	31664306	31664482	6	6	6
ENSG00000273271.1	AP000254.2	chr21	31666728	31667247	6	6	6
ENSG00000156304.15	SCAF4	chr21	31671000	31732118	6	6	6
ENSG00000229046.1	HMGN1P2	chr21	31706555	31706864	6	6	6
ENSG00000273091.1	AP000255.1	chr21	31735732	31736407	6	6	6
ENSG00000234107.1	TPT1P1	chr21	31840341	31840858	6	6	6
ENSG00000142149.9	HUNK	chr21	31873020	32044633	6	6	6
ENSG00000237138.1	HUNK-AS1	chr21	32020966	32021782	6	6	6
ENSG00000230323.6	LINC00159	chr21	32080316	32197813	6	6	6
ENSG00000261610.1	AP000265.1	chr21	32259804	32261585	6	6	6
ENSG00000159055.4	MIS18A	chr21	32268228	32279049	6	6	6
ENSG00000227256.1	MIS18A-AS1	chr21	32277863	32280988	6	6	6
ENSG00000170262.13	MRAP	chr21	32291813	32314784	6	6	6
ENSG00000232623.1	MRAP-AS1	chr21	32306464	32308737	6	6	6
ENSG00000142207.7	URB1	chr21	32311018	32393012	6	6	6
ENSG00000200792.1	SNORA80A	chr21	32377187	32377322	6	6	6
ENSG00000256073.3	URB1-AS1	chr21	32393130	32393960	6	6	6
ENSG00000265590.10	CFAP298-TCP10L	chr21	32402511	32612865	6	6	6
ENSG00000166979.13	EVA1C	chr21	32412006	32515397	6	6	6
ENSG00000229007.1	EXOSC3P1	chr21	32496812	32497311	6	6	6
ENSG00000242220.9	TCP10L	chr21	32497967	32587373	6	6	6
ENSG00000252045.1	AP000272.1	chr21	32538299	32538434	6	6	6
ENSG00000252950.1	RNA5SP490	chr21	32563075	32563210	6	6	6
ENSG00000159079.19	CFAP298	chr21	32592079	32612603	6	6	6
ENSG00000228433.2	OR7E23P	chr21	32621084	32622083	6	6	6
ENSG00000238220.1	AP000275.1	chr21	32624416	32625096	6	6	6
ENSG00000159082.18	SYNJ1	chr21	32628759	32728040	6	6	6
ENSG00000238197.6	PAXBP1-AS1	chr21	32728097	32747065	6	6	6
ENSG00000159086.15	PAXBP1	chr21	32733899	32771792	6	6	6
ENSG00000205930.10	C21orf62-AS1	chr21	32772100	32955437	6	6	6
ENSG00000279690.1	AP000280.2	chr21	32790673	32791504	6	6	6
ENSG00000205929.11	C21orf62	chr21	32790673	32813743	6	6	6
ENSG00000224427.1	AP000281.1	chr21	32841496	32841811	6	6	6
ENSG00000207098.1	SNORA70	chr21	32841861	32841995	6	6	6
ENSG00000232360.1	AP000281.2	chr21	32844367	32849934	6	6	6
ENSG00000227757.3	AP000282.1	chr21	32913649	33071104	6	6	6
ENSG00000228961.1	LINC01690	chr21	32958888	32960566	6	6	6
ENSG00000205927.5	OLIG2	chr21	33025935	33029196	6	6	6
ENSG00000232539.1	LINC00945	chr21	33057829	33064983	6	6	6
ENSG00000184221.13	OLIG1	chr21	33070141	33072413	6	6	6
ENSG00000226527.2	AP000289.1	chr21	33110867	33123725	6	6	6
ENSG00000226433.2	AP000290.1	chr21	33152614	33159110	6	6	6
ENSG00000229086.5	LINC01548	chr21	33164809	33170649	6	6	6
ENSG00000159110.20	IFNAR2	chr21	33229901	33265675	6	6	6
ENSG00000249624.9	AP000295.1	chr21	33229901	33297160	6	6	6
ENSG00000223799.1	IL10RB-DT	chr21	33263873	33266260	6	6	6
ENSG00000243646.10	IL10RB	chr21	33266367	33310187	6	6	6
ENSG00000142166.13	IFNAR1	chr21	33324429	33359864	6	6	6
ENSG00000226501.2	USF1P1	chr21	33334571	33335096	6	6	6
ENSG00000159128.15	IFNGR2	chr21	33403413	33479348	6	6	6
ENSG00000142188.17	TMEM50B	chr21	33432485	33479974	6	6	6
ENSG00000215088.3	RPS5P3	chr21	33481580	33482195	6	6	6
ENSG00000231355.1	AP000302.1	chr21	33482499	33484258	6	6	6
ENSG00000177692.12	DNAJC28	chr21	33485530	33491716	6	6	6
ENSG00000159131.17	GART	chr21	33503931	33543491	6	6	6
ENSG00000233956.1	BTF3P6	chr21	33518610	33519108	6	6	6
ENSG00000159140.21	SON	chr21	33543038	33577481	6	6	6
ENSG00000284448.1	MIR6501	chr21	33550662	33550728	6	6	6
ENSG00000159147.18	DONSON	chr21	33559542	33588706	6	6	6
ENSG00000249209.2	AP000311.1	chr21	33584687	33931607	6	6	6
ENSG00000205758.12	CRYZL1	chr21	33589341	33643926	6	6	6
ENSG00000205726.15	ITSN1	chr21	33642400	33899861	6	6	6
ENSG00000241837.7	ATP5PO	chr21	33903453	33915814	6	6	6
ENSG00000237945.7	LINC00649	chr21	33915534	33977691	6	6	6
ENSG00000244294.3	RN7SL740P	chr21	33918995	33919338	6	6	6
ENSG00000273102.1	AP000569.1	chr21	33967101	33968573	6	6	6
ENSG00000243927.6	MRPS6	chr21	34073224	34143034	6	6	6
ENSG00000198743.7	SLC5A3	chr21	34073578	34106260	6	6	6
ENSG00000272657.1	AP000317.2	chr21	34073592	34360033	6	6	6
ENSG00000224598.1	RPS5P2	chr21	34135432	34136071	6	6	6
ENSG00000227456.9	LINC00310	chr21	34157724	34190244	6	6	6
ENSG00000214955.5	AP000317.1	chr21	34205055	34325034	6	6	6
ENSG00000225555.2	AP000320.1	chr21	34353099	34375364	6	6	6
ENSG00000159197.4	KCNE2	chr21	34364006	34371381	6	6	6
ENSG00000205670.12	SMIM11A	chr21	34375480	34416961	6	6	6
ENSG00000222018.2	FAM243A	chr21	34400112	34401072	6	6	6
ENSG00000273104.1	AP000322.2	chr21	34412200	34412587	6	6	6
ENSG00000243627.5	SMIM34A	chr21	34418715	34423951	6	6	6
ENSG00000272958.1	AP000322.1	chr21	34425508	34426017	6	6	6
ENSG00000180509.12	KCNE1	chr21	34446688	34512210	6	6	6
ENSG00000221398.1	AP000324.1	chr21	34456110	34456237	6	6	6
ENSG00000159200.18	RCAN1	chr21	34513142	34615113	6	6	6
ENSG00000159212.13	CLIC6	chr21	34668994	34718227	6	6	6
ENSG00000230978.2	LINC00160	chr21	34723807	34737204	6	6	6
ENSG00000234380.2	LINC01426	chr21	34745757	34784886	6	6	6
ENSG00000159216.19	RUNX1	chr21	34787801	36004667	6	6	6
ENSG00000286153.1	AP000331.1	chr21	34836286	34884882	6	6	6
ENSG00000234703.1	AF015262.1	chr21	35136638	35139222	6	6	6
ENSG00000223671.2	RPL34P3	chr21	35472095	35472432	6	6	6
ENSG00000231300.1	EZH2P1	chr21	35599732	35600022	6	6	6
ENSG00000230794.1	AF015720.1	chr21	35713139	35732942	6	6	6
ENSG00000211590.1	MIR802	chr21	35720715	35720808	6	6	6
ENSG00000229761.1	RPS20P1	chr21	35724747	35725100	6	6	6
ENSG00000234008.5	PPP1R2P2	chr21	35887195	35887807	6	6	6
ENSG00000231106.2	LINC01436	chr21	36005338	36007838	6	6	6
ENSG00000214914.3	RPL23AP3	chr21	36016079	36016546	6	6	6
ENSG00000185917.14	SETD4	chr21	36034541	36079389	6	6	6
ENSG00000189089.5	RIMKLBP1	chr21	36050214	36051377	6	6	6
ENSG00000236677.1	SETD4-AS1	chr21	36060432	36064408	6	6	6
ENSG00000200213.1	RNU6-992P	chr21	36066545	36066652	6	6	6
ENSG00000230212.6	AP000688.1	chr21	36069642	36126640	6	6	6
ENSG00000159228.13	CBR1	chr21	36069941	36073166	6	6	6
ENSG00000236119.1	AP000688.3	chr21	36082859	36090414	6	6	6
ENSG00000233393.1	AP000688.2	chr21	36104881	36109690	6	6	6
ENSG00000226054.2	MEMO1P1	chr21	36130489	36131376	6	6	6
ENSG00000236830.7	CBR3-AS1	chr21	36131767	36175815	6	6	6
ENSG00000214889.3	RPS9P1	chr21	36132450	36133032	6	6	6
ENSG00000159231.6	CBR3	chr21	36135079	36146562	6	6	6
ENSG00000142197.12	DOP1B	chr21	36156782	36294274	6	6	6
ENSG00000228149.1	RPL3P1	chr21	36168970	36170180	6	6	6
ENSG00000214867.3	SRSF9P1	chr21	36295173	36295702	6	6	6
ENSG00000273199.1	AP000692.2	chr21	36319792	36320670	6	6	6
ENSG00000159256.13	MORC3	chr21	36320189	36386148	6	6	6
ENSG00000228107.1	AP000692.1	chr21	36360630	36362040	6	6	6
ENSG00000159259.8	CHAF1B	chr21	36385392	36419015	6	6	6
ENSG00000224421.1	ATP5MFP1	chr21	36388878	36389112	6	6	6
ENSG00000230479.1	AP000695.1	chr21	36430360	36481070	6	6	6
ENSG00000233818.1	AP000695.2	chr21	36445731	36532408	6	6	6
ENSG00000159261.12	CLDN14	chr21	36460621	36576569	6	6	6
ENSG00000279365.1	AP000695.3	chr21	36485867	36487760	6	6	6
ENSG00000223741.1	PSMD4P1	chr21	36485983	36487411	6	6	6
ENSG00000286517.1	AP000696.2	chr21	36526280	36542855	6	6	6
ENSG00000286852.1	AP000696.3	chr21	36580172	36581229	6	6	6
ENSG00000231324.1	AP000696.1	chr21	36632681	36637033	6	6	6
ENSG00000224269.1	AP000697.1	chr21	36698773	36701564	6	6	6
ENSG00000159263.16	SIM2	chr21	36699115	36749917	6	6	6
ENSG00000159267.15	HLCS	chr21	36748626	36990236	6	6	6
ENSG00000237646.1	HLCS-IT1	chr21	36803984	36806284	6	6	6
ENSG00000199806.1	RNA5SP491	chr21	36851911	36852028	6	6	6
ENSG00000270652.1	DPRXP5	chr21	36943267	36944125	6	6	6
ENSG00000224790.3	AP000704.1	chr21	36966461	36975164	6	6	6
ENSG00000207416.1	Y_RNA	chr21	36986739	36986851	6	6	6
ENSG00000215734.3	MRPL20P1	chr21	36994643	36995075	6	6	6
ENSG00000183145.9	RIPPLY3	chr21	37006150	37019662	6	6	6
ENSG00000212136.1	RNU6-696P	chr21	37045530	37045636	6	6	6
ENSG00000185808.14	PIGP	chr21	37062846	37073170	6	6	6
ENSG00000182670.13	TTC3	chr21	37073226	37203112	6	6	6
ENSG00000270116.1	AP001429.1	chr21	37100814	37101343	6	6	6
ENSG00000228677.1	TTC3-AS1	chr21	37187666	37193926	6	6	6
ENSG00000230366.9	DSCR9	chr21	37208503	37221736	6	6	6
ENSG00000263969.2	RN7SL678P	chr21	37215605	37215903	6	6	6
ENSG00000242553.1	AP001432.1	chr21	37221419	37237744	6	6	6
ENSG00000157538.14	VPS26C	chr21	37223420	37267919	6	6	6
ENSG00000272948.2	AP001412.1	chr21	37267784	37268497	6	6	6
ENSG00000287637.1	AP001437.2	chr21	37337382	37366858	6	6	6
ENSG00000273210.1	AP001437.1	chr21	37365477	37365932	6	6	6
ENSG00000157540.22	DYRK1A	chr21	37365573	37526358	6	6	6
ENSG00000286717.1	AP001407.1	chr21	37593977	37661496	6	6	6
ENSG00000157542.11	KCNJ6	chr21	37607373	38121345	6	6	6
ENSG00000233213.1	KCNJ6-AS1	chr21	37717102	37719569	6	6	6
ENSG00000184029.9	DSCR4	chr21	37951425	38121360	6	6	6
ENSG00000223608.1	DSCR4-IT1	chr21	38006544	38010618	6	6	6
ENSG00000198054.12	DSCR8	chr21	38121451	38156511	6	6	6
ENSG00000157551.19	KCNJ15	chr21	38155549	38307357	6	6	6
ENSG00000270835.2	AP001425.1	chr21	38204141	38206080	6	6	6
ENSG00000233316.4	DSCR10	chr21	38206156	38208644	6	6	6
ENSG00000226012.1	AP001434.1	chr21	38237217	38238201	6	6	6
ENSG00000231123.1	SPATA20P1	chr21	38238227	38238664	6	6	6
ENSG00000231231.5	LINC01423	chr21	38323635	38333421	6	6	6
ENSG00000157554.19	ERG	chr21	38380027	38661780	6	6	6
ENSG00000231480.1	SNRPGP13	chr21	38502445	38502621	6	6	6
ENSG00000287470.1	AP001037.1	chr21	38503562	38543336	6	6	6
ENSG00000223806.8	LINC00114	chr21	38733890	38747460	6	6	6
ENSG00000157557.13	ETS2	chr21	38805183	38824955	6	6	6
ENSG00000205622.11	AP001042.1	chr21	38812878	38956467	6	6	6
ENSG00000229986.1	AP001042.2	chr21	38846247	38848644	6	6	6
ENSG00000287082.1	AP001042.3	chr21	38857539	38858861	6	6	6
ENSG00000229925.1	AP001043.1	chr21	38888772	38903905	6	6	6
ENSG00000272015.1	SNORA62	chr21	38894785	38894867	6	6	6
ENSG00000227721.1	RPSAP64	chr21	38894917	38895252	6	6	6
ENSG00000232837.1	LINC01700	chr21	38974429	38977774	6	6	6
ENSG00000235888.3	AF064858.1	chr21	38988569	39062894	6	6	6
ENSG00000288266.1	AF064858.3	chr21	39023000	39023835	6	6	6
ENSG00000237609.1	AF064858.2	chr21	39028536	39029128	6	6	6
ENSG00000228861.5	RPL23AP12	chr21	39127568	39128040	6	6	6
ENSG00000235701.1	PCBP2P1	chr21	39171130	39172106	6	6	6
ENSG00000276873.1	AF129408.2	chr21	39171462	39171560	6	6	6
ENSG00000183527.12	PSMG1	chr21	39174769	39183488	6	6	6
ENSG00000185658.14	BRWD1	chr21	39184176	39321559	6	6	6
ENSG00000272991.1	AF129408.1	chr21	39184469	39184899	6	6	6
ENSG00000232608.1	TIMM9P2	chr21	39216624	39217506	6	6	6
ENSG00000237373.1	BRWD1-IT1	chr21	39217093	39219805	6	6	6
ENSG00000229623.1	METTL21AP1	chr21	39235386	39236020	6	6	6
ENSG00000255568.3	BRWD1-AS2	chr21	39313935	39314962	6	6	6
ENSG00000238141.2	BRWD1-AS1	chr21	39315707	39323218	6	6	6
ENSG00000205581.11	HMGN1	chr21	39342315	39349647	6	6	6
ENSG00000252915.1	Y_RNA	chr21	39344537	39344628	6	6	6
ENSG00000227406.1	RNF6P1	chr21	39373763	39377066	6	6	6
ENSG00000182093.16	GET1	chr21	39377698	39428528	6	6	6
ENSG00000285815.1	GET1-SH3BGR	chr21	39380332	39515506	6	6	6
ENSG00000157578.13	LCA5L	chr21	39405844	39445805	6	6	6
ENSG00000185437.13	SH3BGR	chr21	39445855	39515506	6	6	6
ENSG00000275523.1	MIR6508	chr21	39447010	39447069	6	6	6
ENSG00000235808.1	MYL6P2	chr21	39488327	39488760	6	6	6
ENSG00000228349.1	RPS26P4	chr21	39491544	39491898	6	6	6
ENSG00000235012.1	JCADP1	chr21	39525583	39529855	6	6	6
ENSG00000183778.17	B3GALT5	chr21	39556442	39673137	6	6	6
ENSG00000184809.13	B3GALT5-AS1	chr21	39597147	39612910	6	6	6
ENSG00000225330.1	AF064860.1	chr21	39630271	39726085	6	6	6
ENSG00000231713.2	AF064860.2	chr21	39727755	39730680	6	6	6
ENSG00000183067.5	IGSF5	chr21	39745407	39802096	6	6	6
ENSG00000183036.11	PCP4	chr21	39867438	39929397	6	6	6
ENSG00000171587.15	DSCAM	chr21	40010999	40847158	6	6	6
ENSG00000263973.1	MIR4760	chr21	40212352	40212431	6	6	6
ENSG00000235123.5	DSCAM-AS1	chr21	40383083	40385358	6	6	6
ENSG00000207147.1	AF064863.1	chr21	40513144	40513279	6	6	6
ENSG00000233756.5	DSCAM-IT1	chr21	40615378	40630767	6	6	6
ENSG00000288069.1	AF064866.1	chr21	40736318	40754888	6	6	6
ENSG00000230859.1	YRDCP3	chr21	40863994	40864473	6	6	6
ENSG00000286425.1	AL773573.1	chr21	41007244	41037362	6	6	6
ENSG00000226496.3	LINC00323	chr21	41141493	41148198	6	6	6
ENSG00000263681.1	MIR3197	chr21	41167557	41167629	6	6	6
ENSG00000182240.16	BACE2	chr21	41167801	41282530	6	6	6
ENSG00000280109.3	PLAC4	chr21	41175231	41186788	6	6	6
ENSG00000224388.1	BACE2-IT1	chr21	41180097	41180626	6	6	6
ENSG00000183844.17	FAM3B	chr21	41304212	41357727	6	6	6
ENSG00000183486.13	MX2	chr21	41361999	41409393	6	6	6
ENSG00000157601.14	MX1	chr21	41420304	41459214	6	6	6
ENSG00000228318.3	AP001610.2	chr21	41441056	41445708	6	6	6
ENSG00000184012.13	TMPRSS2	chr21	41464300	41531116	6	6	6
ENSG00000207503.1	AP001610.1	chr21	41539206	41539326	6	6	6
ENSG00000232806.1	AP001610.3	chr21	41559125	41562958	6	6	6
ENSG00000223400.1	AP006748.1	chr21	41576135	41581319	6	6	6
ENSG00000286027.1	PCSEAT	chr21	41580475	41582887	6	6	6
ENSG00000227702.1	LINC00111	chr21	41679181	41697336	6	6	6
ENSG00000236384.7	LINC00479	chr21	41711520	41715775	6	6	6
ENSG00000232401.2	LINC00112	chr21	41715806	41717975	6	6	6
ENSG00000183421.12	RIPK4	chr21	41739369	41767089	6	6	6
ENSG00000236883.1	AP001615.1	chr21	41739373	41741308	6	6	6
ENSG00000275166.1	MIR6814	chr21	41746772	41746841	6	6	6
ENSG00000141956.14	PRDM15	chr21	41798225	41879482	6	6	6
ENSG00000236545.1	AP001619.2	chr21	41870633	41872054	6	6	6
ENSG00000227698.1	AP001619.1	chr21	41874756	41877613	6	6	6
ENSG00000251778.1	AP001619.3	chr21	41882205	41882300	6	6	6
ENSG00000157617.17	C2CD2	chr21	41885112	41954018	6	6	6
ENSG00000173276.14	ZBTB21	chr21	41986831	42010387	6	6	6
ENSG00000237232.9	ZNF295-AS1	chr21	42009194	42055130	6	6	6
ENSG00000177398.18	UMODL1	chr21	42062959	42143453	6	6	6
ENSG00000184385.2	UMODL1-AS1	chr21	42102134	42108534	6	6	6
ENSG00000160179.19	ABCG1	chr21	42199689	42297244	6	6	6
ENSG00000223262.1	RNA5SP492	chr21	42221173	42221286	6	6	6
ENSG00000160180.15	TFF3	chr21	42311667	42315651	6	6	6
ENSG00000160181.9	TFF2	chr21	42346357	42350997	6	6	6
ENSG00000160182.3	TFF1	chr21	42362282	42366535	6	6	6
ENSG00000160183.17	TMPRSS3	chr21	42371887	42396091	6	6	6
ENSG00000160185.15	UBASH3A	chr21	42403447	42447684	6	6	6
ENSG00000252619.1	RNU6-1149P	chr21	42417497	42417593	6	6	6
ENSG00000160188.10	RSPH1	chr21	42472486	42496246	6	6	6
ENSG00000160190.14	SLC37A1	chr21	42496008	42581440	6	6	6
ENSG00000239930.2	AP001625.3	chr21	42496539	42497443	6	6	6
ENSG00000231867.1	AP001625.1	chr21	42508624	42509661	6	6	6
ENSG00000235772.1	AP001625.2	chr21	42560374	42561934	6	6	6
ENSG00000225431.1	LINC01671	chr21	42599280	42615058	6	6	6
ENSG00000235023.1	AP001626.1	chr21	42648271	42651244	6	6	6
ENSG00000160191.18	PDE9A	chr21	42653621	42775509	6	6	6
ENSG00000225731.1	PDE9A-AS1	chr21	42733594	42741758	6	6	6
ENSG00000283051.1	LINC01668	chr21	42777819	42779994	6	6	6
ENSG00000233754.2	AP001628.2	chr21	42781074	42782229	6	6	6
ENSG00000225218.1	AP001628.1	chr21	42831040	42836477	6	6	6
ENSG00000160193.12	WDR4	chr21	42843094	42879568	6	6	6
ENSG00000160194.18	NDUFV3	chr21	42879644	42913304	6	6	6
ENSG00000233056.3	ERVH48-1	chr21	42916803	42925646	6	6	6
ENSG00000264580.1	MIR5692B	chr21	42950928	42951014	6	6	6
ENSG00000224100.1	AP001630.1	chr21	42964639	42965363	6	6	6
ENSG00000160199.15	PKNOX1	chr21	42974510	43033931	6	6	6
ENSG00000160200.18	CBS	chr21	43053191	43076943	6	6	6
ENSG00000160201.12	U2AF1	chr21	43092956	43107570	6	6	6
ENSG00000286549.1	AP001631.2	chr21	43107942	43168646	6	6	6
ENSG00000232777.1	MRPL51P2	chr21	43115334	43115709	6	6	6
ENSG00000236663.1	FRGCA	chr21	43140523	43141092	6	6	6
ENSG00000228120.2	AP001631.1	chr21	43159066	43162277	6	6	6
ENSG00000160202.7	CRYAA	chr21	43169008	43172805	6	6	6
ENSG00000237864.1	LINC00322	chr21	43322417	43332039	6	6	6
ENSG00000237989.1	LINC01679	chr21	43358147	43362349	6	6	6
ENSG00000225637.1	AP001046.1	chr21	43363332	43366566	6	6	6
ENSG00000142178.9	SIK1	chr21	43414483	43427131	6	6	6
ENSG00000188660.4	LINC00319	chr21	43446601	43453902	6	6	6
ENSG00000185186.10	LINC00313	chr21	43461960	43479534	6	6	6
ENSG00000223975.1	AP001048.1	chr21	43465309	43467298	6	6	6
ENSG00000160207.9	HSF2BP	chr21	43529186	43659488	6	6	6
ENSG00000214326.2	RPL31P1	chr21	43551229	43551600	6	6	6
ENSG00000234289.6	H2BS1	chr21	43565182	43565648	6	6	6
ENSG00000278433.1	MIR6070	chr21	43609887	43609989	6	6	6
ENSG00000160208.13	RRP1B	chr21	43659560	43696079	6	6	6
ENSG00000160209.19	PDXK	chr21	43719094	43762307	6	6	6
ENSG00000281420.1	AP001052.1	chr21	43748365	43748468	6	6	6
ENSG00000287507.1	AP001053.1	chr21	43768320	43771666	6	6	6
ENSG00000160213.9	CSTB	chr21	43772511	43776330	6	6	6
ENSG00000234030.1	TMEM97P1	chr21	43783123	43783573	6	6	6
ENSG00000160214.13	RRP1	chr21	43789513	43805293	6	6	6
ENSG00000215458.8	AATBC	chr21	43805758	43812567	6	6	6
ENSG00000226543.3	MYL6P1	chr21	43855890	43856342	6	6	6
ENSG00000160216.21	AGPAT3	chr21	43865223	43987592	6	6	6
ENSG00000199598.1	RNU6-859P	chr21	43919795	43919901	6	6	6
ENSG00000288593.1	AP001054.1	chr21	43939919	43959673	6	6	6
ENSG00000252606.1	RNU6-1150P	chr21	43996322	43996420	6	6	6
ENSG00000160218.13	TRAPPC10	chr21	44012309	44106552	6	6	6
ENSG00000213440.2	H2AZP1	chr21	44046347	44047041	6	6	6
ENSG00000241945.8	PWP2	chr21	44107373	44131181	6	6	6
ENSG00000160221.18	GATD3A	chr21	44133610	44210114	6	6	6
ENSG00000225331.1	LINC01678	chr21	44158740	44160076	6	6	6
ENSG00000285413.1	AP001056.2	chr21	44172169	44194338	6	6	6
ENSG00000237604.1	AP001056.1	chr21	44175489	44176453	6	6	6
ENSG00000232124.3	AP001057.1	chr21	44200602	44207399	6	6	6
ENSG00000160223.17	ICOSLG	chr21	44217014	44240966	6	6	6
ENSG00000278158.1	AP001059.2	chr21	44241847	44242081	6	6	6
ENSG00000275799.1	AP001059.1	chr21	44244545	44244993	6	6	6
ENSG00000142182.9	DNMT3L	chr21	44246339	44262216	6	6	6
ENSG00000232010.1	DNMT3L-AS1	chr21	44250813	44251520	6	6	6
ENSG00000160224.17	AIRE	chr21	44285838	44298648	6	6	6
ENSG00000141959.17	PFKL	chr21	44300051	44327376	6	6	6
ENSG00000241728.5	AP001062.3	chr21	44328944	44330221	6	6	6
ENSG00000160226.16	CFAP410	chr21	44328944	44339402	6	6	6
ENSG00000184441.4	AP001062.1	chr21	44331234	44335851	6	6	6
ENSG00000232969.1	AP001062.2	chr21	44339376	44340470	6	6	6
ENSG00000260256.1	AP001063.1	chr21	44347767	44348295	6	6	6
ENSG00000142185.16	TRPM2	chr21	44350163	44443081	6	6	6
ENSG00000230061.2	TRPM2-AS	chr21	44414588	44425272	6	6	6
ENSG00000266692.1	AP001065.2	chr21	44437121	44437175	6	6	6
ENSG00000264452.1	AP001065.1	chr21	44439035	44439110	6	6	6
ENSG00000229356.1	LRRC3-DT	chr21	44450986	44455284	6	6	6
ENSG00000160233.8	LRRC3	chr21	44455510	44462196	6	6	6
ENSG00000224747.1	MTCYBP21	chr21	44469929	44472516	6	6	6
ENSG00000223431.1	MTND6P21	chr21	44472895	44473739	6	6	6
ENSG00000227999.1	MTND5P1	chr21	44473723	44475097	6	6	6
ENSG00000274225.1	AP001065.3	chr21	44477850	44478493	6	6	6
ENSG00000228709.1	LINC02575	chr21	44485577	44490288	6	6	6
ENSG00000277352.1	AP001065.4	chr21	44494874	44495519	6	6	6
ENSG00000175894.18	TSPEAR	chr21	44497893	44711572	6	6	6
ENSG00000235890.2	TSPEAR-AS1	chr21	44506807	44516575	6	6	6
ENSG00000182912.6	TSPEAR-AS2	chr21	44517216	44525952	6	6	6
ENSG00000287088.1	AP001066.1	chr21	44530172	44533145	6	6	6
ENSG00000215455.4	KRTAP10-1	chr21	44538981	44540195	6	6	6
ENSG00000205445.3	KRTAP10-2	chr21	44550357	44551505	6	6	6
ENSG00000212935.2	KRTAP10-3	chr21	44557790	44558795	6	6	6
ENSG00000215454.6	KRTAP10-4	chr21	44573724	44638284	6	6	6
ENSG00000241123.1	KRTAP10-5	chr21	44579455	44580604	6	6	6
ENSG00000188155.11	KRTAP10-6	chr21	44591268	44592505	6	6	6
ENSG00000272804.3	KRTAP10-7	chr21	44600597	44602174	6	6	6
ENSG00000187766.1	KRTAP10-8	chr21	44612079	44612954	6	6	6
ENSG00000221837.6	KRTAP10-9	chr21	44627093	44628378	6	6	6
ENSG00000221859.2	KRTAP10-10	chr21	44637356	44638455	6	6	6
ENSG00000243489.4	KRTAP10-11	chr21	44646414	44647650	6	6	6
ENSG00000212933.1	KRTAP12-4	chr21	44654213	44654659	6	6	6
ENSG00000205439.10	KRTAP12-3	chr21	44657932	44658341	6	6	6
ENSG00000221864.4	KRTAP12-2	chr21	44666189	44666927	6	6	6
ENSG00000229880.1	IMMTP1	chr21	44675868	44678086	6	6	6
ENSG00000187175.5	KRTAP12-1	chr21	44681576	44682163	6	6	6
ENSG00000276647.1	KRTAP12-6P	chr21	44686358	44686629	6	6	6
ENSG00000189169.7	KRTAP10-12	chr21	44697172	44698044	6	6	6
ENSG00000236382.1	KRTAP10-13P	chr21	44702221	44702791	6	6	6
ENSG00000184787.19	UBE2G2	chr21	44768580	44801826	6	6	6
ENSG00000236519.1	LINC01424	chr21	44802577	44804717	6	6	6
ENSG00000184900.16	SUMO3	chr21	44805617	44818779	6	6	6
ENSG00000183255.12	PTTG1IP	chr21	44849585	44873903	6	6	6
ENSG00000160255.18	ITGB2	chr21	44885953	44931989	6	6	6
ENSG00000227039.6	ITGB2-AS1	chr21	44921051	44929678	6	6	6
ENSG00000273027.1	AL844908.2	chr21	44929653	44930112	6	6	6
ENSG00000183250.12	LINC01547	chr21	44932814	44939937	6	6	6
ENSG00000272825.1	AL844908.1	chr21	44936303	44936954	6	6	6
ENSG00000160256.13	FAM207A	chr21	44940012	44976989	6	6	6
ENSG00000276529.1	AP001505.1	chr21	44978832	44979274	6	6	6
ENSG00000234880.1	LINC00163	chr21	44989864	44994086	6	6	6
ENSG00000261706.1	LINC00165	chr21	44994362	44995185	6	6	6
ENSG00000275874.1	PICSAR	chr21	44999208	45004727	6	6	6
ENSG00000235374.2	SSR4P1	chr21	45070952	45074165	6	6	6
ENSG00000197381.16	ADARB1	chr21	45073853	45226560	6	6	6
ENSG00000267857.2	AL133499.1	chr21	45100487	45101094	6	6	6
ENSG00000182586.9	LINC00334	chr21	45234308	45264548	6	6	6
ENSG00000186866.17	POFUT2	chr21	45263928	45287898	6	6	6
ENSG00000223768.2	LINC00205	chr21	45288050	45297806	6	6	6
ENSG00000286262.1	BX322557.2	chr21	45299929	45302964	6	6	6
ENSG00000184274.3	LINC00315	chr21	45300245	45305257	6	6	6
ENSG00000229382.1	BX322557.1	chr21	45336707	45338665	6	6	6
ENSG00000237664.1	LINC00316	chr21	45338590	45341990	6	6	6
ENSG00000228930.1	MTCO1P3	chr21	45376191	45376382	6	6	6
ENSG00000228355.1	BX322559.1	chr21	45378201	45379635	6	6	6
ENSG00000273796.1	BX322562.1	chr21	45403809	45404369	6	6	6
ENSG00000182871.16	COL18A1	chr21	45405165	45513720	6	6	6
ENSG00000224574.1	COL18A1-AS2	chr21	45407386	45410065	6	6	6
ENSG00000183535.9	COL18A1-AS1	chr21	45419716	45425070	6	6	6
ENSG00000275167.1	MIR6815	chr21	45478266	45478326	6	6	6
ENSG00000173638.19	SLC19A1	chr21	45493572	45573365	6	6	6
ENSG00000233922.3	LINC01694	chr21	45593654	45603088	6	6	6
ENSG00000286082.1	AL133493.1	chr21	45596364	45625675	6	6	6
ENSG00000286594.1	AL133493.2	chr21	45607386	45609194	6	6	6
ENSG00000183570.16	PCBP3	chr21	45643694	45942454	6	6	6
ENSG00000275139.1	AL133492.1	chr21	45759804	45763758	6	6	6
ENSG00000205424.2	PCBP3-AS1	chr21	45827961	45837987	6	6	6
ENSG00000286886.1	AJ011931.2	chr21	45861830	45888638	6	6	6
ENSG00000276633.1	AJ011931.1	chr21	45870854	45873345	6	6	6
ENSG00000280604.1	AJ239328.1	chr21	45914296	45919483	6	6	6
ENSG00000274248.1	AJ011932.1	chr21	45974489	45974953	6	6	6
ENSG00000142156.15	COL6A1	chr21	45981769	46005050	6	6	6
ENSG00000224413.1	AP001476.1	chr21	46037052	46039807	6	6	6
ENSG00000228235.1	AP001476.3	chr21	46052596	46053105	6	6	6
ENSG00000226115.1	AP001476.2	chr21	46056516	46057567	6	6	6
ENSG00000233767.1	PSMA6P3	chr21	46072085	46072248	6	6	6
ENSG00000227438.1	AP001471.1	chr21	46093264	46097530	6	6	6
ENSG00000142173.16	COL6A2	chr21	46098112	46132848	6	6	6
ENSG00000160282.14	FTCD	chr21	46136262	46155579	6	6	6
ENSG00000237338.1	FTCD-AS1	chr21	46151614	46152647	6	6	6
ENSG00000160284.15	SPATC1L	chr21	46161148	46184476	6	6	6
ENSG00000228404.1	AP001468.1	chr21	46185079	46188941	6	6	6
ENSG00000160285.15	LSS	chr21	46188141	46228824	6	6	6
ENSG00000223901.2	AP001469.1	chr21	46220269	46225364	6	6	6
ENSG00000215424.10	MCM3AP-AS1	chr21	46229196	46259390	6	6	6
ENSG00000160294.11	MCM3AP	chr21	46235133	46286297	6	6	6
ENSG00000228137.1	AP001469.2	chr21	46246890	46247682	6	6	6
ENSG00000239415.1	AP001469.3	chr21	46251549	46254133	6	6	6
ENSG00000182362.14	YBEY	chr21	46286342	46297751			
ENSG00000160298.18	C21orf58	chr21	46300181	46323875			
ENSG00000160299.17	PCNT	chr21	46324141	46445769			
ENSG00000286224.1	AP000471.1	chr21	46326288	46326491			
ENSG00000225043.1	RPL18AP2	chr21	46420553	46421034			
ENSG00000160305.18	DIP2A	chr21	46458891	46570015			
ENSG00000223692.1	DIP2A-IT1	chr21	46462471	46469306			
ENSG00000202239.1	RNU6-396P	chr21	46525618	46525722			
ENSG00000160307.10	S100B	chr21	46598604	46605208			
ENSG00000160310.18	PRMT2	chr21	46635595	46665124			
ENSG00000230982.1	DSTNP1	chr21	46653558	46654022			
ENSG00000212932.3	RPL23AP4	chr21	46690764	46691226			
ENSG00000277248.1	U2	chr22	10736171	10736283			
ENSG00000283047.1	FRG1FP	chr22	10939388	10961338			
ENSG00000279973.2	CU104787.1	chr22	11066418	11068174			
ENSG00000226444.2	ACTR3BP7	chr22	11124337	11125705			
ENSG00000276871.1	5_8S_rRNA	chr22	11249809	11249959			
ENSG00000288262.1	CT867976.1	chr22	11474744	11479643			
ENSG00000286406.1	AC138776.1	chr22	11827523	11910358			
ENSG00000283023.1	FRG1GP	chr22	12602466	12626642			
ENSG00000276138.1	U6	chr22	15273855	15273961			
ENSG00000280341.1	AP000542.3	chr22	15282557	15288670			
ENSG00000236235.1	AP000542.1	chr22	15290718	15297196			
ENSG00000279442.1	AP000542.2	chr22	15298378	15304556			
ENSG00000184624.4	ZNF72P	chr22	15326037	15343065			
ENSG00000236097.1	BNIP3P2	chr22	15349467	15350043			
ENSG00000236831.1	YME1L1P1	chr22	15489990	15492564			
ENSG00000130538.6	OR11H1	chr22	15528192	15529139			
ENSG00000237299.1	AP000534.2	chr22	15541436	15578006			
ENSG00000235759.1	ARHGAP42P3	chr22	15550904	15553838			
ENSG00000233408.1	AP000534.1	chr22	15557577	15560694			
ENSG00000215268.3	AP000533.2	chr22	15562017	15564276			
ENSG00000213727.3	AP000533.1	chr22	15572089	15573265			
ENSG00000230643.1	AP000533.3	chr22	15588361	15588478			
ENSG00000230471.1	AP000532.2	chr22	15600908	15604882			
ENSG00000231565.1	NEK2P2	chr22	15611759	15613096			
ENSG00000226474.1	AP000532.1	chr22	15615402	15615578			
ENSG00000224435.2	NF1P6	chr22	15622601	15632051			
ENSG00000234381.1	MED15P7	chr22	15635180	15644330			
ENSG00000198062.15	POTEH	chr22	15690026	15721631			
ENSG00000236666.1	POTEH-AS1	chr22	15699361	15703403			
ENSG00000212216.1	RNU6-816P	chr22	15701459	15701565			
ENSG00000241838.3	AP000529.1	chr22	15721486	15722608			
ENSG00000225255.6	PSLNR	chr22	15746630	15778297	5	5	5
ENSG00000235992.1	GRAMD4P2	chr22	15749156	15750825			
ENSG00000206195.11	DUXAP8	chr22	15784959	15829984			
ENSG00000271127.2	AP000526.1	chr22	15794901	15797909			
ENSG00000232775.6	BMS1P22	chr22	15805263	15820884			
ENSG00000272872.1	AP000525.1	chr22	15823197	15823890			
ENSG00000271672.1	DUXAP8	chr22	15826566	15827187			
ENSG00000223875.2	NBEAP3	chr22	15852990	15893942			
ENSG00000215270.3	TOMM40P2	chr22	15854195	15855243			
ENSG00000229286.1	AP000522.1	chr22	15901791	15901911			
ENSG00000233866.1	AC145543.1	chr22	15914721	15915800			
ENSG00000278188.1	U6	chr22	16141767	16141872			
ENSG00000225293.1	ABCD1P4	chr22	16387694	16390887			
ENSG00000226160.1	AC137499.1	chr22	16405330	16405417			
ENSG00000229658.1	PABPC1P9	chr22	16423943	16426031			
ENSG00000227367.1	SLC9B1P4	chr22	16428947	16476870			
ENSG00000280263.1	ACTR3BP6	chr22	16486985	16488322			
ENSG00000235969.1	CHEK2P4	chr22	16503304	16509475			
ENSG00000273362.1	AP000547.2	chr22	16521059	16527237			
ENSG00000233995.1	AP000547.1	chr22	16572027	16574637			
ENSG00000239435.2	KCNMB3P1	chr22	16575363	16582707			
ENSG00000198445.4	CCT8L2	chr22	16590751	16592810			
ENSG00000287285.1	AP000547.4	chr22	16592895	16600110			
ENSG00000240122.1	FABP5P11	chr22	16595089	16595485			
ENSG00000100181.22	TPTEP1	chr22	16601887	16698742			
ENSG00000283633.1	AP000547.3	chr22	16601911	16615111			
ENSG00000267338.1	AP000365.1	chr22	16616170	16617114			
ENSG00000249288.1	SLC25A15P5	chr22	16645695	16646581			
ENSG00000249263.2	PARP4P3	chr22	16653892	16659628			
ENSG00000189295.13	ANKRD62P1-PARP4P3	chr22	16654066	16675540			
ENSG00000259271.1	ANKRD62P1	chr22	16671090	16679493			
ENSG00000273244.1	AC005301.1	chr22	16676016	16694648			
ENSG00000241717.1	VWFP1	chr22	16690103	16704477			
ENSG00000288024.1	AC005301.2	chr22	16725072	16747761			
ENSG00000235343.2	LINC01665	chr22	16746628	16748645			
ENSG00000172967.7	XKR3	chr22	16783412	16821699			
ENSG00000229027.3	HSFY1P1	chr22	16827474	16829335			
ENSG00000234121.1	GPM6BP3	chr22	16837522	16837666			
ENSG00000283535.1	AC007064.4	chr22	16844399	16846357			
ENSG00000237835.1	AC007064.3	chr22	16855804	16856162			
ENSG00000220248.1	ZNF402P	chr22	16857619	16860718			
ENSG00000237689.1	AC007064.2	chr22	16869478	16871126			
ENSG00000228122.1	MTND1P17	chr22	16876218	16876421			
ENSG00000237358.1	AC007064.1	chr22	16876552	16876902			
ENSG00000225480.1	AC006548.1	chr22	16897445	16897546			
ENSG00000230481.2	IGKV1OR22-5	chr22	16904219	16904696			
ENSG00000253691.2	IGKV2OR22-4	chr22	16914235	16914981			
ENSG00000253460.2	IGKV2OR22-3	chr22	16921443	16922173			
ENSG00000254264.2	IGKV3OR22-2	chr22	16925952	16926444			
ENSG00000253481.2	IGKV1OR22-1	chr22	16933521	16934003			
ENSG00000285045.1	AC006548.3	chr22	16953895	16956808	5	5	5
ENSG00000215568.9	GAB4	chr22	16961936	17008222	5	5	5
ENSG00000270226.1	AC006548.2	chr22	17012404	17012932	5	5	5
ENSG00000276400.1	VN1R9P	chr22	17021398	17022570	5	5	5
ENSG00000237438.7	CECR7	chr22	17036570	17060825	5	5	5
ENSG00000273203.1	AC006946.2	chr22	17067821	17070675	5	5	5
ENSG00000273442.1	AC006946.3	chr22	17080701	17081456	5	5	5
ENSG00000177663.14	IL17RA	chr22	17084954	17115694	5	5	5
ENSG00000235328.1	AC006946.1	chr22	17093612	17093939	5	5	5
ENSG00000183307.4	TMEM121B	chr22	17116297	17121367	5	5	5
ENSG00000235478.5	LINC01664	chr22	17121560	17132104	5	5	5
ENSG00000069998.12	HDHD5	chr22	17137511	17165287	5	5	5
ENSG00000185837.3	HDHD5-AS1	chr22	17159384	17165445	5	5	5
ENSG00000093072.18	ADA2	chr22	17178790	17258235	5	5	5
ENSG00000236325.1	AC005300.1	chr22	17192936	17193308	5	5	5
ENSG00000203416.3	FAM32BP	chr22	17213516	17214155	5	5	5
ENSG00000241832.1	CECR3	chr22	17256859	17266733	5	5	5
ENSG00000231004.2	CECR9	chr22	17329034	17329232	5	5	5
ENSG00000239547.3	RN7SL843P	chr22	17352881	17353177	5	5	5
ENSG00000099954.18	CECR2	chr22	17359949	17558149	5	5	5
ENSG00000229492.1	FO681548.1	chr22	17418697	17419828	5	5	5
ENSG00000232305.1	CLCP1	chr22	17424388	17424775	5	5	5
ENSG00000228045.1	DNAJA1P6	chr22	17518676	17519029	5	5	5
ENSG00000286195.1	AC007666.2	chr22	17521514	17570078	5	5	5
ENSG00000182902.14	SLC25A18	chr22	17563450	17590995	5	5	5
ENSG00000236754.5	AC007666.1	chr22	17580157	17589192	5	5	5
ENSG00000131100.13	ATP6V1E1	chr22	17592136	17628749	5	5	5
ENSG00000099968.18	BCL2L13	chr22	17628855	17730855	5	5	5
ENSG00000015475.19	BID	chr22	17734138	17774770	5	5	5
ENSG00000264757.1	MIR3198-1	chr22	17764180	17764259	5	5	5
ENSG00000269220.1	LINC00528	chr22	17777322	17779481	5	5	5
ENSG00000243156.9	MICAL3	chr22	17787649	18024561	5	5	5
ENSG00000093100.13	AC016026.1	chr22	17787652	17811497	5	5	5
ENSG00000286990.1	AC016026.2	chr22	17800722	17802035	5	5	5
ENSG00000207780.1	MIR648	chr22	17980868	17980961	5	5	5
ENSG00000235445.1	AC016027.3	chr22	17983205	17983619	5	5	5
ENSG00000234913.1	AC016027.2	chr22	18004270	18007308	5	5	5
ENSG00000237446.1	RHEBP3	chr22	18019214	18020200	5	5	5
ENSG00000235295.1	LINC01634	chr22	18029385	18037968	5	5	5
ENSG00000225335.3	AC016027.1	chr22	18076527	18078884	5	5	5
ENSG00000215193.13	PEX26	chr22	18077920	18131138	5	5	5
ENSG00000236890.2	AC016027.5	chr22	18081466	18081675	5	5	5
ENSG00000235617.1	AC016027.4	chr22	18101612	18101888	5	5	5
ENSG00000225225.1	ARL2BPP10	chr22	18102457	18103649	5	5	5
ENSG00000183785.15	TUBA8	chr22	18110331	18146554	5	5	5
ENSG00000280007.1	AC008079.1	chr22	18110759	18131154	5	5	5
ENSG00000184979.10	USP18	chr22	18150170	18177397	5	5	5
ENSG00000187979.4	FAM230D	chr22	18178038	18205915	5	5	5
ENSG00000276160.1	GGTLC5P	chr22	18340145	18345899	5	5	5
ENSG00000274044.5	FAM230J	chr22	18361820	18391105	5	5	5
ENSG00000276874.1	AC011718.1	chr22	18374106	18375689	5	5	5
ENSG00000275060.1	PPP1R26P3	chr22	18400407	18404206	5	5	5
ENSG00000277870.5	FAM230A	chr22	18422244	18500594	5	5	5
ENSG00000277017.1	AC023490.2	chr22	18486999	18491247	5	5	5
ENSG00000278044.1	FAM247B	chr22	18501794	18512187	5	5	5
ENSG00000274252.1	GGTLC3	chr22	18516344	18518161	5	5	5
ENSG00000275319.1	Metazoa_SRP	chr22	18524620	18524935	5	5	5
ENSG00000277690.2	AC023490.3	chr22	18527157	18527626	5	5	5
ENSG00000278558.5	TMEM191B	chr22	18527802	18530573	5	5	5
ENSG00000274602.5	PI4KAP1	chr22	18533646	18577968	5	5	5
ENSG00000274625.1	AC023490.1	chr22	18605355	18605497	5	5	5
ENSG00000222630.2	RN7SKP131	chr22	18605802	18606102	5	5	5
ENSG00000275793.1	RIMBP3	chr22	18605815	18611919	5	5	5
ENSG00000275362.1	Metazoa_SRP	chr22	18615581	18615900	5	5	5
ENSG00000278110.1	SUSD2P2	chr22	18623339	18625289	5	5	5
ENSG00000286175.1	FAM246B	chr22	18633984	18634682	5	5	5
ENSG00000273907.1	CA15P2	chr22	18636445	18638405	5	5	5
ENSG00000273643.1	PPP1R26P2	chr22	18650023	18653617	5	5	5
ENSG00000278008.1	PPP1R26P4	chr22	18715815	18719341	5	5	5
ENSG00000182824.7	FAM230E	chr22	18733914	18757906	5	5	5
ENSG00000197421.10	GGT3P	chr22	18773665	18843399	5	5	5
ENSG00000239989.1	AC008132.2	chr22	18794414	18794804	5	5	5
ENSG00000234764.2	E2F6P1	chr22	18833694	18834438	5	5	5
ENSG00000161103.11	AC008132.1	chr22	18846811	18861049	5	5	5
ENSG00000215544.6	BCRP7	chr22	18855621	18858640	5	5	5
ENSG00000276095.2	FAM230F	chr22	18873543	18894407	5	5	5
ENSG00000279987.1	AC008103.1	chr22	18883502	18884682	5	5	5
ENSG00000183628.14	DGCR6	chr22	18906028	18914238	5	5	5
ENSG00000283809.1	AC007326.4	chr22	18906238	18947732	5	5	5
ENSG00000100033.16	PRODH	chr22	18912777	18936553	5	5	5
ENSG00000284294.1	AC007326.5	chr22	18936411	18947741	5	5	5
ENSG00000280418.1	AC007326.2	chr22	18951934	18959512	5	5	5
ENSG00000273032.3	DGCR5	chr22	18970439	19031242	5	5	5
ENSG00000283583.1	AC007326.3	chr22	18980695	18981325	5	5	5
ENSG00000237517.10	DGCR5	chr22	18985836	18994501	5	5	5
ENSG00000271275.1	AC007326.1	chr22	18997138	18997595	5	5	5
ENSG00000283366.2	AC000095.2	chr22	19014353	19014506	5	5	5
ENSG00000270393.1	AC000095.1	chr22	19018043	19018916	5	5	5
ENSG00000286025.1	FAM246C	chr22	19029524	19031242	5	5	5
ENSG00000241527.1	CA15P1	chr22	19031564	19034564	5	5	5
ENSG00000070413.20	DGCR2	chr22	19036282	19122454	5	5	5
ENSG00000206739.1	Y_RNA	chr22	19045256	19045367	5	5	5
ENSG00000273311.1	DGCR11	chr22	19046162	19048375	5	5	5
ENSG00000237347.2	AC004461.1	chr22	19055801	19056512	5	5	5
ENSG00000281530.1	AC004461.2	chr22	19061041	19061843	5	5	5
ENSG00000223461.1	AC004471.1	chr22	19121529	19124503	5	5	5
ENSG00000272682.1	AC004471.2	chr22	19124309	19128449	5	5	5
ENSG00000231086.1	TSSK1A	chr22	19124879	19125646	5	5	5
ENSG00000100056.12	ESS2	chr22	19130279	19144684	5	5	5
ENSG00000206203.5	TSSK2	chr22	19131308	19132622	5	5	5
ENSG00000063515.3	GSC2	chr22	19146993	19150292	5	5	5
ENSG00000260924.2	LINC01311	chr22	19171395	19172839	5	5	5
ENSG00000100075.10	SLC25A1	chr22	19175581	19178739	5	5	5
ENSG00000070371.16	CLTCL1	chr22	19179473	19291719	5	5	5
ENSG00000286367.1	AC000072.1	chr22	19196402	19200083	5	5	5
ENSG00000230194.1	AC000081.1	chr22	19238443	19238739	5	5	5
ENSG00000251940.1	AC000081.2	chr22	19249873	19249966	5	5	5
ENSG00000233471.2	KRT18P62	chr22	19257520	19258806	5	5	5
ENSG00000287146.1	AC000085.1	chr22	19291969	19328901	5	5	5
ENSG00000100084.14	HIRA	chr22	19330698	19447450	5	5	5
ENSG00000242259.9	C22orf39	chr22	19351368	19447711	5	5	5
ENSG00000244296.3	RN7SL168P	chr22	19365766	19366044	5	5	5
ENSG00000185608.8	MRPL40	chr22	19431902	19436075	5	5	5
ENSG00000185065.6	AC000068.1	chr22	19447893	19450105	5	5	5
ENSG00000070010.19	UFD1	chr22	19449911	19479202	5	5	5
ENSG00000273300.1	AC000068.3	chr22	19454179	19454605	5	5	5
ENSG00000273212.1	AC000068.2	chr22	19456503	19456962	5	5	5
ENSG00000093009.11	CDC45	chr22	19479457	19520612	5	5	5
ENSG00000287652.1	AC000082.1	chr22	19520572	19522769	5	5	5
ENSG00000184113.9	CLDN5	chr22	19523024	19527545	5	5	5
ENSG00000281548.1	LINC00895	chr22	19565203	19566839	5	5	5
ENSG00000230485.1	AC000077.1	chr22	19630750	19633574	5	5	5
ENSG00000225007.1	AC000067.1	chr22	19667023	19667555	5	5	5
ENSG00000184702.20	SEPTIN5	chr22	19714503	19724224	5	5	5
ENSG00000284874.1	AC000093.1	chr22	19717220	19724772	5	5	5
ENSG00000203618.6	GP1BB	chr22	19723539	19724771	5	5	5
ENSG00000184058.14	TBX1	chr22	19756703	19783593	5	5	5
ENSG00000185838.14	GNB1L	chr22	19783223	19854939	5	5	5
ENSG00000235776.2	AC000089.1	chr22	19792294	19793094	5	5	5
ENSG00000215012.9	RTL10	chr22	19846138	19854896	5	5	5
ENSG00000184470.21	TXNRD2	chr22	19875517	19941820	5	5	5
ENSG00000232926.1	AC000078.1	chr22	19887289	19887970	5	5	5
ENSG00000093010.15	COMT	chr22	19941371	19969975	5	5	5
ENSG00000284031.1	MIR4761	chr22	19963753	19963834	5	5	5
ENSG00000099889.14	ARVCF	chr22	19969896	20016823	5	5	5
ENSG00000183597.16	TANGO2	chr22	20017014	20067164	5	5	5
ENSG00000208023.3	MIR185	chr22	20033139	20033220	5	5	5
ENSG00000236540.7	AC006547.1	chr22	20058030	20070569	5	5	5
ENSG00000268292.1	AC006547.3	chr22	20064552	20065705	5	5	5
ENSG00000277950.1	Metazoa_SRP	chr22	20070716	20070965	5	5	5
ENSG00000128191.16	DGCR8	chr22	20080232	20111877	5	5	5
ENSG00000284140.1	MIR3618	chr22	20085746	20085833	5	5	5
ENSG00000284464.1	MIR1306	chr22	20086058	20086142	5	5	5
ENSG00000243762.1	AC006547.2	chr22	20110821	20111875	5	5	5
ENSG00000099899.15	TRMT2A	chr22	20111875	20117392	5	5	5
ENSG00000278278.1	MIR6816	chr22	20114686	20114751	5	5	5
ENSG00000099901.17	RANBP1	chr22	20115938	20127355	5	5	5
ENSG00000264346.1	SNORA77B	chr22	20126402	20126526	5	5	5
ENSG00000099904.16	ZDHHC8	chr22	20129456	20148007	5	5	5
ENSG00000234409.7	CCDC188	chr22	20148416	20151055	5	5	5
ENSG00000249923.1	AC007663.2	chr22	20198729	20204918	5	5	5
ENSG00000236499.2	LINC00896	chr22	20206397	20208524	5	5	5
ENSG00000040608.14	RTN4R	chr22	20241415	20283246	5	5	5
ENSG00000221039.3	MIR1286	chr22	20249134	20249211	5	5	5
ENSG00000161132.6	AC007663.1	chr22	20299760	20313216	5	5	5
ENSG00000128185.10	DGCR6L	chr22	20314238	20320080	5	5	5
ENSG00000273343.1	AC007663.4	chr22	20318119	20318749	5	5	5
ENSG00000273139.1	AC007663.3	chr22	20320739	20321203	5	5	5
ENSG00000188280.11	FAM230G	chr22	20338805	20354372	5	5	5
ENSG00000235578.1	AC007731.2	chr22	20343203	20344365	5	5	5
ENSG00000287446.1	AC007731.5	chr22	20348758	20354387	5	5	5
ENSG00000161133.16	USP41	chr22	20350578	20390758	5	5	5
ENSG00000185252.19	ZNF74	chr22	20394115	20408461	5	5	5
ENSG00000207343.1	RNU6-225P	chr22	20416797	20416899	5	5	5
ENSG00000244486.9	SCARF2	chr22	20424584	20437826	5	5	5
ENSG00000277971.1	AC007731.4	chr22	20429241	20446620	5	5	5
ENSG00000099910.17	KLHL22	chr22	20441519	20495844	5	5	5
ENSG00000215493.3	AC007731.1	chr22	20450122	20451824	5	5	5
ENSG00000255156.1	RNY1P9	chr22	20475203	20475311	5	5	5
ENSG00000201916.1	Y_RNA	chr22	20481158	20481268	5	5	5
ENSG00000242876.3	RN7SL812P	chr22	20481935	20482213	5	5	5
ENSG00000236670.1	KRT18P5	chr22	20482815	20484105	5	5	5
ENSG00000099917.17	MED15	chr22	20495913	20587632	5	5	5
ENSG00000236003.1	AC007731.3	chr22	20522070	20523870	5	5	5
ENSG00000250261.1	CCDC74BP1	chr22	20587496	20592218	5	5	5
ENSG00000223553.6	SMPD4P1	chr22	20602595	20656914	5	5	5
ENSG00000276427.1	IGLL4P	chr22	20632619	20632751	5	5	5
ENSG00000238125.1	SLC9A3P2	chr22	20652730	20654750	5	5	5
ENSG00000229107.2	ABHD17AP4	chr22	20667836	20670984	5	5	5
ENSG00000217261.4	POM121L4P	chr22	20689929	20698938	5	5	5
ENSG00000235062.4	BCRP5	chr22	20697962	20698934	5	5	5
ENSG00000226287.8	TMEM191A	chr22	20701114	20704606	5	5	5
ENSG00000241973.11	PI4KA	chr22	20707691	20859417	5	5	5
ENSG00000099937.11	SERPIND1	chr22	20774113	20787720	5	5	5
ENSG00000099940.12	SNAP29	chr22	20859007	20891214	5	5	5
ENSG00000272600.1	AC007308.1	chr22	20889206	20891214	5	5	5
ENSG00000099942.13	CRKL	chr22	20917407	20953747	5	5	5
ENSG00000237476.1	LINC01637	chr22	20957092	20964679	5	5	5
ENSG00000183773.15	AIFM3	chr22	20965108	20981360	5	5	5
ENSG00000285314.1	AC002470.2	chr22	20979462	20998121	5	5	5
ENSG00000272829.1	AC002470.1	chr22	20981361	20981755	5	5	5
ENSG00000099949.21	LZTR1	chr22	20982269	20999032	5	5	5
ENSG00000184436.12	THAP7	chr22	20999104	21002196	5	5	5
ENSG00000230513.2	THAP7-AS1	chr22	21001886	21010342	5	5	5
ENSG00000284060.1	AC002472.2	chr22	21002895	21009453	5	5	5
ENSG00000161149.12	TUBA3FP	chr22	21008193	21014292	5	5	5
ENSG00000099957.16	P2RX6	chr22	21009808	21028830	5	5	5
ENSG00000284130.1	AC002472.3	chr22	21011384	21014217	5	5	5
ENSG00000099960.13	SLC7A4	chr22	21028718	21032840	5	5	5
ENSG00000226872.2	AC002472.1	chr22	21031354	21044117	5	5	5
ENSG00000207575.1	MIR649	chr22	21034176	21034272	5	5	5
ENSG00000206145.8	P2RX6P	chr22	21035243	21045017	5	5	5
ENSG00000187905.10	LRRC74B	chr22	21045960	21064168	5	5	5
ENSG00000249680.2	TUBA3GP	chr22	21065462	21070097	5	5	5
ENSG00000284665.1	AC002472.4	chr22	21071082	21081018	5	5	5
ENSG00000169668.11	BCRP2	chr22	21103016	21122285	5	5	5
ENSG00000197210.7	AP000550.1	chr22	21114607	21124451	5	5	5
ENSG00000239511.2	POM121L7P	chr22	21125660	21128063	5	5	5
ENSG00000224688.1	E2F6P2	chr22	21141624	21142371	5	5	5
ENSG00000215498.9	FAM230B	chr22	21167758	21192156	5	5	5
ENSG00000234503.1	AP000550.2	chr22	21177892	21179875	5	5	5
ENSG00000283972.1	FAM247A	chr22	21193360	21203755	5	5	5
ENSG00000133475.17	GGT2	chr22	21207973	21227637	5	5	5
ENSG00000283145.1	AP000550.3	chr22	21228760	21229138	5	5	5
ENSG00000226885.1	E2F6P3	chr22	21268161	21268903	5	5	5
ENSG00000229266.1	POM121L8P	chr22	21282881	21284161	5	5	5
ENSG00000169662.8	BCRP6	chr22	21290760	21294586	5	5	5
ENSG00000206142.9	FAM230H	chr22	21300990	21325042	5	5	5
ENSG00000237407.1	AP000552.2	chr22	21312920	21314904	5	5	5
ENSG00000232771.2	PPP1R26P5	chr22	21341595	21345258	5	5	5
ENSG00000279920.2	LINC01651	chr22	21354563	21358067	5	5	5
ENSG00000286102.1	FAM246A	chr22	21360601	21361299	5	5	5
ENSG00000226534.1	AP000552.1	chr22	21370064	21371945	5	5	5
ENSG00000273846.1	Metazoa_SRP	chr22	21379382	21379701	5	5	5
ENSG00000274600.1	RIMBP3B	chr22	21383374	21389478	5	5	5
ENSG00000200057.1	RN7SKP63	chr22	21389191	21389491	5	5	5
ENSG00000252020.1	AP000552.3	chr22	21389796	21389938	5	5	5
ENSG00000275840.1	Metazoa_SRP	chr22	21396273	21396590	5	5	5
ENSG00000169635.10	HIC2	chr22	21417371	21451463	5	5	5
ENSG00000276800.1	Metazoa_SRP	chr22	21463963	21464279	5	5	5
ENSG00000206140.11	TMEM191C	chr22	21466423	21471269	5	5	5
ENSG00000183506.17	PI4KAP2	chr22	21473000	21517533	5	5	5
ENSG00000252143.1	AP000557.1	chr22	21544897	21545039	5	5	5
ENSG00000222352.1	RN7SKP221	chr22	21545344	21545644	5	5	5
ENSG00000183246.7	RIMBP3C	chr22	21545678	21551461	5	5	5
ENSG00000185651.15	UBE2L3	chr22	21549447	21624034	5	5	5
ENSG00000275293.1	Metazoa_SRP	chr22	21555138	21555457	5	5	5
ENSG00000161179.14	YDJC	chr22	21628089	21630064	5	5	5
ENSG00000161180.11	CCDC116	chr22	21632716	21637329	5	5	5
ENSG00000273342.1	AP000553.3	chr22	21640844	21641284	5	5	5
ENSG00000128228.5	SDF2L1	chr22	21642302	21644299	5	5	5
ENSG00000207751.3	AP000553.1	chr22	21652270	21670237	5	5	5
ENSG00000212102.1	MIR301B	chr22	21652981	21653058	5	5	5
ENSG00000283871.1	MIR130B	chr22	21653304	21653385	5	5	5
ENSG00000284630.1	AP000553.5	chr22	21657811	21661021	5	5	5
ENSG00000284651.1	AP000553.6	chr22	21661242	21661295	5	5	5
ENSG00000284654.1	AP000553.7	chr22	21661476	21661593	5	5	5
ENSG00000284621.1	AP000553.4	chr22	21661859	21661929	5	5	5
ENSG00000272954.1	AP000553.2	chr22	21661934	21662363	5	5	5
ENSG00000100023.19	PPIL2	chr22	21666009	21700015	5	5	5
ENSG00000100027.17	YPEL1	chr22	21697536	21735794	5	5	5
ENSG00000286365.1	AP000553.9	chr22	21712761	21714013	5	5	5
ENSG00000244671.3	RN7SL280P	chr22	21722895	21723182	5	5	5
ENSG00000286127.1	AP000553.8	chr22	21737448	21744108	5	5	5
ENSG00000100030.15	MAPK1	chr22	21759657	21867680	5	5	5
ENSG00000200985.1	RNA5SP493	chr22	21792434	21792524	5	5	5
ENSG00000225544.1	AC245452.1	chr22	21885282	21885673	5	5	5
ENSG00000100034.14	PPM1F	chr22	21919425	21952848	5	5	5
ENSG00000224086.6	PPM1F-AS1	chr22	21938269	21977632	5	5	5
ENSG00000100038.20	TOP3B	chr22	21957025	21982813	5	5	5
ENSG00000197549.9	PRAMENP	chr22	21991099	22043934	5	5	5
ENSG00000253239.1	IGLVI-70	chr22	22026076	22026593	5	5	5
ENSG00000211637.2	IGLV4-69	chr22	22030934	22031472	5	5	5
ENSG00000254355.1	IGLVI-68	chr22	22032745	22033194	5	5	5
ENSG00000278657.1	AC245452.4	chr22	22036344	22040065	5	5	5
ENSG00000249333.1	AC245452.3	chr22	22038643	22039126	5	5	5
ENSG00000211642.3	IGLV10-54	chr22	22038643	22215270	5	5	5
ENSG00000253794.1	IGLV10-67	chr22	22043618	22043942	5	5	5
ENSG00000228161.1	AC245452.2	chr22	22046430	22046591	5	5	5
ENSG00000253874.1	IGLVIV-66-1	chr22	22058433	22058892	5	5	5
ENSG00000254075.1	IGLVV-66	chr22	22061077	22061538	5	5	5
ENSG00000254161.1	IGLVIV-65	chr22	22070225	22070707	5	5	5
ENSG00000253242.1	IGLVIV-64	chr22	22075366	22075666	5	5	5
ENSG00000253752.1	IGLVI-63	chr22	22079770	22080263	5	5	5
ENSG00000253823.1	IGLV1-62	chr22	22086561	22087110	5	5	5
ENSG00000275361.1	AC245517.5	chr22	22087924	22088085	5	5	5
ENSG00000211638.2	IGLV8-61	chr22	22098700	22099212	5	5	5
ENSG00000225741.1	AC245517.1	chr22	22103219	22104857	5	5	5
ENSG00000263366.2	ABHD17AP5	chr22	22114844	22118005	5	5	5
ENSG00000236118.1	AC245517.4	chr22	22155582	22155942	5	5	5
ENSG00000233720.1	AC245517.3	chr22	22157382	22157631	5	5	5
ENSG00000211639.2	IGLV4-60	chr22	22162199	22162681	5	5	5
ENSG00000227710.1	AC245517.2	chr22	22168289	22168634	5	5	5
ENSG00000224465.1	SOCS2P2	chr22	22170983	22171556	5	5	5
ENSG00000254308.1	IGLVIV-59	chr22	22179228	22179477	5	5	5
ENSG00000253637.1	IGLVV-58	chr22	22182582	22182885	5	5	5
ENSG00000236323.1	BMP6P1	chr22	22185941	22186619	5	5	5
ENSG00000211640.4	IGLV6-57	chr22	22195799	22196276	5	5	5
ENSG00000253126.1	IGLVI-56	chr22	22198560	22199011	5	5	5
ENSG00000211641.3	IGLV11-55	chr22	22201663	22202161	5	5	5
ENSG00000253935.1	IGLVIV-53	chr22	22219647	22220133	5	5	5
ENSG00000228050.1	TOP3BP1	chr22	22223187	22224566	5	5	5
ENSG00000234726.1	AC245060.3	chr22	22228719	22230469	5	5	5
ENSG00000169575.5	VPREB1	chr22	22244780	22245515	5	5	5
ENSG00000279278.1	AC245060.6	chr22	22264601	22273020	5	5	5
ENSG00000274422.1	AC245060.5	chr22	22283928	22287220	5	5	5
ENSG00000234630.1	AC245060.2	chr22	22293733	22294794	5	5	5
ENSG00000286129.1	AC245060.7	chr22	22298124	22329122	5	5	5
ENSG00000272779.1	AC245060.4	chr22	22303224	22310401	5	5	5
ENSG00000211643.2	IGLV5-52	chr22	22318727	22319226	5	5	5
ENSG00000211644.3	IGLV1-51	chr22	22322472	22322969	5	5	5
ENSG00000211645.2	IGLV1-50	chr22	22327300	22327814	5	5	5
ENSG00000225724.1	ASH2LP3	chr22	22339573	22341214	5	5	5
ENSG00000223350.2	IGLV9-49	chr22	22343187	22343732	5	5	5
ENSG00000232515.1	AC245060.1	chr22	22347807	22348164	5	5	5
ENSG00000211647.1	IGLV5-48	chr22	22352940	22353433	5	5	5
ENSG00000211648.2	IGLV1-47	chr22	22357739	22358260	5	5	5
ENSG00000237428.1	ASH2LP2	chr22	22366210	22367770	5	5	5
ENSG00000211649.3	IGLV7-46	chr22	22369614	22370087	5	5	5
ENSG00000232603.1	AC245291.3	chr22	22370829	22371120	5	5	5
ENSG00000211650.2	IGLV5-45	chr22	22375986	22376505	5	5	5
ENSG00000211651.3	IGLV1-44	chr22	22380766	22381347	5	5	5
ENSG00000211652.2	IGLV7-43	chr22	22395018	22395489	5	5	5
ENSG00000254175.1	IGLVI-42	chr22	22397032	22397524	5	5	5
ENSG00000254073.1	IGLVVII-41-1	chr22	22398849	22398999	5	5	5
ENSG00000253818.1	IGLV1-41	chr22	22404207	22404721	5	5	5
ENSG00000211653.2	IGLV1-40	chr22	22409766	22410282	5	5	5
ENSG00000224144.1	ASH2LP1	chr22	22420326	22421310	5	5	5
ENSG00000253889.1	IGLVI-38	chr22	22425821	22426314	5	5	5
ENSG00000211654.2	IGLV5-37	chr22	22427540	22428035	5	5	5
ENSG00000211655.3	IGLV1-36	chr22	22431958	22432465	5	5	5
ENSG00000230821.1	AC245291.2	chr22	22446686	22448336	5	5	5
ENSG00000253631.1	IGLV7-35	chr22	22450202	22450652	5	5	5
ENSG00000226595.1	AC245291.1	chr22	22465659	22465986	5	5	5
ENSG00000275004.4	ZNF280B	chr22	22484421	22508742	5	5	5
ENSG00000169548.3	ZNF280A	chr22	22513736	22520270	5	5	5
ENSG00000185686.18	PRAME	chr22	22547701	22559361	5	5	5
ENSG00000220891.1	LL22NC03-63E9.3	chr22	22559343	22566602	5	5	5
ENSG00000253120.1	IGLV2-34	chr22	22580014	22580296	5	5	5
ENSG00000211656.3	IGLV2-33	chr22	22588155	22588688	5	5	5
ENSG00000211657.3	IGLV3-32	chr22	22594528	22595056	5	5	5
ENSG00000253920.1	IGLV3-31	chr22	22604445	22605165	5	5	5
ENSG00000253329.1	IGLV3-30	chr22	22618572	22619163	5	5	5
ENSG00000215456.6	BCRP4	chr22	22630065	22636153	5	5	5
ENSG00000286941.1	AC244250.4	chr22	22630546	22633849	5	5	5
ENSG00000183169.6	POM121L1P	chr22	22639177	22644473	5	5	5
ENSG00000100121.13	GGTLC2	chr22	22644475	22647903	5	5	5
ENSG00000253338.1	IGLV3-29	chr22	22661299	22661542	5	5	5
ENSG00000253451.1	IGLV2-28	chr22	22664473	22664907	5	5	5
ENSG00000211658.2	IGLV3-27	chr22	22668288	22668806	5	5	5
ENSG00000253913.1	IGLV3-26	chr22	22673152	22673602	5	5	5
ENSG00000253779.1	IGLVVI-25-1	chr22	22679097	22679345	5	5	5
ENSG00000211659.2	IGLV3-25	chr22	22686726	22687271	5	5	5
ENSG00000232350.1	AC244250.2	chr22	22689831	22689978	5	5	5
ENSG00000223999.1	AC244250.1	chr22	22692778	22693312	5	5	5
ENSG00000253822.1	IGLV3-24	chr22	22694439	22694952	5	5	5
ENSG00000211660.3	IGLV2-23	chr22	22697789	22698407	5	5	5
ENSG00000253546.1	IGLVVI-22-1	chr22	22700760	22700970	5	5	5
ENSG00000211661.2	IGLV3-22	chr22	22704265	22704822	5	5	5
ENSG00000211662.2	IGLV3-21	chr22	22711689	22713203	5	5	5
ENSG00000254240.1	IGLVI-20	chr22	22715290	22715419	5	5	5
ENSG00000211663.2	IGLV3-19	chr22	22720623	22721145	5	5	5
ENSG00000278667.1	AC244250.3	chr22	22730725	22731090	5	5	5
ENSG00000211664.3	IGLV2-18	chr22	22734607	22735089	5	5	5
ENSG00000253152.1	IGLV3-17	chr22	22738944	22739187	5	5	5
ENSG00000211665.3	IGLV3-16	chr22	22747383	22747921	5	5	5
ENSG00000253786.1	IGLV3-15	chr22	22755554	22755797	5	5	5
ENSG00000211666.2	IGLV2-14	chr22	22758700	22759218	5	5	5
ENSG00000253590.1	IGLV3-13	chr22	22762294	22762516	5	5	5
ENSG00000211667.3	IGLV3-12	chr22	22771824	22772582	5	5	5
ENSG00000231392.1	AC244157.1	chr22	22774529	22774691	5	5	5
ENSG00000275772.1	AC244157.2	chr22	22785643	22787268	5	5	5
ENSG00000211668.2	IGLV2-11	chr22	22792491	22793007	5	5	5
ENSG00000274381.1	AC245028.3	chr22	22803076	22803360	5	5	5
ENSG00000211669.3	IGLV3-10	chr22	22811747	22812281	5	5	5
ENSG00000226477.1	AC245028.1	chr22	22814671	22814926	5	5	5
ENSG00000211670.2	IGLV3-9	chr22	22819010	22819756	5	5	5
ENSG00000278196.3	IGLV2-8	chr22	22822658	22823289	5	5	5
ENSG00000284049.1	MIR650	chr22	22822776	22822871	5	5	5
ENSG00000237127.1	AC245028.2	chr22	22834865	22835117	5	5	5
ENSG00000254077.1	IGLV3-7	chr22	22838602	22838872	5	5	5
ENSG00000253448.1	IGLV3-6	chr22	22850375	22850624	5	5	5
ENSG00000253234.1	IGLV2-5	chr22	22856762	22857038	5	5	5
ENSG00000226420.1	IGLV3-4	chr22	22858025	22858268	5	5	5
ENSG00000211672.2	IGLV4-3	chr22	22871507	22872035	5	5	5
ENSG00000253963.1	IGLV3-2	chr22	22873212	22873440	5	5	5
ENSG00000211673.2	IGLV3-1	chr22	22880706	22881396	5	5	5
ENSG00000264824.1	MIR5571	chr22	22886267	22886379	5	5	5
ENSG00000254709.8	IGLL5	chr22	22887780	22896111	5	5	5
ENSG00000211674.2	IGLJ1	chr22	22893692	22893818	5	5	5
ENSG00000211675.2	IGLC1	chr22	22895375	22895834	5	5	5
ENSG00000211676.2	IGLJ2	chr22	22899481	22899655	5	5	5
ENSG00000211677.2	IGLC2	chr22	22900976	22901437	5	5	5
ENSG00000211678.2	IGLJ3	chr22	22904850	22905025	5	5	5
ENSG00000211679.2	IGLC3	chr22	22906342	22906803	5	5	5
ENSG00000211680.2	IGLJ4	chr22	22910574	22910606	5	5	5
ENSG00000254029.1	IGLC4	chr22	22910828	22911075	5	5	5
ENSG00000211681.2	IGLJ5	chr22	22914237	22914308	5	5	5
ENSG00000254030.1	IGLC5	chr22	22915635	22915927	5	5	5
ENSG00000211682.2	IGLJ6	chr22	22918132	22918201	5	5	5
ENSG00000222037.5	IGLC6	chr22	22919535	22919851	5	5	5
ENSG00000211684.2	IGLJ7	chr22	22921390	22921435	5	5	5
ENSG00000211685.3	IGLC7	chr22	22922594	22923034	5	5	5
ENSG00000237472.1	AC245054.2	chr22	22988263	22988581	5	5	5
ENSG00000223679.1	AC245054.1	chr22	22990690	23008356	5	5	5
ENSG00000100218.12	RSPH14	chr22	23059415	23145021	5	5	5
ENSG00000128266.9	GNAZ	chr22	23070519	23125032	5	5	5
ENSG00000283438.1	Metazoa_SRP	chr22	23132730	23133005	5	5	5
ENSG00000275635.1	U7	chr22	23137805	23137864	5	5	5
ENSG00000100228.12	RAB36	chr22	23145326	23164350	5	5	5
ENSG00000186716.21	BCR	chr22	23179704	23318037	5	5	5
ENSG00000236794.5	BCRP8	chr22	23179918	23180172	5	5	5
ENSG00000240160.3	RN7SL263P	chr22	23261782	23262071	5	5	5
ENSG00000230701.2	FBXW4P1	chr22	23262767	23265005	5	5	5
ENSG00000214526.3	AP000343.1	chr22	23322543	23322927	5	5	5
ENSG00000236611.1	LINC02556	chr22	23326616	23328493	5	5	5
ENSG00000215478.8	CES5AP1	chr22	23359603	23387731	5	5	5
ENSG00000133519.12	ZDHHC8P1	chr22	23390606	23402726	5	5	5
ENSG00000248409.2	AP000344.2	chr22	23392553	23394792	5	5	5
ENSG00000234928.1	LINC01659	chr22	23433564	23435071	5	5	5
ENSG00000227755.1	AP000344.1	chr22	23446598	23460833	5	5	5
ENSG00000178248.11	FAM230I	chr22	23462086	23486980	5	5	5
ENSG00000287864.1	AP000345.3	chr22	23510154	23512662	5	5	5
ENSG00000225413.2	LINC02557	chr22	23512494	23513602	5	5	5
ENSG00000280623.1	PCAT14	chr22	23536881	23547797	5	5	5
ENSG00000224277.5	AP000345.1	chr22	23567064	23573507	5	5	5
ENSG00000128322.7	IGLL1	chr22	23573125	23580302	5	5	5
ENSG00000272733.1	AP000345.2	chr22	23580880	23583859	5	5	5
ENSG00000278655.1	AP000346.4	chr22	23607041	23608407	5	5	5
ENSG00000189269.12	DRICH1	chr22	23608452	23632321	5	5	5
ENSG00000275609.1	AP000346.3	chr22	23610329	23610538	5	5	5
ENSG00000211683.3	AP000346.1	chr22	23630618	23638941	5	5	5
ENSG00000228315.12	GUSBP11	chr22	23638487	23717356	5	5	5
ENSG00000234353.2	AP000346.2	chr22	23638492	23640762	5	5	5
ENSG00000244723.3	ASLP1	chr22	23649213	23653334	5	5	5
ENSG00000272578.5	AP000347.1	chr22	23658094	23717356	5	5	5
ENSG00000159496.14	RGL4	chr22	23688136	23699176	5	5	5
ENSG00000187792.5	ZNF70	chr22	23738682	23751112	5	5	5
ENSG00000128218.8	VPREB3	chr22	23752743	23754425	5	5	5
ENSG00000169314.15	C22orf15	chr22	23762990	23765863	5	5	5
ENSG00000250479.9	CHCHD10	chr22	23765834	23767972	5	5	5
ENSG00000099953.10	MMP11	chr22	23768226	23784316	5	5	5
ENSG00000099956.20	SMARCB1	chr22	23786931	23838009	5	5	5
ENSG00000099958.15	DERL3	chr22	23834503	23839128	5	5	5
ENSG00000272973.1	AP000350.5	chr22	23856427	23857039	5	5	5
ENSG00000133460.19	SLC2A11	chr22	23856703	23886309	5	5	5
ENSG00000251357.4	AP000350.4	chr22	23862188	23895223	5	5	5
ENSG00000279467.1	AP000350.8	chr22	23865248	23873277	5	5	5
ENSG00000244425.3	RN7SL268P	chr22	23879493	23879790	5	5	5
ENSG00000240972.2	MIF	chr22	23894383	23895227	5	5	5
ENSG00000218537.1	MIF-AS1	chr22	23894426	23898930	5	5	5
ENSG00000273295.1	AP000350.6	chr22	23901432	23907068	5	5	5
ENSG00000225282.1	AP000350.2	chr22	23926900	23929574	5	5	5
ENSG00000206090.4	AP000350.1	chr22	23939998	23942798	5	5	5
ENSG00000231271.1	AP000350.3	chr22	23949918	23954042	5	5	5
ENSG00000133433.11	GSTT2B	chr22	23957414	23961195	5	5	5
ENSG00000228039.3	AC253536.2	chr22	23963780	23964374	5	5	5
ENSG00000099974.8	DDTL	chr22	23966888	23972556	5	5	5
ENSG00000272787.1	AC253536.6	chr22	23969211	23969873	5	5	5
ENSG00000099977.14	DDT	chr22	23971365	23979828	5	5	5
ENSG00000285762.1	AC253536.7	chr22	23971378	23980469	5	5	5
ENSG00000224205.2	AC253536.1	chr22	23976872	23991421	5	5	5
ENSG00000250470.1	AC253536.5	chr22	23976904	23977585	5	5	5
ENSG00000099984.11	GSTT2	chr22	23980058	23983915	5	5	5
ENSG00000276950.5	GSTT4	chr22	23998401	24005453	5	5	5
ENSG00000235689.1	AC253536.4	chr22	24006305	24008258	5	5	5
ENSG00000099991.18	CABIN1	chr22	24011192	24178628	5	5	5
ENSG00000232545.1	AC253536.3	chr22	24101689	24103354	5	5	5
ENSG00000099994.11	SUSD2	chr22	24181487	24189106	5	5	5
ENSG00000099998.18	GGT5	chr22	24219654	24245142	5	5	5
ENSG00000230712.3	GGTLC4P	chr22	24248074	24249466	5	5	5
ENSG00000128262.8	POM121L9P	chr22	24251828	24265525	5	5	5
ENSG00000225098.1	BCRP1	chr22	24259929	24263764	5	5	5
ENSG00000215464.4	AP000354.1	chr22	24269346	24270134	5	5	5
ENSG00000100014.20	SPECC1L	chr22	24270817	24417739	5	5	5
ENSG00000258555.6	SPECC1L-ADORA2A	chr22	24270898	24442356	5	5	5
ENSG00000128271.22	ADORA2A	chr22	24417879	24442357	5	5	5
ENSG00000178803.12	ADORA2A-AS1	chr22	24429206	24495074	5	5	5
ENSG00000100024.15	UPB1	chr22	24494107	24528390	5	5	5
ENSG00000228923.1	AP000355.1	chr22	24516508	24518386	5	5	5
ENSG00000138867.17	GUCD1	chr22	24540423	24555935	5	5	5
ENSG00000100028.12	SNRPD3	chr22	24555958	24582052	5	5	5
ENSG00000286070.2	AP000356.5	chr22	24556007	24628987	5	5	5
ENSG00000178026.13	LRRC75B	chr22	24585620	24593208	5	5	5
ENSG00000100031.19	GGT1	chr22	24594811	24629005	5	5	5
ENSG00000230947.2	AP000356.1	chr22	24598054	24599398	5	5	5
ENSG00000215481.9	BCRP3	chr22	24632915	24650012	5	5	5
ENSG00000284233.1	AP000356.4	chr22	24633272	24633443	5	5	5
ENSG00000284128.1	AP000356.3	chr22	24644791	24653356	5	5	5
ENSG00000284070.1	AP000356.2	chr22	24645171	24651657	5	5	5
ENSG00000224124.3	POM121L10P	chr22	24657481	24658765	5	5	5
ENSG00000224806.2	ARL5AP4	chr22	24686168	24686679	5	5	5
ENSG00000224334.1	AP000357.1	chr22	24686923	24688087	5	5	5
ENSG00000282012.1	AP000357.2	chr22	24691122	24696003	5	5	5
ENSG00000237601.1	AP000358.1	chr22	24703348	24703503	5	5	5
ENSG00000182351.7	CRIP1P4	chr22	24712292	24712520	5	5	5
ENSG00000184571.13	PIWIL3	chr22	24719034	24774720	5	5	5
ENSG00000167037.19	SGSM1	chr22	24806169	24927578	5	5	5
ENSG00000199783.1	AL049759.1	chr22	24901147	24901214	5	5	5
ENSG00000206069.6	TMEM211	chr22	24934954	24946695	5	5	5
ENSG00000197077.13	KIAA1671	chr22	24952730	25197448	5	5	5
ENSG00000279085.1	AL022323.2	chr22	25009685	25015072	5	5	5
ENSG00000279548.1	AL022323.4	chr22	25022594	25024652	5	5	5
ENSG00000279006.1	AL022323.1	chr22	25048967	25051966	5	5	5
ENSG00000279110.1	AL022323.3	chr22	25052122	25065241	5	5	5
ENSG00000203280.4	KIAA1671-AS1	chr22	25102433	25112692	5	5	5
ENSG00000271181.1	Z99916.2	chr22	25179309	25179554	5	5	5
ENSG00000100053.10	CRYBB3	chr22	25199858	25207359	5	5	5
ENSG00000236641.2	Z99916.1	chr22	25212085	25213826	5	5	5
ENSG00000244752.3	CRYBB2	chr22	25212564	25231870	5	5	5
ENSG00000279298.1	Z99916.3	chr22	25251523	25252602	5	5	5
ENSG00000233577.6	AL022332.1	chr22	25279529	25282674	5	5	5
ENSG00000285968.1	AL022324.4	chr22	25282613	25320086	5	5	5
ENSG00000285690.1	AL022332.2	chr22	25282943	25300791	5	5	5
ENSG00000206066.3	IGLL3P	chr22	25318256	25320080	5	5	5
ENSG00000230637.2	AL022324.1	chr22	25327252	25339975	5	5	5
ENSG00000231466.2	AL022324.2	chr22	25349543	25350322	5	5	5
ENSG00000100068.13	LRP5L	chr22	25351418	25405377	5	5	5
ENSG00000272942.1	AL022324.3	chr22	25434324	25435070	5	5	5
ENSG00000272798.1	AL008721.1	chr22	25436312	25436915	5	5	5
ENSG00000271138.1	IGLVIVOR22-1	chr22	25437306	25437823	5	5	5
ENSG00000100058.12	CRYBB2P1	chr22	25448105	25520854	5	5	5
ENSG00000277872.1	MIR6817	chr22	25455646	25455711	5	5	5
ENSG00000272977.1	AL008721.2	chr22	25476218	25479971	5	5	5
ENSG00000234884.2	AL022329.1	chr22	25561117	25564719	5	5	5
ENSG00000100077.15	GRK3	chr22	25564675	25729294	5	5	5
ENSG00000237387.1	AL022329.2	chr22	25580241	25581382	5	5	5
ENSG00000224003.1	YES1P1	chr22	25647261	25649232	5	5	5
ENSG00000222585.1	RNA5SP494	chr22	25715041	25715169	5	5	5
ENSG00000133454.16	MYO18B	chr22	25742144	26031045	5	5	5
ENSG00000278960.1	AL022329.3	chr22	25756318	25756669	5	5	5
ENSG00000231933.7	MYO18B-AS1	chr22	25876854	25903247	5	5	5
ENSG00000232464.1	Z98949.2	chr22	25959074	25983526	5	5	5
ENSG00000223056.1	RN7SKP169	chr22	25963983	25964273	5	5	5
ENSG00000232050.1	Z98949.1	chr22	26006389	26006532	5	5	5
ENSG00000236464.1	LINC02559	chr22	26161834	26164303	5	5	5
ENSG00000229770.2	AL022337.1	chr22	26161905	26169341	5	5	5
ENSG00000100095.19	SEZ6L	chr22	26169462	26383597	5	2	5
ENSG00000224192.2	SEZ6L-AS1	chr22	26241331	26254092	5	5	5
ENSG00000252267.1	RNA5SP495	chr22	26390667	26390776	2	2	2
ENSG00000230203.1	Z99714.1	chr22	26422071	26423193	2	2	2
ENSG00000128203.7	ASPHD2	chr22	26429260	26445015	2	2	2
ENSG00000100099.21	HPS4	chr22	26443423	26483837	2	2	2
ENSG00000100104.13	SRRD	chr22	26483877	26494658	2	2	2
ENSG00000100109.17	TFIP11	chr22	26491225	26512505	2	2	2
ENSG00000261188.1	Z95115.1	chr22	26512537	26514568	2	2	2
ENSG00000128294.16	TPST2	chr22	26521996	26596717	2	2	2
ENSG00000221760.1	MIR548J	chr22	26555212	26555323	2	2	2
ENSG00000213707.2	HMGB1P10	chr22	26560526	26561088	2	2	2
ENSG00000286326.1	Z95115.2	chr22	26597028	26611453	2	2	2
ENSG00000100122.7	CRYBB1	chr22	26599278	26618027	2	2	2
ENSG00000196431.4	CRYBA4	chr22	26621963	26630669	2	2	2
ENSG00000226912.1	ISCA2P1	chr22	26644889	26645336	2	2	2
ENSG00000225783.8	MIAT	chr22	26646411	26676475	2	2	2
ENSG00000278404.1	Z99774.5	chr22	26657521	26657655	2	2	2
ENSG00000206028.1	Z99774.1	chr22	26667693	26672654	2	2	2
ENSG00000277941.1	Z99774.4	chr22	26671402	26671550	2	2	2
ENSG00000275942.1	Z99774.2	chr22	26672164	26672248	2	2	2
ENSG00000244625.7	MIATNB	chr22	26672747	26780893	2	2	2
ENSG00000276991.1	Z99774.3	chr22	26673254	26673630	2	2	2
ENSG00000223704.2	LINC01422	chr22	26858634	26968763	2	2	2
ENSG00000231369.1	Z97353.1	chr22	26886909	26887548	2	2	2
ENSG00000235271.6	Z97353.2	chr22	26903292	26920935	2	2	2
ENSG00000279440.1	AL008638.3	chr22	27019369	27024550	2	2	2
ENSG00000200443.1	RNU6-1066P	chr22	27035887	27035991	2	2	2
ENSG00000279914.1	AL008638.5	chr22	27040197	27041494	2	2	2
ENSG00000279848.1	AL008638.4	chr22	27044001	27045315	2	2	2
ENSG00000236858.2	AL008638.2	chr22	27048144	27061247	2	2	2
ENSG00000280025.1	AL008638.6	chr22	27102766	27107019	2	2	2
ENSG00000231405.1	AL008638.1	chr22	27143478	27159878	2	2	2
ENSG00000238195.1	AL021153.1	chr22	27204211	27205126	2	2	2
ENSG00000233521.7	LINC01638	chr22	27221349	27225134	2	2	2
ENSG00000233574.1	AL020994.3	chr22	27276240	27286349	2	2	2
ENSG00000223726.1	AL020994.1	chr22	27307483	27318538	2	2	2
ENSG00000226741.2	LINC02554	chr22	27307777	27318501	2	2	2
ENSG00000230051.2	AL020994.2	chr22	27331634	27379265	2	2	2
ENSG00000280445.1	AL049536.1	chr22	27414462	27419713	2	2	2
ENSG00000287034.1	AL050402.2	chr22	27436292	27441774	2	2	2
ENSG00000227880.1	AL050402.1	chr22	27457247	27460060	2	2	2
ENSG00000224027.1	AL133456.1	chr22	27563839	27573573	2	2	2
ENSG00000227838.1	AL121885.2	chr22	27676559	27714970	2	2	2
ENSG00000231495.1	AL121885.3	chr22	27707580	27709931	2	2	2
ENSG00000226169.1	AL121885.1	chr22	27716480	27721677	2	2	2
ENSG00000169184.6	MN1	chr22	27748277	27801756	2	2	2
ENSG00000180957.18	PITPNB	chr22	27851669	27920134	2	2	2
ENSG00000235954.7	TTC28-AS1	chr22	27919376	28008581	2	2	2
ENSG00000277460.1	AL031591.2	chr22	27919384	27919545	2	2	2
ENSG00000264073.1	MIR3199-1	chr22	27920525	27920612	2	2	2
ENSG00000283225.1	MIR3199-2	chr22	27920526	27920611	2	2	2
ENSG00000276150.1	AL031591.1	chr22	27922022	27922178	2	2	2
ENSG00000100154.14	TTC28	chr22	27978014	28679865	2	2	2
ENSG00000274342.1	AL033538.1	chr22	27994474	27994654	2	2	2
ENSG00000276675.1	AL033538.2	chr22	28002484	28002595	2	2	2
ENSG00000239249.3	RN7SL757P	chr22	28056153	28056453	2	2	2
ENSG00000201209.1	SNORD42	chr22	28232756	28232823	2	2	2
ENSG00000199797.1	Y_RNA	chr22	28303754	28303850	2	2	2
ENSG00000276162.1	MIR5739	chr22	28459869	28459948	2	2	2
ENSG00000266503.2	RN7SL162P	chr22	28642979	28643270	2	2	2
ENSG00000183765.23	CHEK2	chr22	28687743	28742422	2	2	2
ENSG00000100209.11	HSCB	chr22	28742039	28757515	2	2	2
ENSG00000159873.10	CCDC117	chr22	28772674	28789301	2	2	2
ENSG00000100219.16	XBP1	chr22	28794555	28800597	2	2	2
ENSG00000226471.6	Z93930.2	chr22	28800683	28848559	2	2	2
ENSG00000272858.1	Z93930.3	chr22	28814914	28815662	2	2	2
ENSG00000224256.1	Z93930.1	chr22	28835893	28836137	2	2	2
ENSG00000183579.16	ZNRF3	chr22	28883572	29057488	2	2	2
ENSG00000235786.1	ZNRF3-IT1	chr22	28992721	29018620	2	2	2
ENSG00000177993.3	ZNRF3-AS1	chr22	29024999	29031476	2	2	2
ENSG00000100249.4	C22orf31	chr22	29058672	29061844	2	2	2
ENSG00000183762.13	KREMEN1	chr22	29073035	29168333	2	2	2
ENSG00000226772.1	AL021393.1	chr22	29099041	29111683	2	2	2
ENSG00000200871.1	RNU6-810P	chr22	29134014	29134120	2	2	2
ENSG00000251952.1	RNU6-1219P	chr22	29191697	29191808	2	2	2
ENSG00000186998.16	EMID1	chr22	29205896	29259597	2	2	2
ENSG00000100263.14	RHBDD3	chr22	29259872	29268209	2	2	2
ENSG00000237015.1	AL031186.1	chr22	29260889	29262037	2	2	2
ENSG00000182944.18	EWSR1	chr22	29268009	29300525	2	2	2
ENSG00000185340.15	GAS2L1	chr22	29306582	29312785	2	2	2
ENSG00000100276.10	RASL10A	chr22	29312933	29319679	2	2	2
ENSG00000273216.1	AC002059.1	chr22	29316744	29317220	2	2	2
ENSG00000100280.16	AP1B1	chr22	29327680	29423179	2	2	2
ENSG00000280968.1	AC002059.2	chr22	29333158	29333267	2	2	2
ENSG00000239127.1	SNORD125	chr22	29333163	29333258	2	2	2
ENSG00000285697.1	AC002059.3	chr22	29387909	29417757	2	2	2
ENSG00000242156.1	AC000041.1	chr22	29419155	29423193	2	2	2
ENSG00000278292.1	RFPL4AP6	chr22	29432944	29435005	2	2	2
ENSG00000225465.9	RFPL1S	chr22	29436534	29478868	2	2	2
ENSG00000128250.5	RFPL1	chr22	29438583	29442455	2	2	2
ENSG00000100285.10	NEFH	chr22	29480218	29491390	2	2	2
ENSG00000282816.1	AC000035.1	chr22	29480220	29481113	2	2	2
ENSG00000100296.14	THOC5	chr22	29505879	29555216	2	2	2
ENSG00000234208.1	AC005529.1	chr22	29513889	29535390	2	2	2
ENSG00000184117.12	NIPSNAP1	chr22	29554808	29581327	2	2	2
ENSG00000186575.19	NF2	chr22	29603556	29698598	2	2	2
ENSG00000233010.1	RPEP4	chr22	29608900	29609501	2	2	2
ENSG00000232396.2	AC004882.1	chr22	29705256	29719859	2	2	2
ENSG00000239446.1	AC004882.2	chr22	29711820	29719714	2	2	2
ENSG00000100314.4	CABP7	chr22	29720003	29731833	2	2	2
ENSG00000100319.13	ZMAT5	chr22	29730956	29767011	2	2	2
ENSG00000200976.1	Y_RNA	chr22	29758758	29758859	2	2	2
ENSG00000287967.1	AC004882.3	chr22	29767091	29768096	2	2	2
ENSG00000184076.13	UQCR10	chr22	29767369	29770413	2	2	2
ENSG00000100325.15	ASCC2	chr22	29788609	29838304	2	2	2
ENSG00000100330.16	MTMR3	chr22	29883169	30030868	5	5	5
ENSG00000207455.1	RNU6-331P	chr22	29899587	29899693	5	5	5
ENSG00000279159.1	AC003681.1	chr22	29978950	30028236	5	5	5
ENSG00000275818.1	MIR6818	chr22	30007049	30007113	5	5	5
ENSG00000227117.6	HORMAD2-AS1	chr22	30008742	30080480	5	5	5
ENSG00000227201.2	CNN2P1	chr22	30046276	30047193	5	5	5
ENSG00000176635.18	HORMAD2	chr22	30080464	30177075			
ENSG00000226573.1	AC003071.1	chr22	30105094	30105408			
ENSG00000225971.1	RPS3AP51	chr22	30136673	30137681			
ENSG00000225676.2	AC002378.1	chr22	30182818	30207195			
ENSG00000232530.1	LIF-AS1	chr22	30239194	30240538			
ENSG00000128342.5	LIF	chr22	30240453	30246759			
ENSG00000268812.3	AC004264.1	chr22	30246205	30246998			
ENSG00000099985.4	OSM	chr22	30262829	30266851			
ENSG00000279699.1	AC004264.2	chr22	30275215	30276951			
ENSG00000239282.8	CASTOR1	chr22	30285117	30289622			
ENSG00000248751.6	AC004997.1	chr22	30285238	30299482			
ENSG00000099992.16	TBC1D10A	chr22	30291990	30326947			
ENSG00000099995.19	SF3A1	chr22	30331988	30356919			
ENSG00000187860.10	CCDC157	chr22	30356635	30378658	2	2	2
ENSG00000099999.15	RNF215	chr22	30368811	30421771	2	2	2
ENSG00000100003.18	SEC14L2	chr22	30396941	30425303	2	2	2
ENSG00000249590.7	AC004832.3	chr22	30409255	30428990	2	2	2
ENSG00000273350.1	AC004832.5	chr22	30420512	30420912	2	2	2
ENSG00000222915.1	RNU6-564P	chr22	30421045	30421148	2	2	2
ENSG00000272689.1	AC004832.4	chr22	30421206	30421536	2	2	2
ENSG00000242114.6	MTFP1	chr22	30425623	30429054	2	2	2
ENSG00000273428.3	AC004832.6	chr22	30435544	30436247	2	2	2
ENSG00000230137.1	AC004832.2	chr22	30439837	30440318	2	2	2
ENSG00000100012.12	SEC14L3	chr22	30447959	30472017	2	2	2
ENSG00000181123.8	AC004832.1	chr22	30475364	30492804	2	2	2
ENSG00000214161.3	SDC4P	chr22	30481311	30481911	2	2	2
ENSG00000133488.15	SEC14L4	chr22	30488902	30505711	2	2	2
ENSG00000214491.8	SEC14L6	chr22	30522799	30546682	2	2	2
ENSG00000225774.2	SIRPAP1	chr22	30542536	30544305	2	2	2
ENSG00000128242.13	GAL3ST1	chr22	30554635	30574665	2	2	2
ENSG00000100029.18	PES1	chr22	30576625	30607083	2	2	2
ENSG00000223831.1	AC005006.1	chr22	30598309	30606687	2	2	2
ENSG00000185339.9	TCN2	chr22	30607003	30627271	2	2	2
ENSG00000100036.13	SLC35E4	chr22	30635781	30669016	2	2	2
ENSG00000167065.14	DUSP18	chr22	30652051	30667887	2	2	2
ENSG00000250318.1	AC003072.1	chr22	30653877	30654814	2	2	2
ENSG00000288153.1	AC003072.2	chr22	30664961	30674134	2	2	2
ENSG00000184792.16	OSBP2	chr22	30693782	30907824	2	2	2
ENSG00000264661.3	MIR3200	chr22	30731557	30731641	2	2	2
ENSG00000237977.1	EIF4HP2	chr22	30902219	30902781	2	2	2
ENSG00000235989.4	MORC2-AS1	chr22	30922308	30932449	2	2	2
ENSG00000133422.14	MORC2	chr22	30925130	30968774	2	2	2
ENSG00000253352.10	TUG1	chr22	30969245	30979395	2	2	2
ENSG00000276664.1	AC004542.5	chr22	30971005	30971149	2	2	2
ENSG00000276057.1	AC004542.4	chr22	30971296	30971382	2	2	2
ENSG00000276965.1	AC004542.6	chr22	30972857	30973093	2	2	2
ENSG00000275307.1	AC004542.3	chr22	30973417	30973597	2	2	2
ENSG00000269987.1	AC004542.2	chr22	30976515	30978848	2	2	2
ENSG00000269972.1	AC004542.1	chr22	30977516	30977858	2	2	2
ENSG00000278920.1	AC005005.4	chr22	31051630	31068327	2	2	2
ENSG00000240186.3	RN7SL633P	chr22	31059989	31060285	2	2	2
ENSG00000183963.19	SMTN	chr22	31064105	31104757	2	2	2
ENSG00000273387.1	AC005005.3	chr22	31082156	31083565	2	2	2
ENSG00000198832.10	SELENOM	chr22	31104772	31120069	2	2	2
ENSG00000235573.2	AC005005.2	chr22	31113017	31113396	2	2	2
ENSG00000185133.14	INPP5J	chr22	31122731	31134697	2	2	2
ENSG00000100078.4	PLA2G3	chr22	31134807	31140508	2	2	2
ENSG00000214125.2	AC005005.1	chr22	31155966	31156647	2	2	2
ENSG00000264141.1	MIR3928	chr22	31160062	31160119	2	2	2
ENSG00000138942.16	RNF185	chr22	31160182	31207019	2	2	2
ENSG00000254835.1	RNF185-AS1	chr22	31205264	31205616	2	2	2
ENSG00000182541.18	LIMK2	chr22	31212239	31280080	2	2	2
ENSG00000199695.1	RNU6-1128P	chr22	31222745	31222853	2	2	2
ENSG00000202019.1	Y_RNA	chr22	31230071	31230172	2	2	2
ENSG00000100100.13	PIK3IP1	chr22	31281594	31292534	2	2	2
ENSG00000228839.5	PIK3IP1-DT	chr22	31292499	31338021	2	2	2
ENSG00000212542.1	RNA5SP496	chr22	31305404	31305512	2	2	2
ENSG00000100105.18	PATZ1	chr22	31325804	31346346	2	2	2
ENSG00000213888.3	LINC01521	chr22	31346777	31348719	2	2	2
ENSG00000206615.1	RNU6-338P	chr22	31388733	31388837	2	2	2
ENSG00000185721.13	DRG1	chr22	31399604	31530634	2	2	2
ENSG00000184708.18	EIF4ENIF1	chr22	31436977	31496108	2	2	2
ENSG00000240591.2	AL096701.3	chr22	31452881	31464304	2	2	2
ENSG00000199248.1	RNU6-28P	chr22	31479383	31479489	2	2	2
ENSG00000198089.16	SFI1	chr22	31488688	31618588	2	2	2
ENSG00000287817.1	AL096701.4	chr22	31490150	31491022	2	2	2
ENSG00000233733.1	H2AZP6	chr22	31521199	31521592	2	2	2
ENSG00000229169.1	AL096701.2	chr22	31538352	31538589	2	2	2
ENSG00000214093.3	AL096701.1	chr22	31559483	31559939	2	2	2
ENSG00000241878.11	PISD	chr22	31618491	31662432	2	2	2
ENSG00000284082.1	MIR7109	chr22	31621467	31621531	2	2	2
ENSG00000183530.14	PRR14L	chr22	31676256	31750140	2	2	2
ENSG00000100150.20	DEPDC5	chr22	31753867	31908033	2	2	2
ENSG00000285404.1	Z82190.2	chr22	31754899	31956243	2	2	2
ENSG00000242251.3	RN7SL20P	chr22	31757202	31757498	2	2	2
ENSG00000236132.1	AL022331.1	chr22	31816379	31817491	2	2	2
ENSG00000252909.1	RNU6-201P	chr22	31837238	31837298	2	2	2
ENSG00000227813.1	Z82190.1	chr22	31890344	31891434	2	2	2
ENSG00000128254.16	C22orf24	chr22	31925519	31945518	2	2	2
ENSG00000128245.15	YWHAH	chr22	31944522	31957603	2	2	2
ENSG00000227519.1	AL008719.1	chr22	31963357	31970400	2	2	2
ENSG00000230866.2	LINC02558	chr22	31970823	32037995	2	2	2
ENSG00000240647.3	RN7SL305P	chr22	31981147	31981427	2	2	2
ENSG00000232346.1	Z74021.1	chr22	32039490	32039896	2	2	2
ENSG00000100170.10	SLC5A1	chr22	32043261	32113029	2	2	2
ENSG00000234479.2	AP1B1P1	chr22	32121977	32133469	2	2	2
ENSG00000237439.1	Z83839.1	chr22	32129689	32130612	2	2	2
ENSG00000232707.1	AP1B1P2	chr22	32134028	32134133	2	2	2
ENSG00000239674.2	Z83839.2	chr22	32141267	32143272	2	2	2
ENSG00000205856.4	C22orf42	chr22	32149006	32159322	2	2	2
ENSG00000230120.1	AL008723.1	chr22	32159454	32160392	2	2	2
ENSG00000275656.1	AL008723.3	chr22	32188400	32188487	2	2	2
ENSG00000128253.15	RFPL2	chr22	32190435	32205001	2	2	2
ENSG00000254127.1	IGLCOR22-1	chr22	32199919	32200234	2	2	2
ENSG00000242082.2	SLC5A4-AS1	chr22	32205115	32278382	2	2	2
ENSG00000100191.6	SLC5A4	chr22	32218464	32255347	2	2	2
ENSG00000214076.3	CPSF1P1	chr22	32269381	32273110	2	2	2
ENSG00000273325.1	AL008723.2	chr22	32284683	32285131	2	2	2
ENSG00000234626.2	AL021937.3	chr22	32327064	32343105	2	2	2
ENSG00000128276.10	RFPL3	chr22	32354885	32361161	2	2	2
ENSG00000271093.1	IGLCOR22-2	chr22	32356676	32356988	2	2	2
ENSG00000205853.12	RFPL3S	chr22	32359886	32382106	2	2	2
ENSG00000274617.1	AL021937.6	chr22	32362972	32363059	2	2	2
ENSG00000274170.1	AL021937.5	chr22	32368497	32368567	2	2	2
ENSG00000230736.2	AL021937.1	chr22	32376664	32384343	2	2	2
ENSG00000243519.1	IGLVIVOR22-2	chr22	32376682	32377135	2	2	2
ENSG00000241954.1	AL021937.4	chr22	32383786	32385631	2	2	2
ENSG00000232218.1	AL021937.2	chr22	32386668	32386868	2	2	2
ENSG00000100220.12	RTCB	chr22	32387582	32412248	2	2	2
ENSG00000184459.8	BPIFC	chr22	32413847	32464484	2	2	2
ENSG00000100225.18	FBXO7	chr22	32474676	32498829	2	2	2
ENSG00000185666.15	SYN3	chr22	32507820	33058381	2	2	2
ENSG00000236054.1	SYN3-AS1	chr22	32583300	32584204	2	2	2
ENSG00000251890.1	RNA5SP497	chr22	32635102	32635198	2	2	2
ENSG00000229673.1	Z73495.1	chr22	32783177	32784982	2	2	2
ENSG00000100234.12	TIMP3	chr22	32801705	32863041	2	2	2
ENSG00000228194.1	Z83846.1	chr22	33014980	33015461	2	2	2
ENSG00000231253.2	LINC01640	chr22	33104330	33145861	2	2	2
ENSG00000228622.1	Z82198.1	chr22	33105383	33106059	2	2	2
ENSG00000233632.1	Z82198.3	chr22	33137140	33137338	2	2	2
ENSG00000133424.22	LARGE1	chr22	33162226	33922841	2	2	2
ENSG00000232073.1	Z82198.2	chr22	33164063	33166439	2	2	2
ENSG00000230741.1	Z82173.1	chr22	33320865	33322813	2	2	2
ENSG00000266012.1	MIR4764	chr22	33436582	33436669	2	2	2
ENSG00000253007.2	SNORA50B	chr22	33704786	33704920	2	2	2
ENSG00000281295.1	Z69713.1	chr22	33704786	33704922	2	2	2
ENSG00000232081.1	LARGE-IT1	chr22	33723832	33724912	2	2	2
ENSG00000224973.6	LARGE-AS1	chr22	33725007	33750843	2	2	2
ENSG00000273082.1	Z73429.1	chr22	33922422	33922766	2	2	2
ENSG00000236052.2	LINC01643	chr22	34017422	34218796	2	2	2
ENSG00000224404.2	Z68323.1	chr22	34191194	34210564	2	2	2
ENSG00000235485.1	AL021877.1	chr22	34589085	34591278	2	2	2
ENSG00000280356.1	AL021877.2	chr22	34641179	34651862	2	2	2
ENSG00000234891.1	Z82196.1	chr22	34703126	34704885	2	2	2
ENSG00000237316.1	Z82196.2	chr22	34711908	34724919	2	2	2
ENSG00000286592.1	LINC02885	chr22	34756676	35002862	2	2	2
ENSG00000175329.13	ISX	chr22	35066136	35087387	2	2	2
ENSG00000233080.3	LINC01399	chr22	35119824	35231056	2	2	2
ENSG00000273068.1	Z99755.2	chr22	35122661	35127419	2	2	2
ENSG00000238153.1	Z99755.1	chr22	35164304	35165347	2	2	2
ENSG00000238584.1	RNU7-167P	chr22	35249772	35249833	2	2	2
ENSG00000100281.14	HMGXB4	chr22	35257452	35295807	2	2	2
ENSG00000273176.1	AL008635.1	chr22	35298838	35299541	2	2	2
ENSG00000100284.21	TOM1	chr22	35299275	35347992	2	2	2
ENSG00000266320.1	MIR3909	chr22	35335640	35335758	2	2	2
ENSG00000274280.1	MIR6069	chr22	35336721	35336799	2	2	2
ENSG00000282602.1	Z82244.2	chr22	35372174	35372621	2	2	2
ENSG00000282041.1	Z82244.1	chr22	35376422	35377261	2	2	2
ENSG00000100292.18	HMOX1	chr22	35380361	35394214	2	2	2
ENSG00000100297.16	MCM5	chr22	35400134	35425431	2	2	2
ENSG00000233388.2	AL022334.1	chr22	35501861	35503586	2	2	2
ENSG00000273044.1	AL022334.2	chr22	35526932	35527415	2	2	2
ENSG00000100302.7	RASD2	chr22	35540831	35553999	2	2	2
ENSG00000198125.13	MB	chr22	35606764	35637951	2	2	2
ENSG00000268818.2	AL049747.1	chr22	35626988	35635134	2	2	2
ENSG00000221963.6	APOL6	chr22	35648446	35668404	2	2	2
ENSG00000228587.1	AL049748.1	chr22	35685940	35689373	2	2	2
ENSG00000226336.2	MRPS16P3	chr22	35703803	35704176	2	2	2
ENSG00000128313.2	APOL5	chr22	35717872	35729483	2	2	2
ENSG00000100320.23	RBFOX2	chr22	35738736	36028824	2	2	2
ENSG00000237406.1	NDUFA9P1	chr22	35897270	35898404	2	2	2
ENSG00000279652.1	Z82217.1	chr22	35992321	36000469	2	2	2
ENSG00000279927.1	Z95114.4	chr22	36066533	36070110	2	2	2
ENSG00000279217.1	Z95114.1	chr22	36071000	36085573	2	2	2
ENSG00000279714.1	Z95114.2	chr22	36091148	36093352	2	2	2
ENSG00000279805.1	Z95114.3	chr22	36137430	36139350	2	2	2
ENSG00000128284.19	APOL3	chr22	36140330	36166177	2	2	2
ENSG00000233764.1	MTCO1P20	chr22	36172422	36172779	2	2	2
ENSG00000231576.1	MTCO2P20	chr22	36172934	36173948	2	2	2
ENSG00000237948.1	MTATP6P20	chr22	36174261	36174822	2	2	2
ENSG00000225557.1	MTCO3P20	chr22	36175167	36175854	2	2	2
ENSG00000237129.1	MTCYBP34	chr22	36175857	36176526	2	2	2
ENSG00000229088.1	MTND1P10	chr22	36178554	36179385	2	2	2
ENSG00000100336.17	APOL4	chr22	36189124	36204840	2	2	2
ENSG00000128335.14	APOL2	chr22	36226209	36239954	2	2	2
ENSG00000100342.21	APOL1	chr22	36253071	36267530	2	2	2
ENSG00000100345.22	MYH9	chr22	36281280	36387967	2	2	2
ENSG00000278420.1	MIR6819	chr22	36286847	36286907	2	2	2
ENSG00000287269.1	Z82215.1	chr22	36335421	36343530	2	2	2
ENSG00000223695.1	FO393418.1	chr22	36388626	36396517	2	2	2
ENSG00000237668.1	RPS15AP38	chr22	36421273	36421644	2	2	2
ENSG00000252225.1	Y_RNA	chr22	36440880	36440970	2	2	2
ENSG00000228719.1	AL022313.2	chr22	36445395	36454944	2	2	2
ENSG00000100348.10	TXN2	chr22	36467046	36481640	2	2	2
ENSG00000100350.15	FOXRED2	chr22	36487190	36507043	2	2	2
ENSG00000100353.18	EIF3D	chr22	36510855	36529184	2	2	2
ENSG00000188078.5	AL022313.1	chr22	36536656	36537604	2	2	2
ENSG00000229971.1	AL022313.3	chr22	36552165	36552700	2	2	2
ENSG00000166862.7	CACNG2	chr22	36560857	36703752	2	2	2
ENSG00000261675.1	AL022313.4	chr22	36560870	36562915	2	2	2
ENSG00000234688.1	AL049749.1	chr22	36703918	36721472	2	2	2
ENSG00000287773.1	Z80897.2	chr22	36754086	36755731	2	2	2
ENSG00000100360.15	IFT27	chr22	36758202	36776256	2	2	2
ENSG00000286485.1	Z80897.1	chr22	36766478	36769022	2	2	2
ENSG00000100362.13	PVALB	chr22	36800684	36819479	2	2	2
ENSG00000234979.1	Z82185.1	chr22	36816326	36819736	2	2	2
ENSG00000183822.3	NCF4-AS1	chr22	36847372	36870441	2	2	2
ENSG00000100365.16	NCF4	chr22	36860988	36878017	2	2	2
ENSG00000100368.14	CSF2RB	chr22	36913628	36940439	2	2	2
ENSG00000232254.1	CSF2RBP1	chr22	36950529	36953723	2	2	2
ENSG00000215403.1	LL22NC01-81G9.3	chr22	36965248	36968172	2	2	2
ENSG00000185264.12	TEX33	chr22	36991120	37007851	2	2	2
ENSG00000128311.14	TST	chr22	37010859	37020183	2	2	2
ENSG00000252412.1	Y_RNA	chr22	37013225	37013319	2	2	2
ENSG00000128309.16	MPST	chr22	37019635	37029822	2	2	2
ENSG00000287236.1	Z73420.1	chr22	37033124	37035513	2	2	2
ENSG00000100379.17	KCTD17	chr22	37051736	37063390	2	2	2
ENSG00000201078.1	RN7SKP214	chr22	37055033	37055347	2	2	2
ENSG00000187045.19	TMPRSS6	chr22	37065436	37109713	2	2	2
ENSG00000231467.2	AL022314.1	chr22	37080068	37082847	2	2	2
ENSG00000100385.14	IL2RB	chr22	37125843	37175054	2	2	2
ENSG00000235237.1	Z82188.2	chr22	37166757	37182850	2	2	2
ENSG00000133466.14	C1QTNF6	chr22	37180166	37199385	2	2	2
ENSG00000278195.2	SSTR3	chr22	37204237	37212477	2	2	2
ENSG00000226233.1	Z82188.1	chr22	37215738	37215891	2	2	2
ENSG00000128340.15	RAC2	chr22	37225270	37244448	2	2	2
ENSG00000100055.21	CYTH4	chr22	37282027	37315341	2	2	2
ENSG00000243902.6	ELFN2	chr22	37339583	37427445	2	2	2
ENSG00000237862.2	Z94160.1	chr22	37352190	37355002	2	2	2
ENSG00000166897.16	ELFN2	chr22	37367960	37427479	2	2	2
ENSG00000272694.1	Z94160.2	chr22	37371684	37372858	2	2	2
ENSG00000100060.18	MFNG	chr22	37469063	37486393	2	2	2
ENSG00000100065.15	CARD10	chr22	37490362	37519542	2	2	2
ENSG00000225867.1	AL022315.1	chr22	37550026	37551735	2	2	2
ENSG00000128283.7	CDC42EP1	chr22	37560480	37569405	2	2	2
ENSG00000100079.7	LGALS2	chr22	37570248	37582616	2	2	2
ENSG00000273866.1	Metazoa_SRP	chr22	37578669	37578922	2	2	2
ENSG00000100083.19	GGA1	chr22	37608725	37633564	2	2	2
ENSG00000100092.24	SH3BP1	chr22	37634654	37656117	2	2	2
ENSG00000285304.1	Z83844.2	chr22	37639693	37666932	2	2	2
ENSG00000233360.4	PDXP-DT	chr22	37641832	37658377	2	2	2
ENSG00000241360.2	PDXP	chr22	37658723	37666932	2	2	2
ENSG00000241333.3	RN7SL385P	chr22	37669464	37669739	2	2	2
ENSG00000100097.12	LGALS1	chr22	37675636	37679802	2	2	2
ENSG00000273899.5	NOL12	chr22	37681673	37693476	2	2	2
ENSG00000100101.15	Z83844.1	chr22	37686414	37726503	2	2	2
ENSG00000100106.22	TRIOBP	chr22	37697048	37776556	2	2	2
ENSG00000189060.5	H1-0	chr22	37805093	37807436	2	2	2
ENSG00000100116.17	GCAT	chr22	37807905	37817176	2	2	2
ENSG00000128310.3	GALR3	chr22	37823382	37825485	2	2	2
ENSG00000100124.15	ANKRD54	chr22	37830855	37849327	2	2	2
ENSG00000284197.1	MIR658	chr22	37844272	37844371	2	2	2
ENSG00000207696.1	MIR659	chr22	37847678	37847774	2	2	2
ENSG00000100129.18	EIF3L	chr22	37848868	37889407	2	2	2
ENSG00000279738.1	AL022311.1	chr22	37876148	37895563	2	2	2
ENSG00000207227.1	RNU6-900P	chr22	37891347	37891448	2	2	2
ENSG00000100139.13	MICALL1	chr22	37905657	37942822	2	2	2
ENSG00000278948.1	AL031587.5	chr22	37943050	37944898	2	2	2
ENSG00000128346.11	C22orf23	chr22	37943050	37953669	2	2	2
ENSG00000272582.1	AL031587.3	chr22	37950965	37951778	2	2	2
ENSG00000100142.16	POLR2F	chr22	37952607	38041915	2	2	2
ENSG00000284289.1	MIR6820	chr22	37967563	37967624	2	2	2
ENSG00000100146.18	SOX10	chr22	37970686	37987422	2	2	2
ENSG00000284266.1	MIR4534	chr22	37988794	37988853	2	2	2
ENSG00000222044.1	AL031587.1	chr22	38032165	38034228	2	2	2
ENSG00000273214.1	AL031587.4	chr22	38043230	38043920	2	2	2
ENSG00000100151.16	PICK1	chr22	38056311	38075701	2	2	2
ENSG00000233739.1	AL031587.2	chr22	38057180	38073940	2	2	2
ENSG00000100156.10	SLC16A8	chr22	38078134	38084093	2	2	2
ENSG00000128298.17	BAIAP2L2	chr22	38084900	38110684	2	2	2
ENSG00000272720.1	AL022322.1	chr22	38090127	38091559	2	2	2
ENSG00000184381.20	PLA2G6	chr22	38111495	38214778	2	2	2
ENSG00000279080.1	AL022322.2	chr22	38130216	38150612	2	2	2
ENSG00000185022.12	MAFF	chr22	38200767	38216507	2	2	2
ENSG00000198792.13	TMEM184B	chr22	38219291	38273010	2	2	2
ENSG00000235246.1	AL020993.1	chr22	38231320	38232248	2	2	2
ENSG00000241693.2	RN7SL704P	chr22	38231720	38231993	2	2	2
ENSG00000277385.1	Metazoa_SRP	chr22	38281028	38281289	2	2	2
ENSG00000213923.13	CSNK1E	chr22	38290691	38318084	2	2	2
ENSG00000283900.1	TPTEP2-CSNK1E	chr22	38291918	38398522	2	2	2
ENSG00000244627.5	TPTEP2	chr22	38335762	38398929	2	2	2
ENSG00000229955.1	Z98749.1	chr22	38387918	38388857	2	2	2
ENSG00000286144.1	Z97056.2	chr22	38416565	38423933	2	2	2
ENSG00000228620.1	Z97056.1	chr22	38424288	38427336	2	2	2
ENSG00000168135.4	KCNJ4	chr22	38426327	38455199	2	2	2
ENSG00000286440.1	Z97056.3	chr22	38434307	38436686	2	2	2
ENSG00000100196.11	KDELR3	chr22	38468078	38483447	2	2	2
ENSG00000100201.23	DDX17	chr22	38483438	38507660	2	2	2
ENSG00000100206.10	DMC1	chr22	38518948	38570204	2	2	2
ENSG00000224279.2	RPS29P31	chr22	38574931	38575431	2	2	2
ENSG00000184949.16	FAM227A	chr22	38578120	38656629	2	2	2
ENSG00000100211.10	CBY1	chr22	38656636	38673854	2	2	2
ENSG00000230912.1	AL021707.4	chr22	38666508	38668750	2	2	2
ENSG00000228274.4	AL021707.2	chr22	38667585	38681847	2	2	2
ENSG00000287219.1	AL021707.9	chr22	38675876	38677800	2	2	2
ENSG00000100216.6	TOMM22	chr22	38681957	38685421	2	2	2
ENSG00000100221.10	JOSD1	chr22	38685543	38701556	2	2	2
ENSG00000100226.16	GTPBP1	chr22	38705742	38738299	2	2	2
ENSG00000229598.1	PRDX3P1	chr22	38722743	38723505	2	2	2
ENSG00000244491.1	AL021707.5	chr22	38734725	38738765	2	2	2
ENSG00000100242.15	SUN2	chr22	38734725	38794143	2	2	2
ENSG00000230149.2	AL021707.3	chr22	38734730	38738990	2	2	2
ENSG00000273096.1	AL021707.8	chr22	38736610	38736792	2	2	2
ENSG00000225450.1	AL021707.1	chr22	38739003	38749041	2	2	2
ENSG00000272669.1	AL021707.6	chr22	38742625	38743115	2	2	2
ENSG00000273076.1	AL021707.7	chr22	38743495	38743910	2	2	2
ENSG00000100246.13	DNAL4	chr22	38778508	38794198	2	2	2
ENSG00000221890.6	NPTXR	chr22	38818452	38844028	2	2	2
ENSG00000183741.12	CBX6	chr22	38861422	38872249	2	2	2
ENSG00000288106.1	AL022318.5	chr22	38886837	38903794	2	2	2
ENSG00000235209.1	AL022318.1	chr22	38921227	38924708	2	2	2
ENSG00000128383.13	APOBEC3A	chr22	38952741	38992778	2	2	2
ENSG00000179750.16	APOBEC3B	chr22	38982347	38992804	2	2	2
ENSG00000249310.2	APOBEC3B-AS1	chr22	38991559	38998209	2	2	2
ENSG00000244509.4	APOBEC3C	chr22	39014257	39020352	2	2	2
ENSG00000284554.2	AL022318.4	chr22	39014363	39033276	2	2	2
ENSG00000243811.11	APOBEC3D	chr22	39021113	39033277	2	2	2
ENSG00000128394.17	APOBEC3F	chr22	39040604	39055972	2	2	2
ENSG00000259421.1	AL022318.2	chr22	39070414	39070671	2	2	2
ENSG00000239713.9	APOBEC3G	chr22	39077067	39087743	2	2	2
ENSG00000225720.6	AL031846.1	chr22	39091586	39092855	2	2	2
ENSG00000100298.16	APOBEC3H	chr22	39097224	39104067	2	2	2
ENSG00000100307.13	CBX7	chr22	39120167	39152680	2	2	2
ENSG00000226024.1	COX5BP7	chr22	39120293	39120566	2	2	2
ENSG00000279833.1	AL031846.2	chr22	39133090	39136760	2	2	2
ENSG00000227009.1	FUNDC2P4	chr22	39155525	39155945	2	2	2
ENSG00000100311.17	PDGFB	chr22	39223359	39244982	2	2	5
ENSG00000284633.1	AL031590.1	chr22	39242188	39279897	2	2	5
ENSG00000224794.2	AL022326.1	chr22	39292988	39295589	2	2	5
ENSG00000100316.16	RPL3	chr22	39312882	39320389	2	2	5
ENSG00000209480.1	SNORD83B	chr22	39313819	39313911	2	2	5
ENSG00000209482.1	SNORD83A	chr22	39315213	39315307	2	2	5
ENSG00000263764.1	SNORD43	chr22	39319050	39319113	2	2	5
ENSG00000100321.15	SYNGR1	chr22	39349925	39385575	2	2	5
ENSG00000280216.1	AL022326.2	chr22	39379610	39380015	2	2	5
ENSG00000100324.14	TAB1	chr22	39399778	39437060	2	2	5
ENSG00000128268.12	MGAT3	chr22	39457012	39492194	5	2	5
ENSG00000227188.1	MGAT3-AS1	chr22	39475807	39476822	2	2	5
ENSG00000100335.15	MIEF1	chr22	39499432	39518132	5	5	5
ENSG00000285025.1	AL022312.1	chr22	39504231	39504443	5	5	5
ENSG00000128272.15	ATF4	chr22	39519672	39522683	5	5	5
ENSG00000187051.9	RPS19BP1	chr22	39529093	39532761	5	5	5
ENSG00000100346.18	CACNA1I	chr22	39570753	39689735	5	5	5
ENSG00000176177.10	ENTHD1	chr22	39743044	39893864	5	5	5
ENSG00000235647.1	MTFR2P2	chr22	39750127	39751293	5	5	5
ENSG00000238875.1	RN7SKP210	chr22	39874255	39874515	5	5	5
ENSG00000226085.3	UQCRFS1P1	chr22	39875289	39876108	5	5	5
ENSG00000100351.17	GRAP2	chr22	39901084	39973721	5	5	5
ENSG00000225528.3	Z82206.1	chr22	39960397	39964718	5	5	5
ENSG00000133477.17	FAM83F	chr22	39994954	40043534	5	5	5
ENSG00000261202.1	Z83847.1	chr22	40043068	40044530	5	5	5
ENSG00000100354.21	TNRC6B	chr22	40044817	40335808	5	5	5
ENSG00000228599.1	RPL7P52	chr22	40106325	40107066	5	5	5
ENSG00000239900.13	ADSL	chr22	40346500	40390463	5	5	5
ENSG00000284431.1	AL022238.3	chr22	40346529	40410054	5	5	5
ENSG00000100359.21	SGSM3	chr22	40370591	40410289	5	5	5
ENSG00000229999.6	SGSM3-AS1	chr22	40372664	40388290	5	5	5
ENSG00000196588.20	MRTFA	chr22	40410281	40636719	5	5	5
ENSG00000272834.1	AL022238.2	chr22	40415003	40415445	5	5	5
ENSG00000227413.1	AL022238.1	chr22	40433136	40433641	5	5	5
ENSG00000232564.3	MRTFA-AS1	chr22	40521800	40526707	5	5	5
ENSG00000172912.4	COX6B1P3	chr22	40569286	40569895	5	5	5
ENSG00000230071.2	RPL4P6	chr22	40586700	40588003	5	5	5
ENSG00000231907.2	GAPDHP37	chr22	40673484	40674451	5	5	5
ENSG00000128285.4	MCHR1	chr22	40678750	40682814	5	5	5
ENSG00000100372.15	SLC25A17	chr22	40769630	40819399	5	5	5
ENSG00000230769.1	Z98048.1	chr22	40788777	40789267	5	5	5
ENSG00000233603.1	JTBP1	chr22	40798039	40798285	5	5	5
ENSG00000266594.1	MIR4766	chr22	40813883	40813958	5	5	5
ENSG00000100380.14	ST13	chr22	40824535	40856639	5	5	5
ENSG00000196236.13	XPNPEP3	chr22	40857077	40932815	5	5	5
ENSG00000172404.5	DNAJB7	chr22	40859549	40862113	5	5	5
ENSG00000273979.1	Metazoa_SRP	chr22	40917111	40917381	5	5	5
ENSG00000200683.1	RNU6-379P	chr22	40917743	40917846	5	5	5
ENSG00000100387.9	RBX1	chr22	40951347	40973309	5	5	5
ENSG00000222698.1	Y_RNA	chr22	41045497	41045591	5	5	5
ENSG00000237214.3	AL080243.2	chr22	41064052	41064633	5	5	5
ENSG00000199515.1	Y_RNA	chr22	41065554	41065646	5	5	5
ENSG00000213857.3	AL080243.1	chr22	41074180	41075239	5	5	5
ENSG00000284015.1	MIR1281	chr22	41092513	41092566	5	5	5
ENSG00000100393.14	EP300	chr22	41092592	41180077	5	5	5
ENSG00000252859.1	RNU6-375P	chr22	41168217	41168316	5	5	5
ENSG00000232754.1	AL035658.1	chr22	41169190	41183144	5	5	5
ENSG00000231993.1	EP300-AS1	chr22	41174591	41197456	5	5	5
ENSG00000215771.2	LRRC37A14P	chr22	41189727	41190188	5	5	5
ENSG00000100395.15	L3MBTL2	chr22	41205282	41231271	5	5	5
ENSG00000235513.2	L3MBTL2-AS1	chr22	41207592	41228500	5	5	5
ENSG00000100399.16	CHADL	chr22	41229510	41240931	5	5	5
ENSG00000100401.20	RANGAP1	chr22	41244779	41286187	5	5	5
ENSG00000274552.1	MIR6889	chr22	41252992	41253050	5	5	5
ENSG00000100403.12	ZC3H7B	chr22	41301525	41360147	5	5	5
ENSG00000167074.15	TEF	chr22	41367333	41399326	2	2	2
ENSG00000199865.1	RNU6-495P	chr22	41377177	41377283	2	2	2
ENSG00000273424.1	AL008582.1	chr22	41430934	41431375	2	2	2
ENSG00000183864.5	TOB2	chr22	41433494	41446801	2	2	2
ENSG00000100412.17	ACO2	chr22	41447830	41529273	2	2	2
ENSG00000100410.8	PHF5A	chr22	41459717	41468692	2	2	2
ENSG00000100413.17	POLR3H	chr22	41525799	41544606	2	2	2
ENSG00000286491.1	AL023553.1	chr22	41551710	41560905	2	2	2
ENSG00000172346.15	CSDC2	chr22	41561010	41577741	2	2	2
ENSG00000100417.12	PMM1	chr22	41576900	41589871	2	2	2
ENSG00000100418.8	DESI1	chr22	41598028	41621043	2	2	2
ENSG00000196419.13	XRCC6	chr22	41621163	41664048	2	2	2
ENSG00000200332.1	Y_RNA	chr22	41648089	41648190	2	2	2
ENSG00000100138.15	SNU13	chr22	41673933	41690504	2	2	2
ENSG00000285531.1	Z83840.1	chr22	41676745	41677125	2	2	2
ENSG00000207457.1	RNU6-476P	chr22	41679711	41679817	2	2	2
ENSG00000184208.12	C22orf46	chr22	41688877	41698136	2	2	2
ENSG00000167077.13	MEI1	chr22	41699503	41799456	2	2	2
ENSG00000231261.1	HMGN2P10	chr22	41709225	41709489	2	2	2
ENSG00000252603.1	RNU6ATAC22P	chr22	41722043	41722131	2	2	2
ENSG00000206813.1	Y_RNA	chr22	41747312	41747413	2	2	2
ENSG00000100147.14	CCDC134	chr22	41800679	41832164	2	2	2
ENSG00000184068.2	SREBF2-AS1	chr22	41831215	41834665	2	2	2
ENSG00000198911.12	SREBF2	chr22	41833079	41907307	2	2	2
ENSG00000207932.1	MIR33A	chr22	41900944	41901012	2	2	2
ENSG00000234965.2	SHISA8	chr22	41909554	41914667	2	2	2
ENSG00000159958.7	TNFRSF13C	chr22	41922032	41926806	2	2	2
ENSG00000283829.1	MIR378I	chr22	41923222	41923297	2	2	2
ENSG00000100162.15	CENPM	chr22	41938737	41947152	2	2	2
ENSG00000205704.7	LINC00634	chr22	41952174	41958933	2	2	2
ENSG00000100167.20	SEPTIN3	chr22	41969475	41998221	2	2	2
ENSG00000224883.1	Z99716.1	chr22	41981304	41982217	2	2	2
ENSG00000183066.14	WBP2NL	chr22	41998725	42058456	2	2	2
ENSG00000215347.4	SLC25A5P1	chr22	42000446	42001991	2	2	2
ENSG00000198951.12	NAGA	chr22	42058334	42070842	2	2	2
ENSG00000286659.1	Z99716.2	chr22	42070949	42071488	2	2	2
ENSG00000177096.9	PHETA2	chr22	42074248	42079438	2	2	2
ENSG00000238498.1	SNORD13P1	chr22	42076058	42076161	2	2	2
ENSG00000183172.9	SMDT1	chr22	42079691	42084284	2	2	2
ENSG00000184983.11	NDUFA6	chr22	42085526	42090884	2	2	2
ENSG00000270083.1	AL021878.4	chr22	42089630	42090028	2	2	2
ENSG00000237037.9	NDUFA6-DT	chr22	42090931	42137742	2	2	2
ENSG00000213790.2	OLA1P1	chr22	42107765	42108953	2	2	2
ENSG00000100197.22	CYP2D6	chr22	42126499	42130881	2	2	2
ENSG00000227370.1	AC254562.1	chr22	42132543	42132998	2	2	2
ENSG00000232710.1	AC254562.2	chr22	42136433	42139927	2	2	2
ENSG00000281538.1	AC254562.3	chr22	42138060	42139726	2	2	2
ENSG00000205702.11	CYP2D7	chr22	42140203	42149455	2	2	2
ENSG00000226450.2	CYP2D8P	chr22	42149886	42155001	2	2	2
ENSG00000100207.20	TCF20	chr22	42160013	42343616	2	2	2
ENSG00000182057.5	OGFRP1	chr22	42269703	42279534	2	2	2
ENSG00000229891.2	LINC01315	chr22	42364390	42369284	2	2	2
ENSG00000235568.7	NFAM1	chr22	42380407	42432403	2	2	2
ENSG00000230107.1	AL022316.1	chr22	42438023	42446195	2	2	2
ENSG00000172250.16	SERHL	chr22	42500568	42512560	2	2	2
ENSG00000189306.11	RRP7A	chr22	42508344	42519796	2	2	2
ENSG00000183569.18	SERHL2	chr22	42553617	42574382	2	2	2
ENSG00000182841.12	RRP7BP	chr22	42555223	42582038	2	2	2
ENSG00000202058.1	RN7SKP80	chr22	42565048	42565330	2	2	2
ENSG00000251913.1	RNU6-513P	chr22	42569147	42569250	2	2	2
ENSG00000100227.18	POLDIP3	chr22	42583721	42614962	2	2	2
ENSG00000276027.1	RNU12	chr22	42615244	42615393	2	2	2
ENSG00000270022.3	Z93241.1	chr22	42615244	42615907	2	2	2
ENSG00000100243.21	CYB5R3	chr22	42617840	42649392	2	2	2
ENSG00000249222.1	ATP5MGL	chr22	42639803	42640601	2	2	2
ENSG00000128274.17	A4GALT	chr22	42692121	42721298	2	2	2
ENSG00000200448.1	Y_RNA	chr22	42762860	42762959	2	2	2
ENSG00000234009.1	RPL5P34	chr22	42776406	42777296	2	2	2
ENSG00000229608.1	GOLGA2P4	chr22	42784462	42787100	2	2	2
ENSG00000274717.1	AL049757.1	chr22	42791814	42794313	2	2	2
ENSG00000242247.11	ARFGAP3	chr22	42796502	42858106	2	2	2
ENSG00000100266.19	PACSIN2	chr22	42835412	43015149	2	2	5
ENSG00000226989.1	AL049758.1	chr22	42853403	42853799	2	2	2
ENSG00000230319.1	TTLL1-AS1	chr22	43038585	43052366	2	2	5
ENSG00000100271.17	TTLL1	chr22	43039516	43089419	2	2	5
ENSG00000234735.1	AL022237.1	chr22	43092167	43092524	2	2	5
ENSG00000100290.3	BIK	chr22	43110750	43129712	2	2	5
ENSG00000100294.13	MCAT	chr22	43132209	43143398	2	2	5
ENSG00000100300.18	TSPO	chr22	43151547	43163242	2	2	5
ENSG00000100304.13	TTLL12	chr22	43166622	43187134	2	2	5
ENSG00000159307.19	SCUBE1	chr22	43197280	43343372	2	2	5
ENSG00000236272.1	SCUBE1-AS2	chr22	43212674	43213661	2	2	5
ENSG00000234892.1	Z82214.1	chr22	43232141	43239010	2	2	5
ENSG00000203527.2	SCUBE1-AS1	chr22	43275955	43283830	2	2	5
ENSG00000236117.1	LINC01639	chr22	43400331	43409681	2	2	5
ENSG00000186732.14	MPPED1	chr22	43411196	43507848	5	2	5
ENSG00000286801.1	BX546033.1	chr22	43507824	43513727	5	5	5
ENSG00000223843.5	EFCAB6-AS1	chr22	43516107	43560063	5	5	5
ENSG00000186976.15	EFCAB6	chr22	43528744	43812337	5	5	5
ENSG00000233157.1	Z97055.1	chr22	43759199	43759910	5	5	5
ENSG00000180150.5	HMGN2P9	chr22	43802544	43802772	5	5	5
ENSG00000261251.1	Z97055.2	chr22	43812456	43817394	5	5	5
ENSG00000130540.14	SULT4A1	chr22	43824509	43862513	5	5	5
ENSG00000100341.12	PNPLA5	chr22	43879678	43892013	5	5	5
ENSG00000100344.11	PNPLA3	chr22	43923792	43964488	5	5	5
ENSG00000100347.15	SAMM50	chr22	43955442	44010531	5	5	5
ENSG00000224856.2	RPL35AP36	chr22	43957027	43957348	5	5	5
ENSG00000188677.15	PARVB	chr22	43999211	44172939	5	5	5
ENSG00000279175.1	AL033543.1	chr22	44102779	44116232	5	5	5
ENSG00000280434.1	AL031595.3	chr22	44139365	44153626	5	5	5
ENSG00000138964.17	PARVG	chr22	44172956	44219533	5	5	5
ENSG00000279933.1	AL031595.1	chr22	44183031	44187739	5	5	5
ENSG00000280011.1	AL031595.2	chr22	44210442	44229512	5	5	5
ENSG00000138944.8	SHISAL1	chr22	44243665	44312951	5	5	5
ENSG00000220702.1	Z85994.1	chr22	44365551	44366284	5	5	5
ENSG00000236079.1	Z85994.2	chr22	44413485	44414814	5	5	5
ENSG00000232655.1	LINC01656	chr22	44443327	44444788	5	5	5
ENSG00000228807.1	MRPS18CP6	chr22	44483495	44483717	5	5	5
ENSG00000279642.1	AL023973.1	chr22	44486295	44486914	5	5	5
ENSG00000188636.4	RTL6	chr22	44492583	44498233	5	5	5
ENSG00000215333.3	KRT18P23	chr22	44566965	44568247	5	5	5
ENSG00000187012.11	LINC00207	chr22	44569295	44572453	5	5	5
ENSG00000234300.1	LINC00229	chr22	44606939	44625419	5	5	5
ENSG00000231801.2	ANP32BP2	chr22	44651835	44652379	5	5	5
ENSG00000186654.21	PRR5	chr22	44668547	44737681	5	5	5
ENSG00000248405.10	PRR5-ARHGAP8	chr22	44702233	44862706	5	5	5
ENSG00000241484.10	ARHGAP8	chr22	44752558	44862788	5	5	5
ENSG00000056487.16	PHF21B	chr22	44881162	45010005	5	5	5
ENSG00000223730.1	Z83838.1	chr22	44901547	44902471	5	5	5
ENSG00000230922.1	AL079301.1	chr22	45000565	45003619	5	5	5
ENSG00000226328.7	NUP50-DT	chr22	45133020	45163781	5	5	5
ENSG00000273243.1	Z82243.1	chr22	45155539	45156011	5	5	5
ENSG00000093000.19	NUP50	chr22	45163925	45188017	5	5	5
ENSG00000273353.1	AL008718.3	chr22	45178990	45179310	5	5	5
ENSG00000100364.19	KIAA0930	chr22	45192244	45240894	5	5	5
ENSG00000221598.3	MIR1249	chr22	45200954	45201019	5	5	5
ENSG00000273287.2	AL008718.2	chr22	45262273	45263585	5	5	5
ENSG00000213752.3	AL008718.1	chr22	45275599	45276085	5	5	5
ENSG00000100373.10	UPK3A	chr22	45284949	45295874	5	5	5
ENSG00000100376.12	FAM118A	chr22	45308968	45341955	5	5	5
ENSG00000077935.17	SMC1B	chr22	45344063	45413619	5	5	5
ENSG00000128408.9	RIBC2	chr22	45413693	45432509	5	5	5
ENSG00000232363.1	AL021391.1	chr22	45435864	45448743	5	5	5
ENSG00000077942.19	FBLN1	chr22	45502238	45601135	5	5	5
ENSG00000238120.1	LINC01589	chr22	45604432	45605621	5	5	5
ENSG00000251985.1	RNU6-1161P	chr22	45624531	45624632	5	5	5
ENSG00000280383.1	Z95331.1	chr22	45657019	45680130	5	5	5
ENSG00000130638.17	ATXN10	chr22	45671798	45845307	5	5	5
ENSG00000264160.1	MIR4762	chr22	45760524	45760598	5	5	5
ENSG00000235347.1	Z84478.1	chr22	45792418	45793636	5	5	5
ENSG00000279954.1	BX324167.2	chr22	45875932	45879247	5	5	5
ENSG00000235091.2	BX324167.1	chr22	45875999	45891438	5	5	5
ENSG00000188064.10	WNT7B	chr22	45920366	45977162	5	5	5
ENSG00000280424.1	BX537318.2	chr22	46006616	46010777	5	5	5
ENSG00000273145.1	BX537318.1	chr22	46013606	46015498	5	5	5
ENSG00000231711.2	LINC00899	chr22	46039907	46044853	5	5	5
ENSG00000182257.8	PRR34	chr22	46049478	46054144	5	5	5
ENSG00000273289.1	AL121672.3	chr22	46053093	46053560	5	5	5
ENSG00000241990.5	PRR34-AS1	chr22	46053705	46057210	5	5	5
ENSG00000197182.14	MIRLET7BHG	chr22	46053869	46113928	5	5	5
ENSG00000231010.1	AL121672.1	chr22	46055740	46058160	5	5	5
ENSG00000235159.1	AL121672.2	chr22	46067356	46069891	5	5	5
ENSG00000266533.1	MIR3619	chr22	46091044	46091126	5	5	5
ENSG00000283990.1	MIRLET7A3	chr22	46112749	46112822	5	5	5
ENSG00000284175.1	MIR4763	chr22	46113566	46113657	5	5	5
ENSG00000284520.1	MIRLET7B	chr22	46113686	46113768	5	5	5
ENSG00000186951.16	PPARA	chr22	46150521	46243756	5	5	5
ENSG00000280384.1	FP325332.1	chr22	46163303	46165347	5	5	5
ENSG00000205643.11	CDPF1	chr22	46244011	46250311	5	5	5
ENSG00000130943.7	PKDREJ	chr22	46255663	46263343	5	5	5
ENSG00000075234.17	TTC38	chr22	46267961	46294008	5	5	5
ENSG00000277232.2	GTSE1-DT	chr22	46295143	46296660	5	5	5
ENSG00000075218.19	GTSE1	chr22	46296870	46330810	5	5	5
ENSG00000100416.15	TRMU	chr22	46330875	46357340	5	5	5
ENSG00000075275.18	CELSR1	chr22	46360834	46537620	5	5	5
ENSG00000230634.1	AL031597.1	chr22	46481329	46481760	5	5	5
ENSG00000234869.1	AL021392.1	chr22	46541495	46548196	5	5	5
ENSG00000075240.17	GRAMD4	chr22	46576012	46679790	5	5	5
ENSG00000100422.14	CERK	chr22	46684410	46738252	5	5	5
ENSG00000260708.1	AL118516.1	chr22	46761894	46762563	5	5	5
ENSG00000054611.14	TBC1D22A	chr22	46762617	47175699	5	5	5
ENSG00000280080.2	TBC1D22A-AS1	chr22	46914092	46916042	5	5	5
ENSG00000278881.2	FP325331.1	chr22	47115838	47117217	5	5	5
ENSG00000280312.1	Z83836.1	chr22	47259366	47261007	5	5	5
ENSG00000224715.1	Z82186.1	chr22	47345569	47373541	5	5	5
ENSG00000218357.3	LINC01644	chr22	47461299	47487111	5	5	5
ENSG00000205634.7	LINC00898	chr22	47612231	47631569	5	5	5
ENSG00000224271.7	AL117329.1	chr22	47630827	48023004	5	5	5
ENSG00000232897.2	AL117329.2	chr22	47662559	47663603	5	5	5
ENSG00000279712.1	FP325330.3	chr22	47916728	47926264	5	5	5
ENSG00000235154.1	FP325330.1	chr22	48044710	48048549	5	5	5
ENSG00000278890.1	FP325330.2	chr22	48052646	48058275	5	5	5
ENSG00000238192.1	BX284656.2	chr22	48139461	48141001	5	5	5
ENSG00000229275.1	BX284656.1	chr22	48141542	48143229	5	5	5
ENSG00000285707.1	AL008720.1	chr22	48254903	48259116	5	5	5
ENSG00000266508.1	MIR3201	chr22	48274364	48274415	5	5	5
ENSG00000288540.1	AL008720.2	chr22	48320412	48333199	5	5	5
ENSG00000285855.1	Z72006.1	chr22	48403462	48415571	5	5	5
ENSG00000233179.1	Z82249.1	chr22	48448890	48451217	5	5	5
ENSG00000287225.1	Z84468.2	chr22	48474135	48489324	5	5	5
ENSG00000219438.9	TAFA5	chr22	48489553	48850912	5	5	5
ENSG00000281732.1	Z84468.1	chr22	48538900	48547387	5	5	5
ENSG00000266887.1	MIR4535	chr22	48780295	48780353	5	5	5
ENSG00000205632.4	LINC01310	chr22	48866770	48898386	5	5	5
ENSG00000286381.1	AL078622.1	chr22	49047484	49052549			
ENSG00000285623.1	Z82202.2	chr22	49166421	49188062			
ENSG00000226142.2	RPL35P8	chr22	49213911	49214247			
ENSG00000280199.1	Z82202.1	chr22	49264201	49266080			
ENSG00000285722.1	AC207130.1	chr22	49372924	49377119			
ENSG00000188511.12	C22orf34	chr22	49414524	49657542			
ENSG00000280224.1	AL008636.1	chr22	49500568	49501585			
ENSG00000279597.1	AL031593.1	chr22	49534062	49534926			
ENSG00000264139.1	MIR3667	chr22	49543393	49543466			
ENSG00000212939.2	Z97192.1	chr22	49548681	49556473			
ENSG00000213279.2	Z97192.2	chr22	49572264	49575426			
ENSG00000235111.1	Z97192.3	chr22	49612657	49615716			
ENSG00000286393.1	Z97192.4	chr22	49662312	49664968			
ENSG00000226954.1	AL023802.1	chr22	49718053	49724506			
ENSG00000223142.1	RN7SKP252	chr22	49738677	49739003			
ENSG00000214727.2	RPL5P35	chr22	49757627	49758980			
ENSG00000100425.18	BRD1	chr22	49773283	49827512			
ENSG00000279345.1	Z98885.3	chr22	49805452	49807208			
ENSG00000236867.1	Z98885.1	chr22	49817248	49817712			
ENSG00000260613.2	Z98885.2	chr22	49832449	49838901			
ENSG00000229409.1	AL117328.1	chr22	49845929	49846090			
ENSG00000277771.1	Metazoa_SRP	chr22	49846456	49846720			
ENSG00000279494.1	AL117328.2	chr22	49851425	49853364			
ENSG00000100426.7	ZBED4	chr22	49853844	49890080			
ENSG00000182858.14	ALG12	chr22	49900229	49918438			
ENSG00000273192.1	AL671710.1	chr22	49902228	49904576			
ENSG00000184164.15	CRELD2	chr22	49918167	49927540			
ENSG00000278869.1	BX539320.1	chr22	49933198	49934074			
ENSG00000198355.5	PIM3	chr22	49960768	49964072			
ENSG00000276753.1	MIR6821	chr22	49962866	49962939			
ENSG00000188263.10	IL17REL	chr22	49994513	50012659			
ENSG00000138892.11	TTLL8	chr22	50015123	50056935			
ENSG00000100427.16	MLC1	chr22	50059391	50085426			
ENSG00000073146.16	MOV10L1	chr22	50089879	50161690			
ENSG00000280395.1	AL034546.1	chr22	50092745	50096437			
ENSG00000073150.14	PANX2	chr22	50170731	50180295			
ENSG00000170638.10	TRABD	chr22	50185913	50199598			
ENSG00000273188.1	AL022328.3	chr22	50191724	50192402			
ENSG00000273253.2	AL022328.4	chr22	50199090	50200837			
ENSG00000073169.14	SELENOO	chr22	50200979	50217616			
ENSG00000272836.1	AL022328.1	chr22	50205585	50206062			
ENSG00000273137.1	AL022328.2	chr22	50208461	50209542			
ENSG00000128159.12	TUBGCP6	chr22	50217689	50245023			
ENSG00000100429.18	HDAC10	chr22	50245183	50251405			
ENSG00000188130.14	MAPK12	chr22	50245450	50261716			
ENSG00000185386.15	MAPK11	chr22	50263713	50270767			
ENSG00000196576.15	PLXNB2	chr22	50274979	50307646			
ENSG00000205593.12	DENND6B	chr22	50309030	50327012			
ENSG00000227484.1	CR559946.1	chr22	50314631	50316008			
ENSG00000279182.1	CR559946.2	chr22	50316035	50317025			
ENSG00000100239.16	PPP6R2	chr22	50343304	50445090			
ENSG00000100241.21	SBF1	chr22	50445000	50475035			
ENSG00000128165.9	ADM2	chr22	50481543	50486440			
ENSG00000100253.13	MIOX	chr22	50486784	50490648			
ENSG00000100258.18	LMF2	chr22	50502949	50507702			
ENSG00000025770.19	NCAPH2	chr22	50508224	50524780			
ENSG00000284194.3	SCO2	chr22	50523568	50526461			
ENSG00000272821.1	U62317.1	chr22	50523926	50524780			
ENSG00000025708.14	TYMP	chr22	50525752	50530032			
ENSG00000177989.13	ODF3B	chr22	50529710	50532580			
ENSG00000273272.2	U62317.3	chr22	50541108	50543011			
ENSG00000272666.1	KLHDC7B-DT	chr22	50542305	50542906			
ENSG00000130487.9	KLHDC7B	chr22	50545899	50551023			
ENSG00000217442.4	SYCE3	chr22	50551112	50562919			
ENSG00000205560.13	CPT1B	chr22	50568861	50578465			
ENSG00000254413.8	CHKB-CPT1B	chr22	50568869	50582965			
ENSG00000100288.20	CHKB	chr22	50578959	50601455			
ENSG00000205559.5	CHKB-DT	chr22	50583026	50595634			
ENSG00000272940.1	U62317.2	chr22	50597152	50597599			
ENSG00000008735.14	MAPK8IP2	chr22	50600793	50613981			
ENSG00000100299.18	ARSA	chr22	50622754	50628173			
ENSG00000212569.1	Y_RNA	chr22	50669804	50669901			
ENSG00000286508.1	AC000050.2	chr22	50672714	50674174			
ENSG00000251322.9	SHANK3	chr22	50674415	50733298			
ENSG00000206841.1	RNU6-409P	chr22	50691260	50691363			
ENSG00000225929.1	AC000036.1	chr22	50735825	50738139			
ENSG00000100312.11	ACR	chr22	50738196	50745339			
ENSG00000254499.1	AC002056.2	chr22	50740593	50743520			
ENSG00000213683.4	AC002056.1	chr22	50754675	50755434			
ENSG00000184319.16	RPL23AP82	chr22	50756948	50801309			
ENSG00000079974.18	RABL2B	chr22	50767501	50783662			
ENSG00000228572.7	AL954722.1	chrX	253743	255091			
ENSG00000182378.14	PLCXD1	chrX	276322	303356			
ENSG00000178605.13	GTPBP6	chrX	304529	318819			
ENSG00000226179.6	LINC00685	chrX	320990	321851			
ENSG00000167393.18	PPP2R3B	chrX	333933	386955			
ENSG00000281849.3	AL732314.10	chrX	386980	405579			
ENSG00000275287.5	Metazoa_SRP	chrX	388100	388389			
ENSG00000280767.3	AL732314.4	chrX	419157	421980			
ENSG00000234958.6	FABP5P13	chrX	523775	524102			
ENSG00000229232.6	KRT18P53	chrX	545236	545352			
ENSG00000185960.14	SHOX	chrX	624344	659411			
ENSG00000237531.6	AL672277.1	chrX	990221	994365			
ENSG00000225661.7	RPL14P5	chrX	1008503	1010101			
ENSG00000205755.12	CRLF2	chrX	1187549	1212723			
ENSG00000198223.17	CSF2RA	chrX	1268800	1310381			
ENSG00000265658.6	MIR3690	chrX	1293918	1293992			
ENSG00000223274.6	RNA5SP498	chrX	1300256	1300375			
ENSG00000185291.12	IL3RA	chrX	1336616	1382689			
ENSG00000169100.14	SLC25A6	chrX	1386152	1392113			
ENSG00000236871.7	LINC00106	chrX	1396427	1399402			
ENSG00000236017.8	ASMTL-AS1	chrX	1401769	1414028			
ENSG00000169093.16	ASMTL	chrX	1403139	1453762			
ENSG00000182162.11	P2RY8	chrX	1462581	1537185			
ENSG00000197976.12	AKAP17A	chrX	1591604	1602520			
ENSG00000196433.13	ASMT	chrX	1615059	1643081			
ENSG00000223511.7	AL683807.1	chrX	1732584	1763212			
ENSG00000234622.6	AL683807.2	chrX	1767347	1768776			
ENSG00000169084.15	DHRSX	chrX	2219506	2502805			
ENSG00000223571.6	DHRSX-IT1	chrX	2334295	2336410			
ENSG00000214717.12	ZBED1	chrX	2486414	2500976			
ENSG00000277120.5	MIR6089	chrX	2609191	2609254			
ENSG00000223773.7	CD99P1	chrX	2609348	2657229			
ENSG00000230542.6	LINC00102	chrX	2612988	2615347			
ENSG00000002586.20	CD99	chrX	2691187	2741309			
ENSG00000124343.14	XG	chrX	2752040	2816500			
ENSG00000056998.20	GYG2	chrX	2828822	2882820			
ENSG00000235483.1	GYG2-AS1	chrX	2852740	2853760			
ENSG00000006756.16	ARSD	chrX	2903972	2929349			
ENSG00000229851.1	ARSD-AS1	chrX	2904904	2906081			
ENSG00000157399.16	ARSL	chrX	2934521	2968475			
ENSG00000205667.3	ARSH	chrX	3006546	3034111			
ENSG00000062096.15	ARSF	chrX	3041471	3112727			
ENSG00000239228.3	RN7SL578P	chrX	3058220	3058502			
ENSG00000230249.1	RPS24P21	chrX	3112900	3113596			
ENSG00000228459.4	LINC01546	chrX	3271544	3286138			
ENSG00000101825.8	MXRA5	chrX	3308565	3346652			
ENSG00000213487.3	ASS1P4	chrX	3367149	3368382			
ENSG00000212214.1	SNORA48B	chrX	3532117	3532251			
ENSG00000207435.1	RNU6-114P	chrX	3572857	3572961			
ENSG00000183943.6	PRKX	chrX	3604340	3713649			
ENSG00000207332.1	RNU6-146P	chrX	3607258	3607365			
ENSG00000207320.1	Y_RNA	chrX	3641443	3641555			
ENSG00000236188.1	PRKX-AS1	chrX	3659487	3668192			
ENSG00000182888.5	RPS27AP20	chrX	3717149	3717600			
ENSG00000285756.2	BX890604.1	chrX	3817528	3937855			
ENSG00000286431.1	BX842570.1	chrX	3819924	3823898			
ENSG00000225722.1	RPL24P9	chrX	3953056	3953561			
ENSG00000236513.1	AC074035.1	chrX	4627200	4633572			
ENSG00000235039.1	MTND6P12	chrX	5168918	5169439			
ENSG00000226313.1	MTCYBP12	chrX	5169512	5170645			
ENSG00000238193.1	HADHBP1	chrX	5305714	5307128			
ENSG00000201660.1	AC095353.1	chrX	5410122	5410251			
ENSG00000236120.7	AC110995.1	chrX	5653418	5726326			
ENSG00000146938.16	NLGN4X	chrX	5840637	6228867			
ENSG00000252291.1	AC079173.1	chrX	6061644	6061749			
ENSG00000265284.1	MIR4770	chrX	6383906	6383963			
ENSG00000237730.1	RPS5P8	chrX	6422092	6422701			
ENSG00000169059.12	VCX3A	chrX	6533618	6535118			
ENSG00000130021.15	PUDP	chrX	6667865	7148158			
ENSG00000237490.3	RPS27AP17	chrX	6989329	6989783			
ENSG00000228550.1	AC073583.1	chrX	7113005	7113404			
ENSG00000101846.8	STS	chrX	7147237	7804358			
ENSG00000264268.1	MIR4767	chrX	7147860	7147937			
ENSG00000279682.1	AC120338.1	chrX	7489659	7491199			
ENSG00000182583.12	VCX	chrX	7842262	7844143			
ENSG00000274923.1	AC005296.1	chrX	7896514	7896722			
ENSG00000006757.12	PNPLA4	chrX	7898247	7927739			
ENSG00000285679.2	AC079142.1	chrX	7928443	8374386			
ENSG00000207628.3	MIR651	chrX	8126965	8127061			
ENSG00000177504.10	VCX2	chrX	8169944	8171267			
ENSG00000205642.10	VCX3B	chrX	8464830	8466510			
ENSG00000287171.1	AC006062.1	chrX	8487165	8504564			
ENSG00000011201.12	ANOS1	chrX	8528874	8732137			
ENSG00000225574.1	DRAXINP1	chrX	8783514	8784461			
ENSG00000183304.10	FAM9A	chrX	8790795	8801383			
ENSG00000231619.1	ANAPC15P1	chrX	8856665	8857059			
ENSG00000229012.1	AC003685.1	chrX	8863861	8867601			
ENSG00000285896.1	AC074281.1	chrX	8897642	8927153			
ENSG00000225271.1	NOLC1P1	chrX	8980425	8982505			
ENSG00000177138.17	FAM9B	chrX	9024232	9295682			
ENSG00000200852.1	RNA5SP499	chrX	9133828	9133946			
ENSG00000219870.2	BRK1P1	chrX	9179385	9179606			
ENSG00000228543.1	AC003684.1	chrX	9249920	9275206			
ENSG00000232111.2	AC073488.1	chrX	9402751	9404802			
ENSG00000282306.1	AC073488.7	chrX	9404954	9405731			
ENSG00000282501.1	AC073488.9	chrX	9406025	9406778			
ENSG00000282358.1	AC073488.8	chrX	9406952	9407708			
ENSG00000282668.1	AC073488.10	chrX	9407861	9408638			
ENSG00000282299.1	AC073488.5	chrX	9408818	9409571			
ENSG00000282697.1	AC073488.11	chrX	9409748	9410501			
ENSG00000282222.1	AC073488.4	chrX	9410789	9411545			
ENSG00000281955.1	AC073488.3	chrX	9411701	9412478			
ENSG00000281941.1	AC073488.2	chrX	9412772	9413522			
ENSG00000282300.1	AC073488.6	chrX	9413816	9414569			
ENSG00000101849.17	TBL1X	chrX	9463295	9741037			
ENSG00000101850.13	GPR143	chrX	9725346	9786297			
ENSG00000146950.13	SHROOM2	chrX	9786429	9949443			
ENSG00000215319.2	EIF5P1	chrX	9818239	9819469			
ENSG00000230326.1	HMGN1P33	chrX	9865093	9865543			
ENSG00000206844.1	Y_RNA	chrX	9874601	9874701			
ENSG00000234469.4	CLDN34	chrX	9967358	9968352			
ENSG00000047644.19	WWC3	chrX	10015254	10144474			
ENSG00000225076.1	WWC3-AS1	chrX	10024842	10038654			
ENSG00000202469.1	Y_RNA	chrX	10061222	10061323			
ENSG00000073464.13	CLCN4	chrX	10156975	10237660			
ENSG00000227042.1	AC003666.1	chrX	10242339	10365323			
ENSG00000101871.16	MID1	chrX	10445310	10833654			
ENSG00000207202.1	RNU6-800P	chrX	10582817	10582919			
ENSG00000234129.8	AC073529.1	chrX	10847578	11111220			
ENSG00000004961.15	HCCS	chrX	11111301	11123086			
ENSG00000207151.1	Y_RNA	chrX	11116092	11116193			
ENSG00000047648.23	ARHGAP6	chrX	11117651	11665920			
ENSG00000278218.1	AC003657.1	chrX	11148584	11148769			
ENSG00000275194.1	AC004467.1	chrX	11221348	11225731			
ENSG00000125363.14	AMELX	chrX	11293413	11300761			
ENSG00000263652.1	MIR548AX	chrX	11318614	11318686			
ENSG00000232392.1	GOT2P7	chrX	11334233	11335901			
ENSG00000282840.1	AC004554.1	chrX	11668401	11757718			
ENSG00000223418.1	LIMK2P1	chrX	11704123	11705590			
ENSG00000005302.19	MSL3	chrX	11758159	11775772			
ENSG00000169933.16	FRMPD4	chrX	11822423	12724523			
ENSG00000206792.1	Y_RNA	chrX	12054824	12054926			
ENSG00000206795.1	Y_RNA	chrX	12149126	12149238			
ENSG00000223487.1	FRMPD4-AS1	chrX	12373167	12375133			
ENSG00000231211.2	RPL17P49	chrX	12395757	12396167			
ENSG00000273800.1	AC119619.1	chrX	12583415	12583526			
ENSG00000271814.1	RN7SKP290	chrX	12614003	12614197			
ENSG00000101911.13	PRPS2	chrX	12791355	12824222			
ENSG00000229083.1	PSMA6P2	chrX	12825840	12826833			
ENSG00000230691.1	MRPL35P4	chrX	12844865	12845430			
ENSG00000196664.5	TLR7	chrX	12867072	12890361			
ENSG00000233338.1	TLR8-AS1	chrX	12902817	12908333			
ENSG00000101916.12	TLR8	chrX	12906620	12923169			
ENSG00000205542.11	TMSB4X	chrX	12975110	12977227			
ENSG00000187268.12	FAM9C	chrX	13035617	13044682			
ENSG00000261030.1	AC079171.1	chrX	13093660	13094573			
ENSG00000235385.2	LINC02154	chrX	13266048	13303452			
ENSG00000231216.1	GS1-600G8.3	chrX	13310652	13319933			
ENSG00000123594.5	ATXN3L	chrX	13318236	13320399			
ENSG00000235592.1	AC004674.1	chrX	13327937	13329867			
ENSG00000226985.7	LINC01203	chrX	13333952	13403035			
ENSG00000197582.5	GPX1P1	chrX	13378735	13379340			
ENSG00000198759.12	EGFL6	chrX	13569601	13633575			
ENSG00000233357.2	RPL30P15	chrX	13574746	13575066			
ENSG00000283493.1	MIR6086	chrX	13590292	13590346			
ENSG00000199622.1	RN7SKP20	chrX	13596236	13596548			
ENSG00000176896.8	TCEANC	chrX	13653189	13681964			
ENSG00000123595.8	RAB9A	chrX	13689128	13710504			
ENSG00000196459.14	TRAPPC2	chrX	13712244	13734635			
ENSG00000046651.15	OFD1	chrX	13734745	13769357			
ENSG00000046653.15	GPM6B	chrX	13770939	13938638			
ENSG00000233535.1	AC003035.2	chrX	13955393	13963904			
ENSG00000212663.2	AC003035.1	chrX	13980066	13988820			
ENSG00000046647.13	GEMIN8	chrX	14008279	14029893			
ENSG00000233247.3	UBE2E4P	chrX	14244382	14244928			
ENSG00000101958.14	GLRA2	chrX	14529298	14731812			
ENSG00000231066.3	NPM1P9	chrX	14834476	14835319			
ENSG00000181544.15	FANCB	chrX	14835961	14873069			
ENSG00000130150.12	MOSPD2	chrX	14873421	14922327			
ENSG00000235929.1	TPT1P14	chrX	14977959	14978463			
ENSG00000236929.2	RPL35AP37	chrX	15117437	15117768			
ENSG00000102048.16	ASB9	chrX	15235288	15270467			
ENSG00000165192.14	ASB11	chrX	15281697	15315640			
ENSG00000165195.16	PIGA	chrX	15319452	15335554			
ENSG00000165197.5	VEGFD	chrX	15345596	15384413			
ENSG00000087842.11	PIR	chrX	15384799	15493564			
ENSG00000102010.15	BMX	chrX	15464246	15556529			
ENSG00000130234.12	ACE2	chrX	15494566	15607236			
ENSG00000285602.1	AC097625.1	chrX	15561047	15675608			
ENSG00000225833.1	GS1-594A7.3	chrX	15602881	15621484			
ENSG00000147003.7	CLTRN	chrX	15627318	15675012			
ENSG00000237539.1	AC003669.1	chrX	15646167	15646875			
ENSG00000186312.10	CA5BP1	chrX	15674932	15703724			
ENSG00000169239.13	CA5B	chrX	15688830	15788411			
ENSG00000279413.1	AC112497.2	chrX	15702602	15703243			
ENSG00000200620.1	AC112497.1	chrX	15716208	15716346			
ENSG00000281371.1	INE2	chrX	15785716	15787589			
ENSG00000169249.13	ZRSR2	chrX	15790472	15823260			
ENSG00000182287.15	AP1S2	chrX	15825806	15854931			
ENSG00000200566.1	RNU5F-7P	chrX	15916189	15916303			
ENSG00000226536.1	SETP15	chrX	15917548	15918631			
ENSG00000126010.6	GRPR	chrX	16123565	16153518			
ENSG00000238178.7	AC078993.1	chrX	16152941	16170869			
ENSG00000182798.10	MAGEB17	chrX	16167481	16171464			
ENSG00000215313.3	RPL6P30	chrX	16198428	16199289			
ENSG00000235071.1	AC073909.1	chrX	16474342	16475340			
ENSG00000239333.3	RN7SL658P	chrX	16539137	16539439			
ENSG00000047230.15	CTPS2	chrX	16587999	16712936			
ENSG00000265144.1	MIR548AM	chrX	16627012	16627085			
ENSG00000169906.5	S100G	chrX	16650158	16654670			
ENSG00000169895.6	SYAP1	chrX	16719612	16765340			
ENSG00000238709.1	RNU7-56P	chrX	16767844	16767905			
ENSG00000086712.13	TXLNG	chrX	16786432	16844519			
ENSG00000230180.1	RPL12P49	chrX	16803233	16803353			
ENSG00000102054.18	RBBP7	chrX	16839283	16870362			
ENSG00000222736.1	RNU4-6P	chrX	16875146	16875267			
ENSG00000223498.1	SLC35C2P1	chrX	16897651	16898521			
ENSG00000199410.1	Y_RNA	chrX	16912215	16912317			
ENSG00000169891.18	REPS2	chrX	16946658	17153272			
ENSG00000201467.1	AL732371.1	chrX	17044380	17044511			
ENSG00000214322.3	CBX1P2	chrX	17099782	17100239			
ENSG00000214321.3	CBX1P4	chrX	17282637	17283093			
ENSG00000238764.1	AL845433.1	chrX	17357930	17358033			
ENSG00000188158.16	NHS	chrX	17375200	17735994			
ENSG00000265465.1	MIR4768	chrX	17425881	17425954			
ENSG00000235834.1	Z93022.1	chrX	17528435	17587160			
ENSG00000230020.1	NHS-AS1	chrX	17552349	17557387			
ENSG00000226153.1	CHP1P3	chrX	17705339	17705691			
ENSG00000047634.15	SCML1	chrX	17737449	17754988			
ENSG00000227873.1	Z93242.1	chrX	17769005	17769398			
ENSG00000131831.18	RAI2	chrX	17800049	17861337			
ENSG00000276467.1	Z93929.1	chrX	17897711	17900333			
ENSG00000225066.1	MDM4P1	chrX	17933349	17934823			
ENSG00000225882.1	LINC01456	chrX	17970197	18104644			
ENSG00000177324.14	BEND2	chrX	18162931	18220886			
ENSG00000102098.19	SCML2	chrX	18239313	18354688			
ENSG00000235211.4	TMSB10P2	chrX	18341216	18341346			
ENSG00000207025.1	Y_RNA	chrX	18395994	18396095			
ENSG00000008086.13	CDKL5	chrX	18425583	18653629			
ENSG00000236187.1	GJA6P	chrX	18535079	18536120			
ENSG00000102104.9	RS1	chrX	18639688	18672108			
ENSG00000086717.18	PPEF1	chrX	18675909	18827921			
ENSG00000237221.1	PPEF1-AS1	chrX	18688643	18691604			
ENSG00000196564.4	BLOC1S6P1	chrX	18838709	18839452			
ENSG00000224224.1	HAUS1P2	chrX	18865771	18866554			
ENSG00000237836.6	PHKA2-AS1	chrX	18890296	18894974			
ENSG00000044446.12	PHKA2	chrX	18892298	18984114			
ENSG00000266710.2	RN7SL48P	chrX	18915243	18915535			
ENSG00000286724.1	AL732509.1	chrX	18984291	19060329			
ENSG00000173698.18	ADGRG2	chrX	18989307	19122637			
ENSG00000131828.14	PDHA1	chrX	19343893	19361718			
ENSG00000180815.14	MAP3K15	chrX	19360056	19515261			
ENSG00000202144.1	Y_RNA	chrX	19376774	19376875			
ENSG00000275800.1	EIF5P2	chrX	19496378	19497721			
ENSG00000147010.18	SH3KBP1	chrX	19533977	19887600			
ENSG00000173681.16	BCLAF3	chrX	19912860	19970298			
ENSG00000206663.1	Y_RNA	chrX	19985058	19985159			
ENSG00000184368.16	MAP7D2	chrX	20006713	20116907			
ENSG00000264566.3	MIR23C	chrX	20017088	20017187			
ENSG00000173674.11	EIF1AX	chrX	20124525	20141838			
ENSG00000201882.1	AL732366.2	chrX	20136066	20136135			
ENSG00000201592.1	AL732366.1	chrX	20136306	20136385			
ENSG00000225037.1	EIF1AX-AS1	chrX	20139968	20140444			
ENSG00000177189.14	RPS6KA3	chrX	20149911	20267519			
ENSG00000283631.1	AL928596.1	chrX	20311838	20317783			
ENSG00000283400.1	AL807740.1	chrX	20443326	20492349			
ENSG00000252978.1	RN7SKP183	chrX	20452108	20452431			
ENSG00000283380.1	AL807742.1	chrX	20769718	21374265			
ENSG00000283546.1	BX088723.1	chrX	21131496	21163726			
ENSG00000206716.1	RNU6-133P	chrX	21214637	21214743			
ENSG00000149970.16	CNKSR2	chrX	21372801	21654695			
ENSG00000231913.1	RARRES2P3	chrX	21421822	21422294			
ENSG00000185915.5	KLHL34	chrX	21654690	21658330			
ENSG00000091482.8	SMPX	chrX	21705978	21758116			
ENSG00000012174.12	MBTPS2	chrX	21839617	21885423			
ENSG00000275681.1	U73479.1	chrX	21841794	21841961			
ENSG00000230797.3	YY2	chrX	21855987	21858740			
ENSG00000206639.1	Y_RNA	chrX	21872707	21872808			
ENSG00000271286.1	CYTH1P1	chrX	21939461	21940160			
ENSG00000102172.16	SMS	chrX	21940709	21994837			
ENSG00000102174.9	PHEX	chrX	22032325	22251310			
ENSG00000224204.1	PHEX-AS1	chrX	22162733	22172983			
ENSG00000233067.4	PTCHD1-AS	chrX	22191895	22235358			
ENSG00000288546.1	AC004470.2	chrX	22259797	23293146			
ENSG00000175809.6	CBLL2	chrX	22272913	22274461			
ENSG00000231846.1	AC092832.2	chrX	22428132	22494713			
ENSG00000224396.1	METTL15P3	chrX	22435598	22436818			
ENSG00000201095.1	RNU6-266P	chrX	22527835	22527941			
ENSG00000231011.1	AC092832.1	chrX	22616744	22617143			
ENSG00000237019.1	AC004470.1	chrX	22698457	22768966			
ENSG00000184735.7	DDX53	chrX	22999960	23003589			
ENSG00000174028.6	FAM3C2P	chrX	23075758	23076767			
ENSG00000228610.1	PDCL2P1	chrX	23198339	23198690			
ENSG00000165186.12	PTCHD1	chrX	23334849	23404374			
ENSG00000226774.1	HIKESHIP1	chrX	23351013	23351450			
ENSG00000123131.13	PRDX4	chrX	23664262	23686397			
ENSG00000123130.17	ACOT9	chrX	23701055	23766475			
ENSG00000233785.1	AC131011.1	chrX	23772992	23782956			
ENSG00000202272.1	Y_RNA	chrX	23782210	23782310			
ENSG00000130066.16	SAT1	chrX	23783173	23786226			
ENSG00000184831.14	APOO	chrX	23833353	23907938			
ENSG00000238103.4	RPL9P7	chrX	23836742	23837321			
ENSG00000165182.12	CXorf58	chrX	23908006	23939509			
ENSG00000174010.9	KLHL15	chrX	23983720	24027186			
ENSG00000130741.11	EIF2S3	chrX	24054946	24078810			
ENSG00000201407.1	AC079169.1	chrX	24133186	24133317			
ENSG00000234230.1	ZFX-AS1	chrX	24146225	24149654			
ENSG00000005889.16	ZFX	chrX	24149173	24216255			
ENSG00000223611.6	SUPT20HL2	chrX	24310862	24314079			
ENSG00000223731.3	SUPT20HL1	chrX	24362325	24365424			
ENSG00000225071.1	RPS26P58	chrX	24429573	24429920			
ENSG00000067992.16	PDK3	chrX	24465270	24550466			
ENSG00000214124.3	SNRPEP9	chrX	24513450	24513687			
ENSG00000102230.14	PCYT1B	chrX	24558087	24672677			
ENSG00000226222.3	H2BP7	chrX	24632257	24632601			
ENSG00000236836.1	PCYT1B-AS1	chrX	24650073	24658237			
ENSG00000236487.2	AC079168.1	chrX	24681909	24682634			
ENSG00000101868.13	POLA1	chrX	24693873	24996986			
ENSG00000251869.1	SCARNA23	chrX	24744441	24744570			
ENSG00000232472.1	EEF1B2P3	chrX	24788392	24789069			
ENSG00000004848.8	ARX	chrX	25003694	25016420			
ENSG00000214111.3	PAFAH1B2P1	chrX	25029545	25030235			
ENSG00000240439.3	RN7SL91P	chrX	25060649	25060939			
ENSG00000176812.7	METTL1P1	chrX	25194381	25195207			
ENSG00000229310.1	RPP40P1	chrX	25591353	25591808			
ENSG00000228519.3	RANBP1P1	chrX	25645722	25646327			
ENSG00000233403.1	AC121342.1	chrX	25878339	25893544			
ENSG00000176774.6	MAGEB18	chrX	26138343	26140736			
ENSG00000232446.1	AC129850.1	chrX	26147774	26148281			
ENSG00000232030.3	MAGEB6B	chrX	26160601	26161824			
ENSG00000227511.1	AC005297.1	chrX	26170052	26170913			
ENSG00000176746.6	MAGEB6	chrX	26192440	26195646			
ENSG00000232644.1	AC005297.2	chrX	26200042	26200647			
ENSG00000188408.5	MAGEB5	chrX	26216169	26218270			
ENSG00000237171.1	AC005297.3	chrX	26223903	26224658			
ENSG00000228464.1	AC073614.1	chrX	26345236	26346242			
ENSG00000231388.1	FMN2P1	chrX	26496936	26505603			
ENSG00000259849.2	VENTXP1	chrX	26557675	26881029			
ENSG00000236160.1	AC005345.1	chrX	26657291	26657507			
ENSG00000216938.3	RPL7P58	chrX	26686026	26687955			
ENSG00000236683.3	HMGA1P1	chrX	26748029	26749090			
ENSG00000252491.1	RNU1-142P	chrX	26790142	26790286			
ENSG00000242021.2	AC112493.1	chrX	27042907	27176298			
ENSG00000228933.8	AC107419.1	chrX	27174920	27399006			
ENSG00000233807.1	AMZ2P3	chrX	27218131	27218678			
ENSG00000252486.1	Y_RNA	chrX	27252119	27252235			
ENSG00000235642.1	PTP4A1P5	chrX	27427777	27428231			
ENSG00000224960.5	PPP4R3C	chrX	27460207	27463341			
ENSG00000223391.2	RDXP2	chrX	27517771	27517881			
ENSG00000238247.2	RDXP3	chrX	27517884	27519759			
ENSG00000189186.10	DCAF8L2	chrX	27590382	27748821			
ENSG00000177689.10	MAGEB10	chrX	27807990	27823014			
ENSG00000229731.1	AC107613.1	chrX	27811885	27812902			
ENSG00000226199.1	AC112492.1	chrX	27832175	27833204			
ENSG00000232834.1	AC112492.3	chrX	27847588	27847939			
ENSG00000228345.2	AC112492.2	chrX	27854323	27855353			
ENSG00000233243.1	VKORC1P1	chrX	27863893	27864349			
ENSG00000224589.1	ORC1P1	chrX	27893348	27894059			
ENSG00000226372.4	DCAF8L1	chrX	27977992	27981449			
ENSG00000277569.1	MIR6134	chrX	28495555	28495663			
ENSG00000223742.1	AC112495.1	chrX	28571532	28586395			
ENSG00000169306.10	IL1RAPL1	chrX	28587446	29956718			
ENSG00000226436.1	H3P43	chrX	28659065	28659469			
ENSG00000201666.1	AC121343.1	chrX	28924069	28924138			
ENSG00000237994.1	AC003659.1	chrX	28942050	28942568			
ENSG00000201356.1	RNA5SP500	chrX	28982852	28982970			
ENSG00000227393.1	AL031575.1	chrX	29369001	29369845			
ENSG00000264090.1	MIR4666B	chrX	29574278	29574358			
ENSG00000227592.1	PIGFP3	chrX	30017160	30017881			
ENSG00000270794.1	AC005185.1	chrX	30209423	30210209			
ENSG00000099399.6	MAGEB2	chrX	30215563	30220089			
ENSG00000198798.5	MAGEB3	chrX	30230436	30237492			
ENSG00000120289.12	MAGEB4	chrX	30242000	30244187			
ENSG00000214107.8	MAGEB1	chrX	30243730	30252040			
ENSG00000276940.1	PLCE1P1	chrX	30290047	30290351			
ENSG00000169297.8	NR0B1	chrX	30304206	30309390			
ENSG00000120280.6	CXorf21	chrX	30558809	30577766			
ENSG00000178556.8	CKS1BP6	chrX	30617454	30617693			
ENSG00000232368.1	FTLP2	chrX	30630298	30630825			
ENSG00000198814.13	GK	chrX	30653359	30731462			
ENSG00000229331.1	GK-IT1	chrX	30671635	30672166			
ENSG00000241886.1	AC112496.1	chrX	30698207	30721932			
ENSG00000243055.1	GK-AS1	chrX	30699998	30724174			
ENSG00000277876.1	AC108359.1	chrX	30821815	30823407			
ENSG00000157625.15	TAB3	chrX	30827442	30975084			
ENSG00000231542.1	TAB3-AS1	chrX	30834623	30835300			
ENSG00000235512.1	TAB3-AS2	chrX	30854321	30854707			
ENSG00000132446.7	FTHL17	chrX	31071233	31072041			
ENSG00000198947.16	DMD	chrX	31097677	33339441			
ENSG00000252903.2	RNU6-894P	chrX	31348192	31348296			
ENSG00000285900.1	AC079177.1	chrX	31411033	31413701			
ENSG00000222922.1	RNA5SP501	chrX	32102065	32102176			
ENSG00000236285.1	NPM1P8	chrX	32205902	32206738			
ENSG00000263600.1	MIR3915	chrX	32583656	32583752			
ENSG00000221348.1	MIR548F5	chrX	32641474	32641559			
ENSG00000236828.1	DMD-AS3	chrX	32754940	32756400			
ENSG00000226781.1	TBCAP1	chrX	33041395	33041721			
ENSG00000215310.2	AL050305.1	chrX	33410944	33412173			
ENSG00000287700.1	AL591378.1	chrX	33718958	33726013			
ENSG00000233928.6	AL591501.1	chrX	33726337	34346527			
ENSG00000185448.10	FAM47A	chrX	34129756	34132314			
ENSG00000185638.9	FTH1P14	chrX	34147036	34147586			
ENSG00000233571.1	AL592043.1	chrX	34206725	34415537			
ENSG00000236072.1	SRSF2P1	chrX	34387722	34388464			
ENSG00000271136.1	AL592504.1	chrX	34516920	34517358			
ENSG00000147027.4	TMEM47	chrX	34627075	34657285			
ENSG00000225384.1	AL606662.1	chrX	34717440	34717992			
ENSG00000273704.1	AL596245.1	chrX	34768327	34768688			
ENSG00000189132.6	FAM47B	chrX	34942796	34944915			
ENSG00000229347.1	AL596268.1	chrX	35058927	35059974			
ENSG00000252411.1	RNU6-1087P	chrX	35594173	35594273			
ENSG00000230227.4	SIAH1P1	chrX	35626142	35627064			
ENSG00000233663.1	AL161722.1	chrX	35710911	35711942			
ENSG00000271088.1	AL161722.2	chrX	35741600	35744582			
ENSG00000233880.1	NFYCP1	chrX	35761499	35762479			
ENSG00000189023.10	MAGEB16	chrX	35798342	35803735			
ENSG00000271519.1	AL590065.1	chrX	35864858	35869631			
ENSG00000165164.14	CFAP47	chrX	35919734	36385317			
ENSG00000206733.1	RNU6-641P	chrX	36021939	36022045			
ENSG00000229384.2	HMGB1P16	chrX	36211096	36211635			
ENSG00000226484.2	AL606516.1	chrX	36365626	36440292			
ENSG00000233921.2	RPS15AP40	chrX	36374793	36375183			
ENSG00000286475.1	AL592156.1	chrX	36678678	36866689			
ENSG00000249467.1	H2AL1QP	chrX	36719918	36720221			
ENSG00000275314.1	AC006924.1	chrX	36794500	36795460			
ENSG00000235510.1	BX842568.3	chrX	36957913	36958139			
ENSG00000223723.1	TFDP1P2	chrX	36962196	36963425			
ENSG00000231069.1	BX842568.2	chrX	36985523	36986093			
ENSG00000198173.5	FAM47C	chrX	37008366	37011664			
ENSG00000243048.3	FTHL18	chrX	37043023	37043571			
ENSG00000214071.4	BX842568.1	chrX	37077851	37078401			
ENSG00000233810.1	MOB1AP2	chrX	37291168	37292227			
ENSG00000130962.18	PRRG1	chrX	37349309	37457292			
ENSG00000250349.3	AF241726.1	chrX	37349330	38687674			
ENSG00000241607.1	AC245096.1	chrX	37441523	37442068			
ENSG00000219186.2	FTH1P19	chrX	37492021	37492548			
ENSG00000234355.3	FTH1P27	chrX	37505310	37505860			
ENSG00000174678.9	FAM47DP	chrX	37541077	37545262			
ENSG00000147036.12	LANCL3	chrX	37571569	37684463			
ENSG00000047597.7	XK	chrX	37685791	37732130			
ENSG00000285944.2	H2AL1SP	chrX	37700005	37700277			
ENSG00000165168.8	CYBB	chrX	37780059	37813461			
ENSG00000165169.11	DYNLT3	chrX	37836757	37847571			
ENSG00000206983.1	RNU6-49P	chrX	37870109	37870215			
ENSG00000259977.1	AL121578.1	chrX	37906147	37949405			
ENSG00000224339.1	SC4MOP	chrX	37945884	37946775			
ENSG00000187516.7	H2AP	chrX	37990779	37991314			
ENSG00000229674.2	H2AL1RP	chrX	37994252	37994918			
ENSG00000147041.12	SYTL5	chrX	38006553	38128819			
ENSG00000221466.2	MIR548AJ2	chrX	38023895	38023986			
ENSG00000101955.15	SRPX	chrX	38149336	38220924			
ENSG00000226679.1	AL606748.1	chrX	38221391	38223667			
ENSG00000156313.15	RPGR	chrX	38269163	38327544			
ENSG00000252050.1	AL606748.2	chrX	38308112	38308241			
ENSG00000036473.8	OTC	chrX	38352586	38421446			
ENSG00000227988.1	TDGF1P1	chrX	38395369	38395895			
ENSG00000232370.1	BAG1P1	chrX	38479215	38479913			
ENSG00000229735.1	FTLP16	chrX	38484752	38485264			
ENSG00000233007.1	UBTFL11	chrX	38531923	38534174			
ENSG00000156298.13	TSPAN7	chrX	38561542	38688920			
ENSG00000238606.1	RNU7-7P	chrX	38608215	38608276			
ENSG00000235806.1	AF241728.1	chrX	38770331	38799658			
ENSG00000287729.1	AF241728.2	chrX	38779584	38800678			
ENSG00000165175.16	MID1IP1	chrX	38801432	38806537			
ENSG00000238123.1	MID1IP1-AS1	chrX	38801568	38803883			
ENSG00000207122.1	RNU6-591P	chrX	39081180	39081285			
ENSG00000224610.1	AC108879.1	chrX	39226103	39299786			
ENSG00000235304.2	LINC01281	chrX	39304956	39327362			
ENSG00000236747.3	LINC01282	chrX	39367285	39391807			
ENSG00000234191.1	LINC01283	chrX	39401252	39434824			
ENSG00000263730.1	MIR3937	chrX	39661216	39661321			
ENSG00000264618.2	RN7SL732P	chrX	39786524	39786823			
ENSG00000228232.1	GAPDHP1	chrX	39787132	39788136			
ENSG00000270759.1	OOEPP1	chrX	39791580	39791904			
ENSG00000261435.1	AL592164.1	chrX	39837536	39848358			
ENSG00000263972.1	MIR1587	chrX	39837561	39837613			
ENSG00000214047.4	RPS11P7	chrX	39865424	39865888			
ENSG00000285709.1	AL592164.2	chrX	39908309	39914419			
ENSG00000223486.1	AC092198.1	chrX	40009276	40012182			
ENSG00000183337.17	BCOR	chrX	40049815	40177329			
ENSG00000236393.2	AC091806.1	chrX	40262917	40299061			
ENSG00000214045.3	IMPDH1P2	chrX	40359183	40360726			
ENSG00000206677.2	Y_RNA	chrX	40492844	40492941			
ENSG00000235685.2	AC092473.1	chrX	40514895	40515508			
ENSG00000238730.1	RNU7-164P	chrX	40535502	40535563			
ENSG00000182220.15	ATP6AP2	chrX	40579372	40606848			
ENSG00000287098.1	AC092473.2	chrX	40620701	40622109			
ENSG00000238205.3	MPC1L	chrX	40623566	40624136			
ENSG00000185753.13	CXorf38	chrX	40626921	40647561			
ENSG00000180182.11	MED14	chrX	40648305	40735858			
ENSG00000234636.2	MED14OS	chrX	40735400	40738701			
ENSG00000270791.1	DPRXP6	chrX	40758483	40759050			
ENSG00000214031.2	CLDN7P1	chrX	40760104	40761270			
ENSG00000237661.1	TNIP2P1	chrX	40831844	40832562			
ENSG00000238222.3	MKRN4P	chrX	40834485	40836005			
ENSG00000232801.1	SDCBPP3	chrX	40890647	40891537			
ENSG00000189145.7	RPL32P36	chrX	40907987	40908391			
ENSG00000216866.5	RPS2P55	chrX	40934982	40935864			
ENSG00000287549.1	AC092268.1	chrX	41008427	41029306			
ENSG00000237931.1	CLIC4P3	chrX	41076999	41077750			
ENSG00000124486.13	USP9X	chrX	41085445	41236579			
ENSG00000223714.1	LINC02601	chrX	41275739	41276778			
ENSG00000199564.1	RNA5SP502	chrX	41292798	41292916			
ENSG00000238426.1	Y_RNA	chrX	41316488	41316589			
ENSG00000226641.1	SHISA5P1	chrX	41322601	41323111			
ENSG00000215301.11	DDX3X	chrX	41333348	41364472			
ENSG00000264573.2	RN7SL15P	chrX	41345576	41345876			
ENSG00000188937.6	NYX	chrX	41447343	41475710			
ENSG00000225238.1	GEMIN7P1	chrX	41472264	41472653			
ENSG00000147044.22	CASK	chrX	41514934	41923517			
ENSG00000233033.1	CASK-AS1	chrX	41520036	41522336			
ENSG00000212207.1	RNU6-1321P	chrX	41570923	41571029			
ENSG00000217624.2	YWHAZP10	chrX	41675760	41676494			
ENSG00000242559.3	RN7SL144P	chrX	41683168	41683462			
ENSG00000171659.15	GPR34	chrX	41688973	41697275			
ENSG00000171657.6	GPR82	chrX	41724181	41730130			
ENSG00000229822.2	RPS15AP39	chrX	41748222	41748608			
ENSG00000237875.1	AL353691.1	chrX	41790192	41790250			
ENSG00000251807.1	RNU6-202P	chrX	41919254	41919349			
ENSG00000233103.1	AL133329.1	chrX	42047883	42054836			
ENSG00000228847.1	ATP5MC2P4	chrX	42098754	42099173			
ENSG00000212560.1	RNU6-630P	chrX	42139425	42139530			
ENSG00000228780.2	Z92545.1	chrX	42150511	42150744			
ENSG00000206896.1	RNU6-1124P	chrX	42174279	42174385			
ENSG00000231772.5	Z93403.1	chrX	42252459	42699385			
ENSG00000283737.1	AL023875.1	chrX	42285130	42285925			
ENSG00000287223.1	Z94277.1	chrX	42723209	42755892			
ENSG00000102055.7	PPP1R2C	chrX	42777366	42778163			
ENSG00000270280.1	SMIM15P1	chrX	43000174	43000396			
ENSG00000224294.1	PINCR	chrX	43176994	43226598			
ENSG00000237206.1	IMPDH1P4	chrX	43278125	43279658			
ENSG00000285899.1	AL023574.1	chrX	43279560	43438657			
ENSG00000231750.3	NANOGP10	chrX	43407665	43408559			
ENSG00000189221.10	MAOA	chrX	43654907	43746824			
ENSG00000069535.14	MAOB	chrX	43766610	43882450			
ENSG00000124479.11	NDP	chrX	43948776	43973395			
ENSG00000236276.2	NDP-AS1	chrX	43949732	43971582			
ENSG00000214019.2	RBM39P1	chrX	44029332	44030921			
ENSG00000183690.13	EFHC2	chrX	44147872	44343672			
ENSG00000198414.5	TATDN2P1	chrX	44283916	44286246			
ENSG00000214018.3	RRM2P3	chrX	44309314	44310476			
ENSG00000200702.1	Y_RNA	chrX	44401603	44401704			
ENSG00000224054.1	AL022163.1	chrX	44466691	44468955			
ENSG00000215035.2	FDPSP5	chrX	44476027	44477422			
ENSG00000069509.6	FUNDC1	chrX	44523639	44542859			
ENSG00000233543.1	CHTF8P1	chrX	44633692	44635232			
ENSG00000229168.4	RPL19P20	chrX	44649129	44649719			
ENSG00000214016.3	RPSAP61	chrX	44741087	44741964			
ENSG00000242065.3	RN7SL291P	chrX	44772773	44773061			
ENSG00000189037.8	DUSP21	chrX	44844021	44844888			
ENSG00000147050.16	KDM6A	chrX	44873188	45112779			
ENSG00000147113.17	DIPK2B	chrX	45148373	45200901			
ENSG00000229491.5	AC136489.1	chrX	45183251	45333917			
ENSG00000237782.3	PLLPP1	chrX	45381527	45381995			
ENSG00000229563.7	LINC01204	chrX	45505388	45632121			
ENSG00000214282.3	KRT8P14	chrX	45632292	45633733			
ENSG00000204915.3	MFFP3	chrX	45730752	45731688			
ENSG00000270069.1	MIR222HG	chrX	45745211	45770274			
ENSG00000207870.1	MIR221	chrX	45746157	45746266			
ENSG00000207725.3	MIR222	chrX	45747015	45747124			
ENSG00000269902.1	AC234772.1	chrX	45764772	45765299			
ENSG00000231566.2	LINC02595	chrX	45847042	45851541			
ENSG00000212347.2	AL031584.1	chrX	45892912	45892979			
ENSG00000215286.3	SRSF6P1	chrX	45913118	45913871			
ENSG00000234613.1	AL031584.2	chrX	45913267	45917040			
ENSG00000224701.1	MED28P4	chrX	45951762	45952333			
ENSG00000213100.2	KRT18P68	chrX	45983365	45984364			
ENSG00000214009.2	PCNAP3	chrX	46058751	46059528			
ENSG00000278838.1	Metazoa_SRP	chrX	46073651	46073935			
ENSG00000236751.2	LINC01186	chrX	46256759	46327680			
ENSG00000229145.1	ACTBP1	chrX	46288016	46289128			
ENSG00000286306.1	AL139811.1	chrX	46400686	46402957			
ENSG00000231235.1	CTNNBL1P1	chrX	46418450	46420079			
ENSG00000235587.2	GAPDHP65	chrX	46439709	46440714			
ENSG00000147121.16	KRBOX4	chrX	46447292	46497422			
ENSG00000224072.1	VEZTP1	chrX	46454097	46457199			
ENSG00000251192.7	ZNF674	chrX	46497727	46545457			
ENSG00000199226.1	RNU6-50P	chrX	46517766	46517868			
ENSG00000230844.3	ZNF674-AS1	chrX	46545438	46548841			
ENSG00000277721.1	Metazoa_SRP	chrX	46553522	46553775			
ENSG00000270499.1	MKI67P1	chrX	46560928	46562749			
ENSG00000147119.4	CHST7	chrX	46573765	46598496			
ENSG00000065923.10	SLC9A7	chrX	46599251	46759118			
ENSG00000213997.3	PGAM1P7	chrX	46646594	46647330			
ENSG00000226048.1	YBX1P8	chrX	46684765	46685707			
ENSG00000215284.2	CHMP5P1	chrX	46725164	46725818			
ENSG00000102218.6	RP2	chrX	46837043	46882358			
ENSG00000204904.7	LINC01545	chrX	46887417	46899703			
ENSG00000102221.14	JADE3	chrX	46912276	47061242			
ENSG00000130988.13	RGN	chrX	47078355	47093314			
ENSG00000206685.1	RNU6-1189P	chrX	47087506	47087612			
ENSG00000201659.1	RNU12-2P	chrX	47132671	47132826			
ENSG00000147123.11	NDUFB11	chrX	47142216	47145038			
ENSG00000182872.16	RBM10	chrX	47145221	47186813			
ENSG00000237351.1	ITPK1P1	chrX	47156638	47158199			
ENSG00000130985.17	UBA1	chrX	47190861	47215128			
ENSG00000224975.1	INE1	chrX	47204921	47205865			
ENSG00000102225.16	CDK16	chrX	47217860	47229997			
ENSG00000102226.10	USP11	chrX	47232866	47248328			
ENSG00000237623.1	NICN2P	chrX	47273366	47274390			
ENSG00000266158.2	RN7SL785P	chrX	47280811	47281063			
ENSG00000203402.2	AL591503.1	chrX	47297852	47298721			
ENSG00000147117.8	ZNF157	chrX	47370578	47414498			
ENSG00000221459.1	SNORA11C	chrX	47388649	47388777			
ENSG00000232009.1	AL591503.2	chrX	47389961	47392300			
ENSG00000226556.2	NPM1P49	chrX	47438736	47439774			
ENSG00000147124.12	ZNF41	chrX	47445879	47482946			
ENSG00000277605.1	Metazoa_SRP	chrX	47476822	47477152			
ENSG00000196741.5	LINC01560	chrX	47483571	47484823			
ENSG00000235636.1	NUS1P1	chrX	47512602	47513483			
ENSG00000078061.13	ARAF	chrX	47561100	47571920			
ENSG00000008056.14	SYN1	chrX	47571901	47619857			
ENSG00000283743.2	Z84466.1	chrX	47575128	47628742			
ENSG00000102265.12	TIMP1	chrX	47582408	47586789			
ENSG00000263858.1	MIR4769	chrX	47587429	47587505			
ENSG00000126759.14	CFP	chrX	47623172	47630305			
ENSG00000126767.18	ELK1	chrX	47635521	47650604			
ENSG00000126756.12	UXT	chrX	47651796	47659180			
ENSG00000267064.2	UXT-AS1	chrX	47658833	47692326			
ENSG00000187893.10	CXXC1P1	chrX	47707191	47753456			
ENSG00000224656.1	SMSP1	chrX	47718002	47719099			
ENSG00000229968.1	AL022578.1	chrX	47776827	47778697			
ENSG00000188459.4	WASF4P	chrX	47803296	47804789			
ENSG00000197779.15	ZNF81	chrX	47836902	48002561			
ENSG00000224401.2	RPL7P57	chrX	47840963	47841702			
ENSG00000147118.12	ZNF182	chrX	47974851	48003989			
ENSG00000221994.12	ZNF630	chrX	47983356	48071658			
ENSG00000171489.10	SPACA5	chrX	48004336	48009729			
ENSG00000277541.1	ZNF630-AS1	chrX	48056310	48066583			
ENSG00000287757.1	AC244636.3	chrX	48071226	48078721			
ENSG00000171483.13	SSX6P	chrX	48107992	48120210			
ENSG00000171478.7	SPACA5B	chrX	48130657	48132613			
ENSG00000230241.1	AC244636.1	chrX	48135658	48136159			
ENSG00000233139.1	AC244636.2	chrX	48153868	48155941			
ENSG00000201517.1	RNU6-707P	chrX	48153980	48154074			
ENSG00000225198.1	SSXP3	chrX	48156367	48166350			
ENSG00000238032.1	S100A11P5	chrX	48177731	48178023			
ENSG00000165583.15	SSX5	chrX	48186220	48196763			
ENSG00000234780.1	AC245047.3	chrX	48197221	48199431			
ENSG00000252856.1	RNA5SP503	chrX	48206258	48206374			
ENSG00000204368.6	AC245047.1	chrX	48212791	48218010			
ENSG00000231568.1	S100A11P7	chrX	48228833	48228959			
ENSG00000229662.2	AC245047.2	chrX	48244894	48245745			
ENSG00000126752.8	SSX1	chrX	48255392	48267444			
ENSG00000232813.1	S100A11P6	chrX	48274904	48275047			
ENSG00000241207.1	AC245047.5	chrX	48276704	48277578			
ENSG00000237345.1	AC245047.4	chrX	48279423	48281792			
ENSG00000204648.11	SSX9P	chrX	48296816	48306179			
ENSG00000234391.1	AL606490.6	chrX	48306769	48309055			
ENSG00000227302.1	SSXP9	chrX	48322349	48326683			
ENSG00000230100.1	AL606490.3	chrX	48333675	48334439			
ENSG00000270747.1	S100A11P9	chrX	48336899	48337169			
ENSG00000165584.16	SSX3	chrX	48346427	48356707			
ENSG00000225055.1	AL606490.1	chrX	48357125	48359495			
ENSG00000234448.1	AL606490.7	chrX	48371905	48372095			
ENSG00000268009.6	SSX4	chrX	48383516	48393347			
ENSG00000269791.5	SSX4B	chrX	48402078	48411910			
ENSG00000231603.1	AL606490.5	chrX	48412303	48415285			
ENSG00000231489.1	AL606490.4	chrX	48423342	48423468			
ENSG00000235350.1	AL606490.8	chrX	48433201	48441619			
ENSG00000226971.1	AL606490.2	chrX	48446893	48448879			
ENSG00000017483.15	SLC38A5	chrX	48458537	48470260			
ENSG00000068438.15	FTSJ1	chrX	48476021	48486364			
ENSG00000224292.1	AF196972.1	chrX	48506523	48508838			
ENSG00000102312.23	PORCN	chrX	48508962	48520814			
ENSG00000147155.11	EBP	chrX	48521799	48528716			
ENSG00000286268.1	AF196969.1	chrX	48521806	48545469			
ENSG00000276823.1	Metazoa_SRP	chrX	48524480	48524806			
ENSG00000068354.16	TBC1D25	chrX	48539714	48562609			
ENSG00000204620.3	AC115618.1	chrX	48568014	48574860			
ENSG00000102317.18	RBM3	chrX	48574449	48581162			
ENSG00000228343.1	AC115618.2	chrX	48579774	48581157			
ENSG00000279528.1	AC115618.3	chrX	48580741	48581165			
ENSG00000220125.1	MRPL32P1	chrX	48583093	48583339			
ENSG00000101940.18	WDR13	chrX	48590042	48608869			
ENSG00000231725.1	VN1R110P	chrX	48636165	48637135			
ENSG00000015285.11	WAS	chrX	48676596	48691427			
ENSG00000101945.17	SUV39H1	chrX	48695554	48709016			
ENSG00000232828.1	AC231533.1	chrX	48698963	48737163			
ENSG00000206723.1	RNU6-1056P	chrX	48724455	48724561			
ENSG00000171433.12	GLOD5	chrX	48761747	48773648			
ENSG00000233585.2	AC231533.2	chrX	48775644	48776970			
ENSG00000207367.1	RNU6-29P	chrX	48776965	48777071			
ENSG00000102145.15	GATA1	chrX	48786562	48794311			
ENSG00000094631.21	HDAC6	chrX	48801377	48824982			
ENSG00000187682.2	ERAS	chrX	48826513	48830138			
ENSG00000102109.9	PCSK1N	chrX	48831096	48835610			
ENSG00000102103.17	PQBP1	chrX	48890197	48903143			
ENSG00000126768.12	TIMM17B	chrX	48893447	48898143			
ENSG00000102100.16	SLC35A2	chrX	48903180	48911958			
ENSG00000102096.9	PIM2	chrX	48913182	48919024			
ENSG00000068308.14	OTUD5	chrX	48922024	48958386			
ENSG00000279155.1	AC233300.1	chrX	48939992	48940808			
ENSG00000223309.1	RNU6-722P	chrX	48959179	48959282			
ENSG00000102057.10	KCND1	chrX	48961378	48971844			
ENSG00000068400.13	GRIPAP1	chrX	48973720	49002264			
ENSG00000068323.17	TFE3	chrX	49028726	49043410			
ENSG00000147144.13	CCDC120	chrX	49053572	49069857			
ENSG00000243279.4	PRAF2	chrX	49071161	49074002			
ENSG00000288053.1	AC231657.3	chrX	49071470	49079887			
ENSG00000196998.19	WDR45	chrX	49074433	49101170			
ENSG00000206936.1	RNU4-52P	chrX	49082028	49082165			
ENSG00000068394.11	GPKOW	chrX	49113407	49123735			
ENSG00000265033.2	RN7SL262P	chrX	49152651	49152944			
ENSG00000280116.2	AC231657.2	chrX	49155242	49157351			
ENSG00000269313.5	MAGIX	chrX	49162564	49168483			
ENSG00000279422.1	AC231657.1	chrX	49165576	49165972			
ENSG00000102007.11	PLP2	chrX	49171898	49175235			
ENSG00000012211.13	PRICKLE3	chrX	49174802	49186528			
ENSG00000102003.11	SYP	chrX	49187815	49200199			
ENSG00000237341.1	SYP-AS1	chrX	49198966	49202454			
ENSG00000102001.13	CACNA1F	chrX	49205063	49233371			
ENSG00000230216.1	HSPB1P2	chrX	49233956	49234501			
ENSG00000101997.13	CCDC22	chrX	49235470	49250520			
ENSG00000049768.16	FOXP3	chrX	49250438	49270477			
ENSG00000286181.1	AC232271.3	chrX	49262866	49270521			
ENSG00000049769.14	PPP1R3F	chrX	49269793	49301461			
ENSG00000270012.1	AC232271.1	chrX	49273054	49275768			
ENSG00000286031.1	AC232271.2	chrX	49279677	49281440			
ENSG00000215274.5	GAGE10	chrX	49303669	49319844			
ENSG00000224659.2	GAGE12J	chrX	49322057	49329384			
ENSG00000274274.1	GAGE13	chrX	49331616	49338952			
ENSG00000275113.1	GAGE2E	chrX	49341192	49345922			
ENSG00000236737.1	GAGE12B	chrX	49529869	49529985			
ENSG00000237671.3	GAGE12C	chrX	49532211	49539538			
ENSG00000227488.2	GAGE12D	chrX	49541767	49549094			
ENSG00000236362.8	GAGE12F	chrX	49551278	49568218			
ENSG00000216649.3	GAGE12E	chrX	49551333	49558649			
ENSG00000215269.5	GAGE12G	chrX	49570434	49577754			
ENSG00000224902.5	GAGE12H	chrX	49579983	49587301			
ENSG00000189064.8	GAGE2A	chrX	49589529	49596827			
ENSG00000205777.18	GAGE1	chrX	49599025	49608536			
ENSG00000213856.3	VDAC1P2	chrX	49632500	49633349			
ENSG00000227391.1	SALL1P1	chrX	49664844	49668680			
ENSG00000068985.5	PAGE1	chrX	49687447	49695984			
ENSG00000101951.17	PAGE4	chrX	49829260	49834264			
ENSG00000234390.4	USP27X-AS1	chrX	49876724	49879241			
ENSG00000273820.2	USP27X	chrX	49879484	49882558			
ENSG00000220132.1	CPSF1P2	chrX	49911620	49912362			
ENSG00000171365.17	CLCN5	chrX	49922596	50099235			
ENSG00000201341.1	RNU6-421P	chrX	49945336	49945442			
ENSG00000207758.1	MIR532	chrX	50003148	50003238			
ENSG00000207768.3	MIR188	chrX	50003503	50003588			
ENSG00000207785.1	MIR500A	chrX	50008431	50008514			
ENSG00000208015.1	MIR362	chrX	50008964	50009028			
ENSG00000211538.1	MIR501	chrX	50009722	50009805			
ENSG00000239057.2	MIR500B	chrX	50010672	50010750			
ENSG00000207970.3	MIR660	chrX	50013241	50013337			
ENSG00000272080.1	MIR502	chrX	50014598	50014683			
ENSG00000181977.3	PYY3	chrX	50156159	50156371			
ENSG00000202495.1	Y_RNA	chrX	50171197	50171297			
ENSG00000147081.15	AKAP4	chrX	50190777	50201007			
ENSG00000147082.18	CCNB3	chrX	50202713	50351914			
ENSG00000274588.2	DGKK	chrX	50365409	50470825			
ENSG00000158352.16	SHROOM4	chrX	50591647	50814302			
ENSG00000222303.1	RNU6-935P	chrX	50649641	50649740			
ENSG00000226881.5	H3P44	chrX	50905438	50905866			
ENSG00000130385.6	BMP15	chrX	50910735	50916641			
ENSG00000238190.1	HMGB1P15	chrX	50931114	50931548			
ENSG00000227493.1	AC239367.1	chrX	51030422	51031357			
ENSG00000230926.1	AC239367.2	chrX	51082818	51091228			
ENSG00000230317.2	LINC01284	chrX	51095836	51224432			
ENSG00000237926.1	AC239367.3	chrX	51162864	51163677			
ENSG00000229151.2	AC233976.1	chrX	51190598	51396462			
ENSG00000287767.1	AC233976.2	chrX	51325790	51330662			
ENSG00000122824.11	NUDT10	chrX	51332231	51337525			
ENSG00000226530.2	AL158055.1	chrX	51395959	51465661			
ENSG00000187690.4	EZHIP	chrX	51406948	51408843			
ENSG00000196368.5	NUDT11	chrX	51490011	51496592			
ENSG00000234766.2	LINC01496	chrX	51498490	51511005			
ENSG00000224109.3	CENPVL3	chrX	51617024	51618968			
ENSG00000283093.1	CENPVL2	chrX	51681212	51682831			
ENSG00000223591.5	CENPVL1	chrX	51710512	51712131			
ENSG00000189369.9	GSPT2	chrX	51743442	51746232			
ENSG00000179222.18	MAGED1	chrX	51803007	51902354			
ENSG00000236576.1	AC241520.1	chrX	51856968	51858066			
ENSG00000252377.1	RNU6-504P	chrX	51870706	51870809			
ENSG00000228827.1	AL929410.1	chrX	51903338	51903850			
ENSG00000232951.1	IPO7P1	chrX	51921864	51922499			
ENSG00000237528.1	UQCR10P1	chrX	51923552	51923740			
ENSG00000232562.1	TPMTP3	chrX	51979223	51980012			
ENSG00000182776.4	AC239585.1	chrX	52050860	52054255			
ENSG00000279750.3	AC239585.2	chrX	52053176	52055684			
ENSG00000187243.16	MAGED4B	chrX	52061827	52069248			
ENSG00000221705.1	SNORA11E	chrX	52063347	52063474			
ENSG00000154545.16	MAGED4	chrX	52184823	52192268			
ENSG00000221475.1	SNORA11D	chrX	52190621	52190748			
ENSG00000287215.1	AC231759.2	chrX	52195836	52265919			
ENSG00000179028.4	AC245177.1	chrX	52199840	52203235			
ENSG00000276474.1	AC231759.1	chrX	52326166	52326762			
ENSG00000275335.1	MIR8088	chrX	52336557	52336642			
ENSG00000155622.7	XAGE2	chrX	52369021	52375680			
ENSG00000225957.1	AC231532.1	chrX	52382053	52385614			
ENSG00000276897.1	AC231532.2	chrX	52409772	52410432			
ENSG00000224556.2	BX510359.1	chrX	52422069	52459066			
ENSG00000250084.1	BX510359.5	chrX	52448587	52451138			
ENSG00000278358.1	BX510359.8	chrX	52480836	52481131			
ENSG00000278160.1	BX510359.7	chrX	52481515	52483950			
ENSG00000275643.1	RBM22P6	chrX	52485046	52485912			
ENSG00000204379.11	XAGE1A	chrX	52495808	52500812			
ENSG00000223395.2	RBM22P7	chrX	52509903	52510182			
ENSG00000204382.11	XAGE1B	chrX	52512077	52520803			
ENSG00000277289.1	BX510359.6	chrX	52531709	52532051			
ENSG00000227058.1	BX510359.2	chrX	52545151	52547695			
ENSG00000231593.1	BX510359.4	chrX	52561769	52562301			
ENSG00000228771.1	BX510359.3	chrX	52583989	52586312			
ENSG00000185319.5	SSXP4	chrX	52598494	52603289			
ENSG00000197185.7	SSXP1	chrX	52606535	52611758			
ENSG00000234792.1	AL450023.2	chrX	52612656	52613523			
ENSG00000157965.12	SSX8P	chrX	52622935	52633948			
ENSG00000187754.9	SSX7	chrX	52644061	52654900			
ENSG00000228354.1	AL450023.1	chrX	52655207	52657254			
ENSG00000222608.1	RNA5SP504	chrX	52665231	52665347			
ENSG00000225508.1	SSXP5	chrX	52672718	52677051			
ENSG00000237275.1	S100A11P10	chrX	52687363	52687633			
ENSG00000241476.8	SSX2	chrX	52696896	52707189			
ENSG00000223958.1	AC244505.2	chrX	52707602	52709933			
ENSG00000225397.1	AC244505.3	chrX	52722338	52722524			
ENSG00000229826.2	AC244505.5	chrX	52735901	52736107			
ENSG00000268447.6	SSX2B	chrX	52751132	52790305			
ENSG00000269281.2	S100A11P8	chrX	52770809	52771080			
ENSG00000226867.1	AC244505.4	chrX	52781452	52785786			
ENSG00000204363.5	SPANXN5	chrX	52796144	52797427			
ENSG00000229885.1	AC244505.6	chrX	52801400	52801529			
ENSG00000171405.12	XAGE5	chrX	52812204	52818301			
ENSG00000196395.7	AC244505.1	chrX	52824269	52829267			
ENSG00000224781.1	EIF4A2P4	chrX	52832704	52833899			
ENSG00000171402.15	XAGE3	chrX	52862525	52868083			
ENSG00000179304.17	FAM156B	chrX	52891306	52908560			
ENSG00000286118.1	AC234031.1	chrX	52925956	52929574			
ENSG00000268350.7	FAM156A	chrX	52926402	52995472			
ENSG00000184194.6	GPR173	chrX	53048789	53080615			
ENSG00000270497.1	BX322635.1	chrX	53065053	53065548			
ENSG00000184205.14	TSPYL2	chrX	53082367	53088540			
ENSG00000234019.1	AL591212.1	chrX	53093710	53094858			
ENSG00000232593.7	KANTR	chrX	53094145	53170914			
ENSG00000235224.1	AL591212.2	chrX	53113018	53113274			
ENSG00000231340.1	ACTG1P10	chrX	53142832	53143913			
ENSG00000227329.2	AL139396.1	chrX	53164391	53164557			
ENSG00000126012.12	KDM5C	chrX	53191321	53225422			
ENSG00000276575.1	MIR6895	chrX	53195411	53195488			
ENSG00000277474.1	MIR6894	chrX	53198889	53198945			
ENSG00000235262.1	KDM5C-IT1	chrX	53212408	53214679			
ENSG00000124313.18	IQSEC2	chrX	53225828	53321350			
ENSG00000226299.2	RPSAP62	chrX	53322990	53323822			
ENSG00000207408.1	Y_RNA	chrX	53324562	53324674			
ENSG00000236571.1	AC245102.1	chrX	53337783	53337973			
ENSG00000234413.1	MPV17L2P1	chrX	53340986	53341505			
ENSG00000072501.19	SMC1A	chrX	53374149	53422728			
ENSG00000278204.1	MIR6857	chrX	53405673	53405765			
ENSG00000158423.17	RIBC1	chrX	53422690	53431120			
ENSG00000072506.13	HSD17B10	chrX	53431258	53434370			
ENSG00000233250.1	AC233728.1	chrX	53432722	53433032			
ENSG00000235416.1	TIPINP1	chrX	53456273	53457029			
ENSG00000199422.1	VTRNA3-1P	chrX	53462209	53462310			
ENSG00000086758.16	HUWE1	chrX	53532096	53686728			
ENSG00000271886.1	MIR98	chrX	53556223	53556341			
ENSG00000208012.1	MIRLET7F2	chrX	53557192	53557274			
ENSG00000224735.1	BX323845.1	chrX	53759026	53759204			
ENSG00000226110.2	BX323845.2	chrX	53768986	53769219			
ENSG00000229037.2	MRPL32P2	chrX	53807776	53808623			
ENSG00000235916.1	MRPS18CP7	chrX	53825887	53826309			
ENSG00000201618.1	RNA5SP505	chrX	53909054	53909161			
ENSG00000172943.20	PHF8	chrX	53936676	54048958			
ENSG00000184083.12	FAM120C	chrX	54068324	54183281			
ENSG00000224949.2	RPL37P24	chrX	54147372	54147659			
ENSG00000196632.10	WNK3	chrX	54192823	54358642			
ENSG00000234566.1	RPL7AP71	chrX	54223324	54224062			
ENSG00000207104.1	RNU6-434P	chrX	54343546	54343652			
ENSG00000158526.8	TSR2	chrX	54440404	54448032			
ENSG00000102302.8	FGD1	chrX	54445454	54496234			
ENSG00000130119.17	GNL3L	chrX	54530183	54621521			
ENSG00000215197.4	PGAM4P1	chrX	54671985	54672638			
ENSG00000102313.9	ITIH6	chrX	54748918	54798255			
ENSG00000102316.17	MAGED2	chrX	54807599	54816015			
ENSG00000221716.1	SNORA11	chrX	54814370	54814497			
ENSG00000275387.1	AL049732.1	chrX	54842014	54842134			
ENSG00000067445.21	TRO	chrX	54920462	54931431			
ENSG00000221750.1	SNORA11G	chrX	54927305	54927433			
ENSG00000158571.11	PFKFB1	chrX	54932961	54998534			
ENSG00000169188.5	APEX2	chrX	55000363	55009057			
ENSG00000158578.21	ALAS2	chrX	55009055	55030977			
ENSG00000278283.1	AL020991.1	chrX	55044749	55045121			
ENSG00000234466.1	HDGFL3P1	chrX	55054945	55055838			
ENSG00000238269.9	PAGE2B	chrX	55075030	55078909			
ENSG00000234068.7	PAGE2	chrX	55089018	55092842			
ENSG00000278319.1	AL590240.3	chrX	55101637	55102026			
ENSG00000276929.1	AL590240.2	chrX	55137930	55142433			
ENSG00000182518.13	FAM104B	chrX	55143102	55161310			
ENSG00000186678.7	AL590240.1	chrX	55172717	55176026			
ENSG00000229760.1	MTCO1P52	chrX	55178207	55178737			
ENSG00000231947.1	MTND2P24	chrX	55179194	55179999			
ENSG00000238047.1	MTND1P30	chrX	55180377	55181277			
ENSG00000256045.3	MTRNR2L10	chrX	55181392	55182442			
ENSG00000158639.13	PAGE5	chrX	55220346	55224108			
ENSG00000204279.7	PAGE3	chrX	55258412	55264846			
ENSG00000232765.6	AL158819.1	chrX	55279839	55288785			
ENSG00000266328.3	MIR4536-2	chrX	55451495	55451582			
ENSG00000283334.1	MIR4536-1	chrX	55451495	55451582			
ENSG00000187601.5	MAGEH1	chrX	55452127	55453566			
ENSG00000247746.4	USP51	chrX	55484616	55489202			
ENSG00000277516.1	AL590410.1	chrX	55520382	55520714			
ENSG00000200635.1	Y_RNA	chrX	55582733	55582834			
ENSG00000235136.1	PSMA5P1	chrX	55599663	55600106			
ENSG00000189299.7	FOXR2	chrX	55623400	55626192			
ENSG00000229594.1	AL159987.2	chrX	55633031	55635656			
ENSG00000169164.7	AL159987.1	chrX	55654709	55657014			
ENSG00000083750.13	RRAGB	chrX	55717749	55758774			
ENSG00000227486.2	AL050309.1	chrX	55908123	56209271			
ENSG00000214745.2	GOT2P6	chrX	55961208	55962482			
ENSG00000102349.18	KLF8	chrX	56232356	56291531			
ENSG00000234135.2	RPL23AP83	chrX	56242937	56243409			
ENSG00000188021.9	UBQLN2	chrX	56563627	56567868			
ENSG00000230105.1	AL354793.1	chrX	56618391	56624458			
ENSG00000204272.13	NBDY	chrX	56729241	56819179			
ENSG00000237748.1	UQCRBP1	chrX	56737242	56737577			
ENSG00000204271.13	SPIN3	chrX	56818298	56995827			
ENSG00000224799.1	AL139397.1	chrX	56973510	56974796			
ENSG00000237708.1	SPIN2P1	chrX	57068914	57069685			
ENSG00000186787.9	SPIN2B	chrX	57118551	57121546			
ENSG00000226310.1	AL022157.1	chrX	57121662	57127243			
ENSG00000147059.8	SPIN2A	chrX	57134530	57137625			
ENSG00000286977.1	Z83745.1	chrX	57222706	57224791			
ENSG00000231765.1	PPP1R11P2	chrX	57229034	57229415			
ENSG00000165591.6	FAAH2	chrX	57286706	57489196			
ENSG00000231831.1	MTHFD1P1	chrX	57392646	57395409			
ENSG00000198455.4	ZXDB	chrX	57591652	57597545			
ENSG00000215174.2	NLRP2B	chrX	57677067	57680260			
ENSG00000227427.1	MDH1P1	chrX	57766320	57767292			
ENSG00000198205.6	ZXDA	chrX	57906708	57910820			
ENSG00000228004.1	MYCLP2	chrX	57933837	57934803			
ENSG00000235124.1	KRT8P17	chrX	57984686	57986133			
ENSG00000236852.1	SSBL2P	chrX	62779250	62780326			
ENSG00000235170.1	MTND1P31	chrX	62842542	62843502			
ENSG00000228182.1	MTND2P25	chrX	62843697	62844306			
ENSG00000234570.1	ZFRP1	chrX	62878811	62884842			
ENSG00000277499.1	AL359854.1	chrX	63087071	63088664			
ENSG00000235437.8	LINC01278	chrX	63222993	63561095			
ENSG00000230823.3	CBX1P1	chrX	63299247	63299673			
ENSG00000186767.7	SPIN4	chrX	63347228	63351332			
ENSG00000233661.1	SPIN4-AS1	chrX	63349646	63352178			
ENSG00000131089.17	ARHGEF9	chrX	63634967	63809274			
ENSG00000231729.1	ARHGEF9-IT1	chrX	63670196	63671502			
ENSG00000288661.1	AL451106.1	chrX	63754485	63754664			
ENSG00000236813.1	BTF3P8	chrX	63766875	63767400			
ENSG00000222532.1	MIR1468	chrX	63786002	63786087			
ENSG00000232794.1	HNRNPDP1	chrX	64044305	64045058			
ENSG00000226010.1	AL355852.1	chrX	64144872	64147052			
ENSG00000184675.11	AMER1	chrX	64185117	64205708			
ENSG00000287370.1	AL356317.1	chrX	64205974	64233855			
ENSG00000244006.3	RN7SL799P	chrX	64210691	64210988			
ENSG00000198881.10	ASB12	chrX	64224194	64230607			
ENSG00000102043.16	MTMR8	chrX	64268081	64395452			
ENSG00000213754.2	KPNA4P1	chrX	64305047	64306733			
ENSG00000283349.3	PFN5P	chrX	64405473	64406136			
ENSG00000230889.2	SHC1P1	chrX	64432401	64434145			
ENSG00000227261.1	YWHAZP7	chrX	64612632	64613262			
ENSG00000226502.2	KRT8P27	chrX	64623117	64624573			
ENSG00000225814.1	GRPEL2P2	chrX	64697878	64698547			
ENSG00000236982.1	BLOC1S2P1	chrX	64726748	64727048			
ENSG00000126970.16	ZC4H2	chrX	64915802	65034713			
ENSG00000237971.1	AL445523.1	chrX	65185018	65187265			
ENSG00000225569.1	CCT4P2	chrX	65270913	65273019			
ENSG00000231857.1	MORF4L1P5	chrX	65327988	65331233			
ENSG00000237963.1	PRXL2CP1	chrX	65356890	65357547			
ENSG00000102053.12	ZC3H12B	chrX	65366638	65507887			
ENSG00000228158.2	TLE1P1	chrX	65408084	65408672			
ENSG00000001497.18	LAS1L	chrX	65438549	65534810			
ENSG00000227534.1	AP1M2P1	chrX	65469087	65470380			
ENSG00000227942.1	FRMD8P1	chrX	65550898	65552421			
ENSG00000147065.17	MSN	chrX	65588377	65741931			
ENSG00000231809.4	NANOGP9	chrX	65772741	65773632			
ENSG00000276689.1	AL450487.1	chrX	65786763	65787169			
ENSG00000233833.1	ETF1P3	chrX	65794345	65795835			
ENSG00000230039.1	CCNYL5	chrX	65821255	65822249			
ENSG00000237311.3	AL034397.1	chrX	65925836	66001436			
ENSG00000217835.3	RBMXP5	chrX	65956289	65957196			
ENSG00000274536.7	MIR223HG	chrX	66015461	66020422			
ENSG00000284567.1	MIR223	chrX	66018870	66018979			
ENSG00000155659.15	VSIG4	chrX	66021738	66040125			
ENSG00000215168.2	ATXN7L3P1	chrX	66055587	66056587			
ENSG00000237294.1	EIF4BP9	chrX	66074835	66076347			
ENSG00000089472.16	HEPH	chrX	66162549	66268867			
ENSG00000231356.1	MTFR1P1	chrX	66360766	66361776			
ENSG00000226820.2	AL592049.1	chrX	66437345	66440668			
ENSG00000235892.1	PKMP2	chrX	66497748	66499424			
ENSG00000131080.15	EDA2R	chrX	66595637	66639298			
ENSG00000222667.1	RNU6-394P	chrX	66676258	66676364			
ENSG00000226280.2	AL049641.1	chrX	67373573	67375520			
ENSG00000233710.1	AL049564.1	chrX	67533163	67533987			
ENSG00000169083.18	AR	chrX	67544021	67730619			
ENSG00000234201.1	BMI1P1	chrX	67791955	67792895			
ENSG00000260118.1	AL157700.1	chrX	68013470	68014901			
ENSG00000079482.13	OPHN1	chrX	68042344	68433913			
ENSG00000228328.2	PGK1P1	chrX	68070520	68071767			
ENSG00000252145.1	RNU6-1225P	chrX	68102068	68102132			
ENSG00000228125.2	AKIRIN1P2	chrX	68132868	68133437			
ENSG00000206646.1	Y_RNA	chrX	68361075	68361187			
ENSG00000225925.1	AL672138.1	chrX	68474710	68476874			
ENSG00000181704.12	YIPF6	chrX	68498562	68537282			
ENSG00000206747.1	RNU6-245P	chrX	68539443	68539549			
ENSG00000236735.3	RPL31P63	chrX	68600099	68600473			
ENSG00000234463.1	COX6CP12	chrX	68645326	68645527			
ENSG00000130052.13	STARD8	chrX	68647666	68725842			
ENSG00000232267.1	ACTR3P2	chrX	68771322	68772578			
ENSG00000213740.2	SERBP1P1	chrX	68783472	68785066			
ENSG00000090776.6	EFNB1	chrX	68829021	68842160			
ENSG00000181191.12	PJA1	chrX	69160851	69165521			
ENSG00000172186.7	HMGN1P35	chrX	69174124	69174717			
ENSG00000215162.2	LINC00269	chrX	69179557	69209924			
ENSG00000231706.2	CYCSP43	chrX	69485343	69485652			
ENSG00000130054.5	FAM155B	chrX	69504326	69532508			
ENSG00000228160.2	AL158069.1	chrX	69569635	69576337			
ENSG00000158813.18	EDA	chrX	69616067	70039472			
ENSG00000285776.1	5S_rRNA	chrX	69672479	69672597			
ENSG00000212434.2	U3	chrX	69692956	69693155			
ENSG00000233229.1	CNOT7P1	chrX	69937166	69938017			
ENSG00000211991.4	MIR676	chrX	70022857	70022923			
ENSG00000286077.1	AL158141.1	chrX	70037840	70039325			
ENSG00000147160.9	AWAT2	chrX	70040542	70049938			
ENSG00000189401.3	OTUD6A	chrX	70062457	70064179			
ENSG00000226579.1	MTCYBP31	chrX	70120353	70121474			
ENSG00000235382.1	MTND4P31	chrX	70124972	70129071			
ENSG00000089289.16	IGBP1	chrX	70133447	70166324			
ENSG00000220925.2	IGBP1-AS2	chrX	70148582	70149654			
ENSG00000203588.3	IGBP1-AS1	chrX	70163842	70165206			
ENSG00000184210.6	DGAT2L6	chrX	70177483	70205704			
ENSG00000242657.3	RN7SL581P	chrX	70222006	70222314			
ENSG00000204195.4	AWAT1	chrX	70234655	70240659			
ENSG00000200473.1	RNA5SP507	chrX	70253042	70253162			
ENSG00000186912.6	P2RY4	chrX	70258170	70259764			
ENSG00000120500.18	ARR3	chrX	70268305	70281840			
ENSG00000147127.8	RAB41	chrX	70282093	70285002			
ENSG00000120509.11	PDZD11	chrX	70286595	70290514			
ENSG00000090889.12	KIF4A	chrX	70290104	70420886			
ENSG00000231053.1	TRAPPC2LP1	chrX	70361486	70362374			
ENSG00000201377.1	RNY4P23	chrX	70396279	70396375			
ENSG00000130055.14	GDPD2	chrX	70423031	70433390			
ENSG00000284391.1	AL139398.1	chrX	70427450	70435350			
ENSG00000082458.12	DLG3	chrX	70444835	70505490			
ENSG00000200431.1	RNU4-81P	chrX	70450879	70451022			
ENSG00000231651.1	DLG3-AS1	chrX	70452958	70455994			
ENSG00000120498.14	TEX11	chrX	70528940	70908711			
ENSG00000230187.1	AL139109.1	chrX	70672895	70673515			
ENSG00000277492.1	AL627390.1	chrX	70846079	70846295			
ENSG00000280704.1	SNORD3E	chrX	70846080	70846295			
ENSG00000213747.2	WASHC3P1	chrX	70857163	70857502			
ENSG00000165349.12	SLC7A3	chrX	70925579	70931125			
ENSG00000230629.2	RPS23P8	chrX	70962964	70963293			
ENSG00000229324.1	NUTF2P7	chrX	71016531	71016905			
ENSG00000212605.1	RNU1-56P	chrX	71020275	71020438			
ENSG00000227536.1	SOCS5P4	chrX	71043214	71045470			
ENSG00000147164.12	SNX12	chrX	71056332	71073426			
ENSG00000184481.17	FOXO4	chrX	71095851	71103532			
ENSG00000204165.6	CXorf65	chrX	71103889	71106788			
ENSG00000285171.1	AL590764.2	chrX	71103987	71111575			
ENSG00000147168.13	IL2RG	chrX	71107404	71112108			
ENSG00000184634.16	MED12	chrX	71118556	71142454			
ENSG00000196338.13	NLGN3	chrX	71144831	71171201			
ENSG00000228427.3	AL590764.1	chrX	71183384	71198208			
ENSG00000169562.13	GJB1	chrX	71212811	71225516			
ENSG00000147130.14	ZMYM3	chrX	71239624	71255146			
ENSG00000147140.17	NONO	chrX	71254814	71301522			
ENSG00000147166.11	ITGB1BP2	chrX	71301750	71305371			
ENSG00000224208.1	ZCRB1P1	chrX	71314912	71315879			
ENSG00000213706.2	RHOG2P	chrX	71352418	71352988			
ENSG00000147133.16	TAF1	chrX	71366264	71532374			
ENSG00000275975.1	Metazoa_SRP	chrX	71368666	71368968			
ENSG00000229601.1	AL590762.1	chrX	71413834	71414086			
ENSG00000213018.2	PABPN1P1	chrX	71420083	71420514			
ENSG00000199751.1	Y_RNA	chrX	71491066	71491167			
ENSG00000243468.5	INGX	chrX	71491682	71492928			
ENSG00000215120.2	SOCS6P1	chrX	71527814	71530225			
ENSG00000147162.14	OGT	chrX	71533104	71575892			
ENSG00000147174.11	GCNA	chrX	71578411	71613583			
ENSG00000186810.8	CXCR3	chrX	71615916	71618511			
ENSG00000237265.6	BX276092.7	chrX	71662998	71666767			
ENSG00000283599.2	BX276092.9	chrX	71667542	71671524			
ENSG00000230934.1	BX276092.4	chrX	71691932	71692179			
ENSG00000281852.1	LINC00891	chrX	71697196	71706455			
ENSG00000215115.6	CXorf49	chrX	71714371	71718151			
ENSG00000226870.2	BX276092.2	chrX	71719142	71721278			
ENSG00000237182.1	BX276092.6	chrX	71736454	71736703			
ENSG00000237717.1	BX276092.8	chrX	71744828	71745077			
ENSG00000234442.4	BX276092.5	chrX	71760764	71763075			
ENSG00000215113.6	CXorf49B	chrX	71763424	71767204			
ENSG00000224617.1	BX276092.1	chrX	71789386	71789636			
ENSG00000229030.1	BX276092.3	chrX	71848775	71849004			
ENSG00000283178.1	BX119927.1	chrX	71869763	71873295			
ENSG00000204131.9	NHSL2	chrX	71910818	72161750			
ENSG00000201392.1	RNU6-1078P	chrX	71965972	71966074			
ENSG00000196933.5	RPS26P11	chrX	72044545	72044892			
ENSG00000242732.4	RTL5	chrX	72127110	72131901			
ENSG00000225471.5	BX119917.1	chrX	72159845	72160346			
ENSG00000102309.15	PIN4	chrX	72181353	72302926			
ENSG00000239577.3	RN7SL388P	chrX	72198712	72199050			
ENSG00000186871.7	ERCC6L	chrX	72204657	72239027			
ENSG00000198034.11	RPS4X	chrX	72255679	72277248			
ENSG00000238926.1	Y_RNA	chrX	72284945	72285045			
ENSG00000125931.11	CITED1	chrX	72301638	72307187			
ENSG00000285547.1	AL133500.1	chrX	72301691	72572843			
ENSG00000147099.21	HDAC8	chrX	72329516	72573101			
ENSG00000222810.1	RNU2-68P	chrX	72376979	72377169			
ENSG00000067177.15	PHKA1	chrX	72578814	72714319			
ENSG00000225858.1	MATR3P1	chrX	72660470	72660719			
ENSG00000231944.1	PHKA1-AS1	chrX	72688950	72712348			
ENSG00000273788.1	U3	chrX	72726122	72726337			
ENSG00000213698.2	CAPZA1P3	chrX	72727977	72728821			
ENSG00000201271.1	RNU1-112P	chrX	72740706	72740869			
ENSG00000184911.14	DMRTC1B	chrX	72777009	72848802			
ENSG00000269911.1	FAM226B	chrX	72777608	72779097			
ENSG00000268994.3	FAM236B	chrX	72781865	72782660			
ENSG00000225396.5	FAM236D	chrX	72807425	72808210			
ENSG00000269502.5	DMRTC1	chrX	72872025	72943814			
ENSG00000283594.1	FAM236C	chrX	72912615	72913401			
ENSG00000275520.2	FAM236A	chrX	72938163	72938958			
ENSG00000226725.2	PABPC1L2B-AS1	chrX	72998388	73002856			
ENSG00000184388.6	PABPC1L2B	chrX	73002939	73006106			
ENSG00000186288.5	PABPC1L2A	chrX	73077276	73079512			
ENSG00000231963.1	AL662864.1	chrX	73080167	73084635			
ENSG00000204118.2	NAP1L6P	chrX	73126037	73128080			
ENSG00000186462.9	NAP1L2	chrX	73212299	73214851			
ENSG00000230311.2	TOMM20P4	chrX	73223124	73223558			
ENSG00000237014.1	LRRFIP2P1	chrX	73237647	73238709			
ENSG00000225664.3	YWHAZP8	chrX	73274785	73275515			
ENSG00000207486.1	RNU6-1044P	chrX	73397531	73397637			
ENSG00000131264.3	CDX4	chrX	73447254	73455245			
ENSG00000233162.1	MORF4L1P6	chrX	73474563	73474830			
ENSG00000269904.2	MAP2K4P1	chrX	73524275	73563085			
ENSG00000237475.2	RPL7P53	chrX	73535503	73536241			
ENSG00000204116.11	CHIC1	chrX	73563200	73687102			
ENSG00000230146.1	SEPHS1P4	chrX	73769248	73770423			
ENSG00000270641.1	TSIX	chrX	73792205	73829231			
ENSG00000229807.12	XIST	chrX	73820649	73852723			
ENSG00000274655.1	AL353804.4	chrX	73821657	73821724			
ENSG00000277577.1	AL353804.6	chrX	73831145	73831270			
ENSG00000278039.1	AL353804.7	chrX	73850487	73850571			
ENSG00000182707.4	FXYD6P3	chrX	73875068	73875635			
ENSG00000230590.11	FTX	chrX	73940435	74293574			
ENSG00000225470.8	JPX	chrX	73944182	74070408			
ENSG00000274430.1	AL353804.3	chrX	73944332	73944466			
ENSG00000276784.1	AL353804.5	chrX	73944595	73944663			
ENSG00000228906.1	AL353804.1	chrX	73948973	73949558			
ENSG00000271199.1	AL353804.2	chrX	73958059	73969485			
ENSG00000233984.1	RPSAP14	chrX	74031462	74031820			
ENSG00000203397.2	SHISA5P2	chrX	74066083	74066592			
ENSG00000234969.1	AARSD1P1	chrX	74069276	74070832			
ENSG00000223650.1	UHRF2P1	chrX	74105572	74107958			
ENSG00000232928.2	DDX3P1	chrX	74121012	74131923			
ENSG00000280375.1	AL359740.1	chrX	74122134	74122725			
ENSG00000230986.1	DDX3P2	chrX	74133004	74133114			
ENSG00000224430.2	MKRN5P	chrX	74161062	74162528			
ENSG00000231549.1	ATP5MDP1	chrX	74173890	74174066			
ENSG00000204113.6	BMP2KL	chrX	74185929	74187153			
ENSG00000228492.2	RAB11FIP1P1	chrX	74202834	74204595			
ENSG00000271533.1	Z83843.1	chrX	74209976	74213660			
ENSG00000202566.4	MIR421	chrX	74218377	74218461			
ENSG00000212027.3	MIR374B	chrX	74218547	74218618			
ENSG00000283534.1	MIR374C	chrX	74218549	74218618			
ENSG00000265727.2	RN7SL648P	chrX	74242608	74242908			
ENSG00000278421.1	AC004386.6	chrX	74274341	74274411			
ENSG00000273974.1	AC004386.2	chrX	74280402	74280495			
ENSG00000275254.1	AC004386.3	chrX	74280936	74281082			
ENSG00000275625.1	AC004386.4	chrX	74281703	74281849			
ENSG00000207820.1	MIR545	chrX	74287104	74287209			
ENSG00000199168.3	MIR374A	chrX	74287286	74287357			
ENSG00000277922.1	AC004386.5	chrX	74293357	74293574			
ENSG00000187969.6	ZCCHC13	chrX	74304180	74305034			
ENSG00000226515.1	AC004386.1	chrX	74342713	74342860			
ENSG00000213269.2	RPS6P26	chrX	74376125	74376885			
ENSG00000239745.3	RN7SL790P	chrX	74390692	74390989			
ENSG00000230665.3	THAP12P1	chrX	74396871	74399550			
ENSG00000213695.3	RPS7P14	chrX	74409518	74410100			
ENSG00000147100.11	SLC16A2	chrX	74421493	74533917			
ENSG00000231206.2	HNRNPA1P25	chrX	74473017	74473953			
ENSG00000131263.13	RLIM	chrX	74582976	74614624			
ENSG00000230673.3	PABPC1P3	chrX	74583088	74583546			
ENSG00000199885.1	RNU6-330P	chrX	74680053	74680159			
ENSG00000050030.16	NEXMIF	chrX	74732856	74925472			
ENSG00000271589.1	AL139395.1	chrX	74769639	74769798			
ENSG00000131269.19	ABCB7	chrX	75051048	75156732			
ENSG00000094841.14	UPRT	chrX	75156388	75304885			
ENSG00000229661.1	BUD31P2	chrX	75201491	75201790			
ENSG00000199601.1	RNU6-562P	chrX	75202703	75202809			
ENSG00000232186.1	TERF1P7	chrX	75326772	75327999			
ENSG00000102383.14	ZDHHC15	chrX	75368427	75523502			
ENSG00000233254.1	RPL21P134	chrX	75384346	75384828			
ENSG00000237089.2	PCNPP4	chrX	75537547	75538702			
ENSG00000224775.2	BRAFP1	chrX	75582676	75585506			
ENSG00000215105.4	TTC3P1	chrX	75740831	75746911			
ENSG00000186675.7	MAGEE2	chrX	75782987	75785254			
ENSG00000233063.2	SAR1AP4	chrX	75884546	75885136			
ENSG00000226753.1	FOXN3P2	chrX	75888700	75888888			
ENSG00000226854.1	AL451105.1	chrX	75903105	75904858			
ENSG00000232332.1	ARL5AP5	chrX	76029895	76030330			
ENSG00000102390.11	PBDC1	chrX	76173040	76178314			
ENSG00000237252.1	MMADHCP1	chrX	76222637	76223097			
ENSG00000201826.1	RNU6-867P	chrX	76244968	76245074			
ENSG00000274398.1	AC233981.1	chrX	76250183	76251796			
ENSG00000213684.4	LDHBP2	chrX	76334841	76335845			
ENSG00000198934.5	MAGEE1	chrX	76427710	76431342			
ENSG00000223259.1	RNA5SP508	chrX	76655009	76655127			
ENSG00000235447.2	TRAPPC13P1	chrX	76655498	76656559			
ENSG00000280870.3	MIR325HG	chrX	76656866	77014532			
ENSG00000283242.1	MIR384	chrX	76919273	76919360			
ENSG00000207995.1	MIR325	chrX	77005404	77005501			
ENSG00000201447.1	RNA5SP509	chrX	77066709	77066827			
ENSG00000234404.2	SPRYD7P1	chrX	77374212	77381319			
ENSG00000196468.8	FGF16	chrX	77447389	77457278			
ENSG00000085224.23	ATRX	chrX	77504880	77786233			
ENSG00000237106.2	FABP5P15	chrX	77727867	77728080			
ENSG00000102158.20	MAGT1	chrX	77825747	77895593			
ENSG00000200906.1	RNU6-854P	chrX	77837289	77837395			
ENSG00000263410.2	RN7SL460P	chrX	77885377	77885634			
ENSG00000131174.7	COX7B	chrX	77899440	77907376			
ENSG00000165240.20	ATP7A	chrX	77910656	78050395			
ENSG00000102144.15	PGK1	chrX	77910739	78129295			
ENSG00000248503.2	AL356235.1	chrX	77910741	77964890			
ENSG00000226784.3	PGAM4	chrX	77967949	77969638			
ENSG00000187325.5	TAF9B	chrX	78129748	78139650			
ENSG00000223592.2	FNDC3CP	chrX	78165696	78172422			
ENSG00000173198.6	CYSLTR1	chrX	78271468	78327691			
ENSG00000224755.1	HMGN1P34	chrX	78519593	78520186			
ENSG00000235061.3	UBE2V1P7	chrX	78554412	78554751			
ENSG00000179300.4	RTL3	chrX	78656068	78659328			
ENSG00000271433.1	PPATP2	chrX	78699384	78699891			
ENSG00000147145.12	LPAR4	chrX	78747709	78757094			
ENSG00000227645.2	RPL7P54	chrX	78763226	78763899			
ENSG00000283622.1	MIR4328	chrX	78901194	78901249			
ENSG00000078589.13	P2RY10	chrX	78945332	78963727			
ENSG00000232168.2	P2RY10BP	chrX	79084936	79085848			
ENSG00000147138.3	GPR174	chrX	79144688	79175318			
ENSG00000271005.1	CTHRC1P1	chrX	79177200	79177668			
ENSG00000225025.2	KIF4CP	chrX	79323446	79325217			
ENSG00000078596.11	ITM2A	chrX	79360384	79367667			
ENSG00000270268.1	CORO1CP1	chrX	79369364	79370165			
ENSG00000122145.15	TBX22	chrX	80014753	80031774			
ENSG00000278530.4	CHMP1B2P	chrX	80228489	80335364			
ENSG00000174016.11	TENT5D	chrX	80335504	80445311			
ENSG00000230247.2	HNRNPH3P1	chrX	80529037	80530027			
ENSG00000228051.1	WBP11P3	chrX	80560146	80562054			
ENSG00000228612.2	HK2P1	chrX	80571871	80574607			
ENSG00000165288.11	BRWD3	chrX	80669503	80809877			
ENSG00000225715.1	PSMA1P1	chrX	80709928	80710705			
ENSG00000239008.1	AL590031.1	chrX	80857076	80857202			
ENSG00000212623.1	RNU6-493P	chrX	80900757	80900864			
ENSG00000073905.8	VDAC1P1	chrX	80929500	80930347			
ENSG00000212546.1	RNU6-995P	chrX	80936434	80936540			
ENSG00000284618.1	AL391294.1	chrX	81000150	81004217			
ENSG00000198157.11	HMGN5	chrX	81113699	81201913			
ENSG00000131171.13	SH3BGRL	chrX	81202102	81298547			
ENSG00000231875.1	AL359885.1	chrX	81363268	81364170			
ENSG00000224523.1	AL445213.1	chrX	81408938	81427276			
ENSG00000288059.1	AL445213.2	chrX	81475532	81498083			
ENSG00000233446.2	PDK1P2	chrX	81600072	81601306			
ENSG00000206826.1	RNU6-974P	chrX	82001220	82001327			
ENSG00000228041.2	EIF3JP1	chrX	82497669	82497924			
ENSG00000213653.4	RPL22P22	chrX	82506434	82506812			
ENSG00000202183.1	AL109931.1	chrX	82561201	82561347			
ENSG00000236365.1	EIF3MP1	chrX	82875649	82875885			
ENSG00000232735.2	ATG4AP1	chrX	82998699	82999236			
ENSG00000279437.1	Z82170.1	chrX	83506023	83509214			
ENSG00000196767.9	POU3F4	chrX	83508290	83512127			
ENSG00000236870.2	POMPP1	chrX	83559896	83560312			
ENSG00000215102.2	TERF1P4	chrX	83748825	83749939			
ENSG00000183035.13	CYLC1	chrX	83861126	83886699			
ENSG00000072133.11	RPS6KA6	chrX	84058346	84188199			
ENSG00000221494.1	MIR548I4	chrX	84225752	84225828			
ENSG00000165259.14	HDX	chrX	84317874	84502479			
ENSG00000233484.2	AL450471.1	chrX	84403898	84404024			
ENSG00000237211.2	SETP4	chrX	84755136	84756003			
ENSG00000229547.4	UBE2DNL	chrX	84934151	84934890			
ENSG00000230781.1	Z83820.1	chrX	84973217	84977829			
ENSG00000155008.14	APOOL	chrX	85003877	85093316			
ENSG00000184788.14	SATL1	chrX	85092284	85243911			
ENSG00000283446.1	Z99571.1	chrX	85143427	85156444			
ENSG00000276391.1	AC003001.2	chrX	85207187	85210649			
ENSG00000235461.2	AC003001.1	chrX	85210684	85220021			
ENSG00000147180.17	ZNF711	chrX	85243991	85273362			
ENSG00000124429.18	POF1B	chrX	85277396	85379717			
ENSG00000283435.1	MIR1321	chrX	85835780	85835858			
ENSG00000223707.2	SFR1P2	chrX	85849410	85850139			
ENSG00000276892.1	AL022401.1	chrX	85851575	85851682			
ENSG00000188419.14	CHM	chrX	85861180	86047561			
ENSG00000199051.3	MIR361	chrX	85903636	85903707			
ENSG00000199567.1	Y_RNA	chrX	86019608	86019715			
ENSG00000234039.2	NDUFA5P7	chrX	86066227	86066468			
ENSG00000225536.2	STIP1P3	chrX	86084716	86086339			
ENSG00000223574.1	TPMTP4	chrX	86128893	86129570			
ENSG00000126733.21	DACH2	chrX	86148451	86832604			
ENSG00000215093.3	EEF1A1P29	chrX	86160264	86161359			
ENSG00000223772.1	GEMIN8P3	chrX	86304367	86305086			
ENSG00000277717.1	U6	chrX	86481028	86481130			
ENSG00000231478.1	FCF1P9	chrX	86481532	86481813			
ENSG00000271290.1	COPS8P1	chrX	86798598	86799226			
ENSG00000236190.1	Z82210.1	chrX	86888586	86888816			
ENSG00000271457.1	AL590229.2	chrX	87143854	87144748			
ENSG00000200422.1	AL590229.1	chrX	87146733	87146804			
ENSG00000230478.1	Z96811.1	chrX	87425583	87425690			
ENSG00000102271.14	KLHL4	chrX	87517409	87670050			
ENSG00000237506.3	RPSAP15	chrX	87703343	87704203			
ENSG00000282914.1	Z83818.2	chrX	87707579	87750883			
ENSG00000271205.1	Z83818.1	chrX	87723089	87723238			
ENSG00000270446.1	RPL34P36	chrX	87806433	87806769			
ENSG00000271056.1	MRPS22P1	chrX	87807549	87809883			
ENSG00000230706.2	TMEM184CP1	chrX	88061590	88062844			
ENSG00000230956.2	CAPZA1P1	chrX	88096393	88097225			
ENSG00000252016.1	AL024493.1	chrX	88148792	88148918			
ENSG00000271693.1	AL929325.1	chrX	88369343	88369459			
ENSG00000147183.10	CPXCR1	chrX	88747225	88754785			
ENSG00000271157.1	AL022154.1	chrX	88827554	88829858			
ENSG00000232576.2	AL645638.1	chrX	88908403	88908763			
ENSG00000270745.1	AL731768.1	chrX	88982215	88982353			
ENSG00000224065.2	SRIP2	chrX	89367435	89367600			
ENSG00000225012.5	AL121872.1	chrX	89423738	89446983			
ENSG00000153779.11	TGIF2LX	chrX	89921908	89922883			
ENSG00000227581.2	STAU2P1	chrX	90039213	90039834			
ENSG00000226081.2	USP12PX	chrX	90112650	90113706			
ENSG00000274022.1	AL121873.1	chrX	90208895	90209418			
ENSG00000227434.2	RNF19BPX	chrX	90209796	90210420			
ENSG00000229667.2	UBE2V1P9	chrX	90289536	90289903			
ENSG00000207515.1	RNU6-555P	chrX	90597235	90597340			
ENSG00000206062.4	AL121823.1	chrX	91307781	91308878			
ENSG00000234161.1	PABPC5-AS1	chrX	91414878	91434999			
ENSG00000236413.2	AL662874.1	chrX	91422309	91422538			
ENSG00000174740.8	PABPC5	chrX	91434595	91438584			
ENSG00000230275.2	SERBP1P4	chrX	91560436	91561597			
ENSG00000102290.22	PCDH11X	chrX	91779261	92623230			
ENSG00000222440.1	RNU2-26P	chrX	91798093	91798283			
ENSG00000234702.1	VDAC1P3	chrX	91982655	91983505			
ENSG00000229132.2	EIF4A1P10	chrX	92113246	92114461			
ENSG00000215089.3	KRT18P11	chrX	92459670	92460952			
ENSG00000230543.1	SNX3P1X	chrX	92515323	92515497			
ENSG00000225912.1	RPL26P36	chrX	92676519	92676954			
ENSG00000285445.1	TUSC2P2	chrX	92770855	92772091			
ENSG00000237873.1	DLGAP5P2	chrX	93042490	93042942			
ENSG00000234130.2	AP2B1P1	chrX	93222220	93225015			
ENSG00000234322.1	ST13P18	chrX	93287733	93288759			
ENSG00000237381.2	NT5DC1P1	chrX	93388075	93389497			
ENSG00000228301.1	RPL7P55	chrX	93573834	93574579			
ENSG00000186310.10	NAP1L3	chrX	93670930	93673578			
ENSG00000179083.6	FAM133A	chrX	93674013	93712274			
ENSG00000270826.1	USP37P1	chrX	93776911	93777384			
ENSG00000212495.1	RNU6-332P	chrX	94003815	94003922			
ENSG00000202410.1	Y_RNA	chrX	94178005	94178106			
ENSG00000227521.2	TUBB4BP8	chrX	94319038	94320025			
ENSG00000232293.2	PAICSP7	chrX	94636663	94639570			
ENSG00000231001.2	CCNB1IP1P3	chrX	94776739	94777567			
ENSG00000221187.1	MIR548M	chrX	95063141	95063226			
ENSG00000271094.1	AL022161.1	chrX	95453369	95453581			
ENSG00000223467.2	CALM1P1	chrX	95499604	95500036			
ENSG00000201567.1	RNA5SP510	chrX	95582064	95582162			
ENSG00000215085.4	GTF3C6P1	chrX	95584303	95584942			
ENSG00000236185.1	HNRNPDLP3	chrX	95610578	95610957			
ENSG00000226307.1	HNRNPDLP1	chrX	95638375	95638924			
ENSG00000235425.2	RPS7P13	chrX	95679130	95679627			
ENSG00000270583.1	AL365400.1	chrX	95720243	95721144			
ENSG00000232842.2	KAT7P1	chrX	95973328	95974315			
ENSG00000242998.3	RN7SL379P	chrX	96023360	96023652			
ENSG00000203262.3	AL137845.1	chrX	96070669	96071778			
ENSG00000286523.1	AL022151.1	chrX	96127747	96372889			
ENSG00000232069.1	RPS29P28	chrX	96195477	96195617			
ENSG00000271209.1	BRDTP1	chrX	96337236	96337912			
ENSG00000223260.1	RN7SKP194	chrX	96410432	96410782			
ENSG00000229693.2	SKP2P1	chrX	96620654	96621903			
ENSG00000147202.18	DIAPH2	chrX	96684663	97604997			
ENSG00000207426.1	Y_RNA	chrX	96701507	96701619			
ENSG00000204086.4	RPA4	chrX	96883908	96885467			
ENSG00000214628.3	NDUFB5P2	chrX	96953630	96954195			
ENSG00000277900.1	Metazoa_SRP	chrX	97081674	97081956			
ENSG00000265260.2	RN7SL74P	chrX	97341046	97341344			
ENSG00000236256.9	DIAPH2-AS1	chrX	97431286	97642589			
ENSG00000233887.1	AL354685.1	chrX	97847263	97849017			
ENSG00000237752.2	NCKAP1P1	chrX	97906644	97908090			
ENSG00000234889.2	KPNB1P1	chrX	97975878	97978641			
ENSG00000236243.2	RPL6P29	chrX	98251679	98252543			
ENSG00000271322.1	AL357312.1	chrX	98348451	98348748			
ENSG00000213704.3	EEF1A1P15	chrX	98389512	98390919			
ENSG00000226837.2	HMGB1P32	chrX	98422138	98422809			
ENSG00000281566.3	AL157778.1	chrX	98450688	98892061			
ENSG00000270308.1	TEX101P1	chrX	99656997	99657381			
ENSG00000215070.4	XRCC6P5	chrX	99719364	99721158			
ENSG00000229946.2	B3GNT2P1	chrX	99886740	99887691			
ENSG00000252296.2	AL359641.1	chrX	100100084	100100172			
ENSG00000236988.2	CTDSPL2P1	chrX	100149783	100151340			
ENSG00000230592.2	RPSAP8	chrX	100155885	100156773			
ENSG00000165194.15	PCDH19	chrX	100291644	100410273			
ENSG00000000005.6	TNMD	chrX	100584936	100599885			
ENSG00000000003.15	TSPAN6	chrX	100627108	100639991			
ENSG00000102359.8	SRPX2	chrX	100644195	100675788			
ENSG00000102362.15	SYTL4	chrX	100674491	100732123			
ENSG00000223819.2	PPIAP89	chrX	100800303	100800784			
ENSG00000238116.2	RAD21P1	chrX	100801188	100803060			
ENSG00000275320.1	Z95327.2	chrX	100815865	100817174			
ENSG00000101811.14	CSTF2	chrX	100820359	100841520			
ENSG00000202231.1	Z95327.1	chrX	100822620	100822752			
ENSG00000007952.18	NOX1	chrX	100843324	100874359			
ENSG00000239345.2	HNRNPA1P26	chrX	100855288	100856379			
ENSG00000233680.4	HNRNPA1P27	chrX	100887636	100888590			
ENSG00000179031.8	NSA2P3	chrX	100910712	100911489			
ENSG00000182489.9	XKRX	chrX	100913445	100929433			
ENSG00000182574.8	CSGALNACT2P1	chrX	100956593	100957538			
ENSG00000174225.15	ARL13A	chrX	100969708	100990831			
ENSG00000188917.15	TRMT2B	chrX	101009346	101052116			
ENSG00000225839.2	TRMT2B-AS1	chrX	101043564	101094476			
ENSG00000126950.8	TMEM35A	chrX	101078879	101096367			
ENSG00000102384.13	CENPI	chrX	101098218	101163681			
ENSG00000231643.4	YWHAQP8	chrX	101191115	101191409			
ENSG00000102385.12	DRP2	chrX	101219769	101264497			
ENSG00000102387.16	TAF7L	chrX	101268253	101293057			
ENSG00000202024.1	RNU6-934P	chrX	101325404	101325510			
ENSG00000270813.2	NANOGNBP3	chrX	101337725	101338289			
ENSG00000183911.7	RPL21P132	chrX	101339917	101340934			
ENSG00000126953.8	TIMM8A	chrX	101345661	101348742			
ENSG00000010671.16	BTK	chrX	101349447	101390796			
ENSG00000241343.10	RPL36A	chrX	101390824	101396155			
ENSG00000257529.5	RPL36A-HNRNPH2	chrX	101391011	101412297			
ENSG00000102393.14	GLA	chrX	101393273	101408012			
ENSG00000126945.9	HNRNPH2	chrX	101408222	101414133			
ENSG00000196440.11	ARMCX4	chrX	101418287	101533459			
ENSG00000234557.2	PPIAP90	chrX	101443707	101444103			
ENSG00000237682.2	PRKCIP1	chrX	101537485	101539276			
ENSG00000126947.13	ARMCX1	chrX	101550547	101554700			
ENSG00000204072.3	ARMCX7P	chrX	101597510	101598671			
ENSG00000198960.11	ARMCX6	chrX	101615118	101618001			
ENSG00000102401.20	ARMCX3	chrX	101622797	101627843			
ENSG00000228275.1	ARMCX3-AS1	chrX	101622983	101624164			
ENSG00000261101.2	AC234775.2	chrX	101627868	101628523			
ENSG00000207291.1	RNU6-30P	chrX	101634006	101634112			
ENSG00000286000.1	AC234775.3	chrX	101640421	101644352			
ENSG00000184867.14	ARMCX2	chrX	101655281	101659850			
ENSG00000223753.2	AC234775.1	chrX	101683780	101684449			
ENSG00000212584.1	RNU6-587P	chrX	101691580	101691685			
ENSG00000229090.2	FO082842.1	chrX	101720340	101721709			
ENSG00000178146.9	GK4P	chrX	101778969	101780538			
ENSG00000126952.17	NXF5	chrX	101832112	101857577			
ENSG00000166432.15	ZMAT1	chrX	101882288	101932079			
ENSG00000235196.3	Z68868.1	chrX	101911529	101912072			
ENSG00000252810.1	RNU6-345P	chrX	101915589	101915695			
ENSG00000235976.2	H2BP8	chrX	101989481	101989872			
ENSG00000226119.1	C3orf49P1	chrX	102006883	102007294			
ENSG00000234901.1	MTND6P13	chrX	102008524	102009046			
ENSG00000184905.9	TCEAL2	chrX	102125679	102140426			
ENSG00000204071.10	TCEAL6	chrX	102140476	102142970			
ENSG00000286794.1	Z70719.1	chrX	102142588	102143971			
ENSG00000184515.11	BEX5	chrX	102153708	102155977			
ENSG00000251525.6	TCP11X3P	chrX	102173100	102185021			
ENSG00000268235.7	TCP11X1	chrX	102215301	102229532			
ENSG00000269405.7	NXF2	chrX	102247167	102326722			
ENSG00000273746.1	AC234791.1	chrX	102259043	102261692			
ENSG00000284800.1	AC235565.2	chrX	102360395	102471812			
ENSG00000269437.7	NXF2B	chrX	102360396	102439932			
ENSG00000231590.2	AC235565.1	chrX	102425343	102428080			
ENSG00000215029.11	TCP11X2	chrX	102456862	102471842			
ENSG00000158164.7	TMSB15A	chrX	102513682	102516739			
ENSG00000176318.8	FOXN3P1	chrX	102546734	102548213			
ENSG00000196970.8	NXF4	chrX	102549965	102571695			
ENSG00000125962.14	ARMCX5	chrX	102599168	102604159			
ENSG00000271147.8	ARMCX5-GPRASP2	chrX	102599512	102714671			
ENSG00000270050.1	AL035427.1	chrX	102599657	102659712			
ENSG00000227211.2	H3P45	chrX	102615473	102615820			
ENSG00000198932.13	GPRASP1	chrX	102651092	102659083			
ENSG00000286327.1	AL035427.2	chrX	102659983	102663455			
ENSG00000252294.1	RNU6-589P	chrX	102678707	102678813			
ENSG00000230320.1	BEND7P1	chrX	102705784	102706240			
ENSG00000158301.18	GPRASP2	chrX	102712176	102717733			
ENSG00000286237.1	ARMCX5-GPRASP2	chrX	102712495	102753530			
ENSG00000198908.12	BHLHB9	chrX	102720688	102753540			
ENSG00000223546.7	LINC00630	chrX	102769158	102885406			
ENSG00000232282.1	MTND1P32	chrX	102785667	102786604			
ENSG00000229954.1	MTND2P2	chrX	102786813	102788387			
ENSG00000237300.2	MTCO1P19	chrX	102796251	102797093			
ENSG00000237628.2	MTCO2P19	chrX	102797531	102798128			
ENSG00000228316.1	MTATP6P19	chrX	102798396	102799560			
ENSG00000224471.2	MTCO3P19	chrX	102799563	102799883			
ENSG00000226056.1	MTND4P32	chrX	102799942	102801399			
ENSG00000234886.1	MTND5P26	chrX	102803041	102806138			
ENSG00000227649.1	MTND6P32	chrX	102806164	102806646			
ENSG00000229794.2	MTCYBP32	chrX	102806741	102807824			
ENSG00000239407.5	Z68871.1	chrX	102884414	102906158			
ENSG00000102128.8	RAB40AL	chrX	102937272	102938300			
ENSG00000234050.1	Z95624.1	chrX	102937770	102940561			
ENSG00000286846.1	Z93943.1	chrX	102945971	102952039			
ENSG00000224632.1	NUDT19P2	chrX	103007461	103008072			
ENSG00000133169.6	BEX1	chrX	103062651	103064171			
ENSG00000147206.17	NXF3	chrX	103075810	103093143			
ENSG00000226241.2	Z75746.1	chrX	103087198	103089277			
ENSG00000233071.3	RPSAP59	chrX	103206010	103206899			
ENSG00000102409.10	BEX4	chrX	103215108	103217246			
ENSG00000180964.17	TCEAL8	chrX	103252995	103255192			
ENSG00000224692.1	Z68694.1	chrX	103258572	103259581			
ENSG00000204065.3	TCEAL5	chrX	103273691	103276750			
ENSG00000133134.12	BEX2	chrX	103309346	103311007			
ENSG00000182916.8	TCEAL7	chrX	103330229	103332326			
ENSG00000238049.2	Z92846.1	chrX	103347462	103347729			
ENSG00000185222.10	TCEAL9	chrX	103356489	103358462			
ENSG00000166681.14	BEX3	chrX	103376395	103378164			
ENSG00000281091.3	AL117327.1	chrX	103404777	103452754			
ENSG00000234405.2	Z69733.1	chrX	103486461	103517919			
ENSG00000172476.4	RAB40A	chrX	103499130	103519489			
ENSG00000287619.1	AL021308.1	chrX	103563917	103573278			
ENSG00000133142.18	TCEAL4	chrX	103576231	103587729			
ENSG00000279894.1	Z73965.1	chrX	103596608	103598904			
ENSG00000196507.11	TCEAL3	chrX	103607451	103629690			
ENSG00000224031.1	TCEAL3-AS1	chrX	103626076	103626492			
ENSG00000172465.14	TCEAL1	chrX	103628704	103630953			
ENSG00000180284.5	CNEP1R1P1	chrX	103651735	103652106			
ENSG00000123562.18	MORF4L2	chrX	103675496	103688158			
ENSG00000231154.1	MORF4L2-AS1	chrX	103687284	103691772			
ENSG00000188828.12	GLRA4	chrX	103702210	103728655			
ENSG00000288597.1	AC234782.2	chrX	103707034	103919047			
ENSG00000179363.7	TMEM31	chrX	103710909	103714032			
ENSG00000123560.14	PLP1	chrX	103773718	103792619			
ENSG00000123570.4	RAB9B	chrX	103822327	103832257			
ENSG00000231728.5	TMSB15B-AS1	chrX	103845151	103919548			
ENSG00000222419.1	RNA5SP511	chrX	103850797	103850911			
ENSG00000231787.4	H2BP9	chrX	103904322	103904754			
ENSG00000276298.1	AC234782.1	chrX	103909126	103909449			
ENSG00000234345.2	ELF2P1	chrX	103910305	103911352			
ENSG00000158427.15	TMSB15B	chrX	103918896	103966712			
ENSG00000230312.2	SLC25A53P1	chrX	103928099	103929017			
ENSG00000227067.3	DPPA3P1	chrX	103961811	103962279			
ENSG00000123569.8	H2BW1	chrX	104011147	104013687			
ENSG00000101812.14	H2BW2	chrX	104039949	104042454			
ENSG00000235946.1	H2BW3P	chrX	104062542	104063037			
ENSG00000269226.7	TMSB15B	chrX	104063871	104076212			
ENSG00000269743.3	SLC25A53	chrX	104099214	104157009			
ENSG00000166707.12	ZCCHC18	chrX	104112131	104115842			
ENSG00000123575.9	FAM199X	chrX	104166453	104195902			
ENSG00000123576.5	ESX1	chrX	104250038	104254933			
ENSG00000189108.13	IL1RAPL2	chrX	104566199	105767829			
ENSG00000232665.2	PHBP10	chrX	104647216	104647999			
ENSG00000223733.1	RPL18AP14	chrX	104803915	104804440			
ENSG00000268629.8	TEX13A	chrX	105218929	105220694			
ENSG00000181819.14	KCTD9P2	chrX	105405647	105407039			
ENSG00000206864.1	RNU6-207P	chrX	105676071	105676177			
ENSG00000123572.17	NRK	chrX	105822539	105958610			
ENSG00000123561.15	SERPINA7	chrX	106032435	106038727			
ENSG00000230788.2	CTDSPL2P2	chrX	106070481	106073202			
ENSG00000157502.13	PWWP3B	chrX	106168305	106208956			
ENSG00000256709.2	CSGALNACT2P2	chrX	106327534	106327824			
ENSG00000202407.1	Y_RNA	chrX	106426568	106426669			
ENSG00000224816.1	NAP1L4P2	chrX	106466542	106467440			
ENSG00000227657.1	SERPINA7P1	chrX	106562774	106563404			
ENSG00000277673.1	AL590808.1	chrX	106566021	106566161			
ENSG00000147231.14	RADX	chrX	106611930	106679439			
ENSG00000263515.1	MIR548AN	chrX	106639814	106639896			
ENSG00000133135.14	RNF128	chrX	106693794	106797016			
ENSG00000133138.20	TBC1D8B	chrX	106802673	106876150			
ENSG00000133131.15	MORC4	chrX	106813871	107000212			
ENSG00000147223.6	RIPPLY1	chrX	106900063	106903341			
ENSG00000165376.11	CLDN2	chrX	106900164	106930861			
ENSG00000231144.1	EEF1A1P40	chrX	107032248	107032820			
ENSG00000089682.16	RBM41	chrX	107064420	107118823			
ENSG00000198088.10	NUP62CL	chrX	107123427	107206433			
ENSG00000213569.4	GTF3C6P2	chrX	107131659	107132269			
ENSG00000199832.1	Y_RNA	chrX	107202577	107202683			
ENSG00000080572.13	DNAAF6	chrX	107206611	107244247			
ENSG00000204053.6	MYCLP1	chrX	107272582	107273656			
ENSG00000215007.3	DNAJA1P3	chrX	107351650	107352843			
ENSG00000214720.4	KRT18P49	chrX	107428630	107429461			
ENSG00000227610.1	FRMPD3-AS1	chrX	107512983	107545821			
ENSG00000147234.10	FRMPD3	chrX	107522450	107605251			
ENSG00000147224.13	PRPS1	chrX	107628428	107651993			
ENSG00000157514.16	TSC22D3	chrX	107713221	107777342			
ENSG00000170935.8	NCBP2L	chrX	107774899	107795829			
ENSG00000080561.14	MID2	chrX	107825755	107931637			
ENSG00000236064.2	AL109946.1	chrX	107857364	107936230			
ENSG00000207363.1	Y_RNA	chrX	107901145	107901246			
ENSG00000225728.2	TMEM230P1	chrX	107939263	107939642			
ENSG00000277883.1	NLRP3P1	chrX	107974078	107985008			
ENSG00000170925.3	TEX13B	chrX	107980864	107982370			
ENSG00000101842.14	VSIG1	chrX	108044970	108079184			
ENSG00000101843.19	PSMD10	chrX	108084207	108091549			
ENSG00000101844.18	ATG4A	chrX	108091668	108154671			
ENSG00000197565.16	COL4A6	chrX	108155607	108439497			
ENSG00000189372.4	AL034369.1	chrX	108383398	108383993			
ENSG00000188153.14	COL4A5	chrX	108439838	108697545			
ENSG00000207146.1	Y_RNA	chrX	108676951	108677057			
ENSG00000261409.1	AL035425.3	chrX	108719949	108724944			
ENSG00000260548.1	AL035425.2	chrX	108722070	108732687			
ENSG00000280322.1	AL035425.4	chrX	108725886	108726948			
ENSG00000133124.11	IRS4	chrX	108732482	108736409			
ENSG00000237863.3	AL035425.1	chrX	108736011	108739223			
ENSG00000201443.1	RNU6-309P	chrX	108826764	108826869			
ENSG00000275110.1	AL928646.1	chrX	109054542	109054590			
ENSG00000215000.4	GAPDHP77	chrX	109341813	109342697			
ENSG00000101890.5	GUCY2F	chrX	109372906	109482086			
ENSG00000101888.12	NXT2	chrX	109535781	109544698			
ENSG00000233874.2	MFN1P1	chrX	109568478	109570289			
ENSG00000176076.7	KCNE5	chrX	109623700	109625172			
ENSG00000068366.20	ACSL4	chrX	109624244	109733403			
ENSG00000237319.1	AL118496.1	chrX	109636834	109637063			
ENSG00000252069.1	Y_RNA	chrX	109744643	109744749			
ENSG00000225381.2	RPS5P7	chrX	109853312	109853919			
ENSG00000157600.12	TMEM164	chrX	110002631	110182734			
ENSG00000208013.3	MIR652	chrX	110055329	110055426			
ENSG00000265584.1	MIR3978	chrX	110082118	110082218			
ENSG00000101935.10	AMMECR1	chrX	110194186	110440233			
ENSG00000208883.1	SNORD96B	chrX	110224985	110225063			
ENSG00000224142.1	AMMECR1-IT1	chrX	110305420	110307221			
ENSG00000133136.4	GNG5P2	chrX	110346703	110346909			
ENSG00000243978.8	RTL9	chrX	110358816	110456334			
ENSG00000287685.1	AC000113.1	chrX	110472692	110524320			
ENSG00000225366.4	TDGF1P3	chrX	110520312	110523021			
ENSG00000228042.2	M6PRP1	chrX	110636841	110637672			
ENSG00000101938.15	CHRDL1	chrX	110673856	110795819			
ENSG00000077264.15	PAK3	chrX	110944285	111227361			
ENSG00000226112.1	FCF1P4	chrX	111169221	111169403			
ENSG00000234349.1	GLUD1P9	chrX	111229889	111231061			
ENSG00000077274.9	CAPN6	chrX	111245099	111270483			
ENSG00000077279.19	DCX	chrX	111293779	111412429			
ENSG00000251954.1	RNU6-496P	chrX	111421510	111421608			
ENSG00000223904.2	HMGB1P12	chrX	111434427	111435024			
ENSG00000260802.1	SERTM2	chrX	111511662	111522399			
ENSG00000229939.1	AL589880.1	chrX	111618808	111619094			
ENSG00000225031.1	EIF4BP7	chrX	111619677	111621489			
ENSG00000236189.2	RPL18AP15	chrX	111624210	111624726			
ENSG00000101901.12	ALG13	chrX	111665811	111760649			
ENSG00000201420.1	RNA5SP512	chrX	111669829	111669948			
ENSG00000229487.1	ALG13-AS1	chrX	111706649	111711101			
ENSG00000072315.3	TRPC5	chrX	111774315	112082776			
ENSG00000204025.8	TRPC5OS	chrX	111876051	111903990			
ENSG00000271421.1	AC005191.1	chrX	111930735	111931092			
ENSG00000271464.1	DPRXP7	chrX	112319952	112320417			
ENSG00000271400.1	CCDC121P1	chrX	112381392	112382220			
ENSG00000187823.3	RTL4	chrX	112454500	112457112			
ENSG00000182508.14	LHFPL1	chrX	112630648	112680054			
ENSG00000200436.1	Y_RNA	chrX	112661657	112661768			
ENSG00000213652.3	HMGB3P30	chrX	112689915	112690520			
ENSG00000126016.16	AMOT	chrX	112774503	112840889			
ENSG00000283775.1	MIR4329	chrX	112780718	112780788			
ENSG00000243011.3	RN7SL266P	chrX	112855874	112856162			
ENSG00000286072.1	AC002072.1	chrX	112880563	113212186			
ENSG00000252930.1	RNU6-1015P	chrX	112919132	112919230			
ENSG00000286767.1	AL023877.1	chrX	113157873	113188018			
ENSG00000235329.2	AL031183.1	chrX	113347413	113347619			
ENSG00000220541.4	PPIHP2	chrX	113522482	113522989			
ENSG00000241743.4	XACT	chrX	113616300	114059289			
ENSG00000270524.1	QTRT1P1	chrX	113882590	113883667			
ENSG00000201674.2	U3	chrX	113944186	113944399			
ENSG00000207220.1	RNU1-57P	chrX	113949917	113950082			
ENSG00000240327.3	RN7SL93P	chrX	113976341	113976633			
ENSG00000212611.1	SNORD30	chrX	114017033	114017102			
ENSG00000288595.1	AC236668.1	chrX	114040388	114055778			
ENSG00000230502.1	AL953862.1	chrX	114388988	114389155			
ENSG00000271686.1	TNPO3P1	chrX	114389135	114389954			
ENSG00000226547.2	SSU72P1	chrX	114390674	114391256			
ENSG00000147246.10	HTR2C	chrX	114584078	114910061			
ENSG00000224664.2	RPL36AP53	chrX	114589620	114589935			
ENSG00000208839.1	SNORA35	chrX	114630797	114630924			
ENSG00000212100.2	MIR764	chrX	114639435	114639519			
ENSG00000222321.1	MIR1912	chrX	114651544	114651623			
ENSG00000276158.2	MIR1264	chrX	114652655	114652723			
ENSG00000221710.1	MIR1298	chrX	114715233	114715344			
ENSG00000222715.1	MIR1911	chrX	114763184	114763263			
ENSG00000224773.2	HSPA8P7	chrX	114774828	114776775			
ENSG00000199001.1	MIR448	chrX	114823454	114823564			
ENSG00000270413.1	AL355812.1	chrX	114900359	114900574			
ENSG00000123496.8	IL13RA2	chrX	115003975	115019977			
ENSG00000222122.1	RNU6-648P	chrX	115032427	115032533			
ENSG00000238223.1	AL121878.1	chrX	115063936	115064794			
ENSG00000236080.2	YAP1P2	chrX	115069237	115069846			
ENSG00000130224.15	LRCH2	chrX	115110616	115234096			
ENSG00000271907.1	SNORA35B	chrX	115126316	115126444			
ENSG00000212241.1	Y_RNA	chrX	115139030	115139123			
ENSG00000175718.10	RBMXL3	chrX	115189410	115192868			
ENSG00000235656.1	RPL36P18	chrX	115198432	115198749			
ENSG00000102021.11	LUZP4	chrX	115289715	115307563			
ENSG00000274374.1	TUBAP6	chrX	115424064	115425600			
ENSG00000271021.1	AC239600.1	chrX	115454733	115455194			
ENSG00000271826.5	PLS3-AS1	chrX	115518182	115562731			
ENSG00000252441.1	AL589842.1	chrX	115545637	115545717			
ENSG00000102024.18	PLS3	chrX	115561174	115650861			
ENSG00000270431.1	PHF5FP	chrX	115659713	115660022			
ENSG00000227881.1	ASS1P5	chrX	115664895	115666133			
ENSG00000235244.4	DANT2	chrX	115694880	115969130			
ENSG00000234785.1	EEF1GP5	chrX	115702811	115704120			
ENSG00000228532.4	SUMO2P21	chrX	115718942	115719229			
ENSG00000229335.1	DANT1	chrX	115840964	115843050			
ENSG00000266828.2	RN7SL712P	chrX	115992466	115992773			
ENSG00000231371.1	AKR1B1P8	chrX	116043483	116044418			
ENSG00000234558.1	API5P1	chrX	116106921	116108430			
ENSG00000180772.7	AGTR2	chrX	116170744	116174974			
ENSG00000207033.1	RNU6-154P	chrX	116400848	116400953			
ENSG00000268104.3	SLC6A14	chrX	116436606	116461458			
ENSG00000204019.5	CT83	chrX	116461686	116462976			
ENSG00000236077.2	SLC6A14P1	chrX	116669810	116680303			
ENSG00000237860.1	SLC6A14P2	chrX	116688870	116690185			
ENSG00000230159.1	BX119904.1	chrX	116692910	116694188			
ENSG00000224217.1	PRPF4BP1	chrX	116748530	116748877			
ENSG00000206752.1	RNU6-1323P	chrX	116850839	116850945			
ENSG00000213526.3	SETP8	chrX	116963049	116963676			
ENSG00000238066.1	AC005002.1	chrX	117397938	117398206			
ENSG00000224314.1	TCERG1P1	chrX	117399452	117400081			
ENSG00000279587.1	AC006963.1	chrX	117894632	117895683			
ENSG00000003096.14	KLHL13	chrX	117897813	118117340			
ENSG00000200291.1	Y_RNA	chrX	117914244	117914345			
ENSG00000237458.1	TUBB4BP3	chrX	118128748	118129018			
ENSG00000234524.1	RPL12P43	chrX	118146063	118146561			
ENSG00000270619.1	AL391358.1	chrX	118278159	118283367			
ENSG00000131725.14	WDR44	chrX	118346073	118449961			
ENSG00000221463.3	MIR1277	chrX	118386394	118386471			
ENSG00000147251.15	DOCK11	chrX	118495898	118686163			
ENSG00000206862.1	Y_RNA	chrX	118569405	118569515			
ENSG00000230399.1	RBBP8P1	chrX	118632375	118634218			
ENSG00000131724.11	IL13RA1	chrX	118727133	118794535			
ENSG00000239182.1	AL391280.1	chrX	118738055	118738182			
ENSG00000250995.1	TMEM30BP1	chrX	118769796	118770857			
ENSG00000174460.4	ZCCHC12	chrX	118823824	118826968			
ENSG00000203650.9	LINC01285	chrX	118839539	118919669			
ENSG00000224341.1	AKR7A2P2	chrX	118877886	118879185			
ENSG00000231270.1	COBLP1	chrX	118938153	118939134			
ENSG00000175556.17	LONRF3	chrX	118974614	119018355			
ENSG00000277535.2	AL772284.1	chrX	119073226	119076373			
ENSG00000250423.2	KIAA1210	chrX	119078635	119150579			
ENSG00000227864.1	ARL5AP1	chrX	119186442	119186829			
ENSG00000230170.1	HNRNPA1P28	chrX	119220782	119221742			
ENSG00000270625.1	NUDT19P6	chrX	119222564	119223245			
ENSG00000101856.10	PGRMC1	chrX	119236245	119244466			
ENSG00000214992.6	AKAP17BP	chrX	119249346	119257667			
ENSG00000230392.1	AC004835.1	chrX	119291529	119335610			
ENSG00000226661.1	AC004973.1	chrX	119356301	119393595			
ENSG00000227814.3	MRPS17P9	chrX	119379712	119380104			
ENSG00000077713.19	SLC25A43	chrX	119399336	119454478			
ENSG00000237903.1	AC004000.1	chrX	119422917	119423547			
ENSG00000207175.1	RNU1-67P	chrX	119423742	119423905			
ENSG00000266420.2	RN7SL118P	chrX	119434519	119434820			
ENSG00000252147.1	RNY3P16	chrX	119456558	119456658			
ENSG00000224281.5	SLC25A5-AS1	chrX	119465986	119469128			
ENSG00000005022.6	SLC25A5	chrX	119468422	119471396			
ENSG00000018610.15	CXorf56	chrX	119538149	119565409			
ENSG00000077721.16	UBE2A	chrX	119574536	119591083			
ENSG00000186416.17	NKRF	chrX	119588337	119606443			
ENSG00000125354.24	SEPTIN6	chrX	119615724	119693370			
ENSG00000211578.3	MIR766	chrX	119646738	119646848			
ENSG00000279601.1	AC005052.1	chrX	119693568	119696059			
ENSG00000187808.5	SOWAHD	chrX	119758588	119760202			
ENSG00000198918.8	RPL39	chrX	119786504	119791630			
ENSG00000206622.1	SNORA69	chrX	119787353	119787484			
ENSG00000286366.1	AC005052.2	chrX	119791971	119810949			
ENSG00000125351.12	UPF3B	chrX	119805311	119852998			
ENSG00000125352.6	RNF113A	chrX	119870475	119871733			
ENSG00000125356.7	NDUFA1	chrX	119871832	119876662			
ENSG00000186471.13	AKAP14	chrX	119895837	119920716			
ENSG00000101882.10	NKAP	chrX	119920672	119943751			
ENSG00000282933.2	RHOXF1P3	chrX	119942834	119992810			
ENSG00000234493.4	RHOXF1P1	chrX	119978713	120025138			
ENSG00000282850.2	RHOXF1P2	chrX	119998087	120000088			
ENSG00000258545.6	RHOXF1-AS1	chrX	120036236	120146854			
ENSG00000203989.5	RHOXF2B	chrX	120072264	120077690			
ENSG00000101883.5	RHOXF1	chrX	120109051	120115913			
ENSG00000228139.1	LINC01402	chrX	120117642	120119700			
ENSG00000233382.7	NKAPP1	chrX	120120953	120245267			
ENSG00000131721.6	RHOXF2	chrX	120158613	120165630			
ENSG00000227541.1	SFR1P1	chrX	120202061	120202748			
ENSG00000237757.2	EEF1A1P30	chrX	120210461	120212680			
ENSG00000177485.7	ZBTB33	chrX	120250752	120258398			
ENSG00000125355.16	TMEM255A	chrX	120258650	120311556			
ENSG00000232042.1	AL512286.1	chrX	120273127	120273526			
ENSG00000101892.12	ATP1B4	chrX	120362085	120383249			
ENSG00000005893.16	LAMP2	chrX	120426148	120469365			
ENSG00000251707.2	RNU7-37P	chrX	120503037	120503096			
ENSG00000158290.18	CUL4B	chrX	120523858	120575794			
ENSG00000232119.8	MCTS1	chrX	120594010	120621159			
ENSG00000171155.8	C1GALT1C1	chrX	120625674	120630054			
ENSG00000278317.1	H3P46	chrX	120709061	120709392			
ENSG00000181511.5	GLRX5P1	chrX	120733094	120733396			
ENSG00000237828.1	PA2G4P1	chrX	120868611	120869807			
ENSG00000236446.3	CT47B1	chrX	120872603	120875929			
ENSG00000271346.1	AC008162.1	chrX	120876552	120876805			
ENSG00000278646.1	AC008162.2	chrX	120877496	120878924			
ENSG00000226685.4	CT47A12	chrX	120930250	120932301			
ENSG00000270678.1	AL670379.6	chrX	120932901	120933152			
ENSG00000226929.3	CT47A11	chrX	120933840	120937158			
ENSG00000270493.1	AL670379.4	chrX	120937762	120938015			
ENSG00000224089.3	CT47A10	chrX	120938701	120942023			
ENSG00000271154.1	AL670379.10	chrX	120942623	120942875			
ENSG00000226600.3	CT47A9	chrX	120943561	120946883			
ENSG00000271041.1	AL670379.9	chrX	120947483	120947735			
ENSG00000230347.5	CT47A8	chrX	120948422	120951744			
ENSG00000270397.1	AL670379.2	chrX	120952344	120952595			
ENSG00000228517.3	CT47A7	chrX	120953282	120956600			
ENSG00000271502.1	AL670379.12	chrX	120957227	120957479			
ENSG00000226023.6	CT47A6	chrX	120958165	120961487			
ENSG00000271211.1	AL670379.11	chrX	120962087	120962339			
ENSG00000237957.6	CT47A5	chrX	120963026	120966348			
ENSG00000270736.1	AL670379.7	chrX	120966948	120967199			
ENSG00000230594.3	CT47A4	chrX	120967886	120971208			
ENSG00000270771.1	AL670379.8	chrX	120971808	120972059			
ENSG00000236126.3	CT47A3	chrX	120972746	120976068			
ENSG00000270646.1	AL670379.5	chrX	120976668	120976919			
ENSG00000242362.2	CT47A2	chrX	120977606	120980928			
ENSG00000270456.1	AL670379.3	chrX	120981529	120981779			
ENSG00000236371.5	CT47A1	chrX	120982476	120985788			
ENSG00000270251.1	AL670379.1	chrX	120986388	120986639			
ENSG00000233433.1	AC006144.1	chrX	121024964	121026563			
ENSG00000182890.5	GLUD2	chrX	121047610	121050094			
ENSG00000287379.1	AC006144.2	chrX	121065882	121078538			
ENSG00000286163.1	AC002377.1	chrX	121093392	121298035			
ENSG00000234176.1	HSPA8P1	chrX	121203182	121205014			
ENSG00000265456.1	MIR3672	chrX	121370972	121371053			
ENSG00000213498.3	TPT1P13	chrX	121863698	121864196			
ENSG00000260585.1	AL359851.1	chrX	121871869	121876865			
ENSG00000237891.1	AL441985.1	chrX	122010976	122011612			
ENSG00000280142.1	AL357562.1	chrX	122242008	122242616			
ENSG00000287776.1	AL513487.1	chrX	122422006	122478043			
ENSG00000232496.2	RPL3P12	chrX	122538253	122539460			
ENSG00000212321.2	U3	chrX	122840426	122840645			
ENSG00000224236.3	MRRFP1	chrX	123116107	123117781			
ENSG00000125675.18	GRIA3	chrX	123184153	123490915			
ENSG00000179101.5	H3P47	chrX	123514473	123514872			
ENSG00000229733.1	AL030996.1	chrX	123558350	123558584			
ENSG00000228466.1	TUBB4AP1	chrX	123561642	123562966			
ENSG00000125676.20	THOC2	chrX	123600561	123733056			
ENSG00000232149.1	FERP1	chrX	123603139	123603931			
ENSG00000230376.1	MEMO1P4	chrX	123765301	123765686			
ENSG00000252178.1	RNU7-69P	chrX	123772078	123772139			
ENSG00000226902.1	CHCHD2P1	chrX	123785009	123785451			
ENSG00000264933.2	RN7SL190P	chrX	123811331	123811587			
ENSG00000199705.1	Y_RNA	chrX	123857062	123857163			
ENSG00000101966.13	XIAP	chrX	123859724	123913976			
ENSG00000237331.1	XIAP-AS1	chrX	123872626	123873932			
ENSG00000252627.1	RNU6-122P	chrX	123874459	123874565			
ENSG00000237025.1	AL121601.2	chrX	123878590	123879296			
ENSG00000232412.1	AL121601.1	chrX	123959233	123961341			
ENSG00000101972.19	STAG2	chrX	123960212	124422664			
ENSG00000237426.1	ZIK1P1	chrX	124173001	124174459			
ENSG00000252693.1	AL391241.1	chrX	124197743	124197849			
ENSG00000234564.1	HSPA8P20	chrX	124204499	124205806			
ENSG00000183918.17	SH2D1A	chrX	124227868	124373197			
ENSG00000282419.3	TEX13D	chrX	124246249	124336863			
ENSG00000232054.1	NPM1P34	chrX	124280530	124281422			
ENSG00000226532.1	AL022718.1	chrX	124326175	124326258			
ENSG00000009694.13	TENM1	chrX	124375903	124963817			
ENSG00000236880.1	Z85995.1	chrX	124688504	124688838			
ENSG00000232599.1	AL008707.1	chrX	125203805	125204338			
ENSG00000282815.1	TEX13C	chrX	125320120	125325214			
ENSG00000213489.3	AL627231.1	chrX	125326897	125328021			
ENSG00000280223.1	AL645820.1	chrX	126004446	126006118			
ENSG00000237208.1	AL445072.1	chrX	126109762	126115562			
ENSG00000198354.7	DCAF12L2	chrX	126163499	126166289			
ENSG00000230916.2	MTCO1P53	chrX	126471705	126472403			
ENSG00000231501.1	MTND4LP1	chrX	126472728	126472884			
ENSG00000232177.1	MTND4P24	chrX	126472885	126473281			
ENSG00000274901.2	Z69908.1	chrX	126502867	126503155			
ENSG00000198889.5	DCAF12L1	chrX	126549383	126552814			
ENSG00000226414.1	MTCYBP38	chrX	126729104	126730226			
ENSG00000183631.5	PRR32	chrX	126819729	126821786			
ENSG00000230538.1	Z82209.1	chrX	127390342	127392526			
ENSG00000280275.1	Z82209.2	chrX	127392760	127394771			
ENSG00000274631.1	AL662814.1	chrX	127623410	127623530			
ENSG00000260683.1	AL591643.1	chrX	127660631	127662530			
ENSG00000235274.1	Z75741.2	chrX	127728734	127730858			
ENSG00000224548.1	Z75741.1	chrX	127796124	127796733			
ENSG00000225689.2	AL008633.1	chrX	128027322	129326707			
ENSG00000123165.8	ACTRT1	chrX	128050962	128052398			
ENSG00000236042.2	Z74696.2	chrX	128098032	128098529			
ENSG00000235334.1	BTG3P1	chrX	128122734	128123496			
ENSG00000235239.1	Z74696.1	chrX	128127090	128128212			
ENSG00000235735.1	RPL7AP72	chrX	128313281	128314048			
ENSG00000226802.1	AL442647.1	chrX	128440929	128441785			
ENSG00000218728.3	KRT18P44	chrX	128714506	128715790			
ENSG00000223995.2	RPL32P35	chrX	128838441	128838834			
ENSG00000234592.1	AL359845.1	chrX	129041536	129043183			
ENSG00000226339.1	RPS26P56	chrX	129408382	129408621			
ENSG00000201518.1	RNA5SP513	chrX	129436530	129436647			
ENSG00000102038.16	SMARCA1	chrX	129446501	129523500			
ENSG00000252170.2	AL138745.1	chrX	129518576	129518647			
ENSG00000122126.17	OCRL	chrX	129539849	129592561			
ENSG00000171388.12	APLN	chrX	129645259	129654956			
ENSG00000287024.1	AL022162.1	chrX	129675888	129678348			
ENSG00000122121.11	XPNPEP2	chrX	129738974	129769536			
ENSG00000122122.10	SASH3	chrX	129779949	129795201			
ENSG00000240143.1	AL023653.1	chrX	129794994	129796963			
ENSG00000275070.1	Metazoa_SRP	chrX	129796491	129796783			
ENSG00000188706.13	ZDHHC9	chrX	129803288	129843909			
ENSG00000235189.2	AL034405.1	chrX	129869064	129957528			
ENSG00000238040.1	SALL4P2	chrX	129871309	129877567			
ENSG00000156697.13	UTP14A	chrX	129906121	129929761			
ENSG00000085185.15	BCORL1	chrX	129981107	130058083			
ENSG00000102034.17	ELF4	chrX	130063955	130110716			
ENSG00000156709.15	AIFM1	chrX	130124666	130165879			
ENSG00000286650.1	AL139234.1	chrX	130165954	130166905			
ENSG00000134594.5	RAB33A	chrX	130171962	130184870			
ENSG00000056277.16	ZNF280C	chrX	130202707	130268899			
ENSG00000202304.1	RNU6-1130P	chrX	130310072	130310178			
ENSG00000225046.2	AL035423.1	chrX	130330857	130331069			
ENSG00000102078.16	SLC25A14	chrX	130339888	130373361			
ENSG00000147262.4	GPR119	chrX	130384345	130385660			
ENSG00000134597.16	RBMX2	chrX	130401987	130413656			
ENSG00000274775.2	Z82195.2	chrX	130445085	130524257			
ENSG00000221930.6	DENND10P1	chrX	130494965	130496588			
ENSG00000287160.1	Z82195.3	chrX	130497785	130520309			
ENSG00000271677.1	Z82195.1	chrX	130545586	130546474			
ENSG00000165675.16	ENOX2	chrX	130623369	130903317			
ENSG00000238188.1	AL049733.1	chrX	130645723	130646325			
ENSG00000228659.1	LINC01201	chrX	130981590	131058146			
ENSG00000147256.12	ARHGAP36	chrX	131058346	131089885			
ENSG00000241198.3	RN7SL191P	chrX	131134086	131134390			
ENSG00000237650.2	OR11Q1P	chrX	131204068	131205010			
ENSG00000276205.1	AL603758.1	chrX	131221196	131221436			
ENSG00000147255.19	IGSF1	chrX	131273506	131578899			
ENSG00000185903.10	OR11N1P	chrX	131324391	131325313			
ENSG00000229082.2	OR5AW1P	chrX	131341570	131342425			
ENSG00000287806.1	AL135784.1	chrX	131385453	131407083			
ENSG00000242610.2	OR5BH1P	chrX	131398072	131398957			
ENSG00000234288.2	OR1AA1P	chrX	131424301	131425239			
ENSG00000230973.1	AL049734.2	chrX	131437055	131437670			
ENSG00000228450.2	AL049734.1	chrX	131492279	131492886			
ENSG00000171054.8	OR13H1	chrX	131543976	131545056			
ENSG00000237225.2	OR13K1P	chrX	131562729	131563846			
ENSG00000286060.1	AL365256.1	chrX	131578681	131611684			
ENSG00000232787.2	OR7L1P	chrX	131596121	131596987			
ENSG00000235730.2	OR2AF1P	chrX	131619013	131619951			
ENSG00000227183.3	HDGFP1	chrX	131646639	131646890			
ENSG00000213468.7	FIRRE	chrX	131688779	131830862			
ENSG00000241418.1	MCRIP2P1	chrX	131795657	131796167			
ENSG00000228089.1	PNKDP1	chrX	131803312	131803741			
ENSG00000235190.1	AL008629.1	chrX	131937670	131937853			
ENSG00000200587.1	RNA5SP514	chrX	131938846	131938956			
ENSG00000134602.16	STK26	chrX	132023302	132075943			
ENSG00000165694.10	FRMD7	chrX	132076990	132128020			
ENSG00000228819.1	AL049792.1	chrX	132130091	132131352			
ENSG00000123728.10	RAP2C	chrX	132203024	132219480			
ENSG00000232160.7	RAP2C-AS1	chrX	132217053	132432862			
ENSG00000076770.14	MBNL3	chrX	132369317	132489968			
ENSG00000206900.1	RNU6-98P	chrX	132580117	132580223			
ENSG00000171004.18	HS6ST2	chrX	132626016	132961395			
ENSG00000235849.1	HS6ST2-AS1	chrX	132667642	132669888			
ENSG00000227064.1	Z82205.1	chrX	132907279	132907575			
ENSG00000134588.12	USP26	chrX	133024631	133097109			
ENSG00000225949.1	Z77249.2	chrX	133141300	133143940			
ENSG00000207100.1	Z77249.1	chrX	133152754	133152892			
ENSG00000183434.10	TFDP3	chrX	133216662	133218354			
ENSG00000202199.1	RNU1-115P	chrX	133238657	133238816			
ENSG00000076716.9	GPC4	chrX	133300103	133415489			
ENSG00000206765.1	RNU6-203P	chrX	133531723	133531826			
ENSG00000147257.15	GPC3	chrX	133535745	133985594			
ENSG00000227008.2	AL009174.1	chrX	133670971	133671386			
ENSG00000233260.1	RPSAP63	chrX	133762796	133763683			
ENSG00000286096.1	GPC3-AS1	chrX	133897443	133897934			
ENSG00000232068.1	AF003529.1	chrX	133989443	133990086			
ENSG00000200572.1	Y_RNA	chrX	134142228	134142340			
ENSG00000224908.1	TIMM8BP2	chrX	134166682	134166932			
ENSG00000283638.2	AC002407.1	chrX	134168911	134174089			
ENSG00000284499.1	MIR363	chrX	134169378	134169452			
ENSG00000284538.1	MIR92A2	chrX	134169538	134169612			
ENSG00000284107.1	MIR19B2	chrX	134169671	134169766			
ENSG00000284043.1	MIR20B	chrX	134169809	134169877			
ENSG00000283931.1	MIR18B	chrX	134170041	134170111			
ENSG00000284157.1	MIR106A	chrX	134170198	134170278			
ENSG00000232664.2	LARP1BP3	chrX	134204353	134205916			
ENSG00000203952.9	CCDC160	chrX	134237047	134246207			
ENSG00000214961.2	NT5DC1P2	chrX	134272287	134273658			
ENSG00000156531.17	PHF6	chrX	134373312	134428791			
ENSG00000165704.15	HPRT1	chrX	134460165	134520513			
ENSG00000226107.1	AC004383.1	chrX	134522702	134522990			
ENSG00000216001.3	MIR450B	chrX	134540185	134540262			
ENSG00000199132.1	MIR450A1	chrX	134540341	134540431			
ENSG00000207755.3	MIR450A2	chrX	134540508	134540607			
ENSG00000207784.3	MIR542	chrX	134541341	134541437			
ENSG00000223749.11	MIR503HG	chrX	134543119	134546642			
ENSG00000208005.1	MIR503	chrX	134546328	134546398			
ENSG00000284231.1	MIR424	chrX	134546614	134546711			
ENSG00000227060.7	LINC00629	chrX	134549770	134560399			
ENSG00000170965.10	PLAC1	chrX	134565838	134764322			
ENSG00000235813.1	AL672032.1	chrX	134599457	134606254			
ENSG00000236509.2	RPL21P133	chrX	134607157	134607632			
ENSG00000237432.2	RPS7P12	chrX	134650830	134651411			
ENSG00000199920.1	RNU4-44P	chrX	134760208	134760348			
ENSG00000156504.16	FAM122B	chrX	134769566	134797232			
ENSG00000156500.15	FAM122C	chrX	134796395	134854835			
ENSG00000280249.1	AL691477.1	chrX	134799782	134799945			
ENSG00000101928.13	MOSPD1	chrX	134887632	134915257			
ENSG00000207081.1	RNU6-616P	chrX	134918310	134918416			
ENSG00000236091.1	LINC02243	chrX	134949549	134953382			
ENSG00000231929.2	HMGB3P31	chrX	134961711	134962305			
ENSG00000184785.6	SMIM10	chrX	134990991	134992473			
ENSG00000212747.5	RTL8B	chrX	135020513	135022542			
ENSG00000134590.14	RTL8C	chrX	135032355	135033546			
ENSG00000286964.1	AL136169.1	chrX	135037281	135040355			
ENSG00000203950.6	RTL8A	chrX	135050932	135052196			
ENSG00000228372.8	SMIM10L2B-AS1	chrX	135059685	135123952			
ENSG00000234228.1	NCLP2	chrX	135075136	135076597			
ENSG00000196972.9	SMIM10L2B	chrX	135094985	135098712			
ENSG00000224107.5	ETDB	chrX	135118955	135120526			
ENSG00000223809.1	AC234771.1	chrX	135123239	135123604			
ENSG00000232582.1	AC234771.3	chrX	135135149	135135770			
ENSG00000169551.13	CT55	chrX	135156540	135171398			
ENSG00000236491.1	AC234771.4	chrX	135180255	135194679			
ENSG00000228922.1	AC234771.2	chrX	135201731	135215232			
ENSG00000269833.2	AC234771.5	chrX	135236895	135237408			
ENSG00000186376.15	ZNF75D	chrX	135248920	135344109			
ENSG00000238210.4	ETDA	chrX	135252061	135253583			
ENSG00000274024.1	AL590282.1	chrX	135297046	135298585			
ENSG00000283644.1	ETDC	chrX	135309480	135309659			
ENSG00000284994.1	AL590282.2	chrX	135327758	135330743			
ENSG00000173275.13	ZNF449	chrX	135344796	135363413			
ENSG00000229015.2	AL450472.1	chrX	135396429	135397764			
ENSG00000178947.9	SMIM10L2A	chrX	135421944	135428075			
ENSG00000201440.1	RNA5SP515	chrX	135428168	135428285			
ENSG00000225769.1	CROCCP1	chrX	135432960	135438634			
ENSG00000273988.1	AL450472.3	chrX	135445897	135447368			
ENSG00000271158.1	AL450472.2	chrX	135464329	135465484			
ENSG00000225235.1	INTS6L-AS1	chrX	135520083	135520674			
ENSG00000165359.16	INTS6L	chrX	135520659	135582510			
ENSG00000237833.1	AL391380.1	chrX	135583651	135585160			
ENSG00000224539.1	SAGE4P	chrX	135598927	135615431			
ENSG00000277486.1	SAGE3P	chrX	135637623	135642756			
ENSG00000198022.6	SAGE2P	chrX	135673591	135686151			
ENSG00000274601.1	AC240442.1	chrX	135710095	135710377			
ENSG00000268940.5	CT45A1	chrX	135713453	135723539			
ENSG00000233861.1	MGAT2P1	chrX	135730733	135732197			
ENSG00000238200.1	MGAT2P2	chrX	135751119	135752583			
ENSG00000269096.7	CT45A3	chrX	135759846	135768191			
ENSG00000228836.8	CT45A5	chrX	135777130	135785298			
ENSG00000278289.5	CT45A6	chrX	135794685	135802787			
ENSG00000271449.8	CT45A2	chrX	135811668	135820012			
ENSG00000273696.4	CT45A7	chrX	135829247	135837268			
ENSG00000278085.5	CT45A8	chrX	135846497	135854538			
ENSG00000270946.6	CT45A9	chrX	135863418	135871812			
ENSG00000269586.7	CT45A10	chrX	135881063	135889086			
ENSG00000181433.9	SAGE1	chrX	135889205	135913061			
ENSG00000230162.1	CT45A11P	chrX	135942478	135947139			
ENSG00000169446.5	MMGT1	chrX	135962070	135974063			
ENSG00000198689.13	SLC9A6	chrX	135973841	136047269			
ENSG00000219930.4	GAPDHP67	chrX	136077844	136078631			
ENSG00000231513.3	E2F6P4	chrX	136097835	136098348			
ENSG00000239080.1	AL807743.1	chrX	136134317	136134420			
ENSG00000022267.19	FHL1	chrX	136146702	136211359			
ENSG00000129680.16	MAP7D3	chrX	136213220	136256482			
ENSG00000230079.1	STK24P1	chrX	136295690	136300298			
ENSG00000156920.11	ADGRG4	chrX	136300963	136416890			
ENSG00000102239.5	BRS3	chrX	136487947	136493780			
ENSG00000102241.12	HTATSF1	chrX	136497079	136512346			
ENSG00000102243.13	VGLL1	chrX	136532215	136556807			
ENSG00000216060.1	MIR934	chrX	136550878	136550960			
ENSG00000199424.1	Y_RNA	chrX	136571705	136571815			
ENSG00000252320.1	RNU6-320P	chrX	136583240	136583345			
ENSG00000233093.6	LINC00892	chrX	136639539	136642429			
ENSG00000102245.8	CD40LG	chrX	136648158	136660390			
ENSG00000129675.16	ARHGEF6	chrX	136665547	136780932			
ENSG00000212510.1	RNU6-972P	chrX	136773999	136774105			
ENSG00000271339.1	AL683813.2	chrX	136788286	136788787			
ENSG00000231164.1	RPL7P56	chrX	136791064	136791780			
ENSG00000225125.2	RANP4	chrX	136807223	136807877			
ENSG00000202279.1	Y_RNA	chrX	136816477	136816574			
ENSG00000232611.1	AL683813.1	chrX	136840931	136847797			
ENSG00000225400.1	RAB28P5	chrX	136847384	136848034			
ENSG00000147274.14	RBMX	chrX	136848004	136880764			
ENSG00000206979.1	SNORD61	chrX	136879199	136879271			
ENSG00000234062.8	AL390879.1	chrX	136909369	137022143			
ENSG00000232379.1	RPL22P23	chrX	136947748	136948133			
ENSG00000237307.2	SRRM1P3	chrX	136976417	136985705			
ENSG00000165370.3	GPR101	chrX	137023929	137033995			
ENSG00000214748.2	AL355309.1	chrX	137324972	137325049			
ENSG00000237584.1	RAC1P4	chrX	137441258	137441836			
ENSG00000224765.1	AL035443.1	chrX	137556191	137564387			
ENSG00000156925.12	ZIC3	chrX	137566127	137577691			
ENSG00000283692.2	Z96074.1	chrX	137573752	137981780			
ENSG00000239579.3	RN7SL325P	chrX	137595265	137595547			
ENSG00000229562.1	ZFYVE9P1	chrX	137660519	137662242			
ENSG00000222114.1	RNU6-985P	chrX	137687891	137687994			
ENSG00000252163.1	RN7SKP31	chrX	138397351	138397628			
ENSG00000183981.8	MAGEA13P	chrX	138482745	138483695			
ENSG00000214930.2	KRT8P6	chrX	138487665	138488871			
ENSG00000285989.1	H2AQ1P	chrX	138558996	138559298			
ENSG00000129682.16	FGF13	chrX	138614727	139222777			
ENSG00000232183.1	AL031386.1	chrX	138627077	138627343			
ENSG00000207800.3	MIR504	chrX	138667711	138667793			
ENSG00000226031.5	FGF13-AS1	chrX	138711452	138716617			
ENSG00000235975.1	Z83313.1	chrX	138806374	138807091			
ENSG00000173954.8	SNURFL	chrX	139362040	139362382			
ENSG00000232549.1	SRD5A1P1	chrX	139446891	139447676			
ENSG00000101981.12	F9	chrX	139530739	139563459			
ENSG00000101977.21	MCF2	chrX	139581770	139708227			
ENSG00000238485.1	AL161777.1	chrX	139702287	139702390			
ENSG00000101974.14	ATP11C	chrX	139726346	139945276			
ENSG00000221375.1	RNU6ATAC23P	chrX	139885481	139885603			
ENSG00000252719.1	AL356785.1	chrX	139909904	139910034			
ENSG00000207633.3	MIR505	chrX	139924148	139924231			
ENSG00000203933.3	CXorf66	chrX	139955728	139965521			
ENSG00000233145.1	AL589987.2	chrX	140017268	140018037			
ENSG00000214653.4	HNRNPA3P3	chrX	140032344	140033480			
ENSG00000241248.3	RN7SL727P	chrX	140085855	140086150			
ENSG00000230707.1	AL589987.1	chrX	140091743	140092561			
ENSG00000231110.1	FO393408.1	chrX	140216035	140216804			
ENSG00000224942.1	AL137014.1	chrX	140397062	140398311			
ENSG00000275268.1	U7	chrX	140451148	140451208			
ENSG00000225758.1	RPS17P17	chrX	140470866	140471274			
ENSG00000134595.9	SOX3	chrX	140502985	140505069			
ENSG00000230668.2	AL844175.1	chrX	140681106	140689819			
ENSG00000203930.12	LINC00632	chrX	140709562	140793215			
ENSG00000288642.1	CDR1	chrX	140783578	140784366			
ENSG00000221081.1	MIR320D2	chrX	140926172	140926219			
ENSG00000229269.1	AL451048.1	chrX	140931738	140997448			
ENSG00000227234.2	SPANXB1	chrX	141002594	141003706			
ENSG00000182195.9	LDOC1	chrX	141111605	141177129			
ENSG00000207041.1	RNU6-3P	chrX	141118030	141118136			
ENSG00000214925.3	AC234778.1	chrX	141138478	141139174			
ENSG00000277215.2	SPANXA2-OT1	chrX	141177284	141649927			
ENSG00000198573.7	SPANXC	chrX	141241463	141242517			
ENSG00000213423.4	RBMX2P2	chrX	141261119	141264213			
ENSG00000227779.1	AC234779.1	chrX	141380823	141381107			
ENSG00000198021.7	SPANXA1	chrX	141583674	141585011			
ENSG00000203926.5	SPANXA2	chrX	141589708	141590762			
ENSG00000223438.1	AC235097.1	chrX	141625864	141626733			
ENSG00000196406.4	SPANXD	chrX	141697411	141698739			
ENSG00000165509.13	MAGEC3	chrX	141838316	141897832			
ENSG00000155495.9	MAGEC1	chrX	141903894	141909374			
ENSG00000288098.1	AL031073.2	chrX	141934496	142740581			
ENSG00000236205.1	AL023773.2	chrX	142147862	142148866			
ENSG00000225469.3	AL023773.1	chrX	142172866	142173989			
ENSG00000250625.1	AL031073.1	chrX	142194352	142195490			
ENSG00000046774.10	MAGEC2	chrX	142202342	142205290			
ENSG00000275508.1	AL109620.1	chrX	142372276	142373990			
ENSG00000201000.1	RNA5SP516	chrX	142411053	142411171			
ENSG00000189326.4	SPANXN4	chrX	143025918	143034702			
ENSG00000202473.1	RN7SKP81	chrX	143090347	143090677			
ENSG00000199878.1	RN7SKP149	chrX	143197248	143197591			
ENSG00000227303.1	AC239727.1	chrX	143284977	143516803			
ENSG00000226064.1	PGBD4P6	chrX	143343976	143344585			
ENSG00000235539.1	MTND1P33	chrX	143433042	143433958			
ENSG00000230130.1	MTND2P39	chrX	143434517	143435280			
ENSG00000189252.4	SPANXN3	chrX	143508735	143517475			
ENSG00000179542.16	SLITRK4	chrX	143622790	143636101			
ENSG00000213924.3	HNRNPH1P2	chrX	143677153	143678362			
ENSG00000268988.1	SPANXN2	chrX	143711955	143721423			
ENSG00000225970.1	AL500522.1	chrX	143757737	143828133			
ENSG00000235729.1	AL500522.2	chrX	143806391	143806733			
ENSG00000276380.2	UBE2NL	chrX	143884071	143885255			
ENSG00000224630.2	AC234064.1	chrX	144308834	144309080			
ENSG00000235598.1	RRM2P4	chrX	144309132	144309693			
ENSG00000215054.3	HNRNPCP10	chrX	144840777	144841660			
ENSG00000201912.1	RN7SKP189	chrX	145057108	145057437			
ENSG00000233548.1	CYCSP44	chrX	145176582	145176894			
ENSG00000234712.1	AL713923.1	chrX	145232929	145233619			
ENSG00000203923.5	SPANXN1	chrX	145247503	145256208			
ENSG00000231093.1	AL391256.1	chrX	145630218	145632375			
ENSG00000286085.1	AL109653.3	chrX	145699056	145820632			
ENSG00000270709.1	AL109653.1	chrX	145768095	145768342			
ENSG00000279585.1	AL109653.2	chrX	145797375	145798439			
ENSG00000185985.11	SLITRK2	chrX	145817829	145829856			
ENSG00000252219.2	MIR892C	chrX	145992750	145992826			
ENSG00000216075.1	MIR890	chrX	145994275	145994351			
ENSG00000216005.1	MIR888	chrX	145994784	145994860			
ENSG00000215943.1	MIR892A	chrX	145996669	145996743			
ENSG00000216098.1	MIR892B	chrX	145997198	145997274			
ENSG00000216064.1	MIR891B	chrX	146001053	146001131			
ENSG00000216056.1	MIR891A	chrX	146027794	146027872			
ENSG00000201594.1	RNA5SP517	chrX	146427456	146427572			
ENSG00000234748.1	AL109913.1	chrX	146537535	146538048			
ENSG00000226388.1	ELL2P4	chrX	146553728	146555765			
ENSG00000231686.1	ANKRD11P2	chrX	146619597	146620584			
ENSG00000235699.3	CXorf51B	chrX	146809771	146810411			
ENSG00000224440.1	CXorf51A	chrX	146814106	146814726			
ENSG00000225660.1	Z99497.1	chrX	146955075	146955209			
ENSG00000271660.1	Z99497.2	chrX	146964176	146964485			
ENSG00000284377.1	AL589669.1	chrX	147181064	147271894			
ENSG00000216171.1	MIR513C	chrX	147189704	147189787			
ENSG00000207871.2	MIR513B	chrX	147199044	147199127			
ENSG00000207873.1	MIR513A1	chrX	147213463	147213591			
ENSG00000207984.1	MIR513A2	chrX	147225826	147225952			
ENSG00000207731.1	MIR506	chrX	147230720	147230843			
ENSG00000207969.1	MIR507	chrX	147230984	147231077			
ENSG00000207589.1	MIR508	chrX	147236913	147237027			
ENSG00000252583.2	MIR514B	chrX	147250151	147250230			
ENSG00000212013.1	MIR509-2	chrX	147258760	147258850			
ENSG00000212014.1	MIR509-3	chrX	147259652	147259726			
ENSG00000208000.1	MIR509-1	chrX	147260532	147260625			
ENSG00000207641.1	MIR510	chrX	147272335	147272408			
ENSG00000207868.1	MIR514A1	chrX	147279247	147279344			
ENSG00000287017.1	AL591022.1	chrX	147279481	147286481			
ENSG00000207866.1	MIR514A2	chrX	147281943	147282030			
ENSG00000207867.1	MIR514A3	chrX	147284641	147284728			
ENSG00000274579.1	AL096861.1	chrX	147476324	147476446			
ENSG00000228855.1	AL009048.1	chrX	147591612	147591909			
ENSG00000227505.1	AC016925.1	chrX	147801005	147801302			
ENSG00000271175.1	AC016925.2	chrX	147812733	147812974			
ENSG00000202051.1	RNU6-382P	chrX	147827279	147827384			
ENSG00000287796.1	AC016925.3	chrX	147879361	147885249			
ENSG00000227083.1	L29074.1	chrX	147900178	147901459			
ENSG00000268066.5	FMR1-AS1	chrX	147909431	147911817			
ENSG00000274086.1	L29074.2	chrX	147911822	147911948			
ENSG00000102081.15	FMR1	chrX	147911919	147951125			
ENSG00000236337.1	FMR1-IT1	chrX	147946941	147947583			
ENSG00000176988.9	FMR1NB	chrX	147981337	148026665			
ENSG00000201285.1	RNA5SP524	chrX	148008100	148008215			
ENSG00000219507.4	FTH1P8	chrX	148052233	148052746			
ENSG00000233467.2	U40455.1	chrX	148198014	148198878			
ENSG00000176970.8	RPL7L1P11	chrX	148464708	148465428			
ENSG00000237741.1	AC002368.1	chrX	148498113	148500615			
ENSG00000155966.14	AFF2	chrX	148500617	149000663			
ENSG00000223516.1	AFF2-IT1	chrX	148546878	148547397			
ENSG00000222313.1	RN7SKP267	chrX	148822164	148822448			
ENSG00000242186.2	AC231760.1	chrX	149056712	149057469			
ENSG00000287585.1	AC231656.1	chrX	149414886	149415495			
ENSG00000010404.18	IDS	chrX	149476988	149521096			
ENSG00000241489.8	AC244197.3	chrX	149477104	149540926			
ENSG00000238039.1	AC244197.2	chrX	149511509	149526264			
ENSG00000176289.4	IDSP1	chrX	149525001	149526043			
ENSG00000241769.7	LINC00893	chrX	149527591	149540959			
ENSG00000197620.11	EOLA1	chrX	149540355	149550510			
ENSG00000283697.2	HSFX3	chrX	149548210	149549932			
ENSG00000267978.5	MAGEA9B	chrX	149581653	149587453			
ENSG00000268738.3	HSFX2	chrX	149592512	149595314			
ENSG00000269556.8	TMEM185A	chrX	149596556	149631912			
ENSG00000229322.1	AC244197.1	chrX	149649174	149650124			
ENSG00000185247.15	MAGEA11	chrX	149688228	149717268			
ENSG00000228833.1	AC244098.2	chrX	149757797	149757895			
ENSG00000223377.1	AC244098.1	chrX	149758021	149758295			
ENSG00000231694.1	AC244098.3	chrX	149760779	149760874			
ENSG00000235254.3	TMEM185AP1	chrX	149768897	149771368			
ENSG00000171116.7	HSFX1	chrX	149774068	149776867			
ENSG00000123584.7	MAGEA9	chrX	149781930	149787737			
ENSG00000224732.1	MAGEA7P	chrX	149808214	149809155			
ENSG00000229829.1	DUTP4	chrX	149817170	149817644			
ENSG00000280752.1	LINC00850	chrX	149825708	149879799			
ENSG00000230899.1	MAGEA8-AS1	chrX	149878836	149881070			
ENSG00000156009.10	MAGEA8	chrX	149881141	149885835			
ENSG00000197021.9	EOLA2	chrX	149929527	149938700			
ENSG00000283463.2	HSFX4	chrX	149929573	149931287			
ENSG00000235703.6	LINC00894	chrX	149938613	150224580			
ENSG00000183171.5	BX322650.1	chrX	150114378	150116520			
ENSG00000252454.3	MIR2114	chrX	150228004	150228083			
ENSG00000234825.3	XRCC6P2	chrX	150231075	150232896			
ENSG00000013619.14	MAMLD1	chrX	150361422	150514178			
ENSG00000171100.15	MTM1	chrX	150568621	150673143			
ENSG00000063601.17	MTMR1	chrX	150692971	150765108			
ENSG00000102181.21	CD99L2	chrX	150766336	150898816			
ENSG00000228728.1	PPIAP91	chrX	150818753	150819246			
ENSG00000230153.5	AF274573.1	chrX	150915813	150920938			
ENSG00000222796.1	RNU6-383P	chrX	150955494	150955587			
ENSG00000029993.15	HMGB3	chrX	150980509	150990771			
ENSG00000230508.1	RPL19P21	chrX	150993501	150994091			
ENSG00000270916.1	RPL12P50	chrX	151023607	151023722			
ENSG00000212595.1	RNA5SP525	chrX	151026295	151026406			
ENSG00000265789.1	MIR4330	chrX	151168222	151168326			
ENSG00000234696.1	GPR50-AS1	chrX	151175192	151177836			
ENSG00000102195.10	GPR50	chrX	151176584	151181465			
ENSG00000269993.1	KC877982.1	chrX	151182386	151182855			
ENSG00000228717.1	AF013593.1	chrX	151226229	151227715			
ENSG00000278724.1	Metazoa_SRP	chrX	151275509	151275789			
ENSG00000287918.1	AF274853.1	chrX	151303384	151397142			
ENSG00000160131.13	VMA21	chrX	151396515	151409364			
ENSG00000270052.1	BX546450.2	chrX	151497726	151498354			
ENSG00000214915.3	BX546450.1	chrX	151515551	151516245			
ENSG00000166049.11	PASD1	chrX	151563675	151676739			
ENSG00000130032.17	PRRG3	chrX	151694607	151705924			
ENSG00000147378.11	FATE1	chrX	151716035	151723194			
ENSG00000183862.5	CNGA2	chrX	151738451	151745304			
ENSG00000229967.1	MAGEA4-AS1	chrX	151904431	151913968			
ENSG00000147381.11	MAGEA4	chrX	151912509	151925170			
ENSG00000102287.19	GABRE	chrX	151953124	151974680			
ENSG00000284363.1	MIR224	chrX	151958578	151958658			
ENSG00000283751.1	MIR452	chrX	151959628	151959712			
ENSG00000228965.1	RPSAP60	chrX	152045314	152046193			
ENSG00000242520.5	MAGEA5	chrX	152114599	152115540			
ENSG00000266560.5	MAGEA10-MAGEA5	chrX	152114994	152138556			
ENSG00000124260.12	MAGEA10	chrX	152133310	152138578			
ENSG00000231937.1	AC116666.1	chrX	152138883	152186857			
ENSG00000011677.13	GABRA3	chrX	152166234	152451315			
ENSG00000252205.1	RNU6-764P	chrX	152250572	152250676			
ENSG00000207957.1	MIR105-1	chrX	152392219	152392299			
ENSG00000211583.3	MIR767	chrX	152393421	152393529			
ENSG00000207818.1	MIR105-2	chrX	152394412	152394492			
ENSG00000223940.1	KRT8P8	chrX	152479577	152481024			
ENSG00000287394.1	AC244102.4	chrX	152574677	152698700			
ENSG00000268089.3	GABRQ	chrX	152637895	152657542			
ENSG00000269475.2	AC244102.2	chrX	152682810	152683842			
ENSG00000221867.9	MAGEA3	chrX	152698767	152702347			
ENSG00000268902.3	CSAG2	chrX	152708261	152714549			
ENSG00000183305.13	MAGEA2B	chrX	152714586	152718607			
ENSG00000198930.13	CSAG1	chrX	152727484	152733735			
ENSG00000213401.10	MAGEA12	chrX	152733757	152737669			
ENSG00000242599.7	CSAG4	chrX	152733827	152740985			
ENSG00000231447.1	AC244102.1	chrX	152746817	152747762			
ENSG00000268606.5	MAGEA2	chrX	152749863	152753884			
ENSG00000268916.6	CSAG3	chrX	152753921	152760222			
ENSG00000197172.10	MAGEA6	chrX	152766136	152769747			
ENSG00000286051.1	AC244102.3	chrX	152769764	152792268			
ENSG00000147400.10	CETN2	chrX	152826994	152830757			
ENSG00000147383.11	NSDHL	chrX	152830967	152869729			
ENSG00000147394.18	ZNF185	chrX	152914442	152973480			
ENSG00000286939.1	U82671.1	chrX	152925356	152927043			
ENSG00000198883.12	PNMA5	chrX	152988824	152994116			
ENSG00000234200.2	AC243591.1	chrX	153028785	153030148			
ENSG00000229979.1	AC243428.1	chrX	153052150	153052413			
ENSG00000183837.9	PNMA3	chrX	153056409	153060467			
ENSG00000235961.6	PNMA6A	chrX	153072454	153075019			
ENSG00000268883.2	PNMA6B	chrX	153075769	153076968			
ENSG00000224931.4	AC152010.1	chrX	153122145	153128323			
ENSG00000198681.7	MAGEA1	chrX	153179284	153183880			
ENSG00000235219.1	AC236972.2	chrX	153203044	153205534			
ENSG00000273877.4	AC236972.3	chrX	153225649	153230357			
ENSG00000231600.1	AC236972.1	chrX	153249115	153249691			
ENSG00000278803.2	AC236972.4	chrX	153271618	153277803			
ENSG00000225110.3	PNMA6F	chrX	153317680	153321767			
ENSG00000063587.15	ZNF275	chrX	153334147	153360110			
ENSG00000232249.1	AC152007.1	chrX	153355733	153355956			
ENSG00000214897.5	PNMA6E	chrX	153395639	153401392			
ENSG00000265170.2	RN7SL667P	chrX	153403844	153404141			
ENSG00000189420.8	ZFP92	chrX	153418322	153426481			
ENSG00000183479.12	TREX2	chrX	153444720	153470587			
ENSG00000213397.10	HAUS7	chrX	153447666	153495516			
ENSG00000224963.3	U82695.1	chrX	153479266	153487088			
ENSG00000182492.16	BGN	chrX	153494980	153509546			
ENSG00000067842.17	ATP2B3	chrX	153517676	153582939			
ENSG00000262919.8	CCNQ	chrX	153587925	153600045			
ENSG00000260081.2	AF274858.1	chrX	153599315	153613937			
ENSG00000217889.3	KRT18P48	chrX	153604497	153605348			
ENSG00000130829.18	DUSP9	chrX	153642492	153651326			
ENSG00000237793.3	RPL18AP16	chrX	153662162	153662692			
ENSG00000244335.3	RN7SL687P	chrX	153666226	153666510			
ENSG00000130822.16	PNCK	chrX	153669733	153689010			
ENSG00000130821.17	SLC6A8	chrX	153687926	153696588			
ENSG00000185825.17	BCAP31	chrX	153700492	153724565			
ENSG00000101986.12	ABCD1	chrX	153724856	153744755			
ENSG00000232725.1	U52111.1	chrX	153735626	153766478			
ENSG00000198753.12	PLXNB3	chrX	153764196	153779346			
ENSG00000184343.11	SRPK3	chrX	153776412	153785732			
ENSG00000067829.19	IDH3G	chrX	153785766	153794523			
ENSG00000180879.14	SSR4	chrX	153793516	153798499			
ENSG00000067840.12	PDZD4	chrX	153802166	153830565			
ENSG00000184844.6	CYCSP45	chrX	153841251	153841565			
ENSG00000198910.14	L1CAM	chrX	153861514	153886173			
ENSG00000284987.1	U52112.1	chrX	153872221	153909223			
ENSG00000273769.5	LCA10	chrX	153880672	153888990			
ENSG00000126895.15	AVPR2	chrX	153902531	153907166			
ENSG00000089820.16	ARHGAP4	chrX	153907367	153934999			
ENSG00000102030.16	NAA10	chrX	153929225	153935080			
ENSG00000102032.13	RENBP	chrX	153935269	153944687			
ENSG00000172534.14	HCFC1	chrX	153947557	153971818			
ENSG00000235802.1	HCFC1-AS1	chrX	153969325	153970087			
ENSG00000177854.8	TMEM187	chrX	153972754	153983194			
ENSG00000265176.1	MIR3202-1	chrX	153981097	153981177			
ENSG00000283694.1	MIR3202-2	chrX	153981098	153981176			
ENSG00000184216.14	IRAK1	chrX	154010506	154019902			
ENSG00000284286.1	MIR718	chrX	154019920	154019989			
ENSG00000169057.24	MECP2	chrX	154021573	154137103			
ENSG00000102076.10	OPN1LW	chrX	154144243	154159032			
ENSG00000277008.1	TEX28P2	chrX	154159357	154176349			
ENSG00000268221.6	OPN1MW	chrX	154182596	154196861			
ENSG00000274962.1	TEX28P1	chrX	154196471	154213487			
ENSG00000166160.9	OPN1MW2	chrX	154219756	154233286			
ENSG00000277009.1	AC244097.1	chrX	154233615	154251288			
ENSG00000269433.3	OPN1MW3	chrX	154257538	154271805			
ENSG00000278057.4	TEX28	chrX	154271265	154295853			
ENSG00000007350.17	TKTL1	chrX	154295795	154330350			
ENSG00000231830.1	AC245140.1	chrX	154333960	154335037			
ENSG00000196924.19	FLNA	chrX	154348524	154374634			
ENSG00000285018.1	AC245140.3	chrX	154374595	154376934			
ENSG00000102119.11	EMD	chrX	154379273	154381523			
ENSG00000147403.18	RPL10	chrX	154389955	154409168			
ENSG00000280195.1	AC245140.2	chrX	154396878	154398816			
ENSG00000207165.1	SNORA70	chrX	154400281	154400415			
ENSG00000013563.14	DNASE1L1	chrX	154401236	154412112			
ENSG00000102125.16	TAZ	chrX	154411524	154421726			
ENSG00000197180.2	CH17-340M24.3	chrX	154424380	154428479			
ENSG00000071553.18	ATP6AP1	chrX	154428633	154436516			
ENSG00000203879.12	GDI1	chrX	154436913	154443467			
ENSG00000071859.15	FAM50A	chrX	154444141	154450654			
ENSG00000276350.1	MIR6858	chrX	154450320	154450386			
ENSG00000130827.6	PLXNA3	chrX	154458281	154477779			
ENSG00000196976.7	LAGE3	chrX	154477769	154479257			
ENSG00000102178.13	UBL4A	chrX	154483717	154486615			
ENSG00000126903.16	SLC10A3	chrX	154487306	154490690			
ENSG00000264484.2	RN7SL697P	chrX	154495815	154496113			
ENSG00000071889.17	FAM3A	chrX	154506159	154516242			
ENSG00000261773.1	AC244090.2	chrX	154517840	154518631			
ENSG00000160211.19	G6PD	chrX	154531391	154547572			
ENSG00000269335.6	IKBKG	chrX	154541199	154565046			
ENSG00000279245.1	FAM223A	chrX	154571248	154571960			
ENSG00000273041.1	ATF4P2	chrX	154580926	154581998			
ENSG00000268651.3	CTAG1A	chrX	154585133	154586821			
ENSG00000232155.1	AC244090.1	chrX	154605858	154605950			
ENSG00000184033.13	CTAG1B	chrX	154617609	154619282			
ENSG00000273773.1	AC244107.2	chrX	154620096	154620171			
ENSG00000213338.3	ATF4P1	chrX	154622428	154623500			
ENSG00000272681.2	FAM223B	chrX	154632470	154633182			
ENSG00000275882.1	IKBKGP1	chrX	154639978	154648275			
ENSG00000126890.13	CTAG2	chrX	154651972	154653579			
ENSG00000226141.1	AC244107.1	chrX	154654546	154655325			
ENSG00000237619.2	OR3B1P	chrX	154658741	154659643			
ENSG00000160219.12	GAB3	chrX	154675249	154751583			
ENSG00000130826.18	DKC1	chrX	154762742	154777689			
ENSG00000206948.1	SNORA36A	chrX	154768528	154768659			
ENSG00000284450.1	MIR664B	chrX	154768596	154768656			
ENSG00000206693.1	SNORA56	chrX	154774998	154775126			
ENSG00000130830.15	MPP1	chrX	154778684	154821007			
ENSG00000229237.2	HMGN1P37	chrX	154817099	154817401			
ENSG00000203870.5	SMIM9	chrX	154823348	154834662			
ENSG00000185010.15	F8	chrX	154835788	155026940			
ENSG00000274183.2	H2AB1	chrX	154884972	154885558			
ENSG00000277203.1	F8A1	chrX	154886349	154888061			
ENSG00000221533.1	MIR1184-1	chrX	154887360	154887458			
ENSG00000224069.1	BX842559.1	chrX	154897561	154898092			
ENSG00000237859.2	EEF1A1P31	chrX	154908885	154919103			
ENSG00000233688.1	BX842559.2	chrX	154919578	154920182			
ENSG00000165775.18	FUNDC2	chrX	155025980	155060304			
ENSG00000288258.1	BX470111.1	chrX	155061622	155065519			
ENSG00000182712.16	CMC4	chrX	155061622	155071136			
ENSG00000214827.11	MTCP1	chrX	155064034	155147937			
ENSG00000185515.15	BRCC3	chrX	155071420	155123077			
ENSG00000235991.4	BX293995.1	chrX	155137111	155156503			
ENSG00000155959.12	VBP1	chrX	155197007	155239841			
ENSG00000224978.1	BX682237.1	chrX	155212921	155213638			
ENSG00000155961.5	RAB39B	chrX	155258235	155264491			
ENSG00000155962.13	CLIC2	chrX	155276211	155334657			
ENSG00000225008.1	AC234781.2	chrX	155290360	155291353			
ENSG00000228986.1	AC234781.3	chrX	155292169	155293432			
ENSG00000230491.1	AC234781.4	chrX	155310247	155310490			
ENSG00000224216.1	AC234781.1	chrX	155334858	155351957			
ENSG00000230578.3	AC234781.5	chrX	155348752	155349799			
ENSG00000277858.2	H2AB2	chrX	155380709	155381299			
ENSG00000274791.1	F8A2	chrX	155382115	155383230			
ENSG00000221190.1	MIR1184-2	chrX	155383100	155383198			
ENSG00000277150.2	F8A3	chrX	155456914	155458620			
ENSG00000221603.1	MIR1184-3	chrX	155457517	155457615			
ENSG00000277745.1	H2AB3	chrX	155459415	155460005			
ENSG00000224533.4	TMLHE-AS1	chrX	155466540	155611616			
ENSG00000225393.1	BX571846.1	chrX	155468286	155487046			
ENSG00000185973.12	TMLHE	chrX	155489011	155719098			
ENSG00000168939.12	SPRY3	chrX	155612572	155782459			
ENSG00000237801.6	AMD1P2	chrX	155828585	155829576			
ENSG00000237040.6	DPH3P2	chrX	155875636	155875885			
ENSG00000124333.16	VAMP7	chrX	155881345	155943769			
ENSG00000228410.6	ELOCP24	chrX	155978992	155979325			
ENSG00000223484.7	TRPC6P	chrX	155985370	155986249			
ENSG00000124334.17	IL9R	chrX	155997581	156010817			
ENSG00000270726.6	AJ271736.1	chrX	156004218	156022236			
ENSG00000185203.12	WASIR1	chrX	156014623	156016837			
ENSG00000182484.15	WASH6P	chrX	156020826	156025710			
ENSG00000227159.8	DDX11L16	chrX	156025664	156027877			
ENSG00000228572.7_PAR_Y	AL954722.1	chrY	253743	255091			
ENSG00000182378.14_PAR_Y	PLCXD1	chrY	276322	303356			
ENSG00000178605.13_PAR_Y	GTPBP6	chrY	304529	318819			
ENSG00000226179.6_PAR_Y	LINC00685	chrY	320990	321851			
ENSG00000167393.18_PAR_Y	PPP2R3B	chrY	333933	386955			
ENSG00000281849.3_PAR_Y	AL732314.10	chrY	386980	405579			
ENSG00000275287.5_PAR_Y	Metazoa_SRP	chrY	388100	388389			
ENSG00000280767.3_PAR_Y	AL732314.4	chrY	419157	421980			
ENSG00000234958.6_PAR_Y	FABP5P13	chrY	523775	524102			
ENSG00000229232.6_PAR_Y	KRT18P53	chrY	545236	545352			
ENSG00000185960.14_PAR_Y	SHOX	chrY	624344	659411			
ENSG00000237531.6_PAR_Y	AL672277.1	chrY	990221	994365			
ENSG00000225661.7_PAR_Y	RPL14P5	chrY	1008503	1010101			
ENSG00000205755.12_PAR_Y	CRLF2	chrY	1187549	1212723			
ENSG00000198223.17_PAR_Y	CSF2RA	chrY	1268800	1310381			
ENSG00000265658.6_PAR_Y	MIR3690	chrY	1293918	1293992			
ENSG00000223274.6_PAR_Y	RNA5SP498	chrY	1300256	1300375			
ENSG00000185291.12_PAR_Y	IL3RA	chrY	1336616	1382689			
ENSG00000169100.14_PAR_Y	SLC25A6	chrY	1386152	1392113			
ENSG00000236871.7_PAR_Y	LINC00106	chrY	1396427	1399402			
ENSG00000236017.8_PAR_Y	ASMTL-AS1	chrY	1401769	1414028			
ENSG00000169093.16_PAR_Y	ASMTL	chrY	1403139	1453762			
ENSG00000182162.11_PAR_Y	P2RY8	chrY	1462581	1537185			
ENSG00000197976.12_PAR_Y	AKAP17A	chrY	1591604	1602520			
ENSG00000196433.13_PAR_Y	ASMT	chrY	1615059	1643081			
ENSG00000223511.7_PAR_Y	AL683807.1	chrY	1732584	1763212			
ENSG00000234622.6_PAR_Y	AL683807.2	chrY	1767347	1768776			
ENSG00000169084.15_PAR_Y	DHRSX	chrY	2219506	2502805			
ENSG00000223571.6_PAR_Y	DHRSX-IT1	chrY	2334295	2336410			
ENSG00000214717.12_PAR_Y	ZBED1	chrY	2486414	2500976			
ENSG00000277120.5_PAR_Y	MIR6089	chrY	2609191	2609254			
ENSG00000223773.7_PAR_Y	CD99P1	chrY	2609348	2657229			
ENSG00000230542.6_PAR_Y	LINC00102	chrY	2612988	2615347			
ENSG00000002586.20_PAR_Y	CD99	chrY	2691187	2741309			
ENSG00000251841.1	RNU6-1334P	chrY	2784749	2784853			
ENSG00000184895.8	SRY	chrY	2786855	2787682			
ENSG00000237659.1	RNASEH2CP1	chrY	2789827	2790328			
ENSG00000232195.1	TOMM22P2	chrY	2827982	2828218			
ENSG00000286130.1	AC006040.1	chrY	2828192	2840851			
ENSG00000129824.16	RPS4Y1	chrY	2841602	2932000			
ENSG00000227289.2	HSFY3P	chrY	2881683	2890551			
ENSG00000229163.2	NAP1L1P2	chrY	2929001	2931120			
ENSG00000278847.1	AC006157.1	chrY	2934406	2934771			
ENSG00000067646.12	ZFY	chrY	2935281	2982506			
ENSG00000233070.1	ZFY-AS1	chrY	2966844	3002626			
ENSG00000223600.1	EEF1A1P41	chrY	2995067	2995273			
ENSG00000231535.7	LINC00278	chrY	3002887	3200509			
ENSG00000234652.1	AGPAT5P1	chrY	3293808	3294826			
ENSG00000216777.1	PRRC2CP1	chrY	3549652	3549810			
ENSG00000176679.9	TGIF2LY	chrY	3579067	3580041			
ENSG00000232927.1	USP12PY	chrY	3682805	3683868			
ENSG00000225653.1	RNF19BPY	chrY	3777997	3779546			
ENSG00000286050.1	AC012078.2	chrY	3786282	3864893			
ENSG00000218410.1	AC012078.1	chrY	3851224	3852869			
ENSG00000229518.1	UBE2V1P3	chrY	3866306	3866722			
ENSG00000229308.1	AC010737.1	chrY	4036497	4100320			
ENSG00000252900.1	RNU6-303P	chrY	4174985	4175090			
ENSG00000225878.1	SERBP1P2	chrY	4801685	4802848			
ENSG00000277930.1	AC010722.1	chrY	4993858	4999650			
ENSG00000099715.14	PCDH11Y	chrY	5000226	5742224			
ENSG00000252468.1	RNU2-57P	chrY	5019076	5019266			
ENSG00000231341.1	VDAC1P6	chrY	5207215	5208069			
ENSG00000235001.3	EIF4A1P2	chrY	5337745	5338964			
ENSG00000214207.2	KRT18P10	chrY	5573145	5574431			
ENSG00000278585.1	SNX3P1Y	chrY	5634480	5634655			
ENSG00000235175.1	RPL26P37	chrY	5793300	5793737			
ENSG00000285470.1	TUSC2P1	chrY	5887504	5888740			
ENSG00000237195.1	DLGAP5P1	chrY	6158802	6159265			
ENSG00000250204.2	TTTY23B	chrY	6242446	6245283			
ENSG00000168757.12	TSPY2	chrY	6246223	6249019			
ENSG00000234830.8	FAM197Y9	chrY	6256267	6265595			
ENSG00000238235.1	TSPY11P	chrY	6266593	6269275			
ENSG00000275352.1	AC006335.2	chrY	6273579	6274065			
ENSG00000234583.1	TSPY19P	chrY	6303957	6305074			
ENSG00000235094.3	AC006335.1	chrY	6306042	6308202			
ENSG00000223744.1	RBMY2GP	chrY	6328052	6343323			
ENSG00000229643.2	LINC00280	chrY	6357219	6369921			
ENSG00000129816.5	TTTY1B	chrY	6390431	6411564			
ENSG00000212856.6	TTTY2B	chrY	6406244	6462091			
ENSG00000237563.2	TTTY21B	chrY	6443434	6450685			
ENSG00000147753.9	TTTY7	chrY	6449468	6457906			
ENSG00000185700.10	TTTY8B	chrY	6470773	6473630			
ENSG00000235895.1	AC010154.1	chrY	6492976	6496757			
ENSG00000232620.1	TSPY17P	chrY	6520463	6520929			
ENSG00000224953.1	SRIP3	chrY	6718962	6719180			
ENSG00000274365.1	AC013412.1	chrY	6789153	6789344			
ENSG00000233634.1	GOT2P5	chrY	6837707	6838252			
ENSG00000099721.14	AMELY	chrY	6865918	6911774			
ENSG00000237701.1	ATP5PFP1	chrY	6900753	6901372			
ENSG00000092377.15	TBL1Y	chrY	6910686	7101970			
ENSG00000273906.1	AC011297.1	chrY	6918682	6920791			
ENSG00000232583.1	GPR143P	chrY	7100733	7106502			
ENSG00000099725.14	PRKY	chrY	7273972	7381548			
ENSG00000252633.1	RN7SKP282	chrY	7324297	7324595			
ENSG00000251996.1	Y_RNA	chrY	7341531	7341642			
ENSG00000252155.1	RNU6-941P	chrY	7378672	7378779			
ENSG00000252472.1	RNU6-521P	chrY	7423054	7423158			
ENSG00000275280.1	AC007274.3	chrY	7656968	7657352			
ENSG00000238073.1	RBMY2HP	chrY	7671743	7676024			
ENSG00000223422.1	AC007274.1	chrY	7678899	7681028			
ENSG00000236435.1	TSPY12P	chrY	7687739	7689548			
ENSG00000236690.2	AC007274.2	chrY	7690511	7692678			
ENSG00000234795.10	RFTN1P1	chrY	7694707	7810305			
ENSG00000237048.4	TTTY12	chrY	7803996	7810683			
ENSG00000278854.1	AC007275.1	chrY	7845485	7846454			
ENSG00000215603.4	ZNF92P1Y	chrY	7853686	7854876			
ENSG00000273863.1	AC010678.1	chrY	7905536	7907303			
ENSG00000244246.1	ZNF736P8Y	chrY	7913422	7914090			
ENSG00000229745.1	BPY2DP	chrY	7932997	7937640			
ENSG00000241200.1	ZNF736P7Y	chrY	7990987	7991806			
ENSG00000239893.2	ZNF736P9Y	chrY	8068445	8126293			
ENSG00000227204.1	RBMY2JP	chrY	8127130	8144203			
ENSG00000225809.1	RBMY2KP	chrY	8264449	8277188			
ENSG00000215601.3	TSPY24P	chrY	8280198	8282209			
ENSG00000224634.1	ZNF736P6Y	chrY	8350931	8352143			
ENSG00000223955.1	MTND6P1	chrY	8363536	8363959			
ENSG00000234179.1	MTCYBP1	chrY	8364032	8365150			
ENSG00000226529.1	MTND1P1	chrY	8371663	8372030			
ENSG00000234850.1	MTND2P3	chrY	8372241	8372710			
ENSG00000227830.1	TRIM60P3Y	chrY	8413037	8414054			
ENSG00000216824.2	ZNF736P10Y	chrY	8418791	8419900			
ENSG00000275866.1	AC016991.1	chrY	8517364	8517748			
ENSG00000286217.2	LINC00279	chrY	8550518	8713825			
ENSG00000233699.2	TTTY18	chrY	8682594	8700977			
ENSG00000232419.1	TTTY19	chrY	8704472	8705283			
ENSG00000180910.8	TTTY11	chrY	8783310	8817382			
ENSG00000228207.1	AC007967.2	chrY	8901203	8903276			
ENSG00000173357.12	AC007967.1	chrY	8906224	8916073			
ENSG00000273731.1	AC007967.4	chrY	8931069	8931454			
ENSG00000230025.1	AC007967.3	chrY	8971751	8974095			
ENSG00000231988.1	OFD1P3Y	chrY	9030594	9039988			
ENSG00000232235.1	CDY3P	chrY	9166085	9167702			
ENSG00000224408.1	USP9YP22	chrY	9183694	9185803			
ENSG00000238154.1	USP9YP4	chrY	9189629	9204611			
ENSG00000232924.1	ELOCP4	chrY	9230915	9231247			
ENSG00000197038.6	RBMY1A3P	chrY	9311130	9322869			
ENSG00000275310.1	AC006158.1	chrY	9325799	9326047			
ENSG00000232808.1	TTTY20	chrY	9329880	9334832			
ENSG00000233803.9	TSPY4	chrY	9337464	9340284			
ENSG00000225560.6	FAM197Y8	chrY	9347511	9356814			
ENSG00000229549.9	TSPY8	chrY	9357797	9360599			
ENSG00000228383.7	FAM197Y7	chrY	9367803	9375681			
ENSG00000286120.1	AC006158.2	chrY	9375129	9377121			
ENSG00000188656.8	TSPY7P	chrY	9378122	9380871			
ENSG00000237802.7	FAM197Y6	chrY	9388122	9396027			
ENSG00000286173.1	AC006158.3	chrY	9395475	9397467			
ENSG00000228927.10	TSPY3	chrY	9398421	9401223			
ENSG00000225516.7	FAM197Y5	chrY	9458613	9466003			
ENSG00000258992.7	TSPY1	chrY	9466955	9469749			
ENSG00000274196.5	FAM197Y4	chrY	9479053	9486313			
ENSG00000238074.5	TSPY9P	chrY	9487313	9489893			
ENSG00000230066.6	FAM197Y3	chrY	9497287	9506596			
ENSG00000270073.1	TSPY6P	chrY	9507596	9510175			
ENSG00000234803.8	FAM197Y2	chrY	9517599	9526926			
ENSG00000236424.7	TSPY10	chrY	9527880	9530682			
ENSG00000224336.2	FAM197Y1	chrY	9544917	9547147			
ENSG00000236786.1	TSPY15P	chrY	9548108	9550681			
ENSG00000231436.1	RBMY3AP	chrY	9610571	9621276			
ENSG00000234110.1	TSPY25P	chrY	9624183	9626352			
ENSG00000226223.1	TSPY16P	chrY	9640249	9640716			
ENSG00000232617.1	AC017019.1	chrY	9665229	9669010			
ENSG00000183385.9	TTTY8	chrY	9691100	9693957			
ENSG00000147761.8	TTTY7B	chrY	9706824	9715262			
ENSG00000228890.1	TTTY21	chrY	9717653	9721296			
ENSG00000212855.5	TTTY2	chrY	9740584	9758476			
ENSG00000129845.5	TTTY1	chrY	9753156	9774289			
ENSG00000224075.2	TTTY22	chrY	9784372	9833895			
ENSG00000228379.1	AC010891.1	chrY	9813315	9817513			
ENSG00000229208.1	RBMY2NP	chrY	9831418	9846696			
ENSG00000274445.1	AC006986.1	chrY	9868462	9868702			
ENSG00000231874.3	TSPY18P	chrY	9869664	9870781			
ENSG00000187657.6	TSPY13P	chrY	9905595	9908139			
ENSG00000239225.1	TTTY23	chrY	9910798	9911962			
ENSG00000234950.1	RBMY2OP	chrY	9951553	9959423			
ENSG00000236718.4	RBMY2QP	chrY	9954532	10035299			
ENSG00000243643.1	TSPY20P	chrY	10036195	10038375			
ENSG00000225685.1	TSPY5P	chrY	10066554	10069151			
ENSG00000278478.1	AC006987.1	chrY	10070131	10070409			
ENSG00000251766.1	RNA5SP518	chrY	10090410	10090528			
ENSG00000252289.1	RNA5SP519	chrY	10092875	10092993			
ENSG00000231411.1	DUX4L31	chrY	10171590	10172725			
ENSG00000226061.1	PCMTD1P1	chrY	10173853	10174207			
ENSG00000237447.1	CDC27P2	chrY	10190377	10192298			
ENSG00000225840.2	AC010970.1	chrY	10197256	10199103			
ENSG00000251705.1	RNA5-8SP6	chrY	10200155	10200306			
ENSG00000273858.1	AC140113.4	chrY	11042722	11042943			
ENSG00000273693.1	CDRT15P10	chrY	11085476	11086061			
ENSG00000271365.1	AC140113.3	chrY	11107065	11107263			
ENSG00000271309.1	AC140113.2	chrY	11107389	11107596			
ENSG00000270570.1	AC140113.1	chrY	11107719	11107887			
ENSG00000274231.1	AC134878.1	chrY	11144250	11144492			
ENSG00000278212.2	AC134878.2	chrY	11153858	11215026			
ENSG00000274502.1	ANKRD20A6P	chrY	11173618	11173821			
ENSG00000274162.1	SNX18P1Y	chrY	11178306	11178816			
ENSG00000258567.1	DUX4L16	chrY	11306918	11308181			
ENSG00000259154.1	DUX4L17	chrY	11314921	11316187			
ENSG00000259029.1	DUX4L18	chrY	11321557	11322823			
ENSG00000258991.1	DUX4L19	chrY	11332329	11333595			
ENSG00000270455.1	PABPC1P5	chrY	11335627	11337693			
ENSG00000183704.7	SLC9B1P1	chrY	11340579	11385687			
ENSG00000270242.1	ACTR3BP1	chrY	11395699	11397076			
ENSG00000275828.1	CHEK2P1	chrY	11412548	11418716			
ENSG00000225433.3	MTND1P12	chrY	11445418	11445564			
ENSG00000224567.2	AC134879.1	chrY	11445708	11446101			
ENSG00000271375.1	AC134879.2	chrY	11473727	11474237			
ENSG00000234385.1	RCC2P1	chrY	11781052	11782527			
ENSG00000215583.3	ASS1P6	chrY	11922536	11923769			
ENSG00000235649.2	MXRA5Y	chrY	11957208	11987386			
ENSG00000206159.11	GYG2P1	chrY	12088010	12421587			
ENSG00000236477.1	RPS24P1	chrY	12244752	12245457			
ENSG00000232226.2	ARSFP1	chrY	12252321	12258033			
ENSG00000243980.3	RN7SL702P	chrY	12273473	12273764			
ENSG00000232730.1	FAM8A4P	chrY	12321623	12322835			
ENSG00000224060.3	ARSLP1	chrY	12339813	12347495			
ENSG00000225117.2	ARSDP1	chrY	12354096	12387328			
ENSG00000227447.1	XGY1	chrY	12440046	12507369			
ENSG00000114374.13	USP9Y	chrY	12537650	12860839			
ENSG00000226863.1	SHROOM2P1	chrY	12537773	12544883			
ENSG00000233774.1	MED14P1	chrY	12618983	12634402			
ENSG00000286009.2	AC244213.1	chrY	12661309	12663478			
ENSG00000228411.1	CDY4P	chrY	12801973	12803830			
ENSG00000067048.17	DDX3Y	chrY	12904108	12920478			
ENSG00000234059.1	CASKP1	chrY	12930165	12948182			
ENSG00000224035.1	SFPQP1	chrY	13083790	13095805			
ENSG00000235462.1	TAB3P1	chrY	13153931	13162214			
ENSG00000223915.1	DPPA2P1	chrY	13230884	13231439			
ENSG00000183878.15	UTY	chrY	13248379	13480673			
ENSG00000215414.4	PSMA6P1	chrY	13286638	13287378			
ENSG00000154620.6	TMSB4Y	chrY	13703899	13706024			
ENSG00000241859.7	ANOS2P	chrY	13703902	13915824			
ENSG00000129864.6	VCY	chrY	13985772	13986513			
ENSG00000129862.7	VCY1B	chrY	14056227	14056958			
ENSG00000235451.1	PNPLA4P1	chrY	14081075	14086600			
ENSG00000223517.1	AC010723.1	chrY	14276212	14277489			
ENSG00000165246.14	NLGN4Y	chrY	14522573	14845650			
ENSG00000226555.1	AGKP1	chrY	14639096	14640358			
ENSG00000228787.1	NLGN4Y-AS1	chrY	14793642	14804033			
ENSG00000236131.1	MED13P1	chrY	14907898	14908068			
ENSG00000227949.1	CYCSP46	chrY	14941547	14941750			
ENSG00000224518.2	AC006989.1	chrY	14941746	14942715			
ENSG00000234620.1	PUDPP1	chrY	15348662	15456074			
ENSG00000227166.1	STSP1	chrY	15547216	15593331			
ENSG00000252689.1	AC011749.1	chrY	16138248	16138379			
ENSG00000252173.1	RNU6-109P	chrY	16248935	16249041			
ENSG00000252323.1	RNU6-184P	chrY	16336283	16336389			
ENSG00000286201.1	AC011751.1	chrY	16599730	16644539			
ENSG00000228518.1	SURF6P1	chrY	17192826	17193652			
ENSG00000271595.1	ELOCP35	chrY	17464879	17465214			
ENSG00000224989.2	FAM41AY1	chrY	17500958	17515018			
ENSG00000283076.1	AC015978.2	chrY	17514502	17516715			
ENSG00000228578.1	TUBB1P2	chrY	17516836	17519038			
ENSG00000230663.1	FAM224B	chrY	17552800	17579754			
ENSG00000252315.1	RNA5SP520	chrY	17557864	17557976			
ENSG00000252012.1	RNA5SP521	chrY	17559774	17559889			
ENSG00000273966.1	AC015978.1	chrY	17568962	17569051			
ENSG00000238191.3	CLUHP1	chrY	17621259	17625832			
ENSG00000226353.1	TAF9P1	chrY	17628513	17629402			
ENSG00000275578.1	AC007742.1	chrY	17705968	17708185			
ENSG00000226449.1	CDY5P	chrY	17721598	17723177			
ENSG00000225896.1	ELOCP36	chrY	17726752	17727080			
ENSG00000224166.1	PRYP1	chrY	17729528	17744596			
ENSG00000229129.1	ACTG1P2	chrY	17757001	17758125			
ENSG00000250868.4	XKRY	chrY	17768980	17777400			
ENSG00000223555.1	USP9YP23	chrY	17782210	17784815			
ENSG00000235521.1	USP9YP27	chrY	17788315	17789484			
ENSG00000252513.1	RNU1-128P	chrY	17789003	17789162			
ENSG00000224964.1	TRAPPC2P3	chrY	17797983	17800696			
ENSG00000226011.1	OFD1P1Y	chrY	17809807	17825329			
ENSG00000225740.1	ELOCP6	chrY	17837201	17837528			
ENSG00000129873.7	CDY2B	chrY	17877410	17880220			
ENSG00000229138.1	CDY6P	chrY	17882099	17883708			
ENSG00000224485.1	USP9YP7	chrY	17908755	17910806			
ENSG00000226116.1	USP9YP6	chrY	17912699	17921630			
ENSG00000237558.1	CDY7P	chrY	17951589	17953500			
ENSG00000233378.1	USP9YP34	chrY	17984349	17993260			
ENSG00000237616.1	USP9YP32	chrY	17995201	17997252			
ENSG00000224033.1	CDY8P	chrY	18022299	18023908			
ENSG00000182415.10	CDY2A	chrY	18025787	18028597			
ENSG00000230412.1	ELOCP12	chrY	18068483	18068810			
ENSG00000226611.2	OFD1P2Y	chrY	18080681	18096202			
ENSG00000225895.1	TRAPPC2P8	chrY	18105314	18108102			
ENSG00000233120.1	USP9YP15	chrY	18116527	18117695			
ENSG00000252166.1	RNU1-95P	chrY	18116848	18117007			
ENSG00000232744.1	USP9YP16	chrY	18121195	18123799			
ENSG00000244646.4	XKRY2	chrY	18128610	18137029			
ENSG00000229465.1	ACTG1P11	chrY	18147884	18149008			
ENSG00000231311.1	PRYP2	chrY	18161366	18176484			
ENSG00000236599.1	ELOCP26	chrY	18178932	18179260			
ENSG00000232899.1	CDY9P	chrY	18182835	18184414			
ENSG00000229302.1	TAF9P2	chrY	18276607	18277495			
ENSG00000228945.3	CLUHP2	chrY	18280178	18284761			
ENSG00000233522.1	FAM224A	chrY	18326253	18353210			
ENSG00000278391.1	AC007241.1	chrY	18336960	18337049			
ENSG00000251953.1	RNA5SP522	chrY	18346123	18346238			
ENSG00000252667.1	RNA5SP523	chrY	18348035	18348147			
ENSG00000249726.1	TUBB1P1	chrY	18386974	18389151			
ENSG00000282909.2	AC007241.2	chrY	18389297	18405046			
ENSG00000226362.2	FAM41AY2	chrY	18390994	18405046			
ENSG00000225716.1	ELOCP13	chrY	18440797	18441125			
ENSG00000229406.1	OFD1P4Y	chrY	18453150	18472137			
ENSG00000227494.2	USP9YP14	chrY	18481087	18487400			
ENSG00000252209.1	RNU1-48P	chrY	18486511	18486672			
ENSG00000249634.1	USP9YP5	chrY	18490915	18494295			
ENSG00000251510.1	AC022486.1	chrY	18491740	18547698			
ENSG00000238067.1	XKRYP1	chrY	18508577	18509068			
ENSG00000233546.1	PRYP5	chrY	18529358	18529623			
ENSG00000230377.1	ELOCP7	chrY	18532326	18532656			
ENSG00000250951.1	USP9YP1	chrY	18540980	18544128			
ENSG00000172468.14	HSFY1	chrY	18546691	18588963			
ENSG00000230458.1	GPM6BP1	chrY	18578417	18578560			
ENSG00000131007.9	TTTY9B	chrY	18581206	18590521			
ENSG00000240438.2	OFD1P5Y	chrY	18582063	18629077			
ENSG00000235479.1	RAB9AP4	chrY	18649671	18650279			
ENSG00000249606.1	TRAPPC2P7	chrY	18655520	18656190			
ENSG00000242153.7	OFD1P6Y	chrY	18674033	18739197			
ENSG00000169953.12	HSFY2	chrY	18731440	18773735			
ENSG00000236429.1	GPM6BP2	chrY	18741843	18741986			
ENSG00000176728.10	TTTY14	chrY	18772706	19077416			
ENSG00000249501.1	USP9YP2	chrY	18776279	18779427			
ENSG00000228193.1	ELOCP14	chrY	18787750	18788080			
ENSG00000248573.1	PRYP6	chrY	18790709	18791051			
ENSG00000230904.1	XKRYP2	chrY	18811338	18811829			
ENSG00000238135.1	USP9YP10	chrY	18826107	18829487			
ENSG00000224151.1	USP9YP28	chrY	18833002	18839313			
ENSG00000251970.1	RNU1-41P	chrY	18833729	18833890			
ENSG00000238088.1	OFD1P7Y	chrY	18848264	18867280			
ENSG00000217179.1	MTCYBP2	chrY	18872102	18872272			
ENSG00000217896.2	ZNF839P1	chrY	18985175	18986398			
ENSG00000185275.6	CD24P4	chrY	18992467	18992709			
ENSG00000252766.1	RNU6-255P	chrY	19018983	19019087			
ENSG00000274282.1	AC010133.1	chrY	19253960	19260875			
ENSG00000234529.2	GAPDHP19	chrY	19327569	19328573			
ENSG00000215580.11	BCORP1	chrY	19455431	19567092			
ENSG00000131002.12	TXLNGY	chrY	19567313	19606274			
ENSG00000267793.1	AC009977.1	chrY	19598188	19598757			
ENSG00000260197.1	AC010889.1	chrY	19691941	19694606			
ENSG00000012817.16	KDM5D	chrY	19703865	19744939			
ENSG00000288049.1	AC010889.2	chrY	19744756	19759978			
ENSG00000274837.1	AC009233.1	chrY	19932130	19932500			
ENSG00000237997.1	RCC2P2	chrY	19986575	19987852			
ENSG00000232522.1	ZNF886P	chrY	20001185	20012204			
ENSG00000228764.1	ZNF885P	chrY	20390051	20396796			
ENSG00000229236.3	TTTY10	chrY	20464916	20575519			
ENSG00000277438.1	KDM5DP1	chrY	20570222	20570519			
ENSG00000198692.10	EIF1AY	chrY	20575776	20593154			
ENSG00000286247.1	AC009494.2	chrY	20725331	20734526			
ENSG00000225624.1	TBL1YP1	chrY	20727254	20742900			
ENSG00000280969.2	RPS4Y2	chrY	20756108	20781032			
ENSG00000224482.1	HSFY4P	chrY	20808776	20811809			
ENSG00000216844.1	AC009494.1	chrY	20843256	20843710			
ENSG00000229551.2	GAPDHP17	chrY	20861337	20862337			
ENSG00000226504.1	TMEM167AP1	chrY	20907344	20907562			
ENSG00000254488.1	AC007876.1	chrY	21038289	21044724			
ENSG00000237427.1	TOMM22P1	chrY	21130870	21131181			
ENSG00000232634.1	NEFLP1	chrY	21221106	21222089			
ENSG00000226918.1	AC010086.1	chrY	21311268	21318895			
ENSG00000183146.4	PRORY	chrY	21382954	21386360			
ENSG00000223637.7	RBMY2EP	chrY	21394991	21401585			
ENSG00000236615.1	AC010086.2	chrY	21405770	21405995			
ENSG00000288057.1	AC010086.3	chrY	21424028	21456216			
ENSG00000237269.1	RBMY2TP	chrY	21430697	21437245			
ENSG00000169849.8	TSPY14P	chrY	21468158	21470683			
ENSG00000169811.8	RBMY1HP	chrY	21493519	21501968			
ENSG00000242393.1	AC010141.2	chrY	21508299	21510470			
ENSG00000242875.6	RBMY1B	chrY	21511338	21549094			
ENSG00000234414.7	RBMY1A1	chrY	21511372	21549326			
ENSG00000228257.1	AC010141.1	chrY	21531839	21534011			
ENSG00000184991.3	TTTY13	chrY	21565092	21605081			
ENSG00000271123.1	ELOCP5	chrY	21631683	21632015			
ENSG00000226042.1	CDY10P	chrY	21637475	21639041			
ENSG00000237023.1	USP9YP3	chrY	21661926	21674008			
ENSG00000229416.1	USP9YP8	chrY	21677246	21681118			
ENSG00000230029.1	CDY11P	chrY	21696570	21698220			
ENSG00000277519.1	OFD1P16Y	chrY	21817579	21818218			
ENSG00000286187.1	AC024236.1	chrY	21825441	21846721			
ENSG00000229725.1	AC007322.2	chrY	21871331	21873550			
ENSG00000244395.6	RBMY1D	chrY	21880076	21894526			
ENSG00000251618.1	AC007322.4	chrY	21895394	21897559			
ENSG00000242389.8	RBMY1E	chrY	21903618	21918067			
ENSG00000227444.1	AC007322.1	chrY	21918935	21921106			
ENSG00000226092.4	RBMY2AP	chrY	21927521	21937150			
ENSG00000237968.1	AC007322.3	chrY	21940012	21941593			
ENSG00000231159.1	OFD1P8Y	chrY	21972313	22005349			
ENSG00000232475.1	HSFY5P	chrY	22048554	22049347			
ENSG00000229553.1	USP9YP17	chrY	22049755	22058113			
ENSG00000228850.1	CDY12P	chrY	22064698	22065712			
ENSG00000232029.1	ELOCP15	chrY	22068820	22069151			
ENSG00000169807.10	PRY2	chrY	22071756	22096007			
ENSG00000236951.5	AC007359.1	chrY	22100814	22147484			
ENSG00000131548.7	TTTY6B	chrY	22144966	22146831			
ENSG00000169800.14	RBMY1F	chrY	22168542	22182982			
ENSG00000229159.1	TSPY23P	chrY	22183850	22186021			
ENSG00000225615.1	RBMY2UP	chrY	22198429	22203712			
ENSG00000229234.1	RBMY1KP	chrY	22209331	22216580			
ENSG00000215560.2	TTTY5	chrY	22296798	22298876			
ENSG00000229940.1	TSPY22P	chrY	22305925	22307951			
ENSG00000243040.6	RBMY2FP	chrY	22308859	22321825			
ENSG00000259247.1	TTTY25P	chrY	22330452	22332500			
ENSG00000237902.1	TSPY21P	chrY	22400403	22402568			
ENSG00000226941.8	RBMY1J	chrY	22403461	22417881			
ENSG00000235059.5	AC008175.1	chrY	22438940	22485592			
ENSG00000131538.7	TTTY6	chrY	22439593	22441458			
ENSG00000169789.10	PRY	chrY	22490397	22514637			
ENSG00000234131.1	ELOCP8	chrY	22517242	22517573			
ENSG00000224873.1	CDY13P	chrY	22520681	22521695			
ENSG00000230814.1	USP9YP24	chrY	22528281	22536639			
ENSG00000228571.1	HSFY7P	chrY	22537047	22537849			
ENSG00000230476.1	OFD1P9Y	chrY	22580989	22614081			
ENSG00000273589.1	AC008175.2	chrY	22646031	22646327			
ENSG00000224657.9	RBMY2BP	chrY	22649245	22658878			
ENSG00000224917.1	AC016694.1	chrY	22670616	22672859			
ENSG00000230727.1	RBMY2WP	chrY	22762851	22769787			
ENSG00000228240.1	TTTY17A	chrY	22851584	22852715			
ENSG00000276829.1	AC016911.1	chrY	22861112	22861834			
ENSG00000215537.3	ZNF736P11Y	chrY	22866544	22867756			
ENSG00000226906.1	TTTY4	chrY	22936455	22973284			
ENSG00000183753.10	BPY2	chrY	22973819	23005465			
ENSG00000244000.1	AC006366.1	chrY	23017063	23017821			
ENSG00000232764.1	TRIM60P8Y	chrY	23025594	23026663			
ENSG00000233126.3	ZNF736P3Y	chrY	23049247	23051195			
ENSG00000227251.1	TRIM60P9Y	chrY	23058030	23059186			
ENSG00000188120.14	DAZ1	chrY	23129355	23199094			
ENSG00000205944.11	DAZ2	chrY	23219434	23291356			
ENSG00000205936.3	PPP1R12BP2	chrY	23379484	23392697			
ENSG00000251925.1	SNORA70	chrY	23423099	23423236			
ENSG00000286744.1	AC009947.3	chrY	23435905	23436006			
ENSG00000225189.1	REREP1Y	chrY	23462465	23472280			
ENSG00000230073.1	AC009947.1	chrY	23523321	23525369			
ENSG00000215540.10	RBMY2CP	chrY	23537308	23546942			
ENSG00000236647.1	AC009947.2	chrY	23549809	23551385			
ENSG00000225466.1	OFD1P10Y	chrY	23581595	23614640			
ENSG00000224169.1	HSFY6P	chrY	23657839	23659058			
ENSG00000223407.1	USP9YP18	chrY	23659466	23667822			
ENSG00000226873.1	CDY14P	chrY	23674379	23675392			
ENSG00000227915.1	ELOCP16	chrY	23678504	23678835			
ENSG00000169763.15	PRYP3	chrY	23681440	23694579			
ENSG00000236620.1	XKRYP3	chrY	23715922	23726808			
ENSG00000224866.1	USP9YP25	chrY	23734193	23736249			
ENSG00000232424.1	USP9YP29	chrY	23740258	23746693			
ENSG00000252681.1	RNU1-97P	chrY	23740942	23741105			
ENSG00000232910.1	RAB9AP1	chrY	23751188	23751760			
ENSG00000232845.1	TRAPPC2P9	chrY	23762838	23765583			
ENSG00000237302.1	OFD1P11Y	chrY	23771232	23798150			
ENSG00000231540.1	ELOCP9	chrY	23808821	23809059			
ENSG00000223362.1	CDY15P	chrY	23855522	23857091			
ENSG00000231026.1	XKRYP4	chrY	23917241	23917723			
ENSG00000224571.1	USP9YP13	chrY	23919905	23921510			
ENSG00000226369.1	USP9YP11	chrY	23934953	23940101			
ENSG00000280961.1	TTTY3B	chrY	23936727	23941622			
ENSG00000227871.1	USP9YP12	chrY	23945927	23952293			
ENSG00000251917.1	RNU1-86P	chrY	23946618	23946771			
ENSG00000231423.1	RAB9AP5	chrY	23956569	23960218			
ENSG00000228465.1	TRAPPC2P10	chrY	23967564	23970694			
ENSG00000232585.1	OFD1P12Y	chrY	23972780	23995081			
ENSG00000234081.1	ELOCP10	chrY	24006911	24007237			
ENSG00000172352.5	CDY1B	chrY	24045229	24048019			
ENSG00000231375.1	CDY17P	chrY	24049878	24051487			
ENSG00000237467.1	USP9YP35	chrY	24077799	24079812			
ENSG00000229250.1	USP9YP31	chrY	24081704	24090346			
ENSG00000232205.1	CDY18P	chrY	24104107	24106018			
ENSG00000235981.2	AC023274.2	chrY	24142358	24157843			
ENSG00000223698.3	GOLGA6L11P	chrY	24168187	24174494			
ENSG00000242854.1	DNM1P24	chrY	24179316	24183505			
ENSG00000230977.1	AC023274.1	chrY	24182477	24183071			
ENSG00000244231.1	CSPG4P2Y	chrY	24183434	24187231			
ENSG00000172342.5	CSPG4P3Y	chrY	24186509	24191870			
ENSG00000284071.1	AC012005.2	chrY	24196518	24206132			
ENSG00000239533.6	GOLGA2P2Y	chrY	24209567	24215581			
ENSG00000274234.1	RN7SL818P	chrY	24210958	24211216			
ENSG00000225491.1	UBE2Q2P4Y	chrY	24232826	24238984			
ENSG00000224827.1	LINC00265-2P	chrY	24276245	24277026			
ENSG00000233740.1	CICP2	chrY	24278337	24281140			
ENSG00000248792.2	LINC00266-2P	chrY	24283062	24283230			
ENSG00000279274.2	AC012005.1	chrY	24362335	24362409			
ENSG00000234399.1	RBMY2XP	chrY	24396604	24403526			
ENSG00000227439.1	TTTY17B	chrY	24485332	24486463			
ENSG00000224210.1	TRIM60P5Y	chrY	24494709	24495583			
ENSG00000232003.2	ZNF736P12Y	chrY	24500263	24501505			
ENSG00000235412.1	TTTY4B	chrY	24570202	24607025			
ENSG00000183795.8	BPY2B	chrY	24607560	24639207			
ENSG00000240566.1	AC010153.1	chrY	24650808	24651534			
ENSG00000232976.1	TRIM60P10Y	chrY	24659337	24660406			
ENSG00000226270.3	ZNF736P2Y	chrY	24683657	24684935			
ENSG00000227837.1	TRIM60P11Y	chrY	24691791	24692932			
ENSG00000187191.14	DAZ3	chrY	24763069	24813492			
ENSG00000205916.11	DAZ4	chrY	24833843	24907040			
ENSG00000278602.1	AC006338.2	chrY	24977176	24978317			
ENSG00000223978.1	ZNF736P1Y	chrY	24985201	24986476			
ENSG00000278197.1	AC006338.1	chrY	25009700	25010769			
ENSG00000230819.1	ZNF736P5Y	chrY	25018499	25019303			
ENSG00000185894.8	BPY2C	chrY	25030901	25062548			
ENSG00000228296.1	TTTY4C	chrY	25063083	25099892			
ENSG00000236379.2	ZNF736P4Y	chrY	25168599	25169841			
ENSG00000274899.1	AC006386.1	chrY	25174520	25175237			
ENSG00000223641.2	TTTY17C	chrY	25182277	25213389			
ENSG00000227633.1	RBMY2YP	chrY	25266584	25273531			
ENSG00000279115.2	AC006386.2	chrY	25307729	25307803			
ENSG00000228786.5	LINC00266-4P	chrY	25378300	25394719			
ENSG00000233652.1	CICP1	chrY	25388992	25391811			
ENSG00000233944.1	LINC00265-3P	chrY	25393154	25394056			
ENSG00000223636.1	UBE2Q2P5Y	chrY	25431156	25437315			
ENSG00000172297.7	GOLGA2P3Y	chrY	25454561	25460572			
ENSG00000278242.1	RN7SL725P	chrY	25458926	25459184			
ENSG00000284380.1	AC006328.2	chrY	25464006	25473621			
ENSG00000172294.7	CSPG4P4Y	chrY	25478269	25483630			
ENSG00000240450.1	CSPG4P1Y	chrY	25482908	25486705			
ENSG00000239304.1	DNM1P48	chrY	25486640	25487322			
ENSG00000233619.1	AC006328.1	chrY	25487284	25487662			
ENSG00000197092.5	GOLGA6L16P	chrY	25495651	25501958			
ENSG00000235583.2	AC007562.1	chrY	25512301	25527786			
ENSG00000237823.1	CDY19P	chrY	25564122	25566033			
ENSG00000229709.1	USP9YP36	chrY	25579790	25588444			
ENSG00000232064.1	USP9YP33	chrY	25590323	25592345			
ENSG00000225609.1	CDY20P	chrY	25618644	25620253			
ENSG00000172288.7	CDY1	chrY	25622162	25624902			
ENSG00000270535.1	ELOCP34	chrY	25662900	25663226			
ENSG00000225287.1	OFD1P13Y	chrY	25675060	25697346			
ENSG00000225256.1	TRAPPC2P5	chrY	25699451	25702562			
ENSG00000223856.1	RAB9AP2	chrY	25709908	25713557			
ENSG00000235004.1	USP9YP30	chrY	25723016	25724186			
ENSG00000252426.1	RNU1-107P	chrY	25723342	25723495			
ENSG00000231141.1	TTTY3	chrY	25728490	25733388			
ENSG00000232614.1	USP9YP9	chrY	25730011	25735160			
ENSG00000225326.1	USP9YP19	chrY	25748596	25750206			
ENSG00000223406.1	XKRYP5	chrY	25752388	25752870			
ENSG00000229343.1	CDY22P	chrY	25813013	25814566			
ENSG00000232695.1	ELOCP17	chrY	25860943	25861268			
ENSG00000235511.1	OFD1P18Y	chrY	25871931	25898653			
ENSG00000232914.1	TRAPPC2P4	chrY	25904518	25907250			
ENSG00000223655.1	RAB9AP3	chrY	25918323	25918895			
ENSG00000230854.1	USP9YP20	chrY	25923388	25929826			
ENSG00000252625.1	RNU1-40P	chrY	25928979	25929142			
ENSG00000227635.1	USP9YP21	chrY	25933833	25935881			
ENSG00000237546.1	XKRYP6	chrY	25943268	25954152			
ENSG00000172283.10	PRYP4	chrY	25975549	25988069			
ENSG00000227867.1	ELOCP11	chrY	25991241	25991572			
ENSG00000231716.1	CDY23P	chrY	25994684	25995697			
ENSG00000234744.1	USP9YP26	chrY	26002254	26008856			
ENSG00000233156.1	HSFY8P	chrY	26011435	26012237			
ENSG00000234888.1	OFD1P15Y	chrY	26055779	26088493			
ENSG00000215507.10	RBMY2DP	chrY	26123674	26133308			
ENSG00000235014.1	REREP2Y	chrY	26198331	26208148			
ENSG00000225876.1	AC024067.1	chrY	26244351	26244573			
ENSG00000251796.1	SNORA70	chrY	26247384	26247521			
ENSG00000229238.3	PPP1R12BP1	chrY	26277923	26354418			
ENSG00000252948.1	RNU6-1314P	chrY	26360989	26361092			
ENSG00000233843.1	CYCSP48	chrY	26400611	26401230			
ENSG00000188399.5	ANKRD36P1	chrY	26409815	26420535			
ENSG00000277146.1	AC013734.1	chrY	26453982	26454092			
ENSG00000215506.5	TPTE2P4	chrY	26508213	26579690			
ENSG00000224240.1	CYCSP49	chrY	26549425	26549743			
ENSG00000227629.1	SLC25A15P1	chrY	26586642	26591601			
ENSG00000237917.1	PARP4P1	chrY	26594851	26634652			
ENSG00000231514.1	CCNQP2	chrY	26626520	26627159			
ENSG00000235857.1	CTBP2P1	chrY	56855244	56855488			
ENSG00000237801.6_PAR_Y	AMD1P2	chrY	57015105	57016096			
ENSG00000237040.6_PAR_Y	DPH3P2	chrY	57062156	57062405			
ENSG00000124333.16_PAR_Y	VAMP7	chrY	57067865	57130289			
ENSG00000228410.6_PAR_Y	ELOCP24	chrY	57165512	57165845			
ENSG00000223484.7_PAR_Y	TRPC6P	chrY	57171890	57172769			
ENSG00000124334.17_PAR_Y	IL9R	chrY	57184101	57197337			
ENSG00000270726.6_PAR_Y	AJ271736.1	chrY	57190738	57208756			
ENSG00000185203.12_PAR_Y	WASIR1	chrY	57201143	57203357			
ENSG00000182484.15_PAR_Y	WASH6P	chrY	57207346	57212230			
ENSG00000227159.8_PAR_Y	DDX11L16	chrY	57212184	57214397			
